Nodes: 512, Edges: 729


28 91 182 183 
493 493 
454 454 
34 48 48 50 88 88 184 184 184 225 225 255 273 273 273 279 354 400 441 443 443 443 458 475 
404 404 
233 271 327 
196 196 373 
271 271 
476 476 476 496 

202 355 355 
76 
117 117 184 
182 182 444 444 
41 184 184 
455 

104 
330 
31 
108 115 331 331 331 389 389 414 461 
171 171 290 


408 408 
168 346 346 
2 178 183 183 183 
56 56 
222 
21 184 315 354 354 486 489 
184 
67 67 
5 
222 309 309 413 413 
372 372 372 


159 163 219 231 231 241 302 330 402 402 405 477 485 
192 236 249 249 
16 85 137 160 184 184 354 354 399 399 445 445 492 
323 
193 
137 
413 439 
64 381 395 
76 346 459 
5 5 

5 
490 490 
184 184 
225 
299 299 
93 
29 29 191 304 446 
415 415 415 

444 444 
104 236 
81 359 
241 330 
383 463 
46 381 
193 362 416 416 
141 
33 33 192 347 347 
169 296 
236 236 236 344 
184 184 246 258 

89 89 358 466 
94 315 

383 
13 47 107 107 109 109 162 184 186 196 199 208 228 228 242 245 245 314 314 322 346 413 423 423 440 456 456 478 509 
413 
456 

314 314 
61 184 184 289 394 495 
142 143 143 
236 236 236 236 
312 312 312 
41 312 312 
198 386 508 
306 408 408 
5 5 504 
72 72 
358 
2 
182 404 
55 
73 315 

321 

420 441 441 
462 462 462 462 
197 476 
378 
117 136 136 
146 146 146 379 379 379 
19 60 236 236 507 507 
184 184 
190 
76 76 
22 414 
76 76 199 199 199 
401 
340 340 
184 

367 
22 
415 
14 14 102 125 125 135 136 184 236 
364 364 
122 222 413 413 
489 

119 
468 468 
387 454 
117 117 
185 185 
480 
220 448 
236 236 
389 
454 
413 413 413 

354 354 380 
117 
102 102 117 
41 44 
236 
294 381 

66 358 
82 389 389 
82 82 

339 
103 103 103 
236 236 344 
236 
250 
408 408 
354 354 
213 292 
325 325 
374 374 
494 494 494 
450 450 
233 
194 271 
39 188 188 205 219 219 219 219 219 257 305 305 402 428 433 469 469 477 511 
41 272 312 498 498 
413 
76 
39 

329 


27 
68 371 

23 23 290 


222 222 335 362 376 376 
413 
247 247 
283 283 415 
28 183 183 

222 
367 
2 15 15 92 220 363 404 
2 28 28 28 178 178 
5 5 5 14 16 16 31 32 41 41 52 52 70 70 76 81 81 105 105 112 117 213 236 236 236 258 258 260 284 284 291 291 292 307 315 324 324 338 338 345 354 354 366 396 415 415 451 456 465 484 488 488 490 490 
126 126 473 
76 245 440 

159 159 477 

106 
56 267 267 285 304 304 446 446 
40 67 236 281 
43 65 286 413 479 
158 
471 471 
8 8 76 200 200 290 290 350 373 373 373 
100 
86 508 508 
76 109 109 109 337 
196 196 

12 
271 

159 
274 

76 
328 328 
309 309 
460 460 460 
233 
152 184 
314 
314 314 467 467 


271 271 
39 159 159 159 159 159 402 454 
128 182 

30 35 119 174 174 180 314 314 314 413 483 
329 
313 313 350 
5 5 53 259 377 393 393 441 458 

305 305 343 392 392 477 
76 76 292 
295 295 509 
236 236 
39 39 

7 157 212 238 310 310 310 375 505 
503 
487 487 
40 60 69 69 69 83 83 83 83 104 104 117 129 129 138 147 147 148 184 184 184 192 230 230 344 344 344 351 351 432 438 460 460 460 

233 
268 342 342 405 405 
357 476 496 
39 62 
76 
311 311 413 494 
325 358 
76 76 186 
70 
176 176 288 
408 408 
40 40 
149 401 401 401 417 417 442 
270 270 286 286 413 413 

330 

5 
273 273 354 
159 375 375 375 375 
70 184 184 
225 261 419 419 419 
184 324 
259 
410 
315 315 
334 385 
496 496 496 

191 191 471 471 
239 285 
415 
251 251 
7 9 9 158 203 218 218 282 287 297 327 339 368 374 374 391 401 412 453 
160 
5 5 5 256 256 354 475 
206 402 405 405 


415 415 
460 460 460 
5 
308 449 449 467 467 467 
192 347 
271 427 427 
177 177 
184 184 
191 268 
193 251 251 382 382 413 
271 
247 
81 
23 171 196 196 480 
184 184 426 
152 184 228 364 364 410 
408 
139 397 397 408 
229 229 
68 
271 
347 347 
54 54 


39 485 
415 415 415 
56 191 191 
159 159 227 227 392 
87 370 370 408 
184 396 396 
280 467 
35 35 210 210 
233 233 233 
243 243 424 
84 84 84 85 85 160 
224 224 
76 76 80 80 214 215 215 222 222 222 319 319 384 413 418 429 429 434 449 449 449 455 467 
31 73 94 184 263 263 


413 
314 314 

96 323 
76 
42 321 359 
184 184 260 
153 153 244 

7 271 
209 209 
165 223 
20 39 62 253 428 
22 22 22 
407 407 
413 413 
264 385 385 413 
174 413 

199 
184 184 
145 271 381 427 427 452 452 452 470 
111 111 

239 239 
227 
69 147 236 236 236 447 
184 
27 27 47 76 
67 67 281 298 298 

481 
196 224 
236 236 
402 402 
456 456 456 
5 31 31 41 41 134 134 151 151 184 184 256 273 411 450 462 462 508 
12 12 

240 367 431 431 
72 90 141 244 413 466 
61 323 


65 174 413 413 
182 
118 118 292 292 410 410 
415 415 
184 
114 181 357 390 
271 

306 306 
169 
36 36 36 
8 196 196 196 
154 154 271 271 408 408 417 417 442 442 
233 257 257 257 257 
174 174 
225 
101 
103 103 103 
134 
46 64 139 339 395 
286 286 
63 75 415 463 
314 449 
264 334 334 
86 
124 
487 
22 22 130 142 142 461 461 497 
367 455 455 
271 
227 227 305 
225 225 
81 
46 381 
184 307 307 
294 294 

41 41 445 
5 
110 250 250 250 271 
39 39 159 219 274 352 352 
427 427 
6 6 92 182 
39 239 239 274 274 

332 332 413 
26 26 87 87 150 150 248 248 293 294 306 374 374 412 412 437 470 

262 292 364 364 
354 
271 408 408 
35 35 45 76 77 119 119 132 132 132 161 175 193 222 243 251 251 286 314 318 333 333 334 335 358 362 362 407 455 
22 108 
57 57 57 116 177 184 184 269 277 277 303 303 303 365 365 383 
65 65 
250 250 374 374 
314 
259 259 259 
98 441 


76 76 
311 

291 
282 282 339 339 403 403 
159 330 
314 314 

357 357 
236 
159 
314 


408 
236 
45 
76 186 
5 98 98 225 420 
250 374 374 468 468 468 
5 5 5 
15 15 59 59 
41 41 399 
56 191 191 
344 
128 
280 280 314 314 314 384 
156 156 354 
184 
339 339 339 464 
271 
4 4 124 131 219 
17 314 390 390 413 
76 76 78 184 353 353 353 462 

5 225 
47 
211 211 211 236 236 236 278 278 278 
22 389 389 497 
99 99 99 99 354 354 456 
63 383 
452 
184 
72 358 
215 215 280 280 280 308 314 
123 123 442 442 442 
159 159 511 
339 408 
195 195 267 267 
475 
185 
487 487 
5 273 472 
10 10 10 100 240 496 
39 159 188 227 
76 
193 
127 290 
349 

222 
184 
39 302 
31 
235 235 388 474 474 
184 184 
31 120 
51 51 184 184 

41 
3 3 
155 155 155 243 
81 
10 240 265 265 265 476 
389 461 
160 160 




234 
88 
233 

104 104 
86 198 198 354 
76 229 

159 469 
