Nodes: 512, Edges: 729
381 381 

91 111 182 183 189 
271 

34 34 48 48 50 50 88 105 184 184 225 225 255 255 273 354 354 400 400 441 441 504 508 
404 
233 233 327 327 327 
196 224 373 373 373 373 
271 271 
476 496 

184 184 355 355 

117 117 
182 444 
41 184 
455 
441 441 441 
104 
330 330 
31 354 354 
108 108 108 115 331 331 436 461 



408 
76 346 346 
178 183 
56 
222 
21 172 172 184 315 315 354 486 486 489 489 489 
184 184 
67 67 192 
5 5 
210 309 309 309 
372 372 
406 406 415 415 

62 62 159 163 219 302 330 402 402 405 477 485 
192 192 236 
16 85 99 99 160 184 184 354 399 399 445 
321 323 
193 
137 137 
76 413 
339 381 381 
76 76 76 459 459 
5 5 50 
236 236 
5 5 48 400 
490 


76 501 501 
93 236 
29 304 304 446 446 446 
415 415 
294 397 
444 444 
104 
81 359 359 
39 39 241 
383 463 463 

193 

33 33 347 
169 169 296 371 
236 236 344 344 344 
184 246 258 258 
330 330 
89 325 358 466 
94 94 94 315 315 

383 383 463 463 
27 45 47 47 47 54 107 107 162 162 184 186 196 196 207 207 208 229 229 245 245 292 299 299 314 322 328 328 354 360 360 422 423 423 478 509 
196 413 
456 
236 
418 418 
61 184 261 261 289 329 389 394 
142 142 
236 236 
85 312 312 312 
41 84 348 
198 386 
306 306 370 408 408 408 
5 
72 358 358 

2 
182 182 
55 
73 73 73 315 315 

314 
171 171 
420 441 441 
41 41 457 
476 496 
140 378 378 471 
117 117 216 
146 146 379 
19 60 236 507 507 
5 184 
190 372 
76 76 
22 22 22 414 

176 247 401 401 401 
2 182 182 340 


367 
22 
177 177 184 184 415 
14 14 102 102 125 135 136 136 184 184 236 
364 
122 413 
486 486 489 
143 
119 
468 
232 232 387 
117 136 136 
491 

220 220 413 413 413 413 448 
415 
389 

168 413 

354 380 
117 
117 117 125 125 
44 44 184 368 368 
164 164 236 236 237 
294 381 
101 320 
358 358 
82 82 389 
121 217 217 

339 
103 103 
236 236 
236 
250 417 

354 
292 364 
325 
374 374 374 
413 494 


194 194 408 
39 188 219 305 330 428 469 
41 312 312 498 
413 
76 76 322 
39 
138 138 
329 329 
477 477 477 
220 220 413 
132 413 
68 68 179 374 
471 
97 97 290 290 290 
31 31 
344 344 
222 335 376 376 

110 
116 116 283 300 
28 183 
169 


2 15 92 92 111 111 220 363 444 
2 28 178 
5 5 12 12 16 31 32 32 41 41 70 76 81 105 116 116 117 117 137 213 221 221 236 236 236 258 260 260 267 279 292 315 324 345 354 366 366 409 415 415 451 456 484 488 
473 473 491 491 491 
76 245 440 

159 
2 
106 372 372 
268 268 285 285 304 
33 40 40 281 
43 65 286 413 413 500 
158 158 
236 236 236 
8 76 76 77 200 290 350 413 
496 
86 
337 337 
196 
236 
355 355 
271 
268 

274 274 
76 76 478 478 478 
76 
328 
35 
460 
233 233 
184 
314 
314 314 467 
102 
143 143 
271 271 
39 159 232 232 274 
128 128 167 167 182 413 413 
184 184 
30 174 341 341 341 483 
329 
8 276 
5 5 259 377 377 393 441 458 458 
292 292 
305 392 482 

76 76 
275 303 415 415 

124 124 219 219 
7 7 212 212 238 271 271 296 310 505 
503 

40 49 49 55 69 69 79 83 83 104 117 138 138 147 147 148 184 184 184 195 195 195 201 237 237 275 278 278 344 344 344 356 415 415 432 432 438 438 460 487 487 
138 236 236 
233 367 
342 
476 
62 

311 311 413 494 494 
325 325 358 
76 76 186 
70 
110 401 401 
408 

149 401 417 
270 286 

330 330 330 
415 
5 5 
354 
375 375 375 375 
70 70 184 
225 419 
184 184 
81 81 329 

315 315 
334 385 
496 
271 
184 
191 191 204 

251 
3 9 9 203 218 218 233 233 266 287 327 375 391 412 412 427 442 

5 354 354 475 475 
206 206 219 405 
230 236 
224 

236 236 460 
184 
308 449 449 
192 298 

177 

191 191 
193 251 382 413 
271 

81 
171 171 171 196 480 
426 
76 152 184 226 226 364 364 410 410 410 

58 139 408 

68 233 425 425 
408 
281 
76 76 
177 
339 339 
39 485 
230 415 415 
56 56 191 
159 227 
87 87 370 408 408 
354 354 396 465 
280 467 
35 35 35 
233 
243 243 424 
84 84 84 160 160 

76 96 214 215 215 317 349 349 413 413 413 429 429 434 449 455 467 481 
31 31 73 73 94 94 184 263 263 336 486 

314 398 413 
413 413 

140 
42 323 
76 162 
42 321 359 
184 
72 153 244 244 503 503 
358 
7 7 7 271 
76 76 209 
81 165 165 223 261 
20 20 39 71 71 159 253 253 253 
22 22 
407 413 
413 413 
264 385 413 
174 
315 
199 199 
415 
46 145 301 301 381 408 408 452 464 464 470 470 
111 
222 222 222 
239 

69 69 69 173 173 236 236 236 447 
184 
27 27 
67 421 506 
85 
314 314 481 
196 
432 
402 402 482 
456 456 
5 5 21 21 31 41 76 134 151 184 256 273 273 307 307 411 411 450 462 462 490 490 502 508 
12 12 202 202 
236 
367 367 431 
72 89 89 141 141 244 326 413 
61 61 323 
76 76 


182 
118 152 292 292 410 
415 415 
184 184 
114 238 357 357 390 496 
137 137 

87 306 
68 
36 36 106 190 190 
8 8 8 8 
154 154 154 169 
257 257 257 257 271 
174 174 
225 225 
101 101 
103 
134 
0 0 46 46 139 339 408 
286 413 
63 75 75 463 

264 334 413 
86 
124 
487 
81 130 142 461 
367 455 
271 
227 
225 
81 

307 
58 
317 
41 41 445 445 
5 5 50 
110 110 110 247 247 250 
39 39 352 352 
427 
6 
39 274 
37 37 
332 413 413 
26 87 87 87 158 248 294 297 306 306 339 339 381 412 437 
184 
292 292 292 364 
354 354 
271 271 408 
45 77 119 128 128 128 128 132 155 161 167 168 193 193 196 220 220 243 286 314 314 314 317 318 318 332 333 333 334 358 382 385 407 407 439 500 
108 497 497 497 
37 37 57 57 116 129 184 184 230 230 236 236 254 303 303 338 365 365 

149 250 
80 80 
259 
98 441 441 
347 
76 
76 76 
311 
296 296 
291 
271 403 
159 
314 314 

357 
236 236 351 460 460 

314 
449 
22 
408 
236 236 
413 
186 
5 5 18 18 18 98 98 225 420 420 
271 468 

15 59 59 182 
41 399 399 
56 56 56 
344 
128 
280 280 314 435 467 467 
354 
184 
339 464 


17 314 390 
78 184 353 353 462 491 491 
99 
225 225 
47 47 
211 236 278 432 432 
22 389 497 
354 354 456 
63 63 75 75 383 
339 339 452 
307 
72 
215 308 314 449 449 
123 442 
159 
339 339 
101 170 

185 185 
487 487 487 
273 273 
10 100 240 
39 166 166 166 
76 207 207 207 

290 
314 349 
227 352 
222 
184 
39 302 
31 31 120 120 315 489 
236 236 388 474 474 474 
184 
31 31 31 120 486 
51 354 354 
126 185 185 185 456 456 


155 243 243 

10 100 197 265 367 
414 414 414 461 
160 

193 413 
54 54 
354 
234 325 325 
5 
233 
347 
104 104 
5 354 
76 


