Nodes: 512, Edges: 729
381 

28 91 182 189 
493 

34 48 48 184 225 255 273 273 354 441 443 443 458 475 

271 
196 224 313 313 
271 
476 476 476 496 
264 


117 
182 
24 41 184 
455 
441 441 
104 104 

354 354 
331 436 461 
171 
16 76 76 
408 408 
158 158 
76 76 346 
2 178 

180 222 222 
184 184 315 315 354 
184 184 184 
67 192 
5 
210 309 413 
269 372 372 
406 
358 
62 159 166 267 302 330 330 402 402 402 405 485 485 485 
192 192 236 249 
16 85 85 151 156 160 184 184 354 354 445 492 
321 

137 
76 413 439 
64 395 395 
76 76 346 459 459 
5 5 
236 236 
400 400 
490 
184 184 345 
225 
76 76 76 299 
93 236 
236 236 446 
415 
294 
444 
104 
81 
39 241 241 330 330 330 
383 
46 381 
193 362 416 
141 
33 192 192 281 347 347 
169 296 371 
236 236 
246 246 258 258 
330 
89 89 358 466 466 
94 315 
413 413 413 
383 463 
24 24 27 27 45 47 47 54 54 54 107 109 162 184 196 196 199 199 207 208 242 292 292 314 322 328 353 354 360 413 422 423 440 478 
196 196 196 413 
456 
236 
314 314 418 
61 82 261 261 329 394 394 495 
81 121 121 143 329 389 
236 236 236 
85 312 348 
41 41 84 160 160 312 348 348 
465 465 465 
408 
504 
72 72 358 358 358 
358 
2 
182 182 404 
55 
73 
418 
321 
171 171 290 
420 420 441 

476 
140 195 378 
117 117 136 216 
146 379 379 425 
19 19 60 138 236 
190 
149 372 372 
76 
414 
76 199 199 
130 130 247 401 
182 340 




177 177 
14 102 102 125 125 125 135 184 
364 364 
122 122 222 413 
486 
82 82 
119 119 
468 468 
232 232 387 387 454 
117 117 117 136 136 
185 

220 413 448 
236 415 
110 110 177 177 389 389 



380 
117 
102 125 125 
44 184 
104 164 164 236 236 236 237 252 
294 381 381 
101 320 320 320 
66 358 413 413 
389 389 
82 

339 
103 
236 344 
236 236 304 
106 250 
339 408 408 
41 354 354 
213 292 292 364 
325 

413 494 494 
41 450 450 
276 276 276 
26 26 194 194 194 271 408 
39 219 227 231 231 257 305 305 330 330 330 402 433 469 477 510 
41 85 85 272 312 498 
439 439 
76 

138 138 
329 
39 477 
220 220 413 
413 
68 371 374 

23 97 97 290 


335 335 376 376 413 413 
407 413 413 
247 247 
116 116 130 130 283 415 
28 183 

30 222 483 
367 
2 15 92 92 111 220 316 340 363 363 404 404 444 
178 
5 16 31 31 32 32 32 41 41 52 52 76 117 137 221 258 258 260 260 284 289 289 291 292 307 307 315 338 345 354 366 426 451 456 484 488 488 
126 491 491 
245 440 
413 

2 
105 
267 268 268 285 446 446 
33 40 40 67 67 236 
65 358 362 362 413 
158 158 158 
101 236 471 
8 76 76 77 77 77 200 290 290 350 413 413 
476 
386 
76 76 109 109 337 
196 
236 236 415 

271 271 


274 
76 478 
76 
328 
35 309 
460 460 
233 233 
152 
215 314 314 
214 467 
102 


159 232 454 454 
128 167 167 182 
184 
30 30 119 180 314 341 376 483 
329 329 
8 350 
5 53 259 377 393 393 441 458 
292 
159 343 392 477 482 

295 509 509 509 
303 415 415 
159 159 
124 124 219 454 
212 212 271 296 310 374 375 505 

487 487 
40 49 49 55 56 56 69 69 79 83 83 83 104 129 138 138 138 147 148 148 192 195 201 201 237 275 344 351 351 415 415 438 438 460 487 
138 236 
367 
268 268 
357 476 
62 62 
76 
311 413 413 
325 325 
186 
70 70 
110 176 176 288 
408 
40 
149 374 401 401 417 442 
270 270 286 413 
138 
330 330 
415 415 
5 

159 375 375 
70 70 184 184 409 
225 
184 184 324 
81 81 329 329 
364 364 410 
315 
11 
496 496 
271 
39 191 356 471 
191 191 239 239 
36 415 
251 251 
7 9 158 203 203 233 266 282 287 297 327 327 368 375 375 412 427 453 
160 
5 5 472 472 475 475 
206 402 
236 
157 157 157 

460 460 460 
496 
308 308 449 467 467 
67 298 347 
271 
177 
184 
191 
251 382 382 382 413 
271 
247 
184 184 
97 171 196 196 480 
184 
76 76 152 152 184 226 410 
408 
58 139 397 
229 
68 233 425 
271 
281 
54 413 


39 485 
230 415 
148 
159 159 392 

184 184 396 465 
280 280 467 
35 210 
233 
243 424 
84 85 160 
8 8 
76 80 80 214 214 222 319 319 349 384 398 413 418 449 455 481 481 
31 31 73 184 263 336 486 
182 
398 

314 314 
140 140 140 396 
42 96 323 
76 
321 359 
260 459 
153 244 244 503 503 
358 
271 271 
76 209 
81 82 165 223 223 261 261 
39 39 62 62 62 71 159 159 159 253 253 369 
22 
413 413 
413 

174 174 413 
315 486 
199 
184 
145 150 381 381 408 427 452 453 464 470 
111 182 
222 

227 
147 236 447 
52 184 
27 47 459 459 
67 67 281 421 506 506 
84 85 85 
314 481 481 
196 224 
236 236 415 
402 402 402 
76 456 
5 21 21 31 41 41 76 151 151 184 411 411 411 450 450 462 490 490 490 508 

267 
240 367 496 
38 72 89 89 89 90 141 193 326 413 466 466 466 503 
323 
76 

65 193 193 413 413 
182 182 
118 118 152 262 262 410 410 

184 
181 238 357 
271 401 
330 

68 169 
36 36 106 106 

169 233 250 408 417 
233 257 257 271 271 
174 174 222 
225 
101 
103 103 
134 
0 64 139 139 339 339 395 
286 286 286 
63 75 432 
314 449 449 

198 
124 124 
487 
82 130 130 142 142 461 497 
455 455 455 

227 305 
225 225 
81 81 495 
46 46 381 
307 320 
294 
314 317 
445 
50 50 
110 250 250 368 
39 39 39 159 274 352 352 352 

92 182 182 499 
39 
37 
175 413 413 413 
25 25 87 150 150 158 248 293 339 374 412 470 
258 
262 292 364 364 
354 354 354 
271 408 
35 45 74 74 74 76 77 119 128 141 141 155 167 168 174 174 175 175 187 193 196 196 243 243 251 286 299 314 332 332 333 335 358 362 362 407 407 407 448 500 
108 497 
57 129 177 201 230 230 236 236 254 254 269 303 351 
65 
250 374 
80 95 314 

98 98 
347 
76 
76 
311 
103 296 
184 
271 339 



496 
383 460 
159 

449 
22 

236 236 470 
45 161 161 
76 186 
5 18 18 98 225 
250 468 468 468 
5 5 
59 182 
41 399 
56 191 191 
344 
128 413 
280 314 384 384 435 
156 156 354 354 
184 
339 464 464 464 
271 339 
124 219 219 232 
17 314 390 390 390 
78 184 353 462 462 491 491 

5 225 
47 47 324 346 346 
211 211 236 278 278 278 432 
22 389 
354 456 456 
75 
339 452 452 452 
86 86 86 307 
72 72 358 358 358 
215 280 280 308 
123 123 442 442 442 
159 
339 408 438 
195 267 
273 273 475 


5 273 273 472 
10 10 10 100 197 240 
159 166 227 
76 207 

290 
314 314 349 349 
227 
180 222 
184 
39 39 39 302 
120 315 336 
235 235 236 388 
184 184 

51 354 354 354 
185 185 456 456 
41 
3 
155 155 
81 394 
10 265 265 279 357 431 
389 414 
160 
404 
413 


325 325 358 
88 
233 
347 347 

354 
229 229 229 
159 

