Nodes: 512, Edges: 729
301 
441 
28 28 91 91 182 189 189 


34 48 50 50 88 184 255 273 273 273 354 354 400 400 400 441 441 443 
404 404 
271 271 327 327 
196 224 350 373 
271 271 

264 264 264 
184 
76 76 


41 41 41 
455 455 
441 

330 
354 354 
108 108 331 331 414 436 461 
171 171 171 


158 
76 346 
2 2 183 
56 
180 222 
172 184 184 354 354 486 486 489 
184 184 
67 192 
5 
210 
106 269 
406 415 
358 
62 62 159 166 231 405 405 
192 192 192 236 
16 16 16 85 151 156 160 184 184 324 354 354 445 450 


137 
76 76 76 439 439 
64 339 381 
76 76 346 459 
5 50 50 

5 5 48 48 
490 
184 345 
225 
299 501 501 
93 93 195 236 
29 191 304 446 
415 415 
294 397 
444 444 

359 
39 39 330 330 
383 
46 
193 362 416 416 
141 
33 192 281 347 

236 236 344 
184 246 246 258 
330 
325 466 
94 315 
413 
383 463 
13 13 27 45 45 45 47 47 107 109 162 162 184 196 207 208 208 229 245 292 299 299 314 328 346 346 360 440 478 509 
196 196 413 

236 236 
418 
82 82 261 329 389 394 495 495 
81 81 142 142 329 329 
236 236 236 
312 312 
41 160 348 
198 508 
306 408 
5 

358 358 
2 2 

55 55 
73 
418 
314 321 
171 290 290 
441 441 

197 476 476 
195 471 
216 
379 425 425 
138 138 236 
184 
36 190 190 372 
76 
22 22 414 414 414 
76 
247 401 
182 340 340 


367 367 


125 125 136 136 184 184 

413 
486 486 489 
143 


232 387 454 454 
117 117 136 
185 491 
480 
413 413 448 448 
415 
177 177 
454 
413 413 
145 


117 117 125 
44 184 
104 104 164 164 236 252 

320 
66 358 358 413 
82 82 
121 217 
282 
133 339 339 

236 
236 304 
250 
248 408 
41 
213 213 292 364 
325 

494 
41 
276 
26 194 271 
39 188 205 205 219 219 231 330 330 402 402 433 433 469 469 477 511 
41 85 312 498 498 
413 413 
76 76 322 

138 138 
329 329 
39 
413 413 
413 
179 371 
471 471 
23 23 23 97 290 
31 
344 
222 222 335 413 
407 413 
247 
130 130 300 300 300 415 415 
183 
169 
30 222 483 

2 111 363 404 413 413 444 
28 178 
5 12 31 31 32 32 41 41 52 70 76 105 117 117 137 213 221 221 246 258 260 279 284 284 289 291 291 292 292 315 324 345 345 354 354 355 355 366 366 366 409 409 409 426 451 451 456 456 465 484 488 488 490 490 
126 473 491 
245 361 
413 
159 
2 2 
106 106 372 
56 267 267 267 268 285 285 304 446 
33 40 40 40 67 236 236 236 281 281 
65 362 500 500 
158 
55 101 
8 76 77 77 290 290 290 350 350 373 373 
100 496 
86 
207 207 337 337 

236 236 236 
501 

267 267 267 268 268 
159 159 
274 
76 199 199 
76 76 
328 328 
35 309 
460 460 
233 
152 152 184 
215 314 
214 314 467 
102 
143 
271 
159 159 232 274 402 402 

184 184 
30 174 174 180 341 376 413 483 
329 
8 276 276 276 313 
53 259 259 393 393 393 419 458 
292 292 292 
305 477 
292 
76 295 509 
236 275 303 303 415 415 415 
39 159 
124 219 454 
212 238 296 296 310 310 310 374 375 375 505 
503 
487 
40 55 69 69 79 79 83 83 83 104 138 147 148 192 192 192 201 201 201 230 237 278 278 278 344 351 415 415 432 432 438 460 460 487 
236 
233 
268 342 405 
357 496 


311 413 413 494 
358 
76 186 
70 70 184 
110 176 401 
150 408 

149 417 417 442 
270 270 270 286 413 413 
138 
330 330 
283 415 
5 
354 
375 
70 184 
225 225 419 
184 
81 329 329 
364 364 364 410 
315 
11 11 11 334 334 385 385 385 

271 271 
191 191 191 204 204 204 356 356 
191 204 204 239 
36 
251 251 251 
7 7 9 9 158 218 266 266 339 374 375 401 408 442 

5 5 5 472 475 
206 219 402 405 
230 
157 224 224 224 
415 
236 236 236 460 460 
184 496 
308 467 
67 192 192 298 347 421 
144 427 427 
254 415 
184 184 
191 191 
251 382 


184 
97 97 171 196 196 196 480 
184 184 426 
76 152 184 184 226 226 226 228 364 364 

58 408 
229 
233 233 

281 
54 76 76 413 413 
177 177 177 
0 339 

230 230 415 415 
56 148 191 
227 392 
87 408 408 

280 467 
210 
233 233 233 
243 424 
84 84 160 
224 
76 96 214 215 317 317 354 384 384 418 418 418 429 449 449 455 455 467 467 481 481 
73 184 263 336 

314 314 
413 
354 
140 
96 323 
162 
321 
41 184 
72 153 503 503 503 

7 7 
76 209 209 
81 82 82 165 165 223 261 261 
20 62 62 71 159 159 253 253 369 369 369 428 428 430 
22 22 
407 
413 413 
264 264 413 
174 
315 486 
199 199 
415 446 
46 145 145 271 301 381 381 427 427 452 452 453 464 464 
111 111 
222 
239 

69 173 236 447 
52 184 184 
27 47 76 76 459 
67 281 421 421 
85 

8 196 196 
236 415 432 
402 402 
456 
5 5 21 21 31 31 41 41 184 184 256 314 319 411 450 462 462 490 502 
184 184 
267 267 
240 431 431 496 496 
38 90 90 141 141 244 413 503 503 
61 
76 
186 
65 193 413 
182 
152 262 262 262 292 292 410 410 410 
415 
184 184 184 
114 114 390 390 496 
401 
330 330 330 

169 
106 190 
8 196 196 
233 271 
233 233 257 271 
222 


103 

46 339 339 
286 413 
63 75 415 463 
314 314 449 
264 264 264 

124 

81 461 461 497 
367 367 455 455 455 

305 
225 225 225 
81 495 495 


58 

445 
5 5 5 
110 247 271 368 
159 159 219 219 274 352 352 
427 
6 6 182 
39 39 239 274 
37 
175 332 413 
87 150 248 271 294 306 306 412 437 470 470 
184 184 184 
262 364 364 364 
354 
408 
74 77 119 128 128 132 132 141 161 161 167 167 168 174 175 182 182 187 222 243 243 251 251 299 299 318 333 333 334 358 362 382 407 439 448 455 
22 108 108 108 497 497 497 
37 57 57 129 177 177 230 230 230 236 236 254 277 283 303 303 338 351 365 383 432 
65 65 
250 250 
80 95 314 314 314 
225 259 
441 
281 347 347 


311 
103 103 
184 291 
282 282 339 339 403 
330 330 
314 
330 
357 357 496 496 
236 236 351 415 460 
159 159 

449 
22 
408 
236 
45 45 413 
76 
1 5 5 18 98 98 420 
250 271 468 
5 
59 59 182 
41 399 
56 191 338 
344 
128 128 413 
314 314 384 435 467 
41 354 
184 184 
339 339 464 
339 
124 124 131 232 
17 17 314 314 390 390 390 413 
184 184 353 462 462 462 

225 
47 346 
211 211 236 236 278 278 432 
22 389 389 497 
354 354 456 456 456 
75 383 
339 339 452 
184 
72 
215 280 308 314 314 449 
442 
159 159 511 
408 408 
101 170 170 
273 475 475 
185 
487 
273 472 472 
100 100 496 
159 227 
76 

127 290 
314 314 

180 222 
184 

31 31 120 120 336 
235 236 474 
184 184 
31 120 
51 184 184 354 
126 185 


155 243 
81 81 394 394 
197 240 279 357 357 367 431 431 476 
389 414 414 414 461 
160 160 

193 193 
54 54 202 
354 
234 325 325 325 358 358 

233 


86 
76 229 

159 469 
