Nodes: 512, Edges: 729
381 
441 441 
28 28 111 111 182 183 183 189 189 
271 493 493 
454 
48 48 50 198 225 225 255 273 279 279 400 441 441 443 458 475 475 475 504 508 
404 
233 271 327 
224 313 350 373 
271 
476 476 476 496 

184 
76 
184 
182 444 
24 184 
390 455 
441 
104 
330 330 
354 354 354 
108 108 108 115 389 414 
171 290 290 
16 76 
408 
408 408 
76 346 
2 2 183 
56 56 
180 180 222 222 222 
172 172 172 184 315 354 486 489 
184 
67 192 192 

210 222 222 309 309 413 
106 372 
406 415 

159 166 219 241 267 302 302 330 402 405 477 477 485 485 
192 236 236 236 249 249 
85 85 151 151 160 160 184 184 184 324 354 354 399 445 450 450 492 492 
321 
193 
137 
413 439 439 
64 339 395 
76 459 
5 5 50 50 50 

5 48 48 48 400 
490 
184 345 
225 
76 501 501 
93 236 
29 29 191 304 446 

294 397 397 

104 104 236 236 
81 81 359 
241 241 330 
383 463 
46 381 
362 416 
141 
33 192 192 281 281 347 
169 169 296 296 
236 344 
184 184 246 246 258 

89 325 
94 315 

383 383 463 
13 24 27 47 54 109 207 208 242 245 299 314 314 346 353 353 413 440 456 
196 413 413 
456 


61 61 289 329 329 359 389 394 394 
121 143 
236 
85 312 348 
41 41 84 348 348 348 
198 386 508 
306 306 306 408 408 
504 
72 


182 404 413 
55 
73 315 

314 314 321 
171 171 
420 441 
457 462 
197 197 197 496 
140 140 195 471 
117 136 136 216 
379 379 379 425 425 
19 60 60 236 236 507 
184 
36 149 190 190 190 372 

22 22 22 
76 199 199 
130 401 
2 2 182 340 340 
184 184 

367 
22 

102 125 125 135 136 184 184 
364 364 
122 413 413 
486 489 
82 143 
119 


117 117 
185 491 491 
480 480 
220 220 220 413 413 448 
236 415 
110 389 

413 413 413 413 
145 145 145 
354 354 380 380 380 
117 
102 102 117 
44 368 
164 236 236 237 
381 381 
101 101 320 
66 358 358 413 
389 
82 121 217 
282 
133 133 133 339 

236 236 344 344 
236 
106 250 250 417 
339 
41 41 354 354 
213 213 213 292 364 


413 494 494 494 
450 

271 271 408 
39 188 205 227 231 231 305 330 330 433 433 477 510 
41 41 272 312 498 
439 
322 

138 
329 
39 477 
220 413 413 

68 68 
471 
23 97 97 290 290 
31 31 31 

335 335 362 376 413 
407 

269 300 300 415 


30 30 222 
367 
2 15 92 111 340 363 363 404 404 413 444 
2 2 28 
12 14 16 31 32 41 41 41 52 70 70 105 112 112 117 117 213 221 221 221 258 258 260 260 284 284 291 291 292 292 315 324 338 345 354 355 366 426 456 456 465 465 465 484 490 490 
126 473 491 491 
361 
413 
159 
2 2 
106 106 106 372 372 
56 268 268 304 304 
33 33 40 67 67 236 236 281 
43 286 358 358 358 413 413 479 

101 471 
77 200 200 350 373 373 
100 100 100 240 496 496 
5 86 
109 109 207 337 
196 196 
415 415 
355 355 355 
271 
268 
159 
274 
76 199 
76 
328 328 
35 

233 
152 152 152 184 
314 
467 
102 
143 
271 
39 274 402 454 
128 128 128 167 413 
184 184 184 
30 30 30 35 35 180 314 314 376 376 376 413 483 
329 
8 
5 5 53 259 259 377 377 377 393 393 441 441 
292 292 
159 305 305 305 392 392 477 482 482 
245 245 
295 295 
236 275 
159 159 
454 
7 212 238 271 271 296 375 
503 
487 
40 40 40 55 60 60 69 83 104 104 129 138 138 147 147 148 192 192 230 237 275 278 344 351 351 356 415 487 487 
138 236 
233 

197 357 476 476 
39 62 62 
76 
311 413 

76 228 228 
70 70 
288 288 401 401 
408 
40 40 
149 149 374 374 401 401 417 442 
413 

330 
283 415 415 415 
5 
354 
375 
70 184 184 
225 225 261 419 419 
184 184 
259 
364 364 410 
315 315 
334 334 385 
496 
271 
39 
191 191 204 
177 

3 7 9 158 158 203 218 233 233 266 282 287 339 374 408 408 427 453 
160 
5 472 
206 219 402 405 
230 236 


236 460 
5 5 
308 467 467 
67 67 192 298 298 347 347 421 
144 271 
254 415 
184 184 

193 382 382 382 413 413 
271 
247 247 
81 
23 23 171 171 480 
184 184 426 426 
152 184 184 226 226 364 364 410 410 
408 
58 408 
229 229 
68 68 233 

281 281 
76 413 
177 177 
339 339 
39 39 485 
415 
56 191 191 
159 227 227 227 
87 87 87 370 408 
465 465 
280 
35 35 

243 
84 160 
8 
76 76 96 96 214 222 222 349 384 413 413 418 429 434 434 449 449 467 
31 73 94 184 263 263 336 

413 413 
413 
354 
140 
42 96 323 323 
162 
321 321 
41 184 
72 503 
358 
7 
209 209 
81 81 165 223 
20 20 39 62 159 159 253 369 428 

407 413 413 
413 413 
264 264 385 385 
174 174 
315 
199 
184 
46 145 150 271 301 301 381 381 408 427 453 464 470 
111 111 182 



69 147 147 236 447 447 
52 184 
27 76 
67 281 281 421 421 506 506 
84 85 85 85 
314 481 481 
8 196 
236 236 
402 
76 76 
21 21 21 31 41 41 134 134 151 151 184 256 319 411 411 450 462 502 
184 202 202 202 
236 
240 431 496 
141 141 193 193 193 326 413 466 
61 81 

186 
65 174 413 
182 182 
118 118 152 262 262 292 292 410 410 
415 
184 
114 181 390 
137 
330 
306 

36 106 190 190 
8 196 196 
250 250 271 
233 257 
174 222 222 222 
225 225 225 

103 103 103 
134 134 134 
0 64 139 139 339 339 408 
286 286 286 
63 75 75 415 
314 
264 334 334 
86 


22 81 130 142 461 461 
17 367 

227 227 
225 225 
81 81 
46 

58 58 

41 445 
5 50 
110 247 247 250 250 
39 219 274 352 

6 92 182 182 499 
39 274 
37 
175 332 
25 26 26 87 87 158 248 271 271 293 294 306 339 381 412 412 

262 292 292 364 364 
354 354 
408 408 
35 45 76 77 77 92 119 119 128 128 132 132 132 132 141 155 167 167 174 182 187 193 193 220 222 243 251 286 286 299 314 314 317 317 318 332 332 333 333 358 362 455 500 500 
22 497 
37 129 177 201 201 236 254 254 254 283 303 365 383 463 
65 
149 250 
314 
259 259 
98 441 
281 347 347 



103 103 
184 291 291 
271 339 
330 
314 

357 

159 159 
314 314 



470 
45 45 161 
76 
1 1 5 5 18 98 225 225 420 
250 468 
5 
15 182 
41 399 
56 
344 344 
128 
314 314 467 
41 41 156 354 462 


271 339 
4 219 232 
17 413 
76 78 184 184 462 491 491 
99 
5 
47 
278 
389 389 497 
99 354 450 456 
63 75 415 
339 
184 184 184 307 307 
358 
215 280 280 314 449 
442 

339 438 
101 170 195 
273 
185 

5 5 5 
10 10 10 240 240 496 
39 39 159 166 227 

193 
127 127 290 
349 349 
227 227 
222 
184 
39 39 302 
31 120 489 489 489 
235 236 236 

31 120 486 486 486 
51 184 184 
126 126 185 185 456 456 
41 41 
3 3 
155 155 155 

10 100 197 197 265 357 476 
414 461 
160 
404 
413 413 
54 54 
354 
234 325 
5 88 

347 347 
104 
5 86 

159 

