Nodes: 512, Edges: 729
381 381 381 
441 
28 91 111 182 
493 

34 34 34 48 48 50 50 225 255 255 273 441 443 475 504 504 508 508 

327 
196 224 373 
271 
476 476 476 476 
264 264 
184 202 355 


182 444 
24 
390 
441 
104 
330 
31 354 354 
108 115 389 414 414 436 
290 
16 
408 

76 
2 
56 
180 222 
21 172 315 315 489 
184 184 
67 192 
5 5 5 
210 309 413 
269 372 372 372 
406 415 

62 166 231 241 267 302 302 330 405 485 485 485 
192 236 236 
99 156 184 184 354 354 354 445 450 492 
321 323 
193 193 
137 
413 413 413 439 
64 
76 76 346 
5 5 50 50 
236 
5 5 48 48 400 400 

184 
225 
299 501 
93 93 236 
29 236 446 487 

397 397 
444 444 

81 81 359 
39 
383 383 463 
46 381 
193 193 362 
141 
33 192 192 281 347 347 
169 169 371 
236 344 
184 184 184 246 

89 358 
315 315 
413 
383 383 
27 47 47 107 109 184 186 196 199 207 207 208 228 229 229 245 292 314 322 322 328 328 346 353 353 353 354 354 360 360 413 440 440 456 478 478 509 
196 

236 
314 
61 61 289 329 329 359 495 495 
121 142 142 142 143 143 329 
236 236 236 
348 
160 312 312 348 
198 386 508 
306 408 408 
190 504 
72 

2 
182 
55 55 

418 418 418 
314 321 
171 171 290 

41 462 
476 496 496 
195 378 
117 136 136 216 
146 146 379 379 
19 138 138 236 236 507 
190 
190 372 
76 
22 414 414 
76 199 199 
130 130 130 176 176 401 
2 340 340 
184 184 


22 
415 415 
102 135 135 136 
364 
122 222 413 
486 486 489 
82 143 
119 314 
468 468 
232 232 387 387 
136 136 

480 
220 220 413 448 
415 415 
110 110 110 177 389 

168 413 

354 
117 117 
102 102 117 125 125 
44 184 184 
104 104 164 236 237 252 
381 381 
320 320 
66 358 413 413 
82 82 82 389 
82 82 121 217 217 
282 

103 103 
236 283 344 
389 
250 
248 339 
354 
213 213 292 
325 

494 494 494 494 494 
41 
233 276 276 
194 194 271 
188 219 219 219 227 257 305 330 330 330 402 428 428 477 510 511 
85 312 498 498 
413 439 439 
322 

138 
329 
39 477 
220 413 413 
132 
68 68 371 374 
471 471 471 
97 97 290 
31 
344 
335 376 413 413 

110 110 
130 
183 

30 222 
367 
2 15 92 
178 495 
12 32 32 41 41 52 70 70 70 76 112 112 137 137 221 221 246 260 260 284 284 291 291 307 315 345 354 354 354 366 366 409 409 426 456 484 488 490 
491 491 
76 361 

159 

88 105 106 372 
236 236 268 304 
33 40 67 67 236 236 281 
43 43 65 65 286 358 362 362 362 413 413 479 500 
158 158 
101 236 267 
8 76 77 290 413 

86 386 
76 109 109 207 337 

236 415 
12 355 355 

268 

274 274 
76 76 199 478 
76 
328 
35 309 


152 152 
215 215 314 
214 214 
102 
143 143 
271 
159 159 159 232 232 274 274 274 454 
128 128 167 413 
184 184 
30 119 180 314 314 314 341 376 376 483 483 
329 329 
8 276 276 313 313 350 
5 53 377 377 458 458 
292 
159 305 305 343 392 477 482 482 482 482 
76 
76 76 509 509 
236 236 303 303 415 
39 
124 124 219 219 454 
157 238 238 271 296 374 374 505 
503 503 
487 
40 40 49 55 56 69 79 83 83 83 104 104 138 147 191 191 192 192 195 201 230 230 237 267 275 278 344 344 415 415 432 432 438 460 460 
138 236 
233 233 
268 342 342 405 405 
476 
39 

311 413 494 
358 
76 
70 184 
288 288 401 401 
150 

149 374 374 417 442 
270 270 270 413 
138 
330 
283 415 
5 5 
354 
159 375 


184 184 

364 364 410 
315 
11 11 334 385 

271 
39 195 236 268 356 471 471 471 
191 204 239 267 
36 
251 251 251 
9 158 218 233 266 282 282 297 297 339 339 368 374 375 375 391 412 442 453 453 453 

5 472 472 475 
206 206 219 219 219 405 
236 
157 157 224 224 

236 460 
496 
467 467 
67 192 298 421 
144 271 271 
147 254 
184 184 

193 382 

247 247 
81 
23 97 171 196 480 480 
184 184 426 426 
76 152 226 364 364 410 410 
408 408 
408 

233 425 
271 271 408 
281 
54 

339 
39 39 
230 230 415 
191 
159 227 227 392 392 
87 370 370 
184 354 396 
467 
35 210 

243 424 
85 85 160 
224 224 
76 80 96 122 214 222 222 222 317 319 349 384 384 398 413 418 429 434 449 449 455 467 
31 31 73 73 184 263 336 

314 398 413 413 
413 413 
314 
140 140 
42 96 
76 76 162 
42 

153 503 
358 
7 
76 76 209 
81 81 82 165 223 223 
20 39 159 159 159 253 430 

413 
413 
264 385 385 
174 413 
315 486 486 
199 
446 
150 271 271 301 381 381 408 453 470 
111 111 
222 
239 239 
227 
69 147 173 236 236 
184 
47 76 459 459 
67 67 421 506 
84 85 
314 
224 


76 76 76 456 
21 21 41 41 41 76 76 134 151 184 184 184 256 307 411 411 450 450 462 462 462 490 502 502 502 
12 202 202 
267 
431 496 
72 141 193 244 326 
61 81 
76 76 
186 
65 193 193 193 413 

118 262 262 292 292 
415 
184 184 
181 496 496 
271 401 

306 306 
68 169 
36 36 36 106 190 
8 
169 233 233 250 250 271 408 442 442 
257 271 271 
174 222 222 
225 225 
101 
103 103 

0 0 0 64 139 139 339 339 395 395 408 
286 
63 63 75 75 432 
314 314 
264 334 334 
86 198 
124 124 
487 487 
22 130 142 148 461 461 461 
17 455 455 455 
271 
227 305 305 

495 495 
381 381 
307 
58 58 
314 317 
445 445 
50 50 
110 247 247 368 
159 
427 
499 
39 239 239 274 
37 
413 413 
25 87 87 293 293 294 297 339 374 381 470 470 
184 184 
262 292 292 
354 354 
271 
35 45 45 45 74 76 119 128 132 141 141 161 167 167 174 174 193 193 196 220 243 251 314 317 317 318 318 332 333 335 362 407 407 
22 22 108 108 497 497 497 497 
37 116 116 129 129 201 230 236 236 254 303 365 432 

250 
95 95 95 314 

441 
281 347 


311 
296 
184 291 291 
403 
159 159 
314 
330 
357 496 496 496 
236 236 383 415 460 

314 
449 
22 

236 
45 161 161 
76 76 
1 5 18 420 
250 271 374 374 468 468 
5 
15 59 59 
41 399 399 
56 338 

128 
314 314 435 467 
41 354 354 462 

464 
271 271 271 339 
219 232 
314 390 390 390 
76 184 353 491 491 491 

225 225 
346 346 
236 236 278 432 
389 389 389 
99 354 354 354 450 
63 
452 


280 280 308 314 449 
123 123 442 442 
511 
339 408 408 
170 170 170 267 267 267 
273 273 475 

487 
5 273 472 
10 10 10 10 100 240 496 496 496 
159 166 227 
76 76 207 
193 
127 290 290 

227 227 227 227 
222 222 
184 
39 39 39 
120 120 336 336 489 489 
56 235 388 388 474 
184 
31 120 486 486 
184 354 
185 185 456 456 456 
41 
3 
155 155 155 155 155 243 
81 81 183 394 394 
100 100 279 357 367 367 431 431 431 476 476 476 
414 414 414 414 
160 160 
404 
193 
54 
354 354 354 
234 234 325 
5 5 88 
233 
347 
104 
5 5 86 
76 229 229 
159 
159 469 
