Nodes: 512, Edges: 729
301 381 
441 
28 91 182 183 189 


34 48 50 88 88 184 184 198 225 225 255 255 273 273 354 354 354 400 400 441 443 458 475 504 508 508 
404 404 
233 233 327 327 
196 224 313 350 350 373 373 
271 271 
476 476 496 
264 

76 76 
117 
182 182 444 444 
41 41 184 
455 
441 
104 104 
330 
354 354 
108 414 461 
290 
76 

408 
76 168 346 
2 178 178 183 183 

180 
172 172 172 184 184 315 315 354 486 489 
184 

5 
222 309 413 413 
106 106 372 372 
406 406 
358 
62 62 159 159 166 166 231 302 302 302 402 477 485 485 
192 249 
16 16 85 99 151 151 156 184 184 184 354 354 399 445 445 450 492 492 
321 323 
193 193 
137 
439 
339 339 381 
459 
5 50 50 

5 48 48 400 400 

184 184 345 

76 76 299 501 
93 236 
191 236 236 236 304 487 

294 294 397 397 
444 444 444 
104 104 104 
359 359 
39 39 241 241 330 
383 463 

193 362 416 

192 192 281 347 
296 371 
236 236 236 344 344 
258 
330 330 
325 358 
94 315 315 

383 383 383 
13 13 24 27 54 54 107 109 184 199 199 207 208 228 242 245 245 314 314 322 322 328 346 354 360 360 422 423 440 440 
196 196 

236 
314 314 418 418 
113 184 329 359 394 
142 142 143 143 389 389 
236 
312 312 348 
41 160 312 
508 508 

5 5 504 504 
358 358 358 
358 
2 
404 404 413 
55 
73 315 

314 314 314 321 321 
171 290 290 
441 441 
41 462 
197 496 496 
140 140 195 195 378 
117 
146 379 379 425 
19 19 60 60 60 138 507 
190 190 
36 36 149 149 149 190 
76 
22 414 414 414 
76 
176 176 247 
182 182 340 340 
184 184 
81 
367 

184 
14 102 125 136 184 184 184 
364 
122 222 413 
486 489 
143 
119 
468 468 
232 387 387 
117 136 136 136 
185 491 491 
480 
220 220 220 413 
415 
177 177 389 
454 
168 413 

380 

117 125 125 125 
44 368 
104 164 252 
381 381 
101 101 320 320 
413 413 
82 82 389 389 
82 82 121 217 217 
282 

103 
344 344 
236 236 
106 106 106 417 
248 
41 41 
213 213 292 


413 494 494 
41 
374 
194 271 
39 39 188 205 205 219 219 231 305 330 428 510 510 511 
85 272 312 312 498 
413 413 413 


138 

39 39 477 
413 
27 132 
296 296 374 
471 
97 290 
31 31 31 

222 222 335 335 376 413 
407 
110 110 247 247 
130 130 269 283 283 283 300 415 
28 28 183 

30 222 483 
367 
2 15 15 111 111 220 404 413 413 
2 28 28 178 
5 5 16 31 31 32 41 41 41 52 52 76 81 112 112 116 117 117 117 221 246 258 258 260 279 284 291 291 292 315 315 324 338 354 355 355 396 409 409 426 426 426 451 451 456 465 465 465 484 484 488 488 490 
126 491 
245 361 

159 477 
2 
105 105 106 
56 236 267 285 304 
40 67 67 236 236 281 281 
43 43 65 358 362 362 413 479 479 500 500 
158 
101 101 471 
8 77 77 290 373 413 
100 496 
5 386 
76 76 207 337 337 337 

415 
355 
271 

159 159 
274 
76 199 
76 

309 309 
460 460 
233 233 
152 152 
215 
214 314 467 467 467 

143 143 

159 159 232 274 
128 128 128 182 413 413 
184 
35 119 174 174 180 314 341 376 376 

8 276 276 
5 5 259 377 377 393 458 
292 292 
343 343 343 
76 245 
295 509 
303 303 415 415 
39 159 
124 219 454 
7 7 212 212 271 374 


55 56 56 56 69 69 69 79 83 148 148 191 192 192 267 267 275 275 344 344 351 351 356 415 438 460 487 


342 342 342 405 
476 476 
62 62 
76 
413 413 494 
325 
76 76 186 228 
184 
110 176 176 288 
150 
40 
401 417 417 
286 
138 
330 
283 415 
5 5 
354 354 
375 375 375 
70 184 184 
225 
184 
329 
364 410 
315 315 
11 

271 
191 236 236 356 471 

177 

9 9 158 203 233 266 282 282 287 297 374 391 391 408 412 412 427 
160 
5 5 475 
206 219 405 
236 236 
224 224 


184 
308 467 467 
67 192 192 347 
144 271 271 427 427 
177 177 177 254 
184 
191 
251 
271 
247 

23 97 97 171 196 
184 184 426 426 
152 184 226 226 364 410 
408 
58 58 408 408 408 
229 
68 169 169 
271 

54 413 
177 
0 339 
39 39 39 
230 230 
56 191 
159 
370 408 408 
354 396 396 396 465 
280 
35 210 210 

424 
84 84 85 160 160 
8 
76 76 80 80 96 96 96 215 222 317 317 319 349 349 398 413 413 413 418 429 429 434 455 467 467 481 
31 31 73 73 94 184 184 263 263 336 486 486 

314 314 
413 
314 
140 140 
42 96 96 323 
76 76 
42 321 
184 
72 244 503 503 503 

7 7 
76 
81 261 
20 62 71 71 159 253 369 428 

407 413 
413 
385 413 
174 174 413 
315 
199 199 199 
184 
46 46 301 381 381 408 408 452 452 464 470 470 
111 111 
222 
239 239 239 
227 227 227 
69 69 147 147 236 236 447 
52 
27 76 
67 281 421 
84 
314 314 481 
8 8 
236 236 415 
402 482 

5 5 5 21 21 31 41 41 76 184 256 256 307 411 411 450 450 490 490 502 508 
184 184 202 
236 267 
367 431 431 496 
38 72 89 89 89 90 193 413 466 
61 61 81 
76 76 
186 
65 193 193 

118 262 292 
415 

114 181 357 
137 
330 
306 
68 
36 36 
8 8 196 
157 169 233 271 442 
257 257 257 
174 222 222 
225 225 
101 
103 103 
134 
0 46 139 139 339 339 395 408 408 

63 75 75 75 463 463 

334 413 
198 
124 124 
487 487 
82 82 130 142 142 461 461 497 
455 
271 271 

225 
81 495 495 
381 
184 307 307 307 
58 58 
314 
41 445 
5 5 50 50 
250 
39 352 

6 6 92 92 182 499 
239 274 
37 37 
175 332 413 
26 271 293 294 294 294 306 306 339 339 381 381 437 437 470 
184 184 
262 292 
354 354 
271 271 
35 35 92 119 128 132 141 141 155 161 161 161 167 174 182 182 193 196 220 220 243 243 299 314 314 314 318 332 333 334 335 358 385 407 439 448 448 455 500 
22 108 108 108 497 497 
129 177 201 230 230 236 254 351 365 463 463 
65 
149 250 250 
80 80 314 

441 
347 
76 
76 
311 
103 
184 184 184 291 291 
271 282 282 
159 330 
314 314 

357 357 


314 
449 449 449 

408 408 
236 
45 413 
76 76 
1 5 18 98 98 420 
374 468 
5 
15 15 59 59 59 
41 41 399 

344 
413 413 
435 435 435 467 467 
41 354 354 462 
184 184 
339 339 

131 232 
17 314 390 413 
184 462 491 

5 225 
47 
211 211 236 
22 389 389 
99 450 456 
63 383 383 415 415 
339 
184 184 184 307 
358 
215 215 215 280 280 314 314 449 449 
123 123 442 
511 511 
339 339 408 
170 195 267 
475 

487 487 
5 273 472 
10 10 240 240 
39 166 188 

193 193 
127 
314 349 
352 
180 
184 184 
39 39 
31 120 315 315 489 
56 236 388 388 474 474 
184 184 
31 120 486 
184 354 354 
126 126 185 456 
41 41 

155 155 243 
394 394 
10 100 100 197 357 
389 414 414 
160 
404 
193 193 413 
54 
354 
325 325 325 
5 88 88 


104 
5 5 86 86 354 
229 
159 159 
159 469 469 
