Nodes: 512, Edges: 729
381 381 
441 441 
28 91 91 91 111 182 182 
271 
454 454 
48 48 48 50 88 184 255 273 273 354 400 400 400 441 443 458 475 504 
404 
271 271 327 
196 313 373 373 
271 271 271 
476 
264 
184 184 202 202 
76 76 
117 
444 
184 
455 

104 

354 
108 115 331 389 414 
290 290 
76 76 
408 

76 76 76 346 
2 178 178 
56 56 
180 222 
172 172 184 315 354 354 486 489 
184 184 
67 192 192 

210 309 309 
106 372 372 

358 
62 159 166 219 219 231 231 241 330 330 330 402 405 477 477 485 485 485 
192 236 249 
156 160 160 184 184 354 445 445 492 
321 323 
193 

76 439 439 
339 
76 76 346 459 
5 5 5 50 50 
236 
5 48 48 400 
490 
345 

76 76 299 501 
93 236 
29 29 236 236 236 304 487 
415 
397 

236 236 
359 
39 241 330 330 
463 



33 192 192 281 347 
169 371 
344 
184 
330 
89 89 325 358 466 466 
94 94 
413 
463 
13 13 24 24 27 27 27 45 47 47 54 54 107 109 109 109 184 186 196 199 208 229 245 292 299 299 299 322 328 360 413 422 423 440 456 456 478 478 509 
196 413 
456 
236 
314 
261 289 289 394 394 495 
121 143 329 329 
236 
85 
84 348 348 
465 465 
306 370 370 408 
5 504 
72 72 358 358 358 

2 2 2 
404 404 413 
55 
73 73 315 
418 418 
314 321 
171 290 
420 420 441 441 
462 
496 496 
140 195 378 471 471 
117 117 136 216 
146 425 
19 138 236 

36 190 190 
76 
22 414 414 
76 76 76 199 
130 176 176 176 247 401 
2 
184 

367 367 
22 
184 
14 102 102 125 125 135 135 136 136 184 
364 364 
413 413 413 
486 486 489 
82 143 

468 
232 232 387 
117 117 136 136 
185 491 

413 413 448 
415 
110 177 389 389 
454 
168 413 413 
145 145 
354 380 
117 117 
102 117 117 125 125 
184 
104 236 
381 
101 320 
413 413 
389 
82 121 217 

133 133 339 339 
103 
236 
236 236 304 304 

408 408 

364 
325 325 

494 494 
41 
276 276 
194 271 408 
39 188 205 219 219 227 231 231 305 305 330 402 402 469 469 477 510 510 
41 41 498 
413 413 
322 


329 
39 477 

132 413 
68 179 
471 471 
97 290 290 290 
31 31 

222 335 335 362 376 
407 407 413 
110 110 110 247 
130 415 
28 28 183 183 
169 
30 222 222 
367 
2 2 220 340 363 404 404 413 413 444 
178 178 
5 12 12 16 31 32 32 41 41 70 76 112 116 117 137 213 246 246 246 258 258 279 284 284 292 315 315 345 354 355 409 451 484 484 490 
126 473 
76 440 

159 477 

106 106 
268 268 285 446 446 497 
33 33 40 67 67 281 
43 358 362 413 479 479 500 500 500 
158 
101 267 471 
8 76 77 290 290 290 350 350 350 373 
240 496 
386 
76 109 207 337 337 

236 236 415 415 
12 12 355 355 

267 267 
159 
274 274 274 
199 
76 
328 328 
35 309 

233 
184 
314 314 
314 
102 
143 
271 271 
39 39 159 159 274 274 402 454 454 
182 413 

30 174 180 180 341 413 413 413 483 

276 
259 259 393 393 419 419 458 458 458 
292 292 
159 392 392 477 482 482 
292 
76 295 509 
236 275 303 
39 39 159 159 
124 124 
212 238 310 374 505 
503 
487 487 
40 49 55 56 56 56 60 60 79 83 104 138 147 148 148 201 201 230 237 275 275 344 344 356 432 432 438 460 
236 
233 
268 
197 476 
39 62 
423 
311 413 494 
325 
76 
184 184 184 
110 176 288 401 
408 
40 
417 417 
413 413 

330 

5 
354 
375 
184 184 409 409 
225 225 419 419 

81 
364 364 
315 315 
11 334 385 

271 271 
195 204 204 268 356 
191 191 239 267 


3 7 7 9 9 9 158 218 218 266 266 297 297 327 374 375 391 391 401 408 408 412 427 427 442 442 

5 5 472 472 
206 206 206 219 219 405 405 
230 236 236 
157 157 224 
415 
460 460 
184 
449 467 467 
67 192 298 298 347 421 
427 427 

184 184 
191 
382 382 382 413 

247 
81 81 
23 23 97 171 171 171 196 196 196 480 480 

76 184 226 226 228 
408 
408 
229 
425 425 
271 271 
281 281 347 
54 76 76 76 413 413 

339 339 

230 415 
56 148 148 
159 159 392 392 
87 408 
354 396 
467 
35 35 210 
233 
243 424 

8 
80 96 214 214 215 317 349 349 354 398 413 413 418 429 434 434 449 449 455 467 467 467 481 
31 94 184 184 263 263 336 486 

314 413 
413 
354 
140 396 
42 96 323 
76 162 
42 321 

72 153 153 244 
358 
7 271 
76 209 209 
82 82 165 
39 39 39 62 62 71 159 253 369 369 428 
22 
407 407 413 413 
413 413 413 
264 
174 174 413 413 
315 486 
199 199 

46 145 145 301 301 381 408 427 427 452 453 
182 
222 


69 236 236 447 447 
52 184 
27 47 459 
67 281 298 506 
85 85 
314 314 481 
196 196 196 
432 
402 482 
456 
5 21 31 31 41 134 184 256 307 314 319 411 450 490 502 508 508 
184 202 202 
236 267 

38 72 89 89 89 193 326 503 503 503 
61 
76 

174 193 413 
182 
118 118 152 262 262 410 
415 

114 114 181 390 390 496 496 496 
401 
330 330 
87 87 
68 
36 36 
8 8 196 
233 271 408 442 
257 271 
174 

101 

134 
0 0 139 339 408 408 
286 286 286 
415 415 463 

264 413 
198 
124 
487 487 
22 130 130 142 461 461 
367 367 455 455 
271 271 
227 227 305 305 
225 225 
81 81 495 

307 320 
58 
314 
445 
5 5 5 50 
110 247 271 368 
39 159 159 219 352 
427 
6 92 92 182 182 
39 274 274 

175 175 332 332 413 413 
25 87 150 150 158 248 271 271 293 294 306 339 374 381 381 412 
184 258 258 
364 
354 
271 408 
74 76 77 92 119 119 119 128 128 132 132 141 141 161 161 168 175 182 182 193 220 222 222 222 243 251 251 286 299 299 314 314 317 318 332 332 333 333 333 335 335 362 385 407 407 448 455 500 500 
22 108 108 
57 129 177 201 201 277 303 365 383 383 432 432 

250 250 
95 95 314 
225 225 259 259 
98 98 441 
281 
76 
76 242 
311 
103 296 296 

271 271 282 282 339 339 403 
330 
314 

496 496 
236 236 351 415 415 460 

314 314 
449 


236 
45 45 
76 186 
1 1 5 98 98 420 
271 271 374 468 
5 
15 182 
41 41 399 
191 191 
344 344 
128 413 
280 314 314 435 467 467 
354 
184 
339 464 464 
339 
4 4 131 219 219 
17 314 390 390 413 
76 76 78 353 491 491 491 

5 225 225 225 
47 346 
236 278 278 432 
389 389 
99 
63 75 383 
452 452 
86 86 
72 72 
280 280 308 314 314 314 449 449 
123 442 
159 159 

101 101 170 170 195 
273 273 475 
185 
487 487 487 
5 472 
10 240 496 
39 39 159 166 188 227 
76 76 
193 193 
290 290 
314 349 
227 227 352 
222 
184 184 
39 39 39 
31 120 120 315 336 489 
56 235 235 388 388 474 474 474 

31 120 486 
51 184 354 
126 456 456 456 
41 

155 155 243 
81 394 
100 100 197 367 367 367 431 431 476 
191 
160 

193 193 193 413 413 
54 
354 
234 358 358 358 
5 88 
233 
347 

354 354 
76 229 
159 159 

