Nodes: 512, Edges: 729
381 
441 
28 28 91 111 182 189 
271 493 493 

34 48 48 48 88 184 225 255 273 354 354 354 400 400 441 441 458 504 508 
404 
271 271 327 327 
313 350 
271 
476 496 
264 264 
202 202 355 
76 
52 117 184 
182 182 
24 
455 
441 

330 330 330 
354 354 354 
108 115 115 331 414 436 461 461 
171 171 
16 76 76 
408 
158 158 158 408 
346 
2 2 178 
56 
180 
172 184 184 315 315 486 489 
184 184 
67 192 
5 
210 222 309 309 413 413 
106 269 372 372 
406 415 

62 219 219 231 241 302 330 330 330 402 402 405 405 477 477 
192 192 192 236 236 249 
151 151 160 160 184 184 354 399 445 450 450 492 
323 

137 137 
76 413 439 439 
64 339 339 
346 346 459 
5 5 5 50 
236 
48 400 
490 
14 184 345 

76 76 299 
236 
29 304 304 304 446 446 
415 
294 397 

236 236 
81 359 
39 
383 
46 381 
193 362 416 

33 192 281 281 347 
169 371 
236 236 344 
184 258 258 
330 
358 
94 94 94 315 315 315 
413 413 
463 
13 24 24 45 54 54 107 107 184 199 199 208 229 242 292 314 322 346 346 353 360 360 423 440 456 509 
196 413 

236 236 
418 
61 289 359 394 
142 143 
236 
348 
160 312 
386 386 386 508 508 
306 306 370 370 
5 
358 358 

2 
404 404 413 413 413 

73 73 73 315 315 
418 418 
314 321 
171 
420 441 
457 462 462 
476 496 496 
140 195 195 
117 136 216 
379 379 425 425 
138 236 236 

36 149 190 190 372 
76 76 
22 414 

130 176 247 247 
2 182 182 340 340 340 
184 

367 
22 22 
177 
14 102 135 135 135 136 184 184 
364 
122 122 222 413 


119 119 
468 
232 454 
136 136 


220 448 
236 
110 177 389 389 
454 454 
168 413 413 
145 
380 
117 117 117 
102 117 125 125 
44 44 184 
104 164 164 236 237 252 
294 
101 
413 
82 389 
82 
282 
133 


236 304 
106 250 
248 248 408 408 
41 41 
213 292 292 364 364 
325 

413 494 


26 26 26 194 271 271 408 
205 219 219 305 330 402 402 402 428 469 477 477 510 510 511 
41 41 85 272 272 498 
413 413 439 
322 

138 138 
329 
477 477 
220 413 
132 413 413 
68 296 371 
471 
23 23 97 
31 

222 335 335 376 376 
413 413 
110 247 247 247 
116 130 
28 183 

30 

2 15 15 111 111 340 404 404 413 413 444 
178 
5 14 31 31 32 32 41 41 52 70 76 112 117 117 137 221 236 236 236 246 246 258 292 292 315 315 315 324 345 354 355 355 366 396 409 409 415 415 426 456 465 465 484 490 490 
473 473 491 
245 245 
413 413 
477 477 
2 
106 106 372 
236 236 285 
33 40 40 40 67 236 236 
65 286 358 500 500 
158 
101 101 471 471 
77 200 290 290 350 373 413 413 413 
496 
386 
76 76 207 207 337 337 337 337 
196 

12 12 355 501 

267 268 
159 

199 199 478 
76 
328 
35 
460 460 
233 233 
152 
215 
214 
102 

271 
39 39 159 159 232 232 274 274 402 454 454 
128 167 413 
184 
35 119 174 341 341 413 483 483 

276 
5 259 377 393 393 458 458 
292 292 
305 343 343 343 392 392 477 482 
245 292 
76 
415 
39 
124 219 219 
212 212 238 271 271 310 310 310 375 
503 
487 
40 40 49 55 60 60 69 69 79 79 83 104 104 129 138 148 184 184 184 191 191 192 192 237 278 278 344 351 432 432 438 460 460 487 
138 236 
233 
268 342 405 405 
357 
39 
76 
311 413 494 
325 358 
186 186 228 
184 184 
110 110 176 176 176 
150 150 408 
40 
149 
270 286 413 
138 
330 
283 
5 
354 
375 
70 70 184 409 409 
225 261 419 419 419 
324 
259 329 
364 410 410 
315 
11 11 334 334 

271 271 
204 268 356 
204 239 267 
36 
251 
3 7 7 9 158 158 218 233 233 266 266 282 282 287 287 327 339 354 368 374 374 375 391 401 408 408 453 453 453 
160 160 
5 354 475 
219 219 402 405 405 

224 
415 
236 236 460 460 
496 
308 
67 67 298 421 
144 271 271 427 
254 415 415 

191 
193 251 382 382 413 413 
271 271 

81 
196 196 480 480 

76 152 152 184 184 226 226 228 364 410 410 

58 139 397 397 408 408 

169 425 

281 
54 413 


39 
415 
56 56 56 148 
159 227 392 
87 87 408 408 
354 396 
280 467 467 
35 35 
233 233 233 
243 
85 
8 
76 96 317 319 384 384 384 449 455 455 467 467 481 
31 31 73 73 73 94 94 184 184 184 263 336 486 

314 398 398 413 
413 
314 

96 323 323 
76 162 
42 321 321 
184 260 
153 244 503 503 
358 
7 7 271 
209 
165 261 
20 20 20 39 39 39 71 159 253 369 
22 
407 407 413 

264 264 385 
174 174 413 
315 486 
199 199 199 199 
415 415 
46 46 271 381 408 452 453 464 470 
111 111 111 182 
222 222 
239 
227 227 227 
69 236 
52 184 
27 47 47 76 76 459 459 
67 421 421 
84 
481 
8 196 
236 
402 482 
76 
5 5 5 21 21 21 41 184 256 271 273 307 411 450 450 462 462 502 508 
12 184 184 202 
267 
240 431 496 
72 89 89 193 244 326 503 
61 81 
76 76 

65 413 413 

118 152 152 262 292 
415 
184 
114 390 390 390 390 
271 401 
330 
87 87 
68 169 
36 36 106 190 
196 
271 271 417 
233 257 271 
174 174 
225 

103 103 
134 
0 64 339 395 
286 286 
63 415 463 463 
314 314 314 449 
334 413 413 
86 86 86 198 


130 130 142 497 
367 367 367 367 455 455 
271 
227 227 305 
225 225 
81 
381 
184 307 
58 294 294 
317 317 
41 445 
5 5 50 
271 368 
39 39 159 159 159 219 274 352 
427 
6 92 92 182 182 499 
39 39 239 239 274 274 
37 
332 332 413 
25 26 150 150 158 248 271 271 294 294 306 306 339 412 437 437 437 470 
184 184 258 258 
262 262 292 292 
354 
408 
35 35 45 74 74 77 92 92 92 119 132 132 141 155 161 161 167 168 168 175 175 182 182 187 187 196 196 196 220 222 243 251 286 286 299 317 318 332 335 362 362 385 385 407 439 448 455 500 
22 108 497 497 
37 57 184 184 230 277 283 283 303 338 338 365 383 
65 
374 
80 95 95 
259 259 259 
98 
281 347 347 

76 

103 103 296 
184 
282 403 
159 


357 
236 236 


449 
22 
408 408 408 
236 
45 45 161 413 
76 
1 5 5 18 98 


182 
41 399 
56 56 

128 413 
314 384 435 467 
41 41 354 354 

339 464 464 
271 271 271 339 
124 131 131 219 219 
17 314 314 390 390 413 
76 184 491 
99 
5 225 225 
47 346 346 
211 211 236 236 278 278 
22 22 497 497 
99 99 354 354 
75 383 383 
339 452 452 
184 184 

308 308 314 314 449 
123 
159 
339 408 
170 195 195 
475 
185 185 
487 487 487 487 
273 472 
10 100 496 
39 39 159 159 166 166 188 188 227 
207 

290 290 
314 349 
227 352 
222 222 
184 

31 315 336 489 489 
235 236 474 474 474 474 

31 486 486 
51 184 184 
185 456 
41 
3 3 
155 243 

10 100 100 197 279 357 476 
389 414 414 461 461 
160 
404 
193 193 413 
202 
354 
234 325 325 358 
5 



5 86 86 354 
76 
159 159 
159 
