Nodes: 512, Edges: 729
301 
441 441 441 
28 28 91 111 182 
271 271 271 
454 454 
34 34 48 50 50 50 184 184 225 225 255 273 273 354 354 441 443 458 504 504 

233 
196 224 350 
271 271 
476 
264 
202 

52 117 117 184 
182 444 
24 41 41 

441 

330 330 

108 115 331 389 461 
171 
16 76 76 
408 
408 
346 
2 2 178 
56 
180 180 222 
172 315 315 354 354 489 
184 
67 67 192 192 
5 5 
210 210 222 413 
372 372 372 372 


159 219 241 241 302 302 405 477 485 
236 236 249 249 
16 16 85 85 137 160 354 354 399 399 445 445 445 450 
321 
193 

76 413 439 
64 339 339 395 
76 346 
5 50 50 
236 
5 5 5 48 48 400 
490 
14 184 184 
225 
299 
93 236 236 
29 191 446 
415 
294 294 
444 
236 236 
81 81 359 
241 330 330 330 
383 383 463 
46 381 
193 

33 33 281 281 
169 169 296 296 371 371 
236 344 
184 184 246 246 

89 89 325 358 358 
315 


24 24 45 47 107 107 109 109 162 184 184 186 186 207 208 208 229 245 314 322 322 328 353 354 354 360 422 423 440 440 456 509 
196 413 
456 
236 
314 314 418 
61 61 82 113 184 184 184 261 261 289 329 329 495 
81 121 143 329 
236 236 236 
85 348 
41 41 84 160 312 348 
386 465 465 
370 370 370 
504 504 
72 72 358 
358 358 
2 
182 404 413 
55 
315 
418 418 
321 

441 
462 
197 476 496 
140 140 378 
117 136 136 216 
379 
236 507 
184 
149 190 190 372 
76 76 
22 414 414 
76 76 199 
130 247 401 
2 340 
184 
81 
367 367 
22 
177 177 184 
14 14 102 135 184 
364 364 
122 222 
486 486 489 
82 
119 314 
468 
232 232 232 454 454 

185 
480 
220 220 220 413 413 

110 389 

413 
145 145 
354 380 380 380 
117 
102 102 
41 184 
236 237 
381 381 
101 101 
413 
389 389 
82 217 
282 
133 133 

236 236 
236 
106 250 417 
248 248 339 408 
354 
213 
325 325 

494 
450 

271 408 
39 188 188 205 205 219 227 231 305 305 330 330 330 402 428 428 433 469 469 510 511 
41 85 272 498 498 
413 439 
76 322 


329 
477 477 
413 
413 413 
68 68 296 371 371 371 371 

23 290 
31 

222 362 376 376 376 
413 413 
247 
116 116 
28 183 

30 30 
367 
2 15 92 220 340 363 404 444 444 
178 
5 5 14 32 52 52 70 70 76 76 81 81 81 105 112 116 117 137 213 213 221 236 236 236 246 258 258 267 279 289 289 291 307 307 307 315 324 338 345 354 355 355 415 415 426 451 456 465 484 488 
126 491 
76 76 245 440 
413 413 
159 159 477 477 

106 106 372 372 372 
56 268 
33 33 236 
43 65 286 286 413 479 500 

236 236 471 
8 77 200 290 413 
100 240 496 496 
386 
109 207 
196 
236 
12 355 355 


159 159 
274 
76 199 478 478 
76 76 

35 35 309 309 
460 

152 184 184 
314 314 314 
314 314 467 467 
102 
143 
271 
39 159 274 274 402 402 
128 128 128 182 413 
184 
30 35 119 174 341 376 413 
329 
8 276 313 350 
5 5 53 259 377 377 393 441 441 458 

159 305 305 343 392 392 392 477 482 

76 295 295 509 509 
303 303 415 415 415 
159 
124 124 124 454 454 
7 238 310 310 374 375 375 
503 
487 
40 40 49 55 55 60 60 69 79 83 83 83 104 138 147 147 148 184 184 184 192 195 195 201 237 237 267 267 275 275 278 344 344 351 356 356 415 432 432 460 460 
138 236 236 
233 367 
268 268 268 342 
197 357 
39 39 62 

311 311 311 413 494 
325 
76 186 
70 70 184 
110 176 288 
150 150 408 
40 40 
149 374 374 401 
270 270 270 270 270 286 413 

330 

5 
273 
375 
184 184 
225 419 419 419 419 
324 
81 81 

315 315 
11 334 334 385 
496 

184 236 236 
191 239 239 239 285 
415 415 
251 251 251 251 251 
3 3 3 9 9 158 218 282 287 297 327 374 391 401 401 453 
160 
5 5 256 354 354 475 
206 219 219 405 405 
236 236 
224 
415 415 
236 460 460 
184 496 
467 
67 67 298 298 347 421 
144 271 
415 

268 
193 193 251 382 382 382 413 
271 
247 
81 184 184 
171 196 480 480 
184 426 
364 364 410 410 
408 
58 58 408 
229 229 
68 68 169 425 
271 
281 281 
54 413 

0 
39 39 
230 230 415 415 

159 159 227 227 
370 370 370 408 
184 184 184 465 465 
467 
210 210 
233 233 
243 243 243 424 
85 
224 
76 80 80 122 214 214 214 215 215 319 319 349 349 354 398 398 429 449 455 467 481 481 
31 31 73 94 184 263 263 486 

398 413 413 
413 
314 314 354 354 

42 96 323 
76 76 162 
321 359 
184 260 
72 153 153 244 503 503 

271 
76 
81 81 82 165 223 
20 20 62 62 62 159 159 159 253 428 
22 
407 413 413 

264 264 385 385 413 
413 


184 
46 46 150 381 408 408 427 
111 182 
222 
239 
227 
69 236 236 447 
184 
27 47 
281 421 421 
84 85 
314 314 481 
8 224 
236 
402 482 
76 
5 5 31 31 41 41 76 76 134 151 184 273 273 314 319 319 490 490 508 
184 184 202 202 
236 236 
240 496 
72 72 89 90 90 503 
61 323 
76 

174 413 
182 
118 118 292 292 410 
415 

114 114 181 238 390 390 390 496 
401 

87 87 87 306 306 306 
68 68 169 169 169 169 
36 36 36 36 106 190 190 190 

233 250 250 271 417 417 
233 233 257 
174 174 174 222 
225 225 
101 
103 
134 134 134 
64 139 139 339 395 
286 286 286 413 413 
63 63 415 432 463 
449 
264 334 334 413 
86 198 

487 487 
22 130 142 142 461 497 
367 367 367 455 
271 
227 227 227 
225 

46 381 


314 314 317 
41 41 445 
50 
110 250 271 271 368 
159 219 219 352 
427 
92 182 
39 274 274 

332 
25 26 150 158 248 293 294 306 339 339 412 412 412 470 470 

292 292 364 

408 408 408 
35 45 77 92 128 128 132 141 161 167 168 168 175 175 187 187 193 196 220 222 243 251 286 299 317 317 318 332 332 334 335 362 382 382 385 439 439 
108 108 497 497 
57 184 184 230 230 230 236 269 269 277 277 283 303 303 365 383 463 

149 374 374 
80 95 95 
259 259 259 259 

281 347 347 
76 
76 
311 
296 
184 291 
339 403 
159 159 330 
314 

496 496 
236 236 383 460 460 460 
159 

449 


470 
45 161 413 413 
76 76 186 
1 1 1 5 18 98 225 225 
468 468 
5 
15 59 182 182 
41 41 41 399 
56 
344 

314 384 435 467 
41 156 
184 
464 
271 
4 4 124 124 232 232 
314 390 
76 78 184 462 491 491 491 

5 225 

211 236 236 278 278 432 432 432 
22 389 497 
99 456 
63 383 415 
452 
86 86 184 307 307 

215 215 280 308 314 449 
123 442 442 
159 159 
408 408 438 
195 



273 
10 100 496 
39 166 166 188 188 227 
207 207 
193 
127 290 290 
314 314 349 
227 352 

184 
39 
120 120 315 489 
235 388 388 
184 
31 120 486 
51 354 354 
185 456 456 456 


155 243 
81 
100 197 197 265 279 357 367 431 431 476 
389 414 414 461 
160 160 

193 


234 325 325 358 
5 5 88 88 


104 
354 
76 229 229 
159 
159 
