Nodes: 512, Edges: 729
381 
441 441 
91 111 182 183 183 189 
271 493 
454 
48 50 184 225 255 255 273 273 354 354 354 400 400 441 443 

233 271 327 
350 
271 
476 476 476 

184 202 
76 76 
117 
182 444 
24 41 41 184 
455 

104 104 
330 
31 31 354 354 
108 331 331 389 414 436 
171 290 290 
16 

158 158 
76 168 346 

56 
180 222 
21 21 172 172 184 184 315 315 354 486 486 486 489 
184 
67 67 192 192 

210 222 309 309 
106 372 372 
406 415 
358 
159 219 231 241 241 241 302 330 402 405 405 477 477 485 485 485 
236 249 
16 16 85 99 156 160 184 184 324 324 354 445 450 
323 323 

137 137 
76 413 413 439 439 
64 64 339 395 
76 76 346 346 346 459 459 459 
5 50 50 
236 
5 48 48 400 
490 490 
184 

76 76 299 501 501 501 
195 236 236 
29 236 236 487 487 

294 397 
444 
104 236 
81 


46 46 381 
362 362 362 

33 33 192 192 347 
169 296 371 
236 344 


89 89 358 466 466 
94 315 
413 413 
383 463 463 
13 13 27 45 47 47 54 54 184 186 196 199 208 208 228 229 242 245 245 245 299 299 322 322 328 423 423 440 440 440 456 509 
196 

236 236 236 
314 314 
61 82 113 389 394 495 
81 121 142 143 329 389 
236 236 
85 85 312 312 348 
41 84 84 160 
198 386 508 508 
370 408 408 

72 72 358 358 
358 358 
2 
182 404 404 

73 315 
418 418 
314 
171 290 

41 462 462 
197 197 476 
471 
117 136 136 216 
146 379 425 
19 19 60 138 236 236 507 507 
190 
36 149 149 190 372 

22 414 414 
199 
130 247 
2 182 340 340 340 
184 184 
81 


177 
14 102 136 236 
364 
413 
486 
82 143 
314 

232 387 
136 136 
185 491 491 491 
480 480 
413 413 448 
236 415 
110 177 177 177 
454 454 
168 413 413 
145 
354 354 380 

102 102 117 125 125 
44 44 
104 164 164 
381 

358 413 
82 389 
82 121 217 
282 
133 339 339 
103 
236 236 283 
236 
106 106 250 
248 248 408 408 
354 
213 292 292 364 364 
325 325 
374 374 
413 413 494 
41 450 
233 233 374 
26 26 194 194 408 
39 205 205 227 305 330 402 402 428 477 510 510 511 
41 85 272 498 
439 
322 

138 138 

477 
220 
27 132 413 
68 296 371 371 374 
471 
23 97 290 
31 31 
344 344 344 
222 222 376 413 413 
407 
247 
116 130 130 130 300 300 
183 

30 222 
367 367 
2 15 92 111 220 363 363 404 404 413 
2 2 178 
5 12 16 31 31 32 41 41 52 76 112 112 221 258 258 258 260 260 279 284 284 289 291 292 292 307 324 324 338 354 354 355 355 366 366 426 451 451 456 465 465 465 484 484 490 
126 491 
76 245 245 245 440 


2 
105 106 372 
236 267 285 304 446 446 497 
33 33 67 67 236 236 
362 479 
158 158 
55 471 471 
76 77 290 373 413 
100 100 240 476 496 496 
86 508 508 
76 109 207 337 337 337 


12 355 

267 
159 159 
274 
199 478 
76 76 

35 309 
460 
233 
152 
215 314 
214 314 467 
102 
143 
271 
39 232 402 402 
167 182 413 413 
184 
30 35 174 174 180 314 314 341 376 483 
329 

5 393 393 458 
292 292 
159 305 477 482 
76 245 
76 295 509 
236 236 303 303 415 415 
39 
124 219 
7 157 157 212 238 238 271 296 310 374 375 505 505 
503 503 

40 49 55 55 56 56 60 69 79 79 79 83 83 104 104 117 129 147 147 148 191 192 192 230 230 237 237 237 267 275 275 344 344 351 415 415 432 432 460 460 
236 236 236 
233 233 
268 342 
197 476 
39 39 39 
76 
311 494 
325 325 358 
76 76 76 186 186 186 228 

110 176 288 
150 150 408 408 
40 
149 374 401 417 442 
270 286 413 

330 
283 415 
5 5 
273 

184 184 184 409 409 
419 
184 184 
329 
364 

334 385 
496 

191 204 236 268 356 356 
239 267 
415 
251 
3 7 9 218 233 282 297 408 427 442 
160 
5 5 256 354 354 472 472 475 
206 405 
236 236 

415 415 
460 460 
184 
308 449 449 467 
347 421 
144 271 
147 254 
184 184 
191 
251 382 382 382 413 

247 
184 
23 23 97 171 196 480 
184 426 
152 152 184 184 226 226 
408 408 
58 397 397 
229 
68 169 233 425 
271 
347 347 
54 76 76 413 
177 177 

39 485 
230 230 415 415 
191 
159 227 
370 
184 354 465 465 
280 
35 35 210 
233 
243 
84 84 

80 80 96 122 214 215 222 222 317 317 319 354 354 398 413 413 418 418 418 429 434 449 449 455 467 481 
31 31 73 94 336 

314 314 398 398 
413 413 
314 354 


76 76 162 
42 42 359 359 
41 41 184 184 
153 153 244 244 503 503 

7 
76 
82 223 261 
20 39 159 253 369 369 428 
22 22 
407 413 
413 
264 
413 413 
315 486 
199 199 199 
184 
46 145 145 381 381 452 453 464 464 470 470 
111 111 111 
222 
239 

69 173 173 173 236 236 

27 47 47 47 
67 281 298 298 
84 
481 
8 
236 415 

456 456 456 
5 5 5 21 21 31 41 134 134 151 184 184 273 273 307 314 314 319 411 462 490 490 502 
184 184 202 
267 267 
367 
38 72 89 89 90 90 141 244 413 
323 323 


65 65 65 193 413 
182 182 
118 152 152 262 

184 184 
181 181 357 

330 330 
87 306 
68 169 169 
36 36 106 190 
196 
154 154 157 169 233 250 408 417 
233 
174 222 


103 
134 
0 64 139 339 339 395 
286 286 286 
75 432 463 
449 
264 413 
86 
124 

22 81 82 142 461 461 461 497 
455 


225 225 
81 
46 381 

58 294 294 
314 317 317 
445 445 445 
5 5 50 
250 
39 159 159 219 219 
427 
92 92 182 182 
39 39 274 
37 
175 332 413 
87 87 150 150 158 248 248 271 293 293 374 412 437 470 470 
258 258 

354 
408 
45 45 74 74 119 128 128 132 132 141 155 155 168 174 174 182 196 220 220 251 286 299 314 314 318 318 332 333 335 335 358 362 385 407 439 448 455 455 500 500 
22 108 108 497 
37 129 230 230 236 236 254 269 277 277 303 303 351 463 463 

250 374 
95 95 314 314 314 
259 
441 
281 

76 76 

103 296 
184 291 
271 403 
159 330 
314 


236 236 383 460 

314 
449 449 
22 
408 

45 45 161 413 
76 76 76 186 
1 1 5 420 
250 271 
5 
15 59 
41 399 399 399 
191 191 

128 413 
280 280 314 314 384 435 435 
41 156 
184 184 
339 
339 
4 131 131 
17 314 390 413 413 
76 184 353 353 353 462 462 491 491 

225 
47 47 47 
211 236 236 278 278 432 
389 389 389 497 497 
99 99 354 456 456 
75 75 383 415 415 
339 339 
184 184 184 307 307 
72 72 
215 280 314 


339 339 408 408 
101 170 195 195 
273 273 475 

487 487 
273 472 
10 10 10 100 197 240 496 
39 39 159 166 227 
207 
193 
127 127 290 
314 349 
227 
222 
184 184 
39 39 39 302 
31 31 31 120 336 
56 56 474 474 

31 
51 51 184 354 354 
126 126 126 185 456 456 

3 
155 243 
81 
197 197 265 476 
191 389 414 461 461 
160 

413 413 
54 54 54 
354 
234 234 325 325 

233 233 

104 104 
86 86 198 198 
76 229 
159 159 
159 
