Nodes: 512, Edges: 729
381 
441 
91 182 183 
271 271 493 
454 
34 34 34 48 48 50 255 273 273 354 354 400 443 443 
404 404 
233 271 327 327 
350 
271 
476 
264 264 264 
184 184 202 355 355 
76 76 76 
117 
182 316 444 
24 
390 

104 
330 330 
354 354 354 
108 108 115 115 331 389 414 414 436 436 461 
171 290 
16 76 
408 408 

346 
178 
56 56 
180 222 
172 315 315 354 489 489 489 
184 184 
67 192 
5 5 5 
222 222 309 309 413 
372 
406 415 415 
358 358 
62 163 219 219 219 231 241 330 402 405 477 477 485 485 485 
236 236 
85 137 151 151 151 160 160 324 354 445 492 492 
321 323 
193 

76 76 439 
339 339 381 381 395 
76 76 346 346 459 459 
5 5 50 50 50 
236 236 
5 48 48 48 400 400 
490 
184 184 
225 225 
76 299 501 
195 
29 29 236 236 446 
415 415 
397 

236 
81 
39 241 
383 383 463 
381 
193 193 416 

33 192 281 281 347 
169 169 296 
236 236 344 344 344 
184 184 246 
330 330 
89 325 325 358 466 
94 315 

463 
13 13 13 24 45 45 47 47 54 109 109 162 184 196 199 199 208 228 229 229 242 292 299 322 322 346 353 353 353 354 440 456 456 456 478 
196 196 


314 418 418 
61 82 82 329 359 359 495 
81 81 121 142 142 143 143 329 389 
236 
348 348 
41 160 
386 465 465 508 
370 408 

72 358 358 
358 358 
2 
182 404 404 

73 

314 321 
171 171 290 


496 
140 195 471 471 
117 117 136 216 216 
146 425 
19 138 236 
106 190 
105 149 149 149 190 

22 22 
76 76 
176 401 
182 340 
184 


22 22 
415 
14 102 102 125 135 136 184 
364 
222 222 413 
486 486 
82 143 
314 
468 
232 232 387 387 
117 136 
185 491 
480 
220 220 220 413 

177 
454 
168 413 413 
145 145 
354 380 
117 
102 117 125 
41 
104 164 164 236 
381 381 
101 
358 358 358 
82 82 
82 82 121 

133 133 339 
103 
283 
236 236 236 236 
106 106 106 250 

41 41 41 
213 213 292 364 
325 325 
374 
413 413 494 494 

374 
194 408 
188 205 205 219 219 227 231 231 305 330 330 402 433 469 477 510 510 510 511 
41 41 85 272 312 498 
439 
76 322 
39 
138 138 
329 
477 
220 220 413 
132 413 
68 68 179 
471 471 
23 97 97 290 
31 
344 
222 335 335 376 376 
407 413 
110 247 
130 283 300 415 
28 183 
169 
30 483 

2 15 92 111 220 363 404 413 444 444 
2 178 
12 12 32 32 52 52 70 70 76 112 117 246 246 246 258 258 284 284 291 291 307 315 345 345 354 354 355 366 396 409 426 426 451 456 484 488 490 
126 473 491 
440 440 
413 
159 477 477 477 

105 106 372 372 
267 267 268 285 
33 67 236 
43 65 65 479 479 500 500 
158 
55 101 267 
76 77 77 290 373 373 
240 496 496 

76 76 207 207 337 337 

236 
12 
271 
267 267 268 
159 159 
274 
199 199 478 
76 
328 328 
309 309 
460 
233 
152 152 
314 
314 467 467 467 
102 102 

271 
39 39 39 159 159 232 274 454 
128 128 128 167 167 182 413 413 

30 35 35 119 119 174 314 341 376 413 413 
329 
276 276 313 
53 53 259 377 393 441 458 
292 
159 305 305 343 477 482 
76 245 292 
76 76 295 509 
236 275 303 303 303 415 
39 159 159 
124 124 219 
7 212 271 310 310 310 505 
503 503 
487 
40 40 49 49 56 56 60 69 69 83 104 138 148 148 148 148 192 201 230 237 237 275 275 278 278 351 415 415 415 438 438 460 
236 236 

268 342 405 
197 476 
39 62 
76 
311 413 413 494 
325 
228 
70 184 184 184 
176 288 401 
408 

149 401 417 
286 413 


283 283 415 415 
5 
273 
375 
184 184 
225 419 419 

329 
410 
315 
11 11 11 
496 
271 
191 191 195 204 204 356 
191 204 239 
415 

3 3 7 9 203 218 233 266 287 297 327 339 375 375 391 442 453 
160 
5 5 256 475 
206 219 402 
230 236 236 
224 224 
415 
236 236 460 
496 
308 308 449 449 467 
67 67 298 347 347 421 
427 427 
147 177 254 254 
184 184 
191 
251 
271 
247 

23 97 171 196 480 480 
184 184 426 426 
76 152 226 228 364 
408 
397 408 
229 
68 425 
271 408 408 
281 
54 76 413 413 
177 
339 

230 230 230 415 

159 227 227 392 
370 408 
184 
280 280 467 467 
35 35 210 210 
233 233 233 
243 424 
160 
224 
80 96 122 214 215 222 317 349 398 418 418 434 434 449 455 467 
31 31 73 184 263 486 
15 
314 398 413 413 
413 413 
354 354 

42 96 323 323 
76 76 162 
42 321 321 
41 
72 72 153 153 244 503 

7 7 271 
209 209 
81 82 165 223 261 
20 20 39 71 71 159 159 369 369 369 430 
22 

413 
385 413 
174 174 
486 
199 199 
415 
46 46 145 271 301 381 381 408 408 427 452 452 
111 
222 
239 
227 
69 69 69 173 447 
184 184 
27 47 47 76 459 
67 281 281 421 
84 84 
314 481 481 
8 
236 432 
402 402 
76 76 76 456 
5 5 21 21 21 31 41 76 134 184 184 319 319 462 490 
12 12 184 
267 
431 496 496 
38 38 72 89 89 90 90 141 141 141 413 413 466 503 
81 81 


413 
182 
118 152 292 410 
415 
184 


330 330 330 
87 306 

36 190 190 
196 196 
154 157 408 417 417 417 
257 271 271 
174 174 222 
225 


134 
0 46 46 64 139 139 339 339 395 408 
413 413 
63 63 432 463 
449 
334 413 
86 
124 124 
487 
22 82 461 461 461 461 497 
17 455 
271 
305 
225 
495 
46 381 
184 
58 294 
314 317 
445 445 445 
5 50 50 
110 247 250 
39 159 274 352 352 
427 
6 6 92 92 182 499 
39 239 
37 
175 413 
25 25 87 158 248 293 294 297 297 306 339 339 374 381 
184 
262 364 


35 119 128 132 132 155 155 167 168 175 182 187 220 220 222 222 243 243 251 299 299 317 317 318 318 333 334 358 358 362 382 382 385 407 448 500 
22 22 497 497 497 
37 37 57 57 116 177 230 236 236 236 254 254 269 277 303 338 365 432 432 463 463 
65 
250 374 374 374 
80 80 314 314 
259 259 
441 441 
281 347 


311 
103 296 
184 184 291 291 
282 282 339 403 


330 
357 496 496 
351 383 415 415 460 460 
159 
314 314 

22 22 

236 236 
45 161 
76 186 186 
1 225 420 420 
271 
5 5 
15 182 182 
41 399 399 399 
56 
344 
413 
280 280 314 384 

184 
339 339 464 464 
271 
4 131 219 
314 390 
76 76 76 184 353 462 

225 
47 47 346 
211 236 278 432 432 
22 389 389 389 389 497 
354 456 
63 75 383 415 415 
452 452 
86 86 
72 358 
215 215 215 280 308 308 314 
123 
159 511 

101 101 170 170 
475 475 
185 
487 
273 472 472 
10 240 496 
39 39 159 166 188 188 188 227 
76 207 
193 193 
127 290 290 
349 349 
227 
180 
184 
39 39 39 
120 120 315 336 489 489 
235 388 474 
184 
31 31 31 486 486 
51 184 354 
126 185 
41 41 
3 
155 155 243 
81 394 
100 197 197 265 279 357 357 431 431 476 
389 414 414 414 461 
160 
404 
193 193 413 
54 

234 234 325 358 

233 


86 
229 
159 159 159 
159 469 
