Nodes: 512, Edges: 729
301 381 

28 91 91 111 111 182 183 
493 
454 454 
34 34 34 48 184 184 225 255 255 273 279 400 400 400 441 443 458 
404 
327 
224 224 
271 271 
476 476 476 476 

184 355 
76 
52 117 184 184 
182 182 444 
41 41 41 
390 455 455 
441 

330 330 330 
354 354 354 
108 108 108 389 414 436 461 
171 171 171 
76 
408 
408 
76 76 168 346 
2 178 183 183 
56 56 56 
180 
315 315 486 486 489 

67 192 192 
5 5 5 
413 413 
372 
406 406 415 
358 
62 166 330 402 477 485 485 485 485 
192 249 249 
16 16 16 137 151 156 156 160 354 354 399 399 450 
321 321 323 

137 
76 76 439 
339 339 395 
346 346 
5 50 50 

48 48 

14 345 345 
225 
76 76 299 501 
93 236 
29 29 29 304 446 
415 
294 294 294 397 
444 
104 104 236 
81 359 
39 241 
463 463 463 

193 362 416 416 
141 141 
33 192 281 281 347 
296 371 
236 
184 184 246 258 258 

89 325 325 466 
94 94 


13 24 27 27 45 45 54 54 107 109 109 162 184 196 199 228 228 229 242 292 292 299 299 314 314 322 322 328 328 346 413 413 413 423 423 440 456 478 509 509 
196 413 

236 236 
314 314 418 
61 82 261 289 329 359 389 495 
81 121 142 143 143 
236 236 
85 85 312 348 
84 84 160 312 
386 
306 306 408 408 
504 
72 358 
358 
2 2 
182 404 413 
55 
73 73 315 
418 
314 314 321 
171 290 
441 
462 
197 197 476 
195 378 
216 216 
379 425 
60 60 138 138 236 236 507 507 
184 184 
149 
76 
22 22 22 
76 76 
130 176 
2 2 182 182 182 195 195 340 340 
184 

367 


14 136 184 
364 364 
222 413 
486 
82 
314 
468 468 
454 
136 
491 491 
480 480 480 
220 220 448 

110 177 
454 454 
168 

354 

117 125 
41 44 
104 104 164 164 236 237 252 
294 

66 66 358 358 
82 389 
82 82 217 217 
282 
339 

236 236 344 

106 417 
248 
41 354 

325 
374 
413 494 
41 41 450 
276 
194 194 271 408 
205 219 219 219 219 227 231 330 402 433 469 477 510 511 
41 85 272 312 498 498 
439 439 
76 322 322 

138 138 
329 
39 477 
220 220 
27 132 413 413 
296 371 371 

23 23 23 97 290 290 290 


335 362 413 413 
413 
110 247 
130 300 
28 183 183 

30 222 222 483 
367 
2 15 15 92 111 111 111 316 340 340 404 413 444 
2 28 28 178 178 
5 5 12 14 14 70 70 76 105 105 112 117 236 236 236 258 258 260 267 279 284 291 307 315 315 324 354 355 366 396 396 396 415 415 426 451 456 456 465 465 484 484 488 490 
491 491 
361 
413 413 
477 

372 372 
268 
33 33 40 67 236 
65 358 362 413 
158 158 
101 111 111 
76 77 200 290 290 413 
100 100 
386 386 508 
76 207 337 
196 


271 
268 
159 
274 274 
199 

328 328 
309 

233 233 

314 
314 314 
102 102 
143 143 
271 
159 159 159 159 402 454 
128 128 167 167 

119 180 180 341 376 413 413 483 483 
329 329 
8 8 350 350 
5 53 259 377 377 393 441 441 458 458 458 
292 292 
159 305 305 343 477 482 
76 76 245 
76 295 
236 303 
159 

212 212 238 238 296 310 375 375 505 


55 60 69 79 79 83 83 104 104 138 147 147 184 184 184 192 230 237 278 278 344 351 351 415 432 432 432 438 460 460 487 487 487 
138 236 
233 233 
268 342 342 

62 
76 
311 311 494 
325 325 358 
228 
70 
176 288 401 
150 
40 40 
374 417 417 
286 
138 
330 
415 
5 5 
273 273 
375 
70 70 184 184 409 
225 419 
184 
81 329 329 329 
364 364 410 
315 
385 
496 
271 271 
184 471 471 
191 204 239 


9 9 158 203 218 266 266 282 282 287 327 339 368 374 374 391 391 408 408 412 412 427 
160 
5 256 256 354 472 475 
206 206 402 402 405 

157 
415 415 415 
236 236 460 460 
5 184 
308 467 467 
67 67 298 347 347 347 
144 271 271 

184 

251 382 382 413 
271 
247 
81 
97 171 171 171 196 196 480 480 
184 426 426 426 
76 76 226 226 364 364 410 
408 
58 58 58 139 408 
229 
68 169 233 425 
408 
281 347 
54 76 76 
177 
0 339 
485 485 
230 415 
56 
227 227 392 
87 87 370 370 408 
184 396 396 396 
280 467 
210 
233 
243 243 
84 85 160 

76 76 80 80 96 96 122 214 215 215 317 349 354 384 413 413 429 434 449 449 455 455 467 
31 31 94 184 184 263 336 486 
182 
314 398 398 413 


396 
42 42 96 
76 76 162 162 
42 359 
184 
72 72 153 244 244 503 503 
358 358 
7 271 
76 76 209 209 
81 165 223 223 261 261 261 
20 20 20 39 159 253 369 428 428 

407 413 
413 413 
413 413 
174 
315 486 
199 
415 
46 46 145 271 301 381 427 452 452 453 464 
111 111 182 182 
222 
239 239 
227 
147 236 447 447 
52 52 
27 47 47 76 459 459 
67 281 281 281 298 421 506 506 
84 
314 481 
224 224 
236 236 432 
402 402 

21 21 21 41 41 134 151 184 273 314 411 462 490 490 502 508 508 
12 184 

431 496 496 
38 89 90 141 141 193 244 326 326 503 503 
61 81 323 

186 
65 174 193 

118 118 262 262 292 292 410 410 
415 
184 
114 181 390 390 496 496 496 
271 401 
330 
306 306 
68 169 169 
36 190 190 

154 250 271 271 442 
233 233 257 
222 
225 225 
101 
103 

0 339 395 395 408 
286 286 
415 415 463 
314 449 
264 
86 198 198 


22 81 142 497 
17 367 367 455 455 455 455 
271 271 
305 
225 
495 
46 381 381 
184 184 184 307 307 307 320 
58 
317 317 
41 41 445 
5 5 5 
247 368 
39 159 219 274 274 352 352 
427 
6 92 182 499 
274 
37 37 
332 
25 26 87 87 158 271 271 293 294 297 306 381 412 470 470 
258 
262 292 364 364 
354 
271 271 408 
35 35 76 76 76 77 92 119 155 168 168 174 174 175 182 187 187 193 196 222 222 286 314 314 317 332 333 333 334 334 439 439 455 
22 497 
37 57 184 184 236 254 277 277 277 303 338 365 383 383 463 
65 65 
149 250 250 
80 95 
259 

347 

76 76 

103 296 
184 291 291 291 
271 339 403 
330 330 
314 

357 
236 236 236 351 460 
159 
314 
449 
22 

236 
45 161 161 413 413 
76 
5 18 98 225 225 
374 468 468 
5 
15 59 182 
399 
56 
344 344 
128 
314 314 384 435 467 
41 156 
184 
339 339 464 
339 
4 4 124 131 131 219 
17 17 314 314 390 390 390 390 413 
76 184 184 462 

5 225 225 225 
346 346 
236 236 278 278 432 
22 497 
99 354 456 
63 63 63 383 415 
339 452 
184 184 
72 
280 280 308 314 449 
123 123 442 442 
159 511 
408 408 
267 267 
273 

487 
273 
10 10 10 10 100 
39 159 166 188 227 
76 

127 127 127 290 290 
349 
227 
180 222 222 
184 184 
39 39 39 39 302 302 
31 31 120 315 336 489 489 
236 236 236 474 
184 
31 486 486 
184 354 354 
126 126 185 185 

3 
155 243 
81 394 
265 357 357 367 367 367 
389 414 461 
160 160 
404 

54 
354 
325 325 358 358 
88 
233 
347 347 
104 104 
198 354 354 
76 76 
159 
159 469 
