Nodes: 512, Edges: 1215
381 
441 441 441 
28 28 28 91 91 91 111 182 189 189 189 
271 271 493 
454 
34 48 48 50 88 184 198 225 255 273 273 354 354 441 441 443 443 475 504 504 504 508 508 

233 233 271 271 327 327 327 327 
224 350 373 373 373 
271 271 
476 476 
264 
184 184 202 355 

117 184 
182 182 182 444 
41 41 41 41 184 
455 455 455 
441 
104 104 
330 330 
354 354 354 
108 115 331 331 331 389 389 414 414 414 436 436 436 461 
171 171 290 290 
76 
408 408 
158 408 
168 346 346 
2 2 2 178 183 
56 56 56 
180 180 222 222 
172 184 184 315 354 354 354 486 486 489 
184 184 
67 67 192 192 
5 
210 210 222 309 413 
106 372 372 
406 415 415 
358 358 358 
62 159 159 163 163 166 166 219 219 219 231 231 231 241 241 241 267 302 405 405 477 477 485 485 
192 192 236 236 249 249 
16 16 16 16 85 85 99 137 137 160 160 184 184 324 324 354 354 399 445 445 492 
323 
193 
137 
76 76 413 439 
64 339 339 395 395 
76 346 346 459 459 
5 5 
236 236 236 
5 400 

184 184 345 
225 225 225 
76 76 76 299 299 501 
93 195 195 236 236 
29 29 29 191 191 236 236 236 304 446 446 487 

294 294 294 397 397 397 
444 
104 104 236 236 
359 
39 241 330 330 
383 383 383 463 463 
46 381 
193 193 193 362 362 416 416 
141 141 
33 33 192 281 281 281 347 
169 296 296 296 371 
236 
184 246 246 258 
330 
325 325 358 466 466 
94 315 315 
413 413 
383 383 463 463 463 
24 45 45 47 54 54 54 107 109 109 162 162 186 186 186 196 196 199 199 199 207 207 208 228 228 229 229 242 245 245 299 299 314 322 322 328 328 346 354 354 413 413 423 423 440 456 478 
196 413 
456 
236 
314 418 
82 82 113 261 261 289 289 329 329 359 389 389 389 394 394 
81 81 121 142 143 143 143 329 329 389 
236 236 
85 85 312 348 
41 41 84 84 160 348 
198 198 386 386 508 508 
306 306 370 370 370 408 408 
5 504 504 
358 358 358 
358 358 
2 2 2 
182 404 413 413 
55 
73 
418 418 
321 321 321 
171 171 171 290 290 290 
420 420 441 441 
41 457 462 
197 197 476 496 
140 140 195 378 378 
117 117 136 136 216 216 216 
379 379 425 425 425 
19 19 60 60 138 138 236 507 507 507 
106 
36 105 149 190 190 372 372 
76 
22 414 
76 76 199 
130 130 130 176 247 
2 182 182 340 340 340 340 
184 
81 
367 367 
22 
177 177 177 184 184 415 
14 102 102 135 135 136 136 184 184 184 236 236 236 
364 364 
122 222 413 
486 486 486 489 489 
82 143 143 
119 
468 468 
232 232 387 387 454 454 

185 491 
480 480 480 
220 220 413 448 
236 236 415 415 
110 110 110 389 
454 
168 413 
145 145 145 
354 380 380 
117 117 
102 102 117 117 
41 41 44 184 368 368 
104 104 164 164 236 236 237 
381 
101 101 320 320 320 
66 66 358 413 
82 389 389 
82 82 82 121 121 
282 282 
133 133 133 339 

236 236 283 344 344 
236 236 304 304 
106 250 250 250 417 417 
248 408 

213 213 292 292 
325 
374 
413 494 494 
450 
233 233 276 374 
26 271 271 271 408 
39 39 188 188 205 219 219 219 227 227 231 231 305 305 305 330 402 402 402 428 433 469 477 510 
41 41 85 272 312 498 498 
413 413 439 
76 76 322 
39 39 
138 138 
329 329 
39 39 477 
220 413 413 
27 132 413 413 
68 179 296 296 371 371 371 
471 471 
23 23 97 97 97 290 290 
31 
344 344 
222 222 335 413 413 
407 407 413 
110 247 247 
116 116 116 
28 183 
169 
30 30 222 
367 367 
2 15 15 15 92 111 111 220 316 363 444 444 444 
28 178 495 
5 12 12 14 16 31 31 32 32 41 41 52 52 70 112 116 116 117 117 117 137 213 221 221 236 258 258 260 267 267 279 284 289 291 292 307 307 338 338 345 354 354 354 355 366 366 366 396 396 396 415 415 415 426 426 451 451 456 465 465 484 484 484 488 490 
126 473 491 
76 76 76 245 245 361 440 440 
413 
159 159 477 
2 2 2 
106 106 
56 56 236 236 267 285 285 285 304 304 446 446 446 
33 33 40 40 67 236 281 
43 65 65 65 286 286 286 313 358 358 362 362 413 413 413 479 479 500 

55 55 101 236 236 267 267 471 471 
76 76 77 200 200 290 290 290 413 413 
100 100 476 496 496 
5 86 86 386 386 508 508 
76 76 76 109 337 337 337 337 
196 196 
236 236 236 415 415 
12 355 355 
271 271 
267 267 
159 
274 274 274 
76 76 
76 
328 328 
35 35 309 309 309 
460 
233 
152 152 184 
215 314 314 
214 314 314 314 467 467 
102 102 102 

271 
39 39 39 159 159 159 232 232 274 402 402 454 454 
128 128 167 182 413 
184 184 
30 30 35 119 174 174 180 314 314 341 376 376 376 413 483 

8 276 313 313 350 
5 53 53 53 259 377 393 419 419 441 441 458 
292 
159 159 305 343 392 392 477 477 482 482 482 482 
76 76 245 
76 76 295 295 295 509 
236 275 275 303 303 415 
39 39 39 159 159 
124 124 219 219 454 454 
7 7 157 157 212 238 238 271 271 296 296 296 310 310 310 310 374 374 375 505 
503 
487 487 
40 40 49 49 49 55 55 56 56 56 60 60 69 79 83 83 104 117 117 117 129 129 138 138 147 147 148 148 184 191 191 192 195 195 201 201 201 230 237 237 267 267 267 275 275 278 278 351 351 415 415 415 415 432 432 438 438 460 460 487 487 
138 236 236 
233 233 
268 342 342 
476 476 
39 39 39 62 
76 423 
413 494 494 

76 76 186 186 228 
70 70 
110 176 176 288 401 401 
150 408 
40 40 
149 149 149 374 401 401 417 417 417 442 442 442 
270 286 286 286 413 413 

330 330 
283 283 415 415 
5 
273 354 
375 375 
70 184 184 409 409 
225 261 419 419 419 419 
184 324 
81 81 259 329 
364 410 
315 315 
11 334 334 385 385 
496 496 
271 
39 184 184 191 195 195 204 204 236 236 236 268 268 356 471 
239 267 267 
415 415 
251 
3 3 7 7 9 9 158 158 158 203 203 218 233 233 266 282 287 297 297 327 339 354 368 374 374 375 375 391 391 401 401 408 412 412 427 427 442 442 442 453 453 
160 
5 5 256 354 472 472 475 
206 206 206 219 405 405 405 405 405 
230 230 236 236 
157 224 
415 415 
236 236 460 460 460 460 
184 
449 467 
67 67 67 192 298 347 421 421 
144 144 271 427 427 427 
147 254 254 415 415 
184 
191 191 191 
193 193 193 251 251 251 382 382 413 
271 
247 
81 81 184 
23 23 97 97 97 171 171 196 196 196 480 
184 426 426 
152 152 184 226 364 410 410 
408 408 
58 58 58 397 397 397 408 408 
229 229 229 
68 68 68 169 169 233 233 233 425 
271 271 408 408 
281 347 
54 54 76 76 413 


39 485 485 
230 230 415 415 415 
56 148 148 191 191 
159 159 159 227 
87 87 370 370 370 408 408 408 
184 184 354 354 354 396 396 465 465 465 
467 467 467 
35 210 210 210 
233 233 233 233 

84 160 
193 224 224 
76 80 214 214 215 215 215 222 222 317 349 349 349 384 384 398 429 429 434 449 449 449 455 455 455 467 467 467 481 481 
31 73 73 263 263 336 486 486 
182 
314 398 398 413 413 413 
413 413 413 
354 
140 140 140 
96 96 96 323 323 
76 76 162 
42 321 321 359 359 
41 41 260 
72 72 153 503 503 503 503 
358 
7 7 7 7 271 
76 76 209 209 
81 81 82 82 165 165 261 
20 20 62 62 71 159 253 253 369 369 428 428 430 
22 22 22 
413 413 
413 413 
264 264 385 385 413 
174 413 
315 486 486 
199 199 199 199 
184 184 415 415 415 
46 46 145 271 381 427 452 464 470 
111 111 111 111 
222 
239 239 
227 
147 147 173 173 447 447 
52 184 
27 27 47 47 76 459 
67 281 298 421 421 421 506 506 506 
84 85 
314 314 314 481 481 
8 224 
236 236 432 432 432 
402 
456 456 
5 5 21 21 21 31 31 31 41 41 76 76 134 184 184 184 256 271 273 307 307 307 319 411 411 450 450 450 462 490 490 502 508 508 508 
12 184 202 202 
267 
367 431 496 
38 38 38 72 89 89 89 90 90 141 193 193 326 413 466 466 503 503 503 
61 81 323 323 

186 
65 65 193 193 413 413 
182 
118 118 262 292 410 410 

184 184 184 
114 114 181 181 357 390 390 390 496 
137 137 271 
330 330 
87 87 87 306 306 306 
68 169 169 169 
36 36 106 106 
8 8 8 
154 157 233 233 250 271 271 417 417 
233 257 257 271 271 
222 222 222 
225 
101 101 
103 103 
134 134 
0 64 139 339 395 408 
286 286 413 
63 63 63 75 75 415 415 463 463 
314 314 449 449 
264 264 334 334 
86 86 198 198 
124 124 
487 487 
22 22 81 81 81 82 130 142 142 461 461 461 
367 367 367 455 
271 271 
227 227 
225 
81 81 495 
46 46 381 
184 184 184 307 307 
58 58 58 294 294 294 
314 317 317 
41 445 445 
50 
247 247 250 250 271 271 
159 159 159 219 219 352 

92 
39 39 274 274 274 274 274 
37 
175 175 413 413 
25 25 26 87 87 150 158 248 271 293 293 294 294 297 297 306 306 306 381 412 412 470 470 
258 258 
262 292 292 364 364 
354 354 
271 271 408 408 
35 45 74 74 76 76 77 92 92 119 128 132 141 155 161 161 167 167 168 168 174 174 175 187 193 193 193 196 196 220 222 243 251 251 286 299 317 317 317 318 318 318 332 332 333 333 334 335 358 362 362 382 407 407 439 439 448 455 
22 22 22 108 497 497 497 
37 37 116 129 129 184 184 184 201 201 230 236 236 236 236 254 254 269 269 277 277 283 283 303 303 303 338 338 338 383 383 432 432 463 463 463 
65 65 
149 149 250 250 250 374 374 
80 95 95 
225 225 259 259 259 259 
98 98 441 
281 281 347 347 347 

76 76 242 

103 103 103 296 
184 184 291 291 
271 271 282 282 282 339 
159 330 330 
314 314 
330 
357 496 496 
236 236 351 351 351 415 415 460 460 460 
159 
314 
449 
22 22 22 

236 236 
45 161 413 413 
76 186 186 
1 1 1 5 5 18 98 98 225 225 420 
250 250 250 271 271 271 468 
5 5 456 
15 59 182 182 182 
41 41 399 399 
56 56 191 191 191 
344 344 
128 413 
280 314 314 314 384 384 435 467 
156 354 354 354 462 
184 184 
339 464 
271 271 
4 124 124 131 219 219 232 232 
17 17 17 314 314 314 390 413 
76 78 184 353 353 443 491 491 491 
99 
225 
47 47 346 
211 236 236 278 278 278 278 432 432 432 
22 389 389 389 497 
99 354 450 
63 63 75 75 75 383 383 415 415 415 
339 452 
184 184 307 307 307 
72 72 358 358 
215 215 280 308 308 308 314 314 314 449 
123 123 442 
159 511 
339 408 408 
170 170 195 195 267 
273 273 475 475 
185 
487 487 
5 273 472 472 
10 10 100 197 240 240 496 
39 39 159 166 188 227 227 
76 
193 193 
127 127 127 290 
314 314 349 349 
227 227 227 227 
222 
184 184 184 
39 39 302 302 
31 31 120 120 120 315 315 336 336 489 489 
56 235 235 236 236 388 388 474 474 
184 
31 120 120 486 486 
184 354 354 
126 185 456 456 456 
41 
3 
155 155 243 243 
183 394 
100 197 197 265 265 357 367 431 431 476 
414 414 414 461 
160 160 

193 
54 
354 
234 325 325 325 325 358 358 358 
5 5 5 88 88 
233 
347 347 347 
104 104 104 
5 5 86 86 198 198 354 354 354 
229 
159 
469 
