Nodes: 512, Edges: 1215
301 381 
441 
28 28 91 111 183 183 189 189 189 
271 271 271 493 
454 454 454 
34 34 34 48 50 105 184 198 225 279 354 400 400 441 441 458 475 475 504 504 
404 404 
271 327 327 
224 224 313 313 350 350 373 
271 271 271 
476 476 476 
264 264 
184 184 202 355 355 
76 76 
52 117 184 
182 182 182 444 
41 184 
390 455 
441 441 
104 
330 330 330 330 330 
31 354 354 354 354 
108 115 331 331 389 389 389 414 414 461 
171 290 290 
76 
408 408 
158 158 
346 346 346 
2 2 178 178 
56 56 
180 222 
21 172 184 184 315 315 354 486 489 489 
184 184 
67 67 192 192 
5 5 5 
210 210 309 413 413 413 
106 106 269 372 372 372 372 
406 406 415 

62 62 159 163 163 166 166 231 241 267 267 302 302 402 402 402 405 405 477 485 485 485 
192 192 236 236 236 249 249 
16 85 99 137 137 151 156 160 184 184 324 324 354 354 354 399 445 445 450 450 492 
321 323 323 
193 
137 137 
76 413 413 439 439 439 
64 339 339 339 381 381 395 395 
76 76 346 346 459 
5 50 50 50 
236 
5 48 48 48 400 400 
490 490 
14 184 345 345 
225 225 
299 299 501 
93 236 236 
29 29 236 236 304 304 446 446 487 
415 
294 294 397 
444 
236 
81 
39 39 330 
383 383 463 463 463 
46 381 
193 362 362 362 416 
141 141 141 
33 33 192 281 347 
169 296 371 
236 236 236 344 344 344 
184 184 246 258 258 
330 
89 89 325 325 358 358 466 466 
94 94 315 315 

383 463 
13 13 24 45 47 47 107 107 107 109 162 162 186 196 196 199 199 199 207 207 207 228 229 229 242 242 242 299 299 299 314 322 322 328 328 346 353 360 360 413 423 423 440 440 509 509 
413 
456 
236 236 
314 418 418 
61 82 82 184 184 261 261 289 289 329 329 359 389 389 394 394 
81 81 121 142 143 329 329 329 
236 236 
85 348 348 
41 84 160 160 160 312 312 348 348 
198 386 465 465 508 
306 306 370 
504 
72 72 358 358 358 
358 358 
2 
182 404 
55 
73 73 
418 418 
321 321 321 
171 290 290 290 
420 441 441 
41 457 462 462 
197 197 496 496 
140 195 378 
117 136 136 136 216 
146 146 379 379 379 
19 138 138 236 236 507 507 
5 184 184 190 190 
36 36 149 190 190 
76 76 76 
22 414 414 
76 199 199 
130 130 176 176 176 247 401 
2 195 
184 184 

367 367 
22 
177 177 415 415 
14 102 125 135 135 136 136 184 184 184 236 
364 
122 222 413 413 
489 
82 143 143 
119 
468 
232 232 387 454 454 454 
117 136 136 
185 
480 480 
220 220 413 413 413 448 448 
236 415 415 
110 110 177 389 
454 
168 413 
145 145 
380 
117 117 
102 102 102 117 117 125 125 
41 41 44 44 184 184 184 368 368 
104 104 164 236 236 236 237 
294 381 
101 320 320 
66 66 66 358 358 413 
82 389 
82 121 121 217 217 217 
282 282 282 
133 133 339 339 
103 103 
236 236 283 344 344 
236 236 236 304 304 
106 250 
248 
41 354 354 354 
213 213 213 213 213 292 292 
325 325 325 
374 374 
413 413 494 
41 450 450 
233 233 
26 26 194 194 271 408 
39 188 188 188 205 219 219 219 219 227 305 305 330 330 330 402 428 428 433 469 469 477 510 510 
41 85 85 85 272 312 312 498 
413 439 
76 76 322 322 
39 39 
138 
329 
39 39 
220 220 
132 413 
68 179 296 296 371 371 371 371 374 
471 471 471 
23 97 290 290 290 
31 
344 344 344 
222 222 222 335 362 376 376 413 413 413 
413 413 413 
110 110 110 247 
116 116 130 269 300 300 300 415 415 415 
28 28 183 
169 
30 222 
367 
15 15 15 92 220 220 316 340 363 363 404 413 444 
2 2 178 
5 12 12 14 16 31 31 32 32 41 41 52 70 70 81 81 105 105 112 112 117 117 117 137 137 137 213 213 221 236 246 258 258 260 267 279 284 284 289 289 289 291 315 315 324 324 338 345 354 354 355 355 366 396 396 409 409 415 415 415 426 426 451 451 456 465 465 484 484 488 490 490 
126 491 491 
76 245 245 440 440 440 
413 
159 159 159 477 
2 2 2 
105 105 106 106 372 
236 236 267 267 268 268 285 304 304 446 446 
33 33 40 40 67 236 236 281 
43 65 286 358 362 413 413 413 479 479 500 
158 158 
101 111 236 236 
76 76 200 290 290 290 373 413 413 
100 100 496 
5 86 386 386 386 508 508 
76 76 76 109 109 337 337 337 
196 
236 236 
12 355 
271 271 
267 267 268 268 
159 
274 
76 76 76 478 478 

328 328 
35 35 309 
460 460 460 
233 233 
152 152 152 152 152 184 184 
215 215 314 314 
214 214 314 314 467 
102 
143 143 143 
271 
159 159 159 159 274 274 402 402 402 454 454 
128 128 167 167 182 182 413 413 
184 
30 119 174 174 174 180 314 341 341 376 376 413 413 483 483 
329 329 
8 8 276 276 276 313 
5 53 53 259 259 377 377 377 393 393 419 441 441 458 458 458 
292 292 
159 305 305 305 343 392 392 477 482 482 
76 245 245 245 
76 76 295 295 509 
236 275 275 275 303 415 415 
39 
124 124 454 
157 157 212 212 238 238 238 271 296 310 310 310 310 374 374 375 505 505 
503 503 503 
487 487 487 
40 40 40 49 55 55 56 56 60 69 69 69 79 79 83 83 104 104 117 129 138 138 138 147 147 148 148 148 184 191 191 192 192 195 195 201 201 230 237 237 267 267 267 275 278 278 351 351 356 356 415 415 415 432 438 438 460 460 487 
138 236 236 
233 233 233 
268 342 405 
357 476 476 476 496 
39 
76 76 76 
311 311 413 413 
325 325 358 358 
186 186 228 228 228 
70 184 
110 176 288 288 288 401 
150 408 408 
40 40 
149 401 401 401 417 417 417 442 
270 270 270 286 286 413 

330 
415 

273 273 354 
375 375 
70 70 184 184 
225 225 419 419 
184 324 
81 81 329 329 329 
364 410 410 
315 315 
11 11 334 334 385 
496 496 
271 271 
39 39 184 191 191 204 204 236 236 236 268 268 356 356 471 471 
191 191 204 204 239 267 267 285 
36 177 415 
251 251 251 
3 3 3 7 9 9 9 158 203 203 218 233 266 266 282 282 287 297 339 339 354 354 354 368 374 375 375 391 391 401 401 408 408 412 412 412 427 442 442 442 453 453 
160 
256 256 472 475 
206 219 219 402 405 405 405 405 405 
230 230 230 236 
224 224 224 
415 
236 236 460 460 
5 184 
308 449 467 467 
67 192 347 
144 144 144 271 271 427 427 
147 
184 184 
191 268 
193 251 251 382 382 382 413 413 
271 
247 247 247 
81 81 184 184 184 
23 23 97 97 97 171 171 171 196 196 196 480 
184 426 
152 152 226 226 364 410 410 410 
408 
58 58 139 397 408 408 
229 229 
68 169 169 233 425 425 
271 408 408 408 

54 54 76 76 76 413 
177 177 177 
0 339 339 339 
39 39 485 485 485 
230 415 
56 56 148 148 191 191 
159 159 227 227 227 392 
87 87 370 370 370 408 408 408 
354 354 354 396 465 
280 467 467 
35 210 
233 233 233 233 
243 243 424 
85 85 160 160 
8 8 224 
76 80 214 214 215 215 222 319 319 349 349 384 384 413 418 418 429 449 449 449 455 467 467 481 481 
31 31 73 73 184 184 263 263 336 486 
182 
398 398 413 

314 314 
140 140 396 
42 96 96 96 323 323 323 
76 76 162 162 
42 42 321 321 321 359 
41 41 184 184 260 459 
72 72 153 153 153 244 244 503 503 

7 7 
76 76 209 209 
81 81 82 82 82 165 223 223 261 261 261 
20 20 20 20 20 62 71 159 159 159 253 369 
22 22 
407 413 
413 413 
264 264 385 385 413 413 
174 413 413 413 
315 486 486 
199 199 199 
184 415 446 
46 46 46 145 145 271 271 301 301 301 381 381 381 408 408 427 452 452 464 470 
182 
222 222 
239 
227 
69 69 69 147 147 173 173 173 447 447 447 
52 52 184 
27 27 27 47 47 76 459 
67 281 506 506 
84 84 85 85 
314 314 481 
8 8 
236 236 432 432 
402 402 
76 456 
5 21 21 21 21 31 41 41 41 151 151 151 184 184 256 271 271 271 307 307 307 411 450 462 490 502 508 508 
12 12 184 184 202 
236 236 267 267 
240 367 431 496 
72 72 89 89 89 90 90 141 141 193 244 244 413 413 503 
81 323 
76 76 

65 65 65 174 193 413 413 413 
182 182 
118 262 292 410 410 410 
415 
184 
114 114 181 357 390 390 390 496 496 
137 137 271 401 
330 
87 306 306 306 
68 169 169 169 169 
36 36 36 36 190 
8 196 
154 154 169 233 233 271 408 417 417 442 442 442 
233 257 257 271 271 
174 174 222 222 
225 225 225 
101 
103 103 103 
134 
0 46 46 64 139 339 339 339 395 395 408 408 
286 286 286 413 
63 63 75 432 432 432 463 463 463 
314 314 449 449 449 
264 334 334 413 
86 198 198 198 
124 

22 22 22 81 81 130 142 461 461 461 497 497 
17 367 367 367 
271 271 
227 227 305 
225 225 
81 81 
46 46 381 381 
184 184 307 320 
58 294 
317 317 
41 445 445 
5 5 50 50 
110 247 250 250 250 271 271 368 
39 39 39 159 219 219 219 274 352 352 

6 6 92 182 
39 39 239 274 274 274 274 274 
37 37 
332 413 413 
25 25 158 248 248 271 271 293 294 294 297 297 297 306 306 306 339 339 374 381 381 437 437 470 470 
184 184 
262 262 292 292 292 364 364 364 
354 
271 271 271 
35 35 35 45 45 76 77 119 119 128 128 128 132 141 155 155 161 168 174 174 174 175 175 175 182 187 193 193 193 196 196 220 220 222 222 243 243 251 286 286 299 314 317 332 333 333 334 334 335 335 335 358 358 362 362 362 382 385 407 407 439 439 439 500 500 500 
22 22 108 108 497 497 497 
37 57 116 116 129 129 177 177 177 184 184 184 230 230 236 236 236 254 269 277 303 338 365 432 463 
65 
250 250 250 374 374 
80 80 95 95 314 314 
225 259 259 
98 


76 76 
311 
296 296 
184 184 291 
271 282 282 339 
159 159 
314 

357 496 496 
236 351 351 383 383 383 415 
159 

449 449 

408 408 
236 236 
45 45 45 161 413 413 413 
76 76 186 186 186 
1 5 5 18 18 98 98 225 225 
250 271 271 271 374 374 374 468 468 468 
456 
15 59 182 
41 41 399 399 
56 56 191 191 338 
344 344 344 
128 128 
280 314 314 314 384 384 384 435 435 467 467 467 
41 41 156 156 354 462 462 462 
184 184 
339 339 464 
271 271 
4 4 4 124 124 124 131 219 219 232 
17 314 
78 184 353 443 491 491 
99 
5 225 225 225 
47 324 346 
211 211 211 236 236 278 278 
22 389 389 389 497 
99 99 354 450 450 450 
63 63 63 75 383 383 383 415 
339 452 
86 86 184 184 307 
72 72 
215 280 280 308 308 314 314 449 449 449 
123 442 442 442 
159 159 511 511 511 
339 408 408 
170 170 170 267 267 
273 475 475 

487 487 487 
5 5 273 472 472 
10 10 10 240 240 240 496 496 
39 159 188 227 
207 207 
193 193 
127 127 290 
314 314 349 
227 227 
222 222 
184 184 
39 39 39 302 302 302 
31 315 336 336 489 489 489 
56 235 235 235 236 474 474 474 
184 
31 31 120 486 486 486 
51 51 184 184 354 
185 185 456 456 
41 
3 
155 

100 100 197 240 265 265 357 367 367 431 431 476 476 
389 389 414 414 414 461 
160 

193 413 413 413 
54 
354 
234 234 234 325 325 358 
5 5 88 
233 233 
347 347 
104 104 
86 198 198 354 354 
76 76 229 
159 159 
469 469 469 
