Nodes: 512, Edges: 1215
301 381 381 381 

28 28 28 91 91 182 183 183 189 
271 493 493 493 
454 454 
34 34 34 48 50 88 88 105 184 184 198 225 225 255 255 273 279 400 400 441 441 443 443 475 475 475 504 508 508 
404 404 
233 271 271 327 327 327 327 
224 313 313 313 373 
271 
476 476 476 496 
264 264 
184 202 202 355 
76 76 
52 117 117 184 
182 182 182 444 444 444 
24 41 41 41 184 
390 390 455 455 
441 441 
104 104 104 
330 330 330 330 
354 354 354 354 354 
108 108 108 108 115 115 331 331 331 414 414 414 436 436 461 461 
171 171 171 
16 
408 408 408 
158 408 408 
346 346 
2 2 2 178 183 183 183 
56 
180 222 
172 184 184 315 315 315 354 354 486 489 489 
184 
67 67 67 192 
5 5 5 
210 210 222 309 413 
106 106 269 372 
406 415 415 
358 
62 159 159 166 219 231 241 267 267 267 302 302 302 330 330 402 402 402 405 405 405 477 485 485 
192 192 236 236 236 249 249 249 
16 16 16 85 85 99 137 137 137 151 151 156 156 160 160 184 184 324 324 399 445 445 445 450 450 450 492 
323 323 
193 193 

76 76 439 439 439 
339 381 395 395 395 
76 76 346 
5 50 50 50 50 
236 
5 48 48 48 48 400 
490 
14 184 184 345 
225 225 
76 76 501 
93 93 195 236 236 236 
29 236 236 304 304 446 487 487 
415 415 415 
294 294 294 397 397 
444 
104 104 104 236 236 
81 81 359 359 
39 330 
383 463 
381 381 
193 362 416 416 416 
141 
33 33 33 192 192 192 281 281 347 347 
169 
236 236 344 
184 246 246 246 258 258 
330 330 
89 325 325 325 358 358 466 
94 94 94 315 
413 413 
383 383 463 
13 13 45 45 47 47 54 54 107 109 186 186 196 199 199 207 208 208 228 228 229 229 242 242 245 245 245 299 299 314 314 322 328 328 328 346 360 413 413 422 423 423 440 478 478 509 509 
196 196 196 413 
456 
236 
314 314 418 
61 61 82 82 184 261 261 289 289 329 359 359 394 495 495 
81 81 142 143 329 389 389 
236 236 236 
85 85 85 312 312 312 348 
41 41 84 84 84 160 160 312 312 348 348 
198 386 465 508 
306 306 370 370 408 408 
5 5 504 
72 358 

2 2 
182 404 404 413 
55 55 
73 73 73 315 
418 418 
321 321 321 321 
290 
420 441 441 
41 457 462 462 462 
197 476 496 
195 378 378 378 471 471 471 
117 136 136 136 216 216 
146 146 379 425 425 
19 19 19 60 60 60 138 138 138 236 507 507 
5 106 190 190 
36 36 105 149 190 190 190 
76 
22 22 22 22 
76 199 199 
176 176 247 247 247 401 401 401 
182 182 


367 367 
22 22 
177 177 177 177 
14 14 102 125 125 125 136 184 184 236 236 
364 364 364 
122 413 413 
486 486 
143 
119 314 
468 468 468 
232 232 232 454 
117 117 117 136 136 
185 185 491 
480 480 
220 220 220 448 448 
415 415 
177 
454 
413 413 413 
145 145 145 145 
354 354 

102 102 102 117 125 125 
41 41 41 184 184 368 
104 104 104 164 164 164 237 252 
294 381 
320 320 
66 358 358 
82 389 389 
82 121 217 
282 
133 133 133 133 339 339 
103 103 
236 236 344 
236 236 304 
106 250 417 417 
248 248 408 408 
41 41 354 
292 292 364 364 
325 
374 374 
413 413 494 494 
41 41 450 450 

26 271 271 
39 39 188 205 219 219 227 227 231 305 305 305 330 402 402 402 428 428 433 477 510 510 510 511 511 
41 41 85 85 272 272 272 312 498 498 
439 439 439 


138 138 138 
329 
39 477 477 
220 220 
413 
68 296 296 371 371 371 371 374 
471 
23 23 23 290 
31 
344 344 
222 222 222 335 376 376 376 413 413 
407 413 
110 110 247 247 
116 116 116 116 130 300 415 
28 183 183 183 

30 222 222 483 
367 
2 15 15 15 92 111 111 220 220 316 363 404 404 404 413 413 444 
2 2 28 28 28 178 178 178 
5 5 12 14 16 31 31 32 41 41 52 52 70 81 117 117 137 137 213 221 221 221 236 236 236 246 246 258 260 260 260 267 279 284 284 284 289 289 289 291 291 291 292 307 315 324 338 345 354 354 355 366 366 366 396 396 396 409 415 415 426 451 456 465 465 484 488 488 490 490 
126 126 473 473 491 
76 76 245 361 
413 413 
159 477 
2 
105 105 106 106 106 372 372 372 
236 267 268 285 285 446 497 
33 40 40 67 67 67 236 236 236 281 281 281 
43 43 65 286 358 358 362 413 479 479 500 500 

55 101 471 471 
76 77 77 77 200 200 290 413 413 
100 240 496 
5 86 386 386 508 
76 76 109 109 207 337 
196 196 
236 415 
12 12 355 355 
271 
267 268 
159 
274 274 274 
76 199 478 
76 76 
328 
35 35 309 
460 460 460 

184 
215 215 314 314 
214 214 314 314 467 467 467 
102 102 
143 
271 
39 159 159 232 232 274 274 402 454 454 
128 128 128 167 167 182 182 413 413 
184 184 184 
30 35 174 174 174 180 180 314 314 314 376 376 413 413 
329 329 
8 276 313 350 
5 5 53 53 259 259 377 377 377 393 419 441 458 458 458 
292 292 292 
159 159 305 305 477 477 477 482 
76 76 
76 76 295 295 509 509 
275 303 415 415 
39 159 
124 124 124 219 219 454 
7 238 238 271 271 296 296 310 374 375 
503 503 
487 
40 40 40 49 55 55 55 56 56 60 60 69 69 79 83 83 83 104 117 117 147 147 148 148 184 184 184 191 192 192 192 201 237 237 267 275 275 278 278 278 344 351 356 415 415 415 432 432 438 438 460 487 
138 236 236 
233 233 
268 268 268 268 
197 476 476 
39 
76 76 
311 311 413 413 494 
325 358 358 
76 76 76 186 
70 70 70 184 184 
110 110 110 176 176 288 288 288 401 
150 150 408 408 
40 40 40 
149 401 401 401 401 417 417 442 442 
270 270 270 413 
138 
330 
415 
5 5 
273 
375 375 375 
70 70 184 409 409 
225 225 419 419 
184 184 184 324 
81 81 
364 364 410 410 410 
315 315 
11 11 334 334 385 
496 

39 39 39 184 191 204 236 268 268 356 356 471 471 
191 204 239 239 239 239 267 267 
36 
251 251 251 
3 7 7 9 158 158 203 218 233 233 282 287 297 327 339 339 368 374 374 375 401 401 408 408 408 412 427 442 453 
160 160 160 
5 256 354 354 472 472 475 475 
206 206 206 219 219 402 405 405 405 
230 236 236 
224 
415 415 
236 236 236 460 460 460 460 460 
5 184 496 496 
308 449 467 467 467 
67 67 192 192 192 298 298 421 421 
144 271 
415 415 415 
184 184 184 
191 191 
193 382 382 413 413 
271 
247 247 247 
81 81 184 184 184 
97 171 196 480 480 
184 184 184 426 
152 152 184 226 226 226 364 364 410 410 
408 408 408 
58 58 58 139 397 397 408 408 
229 229 
169 169 233 233 425 
271 408 
281 281 347 
76 76 413 413 413 
177 
0 339 339 339 
39 39 39 485 
230 415 415 
56 56 148 
159 159 159 227 227 392 
87 87 370 408 
184 354 354 396 396 
280 467 467 467 
35 210 
233 
243 243 
84 84 84 85 85 160 
8 8 8 224 
76 76 80 80 122 214 214 215 215 222 222 222 317 319 384 398 398 413 413 418 429 434 434 434 449 449 449 449 455 455 467 481 481 
31 31 31 73 94 184 263 263 336 336 486 
182 
314 398 413 413 
413 413 
314 
140 140 396 
96 96 96 96 
76 
42 42 359 359 
41 41 184 260 
72 72 72 153 244 503 503 503 503 
358 
7 7 7 7 271 
76 76 76 209 
81 82 165 223 223 
20 20 20 20 39 39 62 71 71 159 253 369 369 428 428 430 
22 22 22 
407 407 413 
413 413 
264 264 385 413 
174 413 
315 315 486 
199 
184 415 415 415 446 
46 145 145 271 271 301 301 301 381 381 408 408 408 427 427 452 464 464 




69 147 173 173 236 
52 184 
27 27 47 76 459 459 
67 67 298 421 421 421 506 
84 85 85 
481 
224 
236 432 432 432 
402 402 482 
456 
21 21 21 21 21 31 31 134 134 151 184 184 273 273 307 307 411 411 450 450 450 462 462 502 508 508 
12 184 202 202 
236 267 267 
367 431 431 431 496 
38 72 72 89 141 141 193 193 244 244 326 466 503 
61 61 81 81 323 323 
76 
186 
65 193 
182 
118 118 118 152 152 262 262 292 292 410 
415 
184 184 184 
114 114 181 357 
137 271 401 
330 330 
87 87 306 
169 169 169 169 
36 190 190 190 
8 
154 154 169 233 271 271 417 442 442 
233 257 257 257 271 
174 174 174 222 222 
225 225 225 
101 101 101 
103 

0 0 0 46 64 64 139 339 339 395 408 
286 286 413 413 
63 75 75 415 432 463 463 
314 449 449 449 
264 334 413 413 
86 198 198 

487 487 487 
82 82 142 142 461 461 461 497 
17 17 455 455 

305 
225 
81 495 495 
46 46 46 381 
184 184 184 307 307 320 
58 58 294 294 
314 314 317 
41 445 445 445 
5 5 50 
110 110 110 247 250 250 250 250 271 271 368 
39 39 39 159 159 159 219 274 352 352 

6 6 92 92 182 182 182 499 
39 39 39 274 274 274 
37 
175 332 332 
25 25 25 26 26 87 87 150 150 248 248 271 271 271 293 293 293 294 294 297 306 339 339 339 381 412 412 437 437 470 
184 258 258 
262 262 262 292 292 364 
354 354 
271 408 408 
35 74 74 76 76 77 92 119 119 132 132 132 155 155 168 174 174 175 182 182 187 187 193 196 196 220 220 222 222 243 243 251 286 286 299 299 299 314 314 317 317 318 318 332 333 333 334 335 382 382 385 385 439 439 448 455 455 
22 22 22 497 497 497 
37 37 57 57 57 129 129 177 184 184 201 230 230 236 236 236 254 277 277 283 283 283 303 303 338 338 338 365 383 
65 65 65 
149 149 250 250 374 
80 95 95 314 
225 259 259 
98 441 441 441 
281 281 347 347 347 
76 
76 76 

103 103 296 
184 291 
271 339 339 
159 159 330 330 
314 
330 
357 357 357 496 496 
236 236 351 351 351 383 460 460 
159 
314 314 314 

22 22 
408 408 
236 236 470 
45 45 45 161 161 161 413 413 
76 
5 5 18 18 98 98 225 420 420 420 
250 250 271 374 374 468 468 
5 5 456 
15 15 15 59 182 
41 41 41 399 399 399 
56 191 338 

128 128 413 
280 314 314 314 314 384 384 384 467 467 
41 41 41 156 156 354 354 354 462 462 
184 
339 464 464 464 
271 
4 4 124 131 219 219 232 
17 17 314 314 390 390 413 413 
78 184 353 443 462 462 462 462 491 491 
99 
225 225 225 
346 346 
211 211 211 236 278 278 278 278 278 432 432 
22 22 389 389 389 497 
99 99 99 354 354 450 450 456 456 456 456 
63 75 383 383 
339 339 452 452 452 
86 184 184 
72 358 
215 215 215 280 280 280 308 308 308 314 449 449 
123 123 123 442 442 
511 511 511 
408 438 
101 101 101 170 195 195 267 267 
273 273 475 
185 185 
487 487 
5 5 5 273 273 472 
10 10 10 100 240 240 496 
39 159 166 166 188 227 227 227 
76 76 207 
193 193 
127 127 290 290 
314 314 349 
227 352 
180 
184 
39 39 302 
31 120 120 315 336 489 489 
56 56 235 236 388 388 388 474 474 
184 184 
31 31 486 486 
51 184 184 
126 185 456 456 
41 
3 3 3 
155 155 243 
81 81 394 394 
10 100 197 265 279 279 357 431 431 476 
191 389 414 414 414 461 
160 160 
404 
193 193 
54 
354 
234 234 325 325 325 325 358 
5 88 

347 
104 104 
5 5 86 198 354 354 
76 76 229 229 
159 159 159 
159 159 469 469 469 
