Nodes: 512, Edges: 1215
381 
441 
28 28 91 91 111 182 183 183 189 189 
271 271 271 
454 454 454 
34 34 48 48 50 50 88 88 105 184 184 184 225 255 273 273 279 354 354 354 400 400 441 441 441 443 443 443 458 475 504 508 
404 404 
233 233 233 271 271 327 327 327 
313 350 373 373 
271 271 
476 476 
264 264 
202 355 355 
76 76 
117 
182 182 316 444 444 
24 41 184 
390 455 455 
441 
104 104 104 
330 330 330 
354 354 354 354 
108 108 115 115 331 414 414 436 461 461 
171 171 171 290 290 290 
16 
408 408 
158 158 408 408 408 
76 76 346 
2 2 178 183 183 
56 
180 180 222 222 
172 172 184 184 315 315 354 486 486 489 489 
184 
67 67 192 
5 5 
210 210 222 309 413 413 413 
372 
406 406 415 415 
358 
62 62 62 159 163 163 166 219 219 231 231 241 241 267 267 330 330 330 402 477 485 485 
192 192 192 236 236 249 249 249 
16 85 85 137 151 151 156 156 156 160 324 324 354 354 399 445 445 450 450 
321 321 323 
193 193 
137 137 
413 439 439 
64 64 339 381 
76 346 346 459 459 459 
5 5 50 50 

5 5 48 48 400 
490 
184 184 345 345 345 
225 225 225 
76 76 501 501 
93 93 195 236 236 
29 191 191 191 236 304 446 446 487 
415 415 
397 
444 444 
104 236 236 
81 81 81 359 
39 39 39 241 330 330 
383 383 463 
46 46 381 381 381 
193 362 416 416 416 
141 141 
33 33 192 192 192 281 281 281 347 347 
169 169 296 296 371 371 
236 236 236 344 
184 184 246 246 258 258 
330 330 
358 358 466 466 
94 94 315 
413 
383 383 383 463 463 
13 13 27 27 47 54 54 107 109 162 162 186 186 199 207 207 207 208 208 208 229 242 242 242 245 245 322 328 328 346 346 353 354 360 413 413 423 423 440 509 509 
196 413 413 


418 418 
61 61 61 82 82 113 184 261 261 289 359 389 394 495 
81 81 142 142 143 143 143 329 389 389 
236 236 236 
85 312 312 348 
41 41 84 160 160 160 312 348 
198 386 386 465 465 
306 370 408 
5 5 
358 358 358 358 
358 358 
2 2 
182 404 413 413 
55 55 
73 73 315 315 
418 
321 
171 171 
420 420 441 441 
457 462 462 462 
197 197 496 496 496 
140 195 195 378 378 471 471 
117 136 216 216 
146 379 425 425 
19 19 19 60 138 236 507 
5 106 184 190 190 
105 149 149 149 190 190 372 372 
76 
22 22 414 414 
76 199 
130 130 130 130 176 176 247 401 
2 340 
184 184 
81 
367 
22 22 
177 177 177 184 184 184 
14 102 125 136 184 184 236 236 
364 364 
222 222 222 413 

143 143 

468 468 
232 232 232 387 454 454 
117 136 136 
185 
480 480 
220 220 220 413 413 448 448 448 
415 415 
110 110 110 110 177 177 177 
454 
413 413 
145 
354 354 380 

102 117 125 125 
41 44 44 184 184 368 368 368 
104 164 164 164 236 236 237 252 
381 381 
101 320 
66 66 358 358 413 
82 82 389 
82 82 82 121 121 217 217 217 
282 282 
133 339 339 
103 
236 236 344 344 
236 236 304 304 
106 106 106 417 
248 248 248 339 408 
41 41 
213 213 213 292 292 364 
325 325 
374 374 374 
413 413 494 494 494 494 
41 41 41 450 
276 
26 26 194 408 
39 188 188 219 219 227 227 231 231 257 305 305 305 330 330 330 428 428 433 433 433 477 510 510 510 511 511 
41 85 85 85 272 272 312 312 498 
439 
76 76 322 322 322 
39 39 
138 138 138 
329 329 
39 477 477 
220 413 413 
413 
68 68 296 374 
471 471 
23 23 23 97 97 290 
31 31 
344 344 344 
222 335 335 335 362 376 413 413 
407 413 
110 110 247 
116 116 116 130 130 130 300 415 
28 183 183 

30 30 222 222 
367 367 367 
2 15 15 92 220 316 363 404 404 413 444 
2 2 28 28 178 178 
5 5 5 16 31 31 32 52 52 70 70 81 105 112 112 116 116 116 117 117 137 137 213 213 236 246 258 258 258 260 267 267 267 279 291 292 307 324 324 338 338 345 345 354 354 354 355 355 366 366 396 396 396 415 415 426 426 465 465 484 490 490 
126 473 491 
76 76 245 361 440 440 440 
413 
159 159 477 
2 2 
105 105 106 106 372 372 
56 56 56 236 236 236 267 267 268 268 285 285 304 446 
33 40 40 40 67 67 67 236 236 236 281 
43 43 65 286 313 362 413 413 479 500 500 
158 
55 101 101 236 236 267 471 
77 290 290 290 373 413 413 
100 100 476 496 496 
86 386 508 
76 109 207 207 337 337 337 337 

236 415 
12 
271 271 
267 268 

274 274 
76 76 76 199 199 478 478 478 
76 76 76 
328 
35 35 309 309 
460 460 460 
233 233 233 
152 152 152 184 184 
215 314 
214 314 314 314 
102 102 
143 143 143 
271 271 
39 39 159 159 232 232 402 454 
128 128 128 167 182 413 413 413 

30 30 35 119 119 119 174 180 180 314 341 341 341 376 413 483 483 483 
329 329 
276 313 313 350 
5 53 53 53 377 377 393 419 419 441 458 458 
292 292 
159 159 305 305 343 343 392 392 477 477 482 482 482 482 

76 295 509 
275 303 303 303 415 415 415 
39 39 159 159 
124 124 124 219 219 454 
7 7 7 212 212 212 238 238 271 296 296 296 310 374 374 375 505 505 
503 
487 487 
40 40 55 55 56 60 60 69 69 69 83 83 83 104 117 117 138 138 147 147 148 148 184 191 191 191 192 192 192 195 195 201 237 267 275 278 278 344 344 351 356 356 415 415 415 432 438 460 460 487 
138 236 
233 233 
268 342 342 
357 476 476 476 496 
39 39 62 
76 76 76 
311 311 413 413 494 494 
325 325 
76 76 186 
70 70 184 
110 176 288 288 288 401 401 
150 150 150 408 
40 40 40 
374 374 401 417 417 417 442 442 442 
270 270 270 270 270 286 286 
138 
330 330 
283 415 
5 
273 354 354 
159 375 
70 70 184 184 184 
261 419 419 419 
184 324 
81 81 259 329 
364 364 410 410 
315 315 
11 11 385 385 385 
496 496 
271 271 
39 39 184 184 184 191 191 195 204 236 268 268 356 356 471 471 
191 191 204 239 267 267 
415 415 
251 251 251 251 251 
3 3 3 7 7 9 9 203 203 218 218 233 266 266 282 287 287 327 339 354 354 368 375 375 391 401 401 408 408 408 412 442 453 453 
160 160 
5 5 256 354 354 472 472 475 475 475 
206 206 402 402 402 405 405 
230 236 
157 224 
415 415 415 
236 236 460 460 460 460 
5 184 496 496 
308 449 449 449 467 
67 67 67 192 298 347 347 421 421 
144 144 271 427 427 
254 415 

191 191 
193 251 251 382 382 382 413 413 
271 271 
247 247 247 
81 
23 23 23 171 196 196 196 480 480 480 
184 426 426 426 
152 152 184 226 226 364 364 410 410 
408 
408 408 
229 
68 68 169 233 233 233 425 
408 
281 
413 413 
177 
339 
485 
230 230 230 415 
56 148 148 191 
159 159 159 227 227 392 392 
87 370 408 
184 354 465 
280 467 467 
35 210 210 
233 
243 243 424 
84 84 85 160 160 
8 193 224 224 
214 215 215 215 222 317 317 319 319 349 384 384 384 398 413 413 418 429 434 434 449 449 449 455 467 467 481 
31 31 73 94 94 263 263 336 486 486 
15 182 
314 314 398 413 413 413 
413 
314 314 
140 
42 42 96 323 
76 162 162 162 
42 321 
41 41 184 184 260 
153 153 244 244 503 
358 358 
7 7 7 271 
76 76 209 
82 165 165 223 223 261 
20 20 20 39 39 39 62 62 71 71 159 159 159 253 253 369 428 430 
22 
407 407 407 413 413 
413 413 
385 385 413 413 413 
174 174 174 413 413 
315 486 486 
199 199 199 199 
184 184 446 
46 145 145 150 271 301 381 381 408 408 464 464 470 
111 
222 222 222 
239 239 
227 227 
69 147 147 173 173 173 236 236 447 
52 52 52 184 184 
27 47 47 76 76 459 459 
67 67 281 281 421 421 506 
84 85 
314 481 
8 224 
236 432 432 
482 
76 
5 5 5 21 21 21 21 31 41 41 76 134 134 184 184 184 256 256 271 271 273 273 307 411 411 411 450 450 462 462 490 490 490 502 502 508 508 508 
12 12 184 184 
236 236 267 267 
240 367 431 496 496 
38 72 72 89 89 89 89 90 90 141 141 326 326 413 466 466 503 503 
61 81 
76 
186 
65 174 193 413 
182 
118 118 152 262 262 292 292 410 410 
415 
184 184 
114 181 181 181 357 496 
137 137 137 271 401 401 
330 
87 306 
68 68 
36 106 106 190 190 
8 8 196 
154 154 154 169 233 233 250 250 408 408 442 
233 257 271 271 
174 222 
225 225 
101 101 
103 
134 
0 46 64 64 64 139 139 339 339 395 395 408 
286 286 286 413 
63 63 75 75 75 415 415 432 463 463 
314 314 314 
264 264 264 334 334 413 
86 86 198 
124 
487 
81 82 82 142 461 461 461 497 497 
17 455 455 
271 
227 227 305 305 
225 
81 495 495 
381 381 
184 184 184 
58 
314 317 
41 445 445 
5 5 50 
110 247 247 250 271 271 368 368 
39 219 274 274 274 
427 
6 6 92 182 182 499 
274 274 
37 37 
175 332 332 332 413 
25 25 26 26 26 87 150 158 248 271 271 271 293 294 294 297 306 339 339 374 374 381 412 412 437 470 470 

262 262 292 292 364 364 
354 354 354 
271 408 408 
35 35 35 45 74 76 76 77 77 92 92 119 128 128 132 132 141 155 155 167 167 168 174 174 175 182 187 193 193 196 196 220 220 220 222 243 243 286 286 299 299 314 314 317 317 317 318 332 332 333 333 334 334 334 335 335 358 362 382 385 407 439 439 448 448 455 455 500 500 
22 22 108 108 497 497 497 497 
37 37 57 57 129 129 177 184 184 201 230 230 230 236 236 236 254 269 269 277 277 277 283 303 365 383 383 432 432 
65 65 65 
149 250 250 250 
80 80 95 314 
225 225 259 259 259 
98 98 
281 281 347 347 

76 76 
311 
103 103 296 
184 184 291 291 291 
282 282 403 
159 159 330 
314 
330 
357 
236 351 351 383 415 415 460 460 
159 159 159 
314 314 
449 
22 
408 
236 
45 45 161 413 413 
76 186 186 186 
1 5 5 5 18 98 98 225 
250 250 250 271 374 468 468 468 
5 5 5 456 
15 15 59 59 182 
41 41 399 399 
56 56 191 338 
344 
128 128 128 413 413 
280 280 280 314 314 314 435 467 467 467 
41 41 156 354 354 462 462 

464 464 
271 271 
4 4 4 124 124 131 219 232 
17 17 314 390 390 413 413 
443 491 491 
99 
5 225 225 
47 47 47 346 346 
211 211 211 236 236 278 278 278 278 432 432 
22 22 389 389 389 497 497 497 
99 99 99 354 354 450 450 
63 75 75 383 383 
339 339 452 452 
86 86 184 184 307 
72 72 358 358 
280 308 308 314 314 449 449 449 
123 123 442 442 442 
511 511 
339 408 408 
101 101 170 170 195 267 267 
273 273 475 475 
185 
487 487 
5 273 273 273 472 472 
10 10 197 240 240 240 496 
39 159 166 166 188 227 227 
207 207 207 
193 
127 127 290 290 290 
314 349 
227 227 227 227 352 
222 222 222 
184 
39 39 302 
31 31 315 315 336 336 489 489 489 
56 235 235 236 388 474 474 

31 31 486 486 486 
51 184 184 354 354 354 
185 456 456 


155 155 155 155 243 243 
81 394 394 
100 100 100 197 197 240 265 265 279 279 357 357 367 476 
389 389 414 414 414 414 461 461 461 
160 
404 
193 193 413 413 
54 54 
354 354 
234 325 358 358 
5 
233 233 
347 
104 
5 198 354 354 354 
76 76 229 
159 159 159 
159 159 469 469 
