Nodes: 512, Edges: 1215
381 381 

28 28 111 183 189 189 
271 493 493 
454 
34 34 34 48 48 50 50 105 184 198 198 198 225 255 255 273 354 354 400 441 441 443 443 458 475 475 504 508 
404 
233 233 233 271 327 327 327 327 
196 224 313 313 350 350 350 373 373 

476 476 476 476 

355 
76 76 
52 117 117 184 
182 182 316 444 444 444 
41 41 41 41 184 
455 
441 
104 104 104 
330 330 330 
31 354 354 354 
108 108 115 115 115 414 414 436 461 
171 171 290 290 

408 408 408 
408 
76 346 
2 2 178 178 178 183 183 
56 56 
180 222 222 
21 172 184 184 184 315 354 354 489 489 
184 184 
67 67 192 192 
5 5 5 
222 222 309 413 413 413 
106 372 372 
406 406 415 415 
358 358 
62 62 159 159 163 166 219 219 231 231 231 241 241 267 267 267 302 302 330 330 330 402 402 405 477 477 477 485 485 485 
192 192 236 249 249 
16 16 16 16 85 99 137 137 151 156 160 160 184 184 354 354 399 445 445 450 492 
321 321 323 

137 137 
76 76 413 413 439 439 
64 339 381 381 395 395 
76 346 459 
5 5 50 50 50 
236 
5 5 48 48 48 
490 490 
14 184 
225 225 
76 76 299 299 501 
93 195 236 
29 29 236 236 487 487 
415 
294 397 397 
444 444 
104 236 236 
81 
39 39 241 241 330 
383 463 
46 381 381 381 
193 193 193 362 362 416 
141 141 
33 33 192 192 281 281 281 347 
296 296 371 
236 236 
184 184 258 258 
330 
89 325 358 358 466 
315 315 
413 413 413 
383 463 463 
13 13 27 45 45 47 54 54 109 109 109 186 186 199 199 207 208 208 228 229 229 242 245 299 299 299 314 322 322 328 328 328 346 360 413 440 440 440 478 509 
196 196 196 413 
456 
236 236 
314 418 
61 82 82 184 184 184 261 261 289 289 329 359 389 389 389 394 394 495 
81 81 121 121 121 143 143 329 329 389 389 
236 236 236 
85 312 348 348 
41 84 160 312 312 348 
198 198 198 386 465 465 465 465 508 
306 306 306 370 
190 504 504 
72 358 358 358 358 
358 358 

182 182 182 404 404 413 
55 
315 
418 
314 321 
171 171 290 290 
420 420 420 
41 462 462 
197 197 476 496 
195 378 378 
117 136 136 136 216 
146 146 146 379 379 425 425 425 
19 19 19 60 236 236 
5 106 106 106 184 
36 105 105 105 149 149 190 190 190 372 372 

22 22 
76 76 76 199 
130 130 176 176 247 247 401 401 401 
2 182 340 340 340 340 340 
184 

367 
22 22 22 
177 177 184 
14 14 102 125 125 135 
364 364 
122 122 222 222 222 413 413 
486 489 489 
82 82 82 143 
119 119 
468 468 
232 232 232 387 387 
117 117 136 136 
185 491 491 
480 
220 220 220 220 413 413 
236 415 
110 110 177 177 177 389 
454 
413 413 413 
145 145 
354 354 380 380 380 
117 
102 102 102 125 125 
41 41 44 44 184 184 368 368 
236 237 
381 381 381 
320 320 
66 66 358 413 413 413 

82 82 121 217 
282 
133 133 339 
103 103 103 
236 236 236 283 344 344 
236 236 236 236 389 
106 106 250 417 417 
408 408 
41 354 
213 213 213 292 292 364 364 
325 325 
374 374 
413 413 494 494 
41 450 450 450 
276 374 
271 272 
39 39 188 205 205 205 219 219 227 227 231 257 305 305 305 330 330 402 428 428 433 433 469 469 469 510 
41 41 85 272 312 312 498 
413 439 439 
322 322 
39 

329 329 329 
39 477 477 
220 413 
413 413 413 
179 296 371 371 371 371 
471 471 471 
23 23 97 97 290 
31 
344 
222 335 335 362 376 376 413 
407 413 413 
110 110 247 247 
116 116 130 130 130 300 415 415 
28 28 28 183 
169 
30 222 483 

15 15 92 92 92 111 316 363 363 363 404 444 444 444 
2 28 28 178 
5 14 16 31 31 31 32 32 41 41 52 70 70 81 81 81 105 112 116 137 137 213 236 236 246 258 260 267 279 279 279 284 289 291 292 292 292 307 307 315 324 324 338 338 345 355 355 355 366 396 409 409 415 415 426 426 426 451 451 451 484 488 490 490 
126 473 473 491 
76 76 361 440 
413 413 
159 
2 2 
88 106 106 106 
236 236 267 267 285 446 446 
33 33 40 40 67 67 236 281 281 
65 65 65 286 358 358 362 362 413 479 479 500 500 

55 101 236 236 236 267 267 471 471 
8 77 77 77 200 290 290 290 413 413 
100 100 476 496 496 496 
5 5 5 86 86 86 386 386 508 
76 76 109 207 337 337 337 337 
196 
236 236 415 415 


268 268 
159 159 159 
274 274 
76 199 478 
76 76 
328 
309 309 
460 460 
233 
152 152 152 184 
215 215 215 314 314 
214 214 214 314 314 314 467 
102 
143 
271 271 
39 39 159 159 274 274 274 402 402 454 
128 128 128 128 167 413 

30 30 35 35 119 119 119 174 180 314 314 314 341 341 376 376 413 413 483 483 
329 
8 276 276 313 350 
5 53 53 259 377 377 393 393 441 441 458 
292 292 
159 159 305 305 343 392 392 392 477 477 482 482 482 
76 245 
76 76 295 509 509 509 
236 236 236 275 275 303 303 415 415 
39 39 39 159 
124 124 124 
7 7 7 212 238 271 271 296 296 296 310 310 310 375 505 505 
503 503 
487 487 
40 49 55 56 56 60 60 69 69 79 79 83 83 83 104 104 129 138 147 147 147 148 148 148 148 184 184 191 191 192 195 195 195 201 201 230 230 230 237 237 267 267 267 278 278 351 356 356 415 415 415 415 432 438 438 460 487 
138 236 236 
233 367 
268 268 342 342 342 405 
476 
39 39 62 62 
76 423 
311 311 311 413 494 494 
325 325 358 
76 228 
184 
110 110 176 176 288 288 401 401 401 
408 408 
40 40 
149 401 401 442 
270 270 270 270 286 413 413 

330 
283 283 283 415 
5 5 
273 273 273 354 354 354 
159 375 375 375 375 
70 70 184 409 409 
225 419 419 419 
184 324 
81 81 329 329 
364 364 410 410 410 
315 315 
334 385 
496 
271 271 271 
39 39 39 184 191 191 195 195 236 236 236 268 268 268 356 471 
204 204 239 239 267 267 267 
415 
251 251 251 251 
3 7 158 218 218 233 233 266 266 266 282 282 287 287 287 297 327 327 339 339 354 368 374 374 375 401 408 408 412 412 427 427 427 442 442 453 
158 160 
5 256 256 256 354 354 354 472 475 475 475 
206 206 219 219 219 402 402 402 405 405 
230 230 
157 224 224 
415 415 
236 236 460 460 
184 184 184 496 
308 449 467 467 
67 67 67 192 192 298 347 421 
144 271 271 427 427 
147 254 254 254 415 415 
184 
191 
193 251 382 382 413 413 413 
271 271 271 
247 247 
81 81 184 
23 23 97 97 171 196 196 196 480 480 
184 
152 152 184 184 184 226 226 364 364 410 
408 408 408 
58 397 397 408 408 
229 
68 68 169 233 233 233 425 
271 408 408 
281 
54 54 76 76 76 413 413 413 
177 
339 
39 39 485 485 
230 230 415 

159 159 159 227 227 392 
87 87 87 370 370 370 408 408 408 
184 184 354 354 
280 467 467 
35 210 210 
233 233 233 
243 243 243 
84 85 85 160 160 
8 8 224 
76 80 96 214 214 215 215 215 222 222 222 317 317 349 349 384 384 384 413 413 418 418 418 429 434 434 449 449 449 449 455 455 467 467 467 481 481 481 
31 73 73 94 184 263 263 336 336 486 486 
15 182 
314 314 398 413 
413 

140 140 396 
42 42 96 
76 76 162 162 
42 359 
184 184 260 
72 153 153 244 244 503 503 503 
358 358 
7 7 7 7 271 271 
76 76 76 209 
81 82 82 165 165 165 223 261 261 
20 20 20 39 39 39 62 71 159 159 253 430 

407 413 
413 413 413 
264 385 
174 174 413 
315 315 486 
199 199 199 199 
184 184 415 415 
46 145 271 271 301 381 381 381 381 408 427 452 453 464 470 
111 111 111 111 111 
222 222 
239 239 239 
227 
147 147 173 447 447 
184 
27 47 76 
67 281 421 421 
84 84 85 
314 314 481 
8 8 8 224 
236 415 432 432 
402 482 

5 5 21 21 21 31 31 41 41 134 134 151 256 256 256 271 273 273 273 307 307 411 411 450 462 502 502 502 508 508 508 
12 184 184 184 
236 236 267 
367 431 431 431 496 496 
38 38 72 72 89 89 89 89 90 90 141 193 193 244 326 326 413 413 466 503 503 503 
81 323 
76 
186 
65 65 174 193 193 
182 182 182 
118 118 152 152 262 262 292 292 410 410 
415 
184 
114 238 357 
137 137 271 

87 306 306 306 
68 169 169 169 169 
36 36 106 106 
8 8 
154 154 157 271 271 408 417 442 442 
233 257 257 257 257 271 
174 174 222 222 
225 225 
101 101 
103 103 
134 134 134 
0 0 46 46 64 64 64 139 139 139 339 339 339 339 395 408 
286 286 413 413 
63 75 415 415 432 432 463 
314 314 314 449 449 
264 334 413 
86 198 198 
124 124 
487 
81 81 81 82 82 130 148 461 
455 

227 227 227 305 
225 225 
81 81 495 495 495 
46 46 381 
184 320 
58 58 294 294 
317 
41 445 445 445 
5 
110 110 110 247 247 247 250 250 271 
39 39 159 219 219 274 274 274 352 
427 
6 92 92 182 
39 239 274 274 
37 37 
175 332 413 
25 25 25 26 150 150 248 248 271 271 293 293 293 294 294 297 297 306 306 306 339 374 381 412 412 437 470 470 
184 184 258 258 
262 262 262 292 364 364 
354 354 
271 271 408 408 
35 35 35 45 45 74 74 74 76 77 92 119 119 128 128 132 132 132 141 141 141 155 155 161 167 168 168 168 174 175 175 187 187 193 196 196 220 222 222 243 251 251 286 286 286 299 299 299 314 314 317 318 332 333 333 333 335 358 358 382 382 385 407 439 455 455 500 500 
22 22 497 497 
37 37 57 129 177 177 184 184 201 201 230 230 236 236 236 236 254 269 277 277 283 283 303 338 338 351 365 383 383 432 432 463 463 
65 
149 149 374 
80 95 314 314 314 
259 259 259 
98 98 98 441 441 441 
281 347 347 

242 

103 103 103 296 
184 184 184 
271 271 271 282 282 339 403 
159 159 
314 
330 
357 357 357 496 
236 351 351 383 383 415 415 460 460 460 
159 159 
314 314 
449 
22 
408 
236 236 470 
45 45 161 161 413 
76 76 76 186 
5 5 18 225 225 420 420 420 
250 271 271 374 374 468 
5 5 
15 15 15 59 59 182 182 182 
41 41 399 399 399 
191 191 
344 344 

280 314 314 314 314 384 384 435 467 467 
41 156 156 156 354 462 462 462 
184 184 184 
339 464 
271 339 
4 131 219 
17 314 314 390 413 413 
78 462 491 

5 225 
47 
211 211 236 278 278 432 432 432 
22 389 497 497 
99 99 354 450 450 450 456 
63 75 75 383 415 415 
339 452 
86 86 86 86 
72 358 
215 280 280 308 308 314 314 314 449 449 
123 123 442 
159 159 159 511 
339 408 408 438 
170 170 170 195 195 267 
273 475 475 
185 185 
487 487 
5 5 273 273 273 472 472 
10 10 10 10 100 197 240 496 496 
39 39 39 166 166 227 227 
76 207 
193 193 
127 290 290 
314 314 314 349 
227 227 227 352 
180 222 222 
184 
39 39 39 302 302 
120 315 315 336 489 489 489 489 
56 56 235 235 236 388 474 474 
184 
31 31 120 120 486 486 486 486 
51 51 184 184 
126 126 185 456 
41 
3 3 
155 155 243 243 
81 394 394 394 
100 197 197 197 265 279 357 357 431 476 476 
414 414 461 461 
160 

193 193 413 413 
54 
354 354 354 
234 234 325 325 325 358 358 358 
5 88 88 
233 233 


5 86 198 354 354 354 
76 229 229 229 
159 
469 
