Nodes: 512, Edges: 1215
301 381 381 
441 
28 91 91 91 182 183 183 189 189 189 
271 271 493 493 
454 454 454 
34 34 48 88 184 184 184 198 198 225 225 225 255 255 273 279 279 354 354 400 400 443 475 504 504 508 508 
404 404 404 
233 233 271 271 327 327 327 
196 224 313 313 350 350 373 373 
271 271 
476 
264 264 
184 202 355 
76 76 76 
117 
182 182 444 444 444 
41 41 41 184 
455 455 455 
441 
104 104 
330 330 330 330 
31 354 354 354 
108 115 331 331 389 389 389 414 436 
171 171 171 
76 76 
408 
158 158 158 408 408 
76 76 346 346 
2 178 178 178 183 183 
56 56 
180 180 222 222 
21 172 184 184 315 354 354 354 486 489 
184 184 184 
67 
5 5 
210 210 222 309 413 413 413 
106 106 372 372 
406 406 406 415 415 415 
358 358 
62 159 163 163 166 166 219 219 231 231 241 267 267 302 330 402 402 477 477 485 485 
192 192 192 236 236 249 249 
16 16 16 85 99 99 151 156 160 160 184 184 324 324 324 354 399 450 492 
321 323 
193 193 193 
137 
413 
64 64 339 381 395 395 395 
76 346 346 459 
5 50 50 

48 48 400 400 
490 
184 184 345 
225 225 225 
299 501 
93 236 
29 29 191 236 236 236 304 446 487 487 

294 397 397 
444 
104 104 236 236 
81 359 
39 330 330 330 
383 463 463 
46 46 381 381 
193 193 362 362 416 416 
141 141 
33 192 281 281 347 347 
169 371 
236 344 
184 246 
330 330 
89 89 89 325 325 358 358 466 466 
94 94 315 315 315 
413 413 
463 
13 13 13 24 24 27 27 47 109 109 162 186 199 199 207 207 208 228 229 242 245 245 292 314 314 322 328 328 346 346 353 353 353 360 413 422 456 509 509 509 
196 413 413 413 

236 
314 
61 82 184 261 261 289 329 329 359 389 389 394 394 
81 121 121 142 142 143 143 329 389 
236 236 236 
312 312 348 
41 160 312 312 348 348 
386 465 465 508 508 
306 370 408 
5 504 504 
72 72 72 358 358 358 
358 
2 2 2 
182 182 404 404 413 413 
55 
73 73 315 
418 

171 171 171 290 290 
420 420 420 
41 41 457 462 
476 496 496 
140 195 195 378 471 
117 117 136 136 216 
146 379 379 379 425 425 
19 19 60 60 138 138 236 236 507 507 
106 184 184 190 
36 36 105 149 149 149 190 372 

22 414 414 
76 76 199 199 
130 130 176 176 247 247 247 401 
195 195 195 
184 184 

367 367 
22 
177 184 
14 102 102 125 135 136 136 136 184 236 236 

122 122 122 222 413 413 
486 486 486 
82 82 143 143 143 
119 119 119 
468 468 
232 232 387 387 
117 
185 185 491 
480 480 
220 220 220 413 413 448 
236 415 415 
110 110 177 177 177 177 389 389 
454 454 
168 413 413 
145 
354 380 
117 
102 102 117 117 117 
44 184 184 368 368 368 
104 104 164 164 236 236 236 237 252 
294 381 381 
101 320 320 
66 66 358 358 413 
82 82 389 
82 82 121 121 121 
282 282 
133 
103 
236 344 
236 236 236 236 304 304 389 
106 106 106 250 250 417 
339 408 408 
41 354 354 354 
213 213 213 292 292 364 
325 325 
374 374 
413 494 
41 450 
233 276 374 
26 26 26 194 194 271 408 408 
39 188 188 205 205 219 219 219 231 231 305 402 428 428 428 433 433 469 469 469 477 510 511 
41 41 85 312 498 
413 413 413 439 439 
76 322 322 
39 39 
138 138 
329 329 
39 39 477 
220 220 413 
132 413 
68 179 296 296 371 371 371 374 
471 471 
23 23 23 97 97 97 290 
31 
344 
222 222 376 413 413 413 
407 407 413 413 
110 110 247 
116 130 130 130 130 283 283 283 300 300 415 
28 28 28 183 
169 
30 30 222 483 
367 
2 15 15 92 92 220 316 340 340 404 404 404 444 
2 2 28 28 178 
5 5 5 12 16 31 31 32 32 32 41 41 52 52 70 81 105 105 112 112 116 117 137 137 213 221 221 221 236 236 236 246 258 258 258 260 260 267 279 279 284 289 289 292 307 315 315 324 338 338 345 345 345 354 354 354 355 366 366 396 409 409 415 415 415 426 451 451 465 465 484 484 484 488 488 488 490 
126 126 
76 245 245 440 440 
413 413 413 
159 159 477 
2 2 2 
105 106 372 372 
56 236 236 236 267 267 268 285 285 304 304 
40 40 40 67 236 236 281 
43 43 43 65 65 358 358 362 362 413 413 479 500 500 
158 158 
101 101 111 111 111 236 236 236 267 
8 77 200 200 290 290 413 413 413 
240 496 496 
5 5 279 386 
76 76 109 109 207 337 337 337 337 
196 196 
236 236 415 
12 355 355 
271 
267 267 268 
159 159 
274 274 
76 76 199 478 478 
76 
328 
35 35 
460 460 
233 233 
152 152 152 184 
215 
214 314 314 467 
102 

271 271 
39 39 159 159 159 232 232 274 274 402 402 454 454 454 
128 128 128 167 167 182 413 413 
184 184 184 
30 30 35 119 174 174 180 314 314 341 341 376 376 376 413 413 483 
329 
8 276 276 313 350 350 
5 5 5 53 53 53 259 259 377 377 393 393 441 
292 
305 305 305 343 343 343 392 392 392 477 477 482 482 
76 245 245 
76 295 295 509 
236 236 275 303 303 415 
39 39 159 159 
124 124 219 219 454 454 
7 7 157 212 212 238 271 271 296 296 296 310 310 310 374 375 375 505 
503 
487 
40 40 55 56 56 56 60 60 69 79 83 83 83 104 104 117 117 129 138 138 138 147 148 148 148 148 184 184 184 191 191 191 192 192 195 195 195 201 201 230 230 237 237 267 267 275 275 278 278 344 344 351 351 356 415 415 415 432 438 460 460 460 487 
138 236 236 
233 367 
268 268 342 342 405 405 
197 357 476 476 
39 
76 423 
311 311 413 494 494 
325 325 325 358 358 
76 76 186 186 228 228 
70 184 
110 110 110 176 288 
408 408 
40 40 
149 149 374 374 401 401 417 442 
270 270 286 413 
138 
330 330 
283 415 415 415 
5 5 
273 354 354 

184 184 184 409 
225 225 
184 184 324 
81 81 329 

315 315 315 
11 11 334 334 334 385 385 
496 
271 271 
39 39 184 191 191 195 204 204 236 236 268 356 356 471 
191 204 239 239 267 

251 251 
3 3 7 7 9 9 158 203 218 218 233 233 266 266 282 282 287 297 327 327 339 339 374 374 375 375 391 391 401 408 408 412 412 412 427 427 442 442 442 453 

5 256 354 354 354 472 475 475 
206 206 219 219 402 402 405 405 
230 236 236 
157 224 224 
415 415 
236 236 460 460 460 460 
5 5 184 184 198 
308 308 449 449 449 467 467 
67 67 192 298 298 347 347 421 421 
144 144 271 271 427 
177 177 177 254 415 415 
184 
191 191 
251 382 382 413 
271 
247 
81 184 184 
97 97 171 196 196 480 
426 
76 152 152 184 226 410 
408 408 
58 139 397 408 
229 229 
169 169 233 233 233 425 425 425 
271 408 408 
281 281 347 347 
54 413 413 
177 177 
0 339 
39 485 
230 230 415 
56 148 148 191 191 
159 227 227 227 392 392 
87 370 370 408 
184 354 354 465 
280 280 467 
35 
233 233 233 
243 243 
84 84 85 85 160 
8 8 224 
76 76 80 215 215 222 222 317 349 349 384 398 413 413 418 418 429 429 429 434 449 449 455 467 467 467 481 481 
31 73 73 73 94 184 184 263 263 263 336 486 
182 
314 398 413 
413 

140 140 
42 323 323 
76 162 162 
42 321 321 359 
41 41 41 184 260 
72 72 153 153 244 244 244 503 503 503 
358 358 
7 7 7 271 271 
76 76 209 
81 81 82 165 165 223 261 
20 20 20 20 39 62 62 62 71 71 253 253 369 369 428 428 430 
22 22 
407 407 413 
413 
264 264 264 385 385 413 
413 413 413 
315 486 
199 199 199 199 
184 184 415 
46 150 271 271 301 381 381 408 408 427 452 452 452 464 464 464 470 
182 182 
222 222 
239 239 
227 227 227 
69 147 173 236 236 447 447 
52 184 184 184 
27 27 47 47 76 76 459 
67 67 281 281 298 298 506 
84 85 85 
314 314 481 481 481 
8 8 224 224 
236 236 432 
402 402 482 
76 76 76 
5 5 21 21 21 31 31 31 41 134 151 151 151 184 184 184 256 256 273 273 273 307 307 411 411 450 450 462 490 502 508 508 508 
12 184 202 202 
236 267 267 
240 431 431 496 496 
38 38 72 72 89 89 89 90 141 141 193 193 244 244 326 326 413 466 466 503 503 
61 81 323 
76 

65 65 193 193 413 

152 

184 184 
114 114 181 238 496 496 496 
137 137 137 
330 330 
87 306 306 
68 169 169 169 
36 36 106 190 190 
8 8 
154 154 157 169 233 250 250 271 271 408 408 417 417 417 442 442 
233 233 271 271 
174 222 222 222 
225 225 
101 
103 103 103 
134 
0 0 46 64 64 139 139 339 339 395 408 
286 286 413 413 
63 415 415 432 463 463 
314 
264 264 334 334 
86 198 
124 124 

22 22 22 81 81 82 130 130 142 148 461 461 461 461 497 
455 
271 271 
227 227 227 305 305 
225 225 
81 81 495 495 495 
46 46 46 381 
184 
58 58 294 
314 317 
41 445 445 445 445 445 
5 5 50 50 
110 250 250 271 
39 39 159 219 219 274 274 352 352 
427 427 
6 6 6 92 92 182 182 182 499 
239 239 274 274 
37 37 37 
175 175 332 332 413 413 
25 26 26 87 150 150 158 158 248 248 271 271 293 293 294 297 297 306 339 339 374 374 381 412 412 437 437 437 470 470 
184 184 258 
292 
354 354 
271 271 271 408 408 
35 35 35 45 74 74 76 77 77 77 92 92 119 119 128 128 132 132 141 155 161 161 161 167 168 174 174 174 175 175 187 187 187 193 193 196 196 196 220 220 222 222 243 251 286 299 299 314 314 317 318 332 333 334 335 335 335 358 362 382 382 407 407 439 439 455 500 500 
22 108 108 497 497 497 
37 37 37 129 129 177 184 184 184 201 230 236 236 236 254 254 254 277 277 283 283 303 338 383 383 432 432 463 
65 65 
149 250 374 374 374 
95 314 314 

98 98 98 441 441 
281 281 
76 
242 

103 103 296 296 296 
184 291 
271 271 282 339 403 403 
159 159 159 330 330 
314 314 314 
330 
357 357 
236 351 383 415 415 460 460 
159 159 
314 
449 449 449 
22 
408 408 408 
236 
161 161 413 413 
186 186 
1 18 225 420 420 
250 271 271 271 374 374 468 
5 
15 15 15 59 182 
399 399 399 399 399 
56 
344 344 
128 
280 280 280 314 314 435 435 435 467 467 
41 156 354 354 
184 184 
339 339 339 464 464 
271 
4 4 4 131 131 219 219 219 232 232 
17 17 17 314 390 413 
76 462 462 491 
99 

47 346 
211 211 236 236 236 278 278 278 278 432 432 
389 389 389 389 497 
99 354 456 456 
63 63 75 383 383 415 
339 339 339 452 452 
86 86 184 184 307 
72 72 358 358 
215 280 280 308 314 314 314 449 449 
123 123 442 
159 159 159 511 
339 408 408 
101 170 170 267 
273 475 475 

487 487 487 
5 273 273 472 472 
10 100 240 240 496 496 496 
39 39 159 166 188 227 227 
207 207 
193 
127 127 290 
314 314 349 349 349 
227 227 352 
180 222 
184 184 184 
39 39 302 
31 120 120 120 315 336 489 489 489 
56 56 235 236 474 474 474 
184 184 184 
31 486 486 486 
51 184 354 
126 456 
41 
3 3 
155 243 243 
394 394 394 
100 100 197 197 265 357 357 367 367 367 476 476 476 
389 414 414 414 461 
160 
404 
193 193 413 413 
54 
354 
234 325 325 325 358 358 
5 5 88 88 
233 
347 
104 104 
5 5 86 86 354 354 354 
76 76 76 229 
159 
159 469 
