Nodes: 512, Edges: 1215
301 381 381 
441 441 
28 28 91 91 111 182 189 189 
271 271 271 
454 454 
34 34 48 48 50 105 184 184 198 198 198 225 273 279 354 354 354 400 441 441 443 475 504 
404 404 404 
233 233 233 271 271 327 327 327 
224 224 224 313 313 350 350 373 373 373 
271 
476 476 476 496 
264 264 
184 184 202 202 
76 76 
52 184 184 
182 316 444 
41 184 
390 455 455 
441 441 441 
104 104 
330 330 330 330 
31 31 354 354 354 
108 108 331 331 414 414 436 436 461 
290 290 

408 408 
158 408 408 
168 346 
2 2 178 183 
56 
180 180 222 
21 21 172 172 184 184 315 315 354 354 486 486 489 489 
184 184 
67 67 
5 5 
210 222 309 413 
106 372 372 
406 406 415 415 
358 
62 62 166 166 166 219 231 231 231 241 267 302 330 330 330 402 402 405 405 477 477 485 485 
192 192 236 236 249 
16 99 99 151 184 324 324 324 354 354 399 445 445 450 450 492 492 
321 321 323 323 323 
193 

76 76 76 413 413 439 
64 339 339 381 381 395 395 
76 346 459 459 
5 5 50 
236 236 
5 48 400 
490 490 
14 345 
225 225 
76 299 299 299 
93 93 195 195 236 236 
29 191 236 236 236 304 446 446 487 487 487 
415 
294 397 
444 444 444 
104 236 236 
81 81 81 359 359 
39 39 241 330 330 
383 463 
46 381 381 
362 362 362 416 416 
141 141 
33 33 192 192 281 281 347 347 
169 169 296 371 
236 236 
246 258 258 
330 330 
89 89 89 325 358 358 358 466 466 
94 94 315 315 315 
413 413 
383 463 463 463 
13 13 45 45 45 47 54 107 107 162 186 196 199 207 207 208 208 228 229 229 229 242 245 245 245 299 299 299 322 328 328 346 346 360 360 413 423 423 440 440 478 478 509 509 
196 196 
456 
236 
314 314 418 
61 61 61 82 184 289 289 329 329 359 359 389 389 394 394 
81 142 142 143 143 329 
236 236 236 236 
85 85 312 348 348 
84 84 160 160 312 312 312 
198 386 386 465 465 508 508 
306 306 306 370 370 408 408 408 
190 
72 72 72 358 358 358 358 
358 358 358 
2 2 
182 404 404 413 
55 55 
73 73 315 
418 
321 321 321 
171 171 171 290 
441 441 
41 41 
197 476 496 
140 195 195 378 378 471 
136 136 136 
379 379 425 
19 19 60 138 138 236 507 507 507 
5 106 184 190 190 
36 105 149 149 190 372 372 
76 76 
22 22 414 
199 199 
130 130 130 176 247 401 
2 195 340 340 340 
184 184 



177 177 184 415 
125 135 135 135 136 184 184 236 236 
364 
122 122 222 222 413 
486 486 486 489 489 

119 119 
468 
232 232 232 232 387 454 454 
117 
185 185 491 491 491 
480 
220 220 413 448 448 
415 
110 110 110 177 177 389 

413 413 413 
145 145 
354 354 354 380 380 
117 117 117 
102 102 102 117 
184 184 368 368 368 
104 104 164 164 236 236 237 252 
381 381 381 
101 320 
66 66 358 358 413 
82 82 389 389 389 
82 82 217 217 
282 
133 133 339 

236 283 344 
236 236 236 236 304 304 389 
106 106 250 
248 
41 354 354 354 
213 213 292 364 364 
325 
374 374 
413 413 413 494 
450 
276 374 
26 194 194 194 271 272 408 408 408 
188 188 205 219 219 231 231 257 305 305 402 402 428 428 433 433 469 469 477 477 477 511 511 511 
85 85 272 272 312 
413 439 439 
76 322 322 322 

138 138 
329 
39 39 39 477 477 477 
220 220 220 413 
27 413 413 
68 68 179 371 371 
471 471 
97 97 97 290 290 
31 31 
344 
222 222 335 335 362 376 413 
407 413 
110 247 
116 116 130 130 415 
28 183 183 
169 
30 30 222 222 222 483 
367 
2 15 92 220 220 363 404 404 413 444 444 444 
28 178 178 495 
5 5 12 12 14 14 16 31 31 32 32 41 81 105 112 112 116 117 117 137 137 213 213 221 236 246 258 260 260 284 289 289 291 291 292 292 307 307 315 324 338 345 345 354 355 366 396 396 409 415 415 426 426 456 465 465 465 484 484 488 488 490 490 490 
126 126 473 491 491 
76 245 361 440 440 440 
413 413 
159 159 477 
2 2 
88 105 105 106 372 
56 236 236 236 267 268 285 285 304 446 446 446 
40 40 67 67 236 281 281 281 
43 286 286 358 358 479 
158 158 158 
55 55 101 101 111 236 236 236 267 267 471 
76 77 77 200 290 350 413 413 
100 496 
5 5 5 86 386 508 
76 109 109 207 207 207 337 337 337 337 
196 
415 415 
12 12 355 355 355 

268 
159 
274 274 274 
76 76 199 199 199 478 
76 76 
328 328 
35 309 309 
460 
233 
152 152 184 184 
215 314 314 
214 314 314 467 

143 143 
271 271 
39 159 159 232 274 274 274 454 454 
128 128 167 167 167 182 182 413 413 
184 
30 35 119 119 174 174 180 180 180 314 314 341 341 341 376 413 483 483 483 
329 
8 8 8 276 276 276 313 
5 53 53 259 259 259 377 393 419 419 441 458 458 

305 343 343 392 477 482 482 
76 
76 76 76 295 295 509 
236 275 275 275 303 415 
39 39 39 159 159 
124 124 124 124 219 454 
7 7 7 212 238 238 271 271 296 374 374 375 375 505 505 
503 

40 40 49 49 55 55 56 56 56 60 60 69 69 79 83 83 83 83 104 117 117 138 138 147 148 148 148 148 184 191 191 191 192 195 195 195 230 237 237 267 267 278 278 344 344 351 351 356 356 415 432 438 460 460 487 487 
138 236 236 
233 233 
268 268 268 268 268 342 342 405 
476 476 476 496 
39 62 
76 423 
413 494 
325 325 358 
76 76 76 186 
70 184 
110 176 288 288 
150 408 
40 
149 374 374 401 401 417 417 
270 270 286 286 413 
138 
330 330 
283 283 283 415 

273 
159 375 
70 70 184 
225 225 225 419 419 419 
184 184 324 
329 329 
364 364 364 410 
315 315 
11 11 334 334 385 385 
496 496 
271 271 
39 191 195 195 236 236 268 268 268 356 471 
191 204 239 239 239 239 239 267 267 267 285 

251 251 
3 3 3 7 7 9 158 218 218 233 233 266 266 282 282 287 297 327 327 354 374 375 375 391 408 408 427 442 442 442 453 
158 160 160 
5 256 354 354 354 472 472 
206 206 206 219 219 219 402 402 405 405 405 405 
230 230 230 
157 224 224 224 
415 415 
236 236 460 460 460 
5 496 496 496 
308 308 449 467 
67 67 192 192 192 298 347 347 347 421 421 421 
144 271 271 427 427 427 
147 254 254 254 415 
184 
191 191 268 
193 193 251 251 382 382 413 413 
271 
247 247 
81 81 184 184 
23 23 97 171 171 196 480 480 
184 184 426 
152 184 184 364 364 410 410 
408 408 
58 397 397 408 
229 229 
68 233 425 425 
271 408 408 408 
281 347 
54 54 54 76 76 76 413 

0 339 
39 485 
230 415 415 
56 148 148 191 
159 159 227 392 392 
87 87 87 370 408 408 
184 184 354 354 354 396 396 465 
280 280 467 467 
35 210 210 


84 85 85 85 160 
8 8 224 
80 80 214 214 215 215 222 222 317 349 349 349 384 398 413 418 418 429 434 449 449 467 467 467 481 481 
31 31 73 73 73 94 184 263 263 336 486 
15 
314 398 398 413 413 413 
413 413 413 
354 
140 
42 42 96 96 96 323 323 
76 162 162 162 
42 42 42 321 321 
41 41 41 184 260 
72 153 244 244 503 503 503 
358 
7 7 7 271 271 
76 76 209 209 
81 81 82 165 223 261 261 
20 20 20 20 39 39 39 62 62 71 71 253 253 369 428 430 
22 22 
407 407 407 413 413 413 
413 413 
264 264 385 385 413 
174 174 413 413 
315 486 
199 199 199 199 
184 446 
46 46 145 301 381 381 408 427 452 452 464 464 470 470 
111 111 111 
222 222 222 
239 239 
227 227 
147 173 236 236 447 
52 184 184 
27 47 76 76 459 
67 67 281 281 281 298 421 506 506 
84 84 
314 314 314 
8 8 196 
236 236 432 
402 482 
456 
5 5 5 21 21 21 31 31 41 41 134 134 134 151 151 151 184 271 273 273 273 307 307 307 319 411 411 450 450 462 462 490 490 502 502 502 508 508 
184 202 202 202 
236 236 267 
367 431 496 
38 72 72 72 89 89 89 89 90 90 90 141 141 193 193 244 326 466 466 503 503 
61 61 81 81 
76 76 
186 
65 65 65 174 413 
182 
118 152 152 262 262 262 292 292 410 

184 
181 357 390 496 
137 137 137 401 401 
330 
87 87 306 
68 169 169 
36 36 106 106 190 
8 8 8 
154 154 157 233 233 250 250 271 408 408 408 417 442 442 
233 233 257 271 271 
174 222 
225 
101 101 
103 103 
134 134 
0 0 46 46 64 64 139 139 139 339 339 395 395 408 408 
286 286 413 413 
63 75 415 415 415 432 463 463 
314 449 449 
264 264 334 334 413 413 413 
86 86 198 
124 
487 
81 81 130 142 142 142 148 461 461 461 461 497 
17 367 
271 
227 305 305 
225 
81 81 495 
46 46 381 381 
184 184 307 307 
58 294 294 
314 317 317 
41 445 445 445 445 445 
5 50 
110 250 250 368 368 
39 39 159 159 274 274 352 
427 427 
6 6 6 92 92 182 182 
39 39 239 274 274 274 274 
37 37 
175 332 332 332 413 413 
25 25 26 26 87 87 87 158 158 158 248 271 271 293 293 294 297 297 297 306 306 339 374 374 374 381 381 412 412 437 437 437 470 470 
184 
262 292 292 364 
354 354 
408 408 
35 45 45 74 74 76 92 119 128 132 132 132 141 155 155 155 161 167 168 168 174 175 182 187 187 196 196 220 220 222 243 251 286 286 299 314 317 317 317 318 318 318 332 332 332 333 333 334 335 335 362 382 382 385 385 385 407 407 439 439 439 448 448 455 455 
22 22 108 497 
37 37 57 116 129 177 184 184 201 201 230 236 254 277 277 283 303 303 383 383 383 432 432 
65 65 
250 250 374 
80 95 314 314 
225 225 259 259 259 
441 441 
281 281 281 347 

76 76 242 

103 296 296 
184 184 291 
271 282 282 282 339 403 403 
159 159 330 
314 
330 
357 
236 351 383 415 415 460 460 
159 159 
314 
449 449 
22 22 
408 408 408 
236 470 
45 161 161 413 413 413 
76 76 186 186 186 
1 1 5 5 18 18 18 98 98 225 420 420 
271 271 271 374 374 468 468 468 
5 
15 59 59 59 182 182 182 
41 41 399 399 399 399 399 
56 56 191 191 191 338 
344 
128 128 413 413 
280 314 314 384 384 435 435 467 467 467 
41 41 156 354 354 462 462 

339 339 464 
271 
4 4 124 124 219 219 232 
17 17 413 413 
78 184 353 462 491 491 

225 225 
47 47 346 
211 236 236 278 278 278 432 432 
22 389 389 389 389 497 
354 354 450 450 456 
63 75 75 75 383 383 
339 339 452 
86 86 184 184 184 307 
72 72 358 358 
215 280 308 308 314 314 314 449 449 449 
123 442 442 442 
159 159 511 511 
339 339 408 408 438 
101 170 170 195 267 
273 273 475 475 
185 
487 487 487 487 
5 472 472 
10 10 10 100 240 240 240 496 
39 39 159 159 159 166 166 166 188 227 
76 76 207 
193 
127 290 290 
314 314 
227 227 352 
180 222 222 222 
184 184 
39 39 302 
31 31 120 120 120 315 336 489 489 489 
56 56 56 236 236 388 474 474 474 474 
184 184 
31 31 120 120 486 486 486 
51 51 184 184 184 354 354 
126 126 126 185 185 456 456 
41 41 

155 243 
183 394 
10 100 197 240 265 265 279 279 279 357 367 476 
389 414 461 




354 354 354 
234 325 325 325 358 358 
5 
233 233 
347 347 
104 104 104 
86 86 198 354 354 
76 76 229 

159 159 159 469 469 
