Nodes: 512, Edges: 1215
381 
441 
91 182 182 183 183 189 189 189 

454 454 454 
34 48 50 50 184 184 184 225 255 279 354 354 400 441 441 443 443 443 508 
404 404 
233 233 271 271 327 
196 224 224 313 313 350 350 373 
271 271 
476 476 
264 
184 184 202 202 202 355 
76 76 76 
117 117 
182 182 444 444 
41 41 41 41 
390 

104 104 
330 
354 354 
108 115 115 331 331 389 389 389 414 414 436 461 
171 171 290 
76 
408 
158 158 
76 76 76 346 346 
178 178 183 183 
56 56 
180 180 222 
172 184 184 184 315 315 354 354 354 489 

67 
5 
210 222 309 413 
372 372 372 
406 406 415 415 
358 358 
62 159 159 219 231 267 302 302 330 330 330 402 402 405 405 477 477 485 485 
192 192 236 236 249 
16 16 16 16 85 85 85 99 137 137 137 151 156 156 160 184 184 324 324 354 399 445 445 450 492 492 
323 323 
193 193 
137 
76 413 413 413 439 
64 64 64 339 395 
76 76 346 346 459 459 
5 50 50 
236 236 
5 5 48 48 400 400 
490 
184 184 345 

501 
93 93 236 236 236 
29 29 191 236 304 487 
415 
294 294 294 397 397 397 
444 444 
104 104 236 
81 
39 241 330 
463 
46 46 46 381 381 
193 193 362 362 416 416 
141 
33 192 192 281 281 347 347 
169 296 296 371 371 
236 236 344 344 344 
184 184 184 246 258 258 
330 330 330 
89 89 89 325 358 358 466 
94 94 315 315 
413 
383 
13 13 13 24 27 27 27 45 47 47 107 109 162 162 186 186 186 196 196 199 207 207 208 208 228 228 229 229 242 242 245 245 292 299 314 322 328 328 346 353 360 413 422 423 423 423 440 440 478 509 509 
196 196 413 
456 
236 236 236 
314 314 418 418 418 
61 82 82 113 261 329 359 359 389 394 394 495 495 
81 81 121 142 143 329 389 
236 236 236 
85 85 312 312 348 348 
41 41 41 84 84 160 160 160 312 312 348 
198 198 386 386 465 508 
306 306 306 370 408 408 
504 
72 72 72 358 358 
358 358 358 
2 
182 404 413 413 413 
55 55 
73 73 
418 418 418 
314 314 321 321 
171 
420 441 441 441 
41 457 462 
197 476 476 496 496 
140 140 195 378 471 471 471 
117 117 117 136 216 216 216 
146 146 379 425 
19 19 60 60 138 138 236 507 507 507 
106 184 184 184 190 
105 149 190 190 
76 
22 414 414 
76 199 199 
130 176 176 247 247 247 401 401 
182 340 
184 184 184 
81 
367 
22 22 
177 177 184 184 415 
14 14 102 102 102 135 135 136 136 136 184 184 236 

122 222 222 413 413 
486 489 489 
82 143 
119 314 
468 468 
232 232 454 454 
136 136 136 
185 185 491 
480 480 480 
220 220 413 413 413 448 448 
415 
110 389 
454 454 454 
168 413 413 
145 145 145 
354 354 380 
117 117 
102 117 117 117 125 125 125 
41 41 41 44 184 
104 104 164 164 236 236 237 252 
294 381 381 381 
101 101 320 
66 358 358 358 
82 389 389 389 
82 121 217 
282 282 
133 133 133 339 
103 103 
236 236 283 344 344 344 
236 236 236 236 
106 250 250 
248 248 408 408 
41 354 354 354 
213 213 213 
325 

413 413 494 494 
41 41 450 450 450 
233 276 
26 26 194 194 272 408 
39 39 188 205 219 219 219 219 227 227 231 305 402 402 433 433 433 469 510 510 511 511 511 
41 85 85 85 312 312 312 498 498 
413 439 439 
76 76 322 322 

138 138 

477 477 477 
220 220 413 
132 413 413 413 
68 296 371 371 371 374 
471 471 
23 23 97 290 
31 
344 344 344 
222 335 335 335 376 376 413 413 
407 
110 110 247 
116 116 269 300 300 415 415 
28 28 183 

30 30 222 222 483 
367 367 
2 2 15 15 92 111 220 316 340 340 363 363 404 404 413 413 444 
2 2 28 28 178 495 
5 5 5 12 12 31 31 31 41 41 52 52 70 70 70 105 105 105 112 112 112 116 116 117 117 137 213 236 236 246 258 258 260 260 267 267 267 279 291 307 307 315 324 324 324 338 345 345 354 354 354 355 355 366 396 396 396 415 426 426 426 451 451 456 465 484 484 488 488 490 490 490 
126 126 473 473 473 491 
76 76 76 245 245 245 440 
413 413 
159 477 
2 2 2 
105 106 106 372 372 
56 236 236 285 304 446 446 
40 40 67 67 
43 43 65 65 286 358 358 358 362 362 413 413 413 479 479 500 500 
158 158 
101 236 236 267 267 
8 76 76 77 77 200 200 200 290 290 290 350 373 413 413 
100 476 496 496 
86 86 279 386 386 508 
76 109 109 207 337 337 
196 196 196 
236 415 
12 12 12 355 
271 
267 267 268 
159 
274 274 
76 76 199 478 
76 76 
328 
35 309 
460 460 

152 152 152 184 
215 314 
214 314 467 
102 102 102 
143 
271 271 
39 159 159 159 159 232 232 274 402 454 454 
128 128 167 167 182 

30 35 119 119 174 180 180 314 314 314 376 413 413 413 483 
329 
8 8 276 276 276 313 350 
5 259 377 377 393 419 441 458 458 458 458 
292 
159 159 305 305 305 305 343 392 392 482 482 482 
76 76 245 245 
76 76 295 295 295 509 
236 236 275 303 415 415 
39 159 
124 124 219 219 454 
7 7 157 238 238 238 271 271 271 296 296 310 310 310 374 375 505 505 505 
503 
487 487 
40 40 49 49 55 55 55 56 60 69 69 79 79 79 83 83 83 104 117 138 138 147 147 148 148 148 148 184 184 191 191 195 195 201 230 230 237 267 267 275 278 278 344 344 351 351 351 356 415 415 415 415 432 432 438 460 487 487 
138 236 
233 233 233 
268 268 268 342 342 405 
496 
62 
76 76 423 
311 311 413 413 
325 325 358 
76 76 186 186 186 228 228 
70 184 
110 110 110 176 288 401 401 401 
150 150 408 408 408 
40 
149 149 374 374 401 417 442 
270 270 270 286 413 
138 
330 
283 283 415 415 
5 
273 273 354 354 354 
375 
70 70 184 184 409 409 
225 419 419 419 419 
184 184 324 
81 329 329 
410 
315 315 315 
11 334 385 385 

271 271 
39 184 184 184 195 195 204 204 236 236 268 268 356 356 471 
204 239 239 239 267 267 
177 415 415 
251 251 251 
7 7 9 9 203 218 218 233 233 233 266 266 282 282 287 287 327 339 354 354 368 374 374 375 375 391 391 408 408 408 412 427 427 442 442 453 453 
158 
256 256 354 472 475 475 
206 206 219 402 405 405 
230 236 
157 224 224 224 
415 415 
236 236 460 460 460 460 
5 184 198 496 496 
308 308 449 467 467 
67 67 298 298 347 347 347 421 421 
144 144 271 271 427 427 
147 254 254 

191 
193 251 382 382 382 413 
271 271 
247 

23 171 196 196 196 480 480 
184 426 426 
76 226 364 410 
408 
58 58 58 139 397 397 397 408 408 408 
229 229 229 
68 68 169 233 233 425 
408 408 408 
281 281 
76 413 413 
177 177 
339 339 
39 39 485 485 
230 
56 191 
159 227 227 227 227 392 
87 87 87 370 370 408 408 
184 184 396 396 396 465 465 
280 280 467 
35 210 
233 233 233 
243 243 424 
84 84 85 85 160 160 160 
8 8 224 
76 80 80 96 96 122 214 215 222 222 222 317 349 349 384 384 398 398 413 418 418 418 429 449 449 449 455 467 467 467 481 481 
31 31 73 73 184 263 263 263 336 336 336 486 486 486 
182 
314 398 413 
413 413 

140 396 
96 96 
76 162 162 
42 42 359 359 
41 41 184 184 184 260 
72 153 244 244 503 503 
358 
7 271 
76 76 209 
81 82 223 261 261 
20 39 39 39 62 71 71 71 253 369 428 428 
22 22 
407 413 
413 
264 385 385 413 413 413 
174 174 174 413 413 413 
315 315 315 486 486 
199 199 
184 
46 145 271 301 301 381 381 381 408 427 452 453 464 470 
111 182 182 

239 239 
227 
69 69 69 147 147 147 173 173 173 236 236 447 447 
52 184 184 
27 27 47 47 76 459 459 
67 67 281 281 281 421 421 421 
84 84 85 
314 314 481 481 
8 8 196 224 
236 236 236 415 432 432 
402 402 402 
76 
5 5 21 21 31 31 31 41 134 134 151 151 151 184 184 184 256 256 256 271 271 273 411 450 462 462 490 490 490 502 508 508 
12 184 184 202 
236 267 267 
367 431 496 
38 38 72 72 89 89 90 90 90 141 141 141 193 193 193 244 326 413 466 466 503 503 
81 81 323 323 
76 

65 65 193 193 413 413 
182 182 
292 410 
415 415 
184 
114 181 181 357 390 390 390 496 
271 401 
330 
87 306 306 
68 68 169 169 169 
36 36 36 190 190 
8 196 
169 233 250 250 271 271 408 417 417 417 442 
233 257 271 271 
174 174 222 
225 225 
101 
103 
134 
0 64 64 139 139 139 339 339 339 408 408 
286 286 286 413 
75 415 415 415 432 463 463 463 
314 314 449 
264 264 334 334 413 
86 86 198 198 

487 487 487 
22 22 22 81 82 130 142 142 142 461 461 497 
17 367 367 367 455 
271 271 
227 227 305 
225 
81 81 495 
46 
184 184 184 307 307 307 320 
58 58 58 294 294 294 
314 314 317 
41 445 445 
5 50 50 
110 110 247 247 247 250 368 
39 39 159 159 219 274 352 352 352 
427 
6 6 92 182 182 
39 39 239 274 274 
37 37 
175 332 
25 87 87 150 150 158 248 248 248 271 271 271 293 294 294 294 297 297 297 306 306 339 374 381 381 412 437 
258 258 
262 292 364 
354 
271 408 
35 45 45 45 74 76 77 92 92 92 119 119 128 128 128 132 132 155 155 161 167 168 168 168 174 174 182 182 187 187 193 193 193 196 196 222 222 222 243 243 251 286 299 299 314 317 318 318 332 333 334 334 334 335 335 335 358 362 362 382 385 439 439 439 448 455 455 500 
22 22 108 108 497 497 497 497 
37 37 57 116 129 177 177 184 201 230 230 236 236 236 236 254 254 269 269 277 277 351 365 365 383 383 383 432 432 463 
65 65 
250 374 374 374 
80 80 80 95 95 95 314 314 314 
225 259 259 259 259 
98 441 
281 281 347 347 347 
76 
76 76 76 242 
311 
103 296 
184 184 184 291 291 
271 271 282 282 339 403 
330 330 
314 

357 496 496 
236 236 351 351 383 415 415 
159 159 159 

449 449 
22 
408 
236 
45 161 161 413 413 413 
76 76 186 
1 5 5 98 98 98 225 420 
250 271 271 374 468 
5 5 5 
15 15 59 59 182 
41 41 399 399 
191 191 
344 344 
128 128 413 
280 314 314 314 384 435 435 
41 156 156 156 354 
184 184 
339 464 464 
271 271 339 
4 4 4 124 124 131 131 131 219 219 232 
314 390 413 413 
78 184 462 462 462 462 491 
99 
225 225 225 225 
47 47 346 346 
211 211 236 278 278 278 278 
22 389 389 497 
99 354 354 456 456 456 456 
63 383 383 383 415 
339 452 452 
86 184 307 307 
72 358 358 
215 280 280 308 314 314 314 
123 123 442 
159 511 511 511 
339 
101 101 101 170 170 267 
273 475 
185 185 185 
487 487 
273 273 472 
10 10 100 100 197 496 496 496 
39 39 166 166 166 188 
76 207 
193 193 
127 127 127 290 290 
314 314 349 349 
227 227 227 
180 222 
184 184 
39 39 302 302 
120 315 315 315 336 336 489 489 489 
56 235 235 236 236 388 388 388 474 474 
184 184 
31 120 120 486 486 486 
51 184 184 184 354 354 354 
126 185 456 
41 41 

155 155 
81 81 183 394 
100 100 197 197 240 279 279 357 367 431 431 476 476 476 
389 414 414 414 414 461 
160 160 

193 193 413 
54 
354 
234 325 325 358 358 
88 
233 233 233 

104 104 104 
5 86 198 354 354 
76 76 229 
159 159 
159 159 159 469 469 469 
