Nodes: 512, Edges: 1215
381 381 
441 
28 28 28 91 182 182 182 183 183 189 189 
493 493 
454 
48 48 50 88 184 184 198 198 225 225 255 255 273 279 279 354 354 354 400 400 441 443 443 475 475 504 504 504 
404 
271 327 327 327 
196 224 224 313 350 350 373 
271 271 271 
476 476 476 
264 264 
184 184 202 202 
76 
52 117 117 
182 182 444 444 444 
24 41 41 41 184 
390 455 
441 
104 104 
330 330 330 
354 354 354 
108 108 108 115 115 331 331 389 389 414 414 436 461 
171 290 290 
16 76 
408 
158 158 
76 76 168 346 
2 2 2 178 178 183 
56 
180 222 222 
172 184 315 354 354 354 486 486 489 489 
184 
67 192 192 

210 210 222 309 413 413 413 
106 106 106 372 372 372 372 
406 406 406 415 

62 62 159 166 219 219 231 231 241 267 302 302 402 405 405 477 477 485 485 485 485 
192 192 192 236 236 249 249 
16 16 16 85 99 99 151 151 160 160 160 184 324 354 354 492 492 492 
321 323 
193 193 
137 137 
76 413 439 
64 64 339 339 395 
346 459 459 
5 5 50 50 50 50 
236 236 
5 48 48 48 48 
490 
14 345 345 
225 225 
76 76 299 
93 93 93 195 236 236 
29 191 191 191 236 236 304 304 446 446 487 
415 415 
294 294 294 397 
444 444 
104 104 104 236 236 236 
81 359 359 
39 39 241 330 330 
383 463 463 463 
46 46 381 
193 362 416 416 
141 
33 192 192 281 
169 296 371 
236 344 
246 258 258 
330 330 330 
89 89 89 466 466 
94 94 94 315 
413 
383 383 463 463 
13 24 27 27 45 54 54 107 109 109 162 162 162 186 186 196 199 199 207 208 229 229 242 242 245 245 245 292 299 314 322 322 322 328 328 346 346 360 413 422 423 478 
196 196 413 

236 
314 418 418 418 
61 82 113 184 184 261 261 261 289 329 329 329 359 359 389 389 394 394 495 495 495 
81 121 121 121 142 142 142 143 329 329 329 
236 
85 85 312 348 
41 84 84 160 312 312 
198 386 465 465 508 
306 370 408 408 
5 190 504 
72 72 72 358 358 358 
358 
2 
182 182 404 413 
55 55 55 
73 73 73 315 
418 
314 314 321 
171 290 290 
420 420 441 441 441 
41 41 462 462 462 462 
197 197 197 476 476 496 
140 195 195 378 378 471 471 471 
117 117 117 136 216 216 
146 379 379 379 
19 19 60 60 60 138 236 236 507 507 
106 106 184 184 190 
36 36 36 105 105 149 190 190 372 372 
76 
22 22 22 414 414 
76 76 199 199 
130 130 176 247 247 247 401 
182 182 182 340 
184 184 
81 
367 
22 22 
177 415 
14 14 102 102 102 125 135 135 184 184 184 236 236 
364 364 
122 122 222 413 
486 
82 82 82 143 143 
119 119 

232 232 232 387 387 454 454 
117 136 
185 491 491 
480 
220 220 413 413 
236 236 415 415 
110 110 177 177 
454 454 
168 168 413 
145 145 
354 380 
117 117 
102 125 
44 44 184 184 184 368 
104 236 236 237 252 
381 
101 320 
66 358 358 413 413 
82 82 82 
82 121 121 217 
282 
133 133 339 339 
103 
236 236 344 344 
236 236 236 304 304 304 
106 250 
248 248 248 408 
41 41 354 354 
213 213 213 292 292 364 
325 
374 
413 413 494 494 494 494 494 
450 
276 374 
26 26 194 271 408 
39 188 205 219 219 219 227 227 257 330 402 402 402 428 433 433 469 477 510 510 511 511 511 
41 41 41 85 272 272 272 312 312 498 498 
413 439 
76 76 76 322 322 322 


329 
39 477 477 
220 220 220 413 413 
27 132 132 413 413 
68 296 296 371 371 371 
471 
23 97 290 
31 
344 
222 335 335 362 413 
407 
110 247 247 
116 130 130 269 283 283 283 300 300 415 415 415 
28 28 183 183 

30 222 
367 
2 2 2 15 15 92 92 111 111 111 220 220 340 363 404 404 413 413 413 444 444 444 
2 2 28 178 178 
5 5 12 12 16 31 32 41 81 81 105 105 112 112 117 117 117 137 137 137 221 246 246 260 267 267 267 279 279 284 284 291 291 307 315 315 315 324 324 338 338 345 354 354 355 355 366 366 366 396 396 409 415 415 426 426 451 465 465 484 484 484 490 
126 473 491 491 491 
76 76 245 361 440 440 440 
413 413 
159 477 
2 2 
88 105 106 106 372 372 
56 56 56 236 236 236 267 268 268 285 285 285 304 304 446 
33 33 40 40 40 67 67 236 236 236 281 281 
43 43 65 286 358 413 413 479 479 500 
158 
55 101 101 236 236 236 267 267 471 471 
8 76 77 77 200 200 290 290 373 413 
100 100 100 476 496 496 
5 5 86 279 386 508 
76 76 109 109 207 207 337 337 337 337 
196 196 
236 
12 12 355 355 
271 271 

159 
274 274 274 274 
76 199 199 
76 
328 
35 35 309 
460 460 
233 233 233 
152 152 152 
215 314 
214 314 467 467 467 
102 102 
143 
271 271 271 
39 39 159 159 159 232 232 274 402 
128 128 167 167 167 182 182 413 413 
184 
30 30 35 119 174 180 341 341 376 376 413 413 
329 329 
8 8 276 350 350 
5 5 53 53 259 377 393 393 441 441 
292 292 
159 159 305 305 343 392 392 477 477 482 482 
245 245 245 
76 76 295 295 295 
236 275 303 303 303 415 415 
39 39 
124 124 124 219 219 
212 212 212 238 238 271 271 296 310 310 374 374 374 375 505 505 505 
503 503 
487 487 
40 40 49 49 55 55 56 56 60 60 60 69 79 83 104 104 117 117 129 129 138 138 147 147 148 148 148 191 191 191 192 192 192 195 195 195 201 230 237 237 267 267 275 278 344 344 351 356 415 415 415 432 438 460 460 460 487 
138 236 236 
233 233 
342 405 
357 476 496 
39 62 
76 76 423 
311 413 413 413 494 494 
358 358 
76 76 76 186 228 228 228 
70 184 184 
110 110 110 176 176 288 401 
150 150 150 
40 40 
149 374 401 401 401 401 401 417 417 
270 270 270 270 286 413 
138 
330 
283 283 415 
5 5 
273 354 
159 375 375 
70 70 409 
225 419 419 
184 
81 81 81 329 329 
364 410 
315 315 315 
11 11 334 334 385 385 
496 496 
271 
39 184 184 184 191 195 195 236 236 356 356 356 471 
191 191 285 
177 415 
251 251 251 251 
7 9 9 9 158 203 203 218 218 218 233 233 266 282 287 287 297 327 354 354 374 374 375 375 391 391 401 408 408 412 427 427 427 442 442 453 453 
160 160 160 
5 256 354 472 472 475 
206 206 206 206 219 405 405 405 405 
230 236 
157 224 
415 415 
236 460 460 460 
5 5 184 184 198 496 496 
308 308 449 467 467 
67 192 192 298 347 421 421 
144 271 
177 177 177 254 254 
184 184 
191 191 191 268 
193 251 382 382 413 413 
271 271 
247 
81 
23 23 97 97 171 196 196 480 
184 184 426 426 
76 152 152 226 226 364 364 410 
408 
58 58 58 397 397 408 
229 229 229 
68 169 169 233 425 425 
271 408 
281 
54 76 413 413 413 
177 177 
339 339 
39 39 485 
230 230 230 415 415 415 
56 56 148 148 148 191 191 
227 227 392 392 
87 408 
184 465 
280 280 467 467 
35 210 
233 233 
243 
84 85 85 160 160 
8 
76 80 96 96 214 215 317 317 319 319 349 384 384 418 418 429 429 429 434 434 449 449 449 449 449 455 467 467 467 481 
31 73 94 184 184 184 263 263 263 336 486 486 

314 314 398 398 413 413 413 
413 413 
314 314 
140 
42 96 323 323 
76 76 76 162 162 162 
42 321 321 359 359 359 
41 184 184 459 
153 503 
358 358 
7 7 7 271 
76 76 209 
81 81 81 82 82 82 165 223 223 261 261 
20 20 20 62 62 71 71 71 159 253 369 430 
22 22 
407 407 413 
413 
264 264 385 385 385 413 413 
174 174 413 
315 486 
199 199 199 199 
184 184 415 415 
46 46 145 145 301 301 381 381 408 427 427 452 452 453 464 464 464 470 470 470 
111 182 
222 222 
239 
227 
69 147 147 173 236 236 447 447 447 
52 52 184 
27 47 76 76 
281 421 506 506 506 
84 
314 481 
8 8 224 224 
236 415 432 

456 
5 5 5 21 21 21 31 31 31 41 41 134 151 151 184 184 256 271 271 273 411 450 450 462 490 502 508 508 
184 184 202 202 
236 267 267 267 
240 367 431 431 496 
89 89 89 90 141 141 193 244 244 326 326 413 466 466 503 503 
61 61 81 81 323 323 323 
76 
186 
65 174 413 413 
182 
118 118 152 262 292 292 410 410 

184 184 184 
114 181 357 390 390 390 496 496 
137 401 401 
330 
87 
68 169 169 169 
36 36 36 36 106 106 190 190 
8 196 
154 157 233 233 233 250 271 271 408 408 417 442 
233 257 257 271 271 
222 222 
225 
101 101 
103 103 103 
134 
0 0 64 139 339 339 395 408 408 408 
286 286 
63 75 75 415 415 463 
314 314 449 449 
264 264 334 334 334 413 413 
86 198 
124 124 
487 
22 22 81 81 461 497 497 
17 367 367 367 455 
271 271 
227 227 305 305 
225 225 
81 81 
46 381 
184 184 
58 294 294 
317 317 
445 445 
5 5 
110 247 250 250 250 250 250 271 368 368 
39 159 159 159 219 
427 427 427 
6 92 182 182 499 
39 39 239 274 274 274 274 
37 37 37 
175 332 332 413 413 
25 87 87 150 158 271 271 293 294 297 306 339 374 374 381 381 381 412 412 437 470 
184 258 
262 292 364 364 
354 
271 408 408 
35 35 35 45 74 76 77 92 119 128 128 132 141 141 155 155 161 167 167 168 168 174 182 182 182 187 187 193 193 196 220 220 222 222 243 243 243 251 286 286 299 299 299 317 317 317 318 318 332 333 334 334 335 358 362 362 385 385 407 407 439 439 455 500 500 
22 22 108 108 497 497 497 
37 57 57 116 129 129 177 177 177 184 184 230 230 236 236 236 254 269 277 277 303 303 303 338 338 351 383 383 432 432 463 463 463 
65 65 
250 250 374 
80 80 80 95 314 314 
259 259 
98 98 441 
281 281 347 
76 
76 242 

296 296 
184 184 291 291 
271 271 271 339 339 403 403 403 
159 
314 314 314 
330 
357 357 496 
236 351 415 415 460 460 
159 159 
314 314 
449 449 449 
22 
408 
236 
45 161 413 413 
186 186 186 
1 5 18 98 98 98 225 225 420 
271 271 374 468 468 468 
5 5 
15 15 15 59 59 182 182 182 
399 399 
56 56 191 
344 344 344 

280 314 314 314 314 314 384 384 435 435 435 467 467 
156 354 354 462 462 
184 
339 339 464 464 464 
271 271 339 
4 124 124 131 131 
17 314 390 413 
353 462 491 491 491 


47 47 324 
211 211 236 236 236 278 278 278 432 432 
22 389 497 497 
99 99 99 99 354 450 450 456 
63 63 63 75 75 383 415 415 415 
339 339 339 452 452 452 
86 86 184 184 307 
72 72 358 358 
215 215 215 280 280 308 308 314 314 314 449 449 
442 442 442 
159 511 
339 339 339 408 
101 101 101 170 195 195 267 
273 273 475 475 475 
185 
487 
5 5 273 472 472 472 
10 10 10 100 100 197 240 496 496 496 
39 39 159 166 166 188 227 227 
76 
193 193 
127 290 
314 349 
227 227 

184 184 184 
39 39 39 39 302 
31 31 120 315 315 336 489 489 
56 235 235 236 388 474 

31 31 486 486 
51 184 354 
126 126 185 185 185 456 456 456 
41 41 41 
3 3 
155 155 155 155 155 243 243 
81 81 81 
100 197 197 240 265 265 279 279 357 367 367 431 476 476 476 
389 389 414 414 414 461 461 
160 160 
404 
193 413 413 

354 
234 234 325 358 358 
5 5 5 88 
233 233 233 
347 347 347 
104 104 
86 198 354 354 

159 159 
159 159 159 469 
