Nodes: 512, Edges: 1215
381 381 
441 
28 91 91 183 189 
271 271 271 493 493 
454 
34 34 34 50 50 88 184 184 198 225 255 255 273 273 279 354 354 400 400 400 441 443 458 475 475 504 504 508 508 508 
404 404 
233 327 327 327 
224 224 224 313 313 350 350 373 
271 271 
476 476 476 496 
264 264 264 
184 202 202 355 355 

117 117 117 184 184 
182 182 182 316 444 444 
41 41 184 184 
390 390 455 455 
441 
104 104 
330 330 330 
354 354 354 354 
108 108 115 115 331 389 414 436 436 461 
171 290 
76 76 
408 
158 158 158 408 408 408 
76 346 
2 178 178 183 183 
56 56 
180 180 222 
172 172 184 184 315 315 354 486 489 489 
184 184 
67 67 192 
5 5 5 
210 210 222 309 309 
106 269 372 
406 415 
358 
62 159 163 166 219 219 231 241 241 241 267 267 330 330 330 402 402 405 477 485 
192 236 236 249 249 
16 16 85 85 99 99 99 137 137 156 160 160 184 184 324 354 354 399 399 450 450 492 492 
323 323 
193 
137 
413 413 439 
64 64 339 339 381 395 395 
76 346 346 459 459 
50 50 50 50 
236 
5 5 48 48 48 48 400 400 400 
490 
184 345 
225 
76 299 501 
93 195 195 195 236 
29 29 191 236 236 304 304 446 446 446 487 487 
415 
294 294 397 
444 444 
104 104 236 236 
81 359 
39 330 
383 383 463 463 
46 46 381 381 
193 362 416 
141 141 141 
33 33 192 281 347 347 
169 169 296 371 371 
236 344 344 
184 184 246 258 
330 
89 89 325 325 358 466 466 
94 315 
413 413 
383 
24 24 27 47 54 107 162 162 186 196 199 207 207 208 208 228 229 229 242 245 245 292 299 299 314 322 322 328 328 346 346 353 353 353 360 360 360 413 422 440 440 478 509 509 
196 196 413 413 

236 236 
314 314 314 418 418 
61 113 184 184 261 261 289 329 329 359 359 359 389 389 394 394 394 495 495 
121 142 142 143 143 329 329 389 389 389 
236 236 
85 312 348 348 
41 41 84 160 348 348 348 
198 386 465 508 508 
370 408 408 
5 504 
72 72 358 358 
358 358 
2 2 
182 404 404 413 
55 
73 315 
418 
321 321 
171 171 171 290 290 
420 420 
41 41 41 462 462 462 
197 476 496 496 
140 378 471 471 471 
117 136 136 216 216 
146 146 379 379 379 425 
19 19 60 60 138 236 507 507 
106 106 190 190 
36 105 105 149 149 190 372 372 
76 
22 22 414 
199 199 
130 130 130 130 176 247 247 401 
195 340 340 340 
184 
81 
367 
22 22 
177 177 177 184 184 415 
14 14 14 102 125 125 135 135 136 136 184 184 236 236 236 
364 
222 222 413 
486 486 489 
82 143 
314 
468 
232 387 454 454 
117 117 136 136 136 
185 185 491 
480 480 
413 413 448 
415 
110 110 110 110 177 177 177 389 389 
454 454 
413 413 413 
145 145 145 

117 117 
102 102 117 117 125 125 125 
41 41 44 184 184 368 368 368 368 368 
104 236 236 237 252 
294 381 
101 320 
66 66 66 358 358 413 
82 82 389 389 389 
82 82 121 217 
282 282 
133 133 133 
103 103 
236 236 344 
236 236 236 236 236 
106 106 417 
248 339 408 
354 354 354 
213 292 364 
325 
374 
413 494 494 494 
41 450 450 
276 
26 26 26 194 272 408 
39 188 188 205 205 219 219 219 227 227 231 231 305 305 330 330 402 428 428 433 469 469 477 510 511 
41 41 85 272 312 312 498 498 498 
439 439 439 
76 76 322 322 322 
39 

329 
39 477 
220 220 220 413 413 
413 
68 68 296 371 374 
471 471 
23 97 97 97 290 
31 31 
344 
222 222 335 335 376 413 413 
407 407 
110 247 
116 116 116 130 130 130 283 300 300 300 415 
28 28 

30 30 222 
367 
15 15 15 92 220 316 363 404 404 413 413 413 444 444 444 
2 28 28 
5 5 12 14 14 16 16 31 31 32 32 41 41 52 70 70 81 81 112 116 116 117 117 137 137 213 221 221 246 246 260 260 260 267 279 284 289 291 291 291 307 307 315 315 324 324 338 354 355 355 366 396 396 409 409 409 415 426 451 451 451 456 456 465 484 488 488 490 
126 126 
76 245 245 440 440 
413 
159 159 477 
2 
105 105 106 
56 236 236 267 267 268 268 304 446 
33 40 67 236 236 236 281 281 
43 65 286 286 286 358 358 362 362 413 413 479 479 500 500 
158 
55 55 55 111 236 236 267 471 471 471 
76 77 77 200 290 350 373 413 
100 240 496 
5 86 279 386 386 508 508 508 
76 109 109 207 207 337 
196 
236 236 236 415 415 
12 12 355 355 355 

267 267 268 
159 159 
274 274 
76 76 199 199 
76 76 
328 328 328 
35 35 309 309 
460 460 
233 233 
152 184 
215 
214 314 314 467 
102 102 
143 
271 
39 39 159 159 159 232 232 274 402 
167 167 167 182 413 413 
184 184 
30 35 119 119 174 174 180 314 314 341 341 341 376 376 413 413 483 483 
329 
8 8 8 276 276 276 313 313 313 350 
5 53 259 377 419 441 441 441 458 
292 292 
159 159 305 305 305 343 392 477 477 477 482 482 
76 245 245 245 
76 76 295 509 509 509 
236 236 275 303 415 415 
39 159 159 
124 219 219 454 
7 212 212 238 238 271 271 296 296 310 374 374 374 375 375 505 505 
503 
487 
40 40 49 55 56 56 60 60 69 79 79 83 83 104 117 117 117 138 138 147 147 148 148 148 148 148 191 191 192 192 192 195 195 201 201 201 230 230 237 237 267 267 267 278 278 344 344 351 351 351 415 415 432 432 438 438 438 460 460 460 487 487 487 
138 236 236 
233 233 367 
268 268 268 268 342 405 405 
197 357 
39 39 39 
76 
311 413 413 413 494 494 494 
325 325 358 358 358 
76 76 186 186 228 228 228 
70 184 184 
110 110 176 288 401 
150 408 
40 40 
374 374 401 417 417 442 442 
270 270 270 270 270 286 286 413 413 
138 
330 330 330 
283 415 415 415 
5 5 
273 
375 375 375 
70 409 
225 419 419 419 
184 184 184 324 
81 81 329 329 
364 410 410 
315 315 
11 11 11 334 334 385 385 
496 
271 
39 39 184 191 191 195 204 204 236 236 236 268 356 
191 191 204 239 239 239 239 267 285 
36 
251 251 251 251 251 
3 3 3 9 9 218 233 233 266 282 282 287 297 297 327 339 339 374 391 401 401 401 408 408 412 427 427 442 453 
158 160 
5 5 256 354 
206 206 219 402 
230 
157 224 224 224 
415 
236 236 460 460 460 
5 184 198 
449 467 
67 192 192 298 347 347 421 
144 144 271 271 427 
177 254 415 
184 
268 
193 193 193 251 251 382 413 
271 
247 
81 184 
23 97 97 171 196 480 480 
184 184 184 426 
76 152 226 226 364 

58 58 139 397 408 
229 
68 169 233 233 425 425 
271 271 408 408 
281 347 
54 76 76 413 
177 177 177 
339 339 339 
485 485 
230 415 
56 56 191 
159 159 227 227 227 392 392 392 
370 408 
184 184 396 
467 467 467 
35 35 210 210 
233 
243 424 
84 160 160 
8 8 224 224 224 
76 80 80 80 122 215 215 222 222 317 349 384 398 413 418 429 429 434 434 434 449 449 449 455 467 467 467 481 481 
31 31 73 94 184 184 263 263 486 486 
15 182 
314 398 398 413 413 
413 
354 
140 
96 96 323 
76 76 162 162 162 
42 42 321 359 359 
41 184 184 260 
72 72 153 244 244 503 503 503 503 
358 358 358 
7 7 7 271 
76 76 209 209 209 
81 81 82 82 165 223 261 261 
20 20 20 39 39 39 62 71 159 159 253 253 253 369 428 428 430 
22 
407 413 

264 264 385 385 385 413 
174 174 413 413 
486 486 
199 
184 415 446 
46 46 150 271 271 301 301 301 381 381 381 381 408 408 427 453 464 464 470 470 
111 111 111 
222 222 222 
239 
227 
69 69 147 173 236 236 447 447 
52 
27 47 47 76 76 
67 67 281 281 298 421 421 421 506 506 506 
84 84 85 85 85 
314 481 481 
8 8 196 224 
236 236 236 
402 402 402 
76 76 76 
5 5 21 21 21 21 31 41 41 151 151 151 184 273 319 411 411 411 462 462 490 490 502 508 508 508 
12 12 184 184 202 202 202 
267 
240 367 496 496 
38 72 89 89 90 90 141 141 193 193 244 244 244 326 326 326 413 466 503 503 
61 81 81 81 323 323 
76 76 76 

65 193 193 413 
182 
118 152 262 292 410 410 
415 415 
184 
114 181 238 357 496 496 
137 137 137 137 137 401 
330 
87 306 
68 68 169 
36 106 106 
8 196 
154 169 233 233 233 250 250 271 408 442 442 
233 233 257 257 257 
174 222 222 
225 
101 
103 103 103 

0 0 46 64 64 139 339 339 339 339 395 395 395 408 408 408 
286 413 413 
63 63 75 415 432 432 432 463 
314 449 449 
264 264 334 334 334 413 
86 198 198 
124 
487 
22 81 81 82 82 82 130 130 142 142 142 461 
17 17 455 455 455 455 
271 
227 305 305 305 

81 81 81 495 495 
46 46 381 381 381 
184 184 307 
58 294 
314 317 317 
41 41 445 445 445 445 
5 5 5 50 50 50 
110 247 250 271 271 271 368 
39 39 159 219 274 352 352 352 
427 
6 6 92 92 182 182 499 
39 239 239 
37 
175 175 332 413 413 413 
25 26 26 26 87 87 150 158 248 271 271 294 297 297 306 339 339 374 381 381 381 412 412 437 470 470 
184 184 184 258 
262 262 364 364 
354 354 354 
271 408 408 
45 45 74 74 76 77 77 92 119 128 128 132 132 132 141 155 167 167 168 174 174 182 182 182 187 193 193 196 220 220 222 222 243 243 243 251 251 286 299 314 317 317 318 332 334 335 335 358 362 382 382 385 407 407 407 439 448 455 455 500 500 
22 108 497 497 497 
37 57 116 129 177 184 201 201 230 230 236 236 254 254 254 277 283 303 338 365 365 383 432 432 
65 
149 250 250 
80 80 95 314 
225 259 259 259 
98 98 441 441 
281 347 347 347 
76 

311 
103 296 296 
184 291 
271 271 282 339 403 
159 159 330 330 
314 314 
330 
496 496 
236 236 383 383 383 415 415 460 
159 
314 314 314 
449 449 449 
22 22 
408 
236 236 236 
45 161 161 161 413 
76 76 186 186 
1 5 18 225 225 225 420 420 
250 250 271 374 374 468 468 
5 
15 15 59 59 182 182 182 
399 399 399 399 
56 56 56 191 338 
344 344 
128 413 
280 314 314 314 384 384 435 435 435 467 
41 41 156 156 462 462 
184 184 184 
464 464 
271 339 
4 124 124 131 131 232 
17 17 314 390 390 390 390 413 413 
184 184 462 462 491 491 491 

5 225 
47 47 
211 211 236 236 236 278 278 278 432 
22 389 497 
99 99 99 354 354 450 450 456 456 
63 63 383 
339 339 452 452 
86 184 
72 72 358 
215 280 308 308 308 314 314 314 449 
123 442 442 
159 159 511 511 
339 339 408 408 
101 101 101 170 170 195 195 195 
475 475 475 

487 487 487 
5 5 472 472 472 
10 10 10 100 496 
39 159 166 188 227 227 227 
76 
193 193 
127 127 290 290 
314 314 349 349 
227 227 
222 222 
184 
39 302 302 
31 120 120 315 315 336 336 489 489 489 489 
56 56 235 236 236 236 388 474 474 474 
184 184 
31 31 120 486 486 486 486 
51 184 354 354 
126 456 456 456 
41 41 
3 3 
155 155 155 243 243 243 
81 81 394 394 
10 100 100 197 265 357 357 367 367 431 431 476 
414 414 414 461 
160 160 160 
404 
193 193 413 413 
54 
354 
234 325 325 325 325 358 358 
5 5 88 
233 233 
347 347 347 
104 104 
5 5 5 86 86 198 198 198 354 354 354 
76 76 229 229 229 
159 
159 469 469 
