Nodes: 512, Edges: 1215
381 
441 441 441 
28 91 91 182 182 183 183 189 189 189 
271 493 493 
454 454 
34 48 48 50 50 88 105 184 225 255 273 273 273 279 279 354 400 400 441 443 443 443 475 475 504 504 504 508 508 
404 404 
233 233 233 271 327 
224 224 313 313 350 350 350 373 
271 
476 476 
264 264 
184 184 202 355 355 
76 
52 117 117 184 184 
182 182 316 444 
41 41 41 41 
390 455 455 
441 
104 104 104 
330 
31 354 354 354 
108 115 331 331 389 414 414 414 436 436 461 
171 290 290 
76 76 
408 408 
158 158 408 408 
346 
2 178 178 178 183 183 

180 180 222 222 222 
21 172 172 184 184 184 315 315 354 486 486 489 
184 
67 67 192 192 
5 
210 210 222 222 413 
106 372 372 
406 406 

62 159 163 166 166 219 219 231 231 241 241 267 302 302 330 330 402 405 405 477 477 477 485 485 485 
192 192 236 249 
16 16 16 16 85 137 151 151 156 160 160 184 184 354 354 399 399 445 445 445 450 492 
321 323 323 
193 193 
137 
76 413 413 439 439 
64 64 339 339 381 381 395 395 
346 346 459 459 
5 5 50 50 
236 
5 5 48 48 400 400 
490 490 
14 184 184 184 345 345 345 
225 
76 299 299 
93 195 195 236 
236 236 236 304 446 446 446 
415 415 
294 294 397 
444 444 444 
104 104 104 236 236 
359 
39 241 330 330 330 
383 383 383 463 463 
46 46 381 381 381 
362 362 362 416 
141 141 
33 33 192 192 192 281 281 347 347 
169 296 296 296 
236 236 344 344 344 
184 184 246 246 258 258 
330 
89 325 358 358 358 
94 94 315 
413 
383 383 463 463 463 
13 24 24 45 54 107 109 186 186 186 196 199 199 199 207 208 208 229 229 242 242 242 245 245 299 314 322 322 328 360 413 422 440 440 478 478 509 
196 413 413 413 

236 236 236 
314 314 418 418 
82 113 184 184 184 261 289 289 329 329 359 359 359 495 495 
81 121 143 329 329 329 389 
236 236 236 236 
85 312 312 348 348 
41 84 160 160 312 348 348 
198 198 386 465 508 508 
306 370 370 408 408 
5 
72 358 358 
358 358 
2 2 
182 413 413 413 
55 
73 73 315 315 
418 418 418 
321 321 321 
171 171 290 
420 420 441 441 
462 462 
197 496 
140 195 195 471 
117 117 136 216 216 
146 146 379 379 425 
19 19 19 60 60 60 138 236 236 507 507 
5 106 106 184 184 
36 105 105 149 149 149 190 372 
76 
22 414 414 
76 199 199 199 
130 247 247 247 401 401 
195 
184 184 
81 
367 
22 
177 177 184 
14 14 102 102 135 135 184 184 236 
364 364 
122 122 222 222 413 
486 486 489 
82 143 143 
119 119 314 
468 468 
232 232 232 387 454 454 
136 
185 185 185 
480 480 
220 413 413 413 448 448 
236 415 415 
110 177 389 389 
454 454 
168 413 413 413 413 
145 145 
354 380 
117 117 
102 125 
41 44 184 184 368 368 368 
104 164 236 
381 381 381 
101 320 320 
66 66 413 413 
389 
82 121 121 217 217 217 
282 
133 133 339 339 339 
103 103 
236 236 344 344 
236 236 236 304 304 389 
106 106 106 
248 248 248 339 
41 41 
213 292 364 364 
325 
374 374 
413 413 494 494 
41 450 450 
233 
26 26 194 194 271 408 408 
39 188 205 219 231 305 305 305 330 428 428 433 433 469 469 477 477 477 511 511 511 
41 41 85 85 272 272 312 312 498 498 
413 413 439 439 
322 322 322 
39 
138 
329 
39 39 477 477 
220 413 413 
132 413 413 
68 296 371 371 371 374 
471 471 
23 97 97 290 290 
31 31 
344 
222 222 222 335 362 376 413 413 
407 413 413 413 
247 
116 116 130 283 300 415 
28 28 28 183 

30 30 222 
367 367 
2 2 15 15 92 220 220 363 363 404 413 413 413 444 444 
2 2 28 28 178 
5 12 12 14 14 31 31 31 32 41 41 52 52 52 70 70 81 81 81 105 105 112 112 116 117 117 137 137 213 221 221 236 236 246 246 260 267 279 279 284 284 284 289 291 291 292 292 307 315 315 324 324 338 338 345 345 354 355 355 355 366 366 366 396 409 409 415 415 426 451 465 465 488 490 490 
126 126 126 491 491 
76 76 76 245 440 
413 
159 477 477 477 
2 2 2 
106 372 
236 267 268 285 285 446 497 
33 33 40 40 67 67 67 236 236 281 281 281 
43 43 313 358 362 362 413 479 479 500 500 
158 158 
55 55 101 101 111 236 267 471 
76 77 200 290 290 290 
100 496 
86 86 279 386 386 386 508 508 
76 76 76 109 109 109 207 207 337 337 337 
196 
236 236 415 
12 355 355 
271 271 
268 
159 
274 274 
76 199 199 478 
76 76 

35 35 309 
460 
233 
152 184 
215 314 314 
214 314 314 314 467 467 467 
102 102 
143 143 143 
271 
39 39 159 232 274 402 402 454 
128 167 182 182 413 413 
184 184 
30 30 30 35 35 119 119 174 174 174 180 314 376 413 483 483 483 
329 
8 8 276 276 276 350 350 350 
5 53 259 377 377 393 393 419 419 441 441 458 458 
292 
305 305 305 343 392 392 477 482 482 482 482 
292 
76 76 295 295 509 
236 275 303 415 415 
39 39 159 
124 124 124 219 454 
7 7 7 157 212 238 271 296 310 374 375 505 505 
503 503 
487 487 
40 49 55 56 56 56 60 60 69 69 79 79 79 83 83 83 83 104 104 117 129 138 147 147 148 148 148 184 184 191 192 192 195 201 201 230 237 237 267 267 275 351 356 415 415 415 415 432 438 438 460 487 
236 236 
233 
268 268 342 342 
357 496 
39 39 62 
76 76 76 423 
311 311 311 413 494 494 
325 325 325 358 358 
76 76 186 
70 70 184 184 
110 110 110 176 288 401 401 
150 150 150 408 
40 
417 417 442 442 
270 270 286 

330 330 
415 
5 
273 273 354 354 
375 375 375 375 
70 70 409 
225 261 419 419 419 419 
184 324 
81 259 329 
364 364 410 410 
315 
11 11 334 334 385 385 
496 496 496 
271 
39 184 191 195 236 236 356 356 356 
191 204 239 239 

251 251 
3 7 9 158 203 203 218 233 266 282 282 297 327 339 339 354 354 354 368 374 374 375 391 401 401 408 408 412 427 427 427 442 442 453 
160 160 
5 5 5 256 256 354 354 472 475 
206 206 219 402 402 405 
230 236 
224 224 224 
415 415 
460 460 
5 5 184 184 198 496 496 
449 449 
67 67 192 192 192 298 347 347 421 421 
144 271 271 427 427 427 
177 415 415 
184 184 184 
191 191 
251 382 382 382 382 413 

247 
81 81 184 
23 23 97 171 171 196 196 196 480 480 
184 184 426 426 426 
152 184 184 226 228 364 364 410 
408 
58 58 397 
229 229 
68 68 68 169 233 425 
271 408 408 408 
281 347 347 347 
54 54 76 413 413 
177 
339 339 
39 39 485 485 485 
230 415 
56 148 148 
159 159 159 227 227 227 
87 370 370 
184 354 354 354 396 396 465 
467 467 467 
210 
233 
243 243 243 
84 84 85 160 160 
8 8 193 
76 80 80 122 214 214 215 215 215 222 317 317 317 319 319 319 349 384 413 418 418 429 434 449 449 449 449 449 467 467 467 481 
31 31 73 94 94 184 184 263 336 486 486 
15 
314 314 314 398 398 413 413 

314 314 314 
140 140 396 
42 96 96 96 323 
76 76 162 162 162 
42 42 321 359 
184 184 260 
72 153 244 244 244 503 503 503 
358 358 
7 271 
76 
81 81 82 82 82 165 223 261 
20 39 39 62 62 62 71 159 253 253 369 369 428 428 
22 22 
407 413 413 413 
413 413 
264 264 385 385 413 413 
174 413 413 413 
315 486 
199 199 199 
184 184 415 
46 46 145 145 145 150 271 271 301 301 381 408 408 427 452 464 464 470 470 


239 239 
227 
69 69 69 147 147 173 447 447 447 
52 52 52 184 184 
27 47 47 459 
67 67 281 281 298 298 298 421 506 506 
84 84 85 85 
314 481 481 481 
8 8 8 224 224 224 
236 
402 
456 456 
5 21 21 21 31 41 41 134 184 256 256 271 271 271 273 273 307 307 307 411 411 450 450 450 490 490 490 502 
12 12 184 184 184 202 202 
236 267 267 267 
240 367 496 
72 72 72 89 89 90 90 193 244 244 326 326 413 466 466 503 
61 81 81 81 323 
76 

65 65 65 174 193 193 413 
182 182 
118 118 152 152 262 262 292 292 410 410 
415 
184 184 184 
114 181 181 357 496 496 
137 137 137 271 401 401 
330 330 
87 87 306 306 
169 169 169 
36 36 106 190 
8 
154 154 169 233 271 271 408 408 417 442 
233 257 257 257 257 271 
174 222 
225 225 

103 103 
134 
0 46 46 64 64 64 139 139 139 339 395 395 408 408 
286 286 286 286 
63 63 63 75 75 415 415 432 463 463 
314 449 
264 264 334 334 413 413 
86 198 198 198 
124 
487 487 
22 82 130 130 142 148 461 461 461 497 
17 455 455 
271 
227 227 
225 225 

46 46 381 381 
184 307 307 320 
58 294 
317 317 
41 41 445 445 
5 5 50 50 
110 110 247 247 271 271 368 368 
39 219 219 274 274 352 
427 427 
6 6 182 
39 39 274 
37 37 
175 332 
25 25 26 26 87 87 158 158 248 271 271 293 297 297 297 339 339 374 374 381 381 412 437 437 470 470 
184 184 258 
262 262 292 364 364 
354 354 
271 408 
35 45 45 74 76 77 77 77 92 92 92 119 128 128 128 132 132 132 132 141 141 155 155 161 161 167 167 168 168 174 174 175 175 175 182 182 182 187 193 220 220 222 243 286 299 299 314 317 317 332 332 332 333 333 334 334 335 335 335 358 362 385 385 439 439 439 448 455 455 455 500 
22 22 22 108 108 497 497 497 497 
57 57 129 129 177 184 184 201 230 230 236 236 236 236 254 277 277 283 283 303 338 365 383 383 432 432 463 463 
65 
250 250 374 
80 80 95 95 95 314 314 
225 225 259 259 259 259 
98 98 441 441 
281 281 347 
76 
242 

103 296 
184 291 291 291 
271 271 271 282 282 282 339 403 403 
159 159 330 330 
314 

496 496 
236 383 415 415 
159 159 
314 
449 449 449 
22 22 
408 408 
236 236 470 
45 45 161 161 413 413 413 
76 76 186 
1 1 1 5 18 98 98 225 225 420 420 
250 250 271 271 374 468 
5 5 5 456 
15 59 59 59 182 182 
41 41 41 399 399 
56 56 56 191 
344 344 344 
128 128 413 
280 280 314 314 314 314 314 384 435 435 435 467 467 467 
41 156 156 354 354 354 462 462 
184 
339 464 464 464 
271 
4 4 124 124 131 131 219 232 
17 17 390 390 413 413 413 
353 353 443 462 

225 225 
47 47 346 
211 236 278 278 
22 389 389 389 497 
99 99 450 450 456 
63 63 75 75 75 383 383 415 415 
339 339 452 452 452 
86 184 184 307 
358 358 
215 215 215 308 308 308 314 314 314 449 449 449 
123 123 442 
159 159 511 
339 339 408 408 438 
101 170 170 195 
273 475 

487 487 
5 5 273 472 
10 10 496 496 496 
39 39 39 159 159 159 166 166 188 188 188 227 
76 76 207 
193 193 
127 127 290 290 
314 349 349 349 
227 227 227 227 
222 222 222 

39 39 39 302 302 302 
31 31 120 120 315 315 336 489 489 489 489 
235 235 236 388 388 474 474 
184 
31 120 486 486 486 486 
51 51 184 184 354 354 354 
185 185 
41 
3 3 
155 155 243 243 
81 81 
100 197 240 265 265 265 279 279 357 367 367 431 431 476 476 476 
191 389 414 414 414 414 461 
160 160 

193 193 413 

354 
234 234 325 325 325 358 
5 5 5 
233 233 
347 347 
104 104 
5 5 86 86 198 198 
76 229 

159 159 159 469 
