Nodes: 512, Edges: 1215
301 381 381 
441 441 
28 28 28 91 111 183 189 189 
271 493 493 493 
454 454 
34 34 48 48 48 50 50 88 184 184 184 225 255 255 273 273 279 354 354 443 443 475 475 504 504 504 508 508 
404 404 
233 233 271 271 327 327 327 
224 313 313 373 
271 
476 
264 264 264 
184 202 202 
76 76 
117 184 
182 182 316 444 
41 41 184 184 
455 455 
441 441 
104 
330 330 330 330 

108 108 108 108 115 115 115 331 331 331 389 414 414 414 436 436 461 
171 290 290 
76 76 
408 408 
158 
76 168 
2 2 2 178 178 183 183 
56 56 
180 180 222 222 
172 315 315 354 354 486 486 489 
184 
67 67 192 192 
5 5 
210 222 309 309 413 
106 106 106 372 
406 415 
358 
159 163 166 166 219 219 231 241 267 267 302 330 402 402 405 405 477 477 477 485 485 485 
192 236 
16 16 85 99 137 151 156 156 160 160 184 184 184 324 324 354 399 445 450 450 492 492 
321 321 323 323 
193 193 
137 
76 
64 339 339 381 381 395 
76 346 459 
5 5 5 50 50 

5 5 48 48 400 
490 490 
184 345 345 
225 225 225 
76 299 299 501 
93 93 195 236 
29 29 191 236 236 236 304 446 446 446 487 487 487 
415 415 
294 397 
444 444 444 
104 104 104 
81 359 359 
241 330 
383 463 463 463 
46 381 
193 193 193 362 362 416 416 416 
141 
33 33 192 192 192 281 281 347 347 
296 371 
236 236 236 344 344 
184 246 258 258 258 
330 330 330 
89 89 89 325 325 358 466 
94 
413 413 
383 383 
13 13 24 24 27 45 47 54 107 109 109 162 162 196 196 199 207 207 208 229 245 245 299 299 314 314 314 322 328 346 353 353 360 360 360 413 413 422 440 440 456 478 509 
413 413 
456 
236 
314 418 
61 82 82 184 261 289 289 289 359 359 389 495 495 
81 81 121 121 142 142 143 143 329 329 389 389 
236 236 
312 312 348 348 
41 160 312 312 348 348 348 
198 386 386 386 465 
306 306 306 370 408 
5 504 
72 72 72 358 358 358 358 
358 
2 
404 404 413 
55 55 
73 315 
418 
321 321 321 
171 171 290 290 
420 420 441 441 
41 462 462 
197 476 476 496 
140 140 195 195 378 471 471 
117 117 136 136 
146 379 379 379 379 425 
19 60 60 60 138 138 236 236 507 507 507 
106 106 
36 36 36 105 105 149 149 190 190 372 
76 
22 22 22 22 414 
76 76 199 
130 130 130 130 176 176 247 401 401 
2 182 
184 

367 367 
22 22 22 
177 177 184 415 415 
14 102 102 135 136 136 184 184 184 236 236 
364 364 
122 413 413 
486 489 489 
82 82 143 143 143 
119 
468 
232 232 232 387 454 

185 185 185 491 491 491 
480 480 480 
220 220 220 220 413 448 448 
236 236 415 
110 110 110 110 
454 
168 168 413 413 413 
145 145 145 
354 354 380 
117 
102 102 117 117 
41 44 184 184 368 368 
104 104 164 236 236 252 
381 
101 101 320 320 
66 358 358 413 413 
82 82 389 389 
82 82 121 121 121 
282 282 
133 133 133 339 
103 
236 236 344 344 
236 236 236 304 304 
106 106 250 417 
248 248 408 
41 354 354 
213 213 213 213 292 292 364 
325 325 325 
374 374 
413 494 494 494 
41 41 450 
276 
26 194 194 271 272 408 408 
39 188 188 205 219 227 227 227 231 305 330 330 402 402 428 433 477 477 477 510 511 511 
41 41 85 272 312 312 498 498 
413 413 439 439 
76 76 322 
39 
138 
329 329 
39 39 
220 220 413 413 
27 132 132 413 413 
371 371 371 371 374 
471 471 
23 97 97 290 290 
31 
344 344 
222 335 362 376 413 
407 
110 110 247 
116 116 283 300 300 415 
28 28 183 183 

30 30 222 222 
367 
15 15 111 220 316 363 363 404 404 413 413 444 444 
2 28 28 178 178 
5 5 5 12 14 16 16 32 41 41 41 52 70 81 112 116 117 117 117 137 137 221 221 221 236 236 236 258 260 260 260 267 267 267 279 279 289 289 289 291 291 291 292 307 307 315 315 324 338 338 345 354 354 355 366 366 396 409 409 415 415 426 451 456 484 484 488 
126 126 126 473 473 491 
361 440 440 440 
413 413 
159 159 477 477 477 
2 2 
106 106 372 372 
56 236 236 236 267 267 285 285 285 304 446 
33 33 40 67 67 67 236 236 281 
43 43 65 65 65 286 358 358 362 362 413 479 479 500 
158 158 
55 101 101 236 267 267 
76 76 200 200 290 290 290 373 
100 240 476 496 496 496 
86 386 386 386 508 
76 109 207 207 207 337 337 337 
196 196 
415 
12 12 355 355 355 
271 
268 268 
159 
274 274 274 
76 76 199 199 199 478 
76 

35 309 309 
460 460 
233 233 
152 152 152 152 
215 215 215 314 314 314 
214 214 214 314 314 467 467 


271 271 
39 39 159 232 274 274 274 402 454 454 454 
128 128 128 128 167 167 182 413 
184 184 184 
30 30 35 174 180 180 314 341 341 376 376 413 413 483 
329 329 
8 276 276 313 350 350 350 
5 53 53 53 259 259 377 393 393 419 441 458 458 458 

159 159 159 305 305 392 477 482 482 482 
245 245 
76 295 509 
236 236 236 275 303 303 415 
39 159 
124 124 124 219 454 
7 7 212 212 271 310 310 374 374 375 
503 503 503 

40 55 56 56 56 69 69 69 79 83 83 104 104 117 117 129 129 138 138 147 147 148 148 148 184 184 184 191 191 191 192 192 195 230 230 230 237 237 267 267 275 275 278 278 344 344 351 351 356 415 415 415 415 432 432 432 438 460 487 487 
236 236 
367 
268 268 268 342 342 342 
197 357 496 
39 62 
423 
311 311 413 413 494 
325 325 358 358 358 
76 76 228 228 
70 
110 176 288 288 401 
150 150 408 408 

149 401 417 417 442 
270 286 286 
138 
330 330 
283 283 415 415 
5 5 
273 273 354 354 354 
375 375 
70 70 70 184 409 
225 225 419 419 419 
184 184 184 324 
81 329 
364 410 
315 315 315 
11 11 11 334 385 385 385 
496 496 
271 271 271 
39 39 184 184 184 191 191 195 195 236 236 268 268 471 
204 204 239 239 239 267 267 285 
415 415 
251 
3 7 7 9 158 203 218 218 233 266 266 266 282 287 287 297 297 327 339 354 354 374 375 375 391 391 401 408 412 412 412 427 427 442 442 442 453 453 
158 160 
5 5 256 256 354 354 472 472 
206 206 206 219 219 219 402 402 405 
230 236 236 
157 224 224 
415 
236 236 460 460 
5 184 184 496 496 
308 308 449 449 449 467 467 
67 67 192 298 298 347 421 
144 144 271 427 
177 254 254 415 

191 191 191 268 
193 251 251 382 
271 271 
247 247 
81 81 81 184 184 184 
23 23 97 97 171 171 196 196 196 
184 184 184 426 426 
152 152 184 364 364 410 
408 408 408 
58 408 
229 
68 425 
271 271 408 408 
281 281 347 347 347 
54 54 76 76 
177 177 
0 339 
39 485 
230 230 415 
56 148 148 191 
159 227 227 
87 87 87 370 370 
184 184 396 396 465 465 
280 280 467 
35 35 210 210 
233 233 
243 243 424 
84 84 85 85 160 160 
8 8 224 
76 76 76 80 214 214 214 215 215 222 317 319 349 384 398 398 398 413 413 413 418 418 429 434 434 449 449 449 449 455 467 467 467 481 481 
31 31 94 184 184 263 263 263 336 
15 182 
314 398 398 398 413 413 413 
413 413 413 
314 
140 140 396 
42 42 96 96 96 
76 162 
42 42 359 359 
41 41 184 260 
72 72 153 153 153 244 244 503 503 503 
358 358 
7 7 7 271 
76 
82 82 165 165 223 223 261 
20 20 20 20 39 62 71 71 71 159 159 253 253 369 428 428 430 
22 22 22 
407 413 413 
413 
264 385 385 413 
174 413 413 
315 486 486 
199 199 199 
184 184 415 
46 46 145 271 301 381 381 408 408 408 427 427 452 452 453 464 464 464 470 

222 222 
239 239 239 

69 69 147 147 173 173 236 236 447 
52 52 184 
47 76 459 
67 67 281 298 298 298 421 506 506 
84 84 85 85 85 
314 481 481 481 
224 224 224 
236 236 432 432 
402 402 
76 76 
5 5 31 31 41 134 134 151 151 184 184 256 256 256 271 271 273 273 411 462 462 490 490 502 502 508 508 
184 202 202 202 
236 
240 367 431 431 496 
38 72 89 89 89 89 90 141 141 193 193 244 244 244 326 326 413 466 466 466 503 
61 61 81 81 323 323 
76 76 76 
186 
65 65 174 193 193 413 413 413 
182 182 
118 118 152 262 292 292 410 410 
415 
184 184 
114 114 181 238 357 390 390 496 496 
137 137 
330 
87 306 306 
68 169 169 169 169 
36 106 190 190 
8 196 
154 154 169 233 233 271 408 408 417 417 442 
233 257 257 271 271 
174 222 222 
225 
101 
103 103 103 103 
134 
0 0 46 46 64 139 339 339 395 395 395 408 408 
286 413 
63 75 75 415 432 432 
314 449 
264 264 264 334 334 413 413 
86 86 86 198 198 198 
124 
487 
22 81 82 82 142 142 461 461 497 
367 367 
271 271 
227 
225 225 

46 381 381 381 
184 307 307 320 
58 
314 314 314 317 317 317 
41 445 445 
50 
110 110 247 250 271 
39 39 159 159 219 274 274 352 352 
427 
6 6 92 92 182 182 499 
39 39 274 
37 
175 332 
25 25 87 150 158 158 248 248 271 293 293 293 294 297 297 339 339 339 374 374 381 381 412 412 437 470 
184 184 258 
262 292 364 364 
354 
271 271 271 408 408 
35 74 74 76 76 77 77 92 119 119 128 132 132 132 141 141 155 161 161 167 167 168 168 174 182 182 187 187 193 220 222 222 243 243 314 314 314 317 317 317 318 318 318 332 332 333 334 335 335 358 362 362 362 382 385 385 439 439 448 448 455 455 500 
22 22 22 108 497 497 497 
37 57 57 116 116 129 177 184 184 201 230 236 236 236 236 254 254 269 269 277 283 303 338 365 383 432 463 463 
65 65 65 
149 250 250 374 374 
80 95 314 314 
225 259 259 259 
98 98 441 
281 347 
76 
242 
311 
103 296 
184 291 291 
271 271 282 339 339 403 
159 330 330 
314 
330 
357 357 496 496 
236 236 236 351 351 383 383 415 460 
159 
314 314 
449 
22 22 
408 
236 
161 161 413 413 
76 76 186 186 186 
1 1 18 18 98 98 225 420 
250 271 271 271 374 468 468 
5 5 
15 59 59 59 182 182 
41 399 399 
56 56 56 191 
344 
128 128 413 413 
280 280 280 314 314 314 314 384 435 467 467 
41 41 156 462 
184 
339 339 464 
271 271 339 
4 4 124 131 219 219 219 232 
17 17 314 413 413 
76 78 184 491 491 

225 225 225 
47 346 
211 211 236 278 278 432 
22 389 389 497 497 
99 99 354 354 450 
63 63 63 415 415 
339 339 339 452 
86 307 307 
72 358 358 358 
215 215 280 280 308 314 314 314 449 449 
123 442 442 
511 511 511 
339 408 
101 101 170 170 267 
273 273 475 475 475 
185 185 
487 487 487 
5 5 472 472 472 
10 100 100 197 496 
39 39 39 159 159 159 188 188 188 227 
76 207 
193 193 
127 127 127 
314 314 349 349 349 
227 227 227 
222 
184 184 
39 39 39 302 
31 31 120 336 336 489 489 489 
56 56 56 236 236 388 474 474 474 
184 
31 120 120 486 486 486 
51 51 354 354 
126 126 126 185 456 456 
41 41 
3 3 3 
155 155 155 243 
81 81 
100 197 197 197 240 265 265 279 279 357 367 367 431 431 476 
389 414 414 414 461 461 
160 160 
404 
193 413 
54 
354 354 
234 234 234 325 325 325 358 
5 5 5 88 

347 347 
104 104 104 
5 5 198 354 354 
76 229 
159 
159 159 469 469 469 
