Nodes: 512, Edges: 1215
381 
441 441 
91 91 111 182 183 183 189 189 
271 493 493 493 
454 454 454 
34 48 48 48 50 198 225 225 225 273 273 279 354 354 354 400 400 441 441 443 443 443 504 504 
404 404 404 
233 271 327 327 327 
196 196 313 350 350 373 373 373 373 
271 271 
476 476 476 
264 264 264 
202 355 355 
76 
52 117 184 184 
182 316 
41 41 41 184 184 
390 
441 441 
104 104 
330 330 330 
31 31 354 354 
108 108 108 108 115 331 389 389 414 436 461 461 
171 290 290 290 
76 
408 
158 158 408 408 
76 76 
178 183 183 
56 56 
180 222 
21 21 172 172 172 184 184 315 315 486 486 489 489 
184 
67 67 192 192 
5 
210 210 222 222 222 309 309 413 413 
106 106 372 372 372 372 
406 406 
358 
62 62 159 163 163 166 219 219 231 241 241 267 267 302 330 402 402 402 405 405 477 477 485 485 
192 236 249 249 249 
16 16 16 85 85 85 99 99 151 156 156 160 184 184 184 324 324 354 354 445 445 445 450 492 
321 321 323 
193 

76 439 
64 64 339 381 395 395 395 
76 76 346 
5 5 5 50 50 50 50 50 
236 236 236 
5 48 48 48 48 48 400 400 
490 490 
14 184 184 345 
225 225 
299 299 501 501 
93 195 236 236 
29 29 191 191 236 236 236 304 304 304 446 446 487 
415 415 
294 397 397 397 
444 444 444 
104 104 236 236 236 
81 359 
39 39 241 241 241 330 
383 383 463 463 
46 46 381 381 381 
193 362 362 416 
141 141 
33 33 192 281 281 
169 169 169 296 296 371 
236 344 
184 246 258 
330 
89 89 325 358 358 466 466 
94 94 315 315 
413 413 
383 383 463 
13 24 27 27 45 47 47 107 107 186 186 196 199 199 207 207 208 208 228 229 229 242 242 245 245 314 322 322 328 346 360 413 413 423 440 440 478 478 509 
196 196 413 413 


314 418 
61 113 184 184 289 289 289 329 329 359 359 394 495 
121 143 143 329 329 389 389 
236 236 236 236 236 
85 312 312 348 348 
41 41 41 84 160 160 312 312 348 348 348 
198 198 386 386 386 465 508 508 
306 306 370 370 408 
190 
72 72 358 358 358 358 

2 2 
404 
55 
73 73 315 
418 418 418 

290 
420 441 441 
41 41 462 462 
197 476 496 496 
140 195 195 378 471 
117 136 136 216 216 
146 379 379 
19 19 60 60 138 236 507 507 
106 184 184 190 
36 36 105 190 372 
76 76 
22 22 22 22 414 414 414 

130 247 401 
2 182 340 
184 184 
81 
367 
22 
177 177 177 184 184 
14 102 125 135 135 136 
364 364 364 
122 122 122 222 413 413 
486 486 486 489 489 
82 143 143 143 
119 119 119 
468 
232 387 387 454 454 
117 136 136 
185 491 491 
480 480 480 
220 220 413 448 
236 415 
110 389 
454 454 
168 168 413 413 413 
145 145 145 145 
354 354 380 380 380 
117 117 
102 102 117 125 125 
184 184 184 368 368 
104 164 164 164 236 236 236 252 
294 381 381 
101 320 320 320 
66 66 358 358 358 413 
389 
82 82 121 121 121 217 217 
282 
133 133 133 133 
103 
236 344 344 
236 236 304 
250 417 417 
248 339 408 408 
41 354 354 
213 213 292 292 364 
325 
374 
494 494 494 494 
41 41 450 
233 
26 26 194 194 194 271 271 272 408 
39 188 188 188 205 219 219 231 231 257 305 330 402 433 433 469 477 477 510 510 
41 85 85 272 312 498 
413 413 439 
322 322 
39 39 
138 138 138 

39 477 
220 220 413 
132 132 413 413 
68 68 68 296 371 371 371 371 371 
471 
23 290 290 
31 31 31 
344 344 344 
222 335 376 413 413 
407 413 
247 
116 116 116 269 283 300 415 415 
28 183 183 183 

30 222 222 222 483 
367 
2 15 111 316 363 363 404 444 444 
2 2 28 28 178 178 178 
14 14 16 16 31 31 32 41 41 41 52 52 70 81 81 105 105 112 112 116 116 137 137 137 221 221 236 236 236 246 258 258 260 260 267 279 279 279 284 291 291 292 307 315 324 338 345 345 345 354 354 354 355 366 396 396 409 409 415 415 415 426 451 456 465 484 484 488 488 490 490 
126 473 491 
76 76 245 440 
413 413 
159 159 159 477 477 
2 2 
88 105 106 372 372 
56 56 236 268 268 285 304 304 446 446 497 
33 33 40 67 236 236 281 281 
43 65 286 286 362 362 413 479 
158 158 158 
55 101 101 236 236 236 267 471 471 
8 8 76 77 77 200 290 290 350 413 413 413 
100 476 496 
5 86 86 386 386 386 508 
76 76 207 207 337 337 337 
196 
236 236 415 415 
12 355 
271 271 
267 268 
159 
274 274 274 
76 76 199 199 478 478 
76 76 
328 328 
35 35 309 
460 
233 233 233 
152 152 
215 215 215 314 314 314 
214 214 214 314 314 
102 102 
143 143 
271 271 
39 39 159 159 232 232 274 274 402 402 454 454 
128 128 167 167 413 413 413 
184 184 
30 35 35 35 119 174 180 180 180 314 341 341 341 376 413 413 483 483 483 
329 329 
276 276 313 
5 5 5 53 53 259 377 419 441 458 458 
292 
305 305 343 392 477 477 477 482 482 482 482 482 
76 245 
76 76 295 295 509 509 509 
236 236 275 275 275 303 303 303 415 
39 159 159 
124 219 219 454 
7 157 212 212 212 238 271 296 310 310 374 374 375 505 
503 503 
487 
40 49 49 49 55 55 56 56 56 60 60 60 69 83 83 83 83 83 104 129 138 138 138 147 148 148 184 184 184 191 192 192 195 195 195 201 201 230 230 267 267 275 275 278 344 351 351 356 415 415 415 415 432 438 438 460 460 487 487 

233 367 
268 268 268 342 342 405 405 
357 476 496 
39 39 62 62 62 
76 76 423 
311 311 413 413 494 
325 358 358 
76 76 186 228 
70 184 
110 176 288 288 288 401 
150 408 
40 40 40 
149 442 
270 270 286 286 413 413 
138 
330 330 
283 283 

273 273 273 354 
159 375 
70 184 184 409 
225 419 419 
184 184 324 
329 329 
364 410 410 
315 315 315 
11 11 11 334 334 334 385 385 385 
496 496 
271 
39 39 184 195 204 236 236 268 268 356 356 356 471 
191 191 204 239 239 239 267 267 
177 
251 251 
3 7 9 9 158 158 203 203 218 218 233 266 282 282 282 287 287 327 339 339 354 354 354 368 374 374 375 391 391 391 401 408 408 408 412 412 442 442 442 453 
158 160 
5 5 256 256 256 354 354 354 472 475 
206 206 206 219 219 402 402 405 405 405 405 405 
230 230 230 236 236 
224 224 
415 
236 460 460 460 
5 184 184 184 496 
308 308 467 
67 67 192 192 298 347 347 421 
144 271 271 271 427 
177 254 254 415 415 415 
184 
191 
193 193 251 251 382 382 382 382 
271 271 
247 247 247 
81 81 81 
23 23 23 97 171 171 196 196 480 
184 184 426 426 
152 152 184 226 410 
408 408 
58 139 397 408 408 
229 229 
68 68 169 233 425 425 425 
408 
281 347 347 
54 54 
177 
339 339 
39 485 485 
230 230 230 415 415 415 
56 56 56 148 191 191 
159 227 227 392 392 392 
87 87 370 370 408 408 408 
184 354 396 465 465 
280 280 467 
35 35 210 
233 233 
243 243 424 
84 84 85 85 160 
8 224 
76 80 214 214 214 215 215 222 317 317 317 349 349 384 384 384 398 398 413 418 418 429 434 449 449 449 449 467 467 467 481 481 
31 31 73 73 94 184 263 263 263 336 336 
15 182 
314 314 314 398 413 

354 
140 140 140 
42 42 323 
76 76 162 162 
42 321 359 359 
41 41 184 260 
72 153 244 503 503 
358 358 
7 7 7 271 
76 209 209 
81 81 82 82 223 223 261 261 
20 20 20 39 62 71 159 253 253 369 369 428 428 
22 
407 413 
413 
264 264 264 385 413 413 
174 413 413 
315 315 486 
199 199 199 
184 415 446 
46 150 271 271 301 301 381 381 381 408 427 427 427 452 452 453 464 464 464 470 470 
111 
222 222 222 
239 239 
227 
69 147 147 173 173 173 236 447 447 
52 184 184 184 
47 76 
281 281 298 298 421 506 
84 84 85 85 85 
314 314 481 
8 8 196 
236 236 432 432 432 
402 402 402 482 
456 456 
5 5 5 21 21 41 41 134 134 151 151 184 184 184 256 271 271 271 273 273 273 307 319 411 450 450 462 462 490 502 502 508 
12 12 184 202 
236 267 267 267 
240 367 431 496 496 
38 72 72 89 89 89 89 141 141 141 244 244 326 326 466 503 503 503 
61 81 81 323 323 
76 

65 65 193 193 413 413 413 
182 182 
118 118 118 152 262 410 
415 
184 
114 181 238 357 390 496 496 
137 137 271 
330 330 
87 87 306 306 
68 169 169 169 169 169 
36 36 36 36 106 190 190 
8 8 8 8 
154 233 233 271 271 408 408 417 442 
233 257 271 
174 222 
225 
101 
103 103 
134 134 134 
0 46 64 64 64 139 139 339 339 339 395 408 408 
286 286 286 286 413 
63 63 75 75 415 432 463 
314 314 314 449 
264 264 264 334 413 413 
86 86 86 198 198 198 
124 124 
487 
22 22 82 82 130 142 461 461 461 
17 367 
271 271 271 
227 305 305 305 

81 495 495 
46 46 46 381 
184 184 307 
58 58 58 294 
314 314 317 
445 445 
5 5 50 50 
110 247 271 
39 39 39 159 219 219 274 274 352 352 352 
427 427 
6 6 6 92 182 499 
39 39 239 239 274 274 274 274 274 
37 37 
175 332 413 
25 26 26 87 150 150 158 248 271 271 271 293 293 294 294 297 306 306 306 339 374 374 381 381 412 470 
184 184 258 
262 262 292 364 
354 
271 271 408 
35 35 74 74 76 76 77 77 119 119 128 132 132 132 141 161 161 167 168 168 174 174 175 187 187 193 196 196 196 220 220 220 222 222 243 243 251 251 314 317 332 333 334 334 335 335 362 362 362 382 385 385 407 439 439 455 500 
22 108 108 108 497 
57 57 129 177 177 184 184 184 201 201 230 236 236 236 236 277 283 283 283 303 303 303 338 365 383 463 
65 
149 149 374 
80 95 95 95 314 314 
225 259 259 
98 441 
281 347 

76 242 
311 
296 296 296 
184 291 291 
282 339 339 339 403 403 
330 330 
314 

357 496 496 
236 351 351 351 383 460 460 
159 159 
314 
449 
22 

236 236 470 
45 161 413 413 
76 76 186 
1 1 5 5 18 18 98 98 225 420 
250 271 271 271 374 468 
5 5 5 
59 59 59 182 182 
41 41 41 399 399 
56 56 191 191 338 
344 344 
128 
314 314 314 314 384 435 467 467 467 
41 156 354 354 462 
184 
339 339 464 
271 339 
4 4 4 124 124 131 131 219 219 232 
413 
184 353 353 491 491 

225 225 

211 236 236 278 278 278 432 432 
22 22 389 389 389 497 
99 99 354 354 450 
63 63 75 383 415 
339 339 339 452 
86 184 307 307 
72 72 358 
280 308 314 314 314 449 449 449 
123 442 
159 511 
339 339 408 438 
101 170 195 195 267 
273 
185 
487 487 487 
273 
10 10 10 100 197 240 496 496 
39 39 159 159 166 188 188 227 227 227 
76 76 207 207 
193 
127 127 127 290 
314 314 349 
227 227 227 227 227 352 
180 222 222 222 
184 184 
39 39 302 302 
31 31 120 120 120 336 489 489 489 489 
56 235 236 236 388 474 474 474 
184 184 
31 31 120 120 486 486 486 486 
51 51 184 184 354 
126 126 185 456 456 
41 
3 3 3 
155 155 155 155 243 
81 394 394 
100 100 197 240 265 265 279 357 357 367 367 431 431 476 476 
191 414 461 
160 
404 
413 
54 54 
354 354 
234 234 325 325 358 358 358 
5 5 
233 
347 
104 104 
86 86 198 354 
76 229 229 229 
159 159 
469 
