Nodes: 512, Edges: 1215
381 
441 
91 91 111 182 183 189 
271 493 493 493 
454 454 454 
34 48 48 50 105 184 184 198 198 225 255 279 279 354 354 400 400 441 441 441 443 504 
404 404 404 
233 233 271 271 
196 196 373 373 373 373 
271 
476 476 496 
264 
184 184 202 355 355 
76 
184 
182 182 316 444 444 444 
24 41 184 
390 455 455 
441 441 
104 104 

31 354 354 
108 108 115 331 331 389 389 414 414 436 436 461 
171 
16 
408 
158 408 408 
76 76 
178 183 183 183 
56 
180 180 222 222 
21 172 172 184 184 315 315 315 354 354 354 486 486 489 
184 
67 67 192 
5 
210 210 210 222 222 309 413 
106 372 372 372 372 
406 406 
358 358 358 
62 62 159 159 163 166 166 219 219 231 241 267 302 330 402 402 405 405 477 477 477 485 485 485 
192 236 236 249 
16 99 99 99 137 151 156 156 160 160 184 184 184 354 354 399 445 450 492 
321 321 323 323 323 
193 193 
137 137 
76 413 439 439 
64 64 339 339 339 381 395 395 
76 346 346 459 
5 5 50 50 50 50 
236 236 
5 48 48 48 48 400 
490 
184 184 345 345 
225 225 
299 299 501 
93 93 195 195 236 236 
29 191 236 236 304 304 446 446 487 487 
415 
294 294 397 397 397 
444 
104 104 
81 359 
39 39 241 241 330 330 330 
383 383 463 463 
46 46 381 381 
362 362 416 
141 
33 33 281 347 
169 169 296 296 371 371 
236 344 
184 184 246 246 258 258 
330 330 330 
89 89 358 358 466 466 
94 94 315 
413 
383 463 463 
13 27 27 45 47 107 109 109 109 162 162 186 208 208 229 242 242 242 245 245 299 299 299 314 314 314 322 322 328 346 346 353 360 360 360 413 413 422 423 423 440 440 440 478 478 478 509 509 509 
196 413 413 413 
456 
236 236 
314 314 314 418 
61 82 289 289 329 389 394 495 495 
81 121 121 143 143 329 329 329 389 389 
236 236 
85 85 312 348 
84 84 160 160 312 312 312 348 348 348 
198 198 386 465 465 508 
306 306 306 370 408 408 408 
190 504 504 
72 72 358 358 358 358 
358 358 
2 2 
182 182 182 404 413 413 413 
55 55 
73 73 
418 418 
321 321 321 
171 171 290 
441 
41 41 41 462 462 
197 476 496 
140 140 195 195 195 378 378 471 
136 216 
146 146 379 379 
19 19 60 60 138 236 236 507 507 
5 106 106 184 184 184 190 
36 105 105 149 149 372 
76 
22 22 414 414 
76 76 76 199 
130 176 247 247 401 401 401 
2 182 182 340 340 340 
184 184 

367 367 
22 
177 184 184 415 
125 125 135 135 136 136 184 184 236 236 
364 364 
122 122 222 413 
489 
82 82 143 143 143 
119 119 

232 232 232 387 387 454 454 454 
117 117 136 136 136 
185 491 
480 
220 220 220 413 413 448 
236 415 415 
110 177 177 177 389 
454 
168 413 413 413 

380 380 380 
117 117 
102 117 117 125 125 125 
41 44 44 184 368 
104 164 236 237 252 
381 
101 101 320 
66 358 358 413 413 
389 
82 82 121 121 121 217 217 
282 
339 
103 103 
236 236 283 344 
236 236 236 236 304 
106 106 250 250 417 417 
339 408 408 
41 354 354 
213 213 213 364 
325 325 
374 374 
413 494 494 494 
41 41 450 450 450 
233 374 
26 194 194 271 271 272 408 
39 39 188 188 219 219 219 219 227 231 231 231 257 305 305 305 330 402 428 428 433 433 433 469 469 469 477 477 510 511 511 
41 41 85 85 272 498 
439 
76 76 322 322 
39 
138 
329 329 
39 39 477 
220 220 413 413 
132 413 
68 68 371 371 371 371 
471 471 
23 97 97 290 290 
31 31 
344 344 344 
222 222 335 376 376 413 413 
407 413 
110 247 
116 130 130 130 300 415 
28 183 

30 30 222 222 
367 367 
2 15 15 92 92 92 111 111 220 316 363 363 404 404 413 413 444 444 
2 28 28 28 178 
5 5 12 12 14 16 31 31 32 41 41 41 52 52 70 70 105 105 105 112 112 116 116 117 117 137 213 213 213 221 221 236 236 246 258 258 260 260 260 267 279 279 284 284 289 291 291 291 292 307 307 307 315 315 324 338 345 354 355 366 409 415 415 426 426 451 451 451 456 465 465 484 484 488 490 
126 473 491 491 491 
76 245 361 440 
413 413 
159 159 477 477 477 
2 
88 105 372 
56 236 236 267 268 268 268 304 446 
33 40 236 236 281 
43 43 286 313 358 358 362 362 362 413 479 479 
158 158 
55 55 101 101 101 236 236 236 471 
8 8 77 200 200 290 290 373 373 
100 
5 5 86 86 386 508 
109 207 207 337 337 
196 196 
236 415 415 415 
12 355 355 
271 271 
267 267 268 

274 274 274 274 274 
199 199 478 478 478 
76 76 
328 328 
35 35 35 309 309 
460 
233 
152 152 152 184 184 184 
215 215 314 
214 214 314 467 
102 
143 143 
271 
39 39 159 159 159 159 232 232 274 274 402 454 
128 128 128 167 167 182 413 
184 184 
30 30 35 35 119 174 174 180 180 314 341 341 376 376 
329 329 329 
276 313 350 350 350 
5 53 53 259 393 419 419 441 441 458 458 
292 
159 305 343 343 392 392 392 477 477 482 

76 295 509 509 509 
236 275 303 303 415 415 
39 159 159 159 
124 124 124 219 219 454 454 
7 7 157 212 238 238 271 296 310 374 505 

487 487 
40 40 49 49 55 55 56 56 69 79 79 83 83 104 104 117 117 129 138 147 147 148 148 148 148 184 184 191 191 192 192 195 195 195 201 230 237 237 267 275 278 278 278 344 344 351 351 356 356 415 415 415 415 415 432 432 432 460 487 487 487 
138 236 236 
233 233 
268 268 268 342 342 

39 62 62 
76 76 76 
311 311 311 413 413 494 494 
325 
76 76 186 
70 70 184 
110 110 176 288 288 401 401 401 
408 408 
40 
149 149 374 374 417 442 
270 270 270 413 413 
138 
330 
283 
5 
273 273 354 
159 375 375 375 
70 70 184 184 409 409 409 
225 261 419 419 
184 184 184 324 
259 329 329 
364 364 410 410 
315 315 315 
11 334 385 385 
496 496 496 
271 271 
39 184 191 204 204 236 356 356 471 471 
191 191 191 204 239 239 239 
415 
251 251 251 
3 7 7 9 158 158 203 203 218 233 266 266 282 282 297 297 297 354 354 374 374 375 375 391 391 401 408 408 427 427 453 453 
158 160 
256 256 354 354 354 472 472 475 475 475 
206 206 206 206 206 219 219 405 405 
230 236 
224 
415 415 
236 236 236 460 460 460 460 
5 5 184 184 496 
308 449 449 467 467 
67 192 298 347 347 421 
144 271 271 427 
147 254 
184 184 

193 382 382 382 382 382 413 413 

247 247 
81 81 184 
97 171 171 196 196 480 
184 184 184 426 
184 226 364 
408 
58 58 408 
229 
68 68 233 425 
271 271 271 408 408 
281 347 347 
54 54 76 76 76 413 
177 
339 339 
39 485 485 
230 230 415 415 415 
56 56 148 191 
159 159 159 227 392 
87 87 87 370 370 370 
184 184 184 354 354 354 396 465 465 
280 467 467 
35 210 210 
233 
243 243 243 
84 85 85 85 
193 224 
76 76 76 80 80 80 214 215 222 317 349 349 349 384 398 398 413 413 418 418 429 434 449 449 449 455 467 467 
31 31 31 73 184 184 263 263 263 336 486 486 
15 182 
314 398 413 413 
413 

140 
42 42 96 96 96 323 
76 76 162 162 
42 42 42 321 359 359 
184 260 
153 153 244 503 503 503 503 
358 

76 209 209 
81 82 82 82 165 165 223 223 223 261 261 
39 62 62 62 71 71 71 159 253 369 369 428 
22 22 
407 407 407 
413 413 
264 
174 413 
315 
199 199 
184 415 446 
46 46 46 145 150 301 301 381 381 381 381 452 464 470 
111 111 111 
222 222 
239 239 
227 227 
69 147 173 173 173 236 236 447 447 
52 52 184 
47 47 76 76 459 
67 281 281 298 298 421 421 506 506 
84 85 85 85 
314 314 314 481 481 
224 224 224 
236 236 415 432 432 
402 402 482 
76 
5 5 21 21 31 31 31 41 41 151 151 184 256 271 271 273 273 273 307 307 307 411 450 450 450 462 462 490 502 502 508 508 
12 12 184 202 202 
236 236 267 267 
367 431 431 431 496 
38 38 38 72 72 89 89 89 89 90 90 141 141 193 193 326 413 413 413 466 466 
61 323 323 
76 76 76 
186 
65 65 193 193 193 413 413 
182 182 
118 118 152 262 262 292 
415 415 415 
184 
114 114 181 181 357 496 496 
137 401 
330 330 
87 306 306 306 
68 68 169 169 169 169 
36 36 36 36 106 190 
8 8 8 8 196 196 
154 154 157 233 250 250 271 271 408 417 417 442 
257 257 257 271 271 
174 174 222 222 

101 101 
103 103 
134 134 134 
0 46 64 64 139 339 339 339 339 395 408 408 
286 286 286 286 286 413 413 
63 63 75 415 415 432 432 463 463 
314 449 449 
264 264 413 413 
86 198 
124 124 

22 22 81 82 82 130 142 461 461 497 
17 455 455 
271 271 
227 227 227 305 
225 
81 495 
46 46 381 
307 
58 58 58 
314 314 317 
41 445 445 
5 5 50 
110 110 110 247 247 247 271 368 
39 39 159 219 352 352 
427 427 
6 6 6 92 182 182 
39 39 274 274 
37 37 
175 332 332 332 413 413 
25 26 26 87 87 87 150 150 158 248 248 271 271 293 294 297 297 374 381 381 412 470 470 
184 258 258 258 
262 262 
354 
408 
35 45 74 76 76 77 77 77 92 92 92 119 128 128 132 132 132 141 141 155 167 167 168 174 174 175 182 182 187 187 193 220 243 243 251 251 286 286 299 314 314 317 317 318 333 333 335 358 358 358 362 362 382 382 385 385 407 407 439 448 448 455 455 455 500 500 
22 22 108 108 497 497 497 497 
57 116 129 129 177 184 184 201 201 201 230 230 236 236 236 236 236 269 277 277 303 303 303 338 351 365 365 365 383 383 432 432 432 463 
65 
149 149 250 374 374 
80 95 95 314 314 
225 225 259 259 

281 347 347 
76 
76 76 

296 
184 184 291 
271 271 282 403 403 
159 159 330 
314 

357 357 357 496 496 
236 236 236 351 351 383 383 415 415 415 
159 159 159 
314 
449 449 449 
22 22 


45 45 161 413 
76 76 76 186 
1 5 5 5 18 18 98 225 225 
250 374 468 468 
5 456 
15 15 15 59 182 182 
41 399 399 
56 56 191 338 
344 344 
128 413 413 
280 280 314 314 314 384 384 435 435 435 467 
41 156 156 156 354 354 354 462 
184 184 184 
339 
271 271 
4 4 4 124 124 124 131 219 232 232 
17 17 314 390 390 413 413 413 
78 184 443 462 462 462 462 491 

225 225 
47 346 
211 236 278 278 278 278 
22 389 389 497 
99 99 354 354 450 456 456 456 456 
63 63 75 75 383 383 415 
339 
86 86 184 184 307 307 
72 72 358 358 
215 280 280 308 308 314 314 449 
442 442 
159 159 159 511 511 
339 408 408 
101 170 170 195 267 267 
273 273 475 475 475 
185 
487 487 487 
273 273 273 472 472 472 
10 10 100 496 
39 39 39 159 159 166 188 188 188 227 227 
76 76 76 207 207 207 
193 193 
127 290 
349 349 
227 352 

184 184 
39 39 39 302 302 
31 31 315 315 489 489 489 
56 56 235 235 236 236 236 474 474 474 
184 
31 120 486 486 486 
51 184 354 
126 185 185 185 456 
41 
3 3 3 
155 155 155 243 243 
81 81 394 
10 100 265 265 265 279 357 367 367 431 431 476 
389 414 414 414 414 461 
160 

413 413 
54 
354 354 
325 325 325 325 
5 88 88 
233 
347 347 
104 104 
86 198 354 354 
76 76 76 229 229 229 
159 
159 159 469 469 
