Nodes: 512, Edges: 1215
381 381 
441 441 
91 91 111 111 111 182 
271 271 493 

34 48 48 50 50 88 105 184 184 184 198 225 225 225 255 273 273 279 354 354 400 441 443 443 475 475 475 504 504 508 
404 404 404 
271 271 327 327 327 327 
224 313 373 373 373 373 
271 
476 476 476 476 496 
264 
184 202 355 355 
76 76 
117 117 117 184 
182 182 316 444 444 444 
24 41 41 41 41 184 
390 390 455 
441 441 
104 104 
330 330 
354 354 
108 108 108 331 331 331 389 414 414 436 436 461 
171 171 290 290 
16 76 
408 
158 408 408 408 
76 76 
178 183 183 183 
56 56 
180 180 222 
172 172 184 184 315 354 489 

67 67 192 192 
5 
210 222 222 309 309 413 413 
106 372 
406 415 
358 358 358 
62 62 159 159 163 163 166 166 219 219 219 231 231 267 267 267 330 330 330 402 402 405 405 477 477 485 
236 249 249 
16 16 16 16 85 137 137 151 151 156 156 160 184 184 184 324 324 354 354 354 450 450 
321 321 323 323 
193 
137 
76 76 413 413 439 439 
64 339 339 395 395 
76 346 346 459 459 
5 5 50 50 
236 236 
5 5 48 48 400 400 
490 490 
184 345 
225 
76 76 299 501 501 501 
93 236 
29 29 191 236 304 304 487 
415 415 
294 294 294 397 397 
444 444 444 
104 236 236 
81 359 359 
39 39 241 241 241 330 
383 383 463 463 463 
46 
193 193 362 416 
141 141 
33 33 192 192 192 281 281 347 347 347 
169 169 
344 344 
184 246 246 258 
330 330 330 
89 325 325 358 358 466 
94 94 94 315 315 315 
413 
383 463 
13 13 24 27 27 45 45 47 54 54 107 109 109 109 162 162 184 184 184 186 199 199 208 208 228 228 229 229 242 245 245 292 292 299 314 314 322 322 328 328 328 346 346 354 354 413 413 413 423 478 509 509 509 
196 196 413 413 
456 
236 
314 314 314 418 418 
61 82 82 113 184 184 184 261 261 289 329 329 359 359 359 389 394 394 
81 81 121 142 143 143 329 329 389 
236 236 236 
348 
41 160 160 312 348 
198 386 465 465 
306 306 370 370 408 
5 504 
72 358 358 
358 
2 2 
182 404 
55 
73 73 73 
418 
314 314 321 
171 290 290 
420 441 
457 462 462 462 
197 197 197 496 
140 378 471 471 471 
117 117 136 136 216 216 
146 379 379 
19 19 60 138 138 236 507 507 
5 106 184 184 190 
36 105 149 190 372 
76 
22 22 22 
76 76 76 199 
176 176 
2 2 2 182 340 340 340 340 
184 184 184 
81 
367 

177 177 184 184 415 
14 14 14 102 102 125 135 135 136 184 236 236 236 
364 364 364 
122 122 222 222 
486 486 489 
82 143 143 
119 119 
468 
232 232 387 387 387 
117 
185 185 491 491 
480 
220 220 220 220 413 413 448 
415 415 415 
177 177 
454 454 
168 413 413 
145 145 145 
354 354 380 
117 117 
102 102 117 
41 41 44 184 
104 104 164 164 236 236 252 
381 381 
101 320 
66 66 358 358 413 413 
82 389 389 
82 82 121 121 217 
282 
133 133 133 
103 
236 236 344 344 
236 236 236 
106 417 
248 248 339 408 408 408 
41 41 354 354 354 
213 292 364 364 
325 325 
374 374 
413 494 494 494 494 
41 41 450 
233 233 
26 194 194 194 271 271 271 408 408 
39 39 188 205 219 219 219 227 231 305 305 305 330 402 428 428 433 433 469 469 477 477 510 511 511 
41 85 85 312 312 498 
413 439 439 
76 76 322 
39 39 
138 138 
329 329 
39 39 477 477 
220 413 
132 413 
68 68 296 296 371 371 371 374 
471 471 
23 23 97 
31 31 
344 344 
222 335 362 376 376 376 
407 407 413 413 413 
110 110 247 
116 116 130 130 269 300 300 415 
28 

30 30 222 222 483 
367 367 
2 15 15 92 111 220 316 340 363 363 404 404 404 413 413 413 444 
28 28 28 495 
5 5 5 12 14 16 31 31 41 41 41 52 70 76 76 76 81 81 81 105 105 112 112 112 116 116 117 137 236 236 246 267 267 267 284 284 289 289 289 292 292 307 307 315 315 315 324 338 338 345 345 354 354 355 366 396 409 415 415 426 426 451 451 456 456 465 484 488 488 490 
126 126 473 491 
76 245 245 245 361 440 
413 413 413 
159 477 477 

105 106 372 372 
56 236 236 267 267 268 268 285 285 446 
33 33 67 67 67 236 236 236 281 
43 65 65 286 313 358 358 358 413 413 500 500 500 
158 158 158 
236 236 267 267 471 471 
77 77 200 200 290 350 413 
100 100 100 496 496 496 
5 86 279 386 508 508 
76 76 109 207 207 337 337 337 
196 196 
236 415 415 
12 355 
271 271 271 
267 267 268 
159 
274 274 
199 199 478 
76 76 
328 
35 309 
460 
233 
152 
215 215 215 314 
214 214 214 314 467 467 
102 102 
143 

39 39 39 159 159 159 232 402 402 402 454 454 454 
128 128 128 128 167 182 413 

30 35 35 119 119 174 180 180 314 314 314 376 376 413 413 413 483 
329 
8 276 276 276 313 313 
5 5 5 53 259 259 377 377 393 393 441 441 458 
292 292 
159 305 305 305 343 343 343 392 477 482 482 
76 76 245 245 
76 76 295 509 509 
236 275 275 303 415 415 
39 39 159 
124 124 219 454 454 
157 157 212 238 271 271 271 296 296 296 310 310 310 310 375 505 505 
503 
487 487 
40 49 49 55 56 60 60 79 83 83 83 104 117 117 117 138 138 147 147 148 148 148 184 184 191 191 192 192 192 195 195 201 230 237 237 267 267 275 275 278 278 344 351 356 415 415 415 432 432 438 460 460 487 487 
236 236 
233 
268 268 268 342 405 405 
357 476 496 
62 62 62 
76 423 
311 311 413 494 494 
358 358 
76 76 186 186 186 228 228 
70 70 184 
176 288 288 401 
150 150 408 
40 40 
401 401 401 417 
270 270 270 286 413 
138 
330 330 330 
283 283 415 415 415 
5 
273 354 
375 375 
70 409 
225 225 419 419 419 
324 
81 81 329 329 329 
364 364 410 410 
315 315 
11 334 385 385 385 
496 
271 271 
39 39 39 184 184 184 191 191 195 195 204 204 236 236 268 356 356 471 471 471 
191 191 204 239 239 239 267 
177 
251 251 251 
3 3 7 7 9 158 158 158 203 203 203 233 233 233 266 266 282 282 297 297 297 339 354 354 368 374 374 374 375 375 391 401 401 401 412 412 427 442 442 453 

5 5 256 354 354 472 472 475 475 
206 206 405 405 405 405 405 
230 230 236 236 
224 224 224 
415 
236 236 460 460 460 460 460 
5 198 496 
308 449 467 
67 67 192 298 298 298 347 347 347 421 
144 271 271 427 
254 254 
184 184 
191 191 
193 251 382 382 382 413 

247 247 
81 184 184 184 
23 23 97 97 196 480 480 
426 426 
76 76 152 184 184 226 226 410 
408 408 408 
58 58 58 397 408 408 408 
229 
169 169 233 233 233 425 425 
271 271 271 408 
281 281 281 347 
54 76 
177 177 
339 339 

230 415 
56 56 
159 159 159 227 227 227 392 392 
87 87 370 370 408 408 
184 184 354 354 465 
280 467 
35 35 210 
233 233 233 233 
243 243 
85 160 160 
8 193 224 224 
76 76 80 80 80 96 96 214 215 222 222 222 319 319 349 384 384 398 398 398 413 413 429 434 434 449 449 455 455 467 467 481 
31 73 73 73 184 184 184 263 263 336 336 486 486 
15 182 
398 398 413 
413 
314 314 354 
140 
42 42 96 323 323 
76 76 162 
42 42 321 321 
41 41 184 260 459 
72 72 153 153 503 
358 
7 7 7 7 
76 76 76 209 
81 81 82 82 165 165 223 261 261 261 
20 20 39 39 39 62 71 71 71 159 253 253 253 369 369 428 428 430 
22 22 22 
407 413 
413 413 413 
264 413 
174 413 
315 315 
199 199 199 
184 184 415 446 
46 46 150 271 301 301 381 381 381 408 408 452 452 452 453 464 470 
111 111 111 111 182 

239 
227 227 227 
69 69 147 147 173 173 236 447 447 
52 184 184 
47 47 76 76 459 
67 67 67 281 281 281 298 421 421 506 506 
84 85 
314 481 
196 
236 415 432 432 432 
402 402 402 
456 456 
5 5 21 21 31 41 41 41 76 76 134 134 151 151 151 184 184 256 271 271 273 273 307 307 319 411 462 462 490 490 502 502 508 508 508 
12 12 184 202 
236 267 267 
240 367 431 431 431 496 
38 38 38 72 72 89 89 90 141 141 193 193 193 244 244 326 413 466 466 503 503 
61 61 81 81 81 

186 
65 174 413 
182 182 
118 118 118 152 152 262 262 
415 
184 
114 181 181 357 390 496 496 
271 401 
330 330 
87 87 306 306 
169 169 169 
36 106 190 190 
8 8 8 8 
154 154 169 271 271 271 408 408 408 
233 257 257 271 271 
174 174 174 222 222 
225 225 
101 
103 103 
134 
0 0 139 139 339 339 339 408 408 
286 286 286 413 413 
63 63 75 432 463 463 463 
314 314 449 
264 264 264 413 
86 198 
124 124 124 
487 487 
22 81 82 142 142 
17 17 367 455 455 455 455 
271 
227 305 305 
225 225 
81 81 495 
46 46 
184 
58 58 294 
314 314 314 317 317 
445 445 
5 50 50 
247 250 250 250 271 271 271 368 
39 39 159 219 219 219 352 352 352 
427 427 
6 6 6 92 182 182 182 499 
39 39 239 239 274 274 274 274 274 
37 
175 175 332 413 
25 26 26 26 87 150 150 150 158 158 248 293 293 293 294 294 294 297 306 306 339 339 374 374 374 381 381 437 470 
184 258 
262 262 292 
354 
271 271 
35 35 45 45 74 76 76 76 77 77 128 128 132 132 141 141 155 161 167 168 175 175 175 182 182 182 187 187 187 193 193 196 220 222 222 222 243 251 286 314 314 317 318 332 333 333 333 334 335 358 362 382 382 385 407 439 439 448 455 500 500 
22 22 497 497 
37 57 57 116 129 129 129 177 184 184 201 201 230 230 236 236 236 254 254 254 277 303 338 351 365 432 432 463 
65 
149 250 
80 80 95 
259 259 259 
98 441 441 
281 347 347 

76 242 

296 296 
184 184 291 291 
271 282 403 403 
159 159 330 330 
314 
330 
357 357 357 496 
236 236 351 351 351 383 415 415 460 
159 159 
314 314 
449 449 
22 22 
408 
236 
45 45 161 161 413 413 
186 
1 1 5 18 18 98 225 225 420 420 
271 271 468 468 
5 5 
15 15 15 59 59 59 182 
399 399 
191 338 
344 344 
128 413 
280 314 314 384 435 435 
41 41 156 462 462 
184 184 
339 339 339 464 464 
271 339 
131 131 219 219 219 232 232 
17 314 314 390 390 390 390 413 
78 184 184 353 353 462 462 462 462 491 
99 
225 
47 47 324 346 
211 236 236 278 278 278 278 278 432 
22 497 497 497 
99 99 99 354 354 450 450 456 456 456 456 
63 63 63 75 383 383 383 415 
339 452 452 
86 86 184 307 
72 358 358 
215 215 280 308 314 314 
123 442 442 
159 159 511 511 
339 408 
101 101 101 170 170 195 195 267 267 267 
273 273 475 475 
185 
487 487 
5 5 5 273 273 472 472 
10 10 10 10 240 496 
39 39 159 159 166 166 188 188 227 
76 207 

127 290 290 
314 349 
227 227 
180 222 
184 
39 
120 120 315 315 489 489 489 
56 235 235 236 236 388 388 474 474 
184 184 
31 120 486 486 486 
51 51 184 354 354 
126 126 185 456 

3 
155 155 155 155 243 243 
183 394 
10 100 197 197 197 240 265 279 357 367 367 431 476 
414 414 461 461 461 
160 
404 
193 193 193 413 413 
54 54 54 
354 354 
234 325 358 358 
5 5 88 
233 233 
347 347 
104 104 
5 198 198 354 354 354 
76 76 76 229 229 
159 
159 159 469 469 
