Nodes: 512, Edges: 713
381 
441 
28 111 182 182 182 183 
271 
454 
34 34 50 88 184 198 198 225 255 255 273 279 354 354 400 443 443 504 
404 
233 233 
224 224 224 


264 

76 
184 
59 59 
184 
390 390 
420 

428 
31 31 
108 115 331 331 331 389 414 414 461 497 497 
290 
76 76 
408 
408 
76 
2 178 178 

180 180 
21 21 172 184 279 315 489 
307 

5 5 
158 222 
106 
415 
358 
62 163 231 267 267 302 302 302 402 405 477 485 485 
236 236 249 
85 99 137 137 151 151 156 160 184 184 184 354 354 399 399 445 450 450 450 457 492 492 
321 323 323 
193 
137 137 
76 439 
64 64 395 
346 346 
508 
236 236 
5 400 400 
484 490 
184 345 
225 225 225 
299 501 
236 
191 191 236 236 446 487 

294 
15 15 444 
236 
81 81 359 
39 241 
383 
46 46 
416 

192 192 281 
179 179 296 296 
236 344 
184 184 184 246 



413 448 

13 24 24 27 45 78 96 107 184 184 184 186 199 207 208 208 208 228 228 229 245 245 245 292 295 295 299 299 314 319 319 319 322 346 353 440 440 
196 
76 

314 314 418 
61 61 82 113 113 113 261 289 329 359 389 495 495 
81 121 142 143 165 165 165 165 389 389 
104 104 104 236 
85 348 
41 84 160 160 312 312 348 348 

306 
5 504 
358 358 
325 358 

182 404 404 413 

315 

76 
171 
420 420 420 441 441 
41 354 
476 
140 195 195 378 471 
117 136 216 
425 
83 83 83 138 236 237 507 507 
184 184 190 190 372 
36 372 372 
76 
22 414 414 

176 401 
2 

81 81 81 
367 
22 
184 
102 125 236 
152 152 
122 222 
486 486 
82 143 
119 222 222 222 
468 
232 232 387 454 454 
117 136 136 
185 491 491 
480 480 
413 448 
236 


168 168 

354 354 

102 125 125 
41 41 44 44 
104 
381 381 
101 320 320 
196 
82 
82 121 

339 339 
379 379 

304 304 
250 417 
248 
41 41 354 354 
118 118 
325 325 


41 450 450 
233 233 425 425 
35 194 271 408 
188 227 231 305 330 469 477 510 511 
41 85 85 272 272 498 
439 

39 

82 82 82 82 329 
477 

132 132 413 413 
233 296 425 
471 
97 290 290 480 480 480 480 
31 
344 344 
222 
187 187 407 407 407 
110 247 
300 415 
28 28 183 
68 68 
30 30 

2 2 2 92 340 340 413 444 
2 178 
5 14 16 31 41 41 41 52 70 70 70 76 76 76 105 105 116 213 221 258 260 260 279 284 284 291 292 307 307 345 354 354 354 355 355 409 409 426 465 484 488 490 
126 491 491 
76 
175 175 
159 
351 351 
105 105 372 372 
56 56 267 285 
67 67 236 
43 251 358 358 358 362 413 
158 
101 101 236 471 
77 141 290 350 350 373 373 413 

5 5 386 386 508 
76 314 314 314 314 



271 271 
267 268 268 

405 
76 478 
76 76 76 242 



238 238 310 
184 
314 
314 467 
102 

271 271 
232 274 
494 494 
184 
35 119 122 122 122 174 314 376 376 483 499 499 
329 329 329 
8 8 8 313 313 
5 53 53 53 377 377 458 458 

159 257 337 337 392 392 477 
76 76 
76 
236 275 303 406 415 
39 159 
124 124 219 454 
7 7 157 157 169 238 287 287 287 296 296 310 310 374 375 505 
503 
236 
40 40 49 49 55 56 56 60 69 83 104 117 129 192 195 230 235 237 237 252 267 275 275 275 278 344 
104 236 236 
212 212 233 
342 342 342 405 405 

62 430 430 
208 
311 311 311 413 413 424 494 
325 
76 76 76 
70 
176 288 
150 408 
40 
149 374 442 
193 286 286 286 413 413 
236 
330 
415 
5 5 
271 
227 305 
184 
367 
184 184 
81 329 329 

315 315 315 
11 385 
496 

39 39 191 204 236 356 
204 204 
415 
286 286 
3 158 203 203 218 218 256 282 327 327 339 339 354 374 391 401 401 408 412 412 
160 160 
5 354 354 354 472 472 475 
219 
230 236 236 236 

415 
236 
5 31 184 
308 449 449 467 
67 347 347 
271 427 427 
415 415 415 
184 184 
191 
251 251 251 270 270 413 
233 233 233 
247 
81 451 451 451 
23 171 171 196 
184 426 426 
76 184 410 410 410 410 
408 408 
58 397 408 
76 76 509 
68 68 169 233 233 

347 347 
54 76 76 413 
177 
339 339 
39 39 39 485 
230 415 
148 148 
159 257 343 343 343 392 392 482 
87 370 
32 184 184 
280 467 

212 233 233 
243 243 243 
85 85 
224 224 
76 80 80 199 199 199 199 214 215 222 349 349 354 398 418 418 434 455 467 
31 94 263 263 263 336 
444 
413 

76 76 76 354 
140 140 
42 
76 
42 42 

90 153 153 244 358 358 
358 
271 271 

81 165 223 223 223 261 261 432 
159 253 369 
22 22 22 
413 
413 413 
413 
413 494 494 
315 
227 227 

145 145 271 271 301 301 381 381 408 427 452 452 470 
182 182 

239 239 239 
305 305 305 
69 173 173 236 
52 184 
47 47 76 
281 281 298 298 
84 85 85 
314 314 481 481 
196 196 
189 189 356 432 432 
402 
76 
5 5 41 41 99 134 134 151 151 184 184 184 271 273 273 273 314 319 411 450 450 462 490 502 502 502 508 
184 184 
267 351 
367 367 431 496 496 
38 89 89 90 193 193 193 325 325 326 413 413 500 
61 81 


193 413 413 


415 

114 259 357 357 
401 
330 
306 

105 106 106 190 190 
196 196 
233 250 271 408 417 
233 
222 222 
225 225 
101 
146 146 

0 139 139 339 339 395 408 
413 
63 415 
449 
264 413 413 
198 198 
124 
487 487 
22 81 82 82 497 
17 17 
271 
227 227 305 305 

495 
46 381 

294 
314 
41 41 
5 50 50 
110 271 271 368 
39 352 
427 
6 92 92 
39 206 239 239 
230 
175 175 175 413 413 413 
25 26 158 248 271 293 293 294 339 374 381 470 470 
184 184 
292 292 292 292 
354 
271 271 
74 92 128 168 168 182 193 196 243 243 251 251 286 299 317 332 333 333 334 335 358 358 362 362 382 385 385 407 407 407 448 448 455 
22 22 108 108 
37 177 230 254 269 277 283 283 283 303 365 383 460 
65 
149 374 
80 314 314 

18 98 98 98 441 441 



243 
103 157 157 169 
184 291 291 
282 282 339 403 
20 

241 241 
357 496 
329 351 351 

314 



487 
45 161 
76 76 
1 98 98 420 420 
250 468 
5 5 
59 182 316 
41 450 
56 

74 128 413 413 
280 280 384 467 467 467 
41 41 41 156 156 354 354 445 462 
289 289 289 
339 339 

4 124 124 232 
314 413 
491 
41 
225 225 

415 
22 
354 450 


184 

215 280 308 314 449 449 449 
123 442 
159 511 
339 408 408 
101 170 195 
273 273 475 

487 487 
273 472 
100 
39 159 166 227 
207 

127 127 171 171 171 171 
349 349 
305 
222 
51 184 
39 39 302 
120 120 489 
56 388 388 438 474 474 
184 
31 486 
51 184 354 
126 126 185 185 456 
41 41 

220 220 243 335 335 
81 81 394 
265 357 357 431 
22 22 389 
160 
222 222 
358 
54 
354 354 354 
234 
5 88 
233 

104 104 
48 198 354 
295 
159 
159 469 
