Nodes: 512, Edges: 713
133 381 381 
441 441 
28 91 111 111 182 183 
271 493 493 

34 34 48 88 88 225 255 400 400 475 504 504 
404 404 
233 271 
196 224 224 350 
287 287 

264 
184 184 202 355 355 
76 

59 59 182 
184 184 
390 
441 
104 104 

31 
108 108 331 331 389 389 414 414 461 
290 290 290 
76 
408 408 
158 
76 76 346 
2 183 183 


21 172 279 486 489 
307 
67 
5 5 
158 158 210 222 413 413 413 

57 415 415 

159 163 166 219 219 231 231 302 330 330 402 402 405 477 477 485 485 
192 192 236 
99 99 137 151 151 160 354 450 457 492 492 
321 321 321 323 323 


76 413 413 439 
64 381 395 395 
76 346 346 
5 
236 236 236 

484 
345 345 
225 
76 501 501 
236 
191 191 236 304 487 
37 415 
294 294 397 
15 15 444 444 

81 81 81 359 

383 383 383 
46 381 
193 193 362 362 
141 
33 192 
169 169 179 296 
236 
184 184 184 258 258 258 

325 466 
315 
448 
383 
13 24 27 27 45 47 54 78 78 107 196 208 228 242 245 292 295 314 319 319 322 322 328 346 353 354 354 413 423 423 456 456 509 

76 76 

314 418 
61 61 61 82 82 261 329 389 389 394 394 495 495 
81 81 142 165 165 
104 438 
85 85 312 312 348 348 348 
84 84 160 312 312 348 
198 
370 
5 5 504 
358 
325 358 
2 
182 404 404 413 

315 
418 

290 290 
420 
41 41 354 
476 496 
140 378 
117 216 
146 146 
19 19 83 138 237 507 507 
190 190 
190 
76 
22 22 414 
199 
176 247 247 401 401 
2 2 182 
184 

367 367 

415 
102 125 135 184 
152 
122 413 413 
486 486 486 

119 222 

232 387 
117 136 136 
185 491 

413 413 448 448 
236 236 236 415 415 

454 
168 
0 381 
354 380 380 
117 
125 125 
41 
104 164 236 236 

101 
66 196 196 196 
82 389 

282 282 

103 103 

304 
417 
248 248 408 408 
41 41 
118 292 292 
325 
374 
413 413 
450 450 
276 425 
26 35 35 194 
39 188 227 227 305 330 428 433 469 477 477 
41 85 272 312 312 498 
439 439 
322 
39 
138 
82 82 
39 477 
413 
132 
68 68 296 425 

290 480 
31 

222 280 
187 187 187 187 
110 247 
300 415 415 415 
183 
68 

367 
2 15 92 111 340 340 363 404 413 413 444 444 
2 28 28 178 
12 12 16 16 70 70 70 112 117 213 221 221 246 246 258 260 260 284 284 291 292 324 345 354 355 355 366 366 366 396 396 396 426 
126 491 
245 440 
175 175 175 175 413 
159 477 

105 105 106 372 
56 56 236 236 267 268 268 285 304 446 
40 40 67 236 
65 65 251 358 362 413 413 479 479 
158 
236 236 471 
8 76 141 141 141 290 290 373 373 413 
496 496 
86 386 386 508 
109 314 

236 236 415 
12 355 
271 
267 267 268 268 



76 242 

35 

310 
184 

314 
102 

271 271 
39 39 274 454 
494 
184 184 
35 122 174 314 341 376 

8 8 313 350 350 
5 53 
292 292 292 
159 159 337 392 392 477 
76 336 
360 
275 275 303 303 303 406 415 
39 39 
124 390 454 
7 238 296 296 310 375 
503 503 
236 
40 49 49 49 55 56 69 129 129 129 138 138 191 191 192 195 195 201 201 235 237 237 267 267 275 275 278 344 351 432 432 438 460 487 
104 236 236 
233 
342 342 405 
476 
430 
76 208 
311 311 413 413 424 494 494 494 
325 325 
76 186 
184 184 
110 110 176 288 401 
150 150 

374 417 442 442 
193 286 

330 
283 415 
5 
271 
305 
70 70 70 184 
367 367 441 
184 184 
81 
364 
315 
11 334 334 334 385 385 
496 496 

191 204 204 236 236 268 356 471 
191 191 204 204 267 


3 7 203 218 218 256 282 282 297 327 339 374 374 375 391 401 401 408 408 412 427 427 442 453 
160 
354 475 
219 
230 230 236 236 
157 

236 
31 
174 435 435 435 
298 347 421 421 
144 144 271 271 427 
254 415 
184 184 
191 
251 413 
9 9 
247 
451 451 
23 23 23 97 97 171 196 196 
184 426 
76 152 152 184 226 226 226 364 364 410 
408 
58 58 397 397 408 408 
76 509 
68 169 233 233 
271 408 
281 
413 413 
177 
339 339 
39 485 
230 230 230 415 
56 148 191 
159 257 343 343 482 
408 
32 465 
467 467 467 

212 233 
243 243 
84 84 85 85 160 160 
224 
76 80 199 215 222 317 317 349 413 413 418 418 418 429 481 
73 94 263 486 
444 
314 314 398 413 

76 76 

42 42 42 323 
76 76 162 
42 42 321 359 
184 
72 90 153 244 244 358 
358 
271 
76 
81 432 
39 39 159 253 369 428 
22 22 
413 
413 
264 264 264 385 385 413 
413 494 494 
228 
227 
415 
271 301 301 452 452 464 470 
182 182 
222 
239 239 
305 305 
236 447 
52 52 184 
27 47 47 76 459 459 
281 506 506 
84 84 84 85 
314 481 481 
8 224 224 
236 356 356 432 
402 
76 456 456 
41 76 76 99 134 184 273 411 411 411 462 490 502 
12 12 184 184 202 
267 351 351 
367 496 
89 90 193 325 326 466 503 
61 323 
229 

65 65 193 413 413 413 
182 
262 292 292 

184 184 184 
114 114 181 259 259 357 496 
401 
330 
87 

190 
196 196 
154 250 271 271 417 417 442 
233 271 
222 
458 458 
101 

134 134 
0 0 46 64 133 395 408 
413 413 
63 63 63 75 
449 
264 264 334 334 
198 198 
124 
487 
22 22 81 81 142 497 
17 232 
271 
227 227 

81 81 495 495 495 
46 46 381 
184 184 184 
58 294 294 
317 

5 5 
110 110 247 271 271 368 
39 39 352 405 405 
427 
6 6 92 92 182 
39 239 402 402 
230 415 
413 413 
25 25 150 150 271 271 293 294 294 297 306 381 470 470 470 

292 
354 354 354 
271 
35 35 35 45 45 76 92 119 119 128 128 155 155 167 182 182 187 193 193 196 243 243 286 299 299 314 314 317 332 333 334 335 362 362 362 382 382 407 407 439 448 500 
22 22 108 
37 37 57 116 129 129 177 177 177 201 230 254 283 303 338 406 432 460 460 463 

149 250 374 374 
80 95 314 314 314 

98 
281 281 

76 76 
243 
157 169 
184 291 
271 271 282 403 
159 330 
314 
241 

236 236 329 351 415 
159 

280 280 280 449 


83 236 
45 161 161 413 
186 
1 1 18 259 
250 250 271 374 468 

59 59 182 182 316 
450 
191 
344 
74 128 128 413 
384 435 467 
41 156 156 445 462 
289 289 
339 339 464 
271 
131 219 232 

76 76 353 353 
41 
377 377 
346 346 
236 415 415 
22 497 497 
354 450 
415 
339 452 
307 
72 358 
308 308 308 449 
442 
159 
339 408 408 408 
195 267 


487 
5 273 
100 240 
39 39 159 159 166 188 227 

193 193 
171 
314 349 349 
305 

51 
39 39 302 
31 120 120 120 315 489 
56 236 388 474 

31 486 
354 
126 185 
41 41 
3 3 
220 243 243 243 335 335 
81 81 394 394 394 
100 197 197 265 265 357 367 
389 461 461 
160 

413 
54 54 
354 
234 234 358 
5 5 88 

347 347 
104 104 
198 
76 295 


