Nodes: 512, Edges: 713
133 381 381 
441 
28 91 111 182 183 
271 493 
454 
34 34 50 88 88 184 184 354 400 441 443 504 508 

271 271 
196 224 350 
287 287 
476 
264 
184 202 355 355 


59 59 59 182 182 
184 184 
455 455 
420 
104 


331 331 389 414 461 497 


408 

346 346 
2 178 178 

180 222 483 
172 172 184 486 486 489 
184 
67 
5 5 
158 210 210 222 413 


358 358 
62 62 62 62 163 166 219 231 241 302 402 402 
192 249 
85 99 137 137 160 160 184 354 354 450 
323 
193 
137 
413 439 439 
381 
78 346 

236 
5 
490 490 
345 345 
225 
76 299 
93 93 195 195 236 236 
304 474 487 487 

294 397 
15 15 15 
104 104 236 
359 359 
39 39 39 39 241 241 241 
383 383 383 463 
381 
193 193 362 416 
141 
33 192 281 281 347 
179 
236 344 
184 184 
369 
325 358 358 466 
94 315 
413 448 
383 463 
54 78 96 96 109 162 184 186 186 199 199 208 228 229 229 242 245 245 245 295 295 314 319 322 322 328 328 353 353 353 361 413 413 423 423 478 509 509 
196 413 
47 76 

314 
113 113 113 261 261 329 359 359 394 
143 165 165 165 165 389 
104 104 236 
85 85 85 312 348 348 
41 84 84 84 312 348 348 
198 508 508 
370 370 408 
5 5 504 
358 
358 
2 
182 413 
55 55 
73 315 315 
418 418 
76 76 
171 290 
420 441 
41 354 
496 
140 140 195 378 
117 136 
146 379 379 425 
19 60 60 83 83 138 237 507 

190 372 


76 199 
176 
2 182 182 
184 
81 81 81 


415 
102 125 184 

222 222 222 413 413 



381 468 
387 
117 136 
185 185 491 
480 480 480 
413 448 
236 236 



0 381 
380 

102 125 
41 41 44 184 
104 164 

101 101 
66 358 

82 217 
282 
339 
103 379 379 
236 236 344 
304 304 
417 417 
248 408 
354 
292 



354 450 
233 233 
35 194 271 271 408 
188 227 227 305 330 330 469 477 477 511 511 
41 41 272 498 498 
413 413 439 439 
76 322 322 
39 
138 
82 82 82 82 329 
39 477 


233 425 425 425 425 
471 
97 290 480 480 480 480 
31 31 
344 344 344 
222 222 
187 
110 247 
300 300 
28 28 
68 
30 
367 
2 15 15 92 111 111 363 404 444 444 
2 
5 5 12 16 16 31 32 41 70 70 76 112 117 137 213 221 246 258 258 260 284 284 289 289 289 291 307 315 324 345 354 355 355 366 366 366 396 396 409 409 456 465 465 484 484 488 
126 126 491 491 
76 76 
175 413 413 413 
159 

106 372 
236 268 304 
40 67 236 236 281 
43 65 65 251 251 286 358 479 
158 
55 55 101 236 267 471 471 
8 77 200 350 350 
496 
86 386 
76 76 109 207 314 314 314 314 
196 

12 355 

268 268 

405 405 405 
199 
76 

35 35 309 

238 238 238 310 
184 488 
215 215 215 
214 214 214 314 467 

143 
271 
39 274 

184 
30 35 119 119 119 174 174 314 341 341 376 376 376 413 413 483 483 499 
329 
8 313 350 350 
53 377 458 458 

159 159 257 337 337 337 477 
76 245 
76 76 360 360 361 
275 303 303 406 415 415 
39 
390 454 
157 157 169 238 287 287 296 296 374 505 
503 503 
487 487 
49 55 55 60 69 83 129 129 147 147 191 192 192 195 237 237 278 283 344 344 344 351 415 460 460 487 
104 236 236 
212 212 212 233 
342 405 405 
279 476 496 
39 62 62 62 430 
76 
311 311 424 494 

76 76 76 228 
184 
176 288 401 
150 408 
40 
417 417 442 
193 193 286 286 413 413 

330 330 
283 

273 
227 305 305 
184 184 409 
367 
184 
81 81 329 
410 
315 
11 334 385 

493 
195 356 
191 204 204 

286 
3 7 7 158 158 218 282 327 339 339 374 374 375 391 401 408 408 412 412 427 427 427 442 453 453 
160 
256 354 472 
219 402 
230 

415 415 
236 
240 
435 435 449 
67 67 192 347 347 421 
144 271 427 427 
236 254 415 
184 184 

193 251 251 270 413 
9 9 233 233 
247 
184 184 184 451 
97 171 480 
184 
152 364 364 410 410 
408 
58 397 397 397 408 408 
76 76 
233 233 


54 413 
177 177 

39 485 
230 230 415 
56 148 148 191 
159 257 257 482 482 
370 370 
184 354 
467 
210 
212 
243 243 
84 85 
224 
76 80 199 199 199 199 215 222 349 354 354 384 398 413 413 418 429 455 467 467 
73 94 94 184 263 336 336 
444 
398 413 413 
413 413 
76 


76 76 162 162 
42 359 
184 
72 358 358 358 
358 
271 
76 76 
81 165 223 261 
159 159 253 253 369 428 
22 22 
407 413 

264 385 413 
413 413 494 
315 315 
227 227 227 

145 271 271 381 427 452 464 464 464 

222 222 
239 

69 147 173 173 173 236 236 236 447 447 
52 52 184 
27 27 47 459 
67 281 281 421 
84 84 85 85 
314 481 
8 196 196 224 224 
236 356 356 432 432 432 
402 402 
76 76 76 456 
5 41 41 99 151 156 184 273 307 314 314 411 450 450 462 462 490 
12 12 184 184 202 
267 351 351 

38 38 72 72 89 90 141 193 325 325 325 326 413 503 
61 61 81 81 323 
229 229 
76 229 
65 413 
182 
292 292 
415 415 
184 184 184 
181 259 
401 
71 330 
87 87 306 306 

106 190 

233 271 271 408 408 417 442 
271 
222 222 222 
225 458 
101 
103 103 146 146 
134 
0 0 46 64 123 133 339 

63 63 63 75 415 
314 449 
264 334 413 413 
198 
124 
487 
22 82 497 
232 
271 


81 495 

184 184 
58 294 294 294 
314 317 

5 
247 271 368 
39 39 274 352 352 
427 
182 
206 206 206 239 239 
230 415 415 
332 413 
25 87 150 158 248 271 271 293 294 294 374 374 412 412 437 437 470 
184 184 258 
262 292 292 
354 
271 271 408 408 
35 45 74 76 76 77 92 119 119 128 161 161 187 187 187 222 222 251 251 286 299 314 314 317 317 318 318 332 334 335 335 358 362 385 385 407 439 448 448 455 
22 
116 230 230 236 277 277 283 303 365 365 383 406 406 432 460 463 
65 
149 149 250 250 374 
95 95 314 

18 98 441 
281 347 

76 76 
243 
103 169 169 169 169 

271 271 271 282 282 339 403 
330 
314 
241 

351 351 351 415 


280 280 

408 408 

45 45 161 161 413 

1 5 98 420 
250 271 374 468 
5 
182 182 316 


344 344 
74 128 413 413 
280 384 467 
41 156 354 354 
289 
339 464 464 
271 271 
4 232 
17 17 314 413 
184 353 491 491 

225 225 377 
346 
236 236 415 
22 497 
354 354 
63 75 415 
339 339 339 452 452 
184 184 
72 
215 308 314 314 449 
123 442 
159 511 
408 
170 195 195 
273 475 

56 487 
472 
10 240 
159 159 166 227 
76 
193 
127 127 127 171 171 171 171 290 
349 
305 305 
30 222 222 
184 184 
302 
31 31 489 489 
56 56 235 235 236 388 474 
184 213 
31 486 486 
51 51 354 
126 185 185 456 456 

3 266 
243 335 
394 
100 197 240 
22 389 461 
160 160 
222 



234 234 358 
5 88 
233 

104 
5 86 86 
76 76 

159 159 469 
