Nodes: 512, Edges: 713
381 
441 
28 91 91 183 

454 
34 34 50 88 88 255 255 255 273 400 443 443 504 508 508 
404 404 
271 271 271 
224 313 313 
287 287 
476 

184 184 355 355 
76 76 
125 
59 59 59 182 182 444 

390 
441 441 

428 428 
31 
108 331 389 389 
290 290 290 

408 
158 
76 346 
2 178 183 183 183 
56 
180 180 222 483 
21 172 279 279 279 315 486 


5 5 
158 210 210 
106 106 
57 
358 
62 62 62 159 166 219 241 241 302 402 402 405 477 485 485 
192 236 236 249 
85 99 151 160 184 184 324 324 354 354 450 450 457 
321 323 

137 
76 413 439 
64 64 339 381 395 
76 346 346 
508 

5 
484 
184 184 345 
225 
76 299 501 
236 236 
29 236 446 474 487 
37 415 415 

15 15 15 
104 104 236 236 
81 359 
39 39 39 241 
383 383 463 463 
46 46 381 395 
193 193 362 416 
141 
192 281 347 
296 296 
236 236 344 
258 

325 

448 448 
383 463 463 
13 13 27 45 47 54 78 96 96 109 162 184 196 196 207 228 228 229 229 242 245 295 295 295 295 299 299 299 314 314 319 319 322 328 354 440 456 
196 413 413 413 
76 
104 236 
314 314 
61 113 261 289 359 389 389 394 495 495 
121 142 142 165 
104 104 236 236 236 
85 312 348 348 
41 84 160 
198 508 508 
370 408 
5 5 
358 
325 358 
2 2 
182 404 413 

315 
418 418 
76 76 
290 290 
420 441 441 
41 354 
476 496 496 
140 378 
117 216 

60 60 79 83 83 138 138 507 507 
184 184 190 
36 36 190 

22 414 
76 199 199 
176 401 401 


81 
367 
389 

102 135 135 
152 152 364 364 
122 222 222 413 
486 
82 143 
119 
468 468 
387 
14 136 136 
185 185 491 

413 413 
236 236 415 
497 
454 


354 354 354 
117 117 
125 125 
44 
104 104 164 236 236 
381 
101 320 320 
66 
82 82 389 
121 

339 

344 
191 191 
250 417 417 
248 248 
41 354 
118 118 292 

374 
413 
399 450 

26 35 194 
39 205 227 227 231 305 330 330 402 428 433 469 477 477 510 511 
41 85 272 272 272 312 

76 322 322 322 

138 
82 
39 477 
413 413 
413 
296 425 425 

290 480 480 
31 
344 344 
222 222 222 
187 187 
110 247 247 
300 300 415 
28 183 183 

30 30 222 222 

15 15 92 340 363 363 404 444 
2 28 28 28 178 178 
12 12 41 41 52 52 76 105 105 213 221 221 258 260 260 291 291 292 292 292 307 345 354 354 355 366 366 396 409 426 426 456 465 465 484 484 488 490 
126 126 491 
245 245 245 440 440 440 
175 175 413 
477 

105 106 372 
148 148 236 267 268 268 285 
40 67 281 281 
65 65 251 251 251 286 358 358 362 413 413 
158 
471 471 
76 76 77 200 290 350 373 413 413 422 

86 386 386 508 
109 109 207 207 
196 
236 
355 
271 271 
268 
159 
405 405 
76 199 199 478 

328 
35 35 
236 
238 310 
184 488 
215 
214 314 467 
102 

271 271 271 
39 274 274 454 454 
494 494 
184 184 
30 119 119 174 174 174 180 180 314 341 376 376 413 499 499 

8 
53 419 458 

159 159 257 257 392 
76 76 
76 76 360 360 361 
236 275 415 
159 

238 271 287 287 296 310 374 
503 503 

40 40 55 55 56 60 60 69 69 79 83 83 83 129 129 138 138 191 201 211 230 252 267 267 278 283 344 344 351 432 487 487 

212 233 
342 405 405 
496 
39 39 62 
76 
311 413 413 424 494 

76 186 186 186 

176 176 288 
150 150 408 408 408 
40 
149 374 417 417 442 
193 193 193 
236 
330 
283 415 415 
5 5 5 
271 273 
227 227 305 305 
70 184 
367 441 
184 184 
81 


334 


191 236 236 356 356 
191 191 204 
415 
286 
7 7 7 203 203 218 218 218 233 256 282 297 327 339 374 374 401 401 408 408 412 427 442 453 
160 160 160 
5 256 475 475 
219 219 402 
230 

415 415 
236 
31 31 31 
308 435 435 449 449 467 
67 192 192 298 298 347 
271 427 
236 254 

191 
193 270 
9 9 233 233 
247 
81 451 
23 23 23 97 97 171 196 
184 184 426 426 
152 184 184 184 364 410 410 410 
408 
408 
76 76 76 76 
68 68 169 233 
271 
281 281 347 
54 76 76 76 413 
177 177 
339 
39 485 


159 257 257 343 343 392 482 
370 370 
184 396 396 
280 

212 233 
243 
84 160 
8 8 
76 76 80 80 215 222 317 317 354 354 384 384 384 398 418 429 434 455 467 
31 94 

314 314 413 
413 
76 76 354 354 
140 140 
42 
76 162 162 162 
42 359 
41 41 
72 90 358 
358 
271 
76 209 

159 159 253 428 
22 
407 413 413 
413 
264 413 
494 
486 

415 
46 145 271 301 408 408 427 464 470 
182 
222 
239 
305 305 
69 147 173 173 236 236 
52 184 
27 47 47 459 459 
67 281 298 506 
84 84 
481 481 481 
196 
236 432 

456 
41 41 76 99 134 134 134 151 184 184 314 314 319 319 411 450 
12 12 184 202 
267 267 
367 431 
38 89 90 193 193 325 326 413 466 503 
61 81 323 
229 229 
229 
65 193 413 
182 182 
118 118 292 
415 
184 184 
114 259 357 496 496 
401 401 

87 306 306 

190 
196 
154 233 250 271 271 417 417 417 442 442 

222 222 
458 458 
101 


0 46 64 139 395 408 
413 413 
63 63 75 415 432 
314 314 314 
413 
198 198 
124 
487 
22 22 81 81 115 142 497 
17 

227 305 

81 
46 64 381 
184 307 307 

314 
156 
5 
110 110 271 271 368 368 
39 39 159 274 
427 427 427 
6 6 92 182 
39 206 206 239 239 

332 413 413 413 
25 87 248 248 248 271 271 293 294 339 339 381 412 437 470 
184 
292 292 292 
354 
271 408 
45 77 77 77 92 119 128 128 155 167 167 168 187 193 193 196 196 222 243 243 299 317 318 332 332 333 334 358 362 382 382 385 407 407 407 439 439 448 448 455 494 
108 
57 57 129 177 230 254 254 269 277 277 338 365 383 460 463 463 
65 
149 149 250 250 374 374 374 
95 95 314 
225 
98 441 441 

196 

243 
169 169 
184 184 291 291 
271 282 339 403 403 403 
20 20 159 330 
314 

357 496 496 
236 351 383 
159 
314 
280 280 449 

408 

45 413 413 
76 186 186 186 
1 18 18 98 98 259 420 420 
250 271 374 374 468 468 
5 5 
15 182 
450 450 
56 

74 74 413 413 
280 280 435 467 
41 41 156 354 445 445 462 462 
289 

271 
4 131 219 219 
314 413 
76 184 353 491 
41 
225 377 377 
346 346 
415 
497 
450 450 
63 63 75 75 415 415 
339 
184 184 
358 
215 280 314 449 
123 123 442 442 
159 
339 408 
195 195 
475 

56 487 
273 273 472 
10 100 496 496 
39 159 159 166 188 
207 

171 171 
349 349 349 
305 
30 
51 184 184 
39 39 302 
31 120 336 
56 236 236 388 474 
184 213 

184 
126 185 456 


220 220 243 335 413 
81 81 
100 100 240 367 367 431 431 476 476 
130 389 461 

222 222 

54 

234 234 358 
5 

347 
104 104 
5 5 48 86 86 198 

159 
159 
