Nodes: 512, Edges: 713

441 
28 91 91 111 182 182 183 189 
271 493 493 
454 
34 34 50 88 88 184 273 354 354 354 400 400 443 443 504 508 
404 404 
233 
196 313 350 
287 287 


184 355 
76 
184 
59 59 182 182 444 

390 455 455 
420 441 

428 
31 
108 108 331 389 414 436 436 461 497 
290 290 290 
76 76 76 

408 
346 
2 178 178 183 

180 483 
21 172 172 279 315 486 486 
184 

5 5 
158 158 158 
106 
415 

159 159 166 231 231 241 241 267 330 405 485 485 
192 236 
85 85 99 137 151 160 160 324 324 354 354 399 445 450 457 

193 
137 
76 76 413 439 
339 
76 346 346 346 346 346 

236 
5 
484 490 490 
184 184 345 345 

76 76 501 501 
195 236 
236 236 474 487 
415 
294 
15 15 444 

81 

463 
381 381 
193 362 416 
141 
192 
169 169 296 371 371 
236 
184 

466 
94 94 315 315 
448 
383 
13 24 24 24 45 45 47 54 54 78 96 96 96 107 184 184 199 208 208 245 292 292 295 299 314 319 319 346 353 361 423 456 478 
196 196 413 413 
76 

314 418 418 
61 113 261 289 329 359 359 389 389 495 
121 142 142 165 389 389 389 
104 104 236 236 438 438 438 
312 312 348 
41 41 160 312 
508 
306 306 370 408 408 
5 5 

325 
2 2 
182 182 182 404 

73 73 315 
418 418 418 
76 76 76 
171 290 

41 
496 496 496 
195 378 471 
136 136 
379 379 
83 83 138 138 237 507 
190 372 
36 
76 
22 22 

176 401 
2 182 
184 
81 
367 

415 
125 125 135 
364 
122 122 
486 
82 143 
119 119 222 222 

232 232 232 387 387 
117 117 136 136 
491 491 
480 480 
448 
236 



381 
354 354 380 
117 
102 102 125 125 
41 44 184 
104 104 236 
381 
320 
66 196 358 
82 82 
121 
282 
339 
379 379 
236 

250 
248 408 
41 
292 292 
325 
374 374 

354 
276 425 425 425 425 
35 35 35 194 271 408 408 
39 39 188 205 231 330 402 428 433 510 511 511 
41 41 85 312 

322 


82 329 
39 
413 413 500 
413 
68 68 296 425 
471 
97 480 480 
31 31 
344 344 
335 335 494 
187 407 
110 
300 415 415 
28 28 

30 222 222 
367 
2 2 15 15 92 92 92 111 340 363 363 404 413 
2 28 
5 12 14 32 52 52 70 76 76 112 137 213 246 260 289 291 338 345 354 354 366 396 409 426 465 484 484 484 488 488 490 490 
491 491 
245 245 245 
175 413 
159 
2 
105 372 
267 268 285 304 304 304 446 
40 67 236 281 281 
43 65 358 479 479 500 
158 
55 101 236 267 471 
8 77 77 141 350 373 
496 496 
386 508 508 
76 207 314 

415 
355 
271 271 
268 
159 
405 
199 478 478 
76 76 
328 

236 
238 310 
184 488 
215 314 
214 314 467 



274 454 454 
494 

122 122 180 180 309 341 376 413 413 483 499 
329 
313 313 
259 259 377 377 377 
292 
343 392 392 
245 

259 275 303 406 406 415 415 
39 39 159 
124 124 124 454 
7 238 271 287 296 296 310 310 
503 503 503 
487 
40 49 55 56 56 69 83 83 129 138 147 192 195 211 237 252 252 278 278 415 415 432 438 487 
104 236 
212 233 
342 342 405 405 
279 476 476 
39 39 430 

311 311 413 424 424 494 
358 358 
76 186 186 186 228 
184 
401 401 
150 

149 374 374 374 417 417 442 
286 286 
236 236 

283 415 415 

271 271 273 
305 305 
409 
225 225 230 367 367 
184 
81 
364 410 
315 315 
334 334 385 385 


39 191 195 
191 204 
415 

3 158 203 203 233 256 256 282 327 327 339 339 339 374 374 375 391 401 408 408 408 412 453 

5 256 354 354 472 475 475 
219 402 
230 
157 

236 236 
31 240 
435 
192 192 298 421 421 
144 271 427 427 
254 

191 
251 251 
9 9 233 

81 184 451 
23 23 23 97 480 480 
184 426 
76 76 152 152 226 364 410 
408 
58 
76 
68 169 233 233 
408 
281 347 347 
76 413 
177 
339 339 
485 485 
230 
191 191 191 
257 257 343 343 343 392 392 
87 87 370 370 370 
354 396 465 

222 
212 233 233 
243 243 
84 84 85 160 
8 224 224 
76 80 199 214 215 317 384 384 384 398 398 413 418 429 434 449 467 467 481 481 
31 73 73 94 263 263 486 

314 398 398 413 413 

76 76 354 354 
140 
323 
162 
321 
41 41 
90 153 358 

271 271 
209 
81 165 223 
39 159 369 369 428 
22 
407 413 413 413 
413 
264 264 385 385 413 
174 174 494 494 494 
486 486 

184 
46 145 271 271 271 301 301 381 408 408 408 427 452 470 
182 
222 
239 239 
227 305 305 305 
173 173 447 447 
52 52 184 
27 47 47 47 47 47 76 459 459 
298 298 421 421 506 
84 
481 481 481 
8 196 


76 
5 5 5 41 41 134 134 156 184 184 273 273 307 319 319 411 450 450 462 490 502 
12 202 

367 431 
141 193 244 244 325 413 466 503 
81 81 

76 
65 413 413 
182 182 
118 262 292 
415 415 415 
184 
114 181 259 259 357 

330 330 
87 306 306 306 
68 68 
105 190 
196 
154 154 250 250 250 271 271 408 
271 
222 
225 225 225 458 
101 
103 103 146 146 
134 
64 64 133 139 339 395 395 395 408 408 408 
413 
75 415 
314 314 314 449 
264 264 334 334 413 
198 
124 124 
487 
22 81 81 82 82 82 497 
17 
271 
227 227 305 305 

495 495 
381 381 381 
184 307 

314 314 317 317 
41 
5 5 
110 247 247 271 
159 274 405 
427 427 
6 6 92 182 
39 206 239 239 402 
230 230 415 415 
175 332 413 
26 87 87 150 158 158 271 271 271 293 297 339 339 339 374 381 381 381 412 437 437 
184 258 
262 292 
354 
271 408 
45 77 77 167 167 168 182 187 222 222 243 299 314 317 317 332 332 332 333 334 358 362 362 382 385 407 439 448 455 500 
22 
37 57 116 177 177 201 230 230 236 236 254 254 269 365 365 365 383 406 406 432 460 460 463 
65 
250 250 
80 80 95 95 95 314 

18 441 441 
281 281 347 347 

76 
243 243 
157 157 157 157 169 
184 291 
282 282 339 403 403 
20 159 330 
314 
241 
357 496 496 
236 415 
159 
314 
280 
22 22 
408 408 
83 83 83 236 
45 413 

1 18 420 420 
250 468 468 
5 5 
15 59 
41 
191 
344 344 
74 128 413 
314 384 467 
41 354 354 462 
289 
339 
271 
4 219 219 232 
17 17 413 
76 491 
41 
377 
346 346 
415 415 
22 497 
354 450 
63 415 

184 307 
72 358 
215 314 314 449 
442 442 
511 
339 
101 170 195 
273 475 

56 487 487 487 
273 273 472 
240 240 

76 207 207 
193 193 
127 127 171 171 290 290 
314 314 349 349 349 

30 222 
51 184 184 184 
39 39 302 302 
31 31 120 315 336 336 489 
56 235 236 388 474 474 474 
184 184 213 
486 
51 51 184 184 354 
126 126 185 185 456 

3 3 
174 220 243 335 335 335 
81 394 394 
100 100 100 197 197 431 431 
22 389 461 

222 
167 193 413 
54 54 
354 
234 234 234 358 
5 

347 
104 
5 86 198 198 

159 
159 159 469 
