Nodes: 512, Edges: 713
133 381 381 
441 
28 28 111 111 182 183 
271 271 

34 50 88 88 88 184 225 255 255 354 354 354 400 443 508 

271 
196 196 224 350 350 
287 287 

264 264 
355 
76 
184 184 
59 182 
184 
390 390 390 455 
420 
104 104 
428 428 
31 
108 115 331 331 414 436 



408 
76 346 
2 2 178 178 

180 180 222 483 
21 172 172 172 279 354 354 486 
184 307 
67 192 
5 
158 210 222 

406 415 
358 
62 166 166 219 219 231 241 267 302 330 402 485 
249 
137 137 156 156 160 184 184 324 324 324 354 399 399 450 457 457 492 
321 323 
193 

439 
64 395 395 395 
76 76 346 346 

236 
5 400 400 

184 184 345 345 
225 
76 
93 236 
191 191 304 446 446 474 474 487 
415 
294 397 
15 444 
236 236 
81 81 359 
39 241 
75 383 
46 381 
193 193 416 
141 141 
33 192 192 281 347 
169 179 296 
236 236 344 344 

369 
358 
94 94 315 315 
448 448 
63 383 463 
13 27 47 47 54 78 96 96 107 109 109 162 162 184 186 196 196 199 199 207 245 295 295 299 314 322 353 361 361 440 509 509 
196 
76 

314 314 418 418 
61 61 82 113 261 261 289 389 389 
81 121 142 165 165 389 
104 236 438 438 438 
312 348 
312 348 348 445 
198 198 
306 408 
5 5 5 504 

325 358 

182 182 
55 
73 73 
418 
76 76 
171 
441 
354 
476 496 496 
140 378 
117 136 136 216 
146 379 425 425 
19 19 83 236 
190 
190 372 
76 
22 
76 76 
401 401 401 
2 2 
184 
81 
367 
22 389 

102 125 184 
152 364 
222 222 222 

82 
222 

232 232 309 454 
117 136 136 136 
185 491 
480 
413 448 448 
415 
497 
454 
168 
0 381 381 
380 

102 102 125 125 125 
41 41 
236 
381 
101 
66 66 196 358 
82 389 389 

282 

103 

191 
250 417 417 
408 
354 
118 
325 325 
374 374 
413 413 
41 41 450 
233 233 276 276 425 425 
35 194 194 271 271 408 
188 227 231 231 305 305 330 402 402 428 428 433 477 511 511 
41 272 312 
413 439 439 
76 76 322 


82 82 329 329 
39 39 477 477 
413 
132 413 
68 233 425 425 

97 290 290 480 480 480 480 
31 31 31 
344 
222 280 494 
187 187 407 

300 415 
28 28 183 
68 
30 30 222 

2 15 92 92 363 404 404 404 444 499 
2 178 
5 14 14 16 32 41 41 52 52 76 112 117 213 221 221 246 258 258 260 279 291 307 307 354 354 355 355 426 426 456 465 484 484 
126 491 
76 245 440 
175 175 
159 477 477 

105 106 372 
56 56 148 267 304 
33 67 67 236 236 236 
43 65 65 251 286 362 413 413 479 
158 158 
236 236 471 471 
8 8 76 76 77 141 290 413 422 
496 
86 86 386 508 508 
76 76 314 


355 
271 
267 268 


76 478 
242 
328 328 
35 
236 
238 238 310 
184 
215 215 215 314 314 314 
214 214 214 467 
102 

271 271 
39 39 
494 494 
184 184 
30 35 119 119 119 122 174 180 314 341 341 376 483 
329 329 329 
8 313 350 
5 53 393 458 
292 
159 257 257 337 343 392 392 477 477 
245 
360 360 360 
236 415 
39 159 159 
124 124 
157 157 169 238 238 271 287 287 296 310 310 375 505 
503 503 
236 
49 55 60 60 69 69 83 104 138 192 192 192 195 195 211 230 235 252 275 278 283 283 344 351 432 460 460 

212 212 233 233 
342 
496 
39 62 430 430 
208 
311 311 413 424 494 
325 
76 186 228 
184 
288 
408 
40 
149 374 374 417 442 
193 286 286 
236 
330 330 
283 283 415 
5 5 
271 271 273 
227 227 
184 184 409 409 
367 
184 
81 81 
364 410 410 
315 315 
11 11 334 385 385 385 

493 
39 191 204 268 356 471 
204 267 
415 
286 286 286 
3 3 7 158 158 203 218 218 233 256 256 282 282 327 339 354 354 374 374 391 401 408 408 412 427 427 453 453 
160 
256 354 472 472 475 
402 
236 
157 157 
415 
236 
31 184 
174 308 308 435 435 449 467 
67 298 421 421 421 
144 271 271 427 
236 236 254 254 


193 251 251 270 270 270 
9 9 233 233 
247 
81 451 451 
171 171 196 480 
184 426 426 
226 364 364 410 
408 408 
58 
76 76 
68 233 

281 
76 413 413 
177 
339 
39 485 
415 
56 191 
159 159 343 343 392 482 482 482 
87 
32 184 184 354 396 465 465 
280 280 467 
124 
212 233 233 
243 243 
84 85 160 
224 
76 80 80 199 214 214 214 222 317 349 354 384 384 398 418 418 429 434 434 449 455 481 
73 73 263 263 336 486 486 486 
444 
314 398 398 413 

354 354 

42 323 
76 162 
42 321 359 359 
41 41 41 
90 153 153 244 358 

271 
209 209 
165 165 223 223 223 432 
39 159 253 253 369 
22 22 


264 385 385 
494 
315 486 486 
227 

271 301 408 408 452 464 470 

222 222 
239 
227 305 305 
69 69 173 236 
52 52 
27 47 47 459 
67 421 506 506 
84 85 85 
314 481 
8 8 224 
236 356 432 432 
402 402 
76 456 
5 5 5 31 31 41 99 151 184 184 271 271 273 307 314 319 319 450 490 490 502 
12 184 184 202 
267 351 
367 367 
38 72 90 141 325 466 503 
61 323 323 
229 229 229 
76 76 
193 413 
182 
118 262 292 292 


114 259 357 357 496 
401 401 
71 330 


106 190 

154 154 250 250 271 271 417 442 442 
233 
222 
458 458 
101 
103 
134 
0 0 64 133 133 139 395 395 408 

63 75 415 
314 314 449 
264 264 264 334 334 
198 


81 81 82 115 142 142 497 
17 17 17 
271 
227 227 305 
225 
495 495 
46 46 46 381 381 
307 
58 
314 317 317 
41 41 
5 50 50 
110 110 110 271 368 368 
39 159 159 274 352 352 

182 182 182 

37 415 
175 
26 87 150 158 248 271 271 293 293 339 339 381 470 470 
258 258 
262 262 292 

271 
128 155 155 161 167 168 193 193 196 243 299 299 317 362 448 448 455 500 500 
22 
37 57 129 177 230 254 269 277 303 383 406 
65 
149 149 250 374 
80 80 95 314 314 

18 441 
281 281 281 347 
196 

243 
103 103 157 157 169 169 
184 184 291 291 
271 271 282 
20 20 159 159 
314 
241 241 

236 329 351 351 
159 
314 314 
280 280 
22 

83 83 83 
45 161 161 
76 186 
1 98 420 
250 374 374 468 
5 
59 182 316 
85 
56 56 

74 74 128 128 413 413 
280 314 384 467 467 
41 156 354 
289 289 
339 
271 271 
124 131 
17 314 413 
184 353 491 491 
41 41 
225 377 377 
346 
236 236 
497 

75 
339 
184 307 307 
358 
215 280 308 449 449 
442 

339 408 408 
195 195 267 
273 273 475 
491 
56 56 
273 472 
100 496 
159 166 166 188 188 227 227 
207 
193 
127 171 171 171 171 290 
314 349 
305 305 305 
30 222 
184 184 
39 302 
31 315 315 315 336 336 489 
56 

486 
354 354 
126 185 456 456 473 
41 
266 
174 220 220 243 335 
394 394 
100 100 197 240 367 476 
130 389 461 

182 
413 413 

354 
234 234 358 
88 
233 
347 347 

5 198 198 
76 76 

159 159 
