Nodes: 512, Edges: 713
381 
441 
28 91 182 182 183 183 
271 271 

34 50 88 88 184 184 198 225 225 273 273 354 354 400 441 443 443 475 
404 
233 233 271 
224 224 224 313 313 350 
287 
476 
264 264 
184 202 355 355 
76 76 
117 125 
59 59 182 


441 
104 

31 
108 108 115 389 436 461 461 
290 
76 
408 
158 158 
346 
2 178 178 183 
56 
222 483 483 
21 172 172 184 279 279 279 354 
184 
67 
5 
158 158 158 222 413 
106 
406 
358 358 
62 62 159 159 159 166 231 231 302 402 405 477 485 
192 192 236 236 249 
85 137 156 160 184 184 324 354 354 399 399 450 450 457 457 492 
321 321 323 323 

137 137 
76 439 
395 395 
346 346 

236 
5 400 
484 
184 184 
225 
76 76 299 501 
195 195 236 
29 304 446 474 474 
415 
294 397 397 397 
15 15 444 444 
236 
81 359 
39 39 241 
75 383 383 
381 
193 416 
141 
33 192 
169 179 296 296 
344 
184 258 258 

325 325 

413 
63 463 
13 13 24 45 54 54 107 162 184 186 186 196 199 228 229 229 295 295 319 319 346 353 354 413 423 440 456 456 478 
196 413 


314 314 418 
61 113 184 261 261 261 329 329 359 359 389 389 394 495 
121 143 165 389 
104 236 438 438 438 
85 85 312 312 
41 84 84 160 312 348 445 
508 508 
306 306 370 370 
5 5 
358 358 
325 358 
2 
182 404 

315 


290 

354 354 
496 
195 
117 117 136 216 
425 
19 83 138 236 237 507 

36 190 
76 
22 22 
199 
176 176 247 
182 
184 
81 

22 
184 
14 102 102 125 125 135 184 
152 152 364 
222 222 

82 143 
222 

232 232 454 
14 117 117 136 
185 491 
480 480 
448 
236 236 

454 
168 
381 
354 354 380 
117 
102 125 
41 44 44 
104 236 236 
381 

66 196 196 358 358 
389 389 
82 121 

339 339 

236 344 344 
191 191 191 304 
417 417 
248 408 
354 
118 118 


413 413 413 
41 354 
425 
26 26 35 35 35 271 408 408 
39 39 39 227 231 305 330 428 428 433 469 469 477 510 511 
41 85 498 498 
413 
76 322 322 


82 
39 477 
413 
132 
68 233 296 

290 480 
31 31 
344 344 
335 494 
187 187 
110 110 247 247 
415 415 
28 28 183 183 
68 
222 
367 
2 2 15 92 111 220 340 363 404 413 499 
2 2 28 178 178 
5 5 12 31 32 41 41 52 52 70 76 81 112 116 117 221 246 246 258 258 260 260 260 284 284 289 291 307 307 324 345 354 354 354 355 366 426 456 456 456 484 488 490 
126 491 491 
76 76 245 
175 175 413 
477 

106 
148 148 148 267 267 268 304 446 446 446 
40 40 67 236 236 
65 251 251 251 286 358 413 413 479 479 

55 55 101 267 
76 77 141 141 290 290 350 350 373 413 422 422 

5 
76 109 207 207 

415 415 
12 355 
271 271 
267 267 

405 405 
199 199 478 478 

328 
309 

238 310 310 

215 215 314 
214 214 314 314 
102 

271 
232 274 274 402 
182 494 494 
184 
30 35 119 119 122 180 314 314 376 499 499 
329 
8 8 8 350 
5 5 53 377 393 393 458 
292 
159 257 343 392 392 477 477 
76 245 
76 76 295 295 360 360 
236 275 303 406 406 406 406 
39 39 159 
124 124 219 390 390 454 454 
7 7 169 238 287 296 375 505 505 
503 
487 
40 40 49 55 60 83 104 129 129 138 138 147 192 192 230 237 237 252 275 351 415 415 432 487 487 
104 236 236 
212 233 
342 342 405 
279 476 496 
62 430 

311 311 413 413 
325 358 358 
186 228 
184 184 
110 176 176 288 
150 408 
40 
374 374 374 417 417 
193 193 193 413 
236 
330 330 
415 415 

271 273 
227 
70 70 184 184 409 

184 184 184 
81 81 81 329 
410 410 
315 315 
11 11 385 

493 
191 191 195 204 204 356 471 
191 
415 

3 3 7 158 203 203 218 256 297 327 339 354 354 374 374 375 391 401 401 412 412 427 427 442 442 

5 5 256 354 472 475 
219 219 402 
230 236 



31 31 31 240 
308 308 435 
298 347 347 421 
427 
415 415 
184 184 

193 413 
9 233 
247 
184 451 451 451 
23 97 171 196 196 
184 426 
226 364 
408 408 
58 397 408 408 
76 76 229 229 
68 68 169 233 
271 
281 347 
54 

339 339 339 
39 485 485 
230 
56 148 191 
159 343 343 343 392 
87 87 408 
184 184 354 354 396 
280 280 
210 
212 212 
243 243 
84 84 85 
8 8 
80 80 214 215 215 222 222 317 349 354 354 384 418 418 434 455 467 481 
94 263 263 336 486 
444 
314 398 

76 76 

42 42 323 
162 162 
42 42 321 
41 184 
72 72 90 244 358 358 
358 358 
271 
209 
81 81 223 261 
159 253 253 369 428 

413 413 

385 413 
174 413 494 
315 


145 145 271 301 301 301 408 470 
182 

239 239 
227 305 305 305 
69 147 147 173 173 
184 
27 47 47 76 459 459 459 
281 281 298 
85 
314 481 
8 196 196 224 
236 356 356 432 

76 456 
5 5 31 41 41 76 99 99 134 134 151 156 184 184 184 271 271 273 307 307 314 314 411 450 450 462 508 
12 12 184 202 
267 351 351 
496 
38 38 89 89 90 141 141 193 244 244 325 325 326 326 413 466 
61 81 81 
229 229 

413 413 
182 
118 292 
415 
184 
181 
401 401 
330 
87 87 


196 
250 250 250 271 271 408 408 417 442 442 442 
233 271 
222 
225 458 458 


134 
0 64 133 139 395 395 408 
413 
63 63 415 
314 
264 334 413 413 



22 81 81 82 142 142 
232 232 
271 
227 227 305 
225 225 
81 495 495 
46 46 381 381 
307 
58 58 58 294 
317 
41 41 
5 50 
271 271 368 368 
39 219 274 405 
427 427 
6 92 182 
39 206 206 239 402 
37 230 230 230 230 415 415 

25 150 158 158 248 293 293 294 294 306 339 374 374 381 437 
258 
262 262 
354 
271 271 
35 74 76 77 155 155 155 161 167 182 187 193 193 196 243 243 251 286 332 332 334 335 358 362 362 382 385 385 448 494 

57 177 177 201 201 236 236 254 254 269 283 283 365 383 406 406 432 463 463 
65 
149 149 250 250 374 
80 314 314 


281 
196 196 
76 

103 157 
184 291 
271 271 282 403 403 
159 159 330 

241 

236 351 415 
159 
314 
280 
22 
408 
83 83 83 487 
45 
76 
1 5 18 
271 271 374 374 374 
5 5 
59 59 316 
85 450 450 450 
56 191 191 191 

128 413 

41 41 354 354 445 445 445 462 462 
289 289 289 


124 131 232 232 
314 
76 76 184 184 184 353 491 491 
41 41 
225 377 377 
346 346 346 

22 22 
354 450 450 
75 415 415 


358 
314 

159 159 511 
339 
267 
273 
491 
56 56 487 
5 273 
10 240 496 
39 159 166 188 227 227 
76 207 207 
193 193 
127 127 171 
314 349 

30 30 
51 184 
39 302 302 
315 489 489 
235 236 236 438 474 
184 
486 486 
184 
126 185 185 456 456 473 
41 
266 
174 220 220 335 413 
81 394 394 
100 240 357 476 

160 160 
182 222 222 

54 

234 

233 233 

104 
86 86 354 

159 
159 469 
