Nodes: 512, Edges: 713
381 381 381 

28 91 111 182 182 183 189 
271 271 271 493 493 
454 
34 34 48 50 50 50 184 255 255 273 279 354 354 443 504 
404 404 404 
271 271 
196 224 224 224 313 350 

476 

184 202 355 

117 125 

184 184 



428 

108 115 331 331 331 414 436 436 461 461 

76 76 
408 
408 408 
76 346 
2 183 
56 
222 222 
172 184 315 315 354 486 

67 67 67 
5 5 
158 222 413 413 
106 
415 
358 
62 62 62 159 163 163 166 241 267 267 302 330 330 485 
192 236 249 249 
99 137 156 160 324 354 354 399 445 450 450 457 
321 323 
193 193 

76 109 413 
395 395 
76 76 346 
5 

5 5 5 
490 490 
184 

299 501 
236 
29 191 236 446 474 487 
415 415 
294 397 397 
444 
104 104 104 236 236 
81 81 359 
39 39 39 241 
75 383 463 
381 381 
362 362 416 
141 
33 33 33 347 
169 169 179 296 
236 236 
184 184 246 258 258 
369 
325 358 358 466 

413 
63 
24 24 27 45 47 47 78 96 107 109 109 162 196 207 228 228 228 229 242 295 299 299 299 299 314 319 319 322 328 328 346 413 440 478 509 509 
413 
76 
104 
314 314 
61 61 113 184 184 289 289 329 359 389 394 495 495 
121 121 165 
104 

160 312 
198 198 508 
306 370 408 408 
504 
358 

2 
182 182 404 413 


418 
76 

420 441 
41 
476 476 496 
140 195 

146 379 
60 60 60 79 83 138 138 507 507 
184 190 
36 190 372 372 
76 
22 414 
45 76 76 199 
176 176 247 401 401 
2 182 182 
184 
81 

22 389 
184 
14 125 135 184 184 
152 364 364 
122 222 413 
486 486 
82 82 143 143 
119 222 
381 468 
387 454 
14 117 136 136 
185 185 


236 236 
497 
454 

381 
354 354 354 
117 
125 125 
41 184 184 184 
104 104 

101 
66 196 358 358 

121 121 217 
282 
339 339 
103 
236 344 
191 
250 417 417 
248 408 
354 
118 292 
325 

413 
41 399 450 
233 276 276 425 425 
35 194 271 271 408 408 
39 227 231 231 231 330 433 477 510 
41 85 272 272 
413 439 
76 322 
39 39 

82 329 
39 
413 413 
413 
68 68 233 425 425 425 

290 480 480 
31 
344 
222 335 
187 187 407 407 
110 110 
415 
183 
68 
222 222 
367 
2 2 92 92 111 111 220 363 404 413 413 444 499 
2 28 178 
5 12 16 16 31 52 70 70 81 81 105 112 116 117 117 137 137 137 213 213 221 246 284 284 307 324 338 354 354 355 366 426 465 
126 126 491 
440 
175 175 
477 
2 351 
105 106 372 
56 148 236 268 268 268 285 304 304 304 446 
40 236 281 
43 43 286 358 358 413 413 500 
158 
101 236 267 
8 76 141 290 373 413 413 

86 86 386 508 
109 314 

415 
12 355 

267 268 268 

405 405 
76 337 478 

328 328 
309 
236 
310 
184 184 
215 215 314 
214 214 

143 

232 232 274 402 454 454 
182 494 494 
184 
30 30 35 119 122 174 180 180 309 314 341 376 413 483 499 499 
329 
8 8 8 350 
259 377 377 393 419 458 458 
292 
159 343 343 
76 76 76 245 
76 295 295 360 360 360 361 
236 275 303 415 
159 159 159 
219 219 
157 169 238 238 271 287 287 296 310 310 374 375 
503 
487 
40 55 56 60 60 69 69 129 129 147 191 192 195 211 230 237 252 267 278 283 344 351 415 415 432 432 438 487 487 
236 
233 233 
405 405 405 
279 279 476 496 
39 62 
76 
311 311 413 494 
325 358 
228 
70 184 
110 288 401 
150 
40 40 
149 374 
286 413 
236 
330 330 330 
283 
5 5 
271 271 271 
305 337 
70 70 409 409 
225 367 367 367 367 


364 
315 315 
385 
496 

39 39 195 204 236 471 
191 191 191 204 204 

286 
3 3 3 7 7 158 158 233 256 256 256 282 282 327 339 339 374 374 391 408 427 442 453 453 
160 160 
5 354 354 
219 402 402 
230 
157 157 
415 
236 
5 240 240 
308 435 449 449 467 
192 347 421 421 
144 271 271 427 
236 254 415 
184 184 
191 
193 251 270 
233 233 
247 
81 81 451 451 451 
171 196 
426 426 
152 226 364 410 

58 397 397 408 408 
76 229 229 
68 233 
408 

54 76 76 76 76 413 


39 
230 415 
191 191 191 
257 343 343 343 392 
87 370 370 
184 354 354 465 
280 467 467 
210 222 
212 233 233 
243 243 
85 
8 
76 80 80 199 214 222 349 354 384 413 413 418 434 434 449 467 481 
31 31 263 263 336 486 


413 413 
76 76 

42 323 323 
76 162 
42 321 321 
41 184 
72 153 244 
358 358 
271 
76 76 209 209 
81 165 223 
39 39 159 253 253 253 369 428 
22 22 22 
413 
413 
385 385 413 
174 413 
315 486 486 
207 257 
184 
145 145 271 271 408 464 464 

222 

227 227 305 305 305 
147 173 236 447 

27 47 76 459 
67 281 421 506 506 

314 481 481 481 
8 224 
189 236 356 
402 

5 5 31 41 41 134 134 134 151 184 184 273 273 307 307 314 411 450 450 462 462 462 490 502 
12 184 202 
351 
431 496 496 496 
38 72 72 89 141 141 193 193 244 326 326 413 466 503 
61 81 
229 229 229 
229 
65 65 413 413 
182 
118 118 262 292 
415 415 
184 
181 259 259 259 259 
401 
71 330 
87 306 306 

106 106 190 
196 
233 250 271 271 408 408 417 442 
233 
222 
225 225 458 458 

103 

0 0 0 64 64 123 133 395 
413 
63 432 
314 
264 334 334 413 
198 
124 

81 115 497 497 

271 
305 
225 
81 
46 46 381 

58 58 294 294 

41 156 

110 110 247 368 
219 274 274 352 405 
427 
6 6 6 92 182 
206 206 239 239 239 402 
415 
175 175 
25 26 26 87 87 150 158 158 271 294 294 297 339 374 374 
258 258 
292 
354 

35 35 45 74 76 77 92 119 155 161 167 167 168 182 182 193 193 196 196 222 243 251 299 314 314 318 318 332 333 334 335 358 362 362 382 385 439 448 455 455 494 494 500 
22 108 
37 57 57 177 201 230 236 236 277 283 303 365 365 406 460 460 463 
65 
149 149 374 
95 314 
225 
98 441 
281 281 347 



157 157 169 169 169 
184 291 291 
271 282 403 
20 330 


357 
236 236 383 
159 
314 314 
280 
22 22 

236 
161 413 
76 186 
98 420 
271 374 468 
5 
59 182 
41 450 
56 191 
344 
413 
280 280 314 467 
41 41 156 354 354 445 
289 289 289 
464 
271 271 
4 124 131 219 219 
413 413 
491 491 
41 
225 225 377 377 
346 
415 415 
22 22 497 
354 354 354 
63 415 
339 339 452 
184 307 
72 358 
280 308 308 314 449 
123 442 
511 511 

267 
475 475 
491 
56 487 
472 472 
10 100 100 240 496 
159 188 
76 207 

171 171 
314 349 349 349 

222 

39 
31 120 120 315 336 336 489 489 489 489 
56 235 236 236 474 

486 486 486 486 
51 51 354 
185 456 456 473 

3 3 
220 220 243 413 413 
81 81 
100 240 265 357 357 357 476 
130 389 389 461 

182 222 222 
193 413 
54 
354 
234 358 
5 88 

347 347 
104 104 
86 198 
76 76 
159 
469 469 
