Nodes: 512, Edges: 713
381 
441 
91 111 111 182 183 183 
271 271 493 
454 
34 48 88 88 184 255 255 354 400 441 441 441 443 443 504 
404 404 
233 
224 313 
287 
476 476 

202 355 
76 
184 
59 59 59 182 182 
184 
455 
441 

428 428 
31 
108 108 115 331 389 389 414 436 436 461 
290 
76 76 
408 
158 
76 76 346 346 
183 
56 
180 180 222 222 
21 172 172 184 184 354 354 354 
184 184 
192 192 
5 
158 158 210 210 
106 106 
415 
358 358 
62 62 62 163 163 166 219 219 231 302 330 330 405 477 
192 236 249 249 
85 99 151 156 156 160 160 160 184 324 354 399 445 450 457 457 492 
323 
193 

76 413 413 
64 339 395 395 
78 346 346 
5 
236 
400 400 
484 490 490 
345 

501 
93 236 
29 191 191 236 236 236 446 446 

294 397 
15 15 15 
104 236 
81 359 
39 39 39 
383 383 383 383 463 
46 381 
416 
141 141 
192 281 347 347 
169 179 179 371 
236 344 
184 184 258 
369 
325 358 
94 94 315 463 

463 
13 24 24 27 27 45 78 96 107 109 184 196 199 207 208 208 229 229 242 292 292 295 299 299 314 319 423 440 478 509 
196 413 
47 76 
236 236 
418 
61 82 113 113 289 289 394 394 
81 142 165 165 
104 104 236 438 438 
85 85 312 312 
41 84 84 160 312 445 
198 198 
408 408 
5 5 
358 358 358 
325 
2 

55 
73 73 
418 418 
76 398 
171 171 290 
441 
41 354 
476 496 
195 195 378 471 
117 136 136 136 
146 146 146 425 425 
60 83 83 138 236 236 237 
190 
36 36 372 
76 
22 22 414 
76 199 199 

2 2 182 182 
184 
81 81 
367 
22 389 

102 125 135 184 
152 364 
222 222 413 
486 
143 143 

381 
232 387 387 
117 136 

480 
413 448 448 
236 415 415 415 
497 
454 
168 

354 354 
117 
102 102 102 125 
184 184 
104 236 


66 66 196 
82 389 
121 121 217 217 217 
282 

103 103 103 379 
236 
191 
417 
248 408 408 
41 354 
118 292 292 
325 

413 413 
41 41 354 399 450 
233 233 276 425 
26 35 35 194 408 408 
188 305 305 330 433 433 433 469 469 469 510 510 
41 41 41 85 272 272 272 312 498 
439 439 
322 
39 39 

82 82 329 
39 

132 413 
68 233 296 296 425 425 425 
471 
97 97 290 290 480 480 
31 31 
344 344 344 

187 407 
247 
300 415 415 
183 183 
68 68 
30 30 
367 
2 15 15 111 111 340 363 363 404 413 499 
2 2 28 178 178 
5 14 16 31 31 32 32 41 70 70 76 112 117 137 137 213 213 221 246 258 284 289 307 345 354 354 354 355 355 355 426 465 484 484 484 490 
491 
440 
175 413 
159 477 477 

105 372 
56 56 148 236 
33 33 40 67 236 281 281 
43 358 358 358 362 362 479 
158 
101 101 236 267 267 471 
76 77 141 350 413 422 

86 86 508 
76 109 109 207 207 314 314 

236 415 415 
12 355 355 
271 
267 267 268 268 

405 405 
76 199 199 
76 76 
328 
35 35 

238 238 238 310 
184 184 
215 314 
214 314 314 

143 143 143 

39 39 

184 
30 30 119 119 314 314 341 341 376 413 483 499 
329 
8 350 
377 393 419 419 

257 337 337 343 392 

76 76 295 360 360 360 361 
275 303 406 406 415 
39 
124 390 390 
7 157 157 169 287 296 505 
503 
236 
40 49 55 56 56 56 60 69 79 79 83 104 104 129 138 147 191 192 195 201 235 237 252 252 267 344 415 415 438 460 460 487 
104 236 
212 212 212 
342 342 405 
279 279 476 496 496 
430 430 430 
76 
311 413 413 424 424 494 


184 
176 288 288 401 
150 
40 40 
442 442 
286 413 
236 236 
330 
283 
5 5 
271 
227 
70 184 409 
367 

329 
364 

334 334 385 
496 
493 
195 195 204 204 236 268 268 356 471 471 
204 204 267 267 
415 
286 
3 3 203 256 282 282 297 327 374 375 401 412 442 453 
160 160 160 
354 472 

230 
157 
415 

240 240 
435 449 449 
67 192 192 347 347 347 421 421 
144 271 271 
254 
184 

251 270 
9 233 
247 247 
81 81 184 451 451 
23 97 171 171 480 
426 
76 76 152 152 364 410 410 410 
408 
58 397 397 
76 229 
169 169 233 
271 
347 
76 76 413 
177 
339 
39 485 485 
230 

159 159 343 343 
370 
184 354 354 396 396 465 
467 

212 
243 
84 84 85 160 
8 
76 199 199 214 215 215 222 222 349 349 384 384 413 418 455 467 481 481 481 
73 336 486 

398 398 413 413 
413 
76 

323 
162 
42 321 359 
41 
72 90 153 358 358 
358 
271 
209 
165 223 261 
39 39 159 253 369 428 
22 
413 
413 413 
264 264 385 385 413 
413 413 494 494 494 
315 486 
227 227 
415 
46 301 452 464 470 
182 
222 222 
239 239 
227 305 305 
69 173 173 173 236 
52 184 
27 27 47 47 459 
67 67 281 281 281 298 506 506 

314 314 
196 224 
432 
402 

5 31 31 31 41 99 134 134 151 156 184 184 184 273 307 307 411 450 462 462 462 490 490 502 502 
12 184 184 184 202 202 
267 
431 431 
38 38 72 89 89 89 193 193 193 325 325 326 466 466 500 
61 323 
229 229 229 
229 
193 193 413 
182 182 
118 262 292 


114 181 259 496 496 
401 401 
71 330 
306 
68 
106 190 

271 
271 
222 
225 458 458 
101 
146 

0 64 123 
413 
63 63 63 63 432 
314 314 449 
264 334 334 413 413 413 

124 124 
487 
22 22 115 142 
232 232 

227 
225 
81 81 
46 46 
307 307 
58 294 294 
96 317 317 
41 156 
5 50 50 
247 271 368 368 
352 405 405 
427 
6 6 182 
39 206 206 239 402 402 
230 230 415 
175 413 413 413 
25 87 87 150 150 158 158 293 437 
258 
292 292 292 
354 
271 
45 45 77 119 128 155 155 168 182 187 196 222 243 243 251 299 314 317 317 318 332 333 333 334 335 335 362 382 385 385 385 407 407 407 448 455 494 500 
22 108 
37 129 129 129 177 177 201 201 230 236 236 269 277 338 406 
65 
149 
80 95 95 314 
225 225 
441 
281 281 
196 
76 
243 243 
103 103 157 169 169 169 
184 291 
403 
20 20 330 

241 241 241 
357 357 496 
351 383 
159 159 159 

280 449 449 
22 22 
408 
83 83 236 487 
161 161 
76 186 
1 5 5 5 18 98 420 
250 250 271 
5 5 

41 85 450 
56 56 

128 128 413 
280 280 384 435 435 467 467 467 
41 156 354 445 
289 289 
339 
271 
4 131 
17 314 413 
491 491 
41 41 
377 377 
346 
236 236 
22 497 
354 354 354 
63 73 75 
339 
184 307 
358 358 
308 314 449 449 449 

159 159 159 511 511 
339 
101 170 195 267 267 
273 475 
491 
487 
472 
10 10 100 240 
39 188 188 
76 
193 
127 171 171 290 
314 314 314 

222 
51 184 184 184 
302 302 
120 315 336 489 
236 388 438 474 

486 
51 51 184 354 354 
185 456 456 473 
41 
3 266 
243 335 335 335 413 

100 240 240 265 367 367 431 
130 461 
160 
182 222 
358 413 
54 
354 354 
234 
5 
233 
347 347 

198 
76 
159 159 
469 469 
