Nodes: 512, Edges: 713
381 

111 183 
271 
454 454 
48 50 50 88 88 184 184 198 198 255 354 354 400 443 504 504 508 
404 404 
233 271 
196 224 224 
287 287 
476 476 
264 
184 184 202 355 355 
76 76 

59 182 182 
184 
455 

104 
428 
31 
389 414 436 436 461 
290 290 290 
76 
408 

346 
178 

180 180 222 483 
21 172 184 184 299 315 354 486 486 
184 
192 

158 158 222 413 
106 
57 415 415 
358 
62 166 231 302 330 402 477 485 
192 249 
99 99 99 137 151 156 156 354 354 399 445 450 450 457 457 492 492 
321 323 323 
193 
137 137 
109 413 413 
64 64 381 395 
76 346 346 
5 
236 
5 5 
490 490 490 
184 345 
225 
76 501 
93 93 236 236 
236 446 474 474 487 
37 

15 444 444 
236 
81 359 
39 241 
383 383 383 463 
46 46 381 381 
193 416 
141 
192 281 281 
169 169 179 
236 236 344 
184 258 

325 325 358 466 466 466 
315 
413 448 
463 463 
13 13 24 47 54 78 78 96 96 96 107 109 109 162 186 186 199 229 229 242 245 295 299 299 299 314 319 319 319 319 322 328 328 346 353 361 423 440 440 456 456 509 
196 413 413 
76 76 
104 
418 418 
61 82 82 113 113 184 289 329 389 394 
81 81 142 143 165 389 
104 104 104 236 438 
85 85 312 312 312 348 348 
84 84 160 312 348 445 
198 508 
306 306 306 408 
5 5 504 



404 
55 55 
315 
418 418 
76 76 76 
171 171 
420 441 
41 41 41 354 354 
476 496 496 
378 
117 117 136 136 216 
146 379 425 425 
19 79 83 83 83 507 
184 184 190 
36 190 372 
76 

45 76 76 
176 401 
2 182 
184 
81 81 



102 102 125 125 135 184 184 
152 364 
122 222 413 
486 486 

119 222 
381 468 468 
232 232 387 454 
117 117 136 
185 491 491 
480 480 
413 413 448 


454 
168 168 168 
381 
354 380 
117 
102 102 125 
41 44 44 184 
164 


66 196 196 196 
82 
82 

339 
103 379 
344 
304 
417 
248 408 
41 
118 292 292 
325 325 
374 374 374 
413 413 
41 41 

35 35 194 194 271 
188 205 402 428 428 469 477 477 477 511 
85 272 272 312 312 312 498 
413 413 
76 322 

138 
82 329 
39 477 477 
413 500 
132 132 132 
68 68 233 233 296 
471 471 
97 97 290 480 480 
31 
344 344 
222 280 
187 187 
110 247 247 
415 415 415 
28 183 
68 
30 30 222 
367 
15 15 111 220 340 340 363 363 413 444 499 
2 178 
5 5 12 12 16 31 31 32 52 70 81 105 105 112 117 117 137 213 221 221 260 279 284 292 307 315 324 338 338 345 354 354 354 355 355 366 396 409 465 465 484 490 490 
126 491 491 
76 76 245 440 
175 175 
159 477 

105 106 
236 268 285 
33 40 67 236 
43 65 251 362 479 
158 158 
236 471 
8 77 141 141 141 200 350 373 373 413 413 422 422 
496 496 
5 5 86 508 
76 207 207 314 314 314 314 
196 
415 415 415 
12 355 355 355 

267 
159 
405 
199 199 




238 
184 488 
215 215 
214 214 467 
102 

271 271 
232 402 
182 494 
184 184 
30 35 119 122 174 180 314 

8 8 313 313 350 
53 377 393 419 

257 337 337 392 392 477 477 

76 76 295 360 360 
236 275 406 406 406 
39 
124 124 219 
7 169 169 238 238 271 287 296 375 375 
503 503 
236 487 
49 55 55 56 60 69 69 83 191 192 195 230 235 252 267 278 283 344 415 432 438 460 

212 233 233 
405 
476 496 496 496 
62 430 
76 
311 311 494 
325 325 
76 186 

176 176 288 288 401 
150 
40 
417 417 442 
193 286 286 413 
236 
330 330 

5 
271 
227 305 337 
70 

184 

364 
315 315 
11 334 334 
496 496 

204 236 356 471 
191 
415 
286 
3 7 158 218 218 233 256 297 327 339 339 374 374 375 408 408 427 442 
160 160 
354 354 
402 
230 


236 
184 
174 467 
67 67 298 421 
427 
236 415 
184 
191 
251 251 270 
9 9 233 
247 247 
81 451 
23 23 23 171 
426 
152 152 184 364 364 364 410 410 
408 408 
397 408 408 
76 229 
169 233 
271 408 
281 347 347 
31 76 76 76 

339 339 
39 
415 
148 
257 343 392 
87 87 87 370 370 
184 396 465 
467 


243 243 
84 84 84 85 160 160 160 
224 224 
76 199 199 199 199 222 317 317 354 354 398 418 418 434 449 455 467 467 
31 73 94 184 263 263 
444 
314 314 398 

76 76 76 76 354 

42 323 
76 162 
42 42 321 
184 
72 72 153 153 244 244 358 

271 
76 76 
81 165 
39 253 253 369 

407 
413 413 
264 264 385 413 
494 

227 227 257 
184 184 
145 271 271 301 301 381 381 408 452 452 
182 182 


305 
69 147 173 173 236 447 447 447 
52 184 
27 47 47 76 459 459 
298 298 421 506 
84 84 85 
481 
196 224 
356 432 432 
402 402 
76 456 456 
5 5 31 41 41 99 99 134 184 184 184 273 273 314 314 319 411 411 450 450 450 462 490 490 502 502 
12 12 184 184 202 202 202 
267 351 
367 367 431 431 496 
38 72 325 503 
61 
229 229 
76 
193 413 
182 182 
118 262 292 292 292 
415 415 
184 
181 357 357 
401 
330 
306 306 

106 
196 196 
154 154 154 271 271 408 408 442 
233 233 271 

225 
101 
103 146 
134 
0 46 64 64 123 133 339 339 408 408 
413 
63 63 63 432 
449 449 
334 413 

124 
487 487 
22 81 82 


227 227 305 
225 
81 
46 
184 307 
294 
314 317 
41 
5 
110 247 368 
39 159 219 274 352 352 405 405 

6 6 92 
206 239 402 402 
230 230 230 415 415 
332 413 413 413 413 
25 87 150 271 271 293 293 294 294 297 339 374 374 381 381 470 
184 
292 292 
354 354 

35 45 45 74 77 77 119 128 128 155 155 161 161 167 182 196 196 251 333 333 334 362 382 385 407 407 407 407 439 448 455 500 
22 
37 37 177 177 177 201 201 201 236 269 283 303 365 365 406 406 460 460 
65 
149 250 250 
80 80 95 95 314 314 
225 
98 441 
281 347 
196 196 
76 

103 103 
291 
271 282 
20 159 159 

241 
357 357 
236 351 351 383 

314 
449 
22 22 

83 236 
413 
76 76 186 
98 420 
250 271 374 468 
5 
59 59 182 316 
41 85 450 
56 
344 344 344 
74 128 413 
314 384 384 435 467 467 
41 41 354 354 354 445 462 
289 
339 339 464 

4 4 124 131 
17 314 413 
76 76 353 353 491 491 
41 41 

346 346 
236 415 415 
22 497 497 
354 450 
63 75 75 
452 
184 184 307 
72 72 72 
215 280 308 314 314 449 449 
123 123 442 
159 
408 
170 170 195 267 


56 56 487 

10 10 100 240 496 
39 159 159 159 166 166 188 227 227 

193 
127 127 171 171 
349 

30 
184 
39 
31 31 120 120 489 489 
56 235 388 388 474 
213 
486 486 
51 51 51 184 184 354 354 
126 126 185 185 456 456 
41 41 

220 243 335 

100 100 197 197 240 240 240 265 265 357 476 
461 461 
160 
182 
167 413 
54 
354 354 
234 234 358 
5 5 88 

347 
104 
5 86 198 
76 

159 
