Nodes: 512, Edges: 713
381 381 
441 
28 91 91 91 111 111 182 182 
493 
454 
34 48 48 50 88 198 225 255 279 354 354 400 441 443 504 
404 
233 233 233 
196 224 313 350 
287 287 
476 476 

184 202 355 
76 
125 
182 
184 
390 455 455 455 
420 
104 104 
428 
31 
331 389 461 
290 290 
76 
408 
158 408 
76 346 346 
2 183 
56 
180 483 
21 184 184 279 315 486 486 
184 184 
192 192 
5 
158 158 158 210 
106 
406 415 
358 358 
62 62 159 163 163 219 241 267 302 302 330 477 
192 236 249 249 
85 99 99 137 151 156 156 160 324 354 354 354 399 445 457 492 
323 
193 
137 
413 439 
339 395 
76 78 346 
5 5 
236 
5 
490 
184 345 

76 501 501 
93 
29 191 236 236 304 446 
415 
397 
444 
104 236 
81 81 
39 39 241 
75 383 
381 395 
193 362 362 
141 
281 347 
179 371 

184 258 258 

358 466 
94 94 94 315 
448 
63 383 383 463 463 
13 24 27 47 54 78 96 107 107 162 184 186 186 196 199 199 207 208 242 245 292 295 299 299 299 314 314 322 322 346 346 353 354 354 361 361 423 478 478 509 509 
196 413 
47 76 

314 
61 61 82 113 113 184 184 289 289 329 394 495 
81 121 142 142 143 143 165 
438 438 
312 312 348 
41 160 348 
198 508 
306 306 408 408 
5 504 504 

325 358 
2 2 2 
404 404 
55 
73 73 73 
418 418 
76 398 
171 171 290 290 
420 
41 41 354 

140 378 

379 425 
19 19 60 138 507 507 
190 
36 190 190 
76 76 
414 

247 401 401 
2 2 182 182 
184 
81 81 



184 
152 152 152 262 364 
122 122 413 413 
486 486 
82 143 
119 119 

387 387 454 
14 136 136 136 
185 491 
480 
448 
236 
497 



354 380 

125 125 125 
41 44 
104 164 236 

101 320 320 
66 196 
82 82 389 
82 82 121 217 
282 
339 
379 
236 344 
191 304 
250 250 417 

41 354 
118 118 118 292 
325 325 325 

413 
41 41 
276 276 
26 35 35 35 194 194 
39 188 205 305 330 330 402 477 510 510 
41 85 272 312 312 312 498 498 
439 439 
76 322 322 
39 39 
138 
82 329 
477 


233 233 233 425 425 
471 
97 97 290 290 480 480 480 

344 344 
222 222 335 335 
187 187 
247 247 
415 415 
183 183 
68 
30 222 
367 367 
2 2 15 111 111 340 413 413 444 
28 178 178 
12 16 31 31 32 32 52 70 76 81 81 112 117 213 213 221 246 246 258 260 279 284 289 291 307 307 307 315 354 355 396 409 426 426 426 456 465 484 488 490 
126 
76 76 245 
175 175 413 
159 477 
351 351 
105 106 106 372 
56 148 268 285 
33 33 40 236 281 
43 65 251 286 358 362 413 
158 158 

8 76 77 141 200 290 290 350 413 413 

5 86 508 
76 76 314 314 314 314 
196 
236 236 415 
12 355 
271 
268 268 
159 
405 
76 337 478 478 
76 

35 309 
236 
238 310 310 
184 184 
215 314 
214 314 467 

143 

39 274 402 
494 
184 
174 174 180 314 376 413 413 483 499 
329 329 329 
8 313 313 350 
5 377 419 
292 
257 343 477 
245 
295 360 360 360 361 
236 236 275 406 415 415 

390 390 390 454 
7 7 7 169 169 169 238 238 271 287 287 296 310 310 374 375 

487 487 
40 49 56 56 60 129 138 147 192 201 201 211 230 230 237 267 275 278 278 283 344 351 415 432 432 438 487 487 
236 
212 233 233 
342 

39 62 430 430 430 
76 
311 311 311 311 424 494 
358 358 
76 186 228 
184 184 
110 176 176 288 288 401 
408 
40 40 
149 149 374 417 417 442 
193 413 


283 283 283 415 
5 
271 271 
227 305 
70 70 184 409 
367 367 367 
184 
329 
118 410 
315 
334 385 
496 

39 236 268 356 356 471 
191 204 204 267 
415 
286 
203 233 256 256 282 282 297 297 339 339 354 354 374 374 375 391 401 408 412 412 427 427 442 442 453 
160 
472 472 
219 402 
230 236 
157 157 

236 236 
5 31 184 
308 435 
67 192 
144 271 271 
236 254 254 254 415 
184 
191 
193 270 
9 9 233 233 
247 247 
81 81 184 451 
23 23 97 97 171 171 196 196 480 
184 426 
76 152 226 364 410 410 
408 408 
397 408 
76 229 
233 
271 271 408 
347 347 
76 76 76 413 

339 
39 39 485 485 

56 148 
159 257 343 343 343 392 392 482 
87 87 
184 184 184 465 
280 
210 
212 212 233 233 
243 243 243 243 
84 84 160 160 160 
8 224 224 
76 76 80 199 199 199 199 214 215 222 317 349 354 398 398 418 434 434 455 467 481 481 
31 73 184 263 336 486 

314 398 398 413 
413 

140 140 

76 76 162 162 
42 359 
41 
90 153 153 153 358 358 
358 


81 165 223 223 223 261 
39 159 159 369 369 
22 
413 

264 385 385 
174 174 494 
315 
207 

46 145 271 271 301 381 381 381 408 470 470 
182 

239 
227 305 305 305 
147 173 173 236 447 
52 
27 27 47 76 76 
67 298 298 506 506 
84 85 
314 
8 196 224 
189 189 236 356 

76 
5 5 41 41 41 76 76 99 134 151 184 271 271 314 450 462 490 508 
12 184 202 
267 267 351 
431 496 
38 38 72 90 193 244 244 325 325 326 466 500 
323 
229 229 229 
76 76 229 
65 65 193 413 

118 292 
415 415 

181 181 259 259 259 496 

330 330 

68 
190 

233 250 271 271 442 
233 271 
222 
225 458 458 
101 
103 146 
134 
0 0 64 339 339 339 395 395 408 
413 
63 75 75 415 
449 449 
264 334 334 413 

124 124 
487 487 
22 142 
17 232 232 232 
271 
305 305 

81 495 495 
46 64 381 381 
184 
58 294 
96 314 314 317 317 
41 
5 
110 110 247 271 
159 219 274 405 
427 
6 92 92 
206 402 
37 230 415 415 
413 413 413 413 
25 26 87 87 248 271 293 293 294 297 339 381 437 437 470 
184 258 
262 292 292 

271 271 
45 77 119 119 155 182 182 187 193 196 196 222 222 251 299 317 318 332 362 382 385 407 407 407 407 448 494 500 
108 
37 57 177 177 201 230 230 236 254 269 283 365 365 383 406 406 432 460 463 463 

149 250 250 
95 95 314 
225 
18 98 441 


76 
243 
103 169 169 
184 184 184 291 
271 271 403 
20 

241 241 241 
357 
236 236 415 

314 314 
280 

408 408 
83 83 236 
45 161 161 

1 5 420 
250 271 271 374 
5 
59 182 
41 450 450 
56 
344 
74 128 413 
384 384 467 467 
354 445 445 462 462 
289 
464 
271 
4 124 232 
17 17 17 314 
184 
41 
377 377 

415 
22 
354 450 450 
75 75 415 415 
452 
184 307 
72 358 
215 314 449 449 

511 
339 339 408 
170 267 
273 273 



10 10 496 496 
39 159 166 188 227 
76 76 207 207 

127 171 171 171 290 
314 314 
305 
30 222 
184 
302 302 
31 31 120 120 315 489 
235 235 236 236 388 388 
184 
486 
51 184 354 
126 
41 
3 
220 243 335 413 
81 394 394 
265 357 367 476 476 
130 
160 160 
222 
358 413 
54 54 


5 88 88 

347 347 
104 104 
86 198 354 
76 76 
159 159 
469 
