Nodes: 512, Edges: 713
133 381 
441 
28 91 182 183 
271 493 
454 
34 50 88 88 88 184 184 198 255 354 354 400 441 504 508 
404 404 
233 
196 224 350 
287 287 


184 202 
76 
184 
59 182 182 
184 


104 104 104 
428 
31 31 
108 108 108 331 414 414 
290 290 290 
76 
408 408 

76 
2 178 178 178 183 
56 
180 222 
21 21 299 315 315 486 
184 307 

5 
158 158 210 210 413 413 

406 415 

219 231 241 241 477 477 
192 236 236 236 249 
85 99 151 156 184 184 324 354 399 450 450 457 457 492 
321 321 323 

137 137 
413 
395 
78 346 

236 236 
5 400 

184 345 345 
225 225 
76 299 501 501 

29 191 191 236 446 487 
415 
397 397 
15 444 
104 
81 359 
241 
383 383 383 
381 381 395 
362 
141 141 
192 
169 179 296 371 371 
344 344 
184 


94 
448 448 
463 
13 24 27 54 96 96 96 107 107 109 162 162 184 186 186 186 199 199 207 207 208 208 228 245 245 292 295 295 299 319 319 322 328 346 353 413 456 478 

47 
104 236 
314 314 418 418 
61 113 113 329 329 359 359 389 394 495 495 
142 143 165 165 389 
104 104 236 438 438 438 
85 312 348 
41 84 160 312 348 445 
198 
306 306 370 408 408 408 
5 5 5 
358 
325 
2 
404 404 413 

73 315 
418 
76 76 76 398 
171 171 290 
420 
41 354 
496 496 
140 140 195 195 
117 117 
146 425 
19 19 19 60 79 83 83 138 237 237 507 
184 184 184 190 190 

76 76 
22 22 22 
76 199 199 
247 247 401 
182 
184 
81 81 
367 367 367 
389 
415 
102 102 184 236 
152 364 
222 413 
486 
143 
222 


136 136 136 
185 491 
480 
413 413 448 
236 415 



0 
354 354 

125 125 125 
44 44 184 
104 164 164 

101 101 320 320 
66 66 358 
82 389 
82 121 217 
282 
339 339 
103 379 
236 236 236 344 
191 
417 
408 
41 354 
118 292 
325 
374 
413 413 
41 354 450 

35 35 271 408 408 
188 205 227 231 330 402 428 433 477 
85 272 272 312 312 312 
413 
76 76 322 

138 138 
82 82 329 

413 413 
413 
68 233 

97 97 290 480 480 

344 344 
222 222 280 
187 407 407 

300 415 
28 28 28 
68 
30 222 
367 367 
2 15 15 111 220 444 
2 28 
5 5 12 14 16 32 41 41 52 70 76 105 105 105 112 117 137 221 246 258 260 260 279 284 289 289 291 291 292 292 307 307 354 354 355 355 355 366 396 456 484 488 490 490 
126 
76 76 76 440 440 
175 
159 477 477 
351 
105 105 372 372 
56 56 148 236 267 268 268 285 285 304 446 446 
40 67 236 281 281 
251 251 362 362 

101 101 236 236 236 471 471 
8 290 373 373 413 413 
496 
5 86 386 386 
76 76 109 109 207 314 314 

236 415 
12 
271 271 271 
267 
159 
405 405 
76 76 199 478 
76 76 242 
328 
35 35 309 

238 238 310 

215 215 215 314 314 
214 214 214 314 314 467 

143 
271 
39 232 232 274 454 
182 494 494 494 494 
184 
30 119 122 174 174 180 314 376 413 483 499 499 

8 313 
53 53 259 377 393 419 458 
292 
159 257 337 343 477 
76 336 
360 360 
236 303 406 406 406 
39 159 
219 219 390 454 
7 169 238 271 287 296 296 374 374 505 

236 
40 40 40 49 49 56 79 83 117 129 147 147 147 191 192 195 195 195 201 230 235 237 252 252 267 278 283 283 344 415 415 432 460 487 
104 104 236 
212 212 233 
342 405 405 405 
279 476 496 
39 39 62 430 
208 
413 413 424 424 424 
358 358 
76 76 
184 
110 110 288 288 288 

40 
374 417 
193 193 286 413 413 
236 236 

283 415 
5 
271 
227 305 
184 409 
225 367 367 
184 184 
329 
364 
315 315 
334 385 

493 
191 204 236 471 
191 191 
415 415 

3 158 203 203 203 218 233 256 327 374 375 391 408 412 427 427 453 453 
160 160 
354 472 
219 402 


415 415 
236 
184 240 
174 435 435 435 449 467 
192 192 298 347 421 
144 
236 236 254 415 415 
184 
191 191 
251 413 
9 9 233 
247 247 247 
184 184 451 
23 23 23 97 171 196 
184 184 426 
76 152 184 184 226 364 410 410 410 
408 408 
397 408 
76 76 
68 233 233 
408 
281 347 
31 54 76 
177 
339 
485 
230 415 
191 
257 343 482 
87 87 370 408 
32 184 184 354 354 396 396 465 465 
467 467 
210 
212 

84 85 160 160 160 
224 
80 80 199 199 214 214 215 215 222 317 354 354 384 398 398 413 418 429 434 449 467 467 
31 31 94 263 263 
444 444 
314 413 

76 76 354 
140 140 
42 42 
76 162 
42 
41 
90 153 358 358 
358 
271 
76 209 
81 81 165 261 
159 369 428 
22 
407 413 413 

264 385 413 413 
413 413 494 494 494 
228 
227 
415 
145 145 301 408 452 470 


239 
227 305 
69 69 147 173 173 236 447 
52 52 
47 76 459 459 459 
281 298 506 
84 85 
481 
8 
189 432 
402 
76 
5 5 41 99 134 134 151 156 184 184 273 307 307 314 314 319 411 411 450 450 462 462 502 502 508 
184 184 184 

367 431 496 
89 141 244 244 325 325 326 413 413 466 466 466 500 503 503 
61 81 81 
229 229 

65 193 193 

118 262 292 
415 
184 
114 114 114 181 181 259 259 357 496 
401 
330 
87 306 
68 68 
190 190 
196 196 
154 233 233 250 271 408 442 
271 
222 
225 458 458 

146 

0 64 64 408 

63 63 63 415 415 
314 
264 334 413 413 
198 198 

487 487 
81 82 115 142 
232 
271 

225 
81 495 495 
46 64 
184 307 307 
58 58 294 
96 314 314 
41 
5 50 
110 368 
159 274 352 
427 
6 6 92 92 
206 206 239 239 239 
37 230 230 230 415 
175 175 332 413 
25 25 87 87 87 150 158 158 271 293 293 294 297 306 339 374 381 437 470 
258 
292 292 292 
354 354 
271 
35 35 45 76 92 119 128 128 155 155 161 167 167 168 196 196 222 243 243 251 251 286 314 317 332 332 334 334 335 335 358 358 385 385 407 455 
22 22 
37 57 116 129 177 201 236 236 254 269 269 277 277 283 283 303 338 365 383 383 406 460 463 

149 250 
80 80 95 314 
225 
98 
281 


243 243 243 
103 
291 
271 271 403 
20 159 330 
314 
241 
357 
236 351 
159 
314 
280 280 280 

408 
83 83 83 

186 186 
1 5 
374 468 

59 182 316 316 
85 450 
56 191 191 
344 
74 74 128 
280 314 
41 41 156 354 354 445 
289 
339 
271 271 
4 219 232 
413 
76 184 491 
41 41 
225 377 377 
346 346 346 
236 415 
497 
354 354 
75 415 

307 307 
358 358 358 
215 280 308 308 314 314 
442 
511 
339 408 
195 195 267 
273 475 

487 487 487 
472 
240 
39 39 159 188 188 227 
76 207 

127 171 171 
349 
305 
222 
184 
302 
31 120 489 489 489 
56 236 388 388 474 474 474 
184 
486 486 486 
184 184 
126 456 
41 
3 266 
220 220 220 220 335 335 335 
81 81 394 394 
100 100 197 240 357 367 
461 

222 222 
358 
54 54 
354 354 
358 358 
5 
233 
347 
104 
5 354 


469 
