Nodes: 512, Edges: 713
381 
441 
28 28 91 111 111 182 
271 271 493 493 
454 454 
48 48 50 184 184 198 198 255 273 279 400 475 504 508 
404 404 
233 271 271 
196 313 350 

476 476 476 
264 264 
184 184 202 355 
76 76 
117 125 
59 59 182 

455 455 

104 104 104 

31 
108 108 389 
290 290 

408 408 
408 408 
76 346 
2 2 178 183 
56 
180 483 483 
21 172 172 184 489 
184 184 307 
67 192 

158 158 222 
106 


62 62 62 163 166 219 231 241 267 330 330 405 477 485 
192 192 249 
85 85 99 99 137 151 156 450 457 492 
323 323 323 

137 


76 346 
5 5 508 

5 

184 184 345 
225 225 
76 76 299 501 501 501 
236 236 236 
29 446 474 487 487 
415 
397 
15 15 444 
104 236 
81 
39 39 39 
383 463 
381 381 
193 362 416 416 
141 141 
33 192 281 281 
169 179 179 296 
236 
246 258 258 
369 
325 325 
94 315 
413 448 
383 463 
13 13 27 47 54 54 78 96 96 107 109 109 184 186 186 186 207 208 208 228 228 228 242 242 245 292 292 295 295 295 299 314 314 319 319 319 322 328 346 353 361 361 413 413 440 478 
196 
76 
104 236 
314 314 
61 82 82 113 184 261 289 289 289 329 359 389 495 
81 81 121 121 121 142 143 165 
104 104 104 236 
85 348 348 
41 41 84 160 160 312 348 
198 198 508 508 
306 306 408 

358 
325 358 
2 
182 413 413 413 

73 315 

76 76 
171 171 290 290 

41 41 
476 496 
195 378 471 
117 216 216 
146 379 379 425 
19 19 19 60 79 83 83 83 236 236 
184 190 190 
36 372 
76 
22 22 414 414 
76 76 
401 
2 2 

81 
367 

415 
14 102 236 
152 
122 122 222 222 222 
486 486 
82 82 82 
119 119 222 
468 

14 
185 491 491 
480 
413 413 
415 

454 





41 44 

381 
320 320 
66 66 358 
82 389 
82 
282 
339 339 
103 
236 344 
191 
417 417 
248 
41 
118 292 292 292 

374 

41 450 
425 
35 35 194 408 
188 231 402 428 428 433 469 477 510 510 511 511 
85 85 312 498 498 
439 
322 
39 

82 329 329 329 
39 477 477 


68 233 296 425 

97 97 290 480 480 
31 31 

335 
187 

415 
28 183 
68 68 
30 222 222 
367 
2 15 92 220 340 340 363 413 444 444 499 499 
28 178 
5 5 12 12 31 32 32 52 52 76 81 105 213 213 221 246 258 279 279 284 284 291 291 307 307 315 324 324 338 338 345 354 355 366 366 396 396 396 426 484 488 
126 491 
76 76 76 440 
175 413 413 
159 477 477 
351 
105 105 
148 236 267 304 304 446 
33 40 40 67 236 281 
65 251 251 286 358 479 479 500 
158 
101 267 471 
8 77 200 290 373 422 422 422 
496 
5 5 86 86 386 386 508 
207 314 314 
196 

12 
271 
267 268 

405 
76 199 478 478 
76 76 242 



238 
184 184 
215 215 314 
214 214 314 314 314 467 
102 102 

271 
39 274 454 454 
182 494 
184 
35 119 119 119 122 180 180 309 314 341 376 376 376 483 483 499 
329 329 
350 350 
53 53 259 377 393 458 
292 
343 392 392 392 
76 76 76 
295 360 360 360 360 361 
236 236 236 259 275 303 
39 159 
454 454 
7 169 238 271 271 375 505 


55 55 55 60 69 79 83 104 104 117 147 191 192 230 230 230 252 278 283 283 344 415 487 487 

212 233 

476 
39 430 
76 76 208 
311 311 311 424 424 
325 325 
76 
70 184 
401 
150 
40 
374 374 417 442 
193 193 286 413 413 
236 

415 415 
5 
271 273 
305 
70 70 184 409 409 
225 230 367 441 

81 
364 364 410 
315 315 
11 11 334 334 385 385 
496 496 
493 
39 191 195 204 268 268 356 
204 267 267 
415 415 
286 
3 3 7 7 203 218 233 233 256 282 297 327 339 354 375 401 408 408 427 427 427 442 442 453 

5 256 354 
219 
230 


236 
5 184 184 
308 308 435 435 449 
67 67 192 298 298 347 347 
144 271 
236 236 415 
184 184 

193 251 270 


81 81 81 451 451 
23 23 97 97 171 196 
184 184 426 
76 76 152 152 152 226 410 410 
408 
397 
76 76 76 229 
68 169 
271 408 
281 281 347 347 
54 76 

339 339 
485 
230 415 
191 191 
257 343 343 343 392 392 482 
87 87 370 408 
32 184 184 396 
280 280 
222 

243 243 243 
85 160 
8 
76 76 80 80 199 199 214 215 215 215 222 317 317 354 354 354 384 398 413 429 429 434 434 455 467 481 
73 94 184 263 263 336 486 486 

314 314 413 413 413 

76 76 76 
140 140 

76 162 
42 42 42 
184 184 
72 72 90 244 244 358 
358 
271 
76 
81 165 165 165 223 223 
39 39 428 


413 
264 264 385 385 413 
174 
315 486 486 486 

184 184 
145 145 271 301 301 381 408 408 427 452 464 470 470 
182 182 
222 

227 305 305 305 
147 236 447 
52 184 
27 47 76 459 459 
281 281 298 298 506 
84 84 85 
481 
8 224 224 
189 356 356 356 
402 
76 
184 271 273 314 314 314 502 502 
12 184 
267 351 351 351 
367 496 
89 90 141 193 325 326 413 466 466 500 503 
81 
229 229 229 229 
76 76 229 
65 
182 
262 262 

184 184 
114 181 259 357 
401 401 
71 
306 

106 
196 
154 250 250 417 442 
233 271 
222 222 222 
225 
101 
103 103 

0 64 64 139 339 408 408 408 
413 
63 75 415 415 
314 449 449 
264 264 334 334 413 413 413 
198 198 


22 81 142 


227 227 227 305 305 
225 
495 

184 184 184 307 
58 294 
314 

5 
110 247 271 368 368 
159 352 405 
427 427 
6 6 
39 206 402 
415 415 
413 
25 25 26 26 87 158 271 271 293 297 306 339 339 381 381 381 412 437 437 470 
258 258 
262 292 292 

408 
74 76 76 92 92 92 128 128 182 187 187 251 251 314 317 317 317 333 334 358 382 385 385 385 407 448 455 494 494 500 500 
108 108 
57 116 129 177 236 254 254 269 269 283 303 383 383 406 406 432 460 
65 65 
149 149 250 374 




196 196 196 

243 243 
103 157 169 
184 291 
271 271 271 339 403 403 
159 159 330 
314 314 
241 
496 
415 
159 
314 314 
280 280 449 

408 408 

161 
76 186 
1 259 
250 271 271 374 468 

59 182 182 
450 450 
56 191 
344 
74 413 
280 384 384 435 
41 156 445 445 462 462 
289 289 
339 464 464 
271 
4 4 131 219 219 232 232 
17 17 314 413 
491 491 
41 
225 
346 346 
415 
497 
450 450 
63 75 
339 452 452 

358 358 
215 314 
123 442 
159 511 
339 339 408 
101 195 
475 

56 
5 472 
10 10 10 100 240 496 
39 159 166 166 188 188 
76 207 207 
193 193 
127 171 171 
314 349 
305 
30 30 222 222 
184 
39 302 
120 120 315 315 336 336 336 489 489 489 
56 56 236 236 
184 
31 486 486 486 

126 126 185 456 456 
41 
3 3 266 
220 413 413 
81 394 
100 197 265 265 357 431 476 
461 
160 160 
182 182 222 
193 358 413 413 
54 54 54 
354 354 
358 
5 
233 
347 

5 48 86 86 198 

159 159 
159 159 469 
