Nodes: 512, Edges: 713
381 
441 
28 28 91 91 111 183 
271 271 

34 48 50 50 88 198 198 255 255 354 400 400 400 441 441 443 443 443 504 

233 271 271 
196 224 313 350 
287 
476 
264 
184 184 355 

125 
59 59 59 182 

455 

104 
428 
31 
108 331 414 436 461 497 
290 
76 

408 
76 346 
2 2 178 183 
56 
180 222 222 483 
21 279 315 486 486 489 

67 67 192 192 
5 
158 158 222 222 413 413 413 
106 
406 
358 
62 62 159 163 163 166 166 219 219 231 241 241 267 267 302 402 402 477 477 
236 249 
85 99 137 137 151 354 445 450 450 450 457 457 492 
321 321 321 323 323 
193 

109 413 
64 339 395 
76 76 346 
5 
236 
5 5 400 
490 490 
184 345 345 
225 
76 76 501 
93 195 195 236 236 
29 191 191 236 304 304 474 474 487 
415 
294 397 
15 15 15 444 
236 
81 
39 39 
383 463 463 
46 381 
416 

33 33 192 347 347 
169 179 296 296 371 371 
236 236 344 344 
184 184 246 

325 
94 94 
413 
383 
24 27 47 47 54 54 107 162 162 162 186 196 199 199 207 208 228 242 292 295 299 299 299 299 314 319 322 354 413 456 478 478 509 509 
413 413 

104 236 
314 314 418 418 
61 113 329 394 
121 121 143 143 165 165 
236 438 438 
85 312 
41 84 160 312 348 348 
198 198 508 
306 370 408 
5 
358 
358 
2 2 
404 
55 
73 73 315 

398 
171 290 
420 441 
41 
476 476 
140 471 
117 216 
379 425 425 
19 79 236 237 507 
184 190 372 
36 190 190 190 
76 
22 414 
45 199 199 199 
176 176 247 247 401 401 
2 182 
184 
81 
367 

415 
102 125 125 135 135 184 
152 364 
122 222 

82 82 
119 

232 
14 117 117 136 
185 
480 
413 413 
236 415 


168 

354 354 380 
117 117 
125 
41 41 
164 236 236 
381 
101 
196 

82 82 217 217 
282 
339 

236 236 344 
191 304 
250 417 
248 
41 
118 292 
325 

413 413 

233 233 276 425 425 
35 35 194 
39 188 227 231 433 433 510 511 511 
85 498 
439 
76 76 76 322 
39 39 
138 
82 82 329 
39 39 477 
413 
132 413 413 
68 233 296 296 296 
471 
97 290 290 480 480 480 

344 
335 
187 407 
110 110 247 
300 300 415 
28 183 183 
68 
30 222 
367 
15 111 340 404 413 444 
2 28 178 178 
12 12 52 70 70 105 112 117 213 221 246 246 258 260 284 291 292 292 292 338 338 345 345 355 355 366 396 426 426 456 465 465 490 490 
126 491 
76 245 440 
175 
159 

105 106 106 106 372 
56 56 148 236 267 267 268 268 285 285 304 304 446 
33 33 67 
43 251 251 358 479 
158 
55 55 267 471 
8 76 141 290 350 373 413 422 422 

5 5 86 86 386 386 508 
76 76 109 109 109 314 


355 
271 
267 267 268 

405 
76 478 478 
76 
328 328 
309 

238 310 310 
184 488 
215 
214 467 467 467 
102 
143 143 
271 271 
39 39 274 274 402 402 402 

184 
30 30 35 35 119 180 314 341 376 376 376 483 483 499 
329 
8 350 
53 393 393 458 458 
292 292 
159 337 343 
76 
295 295 360 360 360 361 
259 275 406 
39 159 
124 454 
7 157 157 169 271 287 287 296 374 375 375 
503 
487 
40 49 55 55 56 60 69 69 79 83 104 129 138 138 147 147 191 237 267 267 278 278 344 432 432 460 460 460 
104 236 
212 
342 405 
279 279 476 476 496 496 
39 39 430 430 
76 
311 311 413 424 494 494 
325 358 358 
186 
70 184 184 
110 110 176 401 401 
150 
40 
149 417 
193 193 286 286 


283 415 
5 5 
271 271 273 
305 305 
184 409 
230 367 367 
184 
329 329 
364 

11 334 


39 39 191 191 195 204 204 236 236 471 
191 191 204 
415 415 
286 
3 3 7 7 203 218 218 233 256 256 282 327 339 339 374 375 391 401 408 412 427 442 453 453 

256 472 472 475 
219 219 402 402 
230 
157 
415 415 
236 236 
31 240 240 
308 308 435 435 449 467 
347 347 347 421 
144 271 427 
254 415 
184 
191 191 
251 251 270 
9 233 233 

451 451 
23 97 171 171 196 480 
184 426 
76 152 184 184 184 226 226 364 364 410 

58 397 408 
76 229 229 509 
68 68 169 169 169 233 
408 
347 347 
76 76 76 76 
177 177 
339 339 339 
39 

56 56 148 191 191 
257 257 343 343 392 482 
87 370 370 408 
354 354 396 465 
280 280 467 
210 
212 212 
243 243 
84 85 
8 
76 80 80 199 222 317 349 349 354 354 398 418 429 455 
31 94 336 486 
444 444 
314 413 

76 354 354 

42 42 42 323 
76 162 
42 42 321 359 

72 153 244 358 

271 
209 209 
81 165 223 261 261 
369 
22 
407 407 413 
413 413 
264 385 385 
174 413 494 
315 
227 
184 184 
46 145 271 271 301 301 301 408 452 452 464 464 
182 
222 
239 
227 305 305 
69 69 147 173 236 447 
52 52 184 184 
27 47 459 
67 67 281 281 281 298 298 421 506 
85 85 
314 314 481 481 
8 196 224 
356 


5 41 76 134 134 307 307 314 314 319 319 411 490 502 502 
12 184 184 202 
351 
367 431 
38 89 90 193 244 244 325 466 503 503 
323 
229 229 229 
229 


118 262 292 292 

184 
114 181 259 259 357 496 
401 
330 
87 306 306 
68 68 
105 190 
196 
233 271 417 442 442 
233 233 271 
222 222 222 
458 458 

103 
134 
0 64 139 395 395 408 
413 
63 75 415 415 432 
449 
334 334 413 413 
198 198 

487 


271 
305 
225 225 
81 
46 381 381 
184 307 
58 294 
96 314 

5 5 5 50 
110 110 247 247 271 368 
39 39 219 219 219 274 274 405 
427 427 
92 182 
206 239 402 
37 230 415 415 
175 332 332 413 
26 87 271 294 297 306 339 381 412 
258 
292 
354 
271 408 
35 35 35 45 74 76 77 77 128 128 155 155 167 168 168 182 196 243 317 332 333 333 335 382 385 385 407 439 439 455 
22 108 
57 116 129 177 254 269 269 277 277 283 383 383 406 406 460 460 
65 
149 250 374 
80 80 314 

98 
281 347 
196 196 

243 
103 103 157 157 
184 184 291 
271 282 403 403 
20 
314 
241 241 
357 496 496 
236 236 383 
159 159 

280 280 
22 

83 83 
161 413 413 
186 
1 5 5 98 
271 374 374 468 
5 5 5 
59 182 316 316 
41 450 450 
191 
344 

280 384 467 
41 41 41 445 445 
289 289 
339 339 464 464 464 
271 271 
232 
17 314 413 
76 184 491 491 
41 41 
225 225 377 377 
346 
236 236 236 415 415 
22 

63 63 
339 339 452 452 452 
184 184 307 
358 
215 215 215 280 308 449 
442 


101 170 195 267 
273 273 475 475 
491 
56 56 
273 472 472 
10 100 100 240 240 
39 39 166 
76 76 207 207 
193 
127 171 171 171 290 
349 349 
305 
30 222 222 


31 31 315 489 489 489 
56 235 388 
213 
31 486 486 486 
51 51 184 184 354 
185 456 456 473 
41 

243 243 335 

240 240 367 431 431 
22 
160 
222 

54 
354 354 
234 358 358 
5 

347 
104 
86 198 
76 76 295 
159 
159 159 
