Nodes: 512, Edges: 713
133 

28 91 91 111 182 182 183 
493 493 

34 34 48 88 88 184 184 198 225 225 255 255 400 443 443 504 508 508 
404 
271 271 
224 313 313 350 
287 287 

264 264 
184 202 202 202 355 355 

184 
59 59 59 182 

455 

104 104 

31 
108 115 389 436 461 497 
290 290 
76 76 

158 158 
346 
2 178 183 
56 56 
180 222 483 
21 172 279 315 486 489 

67 67 192 
5 5 
210 222 413 
106 106 
406 406 
358 
159 159 163 163 163 231 241 267 302 405 405 
192 192 
85 99 137 137 156 160 184 184 354 450 457 
321 323 323 


109 413 413 439 
64 64 339 381 395 395 
346 346 
5 
236 

484 490 
345 
225 225 
76 
93 195 236 236 
29 29 191 236 304 

397 
15 15 15 444 
104 236 236 
81 

383 383 463 
46 46 381 
193 362 416 
141 
33 33 
169 179 179 296 371 
236 
258 258 

358 358 358 466 
94 315 
413 448 448 
463 463 
24 24 54 96 96 96 109 184 186 196 199 207 208 229 242 245 245 292 299 314 319 319 319 322 322 328 423 440 456 478 478 
196 196 

236 
314 418 
61 184 184 359 389 394 495 
121 142 165 
104 438 
312 
41 160 312 445 
198 198 

5 5 504 
358 358 
358 358 
2 2 
182 182 404 413 413 413 
55 
73 315 
418 
76 76 76 398 
290 290 

41 354 354 

140 195 195 195 378 378 
136 
146 146 425 
19 19 60 83 138 138 236 237 507 
184 190 
36 36 372 

22 
45 76 199 199 
176 176 247 401 
2 182 182 
184 

367 
22 389 

135 135 
152 152 152 364 
222 413 
486 486 
82 143 

468 
232 309 

491 
480 
413 413 448 
236 


168 
0 
354 
117 117 
102 
41 41 184 
104 104 164 236 
381 
101 320 
66 196 196 
82 389 
121 


103 103 379 379 
236 236 344 
304 

248 408 
354 
118 118 118 292 292 

374 
413 413 
41 399 450 
233 233 
26 26 194 194 408 408 
39 39 188 188 227 231 305 330 402 402 428 477 477 510 510 511 
41 85 312 498 
413 439 439 
322 322 
39 39 39 
138 
82 329 

413 413 
132 413 
68 233 233 296 425 
471 
480 480 480 
31 
344 
222 
187 187 407 
110 110 
300 300 415 415 
28 183 
68 68 
30 222 
367 367 
2 2 15 92 92 111 111 363 363 404 413 413 444 499 499 
2 28 178 
5 5 12 14 41 41 76 81 81 105 112 137 213 221 246 258 258 260 260 279 289 289 291 291 292 307 324 324 345 354 354 366 366 396 456 465 465 490 
491 
76 245 440 
175 175 413 413 
159 159 
351 351 351 351 
105 
56 268 285 446 
33 40 40 236 281 
65 251 251 286 286 358 358 362 413 479 
158 158 
55 101 101 101 267 471 
76 77 77 141 141 200 290 350 373 422 
496 
5 86 86 508 508 
76 109 109 314 314 
196 
236 236 
12 12 12 355 
271 271 
268 

405 
76 337 478 478 
76 242 
328 
35 

238 238 
184 
215 314 
214 314 314 


271 
402 454 454 
494 
184 
30 35 119 174 180 314 341 341 341 413 483 483 499 499 499 
329 329 
8 350 
5 5 53 53 393 393 419 458 458 
292 
159 257 343 392 477 477 

76 360 360 360 
236 275 406 415 
39 159 
124 390 
157 157 169 169 238 238 287 296 296 310 374 375 

487 
49 55 55 56 60 60 69 79 104 129 138 147 147 192 201 201 230 237 237 252 252 275 278 283 415 432 432 438 
104 236 236 
212 212 233 233 
342 405 405 405 
279 476 476 
39 430 430 
76 208 
311 311 311 413 413 424 424 494 494 
325 325 358 
76 76 186 
184 
110 288 288 401 401 
150 

374 417 
193 193 286 
236 236 
330 
415 
5 5 
271 
227 305 
70 70 184 184 409 
367 441 
184 184 

410 
315 
11 11 334 385 
496 

39 195 356 471 471 
191 204 
415 
286 
7 7 203 203 218 256 282 282 297 297 327 339 391 391 391 401 408 408 427 427 442 453 

354 472 472 475 
402 
230 236 

415 
236 
31 184 240 
308 435 435 449 467 
192 421 421 
271 271 427 
236 

191 
193 193 251 270 413 
9 9 233 
247 247 
184 184 451 451 
23 23 97 97 196 480 
184 184 426 426 
76 152 152 184 226 410 410 
408 
397 397 

68 169 233 233 
271 271 408 
347 347 
76 
177 177 

39 485 

56 148 
159 257 343 392 482 

184 354 396 396 396 
280 
124 
233 
243 243 243 
84 85 160 
8 8 
76 80 199 199 214 215 215 222 317 349 413 413 413 434 434 449 449 467 467 481 481 
31 73 94 263 
444 
314 398 

76 76 76 
140 
42 323 
76 76 162 162 
42 42 321 359 
184 184 
244 244 
358 358 
271 
76 209 
165 223 223 
159 253 

413 
413 
264 413 
494 494 
486 
207 

46 271 381 381 427 427 452 452 464 464 464 470 470 

222 222 222 
239 
227 305 
147 173 447 447 
52 184 
27 47 47 459 
298 298 421 506 

314 481 481 
8 196 224 
189 189 189 189 356 
402 402 

41 99 99 134 151 184 184 273 307 411 411 411 450 490 502 
12 12 202 
267 351 
367 431 431 496 496 
38 72 72 72 89 89 90 90 193 193 244 326 326 413 500 503 
81 323 
229 229 229 

65 193 
182 182 
118 
415 415 
184 184 
114 181 181 259 357 
401 401 


68 
106 
196 
154 233 250 417 
233 

458 
101 101 
146 146 

46 64 139 339 339 395 408 
413 
63 63 415 

264 413 


487 
22 81 115 142 
232 
271 271 271 
227 305 
225 225 
81 
46 46 381 
184 307 307 307 
58 294 294 
96 317 
156 
5 
110 247 247 271 368 368 
159 159 219 274 352 352 405 405 
427 
6 92 182 
39 39 206 239 239 239 402 402 
37 37 230 415 
175 413 
150 158 158 271 271 293 297 381 412 437 
258 
262 292 292 
354 354 354 
408 
35 45 45 74 92 92 92 119 128 128 155 155 161 167 167 168 182 182 187 187 193 222 243 243 286 314 314 314 332 333 334 358 382 385 407 439 455 

177 177 230 236 254 269 277 365 365 383 406 460 460 460 
65 
250 374 
80 95 
225 
441 
281 281 347 
196 
76 
243 243 
103 169 
291 291 
271 271 282 339 339 403 
159 

241 241 
357 357 
236 236 

314 314 
280 280 449 
22 
408 
83 236 
45 161 161 413 
76 186 
259 420 
271 468 
5 5 
59 182 316 
85 450 450 450 450 
191 
344 344 
74 74 128 
280 314 314 435 
41 156 354 445 445 445 445 462 462 462 
289 289 
339 339 
271 
219 219 
17 413 
76 184 491 491 
41 
225 225 377 
346 
415 415 415 
22 497 497 
450 450 450 
63 75 75 
339 339 339 
184 184 
72 
280 314 314 
123 442 
511 
339 339 
170 195 267 267 
273 273 
491 

273 
240 240 
159 159 227 227 
76 76 207 207 
193 
127 171 171 171 290 
314 314 349 349 
305 
30 222 222 
51 
302 
31 120 120 336 489 
235 388 

31 486 
51 184 354 
126 185 456 456 473 

3 3 
220 243 243 335 335 
81 
197 265 357 357 
22 461 461 
160 
182 182 222 222 222 
358 

354 
358 
5 88 

347 
104 
5 5 198 198 

159 159 
159 469 
