Nodes: 512, Edges: 713
133 381 
441 441 
28 91 91 111 111 183 

454 
34 50 50 88 184 198 255 354 400 441 443 443 443 504 508 508 

271 
196 224 313 
287 
476 
264 
184 

117 125 
59 59 59 
184 
455 455 

104 104 

31 
108 331 389 389 414 436 497 
290 290 290 
76 

158 408 
76 346 346 
2 178 178 183 183 

180 180 222 483 
21 172 172 184 

67 
5 
210 222 413 

406 

62 62 159 159 166 219 231 241 241 267 405 477 485 
192 192 249 
85 85 160 160 184 184 324 354 354 354 450 492 492 
323 323 


76 413 439 
64 339 395 395 
76 346 346 

236 236 236 
5 5 400 400 
484 490 490 
345 345 
225 225 225 

195 236 
236 236 446 474 487 


15 15 15 
104 104 104 236 
81 359 
39 39 
383 383 463 463 
46 381 
362 416 
141 
33 192 192 347 
169 296 
236 344 344 344 
258 

358 466 466 
94 315 
413 413 
383 463 
24 27 45 47 96 96 107 109 196 199 199 208 208 228 228 228 229 245 299 299 319 322 328 346 346 354 361 413 423 440 456 478 478 509 509 509 
196 196 413 413 


314 418 
61 82 82 113 261 261 329 359 389 394 
81 81 142 142 165 165 165 165 389 389 
104 104 236 236 438 438 
85 348 
41 41 84 312 312 348 
198 508 
306 306 370 370 408 408 
5 
358 

2 2 
413 

73 
418 418 
76 76 398 
171 290 290 
420 420 441 


195 195 378 
117 216 
379 425 425 
19 19 60 60 60 83 83 138 138 236 236 
184 
190 
76 
22 
76 199 
176 247 
2 2 
184 184 
81 
367 367 367 

184 184 
14 102 135 
152 364 364 
122 
486 
143 
119 
468 
309 387 387 454 
14 136 136 
185 185 185 491 491 
480 480 
413 448 
236 415 

454 
168 
0 381 381 
354 354 
117 
125 125 
184 
104 104 164 164 236 

320 320 
66 358 
82 82 389 
121 217 217 
282 


236 344 
304 304 
250 
408 
354 
118 292 292 
325 
374 
413 413 
399 450 
233 233 276 425 425 425 
26 
39 39 188 188 205 305 305 330 330 402 402 428 433 469 477 477 510 511 511 
41 41 498 
413 439 


138 138 
82 82 82 82 329 329 
39 477 
413 
132 413 
68 233 296 425 425 
471 471 471 
97 
31 31 
344 
222 222 
187 407 407 
110 247 247 
300 300 415 
28 28 183 

30 30 222 
367 
220 220 340 340 363 363 404 413 444 499 
2 28 28 178 
5 12 16 31 41 41 105 112 112 116 116 137 213 221 221 246 246 258 260 279 284 291 292 307 324 324 345 354 354 355 366 366 366 396 409 409 426 456 456 465 465 484 488 488 490 
126 126 126 491 
245 245 440 440 440 
175 
159 159 

106 372 
267 267 268 446 
40 40 67 67 236 
251 479 500 

55 101 101 267 471 
8 76 77 77 200 413 422 

5 86 508 508 
76 76 109 207 207 314 
196 
415 
355 355 
271 
267 267 268 
159 
405 
199 199 478 478 
76 76 
328 328 
35 309 

238 238 310 
184 488 
215 
214 
102 
143 143 
271 
39 
182 182 
184 184 
30 35 174 174 180 314 341 376 483 483 483 499 499 
329 
8 350 350 
53 53 53 259 259 377 393 
292 
257 343 392 392 477 477 477 
76 76 76 
76 360 360 
303 406 415 
39 
390 390 454 
157 157 169 238 271 287 287 374 374 375 505 


49 49 49 55 56 56 60 69 83 83 104 104 129 138 147 192 237 237 252 252 252 267 267 283 344 351 415 460 
236 236 
212 212 233 
342 405 

39 39 

311 413 494 
325 325 
76 186 186 
184 184 
110 176 176 288 
408 
40 
149 374 442 
193 286 286 413 
236 236 236 

283 415 
5 
271 271 271 
227 
70 184 409 
225 225 367 441 
184 
81 81 
364 364 410 410 

11 334 385 
496 

39 191 191 195 204 204 236 236 268 268 356 471 
191 204 267 267 

286 286 
7 203 218 233 256 256 256 282 327 327 339 375 401 408 408 427 427 442 453 453 453 

472 475 475 
402 

157 
415 

184 
435 435 449 
421 
144 271 427 
236 254 415 
184 

251 251 270 270 413 
9 233 233 
247 
451 451 451 451 
23 23 23 97 97 
184 426 
152 152 184 226 364 364 364 410 
408 408 
397 397 

68 169 
408 408 
347 
76 76 413 413 
177 177 
339 
485 
230 
148 148 
159 159 392 
87 87 370 408 
184 396 396 465 465 

124 210 
212 
243 
85 85 
8 
80 199 222 317 354 384 384 413 418 429 429 429 434 449 455 467 467 
73 336 336 486 
444 
314 413 

76 354 
140 140 
323 
76 
42 42 321 359 359 
41 184 184 
153 244 244 

271 271 
76 209 209 
81 165 165 223 
159 159 369 369 428 
22 
407 413 413 
413 
264 385 
413 413 
315 315 486 


46 271 301 381 381 408 470 470 
182 182 
222 
239 
227 
69 69 69 147 173 236 447 
52 52 184 
27 27 47 47 76 76 459 
67 298 421 506 506 
84 85 
481 
224 224 
236 356 432 
402 
456 
5 41 41 41 76 134 134 151 184 184 314 319 411 450 462 490 490 502 502 
184 202 202 
267 351 
431 
72 89 141 413 466 
61 81 323 323 
229 229 
76 
65 413 
182 182 
118 118 262 262 292 292 292 

184 184 184 
114 114 114 181 259 496 
401 
330 330 
87 87 306 

190 

154 233 233 250 417 
233 271 
222 
225 458 
101 
103 

0 64 133 133 339 339 
413 
63 63 75 415 
314 314 449 449 
264 334 413 

124 124 
487 487 
22 22 81 82 82 142 
232 232 

227 227 305 
225 
81 
46 46 
184 307 307 
294 294 
96 
156 
5 50 50 
271 368 
159 159 274 352 405 405 405 

182 
39 206 239 402 402 402 
37 230 415 
175 175 332 413 
26 87 87 150 248 271 271 293 293 297 297 306 339 412 412 437 470 
184 184 258 
262 262 292 
354 
408 408 
35 45 74 74 76 77 77 92 128 155 155 161 167 168 182 196 243 251 286 299 299 314 317 332 332 333 335 335 358 362 382 385 407 439 448 448 448 455 500 
22 
129 177 201 230 236 254 277 283 383 406 460 460 460 
65 
374 
80 95 95 314 

98 98 441 
281 347 
196 
76 

103 103 157 157 157 169 169 
184 291 
271 271 282 
159 330 
314 314 314 

357 496 
351 
159 
314 
280 280 
22 
408 
83 83 
45 161 413 
76 186 186 186 
1 1 5 98 259 420 
250 271 468 
5 5 5 
182 316 

56 191 
344 
128 413 413 413 
280 314 384 384 467 
41 156 354 
289 289 289 289 

271 271 271 
4 124 131 232 
17 17 314 413 
76 184 184 353 

377 
346 
236 415 415 415 
497 
354 
63 63 75 

184 184 307 307 
72 72 358 
314 314 449 
123 442 
159 511 
339 339 408 
170 170 170 195 267 
273 

56 
273 273 
10 496 496 
39 159 159 166 227 227 227 
76 76 207 207 
193 
127 127 
349 

30 222 222 222 
51 184 
39 302 
120 315 336 
56 388 388 
184 184 213 

51 51 184 354 354 
126 126 185 
41 41 

243 

265 367 431 476 476 
22 461 
160 
182 222 222 
193 413 

354 354 

5 
233 
347 347 

5 5 86 198 198 
76 76 76 
159 
159 159 469 
