Nodes: 512, Edges: 713
381 
441 
91 111 183 183 
271 493 
454 
34 34 48 88 88 198 255 255 273 400 443 443 504 504 508 

233 271 
196 196 224 224 313 
287 287 
476 476 

184 184 184 355 355 

117 
59 

390 390 455 
441 441 


31 
108 389 414 461 461 497 
290 290 
76 76 



178 183 
56 
180 222 222 483 
21 172 172 279 315 315 
184 
192 
5 5 
413 
106 
406 415 415 

62 62 163 166 231 231 241 241 302 302 402 405 477 
236 
85 99 99 184 324 354 399 450 450 457 492 
321 
193 193 
137 137 
109 413 
339 339 381 395 395 
76 78 346 346 
5 
236 236 
400 
490 490 
184 345 
225 225 
76 76 299 501 
195 236 
29 191 191 236 474 474 
415 
294 294 
15 444 

81 359 
39 39 241 

395 
362 362 416 416 

192 281 281 
169 169 169 179 179 
236 
184 184 184 258 258 
369 
325 
315 


24 24 47 54 54 78 96 96 107 109 109 184 186 186 186 196 196 207 207 207 208 208 228 242 245 245 292 292 295 295 314 319 319 328 328 346 353 361 413 413 423 440 440 456 456 509 
413 
47 76 
236 
418 
61 82 261 359 359 389 389 394 394 394 495 
81 121 142 142 165 165 
104 104 236 236 438 
312 348 
41 
198 508 
306 306 370 408 408 
5 5 
358 358 
358 358 
2 
182 404 413 


418 
76 76 398 
171 171 
420 420 
41 41 354 354 
496 496 
140 378 378 
136 216 
146 146 379 379 
83 83 138 237 237 507 507 507 
184 184 190 
36 190 190 372 372 
76 
22 414 
45 76 76 
176 247 401 401 
2 
184 



184 
14 125 
152 152 152 364 
222 413 
486 486 
82 143 143 
222 
468 468 
232 387 454 454 
117 136 136 
185 185 491 

413 448 



168 
381 
354 380 

102 125 125 
44 44 184 184 
104 164 
381 381 
101 

82 82 
121 121 217 
282 
339 339 
103 103 
344 
191 191 304 
250 
408 
354 
118 118 118 292 
325 


450 
233 233 276 425 425 425 
194 
188 188 227 227 227 231 305 305 402 402 428 428 433 469 477 477 510 
272 272 312 498 498 498 
413 439 

39 
138 
82 82 
39 477 
413 413 
132 413 413 
68 68 68 233 296 425 425 
471 471 
97 97 290 480 480 
31 31 

222 280 
187 407 
110 247 247 
300 415 415 
28 183 183 
68 68 
30 

92 220 220 340 340 363 413 413 444 444 499 
2 2 28 178 178 
12 12 12 32 41 52 70 70 70 76 105 105 112 116 137 137 221 246 246 258 258 260 260 284 289 291 307 324 338 345 354 355 355 355 366 409 426 456 465 488 490 
126 126 491 491 
76 76 76 440 
175 413 
159 159 477 

105 106 106 372 
56 56 148 148 236 236 267 285 285 446 
33 67 236 236 281 
43 43 251 362 362 413 500 
158 
55 236 267 267 471 
8 8 76 76 200 200 350 413 

5 86 386 
207 314 314 314 
196 196 
236 415 
355 
271 


405 
76 76 76 199 478 478 
76 76 242 
328 


238 310 

215 314 
214 314 467 
102 
143 
271 
274 274 
182 182 494 
184 
30 30 119 122 174 309 314 376 483 483 499 499 
329 329 
8 8 313 313 350 
53 53 259 377 393 393 419 419 419 458 

159 159 159 257 337 337 
76 
360 360 
303 406 415 
39 39 159 
124 454 
7 157 157 169 271 287 287 287 296 296 310 310 310 375 

487 
40 49 49 55 56 69 79 83 83 191 191 192 192 195 201 237 252 275 278 351 351 415 432 432 432 438 460 460 
104 104 236 
212 

476 496 496 
39 39 62 430 430 
76 208 
311 413 
325 358 
76 76 
184 184 
110 176 176 288 
408 

149 374 374 374 417 442 
193 413 
236 
330 
283 415 
5 5 
271 271 271 
227 305 305 
70 70 184 184 409 409 
225 367 
184 184 
81 329 
410 410 
315 
334 385 


191 195 195 268 471 
267 

286 
3 7 203 218 233 256 256 256 297 327 339 374 374 401 401 408 408 412 427 442 442 
160 160 
5 475 
219 219 402 402 
236 
157 
415 415 415 
236 
31 
174 435 449 449 467 
67 67 192 298 421 
144 427 
254 415 
184 
191 191 
270 413 
9 9 233 233 233 
247 
184 451 451 
23 23 171 
184 426 
76 76 152 364 364 410 
408 
58 58 397 408 
76 76 509 
169 233 233 
271 408 408 
281 
54 413 
177 
339 
39 39 
230 
148 
159 159 257 257 343 392 482 482 
87 87 
184 465 
467 467 
222 
212 233 233 233 
243 
84 160 
8 224 224 
76 199 199 199 214 215 222 349 354 384 398 418 418 429 434 434 449 455 467 481 481 481 
31 31 73 263 

413 

76 76 354 354 

42 

359 
41 184 
72 153 244 

271 
76 76 209 
223 223 261 
253 369 

407 

264 385 385 385 
413 494 
486 
227 227 
184 
46 46 145 145 271 301 381 408 427 452 464 464 470 
182 182 


305 
147 447 
52 184 
47 47 76 459 
506 
84 
314 481 
196 224 
236 236 356 

76 456 
41 99 99 134 151 184 314 319 319 450 450 490 502 502 
12 12 184 184 184 202 
351 
367 367 431 496 
89 89 90 90 244 413 413 466 503 
61 81 81 323 
229 229 
76 
65 65 193 193 413 413 
182 
118 292 292 
415 415 
184 
259 357 357 496 496 

71 330 
87 

106 106 190 

250 250 250 271 271 408 442 
233 
222 
225 458 458 
101 101 
103 103 
134 
0 46 133 139 139 339 408 408 

415 
314 449 
264 334 334 334 413 
198 
124 
487 
22 81 81 497 
17 17 

305 
225 225 
81 81 81 495 
46 46 64 

294 
96 314 
41 
5 50 
110 110 271 271 
39 159 159 274 274 
427 
92 
39 206 
37 230 
175 332 413 413 413 
87 87 150 248 271 271 293 294 297 297 339 374 381 381 412 470 
184 258 258 
262 262 292 

271 408 
35 45 76 76 77 92 119 128 161 167 167 168 168 182 182 187 193 196 243 251 286 299 317 335 358 358 362 362 385 407 407 407 439 448 455 500 500 
22 108 
37 37 57 177 177 201 230 236 254 277 277 277 283 365 365 383 432 432 460 463 
65 65 
250 
80 95 314 314 
225 225 225 
98 98 
281 

76 

157 157 157 169 169 
184 291 
271 282 339 403 
159 159 
314 
241 241 
357 
236 236 236 415 415 
159 
314 314 
280 


83 236 
161 413 
76 76 186 
1 18 18 
250 271 271 374 468 
5 5 
59 182 182 
450 450 
191 
344 
128 413 
280 280 314 384 
41 41 156 354 354 445 445 
289 289 
339 

4 124 124 232 
17 314 413 
76 76 184 353 491 491 
41 
225 377 377 
346 
236 236 415 
22 22 497 

415 
339 339 
184 307 
358 
215 280 308 308 314 
123 123 442 
159 
339 408 
170 170 195 267 


56 56 487 487 487 
273 
10 10 240 
39 159 159 166 188 
207 207 

171 171 
314 314 314 349 
305 305 
30 222 222 


120 120 336 489 
235 388 474 474 474 
184 
486 
51 51 184 354 
126 185 185 456 456 
41 
3 
220 335 
81 394 
100 100 240 240 357 367 367 
22 389 461 
160 160 160 
182 222 222 
193 413 413 
54 
354 354 
358 
5 5 

347 
104 104 104 
5 86 
76 295 
159 

