Nodes: 512, Edges: 713
133 
441 441 
91 111 182 182 182 183 189 
271 
454 454 
34 34 48 50 88 88 255 273 400 443 443 475 508 

233 233 
224 224 313 313 350 350 
287 287 
476 
264 264 
202 355 355 

117 
59 59 

390 455 
441 

428 428 
31 
108 331 389 414 414 414 436 461 497 
290 
76 

408 408 
76 346 
178 183 
56 
180 180 
21 172 184 184 315 354 486 486 489 489 
184 184 

5 5 
158 158 158 210 413 

415 
358 
62 163 163 231 231 241 302 405 405 477 485 
249 249 
85 151 184 324 354 399 399 450 457 457 
323 


76 439 439 
339 339 339 381 395 
76 346 
5 
236 236 
5 400 
484 490 
184 

299 299 501 
236 
29 191 191 236 304 446 474 487 

294 294 397 
15 15 
104 236 236 
81 359 
39 

381 
362 
141 
281 281 281 347 
169 179 179 296 
236 236 236 344 
184 258 

325 358 358 466 
94 463 
413 413 448 
463 463 463 
24 27 45 47 78 107 109 109 109 162 162 186 196 196 207 208 208 229 242 245 245 292 295 299 299 322 328 328 346 346 346 353 354 413 423 440 456 456 456 478 
413 413 
76 
236 
314 314 418 
61 82 113 113 289 389 394 495 
81 142 165 389 
104 438 438 
348 
41 312 312 445 
198 198 198 
306 306 370 
5 5 


2 
182 404 

73 315 

398 

441 
354 
476 476 496 496 
195 195 471 
117 117 136 216 216 
379 
60 83 236 507 
184 190 
190 190 372 
76 
22 
76 76 76 199 
176 401 401 
2 

81 81 
367 

415 
14 102 102 125 135 
152 364 
122 413 413 


119 222 222 
468 468 
232 232 387 
117 
185 491 

448 448 
236 415 415 


168 168 
0 381 
354 354 380 
117 
102 

164 236 236 
381 
320 
66 196 196 196 358 358 
82 
217 
282 


236 344 344 
191 191 

248 408 
41 354 
118 292 
325 325 
374 374 
413 
354 450 

35 35 35 
188 188 205 231 305 330 330 428 477 510 511 511 
272 272 312 498 

76 76 322 322 
39 39 
138 
82 
477 
413 413 
132 132 413 413 
68 233 233 425 425 
471 471 
290 
31 

222 222 280 335 
187 187 407 407 
110 247 
415 415 
28 
68 68 
30 30 222 

2 2 2 92 220 363 404 444 444 
2 28 
31 31 32 32 41 52 70 105 213 221 246 258 258 260 260 279 279 284 284 289 291 307 324 338 345 354 355 366 396 426 456 456 465 484 484 488 
126 491 
76 245 440 
175 175 413 
159 159 
2 351 
105 106 106 372 
56 56 148 148 236 268 446 446 
236 281 281 
251 251 251 286 358 362 413 

101 101 236 267 471 
76 76 141 141 141 200 350 350 373 
496 496 
86 86 86 386 
109 207 207 314 314 
196 269 
236 415 
12 355 355 
271 
267 268 268 268 
159 
405 
76 199 199 478 
76 76 242 

35 
236 
238 238 238 
184 488 
215 314 314 
214 
102 102 
143 
271 271 271 
232 274 274 274 402 402 454 
182 494 494 
184 
122 122 174 174 180 341 341 376 483 499 

8 8 313 313 350 350 
377 393 393 
292 292 292 
337 392 477 
245 336 
76 295 360 
275 303 303 303 406 406 415 
39 39 159 
124 124 219 390 390 454 
7 7 169 169 238 271 287 287 296 374 505 
503 503 
236 
49 49 55 56 60 60 69 69 69 79 104 129 138 138 147 191 192 195 201 211 235 237 237 252 252 252 267 267 267 278 344 415 415 438 
236 236 
212 212 212 233 
342 405 
279 496 
39 430 430 
76 208 
311 413 424 494 
325 358 358 
76 76 186 228 
184 
176 401 
150 
40 40 
374 374 
193 193 193 286 286 413 413 
236 236 236 

283 415 
5 
271 271 
305 
70 184 184 409 
367 367 367 
184 184 

410 410 
315 
11 11 334 334 385 
496 
493 
195 204 236 236 236 268 268 356 471 
191 204 204 204 267 267 
200 
286 
3 203 218 218 218 233 256 256 297 327 327 339 391 401 401 401 408 408 427 442 
160 160 
5 472 475 
219 219 219 402 
230 

415 415 
236 
184 184 240 
174 435 449 
67 67 67 192 192 347 421 
144 
254 415 
184 184 

193 251 251 270 413 413 413 
9 9 233 233 

81 184 451 
23 171 480 
184 
76 152 226 226 226 364 
408 408 
58 58 
76 229 
68 233 
271 
347 347 347 
54 54 76 76 

339 
39 
230 230 230 415 415 
56 
159 257 343 343 
87 87 370 370 
184 354 465 
467 


243 
85 85 160 
8 8 224 224 
80 80 199 199 214 214 317 349 354 398 398 429 429 434 449 449 481 481 
31 94 263 

314 398 413 

354 
140 
323 
76 162 162 
42 321 359 359 
41 184 
72 153 153 244 358 
358 
271 271 
76 76 
432 
159 159 369 428 
22 
413 
413 
264 264 385 413 
174 413 413 494 494 
228 486 
227 
184 
46 46 46 271 301 408 408 452 452 464 470 

222 222 
239 
305 305 
69 147 147 236 
184 
27 47 76 76 76 459 
67 281 298 298 298 506 
84 
314 481 
8 8 196 196 224 224 
189 
402 
76 456 
31 41 76 99 134 134 151 156 184 307 314 319 450 490 490 508 
12 12 184 202 202 
267 
367 431 431 
38 72 72 141 141 193 244 244 325 326 413 466 503 
61 323 323 
229 

65 193 
182 
118 292 
415 
184 
114 259 259 259 357 

330 
87 306 306 

106 190 
196 
154 154 233 250 250 408 417 442 

222 
225 

103 
134 
46 64 133 139 395 395 408 
413 413 
415 
449 449 
264 334 
198 
124 

22 81 82 497 
17 232 232 
271 
227 
225 225 
81 
46 381 381 
184 
58 
96 314 314 317 
41 41 
5 50 
110 110 247 271 271 271 
219 219 274 352 405 
427 
92 182 
39 39 206 239 402 
230 230 415 
175 175 413 413 413 413 
26 26 150 271 271 293 293 339 339 374 381 412 412 470 
258 
262 262 

408 408 
35 74 74 76 77 77 119 119 155 167 167 168 168 187 193 243 251 251 286 286 286 317 332 333 334 335 335 358 382 382 407 407 407 407 439 439 448 448 448 448 500 
22 22 22 
37 116 129 129 177 177 201 230 236 236 254 277 277 283 303 303 365 383 406 432 460 460 

374 
80 

441 
281 

76 
243 
169 169 
184 
271 403 
20 20 159 330 
314 314 
241 241 
357 357 
329 415 

314 
280 449 
22 

83 83 236 
45 45 413 413 
76 186 
1 1 18 98 420 
271 374 468 
5 5 
182 182 
85 450 
56 191 191 

74 128 128 413 413 413 413 
280 314 314 384 384 435 467 467 
41 156 354 445 462 
289 
339 339 464 464 

4 4 219 232 
17 
76 76 76 184 184 353 491 
41 41 

346 
415 415 
22 497 
450 
73 75 75 75 
339 452 452 
184 307 
72 358 
308 449 449 
123 123 442 
511 
339 408 
101 170 170 195 267 
273 475 

56 
5 273 472 
10 100 100 496 
39 159 166 227 
76 207 

290 
314 314 349 

222 
51 184 184 
39 
31 31 336 489 489 
56 
184 213 
31 31 486 486 
51 354 354 
126 185 456 

266 
220 220 243 335 335 
81 
100 100 197 197 240 265 476 
22 389 461 
160 
222 
413 
54 

234 234 358 

233 
347 
104 
5 354 

159 
159 159 469 
