Nodes: 512, Edges: 713
381 381 
441 441 
91 111 182 183 189 
271 271 271 493 493 
454 454 454 
34 48 50 88 88 88 184 198 225 273 279 354 354 441 443 504 508 508 

233 233 
196 196 313 350 
287 287 


202 
76 
117 184 184 
182 
184 
390 390 
420 441 441 
104 
428 428 

108 115 331 389 414 414 436 
290 290 290 

408 408 408 
158 158 158 408 408 
76 76 
178 178 183 183 

180 180 483 483 
172 184 184 279 315 354 

67 67 
5 
158 158 210 413 413 


358 
62 159 159 163 166 219 219 241 241 302 402 405 477 477 477 485 485 
192 236 
137 151 156 156 160 324 354 399 445 450 450 457 457 457 492 
321 323 
193 193 
137 
109 413 413 439 439 
64 381 
76 
5 
236 
5 
484 
345 
225 225 225 
76 501 501 
195 
236 487 
415 415 
294 397 

236 236 236 
81 359 
39 241 
383 463 
46 381 
362 

33 33 192 192 281 347 
169 179 296 371 371 
236 344 
184 246 

325 325 358 
315 315 
413 448 

13 27 27 47 54 96 109 196 199 208 228 228 229 242 245 292 295 299 319 328 353 361 413 413 423 423 440 456 478 478 478 
196 196 



61 113 184 289 289 394 495 495 
142 142 142 165 165 389 
104 104 236 438 
312 348 
160 
198 508 
306 306 306 370 370 408 
5 5 5 
358 
325 358 358 
2 
182 182 182 404 404 


418 
76 
171 290 
420 420 441 
354 
496 496 
140 378 471 
136 216 
146 425 425 
19 83 83 138 138 138 236 507 
184 184 184 
190 190 372 

22 
45 76 199 
176 176 247 247 401 
2 182 
184 
81 
367 
22 

14 125 135 135 135 236 
152 152 152 364 
222 222 222 413 413 
486 
143 143 143 

468 
387 387 
117 136 
491 
480 480 
448 
236 236 236 

454 
168 
381 
354 354 380 380 
117 117 117 
102 125 
41 44 
104 104 104 164 164 164 
381 
101 
358 358 
82 82 82 389 
121 121 121 217 

339 
103 379 
236 236 236 
191 
417 
248 248 408 
41 354 354 
118 118 118 292 
325 


41 41 
233 233 276 276 425 
26 26 26 35 35 194 194 408 408 
39 39 188 205 205 231 305 305 330 330 428 428 477 510 511 511 
41 85 

322 
39 
138 138 138 
82 82 
39 477 
413 
132 413 
68 233 233 296 425 
471 
97 290 480 480 
31 
344 
222 335 
187 187 187 407 407 407 
110 110 
300 415 
28 28 
68 
30 30 
367 
2 15 92 92 92 111 220 340 363 444 499 
2 28 28 
5 14 14 16 31 31 70 81 105 105 105 112 213 213 246 246 258 258 260 284 284 289 289 291 291 292 292 307 307 315 315 324 345 345 355 355 355 366 396 409 426 465 484 490 490 
491 
440 
175 175 175 413 413 413 
159 477 477 
2 
106 106 
148 268 268 304 446 446 
40 67 67 236 281 
43 43 251 286 362 362 479 
158 158 
55 267 471 
8 8 76 77 77 200 290 373 413 422 422 

5 86 386 386 
76 109 207 207 314 
196 
415 415 
12 

268 
159 159 

199 199 
76 

35 309 

238 238 310 
184 184 488 
215 215 314 
214 214 314 
102 
143 
271 
39 39 454 
182 494 494 

119 119 119 174 376 376 376 483 499 
329 329 
350 350 350 
5 53 53 53 259 259 377 419 419 458 458 
292 
257 257 343 392 
76 76 245 245 
76 360 360 
236 236 236 275 303 406 415 415 
159 
454 
7 7 157 157 169 169 238 238 271 271 287 287 296 505 505 
503 
487 
40 49 56 60 60 60 69 83 104 117 129 129 129 147 147 147 192 230 230 230 237 252 278 278 283 344 351 432 460 487 
236 
212 212 233 233 

279 279 496 
39 39 62 430 430 
76 
424 494 
325 325 358 
76 228 228 
70 184 184 
110 110 288 401 
150 150 408 

374 374 374 417 
193 286 413 
236 
330 
415 

271 271 
227 227 305 305 
184 184 409 
225 225 
184 


315 315 
334 385 385 


195 471 
191 191 204 
415 

3 3 3 218 233 233 256 256 282 339 374 374 375 375 391 412 427 442 442 453 

5 472 472 475 
402 
230 
157 157 

236 236 
5 31 240 240 
308 435 435 449 449 467 467 
67 192 
271 427 
236 415 415 
184 184 

193 251 
9 9 233 233 
247 
81 81 184 184 451 451 451 
23 23 23 97 171 196 480 
184 184 
76 152 184 184 226 410 
408 
58 397 408 408 408 
76 
68 169 233 
408 

76 413 
177 
339 
39 485 485 
230 
191 
159 159 257 257 343 343 392 482 482 
87 87 87 408 
184 184 354 396 465 
280 
210 
212 

84 
8 
199 214 215 317 349 354 354 398 413 413 418 418 429 429 429 449 467 467 
31 73 73 184 184 263 263 336 

314 
413 
76 354 

42 323 
162 
42 321 359 
41 184 
72 72 90 153 244 244 
358 

76 
223 223 432 
159 159 253 369 428 
22 
413 
413 
264 385 385 413 
174 494 
315 486 


145 271 301 381 427 452 464 464 470 
182 


227 305 305 
69 173 236 
52 184 184 
459 
67 421 506 506 
84 
314 481 
8 224 224 224 
236 356 

76 456 456 
5 5 31 41 99 134 134 151 151 307 314 314 319 502 502 
184 184 184 
351 

38 72 89 90 90 141 141 244 326 413 466 466 466 500 503 
61 323 
229 229 
76 
65 193 193 
182 
118 
415 415 
184 
114 181 496 

330 
87 87 
68 68 
106 
196 
250 250 250 271 271 408 417 
271 271 
222 222 222 
225 458 
101 
146 
134 134 
0 0 46 64 133 139 339 395 408 

63 415 415 432 

264 264 334 334 
198 198 
124 124 

22 82 142 497 
17 17 
271 
227 305 

81 495 
381 
184 307 
58 294 
314 
41 

110 247 
39 274 405 
427 427 
92 92 
39 402 
230 415 
175 175 175 
25 25 25 26 26 87 150 158 158 248 293 294 294 294 297 306 374 381 437 437 470 
184 258 
292 

271 
35 35 45 45 74 76 76 119 119 167 168 187 187 187 196 251 299 314 314 318 332 333 334 358 494 500 
22 22 
57 57 177 201 201 230 230 254 269 283 283 365 365 383 383 406 460 463 

149 250 374 
95 314 314 
225 225 
18 98 98 441 
347 
196 196 
76 76 
243 
103 103 157 169 
184 
271 282 339 403 403 
20 20 159 159 330 
314 314 314 
241 241 
496 496 
236 329 383 


280 280 
22 
408 408 
83 
45 45 
76 186 
1 1 5 18 18 98 420 
271 271 468 
5 
182 
41 
191 191 

74 128 
280 280 314 467 
41 41 
289 289 289 
339 464 
271 
4 4 4 131 219 232 

76 353 353 491 
41 41 41 
225 225 377 
346 
236 415 
497 

63 415 
339 339 452 
184 307 
358 358 358 
280 280 314 314 449 
123 442 
511 
339 408 
101 170 195 267 
273 273 475 
491 

273 472 

39 39 39 159 166 188 188 
76 76 76 
193 
127 127 171 171 290 
349 
305 305 
30 30 222 
51 184 
39 39 302 302 
120 336 
56 235 236 
213 

184 184 
126 185 456 473 
41 
3 3 
220 220 243 335 413 
81 81 394 
100 100 240 367 431 431 
389 461 

182 222 
358 413 
54 54 
354 354 
234 358 
5 
233 233 
347 347 
104 
5 5 86 

159 
159 159 469 
