Nodes: 512, Edges: 713
381 
441 
28 111 182 
493 493 493 
454 
34 34 48 48 50 88 88 255 354 508 508 
404 
233 233 
196 224 224 313 350 
287 
476 
264 
184 202 355 355 
76 76 
117 117 
59 59 182 
184 184 
455 
441 
104 
428 

115 436 461 497 
290 
76 76 

408 
76 76 346 
2 

180 222 222 483 483 
299 354 
184 184 
67 67 192 
5 5 
158 158 222 222 413 413 

57 406 415 415 
358 358 358 
159 159 163 166 231 302 330 402 405 405 477 477 
192 236 249 
85 99 151 156 160 184 184 184 324 399 399 445 450 492 
321 323 


413 413 413 439 
64 64 339 381 
76 76 346 346 346 
5 5 
236 
5 400 400 
484 
184 184 184 
225 225 
76 501 
93 195 236 
304 474 487 
37 

15 15 
104 
81 359 
241 
463 
46 46 
362 416 

33 33 192 281 281 347 
169 169 179 296 
236 
246 

325 466 466 
94 315 315 
448 448 

13 13 24 24 27 27 47 47 54 96 109 162 162 186 199 207 242 245 245 314 319 319 322 322 328 353 354 456 456 509 509 
196 413 

236 
314 314 418 
61 82 113 113 261 329 329 329 359 359 394 495 495 
81 121 143 165 165 389 389 
438 438 
85 312 348 
41 84 160 312 348 
508 508 
306 306 370 370 408 408 
5 5 

358 358 

413 
55 
73 315 315 

76 398 

441 
41 
476 476 476 
140 140 471 
136 216 216 
379 425 
19 60 237 237 507 
184 184 190 
190 190 372 372 


76 199 199 199 
176 401 
2 182 

81 81 

22 
184 
14 14 125 125 125 135 184 
152 152 364 
122 122 413 
486 
82 143 143 
119 119 
381 468 
232 232 387 387 387 
117 117 117 136 136 
491 
480 
413 413 
236 236 

454 
168 
381 
354 380 380 
117 
102 125 125 
184 184 
236 

101 101 320 320 
196 196 
389 
82 121 121 217 
282 


236 344 
191 304 
250 417 417 

41 354 
118 118 
325 
374 
413 
41 399 450 

35 35 194 194 271 
39 39 188 205 227 231 402 402 433 469 477 477 510 510 511 
41 85 272 272 498 
413 
76 76 322 
39 

82 82 329 329 
39 

132 413 
68 68 233 233 233 425 425 425 
471 
290 290 290 


222 222 335 
187 407 407 407 
110 247 
415 

68 
30 222 222 
367 367 
2 15 111 340 340 363 363 404 413 413 

12 16 16 32 32 41 41 41 52 52 52 105 105 116 117 137 137 213 246 258 279 279 289 291 292 292 324 338 338 338 345 345 345 354 355 355 396 409 409 426 465 484 484 484 490 
491 
76 245 245 440 440 
175 
159 477 

105 106 106 372 372 
148 236 304 446 446 
33 40 67 281 
251 251 251 362 413 479 479 500 
158 158 
55 236 236 267 
8 77 141 141 290 373 413 413 413 422 
496 496 
386 386 508 508 508 
76 109 109 109 314 314 

415 415 
12 355 355 
271 271 
268 268 
159 

76 337 478 478 

328 
309 309 

238 238 310 310 
184 
215 215 314 
214 214 314 467 
102 102 
143 
271 
274 274 402 454 
494 

30 30 35 35 174 174 180 180 341 341 341 376 483 499 499 499 

8 8 350 
53 53 377 419 458 

159 257 343 343 392 477 477 477 

295 360 361 
236 236 275 275 303 303 415 
39 159 
124 124 390 454 454 
7 7 169 169 169 238 238 271 287 374 375 375 
503 

40 49 55 69 79 129 129 138 147 191 195 195 230 230 237 267 275 278 283 344 351 415 432 460 487 487 
104 104 236 
212 212 233 233 
342 405 
476 476 496 
62 430 
76 
311 413 424 

76 76 186 186 
70 184 
176 288 
408 
40 
149 374 417 
193 193 193 286 413 

330 330 
283 415 415 415 
5 
271 
227 305 305 337 
184 
367 

81 329 329 
364 364 410 

11 334 
496 

195 236 268 268 356 471 
204 204 267 267 


158 203 203 218 233 256 282 327 327 339 374 374 375 391 408 408 412 427 442 442 453 
160 160 
354 472 475 
219 219 
230 230 236 

415 
236 
184 184 
308 435 449 467 467 
67 67 192 298 347 347 
144 271 427 
236 254 415 


251 413 413 
9 233 
247 
184 451 
23 171 171 171 196 480 480 
184 426 
184 184 364 410 
408 
408 
229 
68 
408 408 
281 347 
31 

339 339 
39 
230 230 415 
56 148 191 
257 257 343 392 392 482 
87 87 370 370 
354 396 
280 467 
210 210 
212 212 
243 
84 85 
8 
76 80 80 199 199 214 215 384 384 398 418 418 418 429 434 434 449 467 481 
73 73 94 94 486 
444 
398 
413 
76 76 
140 140 
42 323 
76 76 162 
42 321 359 359 
41 184 
72 153 358 
358 358 
271 271 
76 209 
81 81 81 165 165 261 261 
39 253 253 428 428 428 

413 413 
413 
264 385 
174 494 494 
486 486 
207 257 
184 184 184 
46 271 301 301 381 464 470 470 
182 182 
222 222 222 
239 
227 227 305 
147 236 
184 184 184 
27 47 47 47 459 
67 281 281 298 421 506 
84 85 
481 481 
8 224 
236 432 

76 
5 31 76 134 151 184 273 307 411 411 450 450 462 462 462 490 502 
12 12 184 184 202 202 
267 
431 
38 38 38 90 90 325 326 326 413 500 
61 81 81 323 323 
229 
229 
65 193 413 
182 182 
118 262 262 292 
415 415 

181 181 259 496 


87 87 306 306 

106 106 190 190 
196 
154 233 250 271 271 442 
233 233 271 
222 
225 

103 
134 134 
0 46 123 133 339 395 395 

415 415 
314 314 
334 413 
198 198 
124 124 124 
487 487 
82 82 142 
232 
271 
227 305 305 

81 495 495 
381 381 
184 307 

96 314 317 
41 41 156 
50 50 
110 
39 159 159 219 
427 
6 182 
39 39 239 
37 415 415 
175 175 175 
26 87 87 248 271 271 293 294 297 297 412 470 
184 184 
262 292 
354 354 
271 408 
35 35 45 45 45 77 92 119 128 128 155 161 168 182 182 193 196 196 196 243 251 286 286 318 332 332 333 358 362 385 448 455 455 

37 37 177 201 201 230 236 254 254 254 277 283 303 365 365 383 383 406 406 432 460 460 460 463 463 
65 
149 149 250 
80 314 314 314 
225 

347 
196 

243 
103 169 169 169 
184 291 
271 282 403 
20 330 330 330 
314 
241 
357 496 
236 351 415 
159 
314 314 
280 
22 

83 83 
45 
186 186 
1 18 98 
271 271 374 

316 
41 450 450 
191 191 

74 74 413 
280 314 
41 156 354 354 445 445 
289 
464 464 
271 
4 131 219 232 232 
17 413 413 
76 76 491 

225 
346 
236 415 415 415 
22 497 497 
354 354 354 
63 415 415 
339 452 452 
184 
72 72 
215 280 280 308 314 
123 
159 511 
339 339 408 
101 170 267 
273 

56 487 
273 
10 100 100 100 240 240 
39 39 159 159 188 227 227 227 
207 207 
193 193 
127 290 290 
314 349 349 
305 
30 30 222 
51 184 184 184 

120 315 336 336 489 489 
56 236 236 388 388 474 

486 486 
184 354 
126 185 456 
41 
3 3 3 
220 335 335 
81 81 394 394 
197 197 240 265 367 431 
22 461 461 
160 
222 222 222 
193 358 
54 
354 
234 


347 
104 
5 5 86 86 198 198 198 
76 76 
159 159 
159 469 
