Nodes: 512, Edges: 713


28 91 111 182 182 189 
493 
454 
34 34 50 50 88 255 255 273 354 441 508 508 
404 
233 271 271 
196 224 313 313 350 
287 287 


202 355 355 
76 
117 
59 59 59 182 

390 455 
441 441 

428 428 
31 31 
108 108 115 389 389 436 497 
290 
76 
408 
408 
76 346 
2 183 

180 222 222 483 483 
21 21 172 354 489 

67 67 67 192 192 
5 5 
210 210 


358 358 358 
62 159 219 231 231 302 402 405 485 485 485 
249 
85 99 99 156 160 184 354 450 450 450 492 
323 
193 
137 
413 439 
64 381 395 
76 76 346 346 346 

236 236 236 
5 5 400 

184 184 345 
225 225 

93 195 195 
236 446 474 474 487 487 

397 397 
15 15 15 444 
104 236 236 
359 359 
39 
383 383 463 
46 
193 362 
141 141 
33 33 33 192 281 347 347 
371 
236 
184 184 184 246 
369 
358 466 466 
463 
413 448 448 448 
383 383 463 
13 24 27 47 47 78 96 107 107 186 196 199 199 199 207 208 208 228 228 229 242 245 292 295 299 314 328 328 328 353 354 354 361 413 423 456 478 509 509 
196 
76 


82 184 261 261 289 289 329 394 
81 121 143 165 
104 104 236 438 438 438 
312 312 312 
41 348 
508 508 
306 
5 504 504 
358 
358 358 
2 
182 182 404 404 
55 
315 
418 
76 398 
171 
420 441 441 441 
41 41 354 
496 496 496 
195 195 378 
117 117 117 136 136 216 
146 379 425 
60 83 83 138 236 237 237 507 
184 372 

76 76 
22 22 414 414 
199 
401 401 
2 182 
184 


22 
415 
14 102 102 102 135 184 
152 152 262 364 364 
413 

82 143 
222 
381 468 468 
387 387 454 

185 491 491 

413 
236 236 
497 
454 
168 168 

380 380 
117 
102 102 
44 184 
104 164 236 236 236 
381 
320 320 
66 66 196 358 
389 
82 121 217 
282 282 
339 
103 
236 236 
191 304 304 
250 
248 408 408 

118 118 292 
325 
374 
413 
41 354 
276 
194 408 
39 188 205 231 402 428 428 433 469 469 477 511 
41 272 312 498 
439 
322 

138 
82 329 
477 
413 
132 132 
233 233 296 425 
471 
97 290 480 
31 
344 344 344 
335 335 

247 247 
300 300 415 415 415 


30 222 
367 
2 2 15 92 92 111 220 220 340 404 404 444 
28 
41 52 52 70 70 70 81 105 112 117 137 258 260 279 279 291 307 315 324 345 354 355 409 409 415 456 465 488 490 490 
126 491 
76 
413 
159 477 477 
2 
372 
148 236 267 267 304 
33 33 67 236 236 281 
43 65 251 251 286 362 413 479 
158 
55 55 101 101 471 
8 76 77 141 350 422 

508 
76 76 76 109 207 207 207 314 314 

415 
12 355 
271 271 
267 267 267 268 268 
159 
405 
76 199 199 199 337 478 
76 76 242 
328 328 
35 35 
236 
238 238 310 
488 
314 314 
314 467 
102 
143 
271 
39 232 274 402 454 454 
182 182 494 

30 30 122 180 341 413 413 499 499 499 
329 329 
8 313 313 350 350 
53 53 259 377 377 393 

257 337 337 343 392 477 
76 76 
76 295 295 361 
236 303 406 415 
39 39 159 
219 390 390 454 454 
7 169 169 271 287 296 374 375 375 505 
503 

49 49 49 56 60 60 69 83 104 129 129 138 138 138 147 147 191 192 192 211 230 252 252 267 267 275 275 278 278 283 283 344 351 432 438 487 
104 104 
212 212 
342 405 


76 208 
311 311 424 494 494 494 
325 358 
76 
70 
176 176 401 401 
150 
40 
149 
193 193 413 
236 236 

283 283 
5 5 
271 271 273 273 
227 305 
184 409 
225 367 
184 
81 81 329 
118 410 410 

334 

493 
191 191 204 204 204 236 236 268 
204 204 267 
415 415 

7 7 203 203 218 233 256 256 282 297 297 327 354 391 401 401 408 408 412 442 
160 
5 256 256 472 472 472 475 475 
219 
236 236 
157 
415 
236 236 
184 184 
308 308 467 
67 192 298 298 298 347 
144 144 271 427 
236 236 254 254 


193 
9 9 233 

81 81 451 
23 171 480 480 
184 426 
76 152 364 364 
408 408 
408 
76 229 229 509 
169 233 
271 271 408 
281 281 281 347 
76 413 
177 177 
339 
39 485 485 
230 
148 148 191 
257 343 392 482 482 
87 370 408 
184 354 354 396 396 
280 280 467 467 

212 
243 243 
84 84 84 160 
8 8 224 224 
76 199 199 214 214 215 317 317 349 354 384 398 398 418 418 429 429 434 434 467 481 481 
94 184 336 336 486 486 
444 
314 314 413 
413 
354 
140 140 
323 
162 
42 321 359 359 
184 
153 244 358 358 

271 
76 76 76 209 209 
81 165 223 223 261 
428 428 

407 413 
413 
264 413 
174 174 494 494 494 
315 315 
207 227 227 
415 
145 301 381 408 427 452 452 
182 
222 
239 
227 305 
173 173 173 236 447 
52 184 
27 47 47 47 459 459 
67 67 281 298 421 421 506 
85 
314 481 
8 196 224 224 
236 
402 
76 456 456 
5 31 41 76 76 99 156 184 271 307 307 314 319 411 450 490 
12 12 184 202 

367 367 431 
38 38 38 72 89 90 90 141 244 325 325 413 413 466 503 
61 61 323 323 

76 229 
65 193 413 

118 118 292 292 


181 259 357 357 496 496 
401 401 
71 
306 
68 
105 190 

154 233 408 408 408 417 442 
233 233 

225 225 458 
101 
103 
134 134 
46 123 139 339 395 408 408 
413 
63 63 75 75 
314 


124 124 

22 22 142 497 
17 232 232 
271 
227 305 
225 
81 495 
46 381 
307 307 
58 58 
96 314 314 

50 
110 110 247 247 271 271 368 368 
39 159 219 352 405 
427 
6 92 92 182 182 
39 206 239 402 
230 415 
332 413 
25 26 150 150 158 271 271 293 293 294 297 306 339 374 374 374 381 381 412 
184 184 258 
262 262 
354 
271 408 
45 74 76 119 128 155 167 187 193 222 222 251 299 317 318 332 333 334 358 358 362 382 407 439 448 448 455 500 
108 108 
116 177 177 177 184 201 230 269 269 277 338 406 432 460 460 

374 
95 314 314 

98 441 
347 347 
196 
76 
243 
103 169 
291 
282 339 403 
20 20 159 159 330 330 
314 314 

357 496 
236 415 
159 
314 314 
449 
22 

83 83 83 236 
45 161 413 

5 18 18 98 98 98 420 
271 374 468 468 468 

59 182 316 
450 450 
56 
344 
74 74 74 413 413 
435 467 
41 41 41 354 445 445 462 462 
289 
339 339 464 

4 124 131 219 219 232 232 
17 413 
76 184 353 353 491 

377 
346 346 
415 415 
497 
450 450 
63 73 75 
452 
184 
72 72 358 
215 280 308 308 314 449 
123 123 442 442 442 
159 159 511 511 

170 195 
273 273 273 

56 56 487 
273 273 

159 166 188 188 227 
76 207 
193 
171 290 290 
314 314 349 
305 305 
30 30 

39 39 39 302 302 
315 315 489 
56 56 236 474 
184 213 
31 486 
184 184 354 
126 126 185 456 
41 
3 266 
220 243 243 243 335 335 335 
394 
100 100 100 367 367 431 
22 130 389 461 
160 
222 222 222 
413 


234 358 
88 88 
233 
347 
104 
5 5 86 86 198 
76 76 295 

159 469 469 
