Nodes: 512, Edges: 713
381 

91 91 111 182 182 183 
271 271 493 493 

34 34 48 48 50 50 88 184 184 198 225 225 255 273 354 400 441 443 443 504 508 
404 404 
233 233 271 
196 196 196 
287 287 

264 
184 202 355 

125 
59 59 182 
184 
390 

104 
428 
31 31 
108 115 389 414 414 436 436 461 461 497 
290 290 290 
76 
408 408 
158 
76 346 346 
178 183 

180 222 
21 21 184 184 315 315 315 354 486 489 
184 184 
67 192 
5 5 
222 
106 
57 415 415 
358 358 
62 62 62 159 159 163 231 231 241 302 330 402 402 405 477 485 
192 192 236 249 
99 137 151 151 156 156 184 184 324 354 399 450 492 
321 321 323 

137 137 
76 
64 381 395 395 
76 76 78 346 346 346 346 
5 5 508 
236 236 
5 5 400 

345 345 
225 225 
501 501 501 
195 
191 236 236 304 446 446 
37 415 
397 397 
15 15 444 
104 104 
81 81 
39 39 39 

46 381 381 381 395 
362 362 416 
141 
33 192 192 281 347 
179 371 371 

184 184 258 258 

325 325 
94 315 
448 448 448 
383 
24 27 45 47 47 96 96 109 162 184 184 186 196 199 199 207 207 208 228 229 245 292 299 299 319 322 328 353 353 354 361 361 478 509 509 
413 
47 
236 

61 61 82 113 113 329 359 389 394 495 495 
81 142 142 143 389 389 
104 104 236 
85 312 348 
84 160 160 
198 508 508 508 
408 408 
5 504 
358 
358 358 
2 2 


73 
418 
76 76 
171 290 

41 
476 476 476 
140 378 471 
136 216 
146 146 379 425 425 
19 60 60 83 83 507 
190 190 190 372 
36 190 372 

22 
76 199 199 
176 176 247 
2 182 
184 
81 81 

22 389 
184 184 
125 125 184 184 
152 364 
122 122 222 
486 
143 
119 119 
468 
309 387 454 
14 117 117 136 

480 
448 448 
236 
497 

168 168 

354 380 380 

102 125 
41 44 44 184 184 184 
236 
381 
101 
66 196 358 
82 82 
82 121 
282 282 
339 
103 103 
236 236 344 
304 
250 250 417 
248 
41 41 
118 292 292 
325 325 
374 374 

41 41 399 
233 276 276 425 
26 194 194 271 408 408 
39 39 188 305 330 402 402 428 428 433 433 433 510 
85 85 
413 413 439 
76 322 322 
39 


477 
413 
132 132 413 413 
296 425 425 
471 
97 290 480 480 

344 
494 
187 407 
110 110 247 
415 415 
28 183 183 
68 
30 222 
367 
2 2 15 111 220 220 340 363 363 404 
2 28 178 178 
5 5 12 16 31 31 32 32 41 41 70 70 76 76 112 116 116 117 117 137 137 137 213 221 236 246 258 260 279 284 284 289 291 307 307 307 315 315 338 338 345 355 396 409 415 426 465 
491 
76 245 245 245 440 
175 413 
159 477 
351 351 
105 105 105 106 372 
56 267 285 446 446 
33 40 40 67 67 236 281 
251 251 286 358 362 500 
158 158 
55 471 
8 8 8 76 141 290 290 350 
496 
5 86 
76 76 109 109 207 314 
269 
236 
12 355 355 355 
271 
267 


76 76 199 337 478 
76 
328 328 

236 
238 238 310 
184 
215 215 314 
214 214 314 
102 


274 
182 182 494 494 494 494 
184 
30 35 119 180 341 341 376 376 413 483 499 499 

350 350 
5 5 53 53 377 419 419 

337 343 477 
76 245 245 336 
76 295 295 360 360 361 
303 406 406 406 415 415 415 
39 39 
390 390 454 
7 7 157 271 296 310 374 375 375 

487 
40 49 49 56 56 79 83 129 138 147 147 184 192 201 211 237 252 267 267 267 275 415 415 460 487 487 
236 
212 212 
405 405 
279 279 
39 430 

413 494 494 
358 
76 186 186 186 228 228 
184 
110 176 
150 
40 
149 149 374 417 442 442 442 
193 193 
236 
330 330 
283 415 
5 
271 273 

70 70 184 409 409 
441 
184 

410 

11 334 
496 

191 204 236 236 236 268 
267 
200 415 

3 3 7 158 203 233 256 282 297 327 327 339 339 339 354 374 375 391 391 401 408 408 442 453 

5 256 354 475 
219 402 402 
236 
157 157 
415 415 

184 240 240 
308 435 435 467 467 
67 192 298 347 
144 144 271 427 427 
254 415 
184 184 
191 
193 413 413 
9 9 

184 451 
23 23 23 97 171 196 196 
184 426 426 
76 152 152 364 364 410 410 
408 408 
408 
229 229 
169 233 
271 
281 347 347 
76 76 413 

339 339 
39 485 485 
230 
56 148 
159 392 
370 
184 184 184 354 396 396 
280 
124 
212 233 

84 

199 214 215 317 317 349 418 418 418 429 434 449 455 467 481 481 
31 31 31 73 184 184 

314 314 398 398 

76 

42 42 323 
76 162 162 
42 321 359 359 
41 
72 72 153 153 

271 271 
76 209 209 
81 
39 159 253 253 369 

407 413 
413 
264 
413 494 
228 
207 227 
184 184 
145 271 271 271 301 301 408 408 427 427 452 452 452 
182 
222 222 

227 
147 173 447 
52 52 184 
27 27 47 47 47 47 
67 281 298 298 421 506 
84 
314 481 481 
196 224 224 
189 189 356 432 432 

76 76 456 456 
5 31 41 76 134 271 273 307 411 450 462 490 508 508 
12 184 202 202 202 
351 
496 496 
38 38 89 90 90 141 193 244 413 466 503 503 
81 323 323 
229 229 
76 76 229 
65 65 193 413 
182 182 
118 292 292 
415 

181 
401 
330 
306 
68 68 
105 106 190 

154 154 233 250 271 442 
233 233 271 
222 222 
225 458 458 
101 
103 
134 134 
0 46 64 64 64 139 395 408 408 
413 413 
75 415 415 415 



124 

22 81 82 82 115 497 
17 232 232 
271 271 
305 

81 495 
46 46 64 381 
184 307 307 
58 58 
317 317 
41 156 
5 50 
271 368 
39 39 159 159 274 274 

6 6 182 
39 239 239 
230 230 230 415 
175 332 413 413 
25 25 87 87 158 158 271 271 293 293 294 339 339 381 381 412 470 
184 258 258 
262 292 292 
354 
408 
77 161 161 167 168 168 187 222 243 286 286 299 332 333 335 358 362 382 382 407 407 448 448 500 
22 22 
37 37 57 177 177 184 230 230 230 236 236 254 269 277 277 283 365 383 383 383 406 432 460 463 
65 
149 250 
95 314 314 314 
225 225 
441 
347 



103 103 157 169 169 
184 291 291 
282 282 339 339 
20 159 159 
314 
241 
496 
351 351 415 
159 159 159 
314 
280 280 449 
22 22 


161 
186 
5 259 420 
250 250 250 271 374 468 468 
5 5 
59 
450 450 
56 56 191 191 
344 
74 74 74 128 128 413 413 
314 435 467 
41 354 445 445 462 
289 
339 339 339 464 
271 
124 232 
314 
353 353 491 

377 377 

236 415 
22 22 
354 450 
415 
452 
184 
358 
280 280 314 449 
123 442 442 
511 511 
408 
101 170 195 

491 

273 
100 100 100 496 
39 166 188 227 
76 207 

127 171 171 
314 314 349 349 

222 

39 302 302 
31 120 
235 236 236 

31 
354 
185 456 473 
41 
3 3 
174 220 220 220 220 243 243 335 
81 81 394 
197 265 357 357 431 476 
22 130 389 

222 222 
193 413 
54 54 54 

358 358 
5 88 

347 
104 
5 48 86 86 86 354 354 
76 76 
159 
469 469 
