Nodes: 512, Edges: 713
381 
441 
28 91 91 111 111 182 182 183 189 

454 
34 34 48 50 50 88 184 255 255 273 273 279 354 354 354 400 443 475 504 508 508 
404 404 
233 
196 313 350 
287 287 

264 
184 202 
76 
184 
59 182 444 
184 
390 455 455 455 
441 
104 104 

31 31 
331 389 389 414 436 497 

76 
408 
158 408 
346 346 
2 

180 222 
21 21 172 184 315 315 354 486 489 489 489 
184 184 
67 192 192 
5 5 
222 413 413 

406 415 
358 358 
62 163 163 219 231 231 241 330 402 405 405 485 
236 236 249 
85 99 99 137 151 151 160 184 324 445 

193 
137 137 
109 

76 76 78 346 
5 

5 5 400 
490 490 
184 345 345 
225 
76 299 501 
195 195 
191 191 236 304 446 446 


15 
104 
81 359 
39 
383 
381 381 381 
193 193 362 362 416 
141 
33 281 347 347 
169 179 179 296 371 
236 344 


358 
94 463 
448 
463 
13 24 47 47 54 78 78 107 186 196 199 207 208 242 292 295 295 299 299 299 322 328 354 423 440 456 478 509 
413 
47 76 76 


61 82 113 184 261 329 329 359 389 394 495 
81 121 142 165 389 
104 104 104 236 236 438 438 
85 85 312 312 348 
41 84 84 312 
508 
306 
5 
358 

2 2 
182 

73 315 
418 

171 171 290 
420 441 
41 41 
476 496 496 496 
140 195 
117 136 136 216 
146 379 379 379 425 
19 19 60 83 83 83 236 237 
184 184 
190 
76 
414 414 
45 199 199 199 
176 401 401 
2 2 182 

81 

389 
184 415 
102 125 125 135 135 184 
152 152 364 
122 222 222 222 
486 486 
82 143 
119 222 
381 468 
232 387 454 
117 117 136 
185 491 491 
480 480 
413 413 
236 

454 454 
168 

354 354 380 
117 117 
102 102 125 
41 44 44 184 

381 
101 320 320 
66 196 196 358 358 
82 
121 217 
282 282 
339 
103 379 379 
236 236 
304 
250 250 417 
248 408 
41 41 354 354 
118 118 292 
325 
374 

354 399 
425 425 
26 194 271 271 408 
188 188 205 205 227 231 305 305 330 402 402 428 428 469 510 511 511 511 
41 272 498 498 
413 
322 
39 39 

82 329 
477 
413 
132 413 
68 233 425 425 425 

97 97 480 480 
31 
344 344 
222 280 335 335 
187 407 
110 
300 415 415 
183 183 
68 68 
30 222 222 
367 
2 2 15 92 111 340 340 363 413 499 
2 178 178 
5 12 14 16 31 32 32 41 52 81 105 105 116 117 137 213 213 221 221 246 258 258 258 279 284 289 292 307 315 338 354 355 409 456 465 484 490 
126 491 
76 440 
175 
159 159 477 
2 351 
106 372 372 
56 56 236 236 236 267 268 285 446 446 
33 33 281 
43 65 65 251 286 358 362 479 500 
158 
55 55 101 
8 76 141 141 200 200 290 350 413 422 422 422 

386 508 508 
76 109 109 109 207 314 314 314 
196 196 269 

12 355 355 
271 271 
267 268 
159 159 
405 
76 199 337 337 478 
76 
328 328 


238 
184 184 488 
215 314 
214 314 314 467 
102 
143 
271 
39 232 232 274 274 454 454 
494 
184 184 
30 35 119 119 119 122 174 180 180 314 341 341 376 376 413 483 483 499 

313 350 
53 377 377 419 
292 292 
159 343 343 392 392 
245 
295 360 361 
303 415 415 
39 39 159 
124 219 219 454 
7 169 238 238 271 271 296 310 310 374 374 375 505 505 505 
503 

40 40 56 69 83 83 104 129 147 147 191 191 191 252 267 267 275 278 278 344 351 415 415 438 487 487 
104 
212 233 233 
342 
279 
39 430 430 430 
76 
413 424 494 494 
358 
228 
184 
288 401 
150 408 408 
40 
149 149 374 417 442 442 
193 413 413 
236 
330 

5 5 
271 273 
305 305 
184 184 184 409 409 
367 367 367 

81 
364 410 410 410 

11 385 
496 
493 
191 204 236 236 356 
191 204 
200 415 415 
286 286 286 
158 158 203 203 218 233 233 256 297 327 339 339 354 374 391 391 401 408 412 427 442 442 453 
160 
5 5 256 354 472 472 
219 219 402 
236 

415 415 
236 236 
5 184 240 
174 308 435 435 
67 192 298 347 347 
144 144 427 

184 
191 
193 270 270 270 413 
9 9 
247 
184 451 451 
97 196 
426 
76 152 184 226 226 410 

397 408 
76 76 229 
68 233 
271 
281 
54 76 76 76 
177 


230 
56 148 
159 159 257 257 343 392 
87 370 408 408 
184 354 396 396 465 
280 467 467 467 

233 233 

84 84 85 
8 224 
199 199 199 214 215 215 222 317 317 349 354 384 398 398 418 418 429 455 455 455 467 
31 31 94 184 336 486 486 

314 314 398 413 

354 
140 140 
323 
76 162 
321 359 
41 
153 358 
358 358 
271 
76 209 209 
81 81 165 
39 159 253 428 
22 
407 413 
413 
385 385 
174 174 413 
315 486 
207 207 
184 
145 271 271 381 408 427 452 
182 182 
222 222 
239 
227 227 305 
69 173 173 236 447 447 
52 52 
27 27 47 459 
67 67 281 281 506 506 
84 
314 
8 196 224 
189 236 

456 
5 5 5 31 76 134 134 151 151 156 184 271 273 307 314 319 450 450 462 490 508 508 508 
184 202 202 
267 
431 
38 38 72 89 141 141 193 244 325 326 326 413 413 
61 81 323 
229 
229 
65 65 193 413 
182 
118 262 
415 415 

181 259 259 259 496 496 


306 
68 
190 190 

154 233 233 250 271 442 
233 
222 222 
225 225 

103 103 103 146 146 
134 
0 64 64 64 123 139 339 408 

63 432 
314 449 449 
264 334 334 413 
198 
124 

22 22 81 82 115 497 
17 
271 271 
227 227 305 

81 495 

307 307 
294 
314 314 317 
156 
5 50 
110 110 247 271 
39 159 159 274 405 

6 6 
39 39 206 402 
37 415 
175 332 413 413 413 
25 26 150 158 248 248 271 294 306 306 339 381 
184 258 258 
262 262 262 292 

271 
35 35 77 128 128 161 167 168 182 196 222 243 251 251 286 317 332 333 335 358 358 362 385 407 407 407 439 494 
22 108 108 
37 116 177 177 230 230 236 236 269 269 277 277 365 365 406 432 460 460 460 460 
65 
149 250 
95 314 314 
225 
98 

196 196 196 
76 
243 
103 157 157 169 169 169 
291 
271 282 339 
159 159 330 
314 
241 241 241 
357 
383 415 


280 280 
22 

83 83 236 
413 
76 186 
1 18 98 
250 250 271 271 374 468 
5 
15 
41 450 
56 56 191 191 
344 344 
74 
384 384 467 
354 354 445 462 
289 289 
339 464 
271 
4 124 131 131 219 219 232 
17 17 17 314 314 314 
76 184 353 


346 
415 415 415 415 

354 450 
73 75 
452 
184 307 

215 308 308 308 314 449 
123 442 
159 511 


273 273 475 475 

487 487 
5 472 472 
100 496 496 
166 188 
76 207 
193 
127 127 171 171 


222 222 
184 
39 
31 120 120 315 315 336 
236 236 474 474 
213 
31 31 31 
51 51 184 354 
126 126 185 

266 
220 243 243 413 
81 394 
100 100 100 265 367 367 476 476 
22 389 
160 160 
182 222 
193 
54 

234 
5 
233 233 233 
347 347 

5 5 86 198 198 354 354 354 
76 
159 
159 159 159 469 
