Nodes: 512, Edges: 713
381 381 
441 441 
91 111 183 189 
493 
454 
48 48 50 88 88 184 198 198 255 255 354 354 400 400 441 441 443 475 504 
404 
233 
196 196 313 313 313 350 
287 
476 

184 202 202 355 355 355 
76 
117 184 
59 59 59 182 

390 455 455 
420 441 
104 104 
428 
31 
331 331 389 389 389 461 497 

76 76 
408 
408 408 
76 76 

56 56 
180 483 483 
21 172 184 279 279 299 315 354 354 489 

192 192 

158 158 222 

415 
358 
62 159 159 219 219 231 241 330 402 405 405 477 
192 236 249 
137 137 151 151 156 399 450 457 
323 
193 
137 
76 109 439 
381 
346 346 346 
5 5 508 
236 236 
5 
490 490 
184 184 345 345 
225 
76 501 
93 
29 29 236 236 236 304 446 474 474 487 
415 
397 
15 15 15 444 
104 236 
81 359 
39 241 241 
383 383 383 463 
381 
416 416 

281 347 
169 169 169 179 179 296 296 371 
236 344 344 
184 246 258 258 

325 358 358 358 466 
94 315 
413 448 
463 463 463 
13 24 24 27 27 45 54 78 96 107 162 186 199 199 207 208 229 229 299 322 346 353 353 354 361 413 423 440 456 456 478 478 509 
413 413 
76 

314 418 418 
61 82 184 261 329 329 389 394 495 
81 165 165 389 389 
104 236 438 438 

160 160 348 
198 198 198 508 508 508 
306 306 408 408 
5 5 
358 

2 
182 404 413 
55 
73 315 315 
418 
76 
171 290 
441 
354 
496 496 496 496 
378 471 
117 136 216 
146 146 379 
19 19 60 83 138 138 138 236 236 236 237 507 507 
190 
190 
76 
414 
45 
176 247 401 401 
2 182 
184 184 



184 184 184 
14 102 125 125 135 184 184 

122 122 222 413 413 
486 

119 119 222 

232 232 232 232 387 454 
117 117 136 136 
185 491 
480 
413 448 
415 
497 
454 454 454 


380 380 
117 
102 125 125 
41 41 44 
104 104 104 164 236 

320 320 
196 358 
389 389 
217 
282 
339 
103 103 379 
344 344 

250 250 250 
248 408 
41 41 
292 


413 413 
41 450 450 
233 276 
35 35 194 194 408 
39 39 188 205 205 205 231 305 305 330 428 469 510 510 
85 85 312 312 
439 
76 322 

138 
82 82 329 
477 
413 500 
413 
68 68 68 233 425 
471 471 
97 480 480 
31 

222 335 
187 407 
110 247 
300 415 415 415 415 

68 68 
30 222 

15 92 111 404 413 444 444 499 499 
2 
5 12 14 31 52 52 70 81 112 112 116 116 116 117 117 213 221 236 236 258 260 267 284 284 289 292 307 315 324 338 345 354 354 355 366 366 396 409 415 456 456 465 484 490 
126 491 
76 245 245 440 440 440 
175 413 
159 
2 351 351 
105 106 372 
236 236 304 446 
33 33 40 236 281 
43 251 251 286 286 413 413 479 500 
158 158 
236 
8 8 141 290 290 290 350 350 373 413 422 
496 
5 5 86 86 86 386 386 
76 76 314 

236 
12 12 355 
271 
267 267 267 268 
159 159 159 
405 
76 
76 



238 238 310 310 
184 
215 
214 
102 
143 

39 39 232 274 454 454 

184 
35 119 122 174 180 314 314 341 413 413 483 483 499 499 
329 
313 313 
53 377 377 393 419 458 458 
292 
257 257 337 343 392 

76 76 295 360 361 
303 303 406 415 415 
39 159 
124 124 124 124 219 390 390 454 
7 157 169 238 271 287 296 374 375 505 


40 49 49 56 56 56 60 69 83 104 104 104 138 184 184 191 191 192 195 201 252 252 438 460 487 
104 
212 212 233 
342 405 
279 279 279 
39 62 62 430 430 430 

311 311 413 424 494 
358 358 
186 186 
70 
110 176 288 288 
150 408 408 
40 
149 149 149 374 374 442 
193 193 286 413 
236 236 
330 
283 283 415 415 
5 5 
271 271 
227 227 
70 70 184 409 409 

184 
81 329 329 
410 
315 
334 
496 496 
493 
184 204 204 204 471 
204 

286 
203 233 256 256 297 354 374 391 412 427 453 453 

354 354 475 
219 

157 
415 

31 31 240 240 240 

67 192 347 347 421 
144 
254 254 415 
184 184 

193 193 251 270 
9 233 
247 247 
184 451 451 
97 196 196 196 

152 184 226 364 364 410 
408 408 408 

229 
68 68 233 
271 
347 
31 76 413 
177 
339 
485 
230 230 
56 191 
159 159 343 482 
87 87 370 408 
184 354 465 465 
467 

212 212 
243 243 
160 160 
8 8 8 224 224 
80 199 222 222 349 429 434 467 481 
31 73 94 94 184 263 336 486 

398 
413 413 

140 140 
323 
76 162 
42 321 
184 
72 



81 81 165 223 261 261 
39 159 253 369 369 369 428 
22 22 
407 413 413 
413 
264 385 
174 
315 486 
227 
184 
145 301 381 381 381 408 452 464 

222 
239 
227 305 
69 69 147 147 447 447 
52 52 184 
47 47 47 76 459 
67 281 281 298 421 421 
85 
314 481 481 
8 196 196 
189 189 356 356 432 
402 402 
76 76 456 
5 5 31 31 76 99 184 184 271 273 273 307 411 450 450 502 502 508 508 508 
12 12 12 184 202 
351 351 
431 431 431 496 
38 72 72 72 89 141 244 244 413 413 503 
61 
229 
76 229 


292 292 
415 
184 184 
496 496 
401 
330 330 330 
306 
68 
190 
196 
233 250 250 271 417 
233 

225 225 458 
101 
103 146 
134 134 
0 0 46 64 339 339 339 395 395 
413 413 
63 63 63 
449 
334 413 
198 198 
124 
487 487 487 
22 22 22 81 82 82 142 142 497 
17 232 232 
271 
227 
225 
81 495 
381 381 
184 
58 
317 
41 
5 5 
110 110 368 
39 352 352 405 
427 
6 92 182 
39 39 206 239 402 
230 415 415 415 
175 332 413 
25 26 26 87 87 150 158 248 248 293 293 293 306 339 412 470 
184 258 258 
262 292 
354 
271 408 
74 76 77 77 92 119 119 128 155 155 167 168 182 187 193 193 196 222 222 243 251 299 318 318 332 332 333 358 358 382 382 385 407 439 439 455 500 
108 
37 57 129 177 177 177 177 184 230 230 254 254 277 283 365 406 406 406 432 460 
65 65 
374 
80 80 95 
225 
18 441 441 
281 347 347 
196 
76 
243 
169 

271 403 
20 159 330 
314 
241 241 241 
357 357 357 
351 415 

314 
449 


83 83 236 487 
45 161 413 413 
76 186 186 186 
1 1 5 5 18 98 420 420 
250 468 
5 
59 182 182 

56 191 
344 344 
74 128 
384 435 
41 156 156 354 354 
289 289 
339 464 464 
271 271 
4 124 131 131 131 219 219 232 
17 17 413 
76 76 184 184 353 491 
41 
225 225 377 
346 
236 415 
22 

63 75 75 75 
339 452 452 
184 307 307 
72 
308 314 
442 
159 511 
408 
101 170 170 267 
475 475 

56 56 
5 273 472 472 
10 
39 166 
76 76 
193 
127 171 171 
314 349 349 
305 
30 30 222 222 
184 
302 
120 315 336 489 489 
56 236 388 388 388 438 

31 486 486 
51 51 184 
126 185 456 

3 266 
243 
81 394 
100 100 100 100 197 265 265 357 367 367 
22 130 389 

182 182 222 222 
167 193 413 
54 
354 354 
358 
5 
233 

104 104 
48 86 86 86 354 354 354 
76 
159 159 
469 
