Nodes: 512, Edges: 713
381 


493 
454 
48 50 88 88 88 225 255 273 273 273 279 279 354 354 400 400 441 441 443 443 504 504 
404 
233 233 271 
196 224 224 224 313 350 
287 
476 476 476 
264 
202 202 355 
76 
117 125 
444 
184 
390 

104 
428 

108 414 436 497 
290 290 


158 408 
76 76 346 346 
178 183 

180 483 
172 279 315 315 315 354 354 
184 
67 192 

210 210 222 222 
106 106 
57 415 

62 159 159 163 166 166 219 231 231 241 302 330 330 402 405 405 477 477 485 485 
249 
85 151 156 156 324 399 399 445 450 450 457 
323 323 

137 137 137 
76 413 413 439 439 
64 381 395 
76 76 78 346 346 
5 

5 
484 490 

225 225 
299 501 
93 
191 446 487 
37 
397 


81 
39 
383 383 463 463 463 
46 
193 
141 
33 192 192 192 281 347 
296 296 296 371 371 
236 344 344 
184 246 246 258 

325 358 466 
315 
448 448 448 

13 27 27 45 47 47 78 109 162 162 186 186 196 199 207 207 208 208 228 229 229 242 245 292 292 295 295 299 299 314 319 319 322 322 328 353 353 361 413 440 509 
196 196 
47 76 

314 418 
61 82 113 113 261 359 359 495 495 
81 121 121 142 143 143 165 389 389 
104 104 104 
85 312 312 348 348 
41 84 160 160 160 312 348 348 
198 508 
306 
5 5 5 
358 
325 358 

404 413 
55 

418 

171 171 290 
420 441 441 
354 
476 496 496 496 
140 195 378 471 
117 117 216 
146 379 425 425 425 
19 83 83 83 236 237 237 507 
190 
36 36 190 372 

22 
76 
176 247 247 401 


81 81 
367 
389 
415 
14 102 102 125 236 
152 152 364 


82 82 143 


232 309 387 454 
14 117 136 136 
185 491 491 
480 
413 448 
236 236 415 

454 

381 
354 354 380 

125 125 
44 44 44 184 
164 236 236 236 

101 320 
66 196 196 
82 389 
82 82 121 217 
282 
339 339 
103 
236 236 344 344 

250 250 417 
248 248 408 
41 354 354 
118 118 292 292 292 
325 325 
374 
413 413 
41 41 399 450 
233 233 276 425 425 425 
26 194 271 408 
39 39 188 188 205 305 330 433 469 469 477 511 
85 85 85 272 272 498 
413 
76 76 
39 
138 
82 329 
39 39 
413 

233 233 233 425 425 
471 
97 97 290 
31 
344 
335 

110 247 
300 300 415 415 
28 183 

30 222 
367 
340 340 413 444 499 
28 178 
16 32 70 137 213 221 260 260 284 289 289 291 291 338 345 354 355 396 396 409 409 409 456 456 465 484 490 
126 491 
76 76 245 
413 413 
159 159 
351 351 351 
105 106 372 
56 236 
33 67 67 67 236 
65 251 251 286 362 362 413 479 479 
158 
101 236 267 267 
8 76 77 77 141 141 200 373 373 422 422 
496 
86 508 
76 207 314 
196 
236 236 
12 12 355 
271 
267 268 268 
159 

76 76 199 478 
76 76 
328 
35 35 309 
236 
238 238 238 310 310 
184 488 
215 215 314 314 
214 214 467 467 
102 
143 
271 
39 232 274 402 454 
494 494 
184 
35 35 180 309 341 376 376 376 483 499 499 
329 329 
8 8 8 313 350 
5 53 53 377 393 419 458 
292 
337 343 343 343 392 392 392 477 
76 
76 76 360 361 
236 303 303 
39 39 
124 219 390 454 454 
7 7 157 157 169 169 169 238 271 287 310 310 374 
503 503 

69 104 117 129 129 138 138 138 147 147 191 192 195 201 201 211 230 267 275 275 344 432 460 487 
104 104 
212 212 212 233 
342 
496 
39 430 430 430 430 
76 
311 413 424 
325 
76 186 
70 70 
110 110 176 
150 150 408 
40 
149 149 374 442 
193 193 286 413 


283 415 
5 

305 
70 409 409 
367 
184 184 
81 329 


11 334 385 
496 

195 195 204 236 268 268 471 
204 204 267 267 
415 
286 286 
7 158 203 218 233 282 282 297 327 339 374 375 391 391 401 408 408 412 442 453 453 
160 160 
5 5 5 472 475 
219 402 
236 236 
157 
415 

5 5 31 
435 435 449 449 467 
67 298 347 421 421 
144 271 271 427 
254 415 415 
184 

193 251 270 270 
9 233 

184 184 
23 23 97 171 480 480 
184 184 426 
76 76 152 152 152 226 364 410 410 
408 408 408 
397 408 
76 76 
68 68 68 
271 408 408 
281 
54 76 76 413 
177 177 
339 
39 485 
230 230 

159 257 392 482 482 
87 408 408 
396 396 465 
467 467 
124 210 222 
212 212 233 233 
243 
84 84 85 
8 224 
76 80 199 214 214 349 349 398 418 429 434 467 481 
31 31 31 73 


413 413 
76 76 
140 
323 
76 76 
42 42 321 359 359 
41 
72 90 153 153 244 
358 358 
271 
76 209 
165 223 223 261 432 
39 39 159 428 

407 413 

264 413 413 413 
174 413 494 494 
486 486 486 
227 
184 
145 145 271 301 381 452 452 464 
182 182 
222 
239 
227 227 227 
69 69 147 147 173 236 447 
184 
27 27 47 47 459 
67 281 421 506 
84 84 85 85 
314 314 
8 224 
189 189 189 356 356 
402 402 
76 76 
5 5 31 31 99 134 134 151 151 184 411 450 462 490 502 502 508 
12 184 202 
351 351 
367 431 
72 89 90 326 326 413 413 466 503 503 
81 81 323 323 
229 
76 229 
193 193 413 413 

118 292 
415 415 

114 181 259 357 496 



68 68 
106 190 
196 196 
154 233 250 271 408 408 
271 
222 222 222 
225 
101 
103 
134 
0 46 133 339 395 
413 
63 63 415 
449 
264 

124 

82 82 115 142 
17 232 
271 271 
227 227 227 305 
225 

46 381 
184 184 307 307 
58 294 
314 
41 41 156 
5 5 
110 271 
39 219 274 352 352 405 405 

6 92 
39 39 402 402 

332 413 413 
26 150 158 248 271 271 293 293 293 294 297 297 306 306 374 374 412 437 
184 184 184 258 258 
292 292 
354 
271 408 
45 45 76 92 128 155 155 161 167 182 187 187 193 243 251 299 318 318 332 334 334 334 335 358 358 362 362 382 407 407 439 455 
22 
37 116 129 177 177 254 269 277 283 283 365 365 383 432 460 463 

149 
80 95 314 
225 
98 441 
281 281 347 
196 196 

243 
103 103 103 157 157 157 169 169 
291 
282 
20 330 
314 
241 241 241 241 
357 496 496 
236 329 415 
159 
314 
280 280 
22 
408 

45 45 413 
76 
5 5 98 98 420 
250 271 
5 5 
15 182 
41 
56 
344 
74 74 74 128 
280 280 384 467 467 
41 41 156 354 

339 339 464 
271 271 
4 124 131 219 232 232 
413 
184 184 
41 
225 
346 
236 415 
497 
354 
63 63 63 415 
339 452 
184 307 
72 358 
215 215 280 308 308 314 449 449 

159 159 511 

101 170 267 
273 475 
491 
487 487 
273 472 
10 10 10 100 496 496 496 
39 39 159 227 
207 
193 193 
127 290 290 
314 
305 305 
30 222 
51 184 
39 39 302 
336 336 336 489 
56 236 474 474 
213 
486 
51 184 354 
126 126 185 473 

3 
220 220 335 335 
81 81 
100 100 100 197 240 265 367 431 431 476 476 476 
22 461 
160 
182 222 222 

54 
354 354 
234 234 358 358 
5 5 

347 
104 
86 198 354 
76 

159 469 
