Nodes: 512, Edges: 713
381 

28 91 91 182 183 189 
271 271 493 493 

34 48 50 225 225 255 354 354 400 400 441 443 475 504 504 
404 404 
233 233 
224 313 313 350 
287 
476 
264 264 
202 202 355 355 355 
76 
117 
182 
184 184 
455 455 

104 
428 
31 
331 414 414 414 436 497 
290 290 
76 
408 
158 158 
76 
2 183 

180 222 
21 172 184 184 279 354 354 486 
184 307 
67 192 
5 
158 210 210 413 
106 106 
415 
358 
62 62 159 163 166 166 241 302 330 402 405 477 485 
192 249 
85 85 156 160 184 324 324 354 354 399 450 450 450 457 457 492 

193 193 

76 
381 395 395 
76 
5 508 
236 
5 400 
490 

225 
76 299 501 501 501 
93 195 236 
446 474 474 474 487 
415 415 


236 236 
81 359 359 
39 39 241 
383 383 
381 381 
193 362 362 
141 
33 192 281 281 
169 179 179 296 371 371 

184 184 258 
369 
358 466 466 

413 448 448 
463 
13 24 27 45 47 54 109 162 186 199 208 228 245 295 299 299 314 314 314 319 319 322 328 328 354 423 456 456 509 
196 413 413 


314 
61 113 261 289 289 329 359 394 495 495 
142 142 143 143 165 389 389 
104 104 
85 85 312 
41 41 84 84 160 312 445 
198 198 
370 370 408 408 
504 


2 2 
413 
55 

418 
398 
171 290 

354 
476 496 
140 195 378 471 471 
117 136 136 216 216 
146 146 379 
19 83 83 236 237 237 507 507 
190 190 372 
36 36 372 


76 199 
176 247 
182 182 

81 
367 367 


14 102 125 
152 262 364 364 
222 413 
486 486 
143 

381 468 468 
232 387 454 
117 136 
491 491 
480 480 
448 448 


454 


354 

102 102 125 
184 
236 
381 
101 
66 196 358 
82 82 389 389 
82 82 121 217 
282 
339 339 339 
103 103 379 
236 236 344 

417 417 417 
248 248 408 408 
354 
118 292 292 292 

374 374 
413 
41 399 
233 233 276 425 425 425 
26 26 35 194 
39 188 205 205 205 227 231 305 428 433 
41 85 272 312 312 498 
413 413 439 
76 322 322 
39 

82 
39 39 477 477 
413 
413 413 
68 233 233 425 
471 471 471 
97 290 290 480 
31 
344 344 344 
222 335 335 
187 187 407 407 
110 
300 
183 
68 68 
30 222 
367 367 
2 15 111 111 340 363 413 444 444 444 499 
2 28 178 
16 16 31 31 32 41 70 70 137 213 246 246 260 279 279 284 284 291 291 307 315 354 366 396 409 426 456 465 465 488 488 
491 
76 245 245 245 440 440 
175 175 413 
159 477 477 
2 
105 105 372 
285 304 304 446 446 446 
33 40 67 281 281 
43 43 65 251 358 358 362 362 413 479 479 
158 
55 101 236 267 
77 141 200 290 350 373 413 413 
496 
86 86 508 508 
76 109 314 
196 269 

12 12 355 355 
271 271 
268 268 
159 159 159 
405 
478 
76 
328 
35 35 309 309 

238 310 310 
184 
215 314 314 
214 467 
102 102 
143 
271 
232 402 
494 

30 119 174 180 341 341 376 499 499 
329 
8 313 313 350 
5 5 53 377 377 393 419 458 458 

159 257 392 477 
76 245 
360 360 360 360 
236 236 406 406 
159 
124 219 390 454 
7 7 157 157 169 169 238 271 287 287 296 296 375 505 
503 
487 487 
49 55 60 60 104 138 147 147 195 230 230 237 252 267 275 344 415 
104 104 236 
212 233 
342 405 
476 476 496 
39 62 

311 424 494 494 
325 358 
76 186 186 186 228 
184 184 
110 401 
150 150 
40 
374 442 
193 
236 

283 283 
5 
271 
227 305 
70 409 409 409 
367 367 
184 
81 
118 
315 315 
11 11 334 385 385 
496 496 

195 236 268 356 
204 204 267 
200 
286 
3 3 203 203 218 233 256 282 297 297 339 374 374 374 375 391 412 412 427 
160 
354 354 472 472 475 

236 
157 


31 184 184 
449 467 467 
67 67 192 192 347 421 421 
144 271 427 
254 254 415 415 
184 184 
191 
270 413 413 
9 233 233 

81 81 451 451 
23 23 97 171 171 196 480 
184 184 
152 152 152 364 410 410 

397 408 
76 509 
68 233 233 
271 271 408 
347 
54 76 76 413 413 
177 
339 
39 485 

191 191 
159 257 343 343 482 
408 
32 184 354 354 465 
467 467 
210 210 
212 212 
243 
84 85 160 160 
8 8 224 224 
76 76 76 80 199 214 214 317 317 354 384 384 413 418 434 449 449 455 455 467 481 481 
184 263 263 486 
444 
314 314 398 398 398 413 
413 
76 76 

323 
76 162 162 
321 359 
41 41 
244 358 
358 

76 76 209 
81 223 
39 428 
22 
407 
413 
264 385 385 413 
174 174 413 494 494 


415 
145 145 145 271 301 408 452 464 
182 
222 222 
239 
305 305 
147 173 173 173 236 447 

459 
281 298 421 421 506 

481 481 481 
8 196 224 
356 356 
402 
456 
5 5 31 31 41 41 76 99 134 151 184 273 273 307 307 314 450 462 490 490 502 502 508 
12 12 12 202 202 
267 351 351 
367 367 431 
38 72 141 193 193 244 325 326 413 503 
61 61 81 323 
229 229 229 229 

65 65 193 193 
182 
118 118 292 
415 415 
184 
114 114 181 181 259 259 357 357 
401 
71 
87 87 
68 68 
105 106 190 
196 
154 154 250 271 271 271 417 442 442 
233 271 
222 
225 225 458 
101 
103 146 

0 46 64 64 123 139 395 395 408 408 
413 413 
63 63 415 
314 314 
264 264 334 334 

124 
487 487 
82 82 142 142 497 
232 
271 
227 
225 
81 495 495 
46 46 381 381 
184 
294 
96 317 317 317 
41 156 
5 5 50 
247 368 
39 219 352 

6 6 
39 206 239 
230 230 
175 175 332 413 
25 87 87 150 150 294 297 306 339 381 381 437 470 
184 258 258 258 
292 292 

271 271 
35 74 77 77 92 119 155 161 161 167 168 168 182 187 193 196 196 286 286 299 299 314 317 318 333 334 335 358 382 382 407 448 448 500 
22 22 22 
37 57 57 236 283 283 338 365 365 383 432 460 463 

149 149 149 374 
95 314 
225 
441 
281 281 347 347 

76 
243 
157 157 157 169 
184 
271 282 
20 159 330 


357 496 496 496 
415 
159 
314 
449 
22 
408 
487 
161 
186 186 
5 420 
250 374 374 468 
5 
182 182 182 316 
85 450 
56 191 191 191 
344 
74 74 128 128 413 413 
280 314 314 435 467 
41 41 41 354 445 
289 289 
339 464 

124 131 232 
17 17 314 314 
76 76 184 353 
41 41 
225 225 377 
346 
415 
497 497 
354 
75 415 
339 452 
184 184 307 
72 72 
215 280 280 308 308 314 449 
123 123 442 
511 511 
408 
101 101 170 170 170 
273 273 

56 56 56 
5 273 
10 100 240 240 496 
39 166 166 188 188 227 
207 
193 193 
127 127 171 290 
314 314 349 349 349 
305 


39 302 
31 120 120 315 489 
56 235 235 388 388 438 
184 184 
486 
51 354 354 
126 126 185 
41 
3 3 
220 243 243 335 335 
81 81 394 394 
100 197 240 265 265 431 431 431 476 
22 389 461 461 
160 
182 222 222 
413 
54 54 54 
354 354 
234 358 
5 5 88 
233 
347 
104 104 
48 198 198 354 
76 295 

469 469 
