Nodes: 512, Edges: 713
381 381 
441 
28 91 91 111 111 182 183 189 
493 493 

34 34 50 50 184 198 255 273 279 354 400 400 441 443 504 
404 404 
233 271 
196 224 224 350 
287 

264 
184 202 355 
76 
125 184 184 
182 182 



104 
428 428 
31 
108 115 331 389 389 414 414 436 436 436 
290 

408 408 
158 158 408 408 
346 
2 178 183 
56 
180 222 222 
21 172 184 315 315 315 354 

67 192 
5 5 
210 222 
106 106 
57 415 
358 
62 159 163 163 166 166 241 241 302 330 402 405 405 477 485 
236 249 
85 99 151 151 184 184 324 354 399 445 450 492 492 492 
321 321 
193 193 193 
137 137 

339 381 395 
346 346 
508 
236 236 
5 5 400 

345 
225 
501 
195 
29 191 191 236 487 
37 
294 

104 104 236 236 
359 
39 
75 383 383 383 
381 
193 362 416 
141 
33 192 192 347 347 347 
179 179 371 
236 344 
184 246 258 

466 466 
463 
413 
63 383 463 
13 107 162 186 199 199 228 228 229 245 245 245 245 292 292 295 295 295 299 319 322 346 413 440 440 478 
196 

236 
314 418 
113 184 261 289 329 389 394 495 
121 121 142 165 165 389 
104 104 236 438 438 438 438 
85 312 348 348 
41 84 160 348 
198 198 198 198 
306 306 408 408 

358 358 

2 2 
182 404 

315 315 
418 

171 
420 441 
41 
476 
195 378 378 
117 136 216 
146 146 379 425 
19 60 60 83 83 138 236 236 237 237 
184 184 190 
36 36 
76 
22 414 
199 
247 247 247 
2 2 182 
184 
81 
367 
22 

102 125 135 184 184 236 
152 364 

486 
82 82 143 
222 
468 
387 387 454 
14 117 136 
185 
480 
413 448 
415 
497 
454 454 454 
168 168 
381 
354 
117 
102 125 
44 44 184 
104 

320 
66 196 358 
82 389 
121 217 217 217 
282 

103 103 379 
344 
191 191 304 

408 408 
41 41 
118 292 292 
325 325 
374 
413 413 
354 
425 425 425 425 
26 26 194 271 
39 231 231 305 428 469 477 511 
85 312 312 498 
413 413 439 439 
76 
39 39 

82 82 329 
39 39 477 477 
500 
132 132 413 413 
425 
471 
97 290 480 
31 
344 344 
222 
187 187 187 407 
247 247 
300 
28 183 
68 68 
30 222 
367 367 367 
2 15 15 92 111 220 220 363 363 413 444 444 
2 28 178 
5 12 14 14 31 41 41 70 81 105 105 112 117 117 137 213 221 221 236 246 258 260 279 289 289 291 307 354 354 396 409 409 426 456 456 465 465 484 488 490 
126 
76 440 
175 175 175 413 

2 351 351 351 
105 
56 56 148 148 236 236 285 285 304 446 446 
33 67 67 236 281 
43 43 43 65 251 358 362 413 500 
158 
55 101 236 267 471 
8 77 141 200 290 290 350 413 422 422 

5 86 86 86 86 386 
76 76 109 314 
196 

12 355 355 
271 
267 268 268 


337 337 337 

328 328 
35 309 

238 310 
184 488 
215 215 314 314 
214 214 314 314 
102 
143 143 143 
271 271 271 
454 
182 182 494 494 494 
184 184 
30 30 35 122 174 180 314 314 341 376 376 376 413 483 483 499 499 
329 329 
8 8 313 
53 259 393 393 419 419 458 

257 343 343 392 
76 76 
76 360 360 
236 236 275 415 
159 159 
390 454 
7 238 238 271 271 287 287 310 374 505 

236 
40 49 49 56 60 60 69 79 83 104 104 117 184 191 191 192 195 230 230 235 252 267 344 344 351 432 438 460 
104 104 
212 233 233 
342 405 
279 496 
39 39 430 

311 413 413 424 424 
325 325 358 
76 76 76 76 
70 184 
110 110 110 176 176 
408 408 
40 
417 417 417 442 
193 286 
236 

283 415 
5 
271 271 273 
227 305 
70 184 409 
225 367 367 441 
184 
81 
364 
315 315 
11 385 


195 204 236 268 471 
204 204 267 

286 286 
7 158 203 218 218 218 233 233 256 256 297 339 354 374 391 408 408 408 427 

5 256 354 472 475 475 475 
402 402 
230 



5 184 240 
308 435 467 467 
192 298 347 
144 427 
254 415 415 

191 191 
251 270 270 413 
9 233 233 

81 184 184 
23 171 196 196 480 
184 
76 76 152 152 364 410 

58 397 397 
76 76 76 

271 
281 347 
76 413 
177 

39 
415 415 
148 191 
159 257 343 343 343 343 482 
87 87 
184 465 465 465 
280 467 
210 
212 233 
243 
84 160 160 
224 
80 199 214 214 215 215 222 222 317 349 349 354 354 384 398 418 429 429 434 449 455 481 481 481 
31 31 31 94 94 263 263 336 486 
444 444 
314 413 413 

76 
140 
42 42 323 
76 
321 359 359 
41 
153 153 244 244 358 358 
358 

209 209 
81 165 223 223 
39 428 
22 
407 413 
413 
385 413 
494 494 
315 
207 207 207 

46 271 381 381 381 408 408 452 464 464 

222 
239 
227 227 305 305 305 305 
69 147 173 173 236 236 447 
52 
27 47 47 76 459 459 
67 67 67 281 298 421 506 
84 84 85 
314 314 481 
8 196 
189 189 189 236 356 356 
402 
456 
5 31 41 134 156 184 184 271 273 314 314 411 411 450 450 462 490 490 508 
12 202 202 
351 351 
431 431 
38 89 89 141 193 244 325 325 326 413 503 
61 323 323 
229 229 

65 193 
182 182 
118 262 292 


114 181 181 181 259 259 
401 


68 


154 233 271 408 442 442 

222 222 222 

101 101 
103 146 

0 0 46 64 133 339 339 339 395 408 408 

63 63 63 75 
314 
264 334 413 
198 
124 124 
487 487 
22 22 81 82 142 497 
232 
271 
227 
225 225 
81 
46 381 
184 
294 294 
314 
41 
5 5 50 
368 
39 274 274 352 405 
427 
6 6 92 
39 39 239 402 
415 
175 332 413 
25 25 26 26 87 87 150 150 248 248 271 271 271 339 339 374 381 381 412 437 470 470 
184 184 258 
292 
354 354 
408 
74 76 128 155 155 161 161 168 168 182 187 193 196 222 243 243 286 299 317 317 332 333 334 358 385 407 439 439 455 494 
22 22 108 
37 129 230 254 283 283 303 303 406 432 460 460 460 463 
65 
250 250 250 
80 95 314 
225 225 
98 
347 
196 196 

243 243 
103 157 157 157 157 169 
184 
271 282 403 
20 20 159 330 
314 314 
241 
357 357 496 
236 415 

314 
280 449 
22 22 22 
408 
83 83 83 83 236 487 
161 161 413 413 
76 76 186 
1 5 98 259 
250 374 374 468 
5 
182 182 316 316 
41 450 
191 191 
344 
128 
314 435 467 
41 354 354 445 462 

339 

124 131 131 131 219 232 
314 413 
184 184 353 491 491 

225 
346 346 
236 415 415 415 
497 497 
354 450 
73 75 415 
339 339 
184 184 307 307 307 
72 72 
280 280 308 449 
123 442 
159 511 511 
408 408 
170 195 267 
273 

487 
273 273 273 
100 496 496 496 
39 159 166 166 
76 

127 171 290 
314 314 314 349 
305 
222 222 
184 
39 
120 315 489 489 
56 388 388 438 474 
184 213 
486 486 
184 354 354 
456 456 
41 41 41 
3 3 
220 220 220 335 335 413 
81 
240 431 476 476 476 
130 389 461 461 
160 
222 222 
167 193 
54 

358 
5 
233 
347 

48 354 


159 469 469 
