Nodes: 512, Edges: 713

441 
28 28 91 111 183 189 189 
271 271 
454 454 
34 50 88 88 88 225 225 279 279 354 354 400 400 441 443 443 475 504 504 
404 
271 
196 224 224 224 313 313 350 350 
287 287 287 287 
476 
264 
184 202 202 

117 
59 59 59 182 182 182 444 
184 
390 
420 


31 31 
108 108 115 331 331 414 461 497 497 
290 290 
76 
408 

76 346 346 
2 2 178 178 183 183 
56 
180 222 483 483 
21 21 172 172 279 354 486 

67 
5 
158 158 158 222 222 

415 415 

163 166 219 302 330 402 485 485 
236 
99 99 137 137 151 160 184 324 324 445 450 450 450 492 492 
323 
193 
137 
439 439 
339 381 395 
78 

236 
5 
490 490 
184 345 
225 
76 501 
93 93 195 236 236 
29 236 236 487 
415 
294 
15 15 15 444 
236 
81 81 
241 
383 383 383 
395 
416 416 

33 192 281 347 
179 296 371 
236 344 
184 184 184 246 246 258 

358 466 466 
94 315 315 
448 
383 463 
24 27 54 78 78 96 96 107 184 184 186 196 196 199 207 207 207 208 208 228 228 229 245 245 245 292 292 295 295 299 299 319 322 322 346 353 353 354 361 413 413 423 440 440 456 456 509 
196 413 
47 76 76 
236 

61 61 82 82 261 289 329 329 359 394 
81 81 121 121 143 143 165 165 389 389 
236 236 438 
85 312 
84 160 312 348 
198 508 508 
370 408 
5 5 5 504 
358 
358 
2 
182 404 
55 55 
73 315 

76 76 398 

420 420 
41 41 
476 496 
471 
117 117 
379 379 425 425 
138 236 507 
184 184 
190 372 
76 
22 22 

247 401 
2 182 



22 

14 102 102 125 125 125 135 135 

122 413 413 
486 486 
82 82 143 143 
119 

387 387 454 
117 117 117 136 
185 491 

413 413 448 448 448 
236 415 



381 
354 354 380 
117 117 
125 
41 41 44 184 184 
104 
381 
320 
196 196 
389 389 
82 82 121 121 

339 339 
379 
344 
191 191 304 304 

248 248 
41 354 354 354 
292 
325 
374 374 


233 276 
35 35 35 194 271 408 
188 205 231 305 305 305 330 402 402 428 428 433 469 469 477 510 510 511 
41 85 272 312 312 498 
413 439 
322 
39 

82 82 329 
39 
500 

233 233 425 
471 
290 290 290 480 480 480 
31 31 

222 280 335 
407 407 
247 
300 415 415 415 
28 28 
68 
30 222 222 
367 
15 15 15 92 111 340 404 444 499 499 
2 28 28 
12 16 41 52 70 70 70 76 76 105 105 137 137 213 221 246 258 279 284 291 307 307 315 315 345 354 355 366 366 396 396 426 426 426 456 456 465 484 
126 491 491 
76 245 440 

159 
2 2 
106 372 
148 148 267 268 285 304 
67 236 
43 251 251 251 286 413 
158 
55 267 267 267 471 
8 76 76 77 141 141 200 413 413 422 422 422 

86 386 508 508 
76 314 314 
196 269 

12 12 
271 271 
268 268 
159 
405 
76 76 76 337 478 
76 76 



310 310 
184 
215 
214 


271 
39 274 402 454 454 454 
494 494 
184 
30 35 35 174 180 180 314 314 341 341 376 376 376 413 413 
329 
8 8 8 313 
5 5 53 377 
292 
257 257 343 392 477 
76 76 
76 295 360 361 
236 275 275 406 406 406 415 
159 
390 
157 169 169 238 271 271 287 287 296 296 310 310 310 374 374 505 505 
503 503 503 

40 49 55 55 56 56 60 69 79 83 83 104 129 192 230 237 237 252 275 278 283 283 283 344 344 344 415 
236 236 
233 
405 
476 496 
62 430 

311 311 424 424 494 
358 358 
76 76 76 186 
70 70 184 
110 176 288 288 
150 150 408 

374 417 
193 193 193 286 413 
236 



271 
227 227 305 
70 184 409 
367 367 

81 
364 364 410 
315 315 315 
11 334 385 385 
496 
493 
191 195 195 195 268 471 
191 204 204 267 
200 
286 
3 3 7 158 203 203 218 233 233 256 282 297 327 354 374 391 391 401 408 408 427 453 
160 
354 475 475 
219 
230 230 236 
157 

236 
5 5 31 184 
174 308 308 435 
67 298 347 421 
271 427 427 
236 236 236 
184 
191 
193 251 270 
9 9 9 9 233 233 
247 247 
81 451 
23 23 171 171 171 480 
184 
76 76 152 226 

58 397 408 408 
76 76 229 
68 233 233 
271 
281 
76 76 
177 
339 339 
39 485 485 

148 148 191 
159 159 159 257 343 343 
370 
184 184 465 
280 280 467 

212 212 233 233 233 
243 243 
84 85 160 160 
8 8 224 
199 199 222 222 317 349 384 413 413 418 418 434 455 455 467 481 481 
73 73 94 184 184 263 263 263 336 486 
444 
314 398 

76 354 
140 
323 323 
76 76 162 
42 321 321 359 
41 41 
153 358 

271 

81 81 165 223 
39 159 369 
22 22 
407 413 413 
413 
264 385 413 413 413 
174 413 494 
315 
207 
415 
46 145 145 301 301 381 381 452 464 470 470 
182 
222 222 

227 305 305 
69 147 236 236 236 447 
52 184 
27 27 76 459 459 
67 281 421 
85 
314 
8 8 
356 
402 
76 76 456 456 
5 5 31 76 134 134 151 151 151 184 271 273 319 411 462 462 502 502 
184 
351 
367 
72 89 90 244 244 325 413 466 503 503 
81 323 
229 
76 229 
413 

262 262 
415 
184 184 
181 259 259 357 496 

330 
87 306 
68 
106 190 

154 154 233 233 250 271 408 417 442 

222 222 222 
225 

103 103 146 
134 
46 133 139 339 339 408 
413 
63 63 63 75 415 
314 449 
264 264 334 413 
198 
124 124 
487 487 
82 82 142 142 497 
17 232 
271 271 
227 

81 495 
46 64 
184 184 
294 
96 317 

5 5 
110 271 
39 159 159 219 352 
427 
6 92 182 
206 239 
230 230 230 
175 175 332 413 413 
25 87 158 248 271 271 294 294 374 381 412 437 437 
258 
262 
354 
408 
76 76 77 119 119 128 128 161 193 196 196 222 222 251 314 314 332 332 333 334 334 334 335 358 362 382 385 407 407 439 448 448 455 455 
22 
37 37 57 129 177 177 177 230 236 338 365 383 432 460 460 460 460 463 
65 65 
250 374 
314 314 

18 98 98 
281 347 
196 196 196 
76 
243 243 
103 103 169 
184 184 184 
271 282 282 403 
159 159 

241 

415 
159 
314 
280 

408 408 
83 
45 45 161 413 
76 76 186 
1 5 
374 468 468 
5 5 
15 59 182 316 
41 450 450 450 450 

344 
74 128 128 128 413 413 
384 467 
41 41 41 445 445 445 445 
289 
339 464 
271 
4 4 124 219 219 219 
314 314 413 413 
76 76 184 184 353 353 


346 346 
415 415 415 415 
22 497 
354 354 
75 415 
339 452 
184 307 
72 72 358 
308 314 449 
442 442 
159 159 511 
339 339 
101 170 195 267 
475 


5 273 273 472 
10 100 240 496 
159 227 
207 

171 171 171 290 
314 314 

30 30 
184 
39 39 302 302 
31 120 120 315 489 
56 388 388 

486 
51 51 
126 185 185 
41 41 
266 
220 220 243 335 
394 
100 240 265 367 476 
22 22 389 461 
160 
182 182 
167 
54 
354 354 
234 234 234 358 358 
5 5 88 
233 233 

104 
86 86 198 198 
76 
159 159 
159 469 
