Nodes: 512, Edges: 713
133 381 381 381 
441 441 441 

493 493 
454 454 
34 34 50 88 198 255 354 354 400 475 508 
404 404 
271 
196 196 224 313 350 350 
287 
476 
264 
202 202 355 
76 
117 184 

184 184 

420 441 441 
104 
428 
31 31 
108 331 331 389 389 414 414 436 436 
290 290 290 290 
76 76 

158 408 408 
76 
183 183 
56 
180 222 483 483 
21 21 172 354 
184 
67 67 192 192 192 
5 5 
158 210 222 


358 358 
62 62 166 219 231 302 402 477 477 485 
236 236 
99 137 151 156 184 354 399 457 457 492 492 
323 323 323 
193 
137 
76 413 413 
64 64 
76 346 346 346 
508 
236 
5 400 
490 490 490 
184 345 

76 
93 
29 191 191 236 304 304 304 474 487 487 
415 415 
294 397 

104 236 
81 81 359 
39 39 241 
75 383 
46 46 381 
362 416 416 416 
141 
33 33 192 281 347 347 
179 296 296 371 
344 
246 

325 358 466 
94 94 
448 448 
63 383 383 463 463 
13 24 24 27 45 47 54 78 96 96 107 107 109 184 184 184 186 186 196 199 207 208 245 245 292 295 295 319 322 346 346 346 354 361 361 413 423 423 440 478 509 
196 413 
76 
104 
314 314 
61 61 82 495 495 
81 143 165 165 389 
104 104 236 236 236 438 438 
85 85 312 
84 84 160 348 
198 508 
306 306 306 370 
5 504 504 

358 

182 404 404 
55 
73 73 315 

76 76 398 
171 290 
441 
41 354 
476 476 496 
195 378 471 
117 136 216 
146 
19 60 79 83 83 236 236 507 
184 190 
372 372 
76 76 
22 
76 
176 176 247 247 401 401 401 
182 182 
184 

367 

184 415 
14 102 125 125 184 184 236 
152 
122 222 413 
486 486 
143 
119 222 

232 309 387 387 454 
117 117 136 136 
491 491 

413 413 448 448 
236 236 

454 454 
168 
0 381 
354 380 

102 125 125 
41 44 184 
164 
381 

66 196 358 

82 121 217 217 


103 
236 236 344 
304 
250 417 
248 248 
41 
118 292 292 
325 325 325 
374 
413 
41 399 
276 425 425 
26 35 
188 188 188 205 227 231 231 305 305 510 
85 312 
413 
322 

138 
82 82 
39 
413 413 500 
132 413 413 
233 296 296 425 425 425 425 

97 480 
31 

222 222 222 280 335 494 
187 187 407 
110 110 247 
300 415 415 
183 
68 
30 
367 367 
92 111 111 340 340 363 404 444 
28 28 178 
14 16 16 32 41 52 76 76 76 105 112 116 117 117 137 213 213 221 236 260 284 284 289 289 289 291 292 315 324 324 338 338 354 355 355 366 396 456 456 465 465 465 484 490 490 
491 491 
76 76 440 
175 175 413 
159 159 159 477 

105 372 
56 56 267 267 304 304 446 
33 33 33 67 236 236 
43 251 286 413 413 479 479 500 

101 236 
8 8 76 77 141 290 350 350 373 413 422 422 422 

5 86 386 508 
76 207 314 314 

236 
12 12 355 


159 
405 405 
76 199 
76 

35 309 

238 310 310 
184 184 
215 215 
214 214 314 467 467 
102 
143 143 

39 232 232 402 402 
494 494 
184 
30 35 119 122 174 174 174 314 341 341 376 376 483 499 499 

8 313 
259 259 393 419 458 

159 337 343 392 477 477 

360 
275 275 303 303 406 406 406 415 
39 159 159 
124 219 219 390 390 454 
169 271 287 287 287 287 296 310 


40 40 49 56 60 83 83 83 104 104 117 129 129 147 147 184 192 192 195 201 237 252 267 344 415 415 415 432 487 487 
236 
212 
342 405 
279 
62 430 

311 311 413 494 494 
325 
76 76 
70 
110 110 176 288 288 401 
150 150 408 408 

149 417 417 
193 286 
236 

415 415 
5 

305 305 

225 225 367 
184 

364 364 

11 385 385 
496 496 496 

191 191 236 268 268 356 
267 267 


7 233 327 339 354 354 375 375 401 401 408 408 408 412 427 442 442 442 453 

354 354 472 475 475 

230 230 
157 
415 

240 
174 435 435 449 
67 347 421 
427 
415 415 
184 184 

193 251 413 
9 233 233 233 233 
247 247 
184 184 184 
23 23 23 23 97 196 
184 
76 152 152 184 364 364 410 410 

58 397 408 
76 76 
68 68 169 169 233 
408 408 
347 347 
413 
177 
339 
39 
230 230 415 
56 56 56 148 191 191 
159 159 257 257 343 392 482 
87 87 87 408 
354 396 

124 210 
212 212 233 
243 243 
84 160 
8 224 
80 80 199 199 215 222 317 349 354 384 398 413 418 429 434 434 455 467 467 481 
94 184 

314 

76 354 354 


76 162 
42 42 42 359 359 
184 184 
72 153 153 153 244 358 

271 


369 369 428 
22 22 
407 413 413 
413 
385 
174 413 413 413 494 494 
486 486 
227 
184 184 
271 301 408 452 
182 182 
222 222 
239 
227 305 
69 147 236 447 447 
52 
47 47 47 76 76 76 459 
67 67 281 298 298 421 506 
85 
314 481 481 
8 8 196 196 
356 
402 
456 456 456 
5 5 31 41 76 99 134 184 271 271 273 273 307 314 319 319 411 450 462 490 502 
12 184 184 202 
267 351 
367 367 496 496 
38 38 72 90 141 325 413 466 466 
61 323 323 
229 
76 76 
65 413 413 
182 
262 262 292 292 

184 
114 181 181 259 357 357 
401 
330 330 
87 
68 
106 106 190 
196 
154 417 442 442 442 
271 271 
222 222 
458 
101 

134 
0 0 0 64 133 139 
413 
63 75 75 432 432 
314 449 449 
264 264 334 413 
198 
124 124 
487 
22 22 82 
232 232 

227 305 
225 


184 307 
58 294 
96 314 
41 156 
5 50 
110 110 110 247 271 271 368 
39 219 219 352 405 

6 6 92 92 182 
206 206 239 402 
230 230 230 415 415 
175 332 413 413 
26 26 248 248 271 271 271 294 297 297 306 339 412 470 470 

292 292 
354 
271 408 
45 45 76 77 119 128 128 155 161 167 167 168 168 187 193 193 196 243 286 299 314 332 332 333 335 335 335 358 362 362 382 385 407 407 439 448 455 494 
22 22 
57 57 116 177 177 230 236 236 236 254 254 277 283 283 303 406 406 460 
65 65 65 
149 250 250 374 
314 
225 
18 441 
281 347 
196 196 196 
76 76 

157 157 169 169 169 169 

271 282 
20 330 
314 
241 
496 
236 383 383 

314 314 
280 280 
22 22 

83 83 
413 
76 186 
1 1 1 18 18 98 420 
271 271 271 374 374 374 468 

182 
450 
191 
344 344 
74 74 128 128 413 
280 384 384 467 
354 445 462 

339 
271 
4 4 124 131 131 232 
314 413 
184 184 353 353 353 491 
41 41 
225 377 
346 
415 
497 
354 450 
75 75 

184 184 184 
72 358 358 
215 215 314 314 449 
442 
511 511 
408 408 
101 
273 

56 487 487 
5 273 273 
10 100 100 496 
39 39 188 227 227 
76 
193 193 
171 
314 349 349 
305 
30 30 222 
184 
39 
120 120 336 336 489 
56 56 236 236 388 474 474 

486 
51 51 51 184 184 354 
126 126 185 185 456 
41 41 
3 3 
174 220 220 243 243 335 335 413 
81 81 
100 265 265 265 357 357 431 476 
461 

222 222 
167 193 

354 

88 88 

347 
104 
5 48 86 198 
76 
159 
469 469 
