Nodes: 512, Edges: 713


28 91 111 182 183 189 
271 
454 454 
34 48 50 50 88 184 184 225 255 273 273 279 354 441 443 475 508 
404 
233 
196 196 224 224 224 313 350 
287 287 
476 476 
264 264 
184 355 
76 76 
117 117 117 125 184 
59 444 
184 
390 455 
441 441 
104 
428 428 428 
31 31 
108 108 331 436 461 497 497 497 
290 290 290 


158 158 408 408 
76 346 
2 

222 222 483 
21 21 184 279 299 315 354 489 
307 

5 
210 222 413 

57 415 

62 166 241 267 405 485 
192 
85 99 99 137 184 184 324 324 354 450 457 
321 323 323 323 
193 
137 
76 439 
64 339 381 395 
346 346 346 
5 508 
236 236 
5 5 400 

345 
225 
76 299 
93 93 195 
236 487 
37 415 
294 
15 444 
236 
81 81 81 359 
39 241 
463 463 
46 381 381 
193 193 193 362 416 
141 
192 192 281 347 
169 169 179 371 
344 
246 
369 
466 466 
94 94 
448 448 

13 13 27 45 54 78 96 107 109 184 186 186 196 196 199 199 207 207 208 208 229 229 229 245 245 245 295 295 314 319 319 319 322 322 328 346 353 353 354 413 413 423 440 478 478 509 

76 
104 236 
418 
61 61 61 113 184 261 261 389 394 394 495 
121 121 143 165 389 
104 236 236 438 
85 348 
41 84 160 160 312 312 

306 370 408 408 408 
5 504 


2 
182 
55 55 
73 73 315 315 

76 
290 290 
420 420 
41 41 
476 496 
471 
136 
146 146 379 
19 79 83 236 507 
184 184 190 372 

76 
22 22 414 414 
76 199 199 
176 176 247 401 401 
2 182 182 182 
184 184 
81 
367 

184 
14 14 14 135 184 236 
152 364 
122 222 
486 
82 82 
119 222 

454 
14 136 
185 491 
480 
413 448 448 
236 
497 

168 
381 381 
354 380 380 380 
117 
102 125 
41 44 
236 236 


66 196 358 
389 
82 217 
282 282 
339 
103 103 
236 236 
304 
417 417 
408 
354 354 
118 292 
325 
374 374 374 
413 
354 399 
233 233 425 
26 26 194 271 408 408 
205 231 305 428 428 433 469 477 510 
85 85 272 272 498 
439 
322 


82 
39 477 477 
413 413 
132 
68 68 233 233 296 
471 471 
480 

344 344 
222 335 335 
187 187 187 407 
110 110 
300 300 415 415 415 
183 
68 
222 222 222 

2 92 111 111 111 404 499 
2 178 
5 5 12 14 16 31 41 41 76 81 105 105 112 112 116 117 221 236 236 236 246 258 279 289 291 307 307 315 338 345 366 396 396 409 415 415 456 465 465 484 488 490 
126 491 491 491 
76 76 245 440 440 
175 175 175 
477 
2 
105 372 372 
236 236 267 285 285 304 446 
40 67 67 236 
43 65 65 65 251 358 362 362 413 413 479 500 
158 
55 267 471 
8 8 76 76 141 350 413 
496 
386 508 
76 76 109 109 207 207 

415 
355 
271 271 
267 267 
159 
405 
76 76 199 199 337 478 
76 76 242 

35 309 
236 
238 238 310 
488 
314 314 
314 314 467 

143 
271 271 
232 274 402 

184 
30 30 35 119 122 174 180 180 180 376 499 

8 8 8 313 350 
5 53 377 377 419 419 458 
292 
257 337 392 
245 
76 76 76 295 295 360 360 360 361 
275 303 406 415 415 
159 
219 390 
7 157 157 169 169 238 238 271 287 287 287 374 374 375 375 505 
503 
236 487 
49 49 56 60 79 83 83 104 117 129 138 138 147 147 184 184 184 191 191 192 211 235 237 252 278 278 283 283 415 415 487 487 
236 
212 212 233 233 
405 
476 476 496 
39 62 430 
208 
311 311 424 424 494 494 

76 76 76 186 228 
70 184 
110 288 401 


374 417 
193 286 
236 
330 

5 
271 271 271 
227 
184 409 
367 

81 81 329 
410 
315 
11 11 334 385 
496 

39 191 195 204 204 356 471 

415 415 415 
286 286 286 
3 158 203 203 218 218 233 256 256 256 282 282 327 327 327 374 375 401 401 408 408 427 427 453 
160 160 
5 5 472 472 475 
219 
230 

415 
236 236 
5 31 184 
308 435 435 449 
67 347 421 
144 144 271 271 
236 236 

191 191 
251 270 270 270 413 413 
9 9 233 233 233 
247 
184 451 451 451 
23 23 23 97 97 
184 426 
152 226 364 364 364 410 410 
408 408 
58 408 
76 76 229 229 
169 
408 
347 
31 54 
177 177 
339 339 339 

230 415 415 
148 191 
159 343 343 343 392 482 482 
87 370 408 
32 184 184 354 396 
280 
210 
212 
243 243 
85 85 
8 224 
76 214 214 215 215 349 349 384 384 398 413 418 429 429 455 467 481 
31 94 94 184 263 
444 
398 413 
413 
76 76 76 354 354 

42 323 
76 76 162 
42 42 42 321 
41 41 
153 358 358 
358 
271 271 271 
76 
261 
253 369 369 428 
22 
413 
413 
264 385 
174 174 413 413 494 494 494 
486 
207 227 
184 
46 145 301 301 301 408 427 464 464 



305 305 305 
69 173 173 447 
52 184 
27 47 47 47 76 459 459 
67 281 298 421 421 
84 
314 314 481 
8 196 224 
356 356 356 
402 
76 76 
5 31 41 76 134 151 151 156 307 319 319 490 490 508 
12 202 
267 351 351 351 
431 496 
141 193 325 325 326 413 500 503 
61 
229 229 229 
229 
65 193 193 

118 292 292 292 
415 
184 
114 259 496 
401 
71 330 330 
87 306 
68 
105 190 190 

154 154 154 233 233 250 271 417 442 
233 233 271 
222 
225 225 458 458 458 

103 
134 134 134 
46 64 64 133 133 408 
413 
415 415 
314 314 449 
264 334 413 
198 

487 
81 82 142 
17 232 

227 305 

81 81 
46 
184 184 307 

314 317 
156 
50 
110 110 247 271 271 368 
219 352 
427 
6 182 
39 206 239 
230 
175 413 
26 26 87 87 87 150 158 158 271 271 293 293 294 297 306 339 381 412 412 412 437 470 
184 258 
262 292 292 

408 408 408 
35 76 76 128 155 167 167 193 193 196 286 286 314 317 318 332 333 335 335 358 382 385 407 439 439 448 448 494 
108 108 
37 57 177 177 177 184 184 201 230 230 236 236 269 269 269 277 303 303 365 383 383 460 460 463 
65 
149 149 250 374 
80 314 
225 225 
98 98 
281 347 347 

76 
243 243 
157 
291 
271 271 339 403 
20 20 20 159 159 330 
314 314 
241 
357 496 

159 

280 280 449 
22 
408 
83 
45 161 413 413 
76 186 186 
5 18 18 
374 468 
5 
15 59 316 
450 450 
191 
344 
74 74 128 128 413 413 
280 384 435 
41 445 445 462 
289 289 289 

271 
4 4 124 
17 314 
184 491 
41 
225 377 377 377 
346 346 
415 415 
22 497 
450 
63 63 415 
339 339 
184 184 
72 72 
215 314 
442 
159 511 
408 
101 170 170 195 267 
273 273 475 

487 487 
5 273 472 
10 10 100 240 240 
159 166 166 188 
76 76 207 
193 
127 171 
314 349 
305 305 
30 
184 
39 
120 336 
56 235 236 236 388 474 474 
184 213 
31 
184 354 354 
126 185 185 185 456 


243 243 335 335 335 413 
81 
100 197 240 265 357 367 431 
22 22 22 130 461 
160 
182 222 
193 358 


234 358 
88 
233 

104 
5 48 198 354 
76 
159 
469 
