Nodes: 512, Edges: 713
381 
441 441 
91 
271 493 493 

48 88 88 184 184 198 198 255 273 400 443 475 508 508 

233 
196 196 224 313 350 
287 287 
476 
264 
184 202 202 355 355 
76 76 
184 184 
59 182 
184 184 
390 455 
420 441 
104 
428 428 
31 
389 414 461 461 497 497 
290 290 290 290 

408 
158 408 408 
76 346 346 
178 178 178 183 

483 
21 184 184 315 354 489 
184 184 
67 67 192 

158 210 210 222 413 
106 106 
415 415 
358 358 
62 159 163 231 241 302 302 405 405 
236 249 249 
85 99 151 156 160 160 184 354 399 399 450 450 457 492 492 

193 193 
137 
76 413 413 
395 
76 76 346 346 346 
5 508 
236 
400 400 
490 
184 

76 76 299 501 
93 195 195 
236 304 304 446 487 
415 

15 444 
236 
359 
39 241 
383 463 
381 381 
362 362 416 
141 
33 33 281 
169 169 169 179 296 371 
344 
184 184 246 258 258 
369 
325 358 466 
315 315 

383 463 
13 13 27 45 47 47 54 54 78 96 184 186 199 207 207 208 229 245 245 245 292 295 295 295 314 314 319 319 322 328 346 346 353 354 354 361 413 440 456 478 509 
196 
76 
236 
418 
82 113 113 184 495 
81 142 143 165 389 
104 438 438 
85 348 348 
41 84 160 160 312 348 348 

306 306 370 370 408 
5 5 
358 
325 
2 
182 404 404 
55 
315 
418 
76 398 
171 
420 420 420 441 441 
41 
496 
140 140 195 195 471 
136 
146 379 379 425 
19 83 138 138 237 237 507 
184 190 190 
36 36 190 372 372 

414 
199 199 
247 247 401 401 401 
182 
184 
81 81 
367 367 

184 
125 135 135 184 184 
152 364 
122 


119 222 
468 468 
387 454 
117 136 136 


448 
236 415 

454 
168 
381 
354 380 
117 117 
102 125 125 
44 184 
104 104 164 

101 101 320 
66 196 
82 389 
82 
282 282 
339 
103 379 

191 304 
417 
248 408 
41 354 
118 
325 

413 
41 354 450 
233 276 425 
26 35 194 194 
39 188 205 227 227 305 330 428 433 433 469 469 469 477 510 510 511 
41 41 85 85 272 272 312 
413 439 
322 322 
39 
138 
82 
477 
413 500 
132 
68 68 68 425 
471 471 
97 480 

344 344 
335 335 
187 407 
247 247 
300 415 415 415 
28 28 28 
68 
222 222 

15 92 111 220 340 363 363 404 413 413 499 
28 
5 5 12 14 14 16 16 31 31 32 32 41 52 70 70 76 81 105 112 116 117 117 137 213 221 221 246 258 260 284 284 284 289 291 292 292 324 355 366 396 409 456 465 484 488 490 

76 440 
175 
159 477 
351 351 351 
105 105 106 
148 267 268 285 304 446 
33 281 
43 43 251 251 286 362 413 413 479 500 
158 158 
55 55 101 101 267 471 
8 8 77 141 200 350 413 422 
496 496 496 
5 5 386 508 
76 109 109 207 314 314 314 314 
196 
415 
12 12 355 

267 267 
159 

76 76 199 478 478 
76 
328 328 
35 35 

238 
184 
215 314 314 
214 


271 271 
232 274 274 402 
182 494 
184 184 
35 122 180 180 309 376 413 483 499 499 499 
329 
8 
259 377 393 393 419 419 458 
292 
159 159 
245 
76 295 360 361 
236 259 275 275 303 406 
39 
219 
7 157 238 271 287 287 287 296 296 310 310 374 375 375 505 505 
503 503 
487 
40 49 56 60 79 129 230 237 275 415 415 460 487 487 
104 104 236 
212 233 
342 
279 496 
39 62 

311 424 424 

76 76 76 228 
70 184 
110 110 176 176 401 401 
150 408 
40 40 
417 417 417 
193 193 286 413 


415 415 415 
5 
271 273 273 
305 
70 70 184 409 409 
225 230 
184 
329 329 329 
364 
315 315 
11 334 385 
496 

191 195 204 204 471 
191 
415 

3 218 218 233 256 297 327 327 339 339 374 375 375 401 408 408 442 453 
160 160 
5 256 256 475 
219 219 402 
230 230 236 
157 


240 
308 435 435 467 467 
67 192 298 347 421 
144 144 427 
415 415 
184 184 184 
191 
193 251 413 
9 9 233 233 233 

184 451 451 451 
23 23 23 23 
184 426 
76 184 184 226 364 410 
408 408 408 

76 76 76 229 
68 233 233 
271 408 
281 347 
54 413 
177 
339 
39 39 485 485 485 
230 415 
56 56 148 191 
159 257 343 343 343 482 
87 87 408 
465 
280 467 467 467 
222 
233 233 
243 
85 160 
8 
76 76 199 199 199 199 214 214 317 317 384 384 398 413 418 418 429 429 449 455 467 
31 73 73 94 263 263 486 

314 314 413 
413 413 
76 76 
140 

76 162 162 
359 
184 
72 90 153 358 358 358 
358 358 
271 271 
76 209 209 
223 261 261 261 
159 

413 413 

264 385 385 413 413 413 
174 174 494 


415 
145 271 271 301 381 408 427 464 464 
182 

239 
305 305 305 
69 173 173 447 

27 27 47 47 47 76 76 459 459 
281 298 421 506 506 
84 84 85 85 
481 481 
8 196 
189 189 189 356 

76 456 456 456 
31 41 76 76 134 151 156 411 450 462 462 490 
12 12 184 202 
351 
367 367 431 496 
38 38 72 89 325 325 325 326 326 413 
61 323 
229 
76 229 
65 65 193 413 
182 182 
118 262 292 
415 
184 
114 114 357 357 496 

71 
87 87 
68 
106 106 

233 271 408 417 442 
233 233 271 271 
222 
225 458 

103 103 146 
134 
0 64 64 133 339 395 
413 
63 75 415 
314 314 449 449 449 
264 334 334 
198 
124 
487 
22 82 142 
17 


225 225 

46 381 
184 

96 314 
41 41 
5 50 50 
110 110 110 247 247 271 
219 274 405 
427 
92 92 182 
39 39 402 
230 415 
175 413 
25 26 26 87 150 248 271 271 293 293 293 297 306 339 374 412 412 437 470 
184 258 258 
292 
354 
408 408 
35 45 45 76 155 161 167 182 182 193 193 196 222 251 286 299 314 317 318 318 332 332 334 334 334 358 362 382 407 439 439 455 500 
22 108 
37 37 57 129 177 177 177 201 236 236 254 254 254 269 283 283 303 338 365 383 406 432 432 460 
65 
149 250 250 250 374 
80 95 314 314 
225 225 
18 98 98 98 441 
281 347 
196 

243 243 
103 157 169 
291 
282 339 403 
20 20 159 
314 314 

357 496 
415 415 
159 159 

280 280 449 

408 
83 83 
161 413 413 
76 186 
1 1 18 98 98 420 
271 374 468 
5 
59 
450 450 450 
56 191 
344 
128 
314 384 384 384 435 467 
41 41 156 354 445 445 445 462 
289 289 289 

271 
124 131 
17 314 413 
76 184 353 353 353 491 
41 
225 377 
346 346 
236 415 
22 22 497 
354 354 450 
63 75 
339 339 
184 307 
72 
280 280 308 308 308 314 449 
123 123 442 
159 159 159 511 
408 
101 170 170 195 267 
475 475 
491 

5 273 472 472 
10 
159 166 188 
76 207 207 
193 
171 
349 349 
305 
30 222 
184 
302 302 302 
315 489 
56 235 236 236 388 
184 
31 486 
51 184 354 
456 473 
41 41 
3 3 
220 335 
81 
100 197 197 197 240 265 357 367 431 
22 22 461 

182 222 222 222 
167 193 413 
54 

234 234 

233 233 
347 347 
104 
5 5 48 198 
76 
159 159 
159 469 
