Nodes: 512, Edges: 713
133 
441 441 
91 91 182 189 
271 271 271 493 
454 454 
34 48 88 184 184 225 273 400 400 441 443 504 504 504 508 
404 
233 233 233 
196 196 224 313 313 350 

476 476 
264 
202 202 202 355 355 
76 76 
117 
59 182 
184 
390 390 
420 
104 104 
428 
31 31 
331 436 497 
290 290 
76 
408 
408 
76 346 346 
178 178 183 
56 
180 222 483 
21 21 172 279 315 354 354 486 489 489 

67 67 
5 
222 222 
106 


62 62 163 163 166 166 166 231 231 302 330 402 477 477 485 
236 236 249 
85 85 137 151 151 160 160 184 324 324 354 399 450 450 450 457 492 

193 193 
137 
413 439 439 
64 381 395 395 
76 346 
5 
236 
400 400 
490 
345 
225 225 225 
299 299 
195 195 236 
29 191 236 236 446 446 487 
415 
294 397 
15 444 
236 236 
81 359 359 
39 39 
75 383 383 383 
46 381 381 
193 362 
141 
33 33 192 281 347 
169 179 296 296 296 
236 236 236 
184 184 184 

325 358 
94 315 
413 448 448 
63 
13 13 24 27 47 78 78 78 96 96 107 109 162 162 184 184 186 186 199 228 242 245 295 295 319 319 319 322 328 353 354 361 413 413 456 
196 
76 76 76 
104 
314 418 
61 82 82 184 184 261 289 359 359 389 394 
81 81 121 121 142 142 143 165 389 
104 104 104 236 236 236 438 
85 312 348 
41 41 84 160 160 
508 
306 306 306 370 408 
5 
358 
358 
2 2 
413 

73 
418 
76 76 
290 
420 420 441 
354 354 
476 496 
140 471 471 
117 136 136 216 
146 379 425 
19 19 79 83 83 83 138 236 237 507 
190 190 
36 
76 

76 199 
176 247 
182 182 
184 184 

367 


14 102 125 125 135 184 
152 152 262 364 364 
222 413 
486 486 
82 82 143 
222 

232 309 387 387 454 
117 117 136 136 
185 491 491 
480 480 
413 413 
415 
497 
454 

0 381 
354 380 380 
117 
102 102 125 125 
41 44 184 184 
104 164 236 
381 
101 
66 196 358 
82 82 
82 121 217 


103 379 379 
236 236 
191 304 

408 
41 41 354 
118 118 
325 325 


450 
233 276 276 425 425 
194 194 194 271 
188 188 205 231 305 330 330 428 433 433 469 469 510 510 511 
41 41 85 85 272 272 312 498 
413 413 
76 76 322 322 
39 39 
138 
82 329 
39 39 39 
413 

68 233 296 

480 
31 
344 
222 335 
187 407 407 
110 247 247 
415 
28 28 
68 
30 222 
367 367 
2 15 111 111 363 363 363 413 413 444 444 499 499 
28 
5 5 16 41 70 70 70 76 76 81 81 112 112 117 137 137 213 246 246 258 260 284 289 289 292 307 315 324 324 345 345 354 355 366 409 426 456 465 484 484 488 488 
126 491 
76 76 245 
175 
159 159 
2 
105 105 372 
56 148 236 285 285 285 
67 236 236 281 
43 43 65 251 251 251 286 286 358 362 413 
158 158 158 
55 55 236 236 267 471 471 
8 8 77 141 200 373 373 413 413 413 422 422 


76 109 207 207 314 
196 
415 415 
12 12 12 355 

267 
159 
405 
199 199 478 478 

328 

236 

184 
314 
314 467 
102 
143 
271 
274 402 402 
494 494 

30 35 35 119 122 174 180 314 341 341 376 499 499 

8 313 
5 53 53 53 458 
292 
392 392 
76 
360 360 360 
406 406 415 
39 39 159 
124 454 
7 7 7 157 169 238 287 287 296 310 310 375 505 505 
503 503 
487 
40 40 49 55 56 56 60 60 69 69 69 83 83 83 104 138 147 147 191 192 192 195 195 211 252 267 275 278 283 283 344 344 415 415 432 432 
104 
233 
342 
496 
430 430 
76 
311 311 311 413 424 
325 358 
76 186 
184 184 
110 176 176 288 

40 

193 193 193 413 
236 

283 415 415 

271 273 

184 409 409 

184 
81 329 
118 364 
315 315 
11 334 385 
496 

195 204 236 268 268 268 
267 267 267 


3 3 3 158 218 256 297 297 327 401 401 408 408 427 427 427 
160 160 
5 256 354 472 
219 
236 
157 157 

236 
31 
308 435 
67 192 298 421 
427 427 427 
236 236 254 
184 
191 191 191 
193 193 
233 233 
247 
81 184 184 451 
23 23 97 480 
426 
184 226 364 410 
408 408 408 
58 397 408 
76 76 
68 68 68 169 233 
271 271 
281 347 
54 54 

339 339 
39 485 

148 
159 343 
87 87 87 408 408 
184 354 354 465 465 465 
280 467 467 
124 
233 233 
243 243 243 
84 160 
8 8 224 
80 199 214 215 222 317 354 384 398 398 413 418 434 434 467 467 481 
31 73 184 263 263 336 336 486 

314 398 
413 413 
76 76 76 

323 323 
76 162 162 
321 321 359 359 
41 41 184 184 
72 153 153 244 358 

271 
76 209 
165 261 
39 159 159 369 428 
22 
407 407 413 
413 413 
264 385 413 
174 494 
315 315 


301 301 408 452 464 470 

222 222 
239 
305 
173 236 236 447 
52 184 184 
27 27 47 
67 298 421 506 506 
84 
481 
8 
356 

76 456 456 
31 31 41 76 99 99 134 151 184 273 307 307 314 411 411 450 462 490 502 502 
12 12 184 202 
351 
431 431 
72 89 90 141 193 244 325 413 466 500 503 
61 61 81 81 323 323 
229 229 229 
76 
65 193 413 
182 182 182 
118 118 262 292 
415 415 415 
184 
114 181 181 

330 
87 

190 
196 196 
442 
233 
222 


103 146 146 
134 134 
46 64 64 133 139 395 395 
413 
63 63 63 
314 
264 334 413 

124 124 

81 82 497 497 
17 17 

227 227 

81 495 
46 46 381 381 

58 294 
314 314 317 
41 
5 5 50 50 
271 271 
39 219 219 
427 
6 
206 
230 230 415 415 
175 175 332 332 413 
25 26 87 150 271 271 293 293 293 294 306 306 339 412 412 437 
184 258 258 
292 
354 354 
408 408 
45 74 76 76 92 119 128 128 161 161 167 182 182 193 196 196 196 243 251 314 318 318 332 333 333 334 358 362 382 385 407 439 448 494 494 500 

57 129 177 201 201 230 236 236 254 254 365 365 365 406 406 432 432 460 463 463 463 


80 95 314 

18 98 98 441 
281 347 
196 196 

243 
103 157 157 
184 291 
271 271 271 282 282 282 403 
20 159 330 

241 241 
357 357 496 496 
236 236 415 415 
159 159 
314 314 
280 
22 
408 
83 487 
45 45 413 

1 1 5 98 420 
374 468 468 
5 
59 182 182 
450 
56 56 
344 
74 74 413 
467 
41 41 41 156 354 445 
289 
339 

4 4 124 131 232 

76 184 353 353 491 491 
41 
225 

415 
497 497 497 
354 
415 415 415 
339 
184 307 307 307 
358 
215 308 308 314 314 449 
442 442 
159 159 511 
339 
101 101 195 195 
273 475 

487 
472 
10 10 100 
39 39 
207 207 

127 127 171 290 
314 349 

30 
184 184 
39 302 
31 120 120 315 489 489 
56 235 438 474 
184 184 
31 31 486 486 
51 354 
126 126 185 456 456 
41 
3 
220 220 335 413 413 
394 
100 240 265 431 431 
22 130 389 389 461 461 461 
160 
182 182 222 222 
358 413 

354 354 
234 234 358 
5 5 5 
233 233 
347 347 
104 
5 86 

159 159 
159 469 
