Nodes: 512, Edges: 1187
381 
441 441 
28 91 91 111 183 189 
271 271 493 493 
454 
34 48 50 88 88 88 184 198 225 255 273 279 279 279 354 354 400 443 504 508 
404 404 
233 271 271 
196 196 224 350 350 350 
287 287 
476 476 
264 
184 184 202 202 355 
76 
117 125 184 184 
59 59 59 59 182 182 
184 184 
390 390 455 455 
441 
104 104 104 
428 
31 31 
108 115 331 389 414 461 461 461 
290 290 
76 
408 
158 408 
76 76 346 346 
2 178 178 183 
56 
180 222 222 483 483 
21 21 172 184 279 315 354 486 486 486 
184 
67 67 192 192 192 
5 
158 158 210 210 222 413 
106 106 106 
57 406 415 415 
358 
62 62 159 159 159 163 166 166 219 219 231 231 241 241 302 302 302 330 330 402 402 477 477 
192 192 192 236 236 236 
85 85 99 99 137 156 160 160 184 354 399 399 450 450 492 492 
321 321 323 323 
193 
137 137 
76 76 109 413 413 439 
64 339 339 339 381 381 395 
76 346 346 
5 508 

5 400 400 
484 490 490 
184 345 345 
225 225 
76 76 501 501 
93 93 195 236 236 236 
29 191 236 236 304 304 446 474 487 
37 415 
294 294 397 
15 15 15 15 444 
104 236 
81 359 359 
39 39 241 
383 383 383 
46 
193 362 362 362 416 416 
141 141 
33 33 192 281 281 347 
169 169 179 179 371 
236 236 
184 184 246 258 

325 325 358 
94 315 315 
413 413 448 448 448 
383 383 463 463 
13 24 27 27 45 45 47 54 54 78 96 96 96 109 109 109 162 162 186 186 196 196 199 199 199 207 207 208 229 229 242 245 245 245 245 292 295 299 299 314 314 319 319 319 322 322 322 328 328 346 346 346 353 361 413 423 440 456 456 509 509 
196 413 413 
76 
104 236 236 
314 314 
61 82 82 113 113 184 184 261 261 289 289 359 359 389 394 394 495 495 
81 81 121 121 121 142 165 165 389 
104 104 236 236 236 438 438 
85 85 85 348 348 
41 41 84 84 84 160 160 312 312 348 348 
198 198 198 508 
306 370 370 408 408 
5 5 5 504 
358 
358 358 
2 2 
182 182 413 
55 55 
73 315 
418 418 418 
76 76 76 
171 171 290 
420 420 420 441 
41 41 354 
496 496 496 
140 195 195 378 378 471 471 
117 216 216 216 
146 146 379 379 425 425 
19 19 19 60 79 83 83 138 138 138 236 237 237 507 
184 
36 36 36 190 190 372 

22 414 
45 76 76 76 
176 176 247 247 401 401 
2 182 182 182 

81 81 
367 367 367 
22 389 
415 
14 102 125 135 184 184 
152 262 364 
122 122 222 222 413 
486 486 486 
82 82 82 143 143 
119 119 222 222 
468 468 
232 309 387 
14 117 136 136 
185 185 491 491 
480 480 480 
413 413 448 
236 236 236 415 

454 
168 168 
381 381 
354 354 380 
117 
125 125 
41 44 44 184 184 
104 104 104 164 236 
381 
101 320 320 
66 66 196 
82 389 389 
121 121 217 
282 
339 
103 103 379 379 
344 344 
304 304 
417 
408 
354 
118 292 292 
325 
374 374 374 
413 413 
41 354 
233 276 425 425 425 
26 35 35 194 194 271 408 
39 39 39 188 188 188 205 227 231 231 305 330 330 402 428 469 469 477 477 477 510 510 511 
41 41 85 85 272 272 272 312 
439 439 
76 76 322 322 
39 
138 
82 82 329 
39 39 477 477 
413 413 500 
132 132 413 
68 68 233 233 233 296 425 425 425 425 425 
471 
97 97 290 290 290 480 480 
31 
344 344 
335 335 335 494 
187 187 407 407 
110 110 247 247 247 
300 300 415 415 415 415 415 
28 28 183 183 
68 68 
30 222 222 
367 
15 15 92 92 111 111 111 220 340 340 363 363 404 413 413 413 444 444 499 499 
2 28 178 178 
5 12 12 14 14 16 16 31 32 41 52 70 70 81 81 105 117 117 137 137 213 213 236 236 246 258 258 260 267 279 279 289 289 289 291 291 291 292 307 315 315 324 338 338 345 345 354 354 355 355 355 396 396 409 415 456 456 465 465 484 484 484 488 490 
126 126 491 
76 76 440 
175 175 413 413 
159 159 159 477 477 
2 351 351 
106 106 372 
56 236 236 267 267 267 268 268 285 304 446 
33 33 33 40 40 40 67 236 236 281 
43 65 251 251 251 251 286 358 362 413 413 413 479 479 
158 158 
55 101 101 236 236 267 471 
8 8 76 76 77 141 200 200 290 290 290 350 350 373 373 373 413 422 
496 496 
5 86 86 86 386 386 386 508 508 
76 76 76 207 207 314 314 
196 196 269 
236 415 415 
12 12 
271 
268 268 
159 

76 76 199 199 337 478 478 
76 
328 328 328 
35 35 

238 310 
184 184 
215 314 
214 314 314 467 467 
102 102 102 
143 
271 
39 39 232 232 232 274 274 402 402 454 
182 494 

30 30 35 119 119 122 122 180 180 309 314 341 376 376 413 499 499 
329 329 329 
8 313 
5 53 53 259 377 419 419 458 
292 292 
159 257 337 343 343 392 392 477 
245 
76 76 360 360 360 361 
236 236 259 275 275 303 406 415 
39 39 159 159 
124 219 219 219 390 390 454 
7 157 169 169 169 238 271 287 296 296 296 310 310 374 375 505 505 505 
503 503 
487 487 
40 40 40 55 55 55 56 56 60 69 69 79 79 83 83 83 104 129 129 129 138 184 184 191 191 192 192 195 195 201 230 230 252 252 252 267 267 275 283 344 344 344 351 351 415 415 415 432 438 460 460 487 
104 104 
212 233 
342 342 342 405 
279 279 279 476 496 496 
39 39 62 430 430 
76 
311 413 424 494 494 494 
358 
76 76 76 76 228 
70 184 
110 110 176 176 176 401 401 
408 408 

374 374 417 442 442 
193 193 193 193 286 286 286 413 
236 236 236 
330 330 
283 415 
5 
271 271 
227 305 305 305 337 
70 184 184 409 409 
225 230 367 367 367 441 
184 
81 81 329 329 
118 364 
315 315 
11 334 385 
496 

184 191 191 191 195 236 236 268 268 356 471 471 471 
191 191 204 204 267 267 
200 415 415 
286 286 
3 3 7 7 158 203 218 233 256 256 282 282 282 297 297 297 327 339 339 354 354 354 374 374 375 375 391 401 408 408 412 412 412 427 427 442 442 453 
160 160 160 
5 354 354 354 472 475 475 475 
219 219 
230 230 236 
157 
415 

5 5 5 31 184 184 240 240 240 
308 308 435 435 435 449 449 
67 67 192 298 298 347 347 
144 271 271 271 427 427 
236 254 415 

191 
193 251 251 251 270 270 413 
9 9 233 

81 81 184 184 184 451 451 
23 23 97 171 171 171 196 196 196 480 480 
184 184 184 426 426 
76 152 152 184 226 226 364 364 410 
408 408 
58 58 397 397 397 408 408 408 
76 
169 233 233 233 
271 271 271 408 
281 281 347 
76 76 413 413 
177 177 
339 339 
39 39 39 
230 415 
56 56 148 148 191 
159 257 257 257 343 343 392 392 482 482 
87 370 370 370 408 
184 354 396 465 465 
280 280 
124 222 
212 233 233 
243 
85 85 160 
224 
76 76 80 80 199 199 214 215 215 222 349 354 384 384 398 413 413 413 418 429 429 434 449 449 449 467 467 481 481 
31 73 73 94 184 184 263 263 336 336 336 486 
444 444 
398 398 413 413 
413 413 413 
76 76 76 354 354 
140 140 
42 42 323 323 
76 76 76 162 162 
42 42 321 321 
184 
72 72 153 358 
358 
271 
76 76 209 209 209 
165 223 223 223 261 261 432 
39 39 159 159 253 253 369 
22 
407 413 413 413 
413 413 
264 385 413 
174 174 174 413 413 494 494 494 
315 315 315 486 
207 227 257 
184 184 
46 46 46 145 271 271 301 301 381 381 408 408 427 427 452 452 464 464 470 470 470 
182 182 
222 
239 239 239 
227 227 305 305 
147 147 173 173 236 236 236 447 447 
52 52 184 184 
27 27 47 47 76 76 76 459 
67 281 281 298 421 421 421 506 506 
84 84 85 85 
314 481 
8 8 8 196 196 
189 189 236 236 356 356 356 356 356 432 
402 402 
76 456 456 456 
5 5 31 41 99 134 134 151 156 184 184 271 271 271 273 273 273 307 314 319 319 450 462 462 490 502 502 508 508 
12 184 184 184 
267 351 351 351 351 351 
367 431 496 
38 72 89 90 90 193 244 325 326 413 413 466 503 503 
61 61 81 81 
229 229 229 
76 229 
65 65 65 193 413 413 
182 182 
118 262 292 292 
415 

114 114 114 181 259 259 259 357 496 
401 
330 
87 87 306 306 306 
68 
106 190 
196 196 196 
154 154 154 233 250 250 271 271 408 408 417 417 417 442 442 
233 271 271 
222 222 
225 
101 101 
103 103 146 146 
134 
0 46 46 133 133 139 339 339 395 408 408 
413 
63 63 63 75 75 415 415 432 432 
314 314 449 
264 334 
198 198 198 
124 
487 
22 81 82 115 142 142 497 
17 17 232 232 
271 
227 227 305 305 

81 81 495 495 
46 381 
184 184 307 
58 294 294 294 
314 317 317 
41 41 
5 50 50 
110 110 247 247 271 368 
39 39 159 219 219 352 352 405 405 
427 427 
6 6 182 
239 402 402 
37 230 415 415 
175 175 332 413 
25 26 87 87 150 158 248 248 271 271 293 293 294 294 294 297 306 339 339 374 374 381 381 412 437 437 
184 258 258 
292 

271 271 271 408 
35 45 45 74 74 76 77 77 92 119 128 128 155 155 167 167 168 182 182 182 187 187 193 193 193 196 222 243 251 286 299 299 314 314 314 317 317 318 318 318 332 332 332 333 333 334 335 335 358 358 362 362 382 407 439 439 448 455 494 500 
22 108 
37 37 57 116 129 177 177 177 177 177 184 201 201 230 236 236 236 254 269 269 277 283 303 365 383 383 406 406 432 432 432 460 460 460 463 463 
65 65 
149 250 374 374 374 
95 95 95 314 
225 225 
98 98 98 441 441 441 
347 347 347 
196 
76 
243 
103 103 157 157 157 169 169 169 169 169 
291 291 
271 271 282 282 339 339 403 403 
20 159 
314 314 
241 241 
357 496 
236 329 351 383 383 415 415 415 

314 
280 280 280 449 449 

408 408 
83 83 236 487 
45 161 161 413 413 
76 186 
1 1 18 98 259 420 420 420 
250 250 271 271 374 374 468 468 
5 
59 182 182 316 316 
450 450 450 
56 191 
344 344 
74 74 74 128 413 
280 280 314 314 314 384 435 435 467 467 
41 41 354 445 445 445 462 462 
289 289 
339 339 464 
271 
4 131 219 232 
17 17 413 
76 76 184 184 353 353 353 491 491 

225 
346 
236 236 415 415 415 
22 22 22 497 
354 354 450 450 
75 75 415 415 
339 339 452 
184 184 307 307 
358 
215 215 314 314 449 449 
123 123 442 442 
159 159 511 
339 339 339 
101 101 170 195 267 267 267 
273 475 475 

56 487 487 
273 273 273 472 472 
10 10 240 496 496 
39 39 159 159 159 166 166 188 188 227 
207 207 
193 193 
127 127 127 171 171 290 290 
314 314 349 
305 305 
30 30 
51 184 184 184 

31 31 31 120 120 120 315 336 489 489 489 
56 235 235 236 388 438 474 474 
184 
486 486 486 
51 51 184 354 
126 126 185 456 456 
41 41 
3 3 
174 220 243 243 243 335 335 335 413 
81 81 394 394 
100 100 100 197 197 240 240 265 357 367 431 476 476 
389 461 

182 182 222 222 
167 413 
54 54 
354 354 
234 234 358 358 
5 88 
233 233 233 
347 347 
104 
5 48 86 198 198 354 354 
76 76 
159 159 
159 469 
