Nodes: 512, Edges: 1187

441 441 
28 91 91 111 111 111 182 182 183 183 183 
271 493 493 
454 454 
34 34 48 48 50 50 88 88 88 184 198 225 225 225 255 255 255 273 273 354 354 400 441 443 443 475 475 475 504 508 508 
404 404 404 
233 233 233 271 
196 196 224 224 313 313 350 350 350 
287 287 287 287 


184 184 355 355 
76 

59 59 182 444 
184 
455 455 
420 441 441 
104 104 
428 
31 
108 108 115 331 331 389 414 414 436 461 497 497 
290 290 290 290 
76 76 
408 408 
158 408 
76 346 346 346 
2 178 183 
56 56 56 
180 180 180 222 
21 172 172 184 184 279 279 315 354 486 

192 
5 5 
158 210 222 222 413 

406 406 415 415 
358 
62 62 62 62 159 159 166 166 219 219 231 231 241 302 302 330 402 405 405 477 477 
192 192 249 
85 85 99 99 151 151 151 156 160 160 184 184 324 354 354 354 399 450 457 492 492 492 
323 323 
193 
137 137 137 
76 76 413 439 439 439 
339 339 381 395 
76 76 346 
5 5 
236 
5 5 400 400 
490 490 
345 345 
225 225 
76 76 299 501 501 
93 195 236 236 
29 29 29 191 236 236 446 474 487 487 
415 
294 397 397 
15 15 
104 236 236 
359 359 
39 39 39 39 241 241 
383 383 383 463 
381 381 
193 193 362 416 416 
141 141 
192 
169 169 169 179 296 296 371 
236 236 344 
184 184 184 258 258 258 
369 
325 466 
94 94 94 315 315 
413 413 448 448 
383 
13 24 24 27 45 45 47 47 54 54 78 78 96 96 107 107 109 109 162 184 184 186 196 196 199 207 228 228 229 245 245 245 292 295 299 299 299 314 319 319 319 322 322 328 328 328 346 353 413 423 440 440 456 478 478 509 509 509 
196 413 413 413 
76 76 
236 
314 418 
82 82 82 113 184 261 261 289 329 329 359 359 359 389 389 394 495 495 495 
81 81 81 121 121 143 143 165 
104 104 104 236 236 438 438 
85 312 348 
41 41 84 160 160 312 312 348 
198 198 198 508 
306 306 306 370 370 408 
5 5 5 504 
358 358 
358 
2 2 
182 182 404 404 404 413 
55 
73 73 73 315 315 
418 
76 76 398 
171 171 290 
420 420 
41 41 354 354 
496 496 496 
140 140 195 378 471 
117 117 136 216 
146 146 146 379 379 425 
19 19 60 83 83 83 138 138 236 237 237 237 507 507 
190 190 372 
190 372 372 
76 76 
22 22 414 
76 76 199 
176 247 247 401 401 
2 2 2 182 182 
184 
81 
367 
22 
184 184 415 415 
102 102 125 135 135 184 184 236 236 
152 152 152 364 
122 122 222 222 222 413 413 
486 
82 82 143 143 
119 119 222 222 
381 468 468 468 
232 232 232 387 387 454 
117 136 
185 185 491 
480 
413 413 448 
236 415 


168 168 
381 
354 354 354 380 380 380 
117 117 
102 125 
44 44 44 184 184 
104 104 236 
381 381 
101 101 320 320 
66 66 196 

82 82 121 121 217 
282 282 282 
339 339 
103 103 103 379 379 
236 236 344 344 
191 191 304 
250 250 417 
248 408 408 
41 41 41 
118 118 118 292 292 
325 325 
374 374 
413 413 
41 399 450 
233 276 276 425 425 425 425 
26 35 194 271 271 408 408 
39 39 188 188 205 205 227 227 231 305 330 330 402 402 428 428 433 433 469 477 510 511 511 
41 41 85 85 312 312 498 498 
413 413 439 439 439 
76 


82 329 329 
39 39 477 
413 413 
132 132 413 
68 68 68 233 296 425 425 425 
471 
97 97 290 290 290 480 480 480 480 
31 31 
344 
222 222 222 280 
187 187 187 187 407 407 407 
110 247 247 
300 415 
28 183 183 
68 
30 30 30 222 222 

2 2 15 92 92 111 111 220 340 340 340 363 404 404 404 413 413 444 444 444 499 
2 2 2 28 178 178 
5 12 12 16 31 31 41 41 70 70 70 76 76 81 112 116 116 117 117 137 137 236 236 236 246 246 246 260 260 267 267 279 284 284 289 289 291 291 291 292 292 292 307 307 315 315 315 324 324 338 338 345 345 354 354 355 355 366 366 396 396 396 409 415 415 426 456 456 484 484 490 
126 126 491 491 
76 245 245 
175 175 175 175 413 413 
159 159 477 477 477 
351 
105 105 106 372 372 372 
56 148 148 267 267 268 268 268 304 446 446 446 
33 40 40 67 236 236 281 
43 65 65 251 251 286 286 362 413 479 479 500 
158 
55 101 236 267 267 471 471 
8 8 76 76 77 141 200 290 290 290 350 350 373 413 413 422 
496 496 
5 86 86 86 386 386 508 508 
76 109 207 314 314 314 
196 
236 236 415 
355 355 355 
271 271 
268 
159 159 

76 199 337 478 478 

328 
35 309 309 

238 238 310 

314 314 314 
314 314 314 467 467 
102 
143 
271 
39 39 232 274 402 402 454 454 
182 494 494 494 494 494 

30 35 35 119 119 119 122 122 174 174 174 180 180 341 341 376 376 376 413 413 499 
329 329 329 
8 8 313 313 350 
5 5 5 53 53 259 259 377 377 419 458 458 
292 
159 159 257 337 343 392 392 477 477 
76 76 245 
76 295 360 360 
236 236 275 275 275 303 303 303 406 415 415 
39 39 159 
124 124 124 219 390 454 454 
7 7 7 157 169 238 271 271 287 287 287 287 296 296 310 374 374 375 375 375 505 505 505 
503 
487 
49 55 55 56 56 60 60 69 69 79 83 83 104 117 117 129 138 147 147 184 184 184 192 192 195 201 201 230 230 237 252 267 267 267 275 278 278 283 283 283 351 351 415 415 460 460 487 487 487 
104 104 104 236 
212 212 233 
405 
279 279 476 
39 62 62 430 430 430 

311 413 424 424 424 494 
325 325 358 
76 76 76 186 186 228 
184 184 184 
110 110 176 176 
150 408 408 
40 
149 149 374 374 374 417 442 442 
193 193 286 286 413 413 
236 
330 330 
283 
5 5 5 
271 271 
227 305 
70 70 70 409 
225 225 367 
184 184 
81 81 329 329 
364 410 

334 334 385 385 
496 

184 184 191 191 195 195 236 236 236 268 471 471 471 
191 191 191 204 267 
415 

3 7 158 158 203 203 218 233 233 256 256 282 297 297 327 327 327 339 339 339 354 374 374 391 401 401 408 427 427 442 

5 5 354 354 472 472 
219 402 402 
230 230 230 236 
157 157 
415 415 415 
236 236 
31 31 184 240 240 
174 435 435 435 435 449 467 
192 298 347 347 347 421 421 
144 144 144 271 427 427 
236 236 236 254 415 415 415 
184 184 

193 193 251 251 413 413 
9 9 9 9 233 233 233 233 

81 184 184 451 451 451 451 
23 23 23 23 97 171 171 171 196 196 196 
184 184 184 426 
76 152 152 184 184 184 226 364 410 410 

58 397 397 
76 229 509 
68 68 169 233 233 
271 271 408 408 
281 347 347 
54 76 76 76 413 
177 
339 339 
39 39 485 485 485 
230 230 230 415 415 
148 191 
159 257 343 343 343 343 392 392 482 482 
87 87 87 408 
184 184 354 396 396 465 

210 210 
212 233 
243 
84 85 85 160 160 
8 8 224 224 
76 80 199 199 199 214 214 214 215 215 215 349 349 354 354 354 384 398 413 413 413 429 429 434 434 434 449 455 467 481 481 
31 73 73 94 94 184 184 184 486 486 486 
444 
398 398 413 413 
413 413 
76 76 76 354 354 
140 140 
323 
76 76 
42 42 321 359 359 
41 184 184 
72 153 153 244 244 358 
358 
271 271 271 
76 76 76 209 
81 81 165 165 223 223 223 261 261 
39 159 159 253 253 369 369 428 428 428 
22 22 
407 407 413 
413 413 
264 264 385 385 413 413 413 
413 494 494 494 
486 
207 227 
184 184 415 415 
46 46 145 145 271 271 271 301 301 381 408 408 427 464 470 
182 182 182 
222 222 

227 305 305 305 305 
69 147 147 173 447 
52 52 184 184 
27 27 27 47 76 
281 281 281 298 298 421 506 
84 85 
314 314 481 481 
8 8 8 196 196 224 
189 236 236 356 356 356 356 
402 
76 456 
5 5 31 41 41 41 99 99 134 134 134 184 184 271 273 273 307 314 314 314 319 319 411 411 450 450 462 502 508 508 
12 12 184 184 202 202 202 
351 351 351 351 
367 431 496 
38 89 89 90 244 325 326 413 413 500 503 503 
61 61 81 81 81 323 323 
229 229 

65 193 413 413 
182 
118 262 292 
415 415 
184 184 
114 259 357 496 496 496 
401 
71 330 330 
87 87 
68 
105 106 106 190 190 190 
196 
154 154 233 233 250 250 250 271 271 417 417 442 
233 233 233 
222 222 222 
225 225 458 458 
101 
103 103 146 146 
134 134 134 
46 64 64 123 133 139 139 339 395 408 408 

63 63 63 75 415 
314 449 
264 264 334 334 413 413 
198 198 
124 124 
487 
22 81 81 497 497 
232 
271 
227 227 305 305 

81 495 495 
46 381 
184 184 184 307 307 
58 58 294 294 
96 314 317 317 
41 156 
5 50 50 
110 110 271 271 368 
39 159 159 219 219 274 274 352 405 405 405 
427 427 427 
6 6 6 92 92 92 182 182 182 
39 39 239 402 402 402 
37 37 230 415 415 415 
175 175 175 332 332 413 413 413 413 
25 25 26 87 150 150 158 158 248 248 271 297 297 306 339 339 381 381 437 470 
184 258 
262 292 292 
354 354 

35 45 74 74 76 77 77 77 92 119 119 128 128 155 155 161 161 167 167 168 182 182 187 187 193 196 196 222 222 243 251 251 286 286 299 314 314 314 317 317 318 318 332 333 333 334 334 334 335 358 358 362 362 385 385 407 407 407 407 439 439 448 455 500 
22 22 108 
37 37 57 116 116 129 177 184 184 201 230 230 236 236 269 277 277 277 283 283 283 303 303 338 338 365 365 383 406 406 406 432 432 460 460 463 463 
65 65 
149 250 374 374 
80 95 
225 
18 98 98 441 441 441 
281 281 347 
196 
76 
243 243 243 
103 157 157 157 157 169 169 169 
184 291 
271 271 282 282 339 403 403 403 
20 159 159 330 330 330 
314 314 
241 241 241 
357 496 496 
415 415 
159 159 
314 314 314 
280 280 280 280 449 449 
22 
408 
83 83 
45 45 45 161 161 161 413 413 
76 76 
1 1 5 18 18 420 420 420 
250 250 271 374 
5 5 
15 182 182 182 316 
450 450 450 450 
56 191 191 191 
344 
74 74 128 413 
280 314 384 435 435 467 
41 156 354 354 445 445 445 445 462 
289 289 289 289 
464 

4 4 124 219 219 232 232 
17 17 314 413 
76 184 184 353 491 491 
41 
225 225 377 377 

236 236 415 415 
22 497 497 497 
354 450 
63 415 415 
339 452 
307 
72 
215 215 280 314 449 
123 123 123 
159 511 511 
339 408 
101 170 195 195 267 267 267 
273 273 475 475 
491 
56 487 487 
5 5 5 472 472 
240 496 496 
39 39 159 166 188 188 188 227 227 
76 76 207 207 
193 193 
127 171 171 171 171 
314 314 349 349 
305 305 

184 184 
302 302 302 
31 120 315 315 315 336 489 489 489 489 
56 56 235 236 236 236 388 474 474 

486 486 486 486 
51 51 184 
126 185 185 456 456 473 
41 41 41 
3 3 
220 220 220 220 220 243 335 335 335 
81 81 81 394 394 
100 100 100 197 197 265 357 367 367 367 431 431 476 476 
22 22 389 389 461 461 461 
160 160 
182 222 
193 358 413 
54 54 
354 
234 358 358 
5 88 
233 233 233 
347 
104 104 
5 5 86 198 198 354 354 
76 76 76 295 
159 
159 159 469 469 
