Nodes: 512, Edges: 1187
133 381 381 
441 441 
28 28 28 91 111 182 183 
271 493 
454 454 
34 34 48 48 50 88 88 184 225 255 255 279 279 279 354 354 400 441 443 443 443 475 504 504 508 508 
404 404 404 
233 233 
196 196 313 313 350 350 
287 287 287 287 

264 264 
184 202 355 
76 
117 117 184 184 184 
59 182 444 
184 184 
390 390 390 455 455 
441 441 
104 104 
428 428 
31 
108 108 108 331 331 331 389 389 389 414 414 414 436 436 497 497 497 
290 290 
76 
408 408 
158 158 158 
76 76 76 346 
2 2 2 178 
56 56 
222 222 222 483 
21 184 279 279 279 315 354 486 486 489 489 

67 67 192 
5 5 
158 158 158 210 210 210 222 222 
106 106 
406 406 
358 
62 62 62 159 159 163 166 219 231 241 241 302 302 302 330 402 405 405 477 477 485 
192 249 
85 85 137 137 137 151 156 160 160 160 184 324 354 354 399 399 450 450 457 457 492 
321 321 321 323 323 323 
193 

76 76 109 413 413 439 
64 339 339 381 381 395 
76 78 346 346 
5 5 508 

5 400 
490 490 490 
184 345 

76 76 76 501 
93 195 236 
29 29 191 236 236 236 446 474 

294 294 397 
15 444 444 
104 104 236 
359 359 
39 39 39 241 241 
383 383 463 463 
46 381 381 381 
193 193 193 416 416 
141 141 
33 33 192 192 281 281 347 347 347 
169 169 169 179 179 296 371 
344 
184 246 258 258 

325 466 466 466 
94 315 315 315 
413 413 448 448 
383 463 463 
13 24 27 27 27 45 45 47 54 54 54 96 107 109 162 162 184 184 186 196 199 199 207 207 208 208 228 229 242 245 292 299 314 314 319 322 328 346 353 353 353 354 354 354 361 361 413 413 423 423 440 440 456 478 478 509 
196 413 413 413 
47 
236 
314 418 418 
82 113 113 113 261 289 289 329 359 389 389 389 
81 121 121 121 142 142 143 165 165 165 165 389 389 
104 236 236 236 438 438 
85 85 85 312 312 348 348 
41 41 84 84 84 160 160 312 348 348 
198 508 
306 306 306 370 370 408 
5 5 504 
358 358 
325 
2 
182 182 404 413 
55 
73 315 315 
418 
76 
171 290 290 
441 441 
354 354 
476 496 496 496 496 
140 195 195 378 471 
117 136 216 
146 379 425 425 
19 19 60 60 83 138 236 237 507 
184 184 190 190 190 372 
36 36 190 
76 
22 22 22 414 
45 76 
176 176 401 
2 182 182 182 
184 
81 81 81 
367 

184 415 415 
14 14 102 125 135 135 184 184 184 236 
152 152 152 364 364 
222 413 
486 486 
82 82 82 143 
222 222 
381 468 
232 387 387 
117 136 136 136 136 136 
185 
480 
448 
236 236 415 415 
497 
454 454 
168 168 
0 381 
354 380 380 
117 117 
102 125 125 125 125 125 
41 41 41 184 184 
104 164 236 236 236 
381 381 
101 320 320 320 
66 66 196 196 196 358 358 
82 82 389 
82 121 217 
282 282 282 
339 
103 379 
236 236 344 344 
191 191 191 304 304 
250 250 250 
248 408 408 
41 354 
118 118 118 292 292 
325 325 
374 
413 413 413 
41 354 399 
233 233 233 276 425 425 425 
26 26 26 35 35 35 194 194 194 271 271 408 408 408 
39 39 188 205 205 227 227 231 231 231 330 330 330 402 428 428 433 469 477 477 477 510 511 511 
41 41 41 85 85 272 272 312 312 498 
439 
76 76 322 322 
39 
138 
82 82 82 82 
39 477 477 
413 413 
132 132 413 413 413 
68 68 68 233 233 296 296 296 425 425 425 425 
471 471 
97 290 480 480 480 


222 222 222 222 280 335 335 494 
187 187 187 
110 110 247 
300 415 415 415 
28 183 
68 68 
222 222 222 
367 367 367 
2 15 92 92 111 111 111 340 363 363 404 404 413 413 444 444 
2 178 
5 12 14 14 14 16 16 31 41 52 70 76 76 105 105 112 116 117 117 117 137 137 213 221 221 236 236 236 246 246 258 258 260 260 267 267 267 279 279 284 284 289 289 292 292 307 307 307 315 315 338 345 354 354 355 355 366 396 396 409 415 415 415 456 456 465 484 484 488 490 
126 491 
76 245 245 440 
175 175 175 413 413 
159 477 
351 351 
105 105 105 106 372 372 
56 148 148 148 236 236 267 267 267 268 268 285 285 285 304 304 446 
33 40 67 67 236 281 281 281 
43 65 65 65 251 286 286 358 413 413 500 500 
158 158 158 
55 101 101 236 236 267 
8 8 76 77 141 141 141 200 200 290 350 350 373 413 413 413 422 
496 496 496 
86 386 386 386 508 508 
76 76 314 314 
196 196 
236 236 
12 355 
271 
267 268 268 
159 159 
405 
76 76 478 478 
76 76 
328 328 
35 35 35 309 
236 
238 238 238 
184 
215 215 314 314 
214 214 314 467 467 
102 
143 
271 
39 274 402 402 454 
494 
184 184 
30 30 30 35 35 119 122 122 174 174 174 174 180 180 180 309 314 341 341 376 376 376 413 413 483 499 
329 329 329 
313 313 350 350 
5 377 377 393 393 458 458 
292 292 292 
159 159 337 343 343 477 477 
76 245 336 
76 295 295 360 360 360 361 
236 303 303 406 415 415 
39 159 159 159 
124 390 390 390 390 454 454 
7 7 157 157 157 169 169 238 238 238 271 271 287 287 287 296 310 310 374 375 375 375 505 
503 
236 487 
55 56 56 56 60 79 83 83 83 104 117 129 129 138 138 138 147 147 184 184 184 191 191 192 195 195 201 201 211 230 235 237 237 252 267 267 278 283 283 344 344 351 351 415 415 415 432 438 460 460 460 487 487 
104 236 236 
212 212 212 233 233 233 
342 342 
279 279 496 
39 39 62 62 430 430 430 
76 
311 424 424 494 
325 358 
76 186 186 228 
70 184 184 
176 
150 408 408 408 
40 
149 149 149 374 417 417 442 
193 286 286 286 
236 
330 
283 283 415 415 
5 5 
271 271 271 271 273 273 
305 
70 70 184 184 409 409 
367 441 
184 184 
81 329 329 
364 410 410 
315 315 
11 11 334 334 385 385 
496 496 

184 184 184 191 191 191 195 204 236 236 268 268 268 356 471 471 
191 191 204 204 267 267 267 
415 415 
286 
3 158 158 203 218 233 233 256 256 256 256 282 297 327 339 339 354 354 374 375 375 391 401 401 408 408 412 427 427 442 442 453 
160 160 
256 256 354 354 472 475 475 475 
219 402 

157 
415 415 
236 
5 5 5 31 31 31 184 184 240 240 
174 308 435 435 449 449 467 
67 67 192 192 192 298 298 347 347 421 421 
144 144 144 271 427 427 
236 236 254 254 415 415 
184 184 
191 191 191 
193 193 251 251 251 270 413 413 
9 9 9 9 233 233 233 

81 81 184 184 451 451 451 
23 23 97 97 171 196 480 480 
426 426 
76 152 152 184 184 226 226 226 410 410 410 
408 408 408 
58 58 408 408 
229 229 509 
68 169 169 169 233 
271 408 408 
281 281 347 347 347 
76 413 413 
177 

39 39 39 485 485 
230 230 415 
148 148 191 191 
257 343 343 343 
87 87 87 370 370 408 
184 184 184 354 396 396 465 
280 
210 222 
233 233 
243 
84 84 85 160 160 
8 8 224 224 
76 76 80 199 199 214 214 215 222 317 354 354 384 398 413 429 429 434 449 449 449 455 467 481 481 481 
31 73 73 73 94 94 184 184 263 263 336 336 486 
444 444 
314 398 413 
413 413 
76 354 
140 140 140 
42 42 42 323 
76 162 162 
42 42 42 321 359 359 359 
41 
72 90 153 153 244 358 
358 
271 
76 209 209 
81 223 223 223 261 261 
39 159 159 159 253 369 369 428 428 
22 22 22 
407 407 413 413 
413 413 
264 264 385 413 413 
174 174 494 494 
228 315 315 486 
227 
184 415 
46 46 145 271 271 381 381 408 464 
182 
222 222 
239 239 
227 227 305 305 305 
69 147 147 236 236 447 
52 184 
27 47 47 76 459 
67 67 67 281 281 298 298 298 421 506 506 
84 84 85 85 
481 
8 8 196 196 224 224 
189 189 236 236 356 
402 
76 76 76 456 
5 5 31 41 41 76 76 76 99 99 134 151 156 184 184 271 271 273 273 307 314 314 319 411 411 450 450 462 462 490 502 508 508 
12 184 184 202 
267 351 
367 431 431 496 496 
38 89 89 141 141 193 244 325 326 413 466 466 500 
61 61 81 323 323 323 
229 229 229 
76 76 229 
413 413 413 
182 182 
118 118 262 
415 415 
184 
114 181 181 181 259 357 496 496 

330 330 
87 87 306 306 
68 
105 190 190 
196 
154 233 250 271 408 417 442 442 
233 233 233 271 271 
222 222 222 
225 225 458 458 458 
101 
103 146 
134 134 
0 0 46 46 64 64 64 123 133 139 139 339 339 
413 413 413 
63 63 75 415 432 
314 449 449 
264 264 334 413 413 413 
198 198 198 
124 124 
487 487 487 
22 22 22 81 81 81 82 82 142 497 497 497 
17 17 17 232 232 232 232 
271 

225 225 
495 495 495 
46 
184 184 307 307 
58 
314 317 
41 41 156 
5 50 
110 271 271 
39 159 219 219 274 352 405 405 
427 
6 6 6 92 182 182 
39 39 206 402 402 
37 37 230 415 415 415 
332 332 413 413 413 
25 25 87 150 150 158 158 158 248 248 248 271 271 293 293 293 294 294 297 297 306 339 374 437 470 470 470 
184 258 258 
262 262 292 292 292 
354 354 
271 
45 45 74 74 76 76 77 77 77 92 119 155 155 155 167 167 168 168 168 182 182 187 187 193 193 196 196 196 222 222 286 286 299 299 314 317 318 318 332 332 333 333 334 334 358 362 362 362 382 382 382 385 385 385 407 407 407 439 439 448 448 455 455 500 
22 22 22 108 
116 116 129 129 177 177 177 184 184 184 230 230 236 236 236 254 254 269 269 277 277 283 283 303 338 365 365 383 406 406 406 432 432 460 460 460 460 463 463 
65 65 
250 250 374 
80 80 95 

441 
281 281 347 
196 
76 76 
243 243 
103 103 157 157 157 169 169 169 169 
291 291 
271 271 282 282 403 
20 20 159 159 330 330 
314 314 
241 241 241 
357 357 496 496 
236 383 415 415 
159 
314 
280 280 449 449 
22 22 
408 
83 83 236 
45 161 413 413 
76 76 186 
1 1 5 18 18 98 98 259 420 
250 271 271 374 374 468 468 
5 5 5 
15 59 59 182 182 316 316 
450 
56 191 
344 
74 74 128 413 413 
280 280 314 314 314 384 384 435 435 467 467 
41 41 354 354 445 
289 289 289 
464 
271 
4 4 131 131 219 232 232 
17 17 314 413 413 
76 184 184 353 491 491 
41 41 
225 225 377 377 377 
346 
236 236 236 415 415 415 415 
497 
354 354 
63 63 75 75 415 415 
339 452 
184 307 
72 72 72 358 358 
215 215 280 314 449 449 
123 442 442 
159 
408 408 408 
101 170 170 267 267 
273 475 

56 487 487 
5 273 273 273 472 
100 496 
39 39 159 159 159 166 166 188 227 227 
76 76 207 207 

127 171 171 171 290 290 
314 314 314 349 

30 222 
184 184 
39 302 302 
31 31 120 120 315 336 489 489 
235 236 236 388 388 388 474 474 
184 
31 31 486 486 
51 51 51 184 354 
185 456 456 
41 
3 
174 220 243 335 335 
394 394 394 
100 100 100 100 197 197 197 240 265 265 357 357 367 367 431 431 476 
22 22 22 130 389 389 389 461 
160 
222 
193 193 358 413 
54 
354 
234 
5 5 88 
233 
347 347 
104 
5 5 48 86 198 198 354 354 
76 295 
159 
159 159 
