Nodes: 512, Edges: 1187
381 381 
441 441 
28 28 91 91 111 111 111 182 182 183 183 
271 271 
454 
34 48 48 50 50 88 88 88 184 184 225 255 255 273 273 354 354 400 400 441 441 443 443 475 475 504 504 508 
404 
233 233 271 
196 196 196 224 313 313 350 350 
287 287 287 
476 

184 202 202 355 355 
76 
117 125 184 
59 59 182 182 444 

455 455 
420 441 441 

428 428 
31 31 
108 115 331 331 389 389 414 414 414 436 436 461 497 497 497 
290 
76 76 
408 408 
158 158 408 
76 346 346 
2 2 178 178 183 183 
56 56 
180 180 222 222 
21 21 172 172 184 279 279 279 315 315 354 354 486 
184 184 307 
192 192 
5 
158 222 222 413 413 
106 
57 406 406 415 415 415 
358 
62 159 159 159 163 166 166 166 219 219 219 231 231 241 241 302 302 330 330 405 477 485 
192 236 236 249 
85 85 99 151 156 156 354 399 450 492 492 
321 321 323 323 
193 193 
137 137 
76 76 76 413 413 413 439 
64 339 381 
76 76 346 346 
5 5 508 
236 
5 5 400 400 
484 
184 
225 225 225 
76 76 299 
93 93 195 195 236 
29 29 236 236 236 304 446 446 487 
37 415 
294 294 397 397 
15 15 444 444 
104 236 
81 359 359 359 
39 241 241 
383 383 383 383 383 463 
46 381 381 
193 362 362 416 
141 141 
192 281 347 347 
169 169 169 179 179 296 
236 236 344 
184 184 184 258 258 

325 325 325 466 466 
94 315 315 
413 448 448 448 
383 463 463 463 
13 24 24 27 45 45 45 47 47 54 54 78 78 78 96 107 107 162 184 184 186 186 196 196 199 207 208 228 229 229 229 245 245 292 292 292 295 295 295 295 299 299 319 319 322 328 328 346 353 353 353 354 354 354 361 361 413 413 413 423 440 440 456 456 478 509 509 509 
196 413 413 
76 76 76 
104 236 236 
314 314 418 
61 82 82 82 113 184 184 184 261 289 289 289 329 329 389 389 394 
81 81 81 121 121 142 165 165 165 165 165 389 389 
104 104 236 236 236 438 438 438 438 438 
85 348 
41 41 84 160 312 348 
198 508 508 
306 370 408 408 408 
5 5 5 504 504 
358 358 358 
358 358 
2 2 
182 404 
55 55 
73 315 
418 
76 
171 
420 420 420 441 441 441 
41 354 354 
476 496 496 
140 140 140 195 378 471 
117 136 136 216 216 216 
146 146 379 425 
60 79 83 83 138 236 236 507 507 
184 190 372 
36 190 190 190 372 
76 76 
22 
199 199 199 
176 176 401 401 
2 2 2 182 
184 
81 
367 367 
22 389 
184 
14 102 125 125 135 135 184 184 184 
152 152 152 152 364 364 
122 122 222 413 413 
486 486 
82 82 143 143 
119 119 222 222 222 
468 
232 232 232 387 387 454 454 
14 117 117 136 
491 
480 480 480 
413 413 448 
415 


168 
381 
354 354 380 380 
117 117 
102 102 125 
44 44 184 
104 164 164 236 236 236 

101 101 101 320 
66 66 196 358 358 
82 389 
121 121 217 
282 282 
339 339 
103 103 379 
236 236 236 344 344 
191 191 304 
250 417 417 
248 408 408 408 
41 354 354 
118 118 118 118 292 292 
325 325 
374 
413 413 
41 41 354 399 450 
233 233 276 276 425 425 
26 26 35 194 194 271 271 271 408 408 408 
39 39 39 188 205 205 227 305 305 330 402 428 433 433 477 477 510 510 511 511 
85 272 272 312 498 498 
413 413 439 439 439 
76 322 322 
39 
138 138 
82 82 82 82 82 
39 39 39 477 
413 413 500 
132 413 413 
68 68 68 233 233 233 296 425 425 425 
471 471 
97 290 290 480 
31 31 
344 344 
222 222 335 494 
187 187 407 
110 110 247 247 247 
300 415 415 
28 28 183 
68 68 
30 30 222 222 
367 
2 2 15 15 92 111 220 220 363 363 404 413 444 444 499 499 
2 2 28 28 178 
5 5 12 14 31 32 32 52 70 70 70 76 76 81 81 81 105 112 116 117 117 117 137 213 213 221 236 236 258 260 267 284 289 289 291 291 291 292 292 307 307 315 315 324 324 324 338 345 354 354 354 355 355 355 366 366 396 396 415 415 426 426 426 456 465 465 484 488 490 490 
491 
76 76 245 245 
175 175 413 413 
159 477 477 
351 351 
105 106 106 106 372 
148 148 236 236 267 267 268 268 285 285 304 446 446 446 
33 33 40 67 236 236 
43 43 65 251 251 251 286 362 413 479 479 500 
158 158 
55 55 101 236 267 267 471 471 471 
8 8 8 76 76 77 141 200 290 290 290 350 373 413 413 413 422 
496 
86 386 508 
76 109 109 109 207 314 
196 269 
236 415 415 
12 12 355 355 
271 271 
267 267 268 268 
159 159 
405 405 
76 199 337 478 478 
76 242 
328 
309 

238 238 238 310 310 
184 184 488 
314 314 
314 467 
102 102 102 
143 
271 271 
39 39 39 232 274 402 454 454 
182 182 494 494 494 
184 
30 30 35 35 119 122 122 122 174 174 180 180 309 314 341 376 376 376 413 413 483 499 499 499 
329 329 
8 313 313 350 350 
5 53 53 53 259 259 377 377 377 393 419 458 
292 292 292 
159 257 343 392 477 477 477 
76 245 
76 76 76 295 295 360 360 360 360 
236 275 406 406 415 415 415 
39 39 
124 124 124 219 390 390 390 390 454 454 
7 7 157 157 169 169 169 271 271 287 287 287 296 310 374 375 375 505 505 505 

487 487 
40 40 49 55 56 56 56 60 69 69 79 79 83 83 83 104 104 138 138 138 147 147 147 184 184 191 191 192 192 195 201 230 237 237 252 252 267 267 267 275 275 344 344 344 351 415 415 415 432 438 460 460 487 487 
236 236 
212 212 212 
342 342 405 
279 279 476 496 496 
39 39 62 62 430 430 
208 
311 311 413 424 494 494 
358 358 
76 76 186 186 228 

176 176 176 288 288 401 
150 408 408 408 
40 
149 374 417 442 
193 193 193 286 413 
236 236 
330 330 330 
283 283 415 415 
5 5 
271 271 271 
227 305 
70 70 184 409 
225 225 367 441 
184 
81 329 329 
364 410 410 
315 
334 334 385 385 
496 496 496 

184 191 191 195 195 204 204 236 236 236 268 471 
191 191 204 204 267 
200 
286 
3 3 7 158 158 158 203 203 218 218 233 233 256 256 256 327 354 354 374 375 375 375 391 391 391 401 401 408 408 408 412 412 427 442 453 
160 160 
5 5 354 354 472 472 475 
219 402 402 
230 236 236 
157 157 
415 415 

31 31 31 240 240 
308 435 449 449 467 
67 298 421 421 
144 144 427 
254 254 415 
184 
191 191 
193 251 270 413 413 413 
9 9 9 233 233 233 
247 247 
81 81 81 184 184 451 451 
23 171 171 196 196 196 480 
184 184 184 426 
76 76 76 152 152 184 184 226 226 226 364 364 410 410 410 
408 408 
58 58 397 397 408 
76 76 76 76 229 229 509 
68 169 233 
408 408 
281 347 347 
54 76 76 413 
177 
339 339 339 
39 39 
415 415 415 
56 148 191 
159 159 257 343 343 343 392 
87 370 408 
32 184 184 354 396 396 465 
280 467 
210 222 
212 212 233 
243 243 
85 160 
8 8 224 224 
80 80 199 214 214 215 222 317 349 349 354 384 418 429 429 434 449 449 449 467 481 
31 31 73 73 94 184 184 263 336 486 

314 398 398 413 
413 413 
76 76 354 
140 
42 42 323 323 
76 162 162 
42 42 321 321 359 359 
184 184 184 
72 72 72 153 153 358 358 358 358 
358 
271 
76 76 209 
81 81 223 223 261 261 
39 39 159 253 253 253 369 428 
22 22 
407 413 
413 413 413 
264 264 385 385 385 413 413 
174 413 413 494 
315 486 486 
207 
184 415 
46 145 145 301 301 301 381 381 408 408 427 427 452 452 452 464 470 470 470 

222 
239 239 
227 305 305 305 
69 147 147 173 173 236 236 236 447 447 
184 
27 27 47 47 76 459 459 
67 67 298 298 506 
84 85 
314 314 
8 8 196 224 224 
189 189 236 356 
402 
76 76 76 456 456 
5 5 31 31 41 76 76 76 99 99 134 134 151 151 156 184 184 184 271 271 273 273 307 314 319 411 450 450 462 490 502 508 
12 12 184 184 184 202 202 
351 
431 496 
38 89 89 89 90 90 141 141 244 244 325 325 325 325 326 466 466 503 
61 61 61 323 323 
229 229 229 229 
76 76 
65 65 193 413 
182 182 
118 118 262 292 292 
415 415 415 
184 184 
114 114 181 259 496 496 496 
401 
330 
87 306 

105 106 190 
196 
154 233 250 271 408 408 417 417 417 442 442 
233 233 271 271 271 
222 222 222 
225 225 225 458 
101 
103 146 
134 134 
0 0 46 64 64 133 339 339 395 395 408 
413 413 413 
63 63 63 63 63 75 415 415 432 432 
314 449 449 
264 264 334 334 334 413 
198 
124 124 
487 
22 22 81 81 82 82 115 142 497 497 
232 232 232 232 
271 271 271 
227 305 
225 
81 
381 381 
184 184 307 307 
58 58 294 294 
317 317 
41 156 
5 5 50 50 
110 110 247 271 271 368 
159 219 274 274 352 405 405 
427 427 427 
6 92 182 
39 206 206 239 402 402 
37 37 230 230 415 415 
175 332 413 413 
25 25 26 87 87 87 150 150 150 158 158 158 248 248 248 271 271 271 293 293 294 297 297 306 339 339 374 374 381 412 412 437 470 470 470 
258 
262 262 292 292 292 
354 
271 271 408 408 
35 35 45 45 45 74 76 76 76 77 77 119 119 128 128 155 155 161 161 167 167 168 168 182 187 187 193 196 196 196 222 222 243 251 286 286 286 299 317 318 318 332 333 333 333 334 334 335 335 362 382 382 382 385 407 407 439 448 448 494 500 
22 22 22 
37 37 37 57 129 177 177 184 184 201 201 230 230 230 236 236 236 254 254 277 277 283 303 303 303 338 365 365 365 383 383 406 406 432 460 460 460 463 
65 
149 149 250 374 374 374 
80 95 314 
225 
18 98 98 98 441 
281 281 
196 
76 
243 
103 157 157 169 169 169 
184 184 184 291 
271 282 339 339 403 403 403 
20 20 159 330 
314 314 
241 241 
357 496 496 
236 383 383 415 
159 159 
314 
280 449 
22 22 
408 
83 83 83 83 83 236 
45 161 161 161 413 
76 76 
1 1 5 5 18 18 98 98 98 259 420 
250 271 374 374 468 
5 5 
15 59 59 182 182 
450 450 
56 56 191 191 191 
344 344 
74 74 74 128 413 413 
280 280 314 314 314 384 384 435 467 
41 156 354 354 445 445 462 
289 289 
339 339 339 
271 
4 124 124 219 219 232 232 
17 17 
76 76 184 353 353 491 491 

225 377 
346 346 
236 236 415 415 415 
22 497 
354 450 
63 75 75 75 415 
339 
184 184 307 
72 72 358 358 
215 280 308 314 449 
123 442 
511 
339 339 339 408 408 408 
101 170 170 195 195 195 267 
273 273 475 

487 487 
5 5 273 472 
10 100 240 496 
39 159 159 166 188 188 227 227 227 
76 207 207 
193 193 
127 127 127 171 290 
314 

222 
51 184 
39 
31 120 120 315 336 336 489 489 
56 235 235 236 236 388 474 474 
184 213 
486 486 
184 184 354 
126 185 456 456 
41 41 

174 220 220 220 243 243 335 413 

100 100 197 240 240 265 265 265 357 367 367 367 431 431 476 
22 22 22 389 389 461 
160 160 
182 182 222 222 222 
167 193 413 

354 
358 
5 5 88 88 
233 233 233 
347 
104 104 
5 48 86 86 198 354 
76 76 76 295 
159 159 
159 159 469 
