Nodes: 512, Edges: 1187
133 381 381 381 
441 441 
28 28 91 91 111 182 182 182 183 183 189 
271 493 493 

34 48 50 88 88 184 225 225 225 255 255 273 273 279 354 354 443 443 475 508 508 508 
404 
233 271 
196 196 196 224 224 313 313 313 350 
287 

264 264 
184 184 202 202 202 355 355 
76 
117 125 
59 59 59 182 182 
184 
455 
441 
104 
428 428 
31 31 31 
108 108 108 115 331 389 414 436 461 497 497 
290 290 290 290 

408 
408 
76 76 346 
2 2 178 178 178 183 183 
56 56 
180 180 222 483 
21 21 21 172 172 184 184 279 279 279 299 315 315 354 486 
184 
67 67 192 192 192 
5 
158 210 210 210 222 222 413 

57 406 415 415 
358 
62 62 62 62 159 159 159 163 166 166 166 219 219 219 231 231 241 241 241 402 405 405 405 477 485 485 485 
192 192 192 236 236 236 249 249 
85 85 85 99 99 99 137 151 156 156 156 160 160 184 184 354 399 399 450 450 450 492 492 
321 321 
193 
137 137 137 
76 76 413 
64 339 339 339 381 395 395 
76 346 346 
5 508 
236 236 
5 400 400 
490 490 
184 184 345 
225 225 
76 76 299 501 501 501 
93 236 236 
29 29 191 236 236 236 304 474 474 487 487 487 
37 
397 397 
15 15 15 444 
104 104 
81 359 359 
39 39 39 39 241 241 241 
383 383 383 
46 381 381 
193 193 362 416 416 
141 141 141 
33 33 192 192 281 347 347 
169 169 169 179 296 296 
236 236 344 344 344 
246 258 258 

358 358 
94 94 315 315 463 
413 413 448 448 448 
383 463 463 
13 27 27 45 45 47 54 54 78 78 96 96 107 109 109 162 162 186 196 196 199 199 208 228 228 229 242 245 245 245 292 292 295 295 299 314 314 314 319 319 322 328 346 353 353 354 361 413 423 440 509 509 
196 
76 76 
236 
314 418 
61 82 113 184 184 261 329 359 389 394 394 394 495 
81 121 142 142 143 165 165 165 165 
104 104 104 236 236 236 438 438 438 
85 85 85 312 312 
41 41 41 84 84 84 160 312 312 312 348 348 445 
198 198 198 508 508 
306 306 306 370 408 408 408 
5 5 504 
358 
325 358 
2 2 
404 413 
55 
73 73 315 
418 
76 76 
171 171 171 290 290 
420 441 
41 41 41 354 354 
476 496 496 
140 195 378 471 471 
117 136 216 
146 146 379 379 425 425 
19 60 60 83 83 83 236 236 236 237 237 507 507 507 
184 190 190 
190 372 372 
76 
22 22 22 414 
76 76 199 199 
247 247 401 401 
2 182 182 

81 
367 367 367 
22 389 
184 184 415 415 415 
14 102 125 184 184 184 
152 152 152 262 
122 222 
486 486 
82 143 
119 222 
381 468 
232 232 232 309 387 
14 117 136 136 
185 491 
480 480 480 
413 448 448 
236 415 415 
497 
454 454 
168 168 
0 381 
354 354 380 380 

102 125 125 
41 44 44 44 184 184 
164 164 236 
381 381 
101 320 
66 66 66 196 196 196 358 358 
82 82 389 389 
82 121 217 217 217 
282 282 
339 339 339 
103 103 
236 236 236 344 344 
191 304 
250 250 417 417 
248 248 408 408 
41 
118 118 118 292 292 
325 325 325 
374 
413 413 
41 41 41 354 399 450 
233 276 276 425 425 425 425 
35 194 194 194 271 271 408 408 
39 39 39 188 188 188 205 205 205 227 227 231 231 231 305 305 305 402 428 428 433 433 469 469 477 477 477 510 
41 41 85 312 312 498 
413 413 413 439 439 
76 76 322 
39 
138 138 
82 82 82 82 329 329 
39 39 39 
413 413 500 
132 132 413 
68 68 68 233 233 296 425 425 425 
471 471 471 
97 97 97 290 480 
31 31 

222 222 222 280 335 335 494 
187 187 407 
247 247 
300 300 415 415 415 
28 28 28 183 183 
68 
30 30 
367 
2 2 2 15 15 111 111 220 340 340 363 404 404 413 413 444 444 499 499 499 
2 2 28 28 178 178 
5 12 12 16 31 31 32 41 41 52 52 81 81 105 116 116 117 117 117 137 137 213 213 221 221 236 236 236 246 246 267 267 279 279 284 284 289 291 291 307 307 315 324 324 324 338 354 354 354 355 355 366 396 409 415 415 415 456 456 484 488 490 490 
126 
76 245 245 440 440 440 
175 175 
159 159 159 477 477 477 
2 
105 105 106 372 372 
56 148 236 236 236 268 446 
33 33 33 40 40 40 67 67 236 236 281 
43 65 65 251 251 251 286 286 358 362 413 479 500 
158 158 158 
101 236 471 471 
8 8 8 76 76 77 141 141 141 200 290 350 350 350 373 413 413 422 422 422 
496 
86 86 86 386 386 508 
76 76 109 109 207 207 314 314 
196 
236 236 
12 12 12 355 355 
271 271 271 
267 267 267 268 268 
159 159 159 
405 405 
199 199 478 
76 
328 
35 35 35 
236 
238 238 310 310 
184 184 488 
215 
214 314 314 467 
102 
143 143 143 
271 
39 39 39 232 274 274 402 402 402 
182 494 494 
184 184 
30 35 35 119 122 174 174 174 314 341 341 376 376 413 413 483 499 499 499 
329 
8 8 313 313 350 350 
5 5 5 53 53 377 393 393 419 458 458 458 
292 
159 159 337 343 343 343 392 477 477 477 
76 76 245 245 
76 295 295 360 361 
236 236 275 275 303 406 406 415 415 
39 39 159 159 159 
124 124 124 219 390 390 390 454 454 454 
7 157 169 169 238 271 271 287 287 287 296 296 374 375 505 505 
503 503 
487 487 
40 40 40 49 49 55 55 56 56 56 69 69 79 83 83 83 104 104 104 129 138 147 147 147 184 184 184 191 191 191 192 192 195 201 201 211 230 230 252 267 267 267 275 275 278 278 283 344 351 351 415 415 415 432 460 487 487 487 
104 104 
212 212 233 
342 405 405 
279 279 279 496 
39 39 39 62 62 62 430 430 
76 
311 311 424 424 494 494 
325 325 358 
76 76 76 186 186 228 228 
70 184 184 
110 110 176 176 288 288 
150 150 408 408 408 
40 40 
149 149 374 374 
193 193 193 286 286 413 413 
236 

283 415 415 
5 5 
271 271 
305 
70 70 
367 367 367 367 441 

81 329 329 
118 
315 315 
11 11 334 334 385 

493 
184 184 204 204 204 236 236 236 268 268 356 471 
191 204 204 267 267 
415 415 
286 286 286 
3 7 158 158 203 203 203 218 233 233 256 256 282 297 297 327 327 339 339 339 354 354 354 374 401 401 408 408 408 412 412 412 427 427 427 442 442 453 453 

5 5 354 472 475 475 
219 219 402 402 402 
230 230 236 236 
157 157 

236 236 
5 31 31 31 184 184 240 240 240 
174 435 435 449 467 467 
67 192 298 298 298 347 421 421 421 
144 144 271 427 
236 254 415 
184 184 

193 193 251 251 270 270 270 413 413 413 
9 233 233 233 
247 247 
184 451 451 451 
23 23 23 23 97 97 171 196 
184 184 426 
76 76 152 152 226 364 410 410 410 
408 
397 408 408 
76 76 229 229 509 
68 68 169 233 233 
271 271 408 408 
281 281 281 347 
31 54 76 413 
177 177 
339 339 
485 
230 415 
56 148 
159 159 159 257 343 343 343 392 482 482 
87 87 87 370 370 408 
184 184 396 396 396 465 
467 467 
124 
212 212 
243 243 
84 84 85 85 85 160 160 
8 8 8 224 224 
76 76 76 80 199 199 215 215 222 349 349 354 354 384 384 398 413 418 429 434 434 449 467 467 481 
31 31 73 73 94 184 263 263 336 336 486 486 
444 444 
398 398 413 413 413 
413 
76 76 354 
140 
42 42 323 
76 162 
321 359 359 
184 184 184 
90 153 153 153 244 244 358 
358 358 
271 271 
76 209 
81 165 165 223 261 261 
369 369 428 428 
22 
407 407 413 
413 413 
264 264 385 413 
174 174 494 494 
315 315 486 486 
227 
184 
46 46 46 145 145 145 271 271 271 301 301 381 452 452 464 470 470 
182 182 
222 222 
239 
227 227 227 305 305 305 
69 69 69 147 147 236 447 447 
52 
27 47 47 76 459 459 
67 67 281 298 421 421 506 
85 85 
314 314 481 481 
8 196 196 196 224 224 
236 236 
402 402 
76 76 456 456 
5 5 31 41 76 99 99 134 134 156 184 184 184 271 271 271 273 314 314 319 411 450 490 490 490 502 502 508 508 
12 12 184 184 202 202 
267 
367 367 367 431 431 496 
38 72 72 89 90 141 141 193 244 325 326 326 413 413 466 503 503 
61 61 81 323 323 
229 
76 229 
65 193 413 
182 
292 
415 
184 
114 114 114 181 259 259 259 259 357 357 357 496 496 
401 401 
330 330 
87 306 306 

106 106 190 190 
196 
154 233 250 250 271 408 417 442 
233 
222 222 
225 458 
101 
103 103 
134 134 
0 0 0 46 64 64 123 133 139 139 339 395 395 408 
413 
63 63 63 75 432 
314 314 449 449 
264 334 413 413 
198 198 
124 
487 
22 81 115 142 142 497 
232 232 232 

227 305 
225 225 
81 81 81 495 
46 46 381 381 
184 307 307 307 
58 58 294 
314 317 317 
41 41 156 
50 50 
110 110 271 271 368 368 
39 159 219 219 219 274 274 274 352 352 405 405 405 
427 427 427 
6 92 182 182 
39 39 39 206 206 239 239 402 402 402 
37 230 230 415 415 415 
175 332 332 413 413 
25 26 87 87 87 150 150 158 158 248 248 248 271 271 271 293 294 294 297 297 306 374 381 412 412 437 437 
184 
292 292 292 
354 
271 271 271 408 408 
35 45 74 74 76 92 128 155 155 161 161 161 167 167 168 182 182 193 196 196 222 222 251 251 286 286 286 299 314 317 317 317 318 332 333 333 334 358 358 362 382 385 385 407 407 439 448 448 448 455 455 500 
22 108 
37 37 116 116 116 129 129 177 177 177 184 184 184 230 230 236 236 236 254 254 269 269 283 303 365 406 406 406 432 432 432 460 460 460 463 463 
65 65 
149 149 374 
80 95 314 
225 
98 441 441 
281 281 281 347 347 
196 196 196 
76 
243 243 
103 103 157 157 157 157 169 169 169 
291 
271 271 271 282 403 403 403 
20 20 159 159 330 330 
314 
241 241 
357 357 496 496 
236 383 415 415 415 
159 159 
314 314 
280 280 
22 
408 408 
83 83 83 487 
161 161 413 
76 186 186 186 
1 1 18 98 259 420 420 
271 271 374 468 
5 5 
59 182 182 316 316 
85 450 450 
191 
344 344 
74 74 74 128 128 413 413 413 
280 314 384 384 
41 41 41 156 354 445 445 462 
289 289 289 
339 339 464 
271 271 
131 131 232 232 232 
17 413 413 
184 184 353 353 491 491 

225 225 225 377 
346 346 
236 415 415 415 
22 497 497 
450 
73 75 75 415 415 
339 452 
307 
358 
215 280 280 308 308 314 314 
123 442 
159 159 511 
339 339 
101 101 170 170 170 195 195 267 
273 475 475 

56 56 
5 273 273 472 472 
100 496 496 
39 159 159 159 188 188 188 227 227 227 
207 
193 
127 127 127 171 
314 349 349 
305 305 
30 222 
184 
39 39 39 302 
31 120 120 315 315 336 336 489 
56 56 56 235 235 236 236 236 388 438 
184 213 
486 
51 51 184 184 354 354 354 
126 456 456 
41 41 
3 3 266 
174 220 220 243 243 335 335 
81 394 
100 100 197 240 357 367 367 431 431 476 476 
22 22 130 389 461 461 
160 
182 182 182 222 222 222 
167 193 413 
54 54 54 
354 354 
234 234 358 358 
88 
233 233 
347 
104 104 104 
5 5 5 48 86 86 198 354 354 
76 76 295 
159 
469 
