Nodes: 512, Edges: 1187
381 381 
441 441 
28 28 91 91 91 111 111 182 182 183 183 183 189 
271 271 493 
454 454 
34 50 50 88 88 88 88 88 184 198 225 225 273 279 354 354 400 400 441 441 443 475 475 475 504 504 508 
404 404 
233 271 
196 196 224 224 313 313 350 350 
287 
476 
264 264 264 
184 184 202 202 355 355 
76 76 
117 117 184 
59 59 59 182 444 

390 390 455 455 
420 441 

428 428 
31 31 
115 331 389 389 414 414 436 436 497 497 
290 290 
76 76 76 
408 408 
158 158 408 
76 346 
2 2 178 183 183 
56 
180 222 483 483 
21 21 172 279 279 279 299 315 354 354 486 486 489 489 489 

67 67 192 
5 
158 210 210 222 413 413 
106 
406 406 
358 
62 159 159 159 166 166 166 219 231 241 267 302 302 330 402 402 405 405 405 477 477 
192 192 236 236 249 249 249 
85 85 137 151 160 184 184 324 354 354 399 445 450 450 450 457 457 492 492 492 
321 321 323 323 323 
193 193 193 
137 
76 76 439 
339 339 381 
346 
508 
236 236 
5 5 
490 490 
184 345 345 
225 
76 76 299 299 
195 195 195 236 
29 191 236 236 236 304 304 446 474 474 487 487 
415 
294 294 397 397 397 
15 15 15 444 444 
104 236 236 
359 
39 241 241 241 
383 383 383 383 463 
381 
193 193 362 362 362 416 416 
141 141 
33 33 192 281 281 347 
169 169 169 179 371 371 
236 236 344 
184 184 258 

358 358 466 
94 315 315 315 463 
448 
463 463 463 
13 13 24 24 24 27 45 45 54 54 78 78 96 96 96 162 162 162 184 184 186 196 199 199 208 208 229 229 229 242 245 245 245 245 292 295 295 299 299 299 314 319 319 319 319 322 328 346 346 346 353 353 354 354 361 423 440 440 440 456 456 456 478 509 509 509 
196 196 413 413 
76 76 
104 236 236 
314 
113 113 184 261 289 289 329 359 389 389 389 394 495 
142 142 142 143 143 143 165 165 389 
104 104 438 438 438 
85 85 85 312 348 348 
41 41 84 84 84 160 160 160 312 445 
198 198 508 
306 306 370 370 408 408 408 
5 5 5 5 5 504 
358 358 

2 2 2 
182 404 413 

73 315 
418 
76 76 76 398 
171 290 
420 441 
354 354 
476 476 496 496 496 496 
140 195 378 378 471 471 
136 216 216 
146 379 379 425 
60 79 83 83 138 138 138 236 237 237 507 507 
184 184 190 190 372 
36 190 372 372 

414 414 
199 
176 247 247 401 401 401 
2 2 182 
184 184 
81 81 
367 
22 
184 415 
14 14 125 135 184 236 236 236 
152 152 262 364 364 364 
122 122 222 222 413 
486 
143 143 
119 119 222 
381 468 
232 232 232 387 
117 136 136 
185 185 185 491 491 
480 
413 448 448 
236 236 415 

454 
168 168 
381 381 
354 354 354 380 380 380 
117 
102 125 125 
41 44 184 
104 104 104 164 164 236 
381 381 381 
101 320 320 
66 66 196 196 358 358 358 
82 82 82 389 389 
82 82 82 121 121 217 
282 
339 339 
103 379 379 
236 344 344 
304 304 304 
250 250 417 417 
248 408 
41 354 354 
118 118 292 292 
325 
374 

354 399 450 
233 276 276 425 425 
26 26 35 194 271 271 408 
39 39 39 188 188 188 227 227 231 305 305 330 330 330 402 428 428 433 469 477 477 510 510 511 511 511 
41 85 85 85 272 312 312 312 498 
413 
76 76 76 322 322 322 

138 138 
82 82 329 
39 39 39 
413 413 413 500 
132 132 413 413 413 
68 68 68 233 233 296 296 425 425 425 
471 
97 290 290 480 480 480 
31 
344 
222 222 222 335 335 494 
187 407 
110 247 
415 415 415 415 
28 
68 
30 222 222 
367 367 367 
2 2 15 92 111 220 340 340 404 404 413 413 444 499 499 
2 2 2 28 28 
5 12 12 14 41 41 52 70 70 76 76 81 105 105 112 112 116 117 137 213 213 221 221 236 236 246 267 267 267 279 279 284 284 291 291 292 292 307 324 324 338 338 338 345 345 354 354 355 355 355 366 396 415 426 426 456 456 456 465 484 484 484 490 490 
126 126 126 491 
76 245 245 440 440 
175 413 
159 159 159 477 
2 351 351 351 
105 105 106 372 372 
56 236 267 267 285 304 304 304 446 
33 40 40 67 236 236 236 281 281 
43 43 43 65 65 251 251 251 251 286 358 358 362 413 479 479 500 500 
158 
55 55 55 101 267 471 
8 8 76 77 77 141 141 200 290 290 350 373 373 413 422 
496 
5 86 86 386 386 508 508 
76 76 109 207 207 314 314 314 
196 
236 236 415 415 
12 12 355 
271 
267 267 267 268 


199 199 337 337 478 478 
76 76 242 
328 328 
35 35 232 309 
236 
238 238 238 238 310 310 310 
184 184 488 
215 215 314 314 314 
214 214 314 
102 102 
143 
271 
39 232 232 274 274 454 
182 494 
184 184 
30 35 119 119 122 174 174 174 180 180 314 341 341 376 376 413 413 413 483 499 499 499 499 
329 329 
8 8 313 350 350 
5 5 53 259 259 393 393 419 458 458 
292 
159 159 257 257 337 337 337 343 343 392 477 477 
245 245 
76 76 76 295 360 360 360 360 361 
236 259 275 275 303 406 406 415 415 415 
39 159 
124 124 124 210 219 219 390 454 454 
7 157 169 169 271 271 287 287 287 296 296 310 310 374 375 505 505 505 


40 40 49 49 55 56 56 56 60 60 69 69 79 79 104 117 117 117 129 129 138 147 184 184 191 192 192 192 201 201 211 230 237 252 267 275 278 283 283 283 344 344 351 351 351 415 415 415 432 432 438 460 460 487 
104 104 236 
212 212 212 212 
405 405 
279 279 279 279 279 496 496 
39 62 62 62 430 
76 208 
311 311 311 311 413 424 494 
325 325 358 358 
76 76 76 76 186 186 228 228 
184 
110 110 176 288 401 
150 408 
40 40 40 
149 149 374 374 417 442 
193 193 193 193 286 413 413 
236 
330 330 
283 283 283 415 415 

271 271 271 
227 227 305 305 
70 409 409 
225 225 230 367 367 441 

81 
118 410 
315 315 
11 11 11 334 385 
496 496 
493 
39 184 184 184 191 191 195 204 204 204 236 268 356 
204 267 
415 415 415 
286 
3 3 7 158 158 203 218 233 233 256 256 256 282 282 297 297 339 339 354 374 375 375 401 401 408 408 427 427 442 
160 
5 354 472 472 
219 219 
230 230 236 
157 157 
415 415 
236 
5 31 31 31 184 184 240 240 240 240 240 
308 308 435 435 435 449 449 449 467 
67 67 192 192 298 347 421 421 421 
144 271 271 
236 236 236 254 254 254 415 
184 184 
191 
193 251 270 413 413 
9 233 233 233 
247 
81 81 451 451 451 
23 23 97 171 171 196 196 480 
184 184 426 
76 152 152 184 184 226 364 364 364 410 410 410 
408 
58 58 397 397 397 408 
76 76 229 
169 169 233 233 
271 271 
281 
31 54 54 76 76 76 413 

339 339 
39 39 485 485 
230 415 
56 56 148 148 148 191 191 191 
159 159 257 257 343 343 392 392 482 
87 87 408 
184 396 465 
280 280 467 467 467 
210 
212 212 212 233 233 
243 243 243 243 
84 85 160 160 160 
8 8 224 
76 80 199 199 199 214 214 214 215 222 317 317 317 349 349 354 354 398 413 413 429 434 434 449 455 455 467 481 
31 73 73 73 94 263 263 336 336 
444 
314 314 314 398 398 
413 
76 76 76 76 354 
140 140 
42 42 323 323 
76 162 162 162 
42 42 42 321 321 359 359 
41 184 184 
153 244 244 358 358 
358 

76 209 209 
81 165 223 223 
39 159 159 159 253 253 369 369 428 428 
22 
407 413 413 
413 
264 385 385 
174 174 413 413 413 494 494 494 494 
315 315 486 
207 207 227 227 227 
184 184 184 415 415 
46 46 145 145 271 271 301 301 381 408 408 408 427 452 452 452 464 470 
182 182 
222 222 

227 227 305 305 
69 147 147 173 236 236 447 447 
52 52 184 184 
27 47 76 76 76 459 
67 281 421 421 421 
84 84 
314 314 481 
8 8 196 224 224 
189 189 189 236 236 236 356 356 356 432 
402 402 
76 76 456 456 456 
5 5 31 31 41 41 76 76 99 99 134 134 134 151 151 156 184 184 271 273 314 314 319 411 450 450 462 508 508 508 
12 12 184 184 184 202 
267 351 351 351 
431 431 496 
38 72 72 89 89 141 141 141 193 193 244 244 325 325 326 466 500 
61 81 323 323 
229 229 229 229 
76 229 
65 65 65 193 

118 118 118 292 292 292 
415 
184 
114 181 181 181 259 259 496 
401 
330 330 
87 87 
68 68 
105 106 106 190 190 
196 196 
154 233 250 250 271 408 417 417 417 442 442 
233 271 271 
222 222 
458 
101 101 
103 103 146 146 
134 134 134 
0 0 46 64 123 133 133 139 139 139 339 395 408 
413 
63 63 63 63 415 
449 
264 334 334 413 413 
198 198 
124 
487 
22 22 81 81 81 82 142 142 497 497 
17 17 232 

227 305 305 
225 225 
81 495 
381 
184 307 
58 58 58 294 294 294 
96 314 317 317 
41 156 
5 5 
110 110 110 247 271 271 368 
39 39 159 352 352 

6 6 92 182 182 
39 39 39 239 239 
37 37 230 230 415 415 415 
175 332 413 
25 25 26 87 87 87 150 158 248 271 271 293 294 306 339 339 339 374 381 437 437 470 470 470 
258 258 
262 292 292 292 
354 

35 35 77 77 92 119 128 161 167 167 167 168 168 168 182 182 187 193 196 222 222 222 243 251 251 286 286 299 314 314 318 332 332 333 335 335 335 382 385 385 407 439 455 455 494 
22 22 108 108 
57 116 129 177 177 177 177 184 201 201 230 230 230 236 236 236 254 254 269 269 269 277 277 283 303 338 338 365 383 406 406 406 432 460 463 
65 65 
149 149 250 374 374 374 
95 
225 
18 98 441 441 441 
281 281 281 347 347 347 
196 
76 
243 
103 157 157 169 169 169 
184 184 291 
271 271 339 
20 20 159 159 330 330 
314 
241 
357 357 496 496 
236 236 351 415 
159 
314 314 
280 280 280 449 
22 22 
408 408 
83 83 83 236 487 
45 413 
76 76 76 186 186 
1 1 5 5 18 98 259 420 420 420 
250 271 374 374 468 468 
5 
15 59 59 182 316 
41 85 450 450 450 
56 191 
344 344 
74 128 128 
280 280 280 314 384 435 467 
41 41 41 156 354 354 445 445 445 462 
289 289 289 
339 339 339 464 

4 4 131 219 232 232 
17 17 314 314 413 413 
76 76 76 184 184 184 353 353 353 491 491 
41 41 
225 225 377 
346 
236 236 415 
497 497 
354 450 
63 73 75 75 75 415 
339 452 
184 307 
72 358 
280 308 308 308 314 449 
123 442 442 
159 511 
339 408 408 408 
101 101 170 195 
273 273 475 475 

56 56 487 
5 5 5 472 472 
10 100 100 496 496 496 
39 39 159 159 188 227 227 
76 207 207 
193 193 
127 171 171 171 290 
314 349 
305 
30 30 222 
184 184 184 
302 302 
31 31 120 336 489 489 
56 56 236 388 438 474 
213 
31 31 31 486 486 
51 51 184 184 
126 126 185 456 456 
41 41 41 
3 266 
174 220 243 335 335 335 335 413 
81 394 
100 100 100 100 197 240 240 265 265 357 367 431 431 476 476 476 
22 22 389 389 461 461 
160 
182 182 222 222 222 222 
167 193 193 358 



5 5 88 
233 233 233 

104 104 
5 48 86 198 198 354 354 354 
76 76 76 
159 159 
159 159 159 469 
