Nodes: 512, Edges: 1187
381 381 
441 441 441 
28 28 91 111 182 182 183 189 
493 493 493 
454 454 
34 48 50 50 88 88 88 88 184 184 198 198 225 255 273 279 354 354 400 400 400 443 504 508 508 508 
404 404 404 
233 271 271 
196 224 224 313 350 350 
287 287 287 
476 476 476 
264 264 
184 184 355 355 
76 76 
117 117 184 184 184 
59 59 182 182 182 444 
184 184 
390 
420 441 441 
104 
428 428 
31 31 
108 108 108 331 331 389 414 414 436 436 436 461 461 497 
290 290 290 290 
76 
408 408 
158 158 408 
76 76 346 
2 2 
56 56 56 
180 222 222 483 483 
21 21 184 184 279 279 279 299 315 315 354 354 354 486 486 486 489 489 
184 307 
67 67 192 192 192 
5 
158 210 210 222 413 413 
106 106 
57 415 415 
358 
62 62 159 159 159 163 163 166 166 219 219 219 231 231 241 241 241 330 330 330 402 402 405 405 485 485 
192 192 236 236 236 249 
99 137 137 137 151 156 160 160 184 184 324 354 354 354 399 450 450 457 457 492 492 492 
321 321 323 323 
193 193 
137 137 
76 109 
64 381 395 395 
76 76 76 346 346 
5 
236 
5 5 400 
490 
184 345 345 
225 
76 299 501 501 
93 236 236 236 
29 29 29 191 236 236 236 304 446 487 487 487 
37 415 
294 294 294 397 397 
15 15 444 
104 104 
81 359 359 
39 39 241 241 
383 383 383 463 
46 381 381 
193 193 362 416 416 416 

33 33 192 281 281 347 
169 169 179 179 371 371 
236 236 344 344 344 
184 184 258 258 

325 466 
94 315 315 463 
413 413 448 448 448 
383 463 463 
13 13 24 27 27 45 47 47 47 54 78 96 96 107 109 109 162 184 186 186 196 207 207 208 208 229 242 245 245 292 292 295 295 299 299 299 299 314 319 319 322 328 328 346 353 353 353 354 354 354 361 361 413 423 423 440 440 456 456 456 478 478 509 
196 413 413 
76 
104 236 236 
314 
61 82 82 82 113 184 184 261 261 289 329 359 359 389 495 495 495 
81 81 81 121 121 121 142 142 143 143 389 
104 104 236 236 438 438 438 
85 85 85 312 312 312 348 
84 84 84 160 160 312 312 
198 198 198 508 
306 370 408 
5 5 5 5 504 

358 
2 
182 182 182 404 404 
55 
73 315 

76 76 398 
290 290 290 
420 441 
41 354 
476 476 
195 195 378 378 
117 117 216 216 
146 146 379 
19 60 60 79 83 83 138 236 236 507 507 507 
184 190 
36 36 372 
76 
22 22 22 
45 76 76 199 199 
176 401 
2 182 182 
184 184 
81 
367 367 

184 184 415 415 
14 14 102 102 125 125 135 184 184 236 236 
152 152 364 364 
122 413 
486 486 
82 82 82 143 143 
119 222 
468 468 468 
232 309 387 454 
117 117 136 136 136 136 136 
185 491 491 
480 480 
413 413 448 
236 415 

454 454 
168 

354 380 
117 
125 125 125 125 125 
41 41 41 44 44 184 
104 236 
381 381 
320 
196 196 358 
82 82 
82 82 121 121 
282 
339 339 339 
103 103 
236 344 
191 304 304 
250 250 417 417 
248 248 408 
41 354 
118 118 292 292 
325 325 
374 
413 413 
41 450 
233 276 276 276 425 
26 26 35 194 194 271 271 408 408 408 
39 39 39 188 188 205 227 227 231 231 305 330 402 402 402 428 428 433 433 469 469 477 510 510 510 511 
41 41 85 85 272 272 272 312 312 498 
413 413 
76 322 
39 39 

329 329 
39 39 477 
413 413 500 
132 
68 68 233 296 425 425 
471 471 
290 480 480 

344 
222 280 335 335 494 
187 187 407 
110 247 247 
300 415 
183 
68 68 
30 222 

2 2 15 15 15 92 92 92 111 111 220 340 340 363 363 413 413 413 444 499 
2 178 
5 5 12 12 14 14 14 16 16 31 31 32 41 41 52 70 70 76 81 81 105 112 112 116 116 117 117 137 213 213 221 236 236 236 246 246 246 260 260 267 267 279 279 284 289 289 291 292 307 315 324 324 338 345 345 354 354 355 355 366 366 396 409 409 409 415 415 415 456 456 465 465 484 484 484 488 488 490 
126 491 
76 76 245 245 245 440 440 
175 175 413 
159 159 477 477 477 
2 351 351 351 351 
105 372 372 
56 148 236 236 236 267 268 285 285 446 446 
33 33 33 40 40 67 236 281 
43 43 65 65 251 286 286 358 358 362 362 362 413 479 479 479 500 
158 158 
101 101 236 236 267 
8 76 77 141 141 200 350 350 373 413 413 422 
496 496 496 
5 5 86 86 86 386 386 386 508 508 508 
109 109 207 314 314 
196 
236 415 

271 271 
267 267 268 268 
159 
405 405 
76 76 199 478 
76 76 242 

35 35 232 309 

238 238 310 310 
184 184 488 
215 215 215 314 314 
214 214 214 314 314 467 
102 102 

271 
39 39 39 232 232 274 274 402 402 
182 494 494 
184 
30 30 35 122 174 180 314 314 376 376 376 413 483 483 499 499 499 
329 
8 8 313 350 
5 53 259 377 377 419 419 458 458 
292 292 
159 159 257 257 337 343 392 392 477 477 
245 245 
76 295 360 360 
236 236 236 275 275 303 303 406 406 415 
39 39 159 159 
124 210 219 219 390 390 390 454 454 
7 157 169 238 271 287 287 310 374 505 505 505 
503 503 503 
236 487 
40 40 40 49 55 55 55 56 56 56 69 69 79 79 83 83 104 104 117 117 129 138 147 184 184 184 191 191 191 192 195 195 201 230 230 230 235 237 267 267 267 275 275 278 278 283 344 415 415 415 432 432 460 460 487 487 
236 
212 212 233 
342 342 405 405 
279 476 496 496 
39 39 39 62 62 430 430 
76 208 
311 311 311 311 424 494 
325 325 358 358 
76 76 186 186 186 228 228 
184 184 184 
176 176 288 288 401 
150 150 408 408 
40 
149 149 374 374 417 442 
193 413 413 

330 330 
283 283 
5 
271 271 271 
227 227 305 337 
70 70 
225 367 367 367 
184 184 
81 81 329 329 
410 410 410 
315 
11 11 334 385 

493 
184 184 191 195 204 204 236 236 236 268 268 471 471 471 
191 204 204 267 267 
415 
286 286 
7 7 158 158 203 203 218 233 256 256 256 282 282 297 339 339 354 354 374 374 374 375 375 391 408 408 412 412 427 442 453 453 
160 160 160 
5 354 475 
219 219 
230 230 236 236 
157 157 157 
415 
236 236 
5 31 31 31 184 184 240 
174 308 308 435 435 435 435 449 449 
67 67 192 347 421 421 421 
144 271 271 427 
236 254 254 415 415 
184 
191 191 
193 193 270 270 413 413 
9 9 9 233 233 
247 247 
81 184 184 451 451 451 451 
23 23 23 23 97 97 97 171 480 
184 426 
76 76 152 152 184 226 226 364 410 410 410 
408 
58 58 58 397 397 397 408 
76 76 229 509 
169 
271 408 408 
347 347 347 
31 54 76 76 76 76 413 413 
177 
339 339 
485 485 
230 230 415 415 
56 148 148 
159 257 343 343 343 392 482 
87 370 408 408 
32 184 354 354 396 465 465 465 
280 280 467 467 
124 210 
212 212 233 
243 243 243 243 
84 84 84 85 85 160 160 
8 224 
76 80 199 199 214 214 215 215 222 222 317 317 349 349 349 354 398 413 413 418 418 429 429 429 434 449 449 449 467 467 481 
31 31 73 73 94 184 263 336 486 486 486 
444 444 
314 314 398 398 413 
413 
76 76 354 354 
140 
42 42 323 
76 162 
42 42 321 359 
41 184 184 
72 153 153 244 244 358 
358 358 

76 76 
81 165 165 223 261 261 
39 39 39 159 253 253 369 369 
22 22 
407 
413 413 
264 385 385 385 413 413 413 
174 174 494 494 494 494 
315 486 
227 257 
184 415 415 
145 145 145 271 271 301 301 381 408 408 408 427 427 452 452 470 
182 182 

239 239 
227 305 305 305 
69 69 69 147 173 236 447 447 447 
52 52 184 184 
27 47 47 76 459 459 459 
67 281 298 298 298 506 
84 
314 314 314 
8 8 196 196 224 
189 189 189 189 356 356 356 
402 402 
76 76 76 
5 5 31 31 31 41 41 41 76 76 76 99 134 151 184 184 271 271 273 307 307 314 319 319 411 411 450 450 450 462 462 490 490 490 502 502 508 
12 12 184 184 
351 351 351 
367 431 431 496 
38 90 141 193 193 244 244 325 326 326 413 413 466 466 503 
61 61 81 81 323 
229 229 
76 76 
65 193 193 193 413 
182 182 
118 118 292 
415 
184 184 
114 114 259 259 259 357 
401 401 401 
330 330 
87 306 
68 68 
106 190 190 
196 
154 233 250 250 271 271 271 408 417 442 442 
271 271 
222 222 222 
225 225 458 458 458 
101 101 
103 
134 
0 0 46 64 64 139 139 339 395 395 395 408 
413 413 413 
63 63 63 75 
449 
264 334 334 334 413 
198 198 198 
124 
487 487 487 
22 81 82 497 
17 232 232 232 
271 
227 227 305 

495 495 
46 46 381 381 381 
184 307 
58 58 294 294 294 
96 314 317 317 
41 
5 5 5 50 
110 247 368 368 368 
39 39 159 159 159 219 219 352 352 405 
427 
6 6 6 92 92 
39 39 206 206 239 239 402 
230 230 415 
175 332 413 
25 25 26 87 150 158 158 158 248 248 271 271 293 294 297 297 306 306 339 339 339 374 381 412 
184 184 184 
262 262 262 292 292 292 
354 354 
271 271 408 
35 35 74 74 76 77 77 119 128 128 155 155 161 161 167 167 182 182 182 187 193 196 196 222 251 251 286 286 299 299 314 314 317 318 333 333 334 334 334 358 358 362 382 382 382 385 407 439 439 439 448 448 455 455 455 494 494 500 
22 22 
37 37 57 116 116 129 177 184 184 184 201 230 236 236 236 269 277 283 283 303 303 338 338 365 406 460 463 463 
65 65 65 
149 149 250 374 
314 314 
225 225 
18 98 441 
281 281 281 
196 
76 76 
243 
157 169 169 
291 
271 282 339 339 403 
20 20 159 159 
314 314 314 
241 241 
357 357 496 
236 236 
159 159 
314 
280 280 280 280 
22 22 22 

83 83 83 
413 413 413 
76 76 186 186 
1 1 1 18 18 98 420 
250 271 374 374 468 468 
5 
15 59 182 316 316 
450 450 450 
56 191 191 
344 344 344 
74 74 74 128 413 413 
280 280 314 314 314 384 467 467 
41 41 156 354 354 354 445 445 445 462 462 
289 289 289 289 
339 339 464 464 
271 271 
4 4 124 131 131 232 232 
413 413 413 
76 76 76 184 184 491 
41 41 
225 225 377 377 377 
346 346 346 
236 236 415 
22 22 497 497 
354 354 450 450 
63 73 75 75 415 415 
452 452 
184 184 307 307 307 
72 358 358 
215 308 308 314 314 449 449 
123 123 123 442 442 
159 159 
339 
170 170 267 267 267 
475 
491 
487 487 
273 472 
10 10 10 100 100 240 496 496 
159 166 188 188 188 227 227 
76 76 207 
193 193 193 
127 127 171 171 290 
314 
305 
30 30 222 222 
184 184 184 
39 39 302 302 
31 31 31 120 120 315 315 315 336 489 489 
56 56 56 235 236 236 388 388 388 474 474 
184 184 213 
31 31 486 486 
51 184 354 354 354 
126 126 185 456 473 
41 41 41 
3 3 3 266 
174 220 220 243 335 335 335 335 413 413 
81 81 81 394 394 
197 197 197 240 240 357 431 476 476 
22 389 461 461 
160 
182 222 222 222 
167 193 413 
54 54 
354 354 
234 234 234 358 
5 88 
233 233 233 
347 
104 104 104 
5 5 5 86 198 198 198 354 
76 295 
159 159 159 
159 
