Nodes: 512, Edges: 1187
133 381 381 
441 441 
28 91 91 91 182 182 182 183 183 
493 493 
454 454 
34 88 184 184 225 255 255 255 273 273 354 354 354 400 400 441 441 443 443 475 504 508 508 
404 404 
233 233 271 
196 196 224 224 350 350 
287 287 287 
476 476 
264 264 
184 184 202 202 355 
76 
117 184 
59 59 182 444 

455 455 
420 441 441 
104 
428 
31 
331 331 389 389 414 414 414 436 436 461 461 497 
290 290 290 
76 76 
408 
158 158 158 
76 76 76 346 346 
2 178 178 178 183 183 
56 
180 180 222 483 
21 172 172 184 279 279 279 279 299 315 354 354 354 486 486 486 489 
184 307 
67 192 
5 
158 222 
106 106 106 
57 406 415 415 
358 
62 62 62 62 159 163 166 166 166 219 231 231 241 241 302 302 302 330 330 402 405 405 405 485 485 
192 192 236 236 249 
85 99 137 151 151 156 156 160 160 184 184 324 324 324 354 354 399 445 450 450 492 492 
321 323 
193 
137 
76 109 413 439 
64 339 381 381 395 395 
76 78 346 346 346 346 

236 

484 490 490 490 
184 184 345 
225 225 225 
76 299 501 
93 93 236 236 
29 191 191 191 236 236 236 304 304 446 474 474 487 487 
37 415 
294 294 397 397 
15 15 444 444 
104 236 236 236 
81 81 359 359 
39 39 39 39 
75 383 383 383 
46 381 381 381 
362 362 416 416 

33 192 281 281 347 347 
169 169 296 371 
236 236 344 344 
184 184 246 258 
369 
325 325 358 466 466 
94 315 315 
413 448 448 
63 383 383 463 463 463 
13 24 24 27 27 27 45 47 54 78 78 96 96 107 107 109 109 162 184 184 196 199 207 207 207 208 228 228 229 229 242 245 245 292 292 295 295 295 299 314 319 319 319 319 328 328 346 353 353 353 354 354 354 361 413 423 440 456 478 509 
196 196 196 413 
47 76 76 
236 
314 418 
61 61 82 82 184 184 261 261 289 289 329 329 359 359 359 389 394 495 495 
81 81 121 121 121 142 142 143 143 165 
104 104 104 236 236 236 438 438 438 
85 85 312 348 
41 84 84 160 312 348 445 
198 198 198 198 508 508 
306 306 306 
5 504 504 
358 358 
358 
2 2 2 
404 404 413 
55 55 
73 315 315 
418 418 418 
76 76 
171 171 171 290 290 
420 420 441 
41 354 354 
476 496 496 
140 195 378 471 471 
117 136 136 136 216 216 
146 146 379 379 425 425 
19 60 83 83 83 138 236 236 237 507 507 
184 190 190 190 372 
36 36 36 190 190 372 372 
76 76 
414 
45 76 76 199 199 199 
176 247 401 401 401 
182 182 
184 

367 

184 184 415 
14 102 125 125 135 184 184 236 236 
152 152 364 364 364 
122 222 222 
486 486 486 
82 82 82 143 
119 222 222 
381 468 468 
309 387 454 
117 117 136 136 136 136 
185 185 
480 
448 
236 236 236 415 415 

454 454 
168 168 
0 381 
354 380 
117 
102 102 102 125 125 125 125 
41 44 184 184 
104 164 164 236 236 236 
381 
101 320 
196 196 358 
82 82 
82 82 121 217 217 
282 282 
339 339 
103 103 
236 344 344 344 
191 304 304 
250 
248 248 408 
41 41 354 354 
118 118 292 292 
325 325 
374 374 374 
413 
41 41 354 
233 233 276 276 425 425 
26 26 26 35 271 271 408 408 
39 188 205 205 227 231 231 305 330 402 402 428 433 433 433 469 477 510 511 511 
41 41 85 272 312 312 312 
413 439 439 
76 322 
39 
138 138 
82 
39 39 39 477 

132 132 413 413 413 
68 68 233 233 233 296 425 425 425 
471 471 
97 97 97 290 480 480 480 480 
31 31 
344 344 
222 222 335 
187 187 187 187 407 407 
110 
300 300 300 415 415 
28 28 28 183 

30 30 
367 367 367 
2 2 2 15 111 111 220 220 340 363 363 404 404 413 413 444 444 499 
2 2 28 28 178 
5 5 12 12 14 31 32 41 41 52 52 70 70 76 76 81 81 105 112 116 116 117 117 137 137 213 213 221 221 236 236 236 258 258 260 267 279 279 284 289 289 289 291 292 307 307 315 324 338 338 345 345 354 354 355 355 355 366 366 366 396 396 396 415 415 456 456 465 465 484 484 490 490 
126 126 491 
245 245 440 440 
175 175 175 175 413 413 
159 

105 105 105 106 106 372 372 
56 56 56 148 236 236 267 268 285 285 304 446 446 
33 40 40 67 236 236 281 
43 251 251 286 358 413 413 479 479 500 

101 236 236 267 267 471 471 
8 8 76 77 77 77 141 141 200 200 290 350 350 413 422 422 
496 496 496 
86 86 86 86 386 508 
76 109 109 109 207 207 314 
196 196 
415 415 
12 12 

267 267 268 268 
159 159 

76 76 76 199 199 478 478 
76 
328 
309 
236 
238 238 310 310 
184 184 
215 314 
214 314 467 
102 102 
143 143 
271 
39 232 274 274 274 454 
182 182 494 494 
184 184 
30 35 119 119 122 122 174 174 314 314 341 341 341 376 376 376 413 413 483 499 499 
329 329 
8 8 313 313 350 350 
5 53 53 53 377 393 419 458 
292 
159 257 337 343 392 392 
76 76 245 
76 76 295 360 360 360 361 
236 236 236 275 303 303 406 406 415 415 
39 39 159 159 
219 390 
7 7 157 157 169 169 169 238 271 287 287 287 287 296 296 310 310 374 375 375 505 505 505 
503 503 
487 
40 40 49 55 55 56 56 56 60 60 60 69 69 79 83 83 83 104 104 117 117 129 129 129 138 138 138 147 184 184 184 191 191 192 192 195 195 211 230 230 230 237 237 237 252 267 267 275 283 283 344 351 351 351 415 415 415 432 432 432 460 460 487 487 
104 236 236 236 
212 212 233 
342 405 
279 279 476 476 476 496 496 
39 39 430 430 
76 
311 311 311 413 424 424 494 
325 358 
76 76 186 186 228 
70 
110 288 288 
150 150 408 408 
40 
149 374 417 442 442 
193 193 286 286 
236 
330 330 
283 283 415 415 
5 5 5 
271 273 
227 305 305 
70 184 184 
367 367 367 367 
184 
81 81 
364 410 
315 
11 11 334 385 385 
496 496 496 

184 191 195 195 204 204 236 236 268 356 471 
191 204 204 267 
415 415 415 
286 
7 158 158 218 233 256 282 282 339 339 339 354 354 374 374 374 375 391 401 408 408 412 412 412 427 427 453 453 453 
160 
5 5 256 354 354 472 472 475 475 
219 219 219 402 402 
230 236 
157 157 
415 

31 31 31 31 184 184 240 240 
435 449 449 449 467 
67 67 192 298 298 347 421 
144 144 271 271 427 
236 236 254 254 415 
184 
191 191 
193 251 251 270 413 413 
9 9 9 233 233 233 233 
247 247 
81 81 184 184 184 451 451 451 
23 23 23 97 97 171 196 480 
184 426 
76 76 152 152 184 226 410 
408 
58 58 397 397 408 
76 76 76 229 
68 169 233 233 

281 281 347 347 347 
31 54 76 413 413 
177 177 177 
339 
39 39 39 485 485 
230 230 415 415 
56 56 148 148 191 
159 257 257 343 343 392 482 
87 87 87 370 370 408 408 
32 184 184 354 396 396 396 465 465 
467 467 
124 210 
212 212 233 233 
243 243 243 
84 85 160 160 160 
224 224 
76 80 199 214 215 222 222 317 349 349 354 354 398 413 413 418 418 429 429 429 434 434 449 449 449 455 455 467 467 481 
31 73 73 94 94 184 263 336 336 336 486 
444 
314 398 398 413 
413 
76 76 76 76 354 354 
140 
42 323 323 
162 
42 321 321 359 
41 41 41 184 
72 72 153 153 244 358 358 358 358 
358 358 358 

76 76 209 
81 81 223 223 
39 39 159 253 253 428 428 
22 22 
407 413 413 
413 
264 385 385 413 
174 413 413 494 494 
315 315 315 486 486 
227 
184 184 415 
46 145 145 271 271 271 301 381 381 408 408 427 427 452 452 464 464 464 470 
182 
222 222 222 
239 
227 305 305 
69 69 147 147 147 173 173 236 447 447 
52 184 184 
27 27 47 47 47 47 76 459 459 
67 67 281 298 298 298 506 506 506 
84 85 
314 314 481 481 481 
8 8 196 196 224 224 
236 236 236 432 
402 
76 76 76 456 456 
5 5 5 31 31 31 41 41 76 76 76 99 99 134 151 151 156 184 184 271 271 273 273 307 314 314 319 319 411 411 450 450 462 490 490 502 508 508 508 
12 184 184 184 
267 
367 367 431 431 496 
38 72 89 89 90 141 193 244 325 325 325 325 326 326 326 413 413 413 466 500 503 
61 61 81 81 81 323 
229 229 229 
76 229 
65 65 413 
182 182 
118 118 118 262 
415 415 415 
184 184 184 
114 181 181 181 259 259 259 259 357 357 496 
401 
71 
306 306 
68 
105 106 106 190 190 

154 154 154 233 250 271 271 271 417 417 442 
233 233 271 
222 222 222 
225 458 458 
101 
103 103 
134 
0 0 46 46 64 64 64 123 133 139 339 339 395 408 
413 
63 63 63 75 75 415 
449 449 
264 264 334 334 413 
198 
124 
487 
22 22 81 497 
232 
271 
227 227 305 
225 
81 495 495 
46 46 381 
184 184 184 307 307 307 
58 58 294 294 
314 317 317 
41 
5 5 
110 110 110 271 368 
39 159 159 274 274 352 405 
427 
6 6 92 92 182 182 
39 39 39 239 402 
37 230 230 
175 175 332 413 413 413 
25 150 158 158 248 248 271 271 293 294 306 306 339 339 381 412 437 470 470 

262 292 
354 354 
271 271 271 408 
45 74 76 77 92 155 161 168 168 168 182 182 187 187 193 193 196 222 222 243 286 286 299 299 314 314 317 318 332 332 333 334 335 335 358 358 358 362 382 385 407 407 407 439 439 448 448 455 
22 22 22 108 
37 37 57 116 129 129 177 177 184 184 201 201 230 230 236 236 236 254 254 269 269 269 277 283 303 303 338 365 365 365 383 432 460 463 463 
65 65 
250 374 374 
80 95 95 95 314 314 
225 
18 98 98 
281 
196 196 
76 
243 243 
103 103 157 157 169 169 169 
291 
271 271 282 339 339 403 
20 159 330 330 
314 314 314 
241 241 
357 357 496 
236 236 236 351 415 
159 159 159 
314 314 
280 449 
22 22 
408 
83 83 83 
45 161 161 413 413 
76 186 186 
1 1 5 5 18 18 98 
250 250 374 468 468 
5 5 
15 59 59 182 182 316 
41 85 450 
56 191 191 
344 344 
74 74 128 413 413 
280 280 280 314 314 314 384 384 435 467 
41 41 354 354 445 
289 289 289 
339 339 464 464 
271 271 271 
4 4 124 131 131 219 
17 17 314 314 413 
76 184 184 353 353 491 

225 377 377 
346 346 
236 236 415 
22 22 497 
354 
75 75 75 415 415 
339 339 339 452 452 
184 184 307 307 
72 72 358 
215 280 308 308 314 314 449 
123 123 442 442 
159 511 511 
339 408 408 
101 101 170 170 195 195 267 
273 273 475 475 

56 56 487 
5 273 273 472 472 
10 10 100 240 240 240 496 
159 166 
76 207 207 
193 193 
127 171 171 171 171 290 
314 349 349 349 
305 
30 222 
51 184 184 
39 39 302 302 
31 31 31 120 120 120 315 336 336 489 489 
56 56 235 236 236 388 474 

31 486 486 
51 51 51 184 184 354 354 
185 456 
41 41 
3 3 
220 220 243 335 335 
81 81 394 394 
100 100 197 197 197 240 240 265 265 265 357 367 431 476 
22 389 461 

182 222 222 
193 358 
54 
354 
234 234 358 
5 88 88 
233 233 233 
347 347 347 
104 104 
5 5 86 86 198 354 354 354 
76 
159 
159 159 469 469 
