Nodes: 512, Edges: 1187
381 381 
441 441 441 
28 28 28 91 91 111 182 183 189 189 
493 
454 454 
34 34 88 88 184 184 198 225 225 225 255 273 273 279 354 354 400 441 475 508 
404 404 
233 
196 196 224 313 313 350 
287 
476 476 
264 264 264 
184 202 202 355 355 
76 76 
117 125 
59 59 59 182 
184 
455 455 
420 441 441 
104 104 104 
428 428 428 
31 31 
108 115 331 389 414 436 436 461 461 497 
290 290 
76 76 76 
408 408 
158 158 158 
76 346 346 
2 2 2 178 
56 
180 180 222 222 483 483 483 
21 21 172 172 184 184 184 279 279 279 279 299 315 354 354 486 
184 
67 192 192 192 
5 5 
158 158 210 210 
106 106 
415 415 
358 358 
62 62 159 159 163 163 163 166 166 166 231 231 241 302 330 330 402 405 405 477 477 485 485 485 
192 192 236 249 249 249 
85 85 99 137 137 151 156 156 160 184 184 354 354 399 445 450 450 450 
323 323 
193 193 193 
137 137 
76 76 76 413 439 439 
64 64 339 339 381 395 395 
76 346 346 

236 236 
400 400 
484 
184 345 
225 225 225 
76 76 76 299 299 501 501 
93 93 195 236 
29 191 191 236 236 236 304 304 474 474 474 487 487 487 
415 
294 294 397 
15 15 15 
104 236 236 236 
81 81 81 359 359 
39 39 241 241 
383 383 463 463 
46 46 395 
193 362 362 416 
141 
33 192 192 281 281 347 347 
169 179 179 179 296 296 296 371 371 
236 236 236 344 344 
184 258 
369 
358 466 
94 94 315 
413 413 448 448 
383 463 
13 13 24 24 24 27 45 45 45 47 54 54 54 78 78 96 96 96 107 107 162 162 162 184 184 184 186 196 196 199 199 208 208 228 228 229 229 229 242 245 245 245 245 245 292 295 295 295 299 299 299 299 314 319 319 322 328 328 346 346 353 354 354 361 413 413 423 440 440 440 478 509 509 509 
196 196 413 413 413 
76 76 

314 418 418 
61 61 61 82 82 113 113 184 184 261 289 329 329 329 359 389 389 394 394 495 495 495 
81 81 121 121 142 142 143 143 165 165 389 389 
104 104 104 236 236 236 438 
85 348 348 
41 41 84 160 160 312 312 348 348 
198 508 
306 306 370 408 408 408 
5 5 504 
358 

2 2 
182 404 413 413 
55 55 
73 73 315 
418 418 418 
76 76 76 398 
171 171 290 
420 420 441 
41 
476 496 
140 140 195 378 471 471 
117 216 216 
146 379 379 379 425 425 
19 19 19 60 83 83 83 236 237 507 507 
184 184 190 190 
36 36 190 190 372 372 
76 76 
22 414 414 

247 247 
2 182 
184 
81 81 
367 367 
22 389 
184 415 415 
14 102 125 125 135 184 184 236 236 236 
152 364 364 
122 122 222 

82 82 143 
119 119 222 222 
381 
232 232 232 387 387 454 454 
14 117 117 136 136 136 136 136 

480 
413 413 448 448 
236 236 415 415 
497 
454 

381 
380 380 
117 
125 125 125 125 125 
41 41 44 44 184 
164 164 236 236 236 
381 381 
101 101 320 320 320 
66 196 196 196 358 358 358 
82 82 389 389 389 
82 82 121 217 217 217 
282 282 282 
339 339 
103 379 
236 344 344 
191 191 191 304 
250 417 
248 408 
41 354 
118 292 292 
325 325 
374 374 374 

41 41 450 450 
233 276 276 425 425 425 425 
26 26 26 35 35 194 271 408 
39 39 188 205 227 227 305 305 330 330 402 428 433 433 433 469 469 469 477 477 510 511 511 
41 85 85 312 498 498 498 
413 413 439 
76 76 76 322 322 
39 39 39 
138 138 
82 82 329 329 
39 39 39 477 477 477 
413 500 
413 413 
68 233 233 233 296 296 425 425 425 
471 471 
97 97 290 480 480 480 
31 31 
344 344 
335 494 
187 187 187 407 407 
247 
300 300 415 
28 183 
68 68 68 
30 30 222 
367 367 
2 15 92 111 220 220 340 363 363 404 413 413 444 499 
2 178 
5 5 12 16 31 31 31 32 41 41 52 70 76 76 76 81 81 105 105 112 116 117 117 137 213 221 236 236 236 246 246 258 258 260 267 267 267 279 284 289 292 307 307 315 324 324 338 345 345 354 354 354 355 366 396 396 409 409 415 415 415 456 465 484 488 490 
491 491 491 
76 440 440 
175 175 175 413 
159 477 477 477 
2 2 
105 105 106 106 372 
56 56 148 148 148 236 236 267 267 268 285 285 285 446 446 
33 33 33 40 40 67 67 236 236 281 
43 43 43 65 251 251 358 362 362 413 413 479 479 479 500 
158 
55 101 236 236 236 267 267 471 
8 8 76 76 77 77 141 141 141 200 200 290 350 350 350 373 373 413 413 422 422 
496 496 496 
5 86 386 508 508 
76 76 207 314 314 314 
196 196 269 
236 236 415 
12 12 355 355 355 
271 271 
267 267 268 268 268 
159 
405 405 
199 337 337 337 478 
76 76 
328 328 
35 35 232 
236 
238 238 238 238 
184 488 
215 
214 314 314 467 467 
102 102 
143 143 143 
271 271 
232 232 274 402 402 454 
182 182 494 
184 
30 30 119 122 122 180 309 314 314 314 341 376 413 413 413 499 499 499 
329 329 
8 313 313 350 
5 5 5 53 53 53 259 377 377 393 393 419 419 
292 
159 159 257 337 343 392 
76 76 336 
76 76 76 360 360 
236 236 259 275 303 406 415 
39 39 
124 124 124 210 219 219 390 390 390 454 
7 157 169 169 169 271 271 287 287 287 287 287 310 374 375 505 505 
503 503 
487 487 
40 49 49 55 56 56 56 60 60 60 69 69 69 83 83 83 104 117 117 117 129 129 138 138 138 147 184 184 184 191 191 192 192 195 195 195 201 201 211 230 230 252 252 252 267 267 275 275 278 344 351 351 351 415 415 432 487 487 487 
104 
212 212 212 212 
342 342 342 405 405 
279 476 496 496 496 
39 62 62 430 
76 
311 311 311 311 424 424 494 
325 358 
76 76 76 76 76 
184 184 
110 110 176 288 288 288 401 401 
150 
40 40 40 
149 374 374 417 417 442 442 442 
193 193 286 286 
236 236 236 
330 
283 283 283 415 415 415 
5 
271 
227 305 305 
70 184 184 409 409 
225 230 441 
184 
81 329 
364 410 410 
315 
11 11 11 
496 496 496 

184 184 184 191 191 195 195 204 204 236 236 471 
191 204 204 204 
200 415 
286 286 
158 203 203 218 218 233 233 256 282 282 297 354 374 374 374 375 375 391 391 401 401 408 408 412 412 412 427 442 442 442 453 

5 5 354 354 354 472 472 475 475 475 
219 402 402 
230 236 236 
157 157 
415 
236 
5 31 31 31 31 184 240 
308 435 435 435 
67 67 192 298 347 421 421 
144 144 144 271 271 427 
254 254 254 415 415 415 
184 
191 191 191 
251 251 270 270 413 
9 233 233 233 233 233 
247 247 247 
81 184 451 
23 23 97 171 196 480 
426 
76 152 152 184 226 364 410 410 410 410 
408 
58 58 
76 76 76 
68 68 68 169 169 
271 
281 347 
31 54 54 76 76 76 76 413 
177 177 
339 339 
39 485 485 
230 415 
56 56 148 
159 159 257 257 343 343 392 392 392 482 482 482 
87 87 408 
184 184 354 
280 
222 
233 
243 243 243 243 
85 85 160 
8 8 224 224 
76 80 199 199 199 215 215 222 222 222 317 317 317 349 349 349 384 384 398 398 413 418 429 429 449 449 455 455 467 467 481 
31 73 94 184 263 486 486 
444 444 444 
314 314 314 398 398 398 
413 413 413 
76 76 354 
140 140 140 
323 
76 162 162 
42 42 321 359 359 
184 184 
153 153 244 358 


76 76 209 209 
81 81 81 165 165 223 223 261 
39 39 159 159 253 369 369 369 428 428 
22 
407 407 413 
413 413 
385 413 
174 494 
228 
207 207 207 227 
184 415 
46 46 145 145 301 301 381 381 381 408 408 452 452 464 464 470 470 470 
182 
222 
239 239 239 
227 305 305 
69 69 147 147 173 173 236 447 
52 184 184 
27 27 47 47 76 76 459 459 
67 67 281 298 421 506 
84 84 85 85 
314 314 314 
8 196 196 196 224 
236 236 236 356 356 432 432 
402 402 
76 456 
5 5 31 31 41 41 76 76 151 184 184 184 271 273 273 273 307 319 411 450 450 462 502 508 508 
12 12 184 202 202 202 
351 351 
367 367 431 
38 38 72 89 141 141 141 193 244 325 413 466 466 503 503 
61 61 81 323 323 
229 229 
76 
65 65 193 193 413 413 
182 182 
118 118 262 292 
415 
184 
114 114 181 181 357 357 496 

71 330 330 330 
87 
68 68 
106 106 190 
196 196 
154 154 154 233 250 250 271 271 271 408 408 442 442 
233 271 271 
222 
225 225 458 
101 
103 103 103 146 
134 134 
0 0 46 123 133 139 139 339 339 339 395 395 408 
413 413 
63 63 75 415 
314 314 449 449 
334 413 413 
198 
124 124 
487 487 
22 81 81 82 82 115 142 142 142 497 497 
232 232 232 
271 271 
227 305 305 305 
225 225 
81 81 495 495 
46 46 64 381 381 
184 184 
58 
96 314 314 317 317 317 
41 
5 50 50 
247 247 271 271 
39 159 219 219 274 274 352 352 405 405 
427 
6 6 92 182 
39 39 206 206 239 239 402 402 
230 415 415 
175 175 332 332 413 413 
25 25 87 87 87 150 158 271 271 293 306 339 339 374 374 381 412 437 437 470 470 
184 184 258 258 
262 262 292 292 292 292 
354 
271 271 271 408 
45 74 74 76 76 77 77 77 92 92 128 128 161 161 167 168 168 182 182 187 193 193 196 196 222 222 222 286 299 314 318 318 318 332 333 333 334 358 362 362 382 382 385 385 407 407 448 455 455 455 494 
22 108 108 
37 37 57 116 116 129 129 177 184 184 184 201 230 236 236 254 254 254 269 277 283 283 283 303 338 365 383 406 406 432 432 460 463 463 463 
65 
149 250 250 
80 80 95 95 95 314 
225 225 
18 98 98 441 441 
281 281 347 
196 196 
76 
243 243 
103 103 157 157 157 157 169 169 169 
291 
271 282 403 
20 20 20 159 330 330 
314 314 
241 
357 496 496 
236 351 351 415 415 
159 159 159 

280 280 280 449 
22 22 
408 408 
83 
45 45 161 
76 76 76 186 186 
1 1 1 5 18 18 98 259 420 420 
250 250 250 271 271 271 374 374 468 

182 316 316 316 
41 450 450 
191 191 
344 
74 74 128 128 413 
314 314 384 384 435 467 467 
41 41 41 156 156 354 354 445 445 462 
289 
339 339 464 464 
271 
4 4 124 124 131 219 232 
17 17 314 314 413 413 413 
184 353 491 

377 
346 346 
415 
22 22 497 
354 450 
63 63 75 415 415 415 
339 339 452 452 
184 
72 358 358 
215 215 314 314 449 449 
442 
159 159 159 511 511 
339 339 339 408 408 
101 101 170 170 195 267 
273 273 475 475 475 

56 56 56 
5 273 273 273 472 472 472 
10 10 100 240 496 496 496 
39 39 159 159 166 166 166 188 188 188 
76 207 
193 193 193 
127 171 171 171 290 
314 
305 305 305 
30 30 30 
51 184 
39 39 39 302 302 
31 315 315 489 
56 56 56 235 235 236 236 236 388 388 
184 213 
486 
184 
185 185 185 456 

3 
174 220 243 335 413 
81 81 81 394 394 
100 197 197 197 240 240 240 265 265 265 367 431 431 476 476 476 
22 130 389 389 461 
160 160 160 
182 222 222 222 
167 193 
54 54 
354 
234 234 358 358 
88 
233 233 
347 
104 104 
5 86 198 198 354 354 
76 76 76 
159 
159 159 469 469 
