Nodes: 512, Edges: 1187


91 111 111 182 182 182 183 
271 271 493 493 
454 454 454 
34 34 48 48 50 50 88 88 88 184 198 225 225 255 273 279 441 441 441 443 508 508 
404 404 
233 233 271 271 271 
196 224 313 313 313 350 350 
287 287 287 

264 264 
184 184 355 355 355 
76 
184 184 184 
59 59 182 182 
184 
455 455 
420 441 
104 104 
428 428 
31 
108 108 115 331 331 389 389 414 414 414 461 461 461 497 497 
290 290 290 290 
76 
408 

76 76 346 
178 183 

180 222 483 483 
21 172 172 184 184 184 279 279 279 279 315 315 354 354 354 486 486 489 489 
184 184 307 
192 
5 5 
158 210 210 222 413 413 
106 106 
406 415 415 415 

62 62 62 62 159 159 166 166 219 219 219 231 302 330 402 402 402 405 477 
192 236 236 249 249 
85 99 99 137 151 156 156 156 160 184 184 184 324 324 354 450 457 492 492 492 
321 323 323 
193 
137 
76 76 109 413 439 439 
64 339 339 339 395 
76 78 346 
5 5 
236 236 236 
5 5 400 400 
484 
184 345 345 
225 225 225 
76 76 501 
195 236 
236 236 236 446 474 487 487 487 
415 
294 294 397 
15 15 444 
104 104 104 236 236 236 
81 359 
39 39 39 39 241 241 
383 383 463 
46 381 381 381 
193 362 362 416 
141 
192 192 192 281 347 347 
169 169 169 179 371 
344 
184 184 184 246 246 258 
369 
325 325 358 358 466 466 
94 315 315 
413 448 
463 463 
13 24 27 27 45 45 47 54 54 78 78 78 96 96 96 107 109 109 162 184 184 184 186 186 208 208 228 228 228 229 242 242 245 245 245 292 295 295 299 299 314 319 319 322 322 328 346 346 353 354 354 354 361 413 413 423 423 440 456 456 478 
196 413 
47 76 76 76 

314 314 314 418 
61 82 82 82 113 113 184 184 184 261 289 329 359 389 389 394 495 495 
81 81 81 121 142 142 143 389 
104 104 236 236 236 236 438 438 
85 85 85 312 312 348 
41 84 84 84 160 160 160 312 312 348 
198 198 198 198 508 508 
306 370 408 408 
5 5 5 504 504 
358 358 358 
325 358 
2 
182 182 182 404 404 413 

73 315 315 315 
418 418 
76 76 76 
171 171 290 290 
420 441 
41 41 354 354 
476 476 
140 140 140 195 378 471 
117 136 
379 379 425 425 
19 19 60 60 60 83 83 138 236 236 237 237 
184 184 190 190 
36 36 190 190 190 372 
76 
22 22 414 414 
45 76 76 199 199 199 
176 176 247 247 401 401 401 401 
2 2 182 
184 
81 81 
367 367 
22 
184 184 415 
102 125 125 184 184 236 
152 152 152 364 364 
122 122 122 222 222 222 
486 
82 143 
119 119 119 222 
468 
232 387 454 454 
117 117 136 136 
185 185 491 491 
480 
413 413 
236 236 236 415 
497 
454 454 454 
168 
381 381 
354 354 380 

102 125 125 
41 44 184 
104 164 164 164 236 236 
381 381 
101 101 101 
66 196 196 358 
82 82 389 
82 121 
282 
339 
379 379 
236 236 344 344 
191 304 
250 250 
248 408 408 
41 354 354 354 
118 118 118 292 292 
325 
374 374 
413 413 
41 41 41 354 399 450 450 
233 276 276 425 425 425 
35 194 194 194 271 408 408 408 
39 39 188 205 205 205 227 227 227 231 231 330 330 330 428 428 433 469 510 511 511 
41 85 85 85 272 272 272 312 498 
439 439 
76 322 322 

138 138 138 

39 39 477 477 
500 
132 413 
68 68 68 233 233 233 296 425 425 425 425 425 
471 471 
97 97 290 290 480 480 
31 31 
344 
222 280 494 
187 187 187 407 407 
110 110 247 247 
300 415 415 415 
28 183 
68 
30 222 
367 367 367 
2 2 2 15 15 92 92 92 111 220 340 340 404 404 413 444 
2 28 178 
5 12 12 14 14 14 16 31 31 31 32 32 41 41 41 52 70 70 70 76 76 76 81 81 81 105 105 112 116 116 117 117 137 213 221 221 221 236 236 236 246 246 258 258 260 260 267 267 279 279 279 284 289 289 291 291 292 292 292 307 307 324 345 354 355 355 366 396 409 415 415 426 456 465 484 488 490 
126 126 491 
76 76 245 245 440 
175 175 175 413 413 413 
159 477 477 

105 105 106 106 106 
148 236 267 268 268 285 285 304 304 
33 40 67 67 67 281 281 281 
43 65 251 251 251 286 286 358 358 413 413 479 479 
158 158 158 
55 101 236 236 267 267 267 471 
8 77 141 141 200 200 290 350 350 373 373 
496 
5 86 86 86 86 386 386 508 508 508 
109 109 109 207 207 314 314 314 314 
196 196 269 
236 236 415 
355 355 

268 268 
159 159 159 
405 405 
199 199 478 478 
76 76 242 
328 
35 35 309 309 
236 
238 238 238 310 
184 488 
215 215 215 314 314 314 
214 214 214 314 314 



39 39 39 232 232 274 274 402 402 402 454 454 
182 494 494 
184 184 184 
30 35 119 119 119 122 174 180 309 314 314 341 376 376 413 413 483 
329 329 
8 313 350 350 
5 5 53 53 53 259 377 377 419 419 458 
292 
159 159 159 337 337 337 337 343 392 392 477 477 
76 76 76 245 
76 295 360 360 
236 236 275 406 415 415 
39 159 159 
124 219 219 390 390 454 
7 7 157 169 169 169 238 238 271 287 287 287 296 296 310 310 310 374 374 375 505 

487 
40 40 49 49 49 55 56 56 56 60 60 60 83 83 83 83 104 104 117 129 129 129 138 138 147 147 184 184 184 191 195 195 201 201 211 230 230 237 267 267 267 275 275 278 283 283 283 344 415 415 415 432 432 438 460 
104 104 236 
212 212 212 233 233 
342 342 
279 279 279 476 496 496 
62 62 430 430 430 430 
76 76 208 
311 311 413 413 424 424 494 494 
358 358 
76 76 76 186 186 228 
70 70 184 184 
110 110 176 176 288 288 401 
150 408 408 
40 40 
149 149 374 374 417 442 
193 193 193 286 413 

330 
415 415 
5 
271 271 273 
305 
70 184 184 409 
225 367 441 
184 184 
81 
364 410 
315 315 
11 11 334 334 385 
496 
493 
184 184 191 195 195 195 236 236 236 471 471 471 
191 191 204 204 
200 415 
286 286 
3 3 7 7 7 158 233 256 256 282 297 297 327 327 339 339 354 354 374 374 374 375 375 391 391 391 401 401 408 408 412 412 427 427 442 442 442 453 453 
160 160 160 
5 256 354 472 475 475 475 
219 219 
230 236 236 
157 157 
415 415 
236 
5 31 31 31 31 184 184 184 240 240 240 
174 308 308 435 435 435 449 467 467 
67 192 192 192 298 347 347 421 
144 271 427 427 
236 236 236 
184 
191 191 
193 193 251 270 270 413 413 
9 9 9 233 233 233 
247 247 
81 184 184 451 
23 23 23 23 97 97 171 171 196 480 
184 184 426 426 
76 152 152 184 184 184 226 364 410 410 
408 408 408 
58 58 397 408 
76 76 229 509 
169 233 233 
271 271 408 
281 347 347 
76 76 413 413 413 
177 

39 485 
415 
148 191 191 
257 343 343 392 392 482 482 482 
87 370 370 370 408 408 
32 184 184 354 354 396 465 465 
280 280 
210 210 222 
212 233 233 233 
243 243 
84 84 85 85 160 
8 8 8 224 
76 80 80 80 199 199 199 199 214 214 214 215 215 222 222 317 349 349 349 354 354 384 398 413 418 418 429 434 434 449 455 455 467 481 481 
31 31 73 73 94 94 94 263 263 336 486 486 

314 398 413 
413 413 
76 76 354 

42 323 323 
76 76 162 162 
42 42 321 321 359 
41 41 184 
72 72 90 153 358 358 
358 
271 271 
76 209 
81 223 223 
39 159 159 159 253 369 369 
22 22 
407 413 
413 
264 264 385 385 413 413 
413 494 
315 486 486 
227 227 227 227 
415 
46 46 46 145 271 271 381 381 381 408 408 427 452 452 464 470 
182 182 
222 
239 239 
227 305 305 
69 147 147 173 236 447 447 
52 52 184 
27 47 76 76 
67 67 281 281 298 298 421 421 
84 85 
314 314 314 481 481 
8 8 196 196 224 224 
356 356 356 
402 
76 456 456 
31 31 31 41 76 76 76 99 99 134 134 151 151 151 156 184 271 271 273 307 307 314 314 319 411 450 462 462 490 490 502 508 508 
12 12 12 184 184 202 202 
351 351 351 
367 431 431 496 
72 72 89 89 89 90 141 193 193 244 244 325 325 326 413 413 466 466 466 503 503 503 
61 81 323 
229 229 
76 
65 65 

118 118 262 292 
415 
184 
114 114 181 181 181 259 357 496 496 
401 401 
71 330 330 
87 306 306 306 
68 
106 
196 196 
154 154 233 233 250 250 271 271 271 408 408 417 417 417 
233 271 271 
222 222 
225 225 458 458 
101 
103 103 146 146 
134 
64 64 64 133 133 139 139 339 339 339 395 395 408 408 408 
413 413 
63 63 415 
314 449 449 
264 334 334 413 413 
198 198 
124 
487 487 
22 22 81 81 82 142 
232 232 
271 271 271 
227 227 305 305 

81 495 495 
46 381 381 
184 307 
58 294 
314 317 
156 
50 50 
110 110 110 110 247 271 271 368 368 
39 39 39 219 219 219 352 405 405 
427 427 
6 6 92 92 182 182 
39 206 206 402 402 
37 230 415 415 415 
175 175 332 413 
25 87 87 150 150 158 158 158 248 248 271 271 293 293 293 294 297 306 306 339 339 374 374 381 381 381 412 412 437 470 470 470 
184 258 
262 292 292 
354 
271 271 408 408 
35 35 45 74 76 76 77 92 128 128 155 155 168 182 187 187 187 193 193 222 222 243 243 251 286 286 299 299 299 314 317 318 318 332 333 334 334 335 358 358 382 382 385 385 407 439 439 448 448 448 455 494 500 
22 22 22 108 108 
37 37 37 57 116 129 177 177 177 184 184 201 230 230 236 236 236 254 254 269 277 277 303 338 365 383 406 406 406 432 432 460 460 463 463 
65 
250 374 374 374 
80 95 95 314 314 
225 225 
18 98 441 441 441 
281 347 347 

76 76 
243 243 
103 103 157 157 157 169 169 169 169 169 
184 291 291 
271 271 282 282 339 403 403 
20 20 159 159 
314 
241 241 241 241 
357 357 496 496 
236 236 415 415 
159 
314 314 
280 280 280 

408 
83 83 236 
45 45 161 161 413 413 
76 186 
5 5 5 18 98 259 420 420 420 
250 271 271 271 468 468 468 
5 
59 182 
450 
56 
344 344 
74 413 413 413 
280 314 384 384 467 467 
41 156 156 354 445 462 462 462 
289 
339 339 464 464 
271 271 
4 4 4 124 124 131 131 131 219 219 232 
17 17 314 314 413 
76 76 184 353 353 
41 
225 377 377 

236 415 415 
22 22 22 497 497 497 
354 354 450 450 450 
63 75 75 415 415 
339 452 452 
184 307 307 
72 72 358 358 358 
280 280 314 449 449 
123 442 442 442 
159 511 
339 408 408 408 
101 170 170 195 267 267 267 
273 475 

56 487 487 
273 273 273 472 
100 100 240 496 496 
39 166 166 188 188 227 227 
76 207 207 
193 193 
127 171 171 290 
314 314 349 349 
305 305 305 
30 30 222 
51 184 
302 
31 31 120 315 315 336 336 489 489 
56 56 56 235 388 388 474 474 
184 213 
31 31 486 486 
184 354 354 
126 126 185 
41 41 41 
3 3 266 
174 220 220 243 243 335 413 
81 81 394 394 
197 240 240 265 357 367 367 431 431 476 476 
22 22 130 461 461 461 
160 

167 413 
54 
354 
358 358 358 
88 88 
233 


5 5 86 86 198 198 198 354 354 
295 
159 
159 159 469 
