Nodes: 512, Edges: 1187
381 381 
441 
28 28 91 111 182 
271 493 493 
454 454 
34 48 50 50 88 88 88 255 273 273 354 354 400 441 441 443 475 504 504 508 
404 404 
233 233 233 271 271 
196 224 224 224 313 313 350 350 
287 287 287 
476 
264 
184 202 355 
76 76 
117 184 184 
59 59 59 182 182 
184 
390 390 455 455 

104 104 104 
428 428 
31 31 31 
108 108 108 115 331 331 389 414 414 414 436 461 461 497 
290 290 290 

408 408 408 
158 158 
76 76 
2 2 183 183 183 

180 180 483 
21 21 21 184 279 279 315 315 354 486 486 489 489 
184 
67 67 
5 
158 158 210 210 222 222 413 413 413 
106 
57 406 415 
358 358 
62 62 62 159 159 163 163 163 166 166 219 231 241 241 241 302 402 402 405 477 477 485 485 
192 192 192 236 249 
85 99 137 137 151 156 160 160 184 184 184 324 354 354 354 399 399 445 450 492 492 
321 321 323 323 323 
193 193 193 
137 
76 76 413 413 439 439 
64 339 339 381 395 395 
76 78 346 346 
5 508 
236 236 236 
5 5 400 400 
490 
184 184 345 345 345 

76 501 
93 93 236 236 
191 191 236 236 304 304 446 446 474 
37 415 
294 294 294 397 
15 15 15 444 
104 236 
81 81 359 
39 39 39 
383 383 383 463 
46 381 381 395 
193 362 362 
141 
33 33 192 192 281 
179 179 296 371 371 
236 344 344 
184 184 184 258 258 

325 358 358 466 
94 315 
413 413 448 
383 383 463 
13 13 27 27 45 45 47 54 78 78 96 96 96 109 109 162 162 184 184 186 196 199 199 207 208 208 228 228 242 295 295 295 299 299 299 299 314 319 319 319 322 322 328 328 346 346 353 354 354 354 361 413 456 478 509 509 509 
196 413 
47 76 76 
236 236 
314 418 418 
61 61 82 82 113 184 184 261 261 289 329 329 359 359 359 389 389 394 495 
81 81 121 121 142 142 143 389 
104 104 236 236 438 438 438 438 
85 85 85 312 348 
41 84 84 84 160 160 312 348 445 
198 198 198 508 
306 306 408 408 
5 5 5 504 504 
358 358 
325 358 
2 
182 404 404 413 413 
55 55 
73 315 315 315 
418 418 
76 76 76 
171 290 
420 
41 354 354 
476 476 496 496 
140 140 195 195 378 378 378 471 
117 136 136 216 216 
146 146 379 425 
19 19 19 60 83 83 138 138 236 236 237 507 
184 190 190 
36 190 190 372 372 

22 22 22 
76 76 
176 247 401 401 401 
2 182 182 
184 184 
81 
367 367 
22 
184 
14 102 125 135 135 184 184 236 236 
152 152 152 364 364 
122 222 413 
486 486 
82 82 143 
119 222 
381 468 468 
232 232 232 309 387 387 454 
117 136 136 136 136 
185 185 
480 
413 448 448 
236 236 415 415 

454 454 
168 
381 381 
354 380 
117 117 
102 102 125 125 125 125 
41 41 44 184 
104 104 164 236 236 
381 
101 101 320 320 
66 196 196 196 358 358 
82 82 389 
82 121 217 217 
282 282 282 
339 339 
103 103 
236 
304 304 
250 250 417 
248 248 408 
41 354 
118 118 118 292 292 
325 325 325 
374 374 374 
413 
41 354 450 450 
233 276 425 425 425 
26 26 35 35 194 271 271 408 408 
39 39 188 188 188 205 227 231 231 305 330 330 330 402 428 428 433 433 433 469 477 510 510 
41 41 85 85 272 272 
413 439 439 439 
76 76 322 322 322 
39 39 39 
138 
329 
39 39 477 477 477 
413 500 
132 413 413 
233 233 233 425 425 425 425 
471 471 471 
97 290 480 480 

344 344 
222 222 222 335 494 
187 187 407 407 
110 247 
300 415 415 
183 
68 68 
30 30 222 222 
367 367 
2 15 15 92 111 111 220 340 340 363 363 404 404 413 499 
28 28 28 178 
12 14 14 16 31 32 41 41 41 52 52 70 70 70 76 76 81 81 105 112 112 116 117 117 137 213 236 236 236 246 258 258 260 260 260 279 279 284 284 289 289 291 307 315 324 324 338 345 345 354 354 355 396 409 426 426 456 456 484 484 484 488 490 490 
126 126 491 491 
76 245 245 440 440 
175 175 413 413 
159 159 159 477 
351 351 351 
105 105 106 106 372 
56 56 236 236 267 267 285 304 446 
40 40 40 67 67 236 236 281 281 
43 43 43 65 251 251 358 362 413 413 479 479 479 500 
158 
101 101 236 236 267 267 471 471 
8 76 77 141 141 141 200 200 200 290 290 350 350 422 
496 
86 86 86 386 386 386 508 508 
76 76 207 207 207 314 314 314 
196 196 196 269 
415 415 415 
12 355 355 
271 271 271 
267 267 
159 
405 
76 199 199 199 478 478 
76 76 
328 328 328 
35 35 309 309 
236 
238 238 238 238 
184 
215 215 314 
214 214 467 
102 102 
143 143 
271 271 
39 232 274 274 402 402 454 454 454 
182 494 494 494 

35 35 119 122 174 174 174 180 180 314 376 376 376 413 483 483 499 
329 
8 8 8 313 313 350 350 
377 377 393 393 419 419 
292 
159 257 257 337 337 343 477 477 
76 76 245 
360 360 360 361 
236 275 275 303 303 303 406 406 406 415 415 
39 159 159 
124 124 124 219 390 390 390 390 454 454 454 
7 7 7 157 169 169 169 238 238 271 271 271 287 287 287 287 287 296 310 374 375 375 505 505 
503 503 
487 
40 49 49 49 55 55 56 56 60 69 79 79 83 83 104 104 117 117 129 129 138 138 147 184 184 184 191 191 192 192 195 195 211 230 237 252 267 267 275 278 344 344 351 351 415 415 415 432 432 432 438 460 460 487 487 
104 236 
212 212 212 212 233 233 
342 405 405 405 
476 476 
39 39 39 430 430 
76 
311 311 311 311 413 413 413 424 494 494 
325 325 325 358 
186 186 228 
184 
110 176 288 
150 150 408 
40 
149 149 374 374 417 442 
193 193 286 286 413 
236 
330 330 330 
283 
5 
271 273 
227 227 305 
70 70 184 184 409 
367 367 441 
184 184 184 
81 81 329 
364 410 
315 
11 334 334 385 
496 

191 191 195 195 204 204 236 236 268 268 
267 267 
200 415 
286 286 286 
3 7 7 158 158 203 203 203 218 218 233 233 233 256 282 282 282 297 297 327 327 339 339 354 354 374 374 375 375 375 391 391 401 401 408 408 412 412 427 427 442 442 453 
160 160 
5 5 256 354 472 475 475 
219 219 
230 230 236 
157 
415 415 415 
236 
31 31 184 184 
308 435 449 449 467 
67 192 192 298 298 298 347 347 421 421 421 
144 144 144 271 271 271 427 427 
254 415 415 
184 184 
191 
251 251 270 270 270 413 413 
9 9 9 233 233 233 233 233 
247 
81 184 184 451 451 451 
23 23 23 97 171 196 196 480 
184 426 426 426 
152 152 226 364 364 364 410 410 410 
408 408 
58 58 58 397 397 408 
76 76 76 
68 233 
271 271 
281 281 281 347 347 
76 76 76 76 413 413 
177 
339 339 
39 
230 230 230 415 
56 56 148 148 191 
159 257 343 343 392 392 482 482 
87 87 370 408 
184 354 396 396 465 465 465 
280 467 467 
124 210 210 
233 
243 243 243 243 
84 85 
8 8 224 224 
76 80 199 199 199 214 222 317 317 349 349 354 354 354 384 384 398 413 413 418 429 434 449 455 455 467 467 467 481 481 
31 31 73 94 94 94 184 263 336 486 486 
444 
314 314 398 398 
413 413 413 
76 76 76 354 
140 140 
42 42 
76 76 162 162 162 
42 42 42 359 
41 184 184 
72 90 153 153 153 244 244 244 358 358 358 
358 358 
271 271 
76 76 209 209 209 
81 81 165 223 261 
159 159 159 253 253 253 428 428 
22 22 
407 413 
413 
264 264 385 413 
174 413 494 
315 486 
227 227 
184 415 
46 46 145 145 271 271 301 301 408 427 427 452 452 464 470 
182 182 

239 
227 305 305 
69 69 173 173 236 236 447 447 
52 52 52 184 184 
47 47 76 76 459 
281 281 298 298 421 421 421 506 
84 85 
314 314 481 
8 8 196 196 224 224 
189 189 189 236 236 356 356 
402 
76 456 
5 5 31 41 41 41 76 76 76 99 99 134 151 156 184 184 271 271 273 307 314 314 314 319 411 411 450 450 450 462 502 502 508 508 
12 184 202 202 
351 351 
367 431 496 
38 38 72 72 89 89 90 141 141 193 244 325 325 325 326 326 413 466 503 503 
61 81 81 81 323 
229 229 229 
76 229 
65 65 193 413 413 
182 182 
118 118 262 292 292 292 
415 415 

114 114 181 181 259 259 357 496 
401 

306 
68 68 
106 106 190 

154 154 154 233 250 250 271 271 408 408 417 417 442 
233 233 271 271 271 
222 222 222 
225 225 458 
101 101 101 
103 
134 
0 0 46 64 64 123 133 133 139 395 408 408 
413 413 413 
63 63 63 75 75 415 415 415 
314 314 449 
264 334 413 413 
198 198 198 
124 124 

22 81 81 82 142 497 497 
17 17 232 232 232 232 
271 271 
305 305 
225 225 
81 
46 46 64 381 
184 307 307 
58 294 294 
314 317 317 
41 41 
5 50 50 
110 110 110 271 271 368 
39 39 159 219 219 352 405 
427 427 
6 6 92 92 182 182 
39 206 239 239 239 402 
37 230 230 230 415 415 
175 175 332 413 413 413 413 
25 25 25 87 87 150 158 158 248 271 271 293 293 294 306 339 374 374 381 381 412 412 412 437 437 470 470 
184 258 
262 292 292 292 
354 354 
271 271 408 408 408 
35 35 35 45 45 74 74 76 77 92 92 119 128 155 161 167 168 168 182 187 187 193 193 222 243 243 243 251 286 286 299 299 314 314 318 318 318 332 333 334 335 358 362 362 382 382 382 385 385 407 407 407 407 439 439 439 448 455 494 500 
22 22 22 
37 57 129 129 177 177 201 201 201 230 230 236 236 236 269 277 277 277 283 283 303 338 365 365 383 383 383 406 406 432 432 460 463 463 463 

149 250 374 374 
80 80 95 95 314 
225 225 
98 441 441 
281 281 281 347 347 347 
196 

243 
103 157 157 157 169 169 169 169 
184 184 291 291 291 
271 271 282 282 339 339 403 403 
20 20 159 159 330 330 
314 
241 241 
357 496 496 
236 236 236 415 415 
159 159 159 
314 
280 
22 
408 408 
83 83 83 83 236 
45 45 161 161 161 413 413 413 
186 186 
1 5 5 259 420 420 
250 271 271 374 468 468 
5 
59 316 
41 85 450 450 
56 56 191 
344 344 
74 128 128 413 
280 280 314 384 467 
41 156 156 354 354 354 445 445 462 
289 289 289 
339 339 464 
271 
4 4 124 131 131 219 219 219 232 232 232 
17 17 314 314 413 
76 184 184 353 491 

377 
346 
236 236 415 
22 22 497 497 
354 450 
63 75 415 415 415 
339 452 
307 307 307 
72 358 
215 280 308 308 314 314 314 449 
123 123 442 442 
159 511 
339 408 408 
101 170 170 170 195 195 
273 475 475 

56 
5 273 273 472 472 
10 100 100 240 240 496 496 
39 39 159 166 166 166 188 227 227 
76 207 207 
193 193 193 
127 171 171 290 
314 314 349 
305 305 
30 222 222 
184 184 184 
39 39 
31 31 120 120 315 315 336 489 489 
235 236 236 
184 
31 31 486 486 
51 184 184 
185 185 456 
41 41 
3 3 
174 220 220 220 243 243 335 413 
81 
100 100 197 265 357 367 431 431 476 476 
22 389 389 461 461 

182 222 
167 193 413 
54 
354 354 
234 234 358 358 
5 5 88 88 
233 233 
347 
104 
5 48 86 198 198 354 354 
76 76 76 
159 159 
469 
