Nodes: 512, Edges: 1187
133 381 

28 28 91 91 91 111 111 111 182 182 189 
271 271 493 
454 454 
34 34 34 48 48 50 50 50 88 88 88 88 184 184 184 198 225 225 255 255 255 273 273 279 354 354 354 400 441 443 443 475 508 508 
404 404 
233 233 271 
196 196 224 224 313 350 
287 287 287 
476 476 
264 264 
184 184 202 202 355 
76 76 
117 117 117 125 184 184 
59 59 182 182 
184 
390 455 455 455 
441 
104 
428 
31 31 
108 108 115 331 331 389 389 414 414 436 461 
290 
76 76 
408 408 408 

76 76 346 
2 2 178 178 183 183 183 
56 56 
180 180 180 222 483 483 
21 21 172 172 184 279 279 299 315 315 354 354 486 
184 307 
192 192 
5 5 5 
158 158 158 210 210 413 413 
106 106 
415 415 
358 
62 62 62 159 159 159 163 166 219 219 231 231 241 241 241 302 302 302 330 402 405 477 477 485 
192 192 236 236 249 249 
85 85 151 151 156 160 160 160 184 324 354 450 457 492 
321 323 323 
193 
137 
76 413 439 
339 339 381 395 395 
76 76 346 
5 5 508 

5 5 5 400 

184 345 345 
225 225 
76 76 299 501 501 
93 93 195 236 236 
29 29 191 191 236 304 304 446 446 487 487 
415 
294 294 294 397 397 
15 15 444 444 
104 
81 359 
39 39 39 241 241 
75 383 383 463 
381 381 381 
193 362 362 362 416 416 
141 
192 281 281 281 347 347 
169 169 179 179 296 296 371 
236 344 
184 184 258 258 258 
369 
358 358 466 466 466 
94 315 315 
413 413 448 448 448 
63 383 
13 13 24 24 27 27 45 47 47 54 54 78 96 96 96 107 107 107 109 109 162 184 184 186 196 196 199 199 207 208 228 229 229 242 242 245 292 295 295 295 299 314 314 314 319 322 328 328 346 346 353 353 354 361 413 423 456 478 478 509 
196 196 413 413 
76 
104 236 236 
418 418 
61 82 113 113 184 184 261 261 289 329 329 329 359 389 394 394 495 495 
81 121 142 165 165 165 165 
104 236 236 236 438 438 438 438 438 
85 312 312 348 348 
41 41 84 160 160 312 348 
198 198 198 508 508 
306 306 370 408 408 
5 5 5 5 504 
358 358 
358 
2 2 2 
182 182 404 
55 55 
73 
418 418 
76 76 76 398 
171 171 290 
420 441 
354 
476 496 
140 195 195 378 471 471 
117 136 136 216 216 
146 379 379 425 
19 60 79 83 236 237 237 507 
190 
36 36 190 190 372 372 372 
76 76 76 
22 22 414 414 
76 76 199 199 199 
176 247 247 401 401 
2 2 2 182 182 
184 
81 81 
367 367 
22 
184 415 415 415 
14 14 14 102 125 125 135 184 236 
152 152 152 262 364 364 
122 222 222 413 413 
486 
82 143 143 143 
119 222 222 
468 468 
232 232 232 387 
14 117 117 136 
185 185 491 491 
480 
413 413 413 448 448 448 
415 
497 
454 
168 
0 381 381 
354 380 380 
117 
102 102 125 
44 184 184 
164 164 236 236 
381 381 381 
101 320 320 320 
66 196 196 196 358 358 
82 389 389 389 
121 121 121 217 217 
282 282 
339 
103 379 379 
236 344 
191 304 304 
250 250 
248 408 408 
41 41 354 354 354 
118 118 118 292 292 292 
325 325 
374 374 
413 413 413 
41 
233 233 233 276 425 425 
35 35 35 194 271 271 408 
39 39 39 188 205 205 227 231 231 305 305 330 402 402 402 428 428 469 469 477 477 477 510 511 
41 41 41 85 85 272 272 312 312 312 498 498 498 
413 439 439 439 
76 322 
39 
138 138 
82 82 82 82 
39 477 
413 500 
132 413 413 
68 68 233 296 296 425 425 
471 471 
97 97 290 290 480 480 480 480 
31 31 
344 
222 222 222 
407 407 
110 247 247 
300 300 415 415 415 415 415 
28 28 
68 68 
30 30 30 222 
367 
2 2 15 15 92 92 111 111 220 404 413 413 444 499 
28 28 28 
5 5 5 12 12 14 14 16 31 32 41 52 70 70 76 76 81 81 112 116 117 137 137 221 236 236 236 246 260 267 267 279 279 279 289 289 291 292 292 292 307 315 324 338 338 354 355 396 396 409 415 415 426 426 456 465 484 490 
126 126 491 
76 245 440 440 
413 413 
159 477 477 
2 
105 106 106 372 
56 56 148 236 236 267 268 268 285 304 304 446 
33 33 40 40 67 236 236 236 281 281 
43 65 251 286 358 358 358 362 413 413 479 479 500 
158 
55 101 101 236 267 267 471 
8 8 76 76 77 77 141 141 141 290 290 350 413 422 
496 496 
5 86 86 86 386 508 508 
76 76 109 109 109 207 207 314 314 314 

236 415 415 
12 12 355 355 355 
271 271 
268 268 268 
159 159 

76 199 199 337 
76 
328 328 
35 35 309 

238 238 310 310 
488 
215 215 314 314 
214 214 314 314 467 467 
102 102 
143 143 
271 
39 39 232 232 274 454 
182 
184 
30 119 119 122 122 174 174 174 180 314 314 341 341 341 376 413 413 483 499 499 499 
329 329 
8 8 313 313 350 350 
5 5 53 53 259 259 377 393 393 419 458 
292 
159 343 392 392 477 477 
76 245 245 
76 76 295 360 360 360 
236 275 303 303 406 406 406 406 406 415 415 
39 39 159 159 
124 124 124 219 219 390 390 454 454 
7 7 157 157 157 169 238 238 238 271 271 271 287 287 287 296 310 374 374 375 375 505 505 
503 503 
236 
40 40 55 55 56 69 79 79 83 83 83 104 117 138 138 147 184 184 184 191 191 192 192 192 195 201 230 235 237 252 252 267 267 278 278 283 344 344 415 415 415 432 460 487 487 487 
104 104 236 
212 212 233 233 233 
405 405 
279 279 279 279 476 496 496 
39 39 39 62 62 430 430 430 
76 76 
311 311 413 424 494 
358 358 
76 186 228 228 
184 
110 110 176 176 288 401 
150 408 408 408 
40 40 
149 149 374 374 417 442 
193 286 286 
236 236 
330 330 
283 283 
5 5 5 
271 271 273 
305 
70 70 70 409 
225 225 367 367 367 367 441 
184 
81 81 329 329 
118 410 410 
315 315 
11 11 334 334 334 385 385 
496 

184 184 191 195 195 236 236 268 268 471 
191 191 204 204 204 267 267 
415 

3 3 7 158 158 203 203 218 233 233 233 256 256 282 282 297 297 297 327 327 339 339 354 374 374 374 375 375 391 401 401 408 408 412 412 412 442 442 
160 160 
5 5 256 354 354 354 475 475 
219 402 402 402 
230 
157 
415 
236 236 
5 31 31 184 184 184 240 240 240 240 
308 308 435 435 449 449 467 467 
67 67 67 192 192 298 298 347 421 421 421 
144 144 271 271 427 
236 254 254 415 415 415 

191 
193 251 251 413 
9 9 9 233 233 233 
247 
81 184 184 451 
23 97 171 171 196 196 480 
184 
76 152 152 152 184 184 184 226 364 
408 408 
58 58 58 397 408 
76 76 76 229 
68 68 169 169 233 
271 271 271 408 
281 281 
31 54 76 413 413 
177 177 
339 339 339 
39 39 39 485 485 
230 230 415 
56 56 148 148 191 191 
159 159 257 343 343 392 392 
87 87 370 370 408 408 408 
32 184 354 354 396 465 
280 280 467 
210 
212 212 233 
243 243 
84 84 85 160 160 160 
8 224 224 
76 76 76 199 199 199 214 214 215 215 222 222 317 317 349 349 398 413 413 429 429 434 434 434 449 455 481 481 
31 31 73 73 184 263 263 336 336 336 486 
444 444 444 
314 314 413 
413 
76 354 354 
140 140 140 
42 323 323 
76 162 
42 42 321 321 359 359 
41 184 
153 153 358 358 
358 
271 271 
76 76 209 209 
81 81 81 223 223 261 261 
39 159 253 253 369 369 
22 22 
413 413 
413 413 
264 264 264 385 385 413 413 
413 494 494 494 
315 315 315 
207 
184 184 
46 46 145 271 271 301 301 301 381 381 408 408 427 452 464 

222 222 222 

227 305 305 
69 147 173 236 236 447 447 
52 52 
27 47 76 76 459 459 459 
67 67 281 421 421 421 506 506 
84 84 85 
314 314 481 481 
8 196 224 224 
356 356 
402 402 
76 76 456 456 
5 5 5 31 31 41 76 99 134 151 151 151 184 271 273 273 273 307 307 319 319 411 411 450 450 462 462 490 502 502 508 508 508 
12 184 202 202 202 
351 351 
367 367 431 431 496 
38 72 72 89 89 90 141 141 193 193 193 244 244 325 325 326 413 413 466 466 500 
61 81 323 323 
229 229 229 
76 
65 65 65 193 413 413 

118 118 292 
415 

114 114 181 259 259 259 259 357 357 
401 
71 330 330 
87 306 306 
68 
106 106 106 190 

154 154 233 233 250 250 271 271 271 408 408 417 417 442 
233 233 271 271 
222 
225 458 458 
101 
103 103 146 146 
134 134 
0 46 64 64 64 133 133 139 139 139 339 339 395 395 408 408 408 
413 
63 63 75 415 415 
449 449 
264 264 334 334 413 413 
198 
124 

22 22 81 142 142 142 497 497 
17 232 232 
271 
227 227 305 305 
225 225 
81 81 495 
46 46 381 381 
184 184 307 
58 58 294 
96 314 

5 50 
110 110 247 271 271 368 
39 159 159 159 274 274 274 352 352 405 
427 427 
6 6 92 182 
39 239 239 402 
230 230 230 230 230 
175 175 
25 25 25 87 87 150 150 158 248 248 248 271 271 293 293 294 297 306 306 306 339 339 374 374 381 381 381 412 412 437 470 470 470 
184 258 
262 262 
354 354 
271 271 271 408 408 
35 35 45 74 74 76 77 77 119 119 128 128 128 155 155 155 161 167 168 168 182 182 187 187 193 193 196 222 222 243 286 299 299 314 314 317 318 332 332 333 333 334 334 335 358 358 362 362 382 385 385 439 448 448 448 448 455 494 500 
22 22 108 108 
37 37 57 116 116 116 129 177 177 177 177 177 184 184 201 201 230 230 236 236 236 269 277 283 283 283 303 365 383 383 432 432 460 460 463 
65 65 
250 374 374 
80 80 95 95 
225 
98 441 441 441 
281 281 281 347 347 347 
196 
76 
243 
103 157 157 169 169 
184 184 
282 339 403 403 
20 159 159 
314 314 
241 241 241 
357 357 496 496 496 
236 415 415 

314 314 314 
280 280 449 
22 
408 
83 83 83 83 83 
45 161 161 161 413 
186 186 
5 18 98 259 420 420 420 
250 271 271 374 468 
5 5 
59 59 182 316 316 316 
450 450 450 450 
56 56 191 
344 344 
74 74 74 128 128 128 413 413 413 413 
280 280 314 384 384 435 467 467 467 
41 354 354 445 445 445 445 462 462 462 
289 
339 464 

4 4 131 219 232 232 
17 17 17 314 413 
76 184 353 353 491 
41 
225 377 377 
346 346 346 
236 415 415 
22 497 497 
354 354 450 450 450 
63 415 
339 452 
184 307 
72 72 72 358 358 
215 215 280 280 308 449 449 449 
123 123 442 
159 159 511 511 
408 408 408 
101 101 170 170 195 267 
475 475 
491 

5 273 273 472 472 
10 10 100 240 496 496 
39 39 159 159 159 166 188 188 227 227 
76 76 
193 193 
127 171 171 171 171 290 
314 314 349 349 

30 30 222 
184 
39 302 302 
31 120 315 489 
56 56 236 236 236 
213 
486 
184 354 
126 126 185 456 473 
41 
3 
243 335 335 335 413 
81 81 394 
100 197 197 240 240 265 357 431 431 431 476 476 
130 389 389 461 461 
160 160 160 
182 222 222 222 
167 193 358 413 
54 54 
354 354 
234 234 
88 
233 233 
347 347 
104 
5 5 48 86 86 198 198 354 354 354 
76 
159 
159 469 469 
