Nodes: 512, Edges: 1187
133 381 
441 
28 28 91 182 182 182 183 
271 271 493 493 

34 88 88 198 198 225 225 225 255 255 273 273 273 279 354 354 400 441 441 504 508 
404 404 
233 271 271 
196 224 224 313 313 350 
287 287 287 287 
476 476 476 
264 
184 184 202 355 355 
76 76 
117 125 184 
59 59 59 182 
184 184 184 
390 455 455 
420 441 441 
104 104 104 

31 31 
108 115 389 389 414 436 
290 290 290 
76 
408 
158 158 408 408 
76 76 346 
2 2 178 178 178 183 
56 56 
180 180 222 483 
21 21 184 279 279 279 315 354 354 486 489 489 489 
184 
67 67 192 192 
5 
158 158 158 158 210 210 222 413 
106 
57 415 415 
358 358 
62 62 163 166 166 166 219 219 231 241 241 241 302 302 330 330 330 402 402 405 405 477 485 
192 192 192 236 
99 99 137 137 151 156 156 160 160 184 184 324 354 354 354 399 399 445 450 457 457 492 
321 323 
193 193 
137 
76 109 439 439 
339 395 
76 76 76 
508 
236 
400 400 

184 345 
225 225 
76 299 299 501 501 
93 93 195 236 236 
29 29 191 236 236 236 304 304 446 474 474 487 487 487 
37 415 
397 
15 15 15 444 444 
236 236 236 
81 81 359 359 
39 39 241 
383 383 383 463 
381 381 
193 362 416 416 
141 141 
33 33 192 281 347 347 347 
169 169 296 296 371 371 
236 236 236 344 344 
184 
369 
325 325 325 358 358 466 
94 94 315 315 
413 413 448 448 
383 463 463 
13 13 24 27 27 45 47 47 47 54 78 78 96 96 96 96 107 107 109 109 162 162 184 184 186 186 196 196 199 207 207 208 228 228 229 229 242 245 245 245 292 295 295 295 299 299 299 314 314 319 319 322 328 328 346 353 353 354 354 361 361 413 413 440 440 440 456 456 456 478 478 509 509 
196 196 196 413 413 413 
76 76 

314 314 314 418 418 
61 61 82 113 184 184 261 329 359 359 389 389 394 495 495 495 
81 121 121 121 142 143 143 165 165 165 389 389 
104 104 104 236 236 236 438 
85 348 348 
84 160 160 312 312 348 348 
198 198 508 
306 306 370 408 408 408 
5 5 504 504 
358 
325 358 
2 
182 182 404 413 
55 55 
73 73 315 315 315 
418 418 
76 76 76 76 
171 290 
420 441 
41 41 354 
476 496 496 496 
140 140 378 378 378 
117 117 136 216 216 
379 425 425 
19 19 19 83 83 83 138 236 236 236 237 507 507 
184 190 190 
36 190 190 372 
76 76 
22 414 414 
45 76 76 199 199 
176 247 401 401 
182 182 182 
184 
81 
367 367 367 
22 
415 
14 102 102 125 135 135 135 184 184 236 236 236 
152 262 364 364 
122 222 222 413 413 
486 486 
82 82 82 143 
119 222 
468 
232 387 454 454 
14 117 136 136 

480 
448 448 
236 236 415 
497 
454 454 454 
168 168 
0 381 
354 380 380 
117 117 117 
102 125 125 
41 41 44 
104 164 

101 101 320 320 
66 66 196 196 196 196 358 358 
82 
82 82 121 217 217 
282 282 
339 339 
379 379 
236 344 344 
191 304 304 
417 
248 408 
41 354 354 354 
118 292 292 292 
325 325 325 
374 
413 413 
41 41 354 
233 233 276 276 425 425 425 
26 26 35 35 35 35 194 194 271 271 408 408 
188 188 205 227 231 231 305 305 330 330 428 433 433 469 469 477 510 510 511 511 511 
41 41 85 85 312 498 
413 413 439 439 
76 76 322 
39 
138 
82 82 82 329 
39 39 39 477 
413 500 
132 132 413 
68 68 233 233 233 296 425 425 
471 471 
97 480 480 480 

344 344 344 
222 222 335 335 
187 187 187 187 407 407 
110 247 247 
300 300 415 415 415 
28 28 28 183 183 183 

30 30 222 222 222 
367 367 367 
2 2 2 15 92 92 111 111 111 220 220 340 363 363 404 404 413 444 444 444 499 
2 28 178 178 178 
12 12 14 16 16 16 31 32 41 41 52 70 76 76 81 81 105 112 117 117 213 221 236 236 236 246 246 246 258 258 258 260 267 267 279 284 289 289 289 291 291 292 292 307 307 315 315 324 324 354 354 366 396 409 409 409 415 426 484 484 488 488 490 490 
491 
76 76 245 245 440 440 440 
175 175 175 175 413 
159 159 477 
351 
105 105 106 106 372 
56 148 236 236 267 267 267 268 268 285 304 304 304 446 446 446 
33 33 40 40 40 67 236 236 281 281 
43 43 65 251 251 251 286 286 358 362 413 413 413 479 479 500 
158 158 
55 236 267 267 267 471 471 
8 76 76 77 77 77 141 141 141 141 350 350 373 373 373 413 413 422 
496 
5 5 86 86 386 508 
76 109 109 207 207 207 314 

236 415 415 
12 355 355 
271 271 
267 267 268 268 
159 
405 405 405 
76 76 199 199 199 478 
76 
328 328 
35 35 

238 238 238 310 310 310 
184 488 
314 
467 467 
102 102 
143 143 

39 39 232 232 274 402 402 402 454 454 
182 182 494 494 
184 
30 35 119 119 122 174 174 180 180 180 314 341 341 376 376 376 413 483 483 499 499 
329 
8 8 350 
5 5 5 53 53 393 419 458 458 
292 292 292 
159 257 337 337 343 343 392 392 477 
76 76 245 245 
76 76 360 
236 275 406 406 415 415 
39 159 159 
124 219 219 390 390 454 
7 157 157 169 169 169 238 238 271 287 287 287 296 310 310 310 374 374 375 505 
503 
487 
40 49 55 55 56 56 56 60 60 60 69 69 69 83 83 83 104 104 104 117 117 117 129 129 147 184 184 184 191 191 192 192 195 201 230 237 252 267 267 267 275 275 278 278 283 283 344 351 351 351 415 415 415 432 460 487 487 487 
104 236 
212 212 212 233 233 
405 405 405 
279 279 476 496 
39 39 39 62 430 430 430 
76 
311 311 413 424 424 424 494 494 
325 358 358 
76 76 76 186 186 228 228 
184 184 184 
110 176 176 401 
150 408 408 

374 374 417 
193 193 193 286 286 413 
236 
330 330 
415 415 
5 5 
271 271 273 
227 305 305 
184 184 184 
367 367 367 
184 
81 329 
118 364 410 
315 
11 
496 
493 
184 184 191 191 191 195 195 195 204 204 236 236 236 268 268 471 471 
191 191 204 204 267 267 
415 415 415 
286 
3 3 7 7 158 158 203 203 233 256 256 282 282 297 327 327 339 354 354 354 374 374 375 401 401 408 408 408 412 412 427 427 442 442 453 

5 5 5 256 354 472 472 472 
219 402 402 
230 236 236 
157 157 
415 415 
236 236 
5 31 31 31 184 240 240 
308 435 435 435 449 449 467 467 
67 192 192 298 298 421 
144 144 271 271 427 427 427 
236 236 415 415 
184 
191 
193 193 251 251 270 413 
9 9 9 9 233 233 233 

184 184 184 451 451 451 
23 23 23 97 480 
184 184 426 
76 152 152 152 184 184 226 226 226 364 364 410 
408 408 
397 397 
76 76 76 509 
68 68 169 233 
271 408 
281 281 
54 54 76 76 76 413 413 413 
177 177 
339 339 
39 39 485 485 
415 415 
56 56 148 148 191 191 191 
159 159 257 257 343 343 392 392 482 482 
87 87 408 408 
184 184 354 354 396 465 465 465 
280 467 

212 212 212 233 233 233 
243 243 
85 85 160 
8 8 
76 76 80 80 80 199 214 222 317 317 349 354 354 384 413 413 429 434 434 449 455 467 481 
31 73 73 94 94 94 184 184 263 
444 444 444 
314 314 398 413 413 413 
413 413 413 
76 76 354 
140 140 
42 323 323 
76 162 
42 321 321 
41 184 184 
72 72 72 90 153 153 153 244 358 
358 
271 271 
76 76 209 209 
81 165 223 261 
39 39 39 159 159 253 253 369 369 428 

407 413 
413 413 413 
385 413 
174 174 494 494 
486 
227 227 
415 415 415 
46 145 145 271 301 301 381 381 381 408 408 408 452 464 470 470 
182 
222 222 

227 227 305 305 
69 69 147 147 173 173 173 236 447 
52 
27 76 459 
67 67 67 506 506 506 
84 84 85 85 
314 481 
8 196 196 224 
189 236 236 236 356 356 356 356 432 
402 402 
76 76 456 456 
5 5 31 31 41 41 41 76 76 99 134 151 151 151 156 184 184 271 271 271 273 307 307 314 314 319 411 450 462 462 490 490 502 502 508 
12 12 202 202 
351 351 351 351 
367 367 431 496 496 
38 38 72 72 89 90 141 141 193 244 244 325 326 
61 61 81 81 
229 
76 76 
65 193 413 413 
182 182 
118 118 262 292 292 
415 415 415 
184 
114 114 114 181 181 181 259 259 259 357 357 496 496 

71 330 330 
87 
68 68 
106 190 
196 196 196 
154 233 233 250 250 271 271 408 417 442 
233 271 
222 222 222 
458 458 
101 101 101 
103 146 146 
134 134 
0 64 64 133 339 339 339 395 395 408 408 
413 413 413 
63 63 63 75 415 415 415 
314 449 
334 413 413 
198 
124 
487 487 
22 22 81 81 82 82 497 
17 232 232 

227 227 305 305 
225 
81 495 
46 381 381 
184 307 
58 294 294 
317 
41 41 
5 50 50 
110 110 247 271 271 
39 39 219 219 219 274 274 352 352 405 405 
427 427 
6 6 92 182 182 
39 39 206 206 206 239 239 239 402 402 
230 230 415 415 415 
175 175 332 413 
25 26 26 87 87 87 150 158 158 248 248 271 271 271 293 293 297 306 306 339 339 339 374 381 381 412 437 470 470 
184 184 184 
262 292 
354 
271 271 408 
35 74 74 76 76 77 77 77 92 119 119 155 155 161 161 167 168 182 187 193 193 193 196 196 222 243 251 286 299 299 299 314 314 317 317 317 318 318 318 332 333 333 333 334 362 362 382 382 382 385 385 407 439 448 455 494 500 
22 108 108 
37 37 57 116 129 177 177 177 184 201 201 230 230 236 236 236 254 254 269 269 269 277 277 283 283 303 303 338 338 338 365 365 365 383 383 383 406 406 406 432 432 432 460 460 463 
65 65 
149 250 374 
80 80 95 95 
225 
18 98 441 
281 
196 

243 243 243 
103 103 157 157 157 169 169 
184 291 
271 271 282 282 282 403 403 
159 330 
314 
241 241 241 
357 496 496 496 
236 351 415 415 415 
159 159 
314 314 
280 280 280 
22 
408 
83 
45 45 161 161 413 
76 76 76 186 186 186 
1 5 5 18 18 98 420 
271 271 374 468 468 

59 59 182 182 182 316 316 316 
41 450 450 450 
56 191 191 191 
344 
74 74 128 128 413 
280 280 314 384 467 467 
41 354 445 445 445 
289 289 289 
339 464 464 464 
271 
124 124 131 131 131 219 219 232 
17 17 314 413 
76 76 76 353 353 
41 41 
225 225 377 377 
346 
236 415 415 
497 
354 354 
63 75 75 415 
339 452 452 452 
307 307 307 
72 
215 215 280 280 308 314 449 449 
123 442 442 
159 159 511 
339 339 408 408 
170 170 195 195 267 267 
273 273 273 475 475 

56 56 487 
472 472 
10 10 10 100 240 496 
39 159 166 188 227 
76 76 207 
193 193 
127 171 171 171 290 
314 349 
305 305 
30 222 222 
184 184 
39 302 302 
31 120 120 336 489 489 
56 56 56 235 236 236 236 388 388 474 
184 184 213 
31 31 31 486 486 
184 184 354 354 
185 
41 
3 3 266 
220 220 243 243 335 335 413 
81 81 81 394 
100 100 100 197 240 265 357 357 367 367 431 431 431 476 
130 389 461 
160 
182 222 222 
167 193 413 
54 54 
354 354 
234 
5 88 88 
233 
347 347 347 
104 104 
5 48 86 198 354 
76 76 295 
159 159 
159 159 159 469 
