Nodes: 512, Edges: 1187
381 
441 
91 91 91 111 111 182 182 189 
493 
454 
34 34 48 50 50 88 88 88 184 225 225 255 273 273 279 354 354 354 443 443 443 475 475 504 504 508 508 508 
404 
271 271 
224 313 350 
287 287 
476 476 

184 202 355 355 
76 
117 117 125 184 184 
59 182 182 444 
184 
390 455 
420 441 441 

428 428 
31 
108 108 331 331 389 461 461 497 
290 290 
76 
408 408 
158 408 
76 76 
178 178 183 183 
56 56 56 
180 222 
21 172 184 184 279 279 279 279 315 315 315 354 354 354 489 489 
184 184 
67 67 192 
5 5 
158 158 210 210 210 222 222 413 413 413 
106 106 
57 406 415 415 
358 
62 62 159 159 159 163 163 219 231 241 241 241 302 402 405 477 477 485 
192 192 236 236 249 
85 85 99 99 137 137 151 160 184 324 324 324 354 399 450 450 457 457 492 492 492 
321 321 321 323 323 323 
193 193 193 
137 
76 76 413 413 439 439 
381 395 395 395 
78 346 346 
5 
236 236 
5 5 400 
490 490 490 
184 345 345 345 
225 225 
76 76 299 299 501 
93 195 236 
29 29 29 191 191 236 304 446 446 446 474 474 487 
37 

15 444 444 
104 
81 81 359 359 
39 39 241 241 
75 383 383 383 463 463 
381 381 
193 193 362 416 
141 141 
33 33 192 192 281 281 281 347 347 
169 169 179 296 296 371 371 371 
236 236 236 344 
184 246 258 258 
369 
325 325 325 358 358 466 466 466 
94 315 315 
413 448 448 
63 463 
13 24 27 27 45 45 54 54 78 96 96 107 107 162 162 186 186 199 207 207 208 208 228 228 229 229 229 242 245 245 245 245 292 295 295 295 299 299 314 319 322 322 328 328 353 353 354 354 361 361 413 440 456 478 509 509 
196 196 413 413 
47 76 
104 236 
314 314 314 418 
61 61 82 113 113 184 184 289 289 329 329 359 359 359 389 394 394 
81 121 165 165 165 
104 236 236 236 438 438 438 
85 312 348 
41 41 84 160 160 160 348 445 
198 198 198 198 508 
306 306 306 408 408 408 
5 5 5 504 
358 358 
358 
2 2 2 
404 404 413 
55 
73 315 
418 418 418 
76 76 
171 290 
420 420 441 441 
41 41 
476 476 496 496 
140 140 195 195 378 471 471 
117 117 117 136 136 216 216 
146 146 379 425 425 
60 79 83 138 138 236 236 236 237 237 237 507 
184 184 190 190 
36 36 190 190 372 
76 76 
22 22 
199 
176 247 401 401 
2 2 182 
184 184 184 
81 81 
367 

184 184 184 415 415 
14 14 102 102 102 125 125 125 135 184 184 236 236 
152 152 152 364 
122 122 122 222 413 413 
486 
82 
119 119 119 222 
468 468 
232 232 232 387 454 454 
14 117 117 117 136 136 136 136 
185 185 491 
480 480 480 
413 413 448 
236 415 415 

454 454 
168 
381 
354 354 380 
117 
102 102 125 125 125 125 
41 41 44 184 
104 104 164 164 236 236 
381 
101 101 320 
66 66 196 196 358 358 
389 389 
217 
282 
339 339 339 
103 103 379 379 
236 236 236 344 
191 191 304 
250 417 
248 248 408 408 408 
41 354 354 354 
118 118 118 292 
325 325 
374 
413 

233 276 425 425 425 
26 35 35 194 408 
39 39 39 188 188 227 231 231 305 330 433 433 469 477 511 511 
41 85 85 85 272 272 312 498 498 
413 439 439 
76 76 322 
39 39 
138 138 
82 82 82 329 

413 413 500 
132 413 
68 68 233 296 296 425 425 
471 471 
97 290 290 480 480 480 480 
31 
344 344 344 
222 222 222 335 335 
187 187 407 407 
110 247 
300 300 415 415 415 415 
28 28 183 183 
68 
30 
367 
2 2 15 15 111 220 340 363 404 413 444 
28 28 178 178 
5 12 14 14 16 31 31 32 32 41 52 70 81 81 105 105 112 112 112 116 116 116 117 117 137 213 236 236 236 246 258 258 260 260 260 267 279 279 284 291 291 292 292 292 307 307 315 324 324 338 338 345 354 354 355 355 366 396 409 409 415 415 415 426 426 456 456 465 465 484 484 484 488 488 490 490 
126 126 491 491 
76 76 245 245 440 
175 175 413 
159 159 477 477 
2 351 
105 105 106 106 372 
56 56 148 148 236 236 267 285 285 304 304 446 446 
33 40 40 67 67 236 236 236 
43 43 43 65 65 251 251 251 286 358 362 362 413 413 413 479 479 
158 
55 101 101 236 236 267 267 267 471 471 
77 77 141 141 200 350 373 373 413 422 422 
496 496 
86 86 86 86 386 508 508 508 
76 109 207 314 314 314 314 
196 
236 236 415 415 415 
12 355 
271 271 271 
267 268 268 268 

405 
76 76 199 478 478 478 
76 76 242 
328 328 
35 35 35 
236 
238 238 238 310 
184 488 
215 215 215 
214 214 214 314 467 
102 102 
143 
271 271 
39 232 274 274 274 402 402 
182 494 494 

30 35 35 119 122 174 174 174 309 314 341 341 376 413 413 483 483 499 499 
329 329 
8 313 313 
5 5 53 53 259 259 377 377 377 393 458 458 
292 
159 257 337 337 343 392 392 392 477 
76 76 245 336 
76 76 76 295 360 360 360 
236 236 275 275 303 406 406 406 406 415 
39 159 159 
124 124 124 219 390 390 454 
157 169 238 287 287 296 296 310 310 310 374 374 375 505 
503 
487 
40 40 49 49 55 56 69 69 69 79 83 83 83 104 104 104 117 117 129 138 138 147 147 147 184 184 184 191 191 192 192 192 195 195 201 201 211 230 230 237 252 267 267 267 275 275 278 283 283 283 344 344 351 351 415 415 415 460 460 460 487 487 
104 104 104 236 
212 212 212 233 
342 342 405 405 405 
279 279 279 476 
39 39 39 62 62 430 430 430 
76 208 
311 413 413 494 
325 358 
76 76 76 76 186 186 228 
70 184 
110 176 401 401 
150 150 408 408 
40 
149 374 417 417 442 
193 193 193 286 286 413 413 
236 
330 
283 
5 
271 271 271 273 
227 305 
70 70 184 184 409 409 409 
225 225 367 367 
184 184 184 
329 329 
364 410 
315 315 
334 385 
496 496 

184 191 195 195 195 204 236 236 236 268 268 356 356 471 471 471 
204 204 204 267 267 
415 415 
286 286 
7 7 203 203 203 218 218 256 256 256 282 282 297 297 327 339 339 354 354 374 374 375 391 391 401 401 408 408 412 427 427 442 453 453 
160 160 
5 5 256 354 354 354 472 472 475 
219 219 219 402 402 
230 230 236 236 
157 

236 
5 31 31 31 31 184 184 240 240 240 
308 308 435 435 449 467 467 
67 67 67 298 347 421 
144 271 271 427 
236 236 236 254 415 415 
184 
191 191 
193 251 251 270 270 413 
9 9 233 233 

81 81 451 451 
23 23 97 171 171 480 480 
184 184 426 
76 152 184 184 184 226 364 364 364 410 410 
408 408 

76 76 76 229 
68 68 169 169 233 233 
271 271 
281 347 347 
54 54 76 76 413 
177 177 
339 339 
39 485 485 485 
230 415 415 
56 148 191 191 
159 257 343 392 392 482 482 482 
87 87 87 370 370 
184 184 354 354 
280 280 467 467 
222 
212 233 233 233 
243 
84 160 
8 224 224 
76 80 80 80 199 199 199 199 215 222 317 317 349 349 354 384 398 413 413 413 418 429 429 429 434 449 449 455 455 467 
31 31 31 73 73 94 184 263 263 336 336 336 486 
444 
314 314 
413 413 413 
76 354 
140 
42 42 42 323 
76 76 162 
42 42 42 321 359 
41 41 41 184 184 
72 72 72 153 153 244 358 358 
358 358 358 
271 
76 76 209 209 
81 81 165 223 223 261 261 432 
159 253 369 369 369 428 428 
22 22 
413 413 

264 385 385 413 
174 174 413 494 494 494 
228 315 315 315 486 
227 227 
184 184 415 415 415 
145 145 145 271 271 301 301 381 381 381 408 408 452 452 464 464 464 470 
182 
222 222 
239 239 
227 305 
69 147 173 173 173 236 236 
52 52 52 184 
47 47 459 459 459 
67 67 281 298 298 506 506 506 
84 85 
314 314 481 
8 196 
189 236 236 356 356 356 
402 
76 76 456 
5 5 5 31 31 31 41 76 76 134 134 151 151 151 184 184 271 271 273 273 273 307 307 314 319 411 450 450 462 490 490 502 502 502 508 508 
12 12 184 184 202 
267 267 351 351 351 
367 367 431 
38 72 72 89 89 90 141 141 193 244 325 325 326 326 326 466 466 500 503 
61 61 81 81 81 323 
229 229 229 
76 76 
65 193 193 413 
182 
118 262 292 292 292 
415 415 
184 
114 181 259 259 357 357 
401 
71 330 330 330 
306 306 
68 68 68 
106 190 
196 196 
154 233 233 250 271 271 408 408 417 442 442 442 
233 271 
222 
225 225 225 458 458 458 
101 
103 146 146 
134 
0 46 64 64 133 139 339 339 339 395 408 
413 413 
63 63 63 415 415 432 
314 
264 334 334 413 
198 
124 
487 
22 81 142 142 497 
17 232 232 
271 271 
227 227 227 305 305 
225 
81 81 495 
46 46 46 381 
184 

314 
41 
50 
110 110 247 247 271 271 368 
39 219 219 274 274 352 405 405 
427 
6 92 92 182 
39 206 239 239 239 402 402 
37 230 230 230 230 415 415 
175 175 413 413 413 
25 25 26 87 87 87 150 150 150 158 248 248 271 271 293 293 339 339 374 374 381 412 412 412 437 470 
184 184 258 258 258 
262 292 292 
354 
271 408 408 408 
35 35 35 45 45 74 76 77 77 92 119 119 128 128 155 161 167 167 168 182 187 193 193 193 196 222 222 243 243 251 251 286 299 314 314 314 318 318 318 332 332 334 335 362 382 382 385 407 407 407 448 448 455 494 494 

37 37 116 116 129 129 177 177 177 177 184 184 184 201 201 201 230 236 236 236 269 269 283 283 303 303 338 338 338 365 365 383 383 406 406 432 460 460 460 460 463 
65 
149 250 250 374 
80 95 95 95 314 

18 98 98 
281 
196 196 


103 103 157 157 157 169 169 
184 184 291 
271 271 282 403 
20 20 330 330 
314 314 314 
241 241 241 
357 496 496 
329 383 415 
159 159 
314 
280 280 449 

408 
83 83 83 
45 45 161 161 
76 186 
1 18 18 98 98 
250 271 374 374 374 
5 5 5 
15 59 59 182 316 
85 450 450 
56 56 56 191 191 

74 74 128 413 413 
280 314 314 435 467 467 467 
41 41 354 354 445 445 462 
289 289 
339 339 464 464 
271 271 
4 124 124 131 131 232 
17 314 314 413 
76 184 184 353 491 
41 41 
225 225 377 377 377 
346 346 346 
236 236 236 415 415 415 415 
22 22 497 497 
354 450 
63 63 75 415 
339 339 339 452 452 
184 184 
72 72 72 358 358 
215 280 280 308 308 314 449 449 449 
123 123 
159 511 511 
339 408 
101 101 170 170 195 195 267 267 267 
273 273 475 
491 
56 56 487 
5 5 273 472 
10 10 100 100 240 496 
39 39 159 188 188 227 
76 207 207 207 
193 193 
127 127 127 171 171 171 171 290 290 
349 
305 305 305 
222 222 
184 184 184 
39 302 302 302 
120 315 336 489 489 489 489 
56 235 236 236 388 474 
184 184 213 
31 31 486 486 486 486 
51 51 51 184 184 354 354 
126 185 185 456 473 
41 41 41 
3 
220 220 243 335 335 335 413 413 
394 
100 100 197 197 265 265 431 431 476 
22 389 461 461 
160 160 
222 222 
167 358 
54 
354 354 354 
234 358 
5 5 88 
233 
347 347 347 
104 
5 5 5 86 198 198 198 354 354 
76 76 

159 159 469 469 
