Nodes: 512, Edges: 1187
381 
441 
28 28 91 91 111 111 182 
271 271 493 
454 454 
34 48 50 50 88 88 88 184 198 198 225 225 255 255 255 273 273 279 279 400 441 441 443 475 475 504 504 508 508 508 
404 404 
233 233 271 
196 196 313 350 350 350 
287 287 287 
476 476 476 
264 
184 184 202 355 355 355 
76 
117 184 
59 59 182 182 444 
184 184 
390 455 455 455 

104 104 
428 

108 115 331 389 389 414 414 414 414 461 461 
290 290 290 290 

408 408 
158 408 408 
346 346 
2 2 178 178 178 183 183 183 
56 56 56 
180 180 222 483 483 483 
172 172 184 184 279 279 279 299 354 489 
184 
67 67 192 192 
5 
158 210 222 413 

406 406 415 
358 
62 62 62 163 166 166 166 219 219 231 231 241 330 402 402 477 485 485 
192 192 236 236 249 249 
99 137 156 156 160 160 184 184 324 354 399 450 450 450 457 457 
321 323 
193 193 
137 
76 413 413 
64 64 339 381 395 395 
76 76 76 346 346 
5 
236 
5 5 400 
490 490 
184 184 345 
225 
76 76 76 299 299 
93 93 236 
29 29 29 191 191 236 236 304 474 474 487 487 
415 
294 397 397 
15 15 
104 104 
81 81 81 359 359 
39 39 39 241 
383 383 383 463 463 
46 46 381 381 381 381 395 
193 193 
141 141 
33 33 192 192 281 281 281 347 
169 179 179 296 371 
344 344 
184 258 258 

325 325 466 466 
94 94 315 315 315 
413 
383 463 463 463 
13 45 47 47 47 54 54 54 96 96 107 107 107 162 162 184 184 184 199 199 207 207 208 228 228 229 242 242 245 245 292 295 295 295 299 314 314 319 319 319 322 328 346 354 361 413 423 423 423 456 456 478 509 
196 413 413 

104 236 
314 418 
61 61 61 113 184 184 261 261 289 289 329 329 359 389 495 495 
121 142 143 165 389 389 
104 236 236 236 438 438 438 
85 312 312 
84 160 312 312 312 348 348 
198 198 198 198 
306 306 370 408 408 
5 5 5 
358 358 358 
358 
2 2 
404 404 413 
55 55 
73 73 315 315 315 
418 418 
76 76 398 
171 171 290 290 
420 441 441 
41 
476 476 476 496 496 496 
140 140 195 378 471 
117 136 136 216 216 216 
146 379 379 425 
19 19 60 60 79 83 138 138 138 236 236 507 507 
184 
190 372 
76 76 76 
22 
199 
247 247 247 401 401 401 
2 2 182 182 
184 184 184 
81 
367 
22 
415 415 
14 102 125 125 135 184 
364 364 
122 222 222 413 
486 486 
82 143 
119 222 222 
381 
232 232 454 454 
117 117 136 136 136 
185 185 491 491 
480 480 480 
413 448 
236 415 
497 
454 454 454 
168 168 
381 
354 354 380 380 
117 
102 102 125 125 125 
41 44 184 184 
104 104 104 164 164 236 236 

101 101 320 320 320 
66 66 196 196 196 196 358 
82 
82 121 217 217 
282 
339 339 
103 379 379 
236 236 236 344 
191 191 191 304 304 
250 250 417 417 
248 248 408 408 
354 354 
292 292 292 

374 374 374 
413 413 
41 41 450 
233 276 425 425 
26 35 194 194 194 271 408 
188 205 227 227 227 231 231 330 402 433 469 469 477 510 510 511 
41 41 85 272 272 312 312 498 498 498 
413 413 413 439 
76 76 322 322 
39 
138 138 
82 329 329 
39 39 39 477 477 
500 
132 132 413 413 
68 233 233 233 296 296 425 425 
471 471 
97 97 290 290 290 480 480 
31 31 
344 344 344 
222 222 222 
187 187 407 
247 
300 300 300 415 415 415 
28 28 28 183 183 
68 68 
30 30 222 222 
367 367 
2 15 15 111 111 220 340 340 363 404 404 404 413 413 444 499 
28 28 28 178 178 
5 12 12 14 16 16 31 31 32 41 41 52 52 70 76 76 76 81 81 105 112 112 112 117 137 137 213 221 236 236 236 246 246 246 258 260 260 267 267 267 279 279 279 284 284 284 289 289 289 291 291 292 292 307 307 315 324 338 338 338 345 354 355 355 355 366 396 396 409 409 409 415 415 415 426 426 456 456 465 484 484 488 490 490 490 
126 126 491 491 
245 245 245 440 
175 175 413 413 
159 477 477 

106 372 372 
56 56 148 148 148 236 236 267 267 268 268 285 285 304 446 446 
33 33 40 40 67 67 236 236 
43 43 65 65 251 251 358 362 362 413 479 
158 158 158 
101 267 471 471 
8 8 77 141 141 141 141 200 200 290 350 373 413 422 422 
496 
5 5 86 86 86 86 386 386 386 
76 76 109 207 314 314 314 314 314 
196 196 
236 415 415 415 
12 355 
271 
267 267 268 
159 
405 
76 76 199 478 478 478 
76 242 
328 328 
35 232 309 309 
236 
238 238 238 310 
184 
215 215 215 314 314 
214 214 214 314 467 467 
102 102 102 
143 143 
271 
39 39 274 454 454 
182 494 494 494 
184 
30 35 119 119 122 122 174 174 174 180 180 314 314 341 376 376 376 376 413 413 483 499 499 
329 
313 350 350 
5 5 53 259 377 393 458 458 
292 292 
159 159 159 257 343 343 477 
76 76 
76 360 360 
236 275 275 303 406 415 415 
39 39 159 159 
124 124 210 390 390 390 454 
7 7 157 169 169 169 238 271 271 287 287 287 296 296 310 310 310 374 375 505 
503 503 
236 487 
40 40 49 55 56 56 79 83 83 83 104 104 129 138 138 147 147 147 184 184 184 191 191 192 192 201 211 230 235 237 252 267 267 267 275 275 275 283 344 344 344 351 351 415 415 415 432 432 432 438 460 460 487 487 
236 
212 212 212 233 
405 
279 279 476 496 496 
39 62 430 430 
76 76 208 
311 413 424 494 494 
325 358 358 
76 76 186 186 186 
184 184 184 
110 110 110 176 288 
150 150 408 408 
40 40 
149 149 374 417 417 417 442 442 
193 193 413 413 
236 
330 330 
283 283 415 
5 5 5 
271 271 271 273 
227 305 337 
70 70 184 409 409 409 
225 367 367 
184 184 
81 81 329 329 
364 410 410 
315 
11 385 385 
496 

184 184 184 191 191 195 204 204 236 236 236 268 356 
191 191 204 267 
415 415 415 
286 286 
3 3 7 158 203 218 233 233 256 256 256 282 282 282 297 297 327 339 339 354 354 354 374 374 375 391 401 401 401 408 408 408 412 427 427 442 453 
160 160 
5 5 256 354 354 354 472 472 475 
219 
230 230 236 236 236 
157 
415 415 

5 5 31 31 31 184 184 184 240 240 
435 435 435 467 467 467 
67 67 67 298 298 347 347 421 
144 271 271 271 427 
236 254 254 415 415 
184 184 184 
191 191 
270 270 413 
9 9 9 233 233 233 
247 
81 81 184 184 184 451 451 451 451 451 
23 23 23 23 97 97 171 171 171 196 480 480 
184 184 
76 152 152 152 184 184 226 226 364 364 410 
408 408 
58 397 408 408 
76 76 76 509 
68 169 169 233 233 
271 271 
281 281 347 
31 54 54 76 413 413 
177 177 177 
339 
485 
230 415 415 415 
56 148 148 191 
257 343 343 392 482 482 482 
87 87 370 370 408 408 
184 184 354 396 396 465 
467 467 
210 210 
212 233 233 233 
243 
84 84 85 85 85 160 160 
8 224 
76 76 80 199 199 199 199 199 214 214 215 222 222 317 317 349 354 384 384 398 398 413 418 418 418 429 429 429 434 434 455 455 455 467 481 
73 73 73 94 94 94 184 263 336 486 
444 444 
314 314 398 413 
413 
76 76 76 354 
140 140 140 
42 323 
76 162 162 
42 321 359 
41 184 
72 72 244 358 358 358 
358 
271 
76 209 209 
81 81 165 165 223 261 261 
39 159 253 253 369 428 428 428 
22 
413 
413 
385 385 385 413 
413 494 494 
315 486 
257 
184 184 184 415 415 
46 145 145 271 271 301 381 381 408 408 427 427 452 464 470 470 
182 182 
222 

227 227 305 305 
69 69 147 173 173 173 236 236 236 447 447 
52 184 
27 27 47 47 76 459 
67 281 281 298 421 421 
85 85 
314 
8 8 8 196 224 224 
236 236 356 432 


31 41 76 134 134 151 151 184 271 271 271 273 273 273 307 314 319 411 411 450 450 450 462 462 462 490 502 
12 12 12 184 184 184 202 
267 351 
367 431 431 431 496 
38 89 89 89 90 141 193 244 244 325 325 325 326 413 413 413 466 466 466 503 503 
61 61 81 323 
229 229 
76 
193 193 413 
182 
118 118 262 292 292 

184 
114 181 181 259 259 357 496 496 
401 401 
330 
87 306 306 
68 
106 190 190 
196 
154 154 154 233 250 271 271 408 442 
233 271 
222 222 222 222 
225 458 458 
101 
103 103 146 146 
134 134 
0 46 64 64 64 64 123 133 339 339 395 395 408 
413 413 413 
63 63 63 75 415 415 
314 314 449 
264 264 334 334 334 413 413 413 
198 198 198 

487 487 
22 22 81 82 82 497 497 
17 232 232 232 
271 
305 
225 
495 495 
46 46 64 381 381 
184 184 307 307 
58 58 294 
96 314 314 317 
41 
5 50 
110 110 110 271 271 271 368 368 
39 39 159 405 405 
427 427 
6 6 92 92 182 182 182 
206 239 402 402 
37 37 230 415 415 415 
175 413 413 413 
25 25 26 26 87 87 150 150 158 248 248 271 271 271 293 293 294 294 306 306 339 339 374 381 412 412 437 437 437 470 470 470 
184 184 184 258 258 258 
262 262 292 
354 354 
271 408 408 
35 45 45 74 76 77 77 92 119 128 155 155 161 161 161 168 168 182 182 187 187 193 196 222 222 243 251 251 286 299 299 314 317 318 332 333 334 335 358 358 358 362 382 382 382 385 385 385 407 407 407 439 439 448 494 500 500 
22 22 22 22 
37 57 116 116 129 177 177 177 184 184 184 201 201 201 230 230 236 236 236 254 269 269 269 277 277 283 283 303 303 303 338 338 383 383 406 406 406 460 460 460 460 463 

149 149 250 250 250 
80 95 95 314 314 314 

98 441 441 441 
281 347 347 
196 196 
76 76 76 
243 
103 157 157 169 169 
184 184 
271 271 282 339 339 403 403 
20 330 330 330 
314 314 314 
241 241 
357 357 357 496 
236 236 236 351 
159 
314 314 
280 280 280 449 

408 408 408 
83 83 83 236 
161 413 413 
186 
1 5 5 98 98 420 420 420 
250 250 271 374 468 468 
5 
15 182 316 316 
450 450 450 450 
191 191 
344 344 
128 413 
384 435 467 
41 41 41 156 354 354 354 445 445 445 445 462 462 
289 289 289 289 289 
339 464 464 
271 
4 4 124 124 131 131 131 219 219 232 
17 17 17 314 314 314 
76 76 184 184 491 491 491 
41 41 
225 225 377 377 
346 
236 236 415 415 415 415 
22 22 
354 354 354 450 450 
63 63 75 75 75 415 
339 452 452 
184 307 
72 72 358 358 358 
215 215 280 280 280 308 308 314 449 
442 442 
159 159 511 511 
339 339 408 408 408 
101 170 170 195 195 
273 273 475 

56 56 
5 5 273 472 
10 10 10 100 100 100 240 496 
39 159 166 166 188 188 227 
76 207 207 207 
193 
127 127 127 171 171 290 290 
314 
305 305 305 
30 30 30 222 
184 184 
39 39 302 
120 120 315 336 489 
56 56 235 236 236 388 388 
184 
31 486 
51 51 184 184 184 354 
126 126 185 185 456 456 456 

3 
220 220 220 243 243 335 335 413 
81 81 394 394 
100 100 100 197 240 240 265 357 367 367 431 476 
130 389 389 
160 160 160 
182 222 222 
167 413 413 

354 
234 234 358 358 
5 5 
233 

104 104 
5 5 5 
76 295 
159 159 
159 469 469 
