Nodes: 512, Edges: 1187
381 381 
441 
28 28 28 91 111 111 111 182 183 183 189 189 
271 271 493 
454 454 
48 48 88 88 88 184 198 198 198 225 225 225 273 354 354 354 400 441 441 443 475 475 504 504 504 508 508 
404 
233 271 
224 224 313 313 350 350 
287 287 287 
476 476 
264 264 
184 184 202 355 355 
76 
117 
59 59 59 59 182 444 

390 455 455 
441 
104 
428 
31 31 31 
108 108 331 331 331 389 414 414 436 461 461 461 497 497 497 
290 290 
76 
408 408 408 
158 158 408 
76 346 
2 2 2 183 183 183 
56 56 56 
180 180 222 222 483 483 
21 21 21 172 172 172 184 184 279 279 279 315 315 354 486 486 486 489 
184 307 
67 192 192 

158 222 222 222 413 413 
106 106 106 
415 415 
358 358 358 
159 159 163 166 166 166 219 231 231 241 241 241 330 402 402 405 405 485 
192 192 236 236 249 249 
85 85 99 137 137 151 151 156 160 160 324 324 354 354 445 457 492 492 
323 323 323 

137 137 
76 76 76 413 413 413 439 
64 64 339 381 381 395 395 
76 78 346 346 346 346 
5 5 508 
236 
400 
484 490 490 
184 184 345 
225 
76 76 501 
93 93 93 195 
29 29 29 191 191 191 236 236 236 304 304 304 446 446 474 474 474 487 487 

397 397 397 
15 15 15 15 444 
104 236 236 
81 359 
241 241 
75 383 383 383 
46 46 381 
193 362 416 
141 
33 192 192 192 281 347 347 
169 169 179 371 371 
236 236 344 344 344 
184 184 246 246 258 258 

358 466 466 
94 94 315 315 
448 
63 
13 24 27 45 45 45 47 54 54 78 96 96 96 96 107 107 109 109 162 184 186 196 196 199 207 208 208 228 228 229 242 292 295 295 299 299 299 299 299 314 314 319 319 319 322 328 353 353 413 423 423 440 456 456 478 478 509 
196 
47 76 
236 236 
314 314 418 418 
61 82 82 82 113 184 184 261 289 289 329 329 359 389 389 394 394 
81 81 81 121 142 142 143 143 165 165 165 389 
104 104 104 104 236 236 236 438 438 438 
85 85 312 348 348 
41 41 84 84 160 160 312 312 348 348 
198 198 198 508 508 508 
370 408 408 408 
5 5 5 504 
358 

2 
182 404 404 413 
55 55 55 
73 73 315 315 
418 418 418 
76 76 76 76 398 
171 290 290 290 
420 420 441 441 441 
41 354 354 
476 496 496 
140 140 140 195 195 378 471 471 
117 117 216 216 
146 146 146 379 379 379 425 425 
19 60 83 83 83 83 138 138 236 237 507 
184 184 190 190 372 
36 36 36 190 190 372 
76 76 
22 22 414 
76 76 199 199 199 
176 176 247 247 247 401 
2 2 2 182 182 

81 
367 
389 
415 
14 102 102 125 125 135 184 184 184 236 
152 152 262 364 
122 122 222 413 413 

82 143 143 
119 119 
468 468 
232 232 232 232 387 454 454 
117 117 136 136 
185 491 
480 
413 448 448 
236 236 
497 
454 454 
168 168 
381 381 
354 354 380 380 
117 
125 125 
41 41 44 44 
104 104 236 236 236 
381 
101 101 101 320 320 320 
66 196 196 196 358 358 
82 82 389 389 
82 82 121 121 217 217 217 
282 
339 
103 103 103 379 379 379 
236 344 344 
191 191 
250 250 417 417 
248 248 248 
41 41 
118 118 292 292 
325 325 
374 
413 413 413 
41 
276 276 425 425 425 
26 26 35 194 194 271 271 
39 39 188 188 205 205 205 227 231 305 305 330 330 330 402 428 428 433 433 433 469 477 510 511 
41 41 85 85 272 272 498 498 
439 439 
76 322 322 
39 

82 82 82 329 
39 39 39 477 
413 
132 132 413 413 
68 68 233 233 296 425 425 425 
471 471 
97 290 480 480 
31 31 31 
344 344 344 
222 222 280 494 
187 187 187 407 
110 110 247 247 247 
300 300 415 415 415 415 
183 183 
68 
30 30 222 222 
367 
2 15 92 111 111 220 220 340 340 404 404 404 413 413 444 499 499 
2 2 28 28 28 178 178 
5 12 12 31 31 32 52 52 70 70 76 81 81 105 105 117 117 117 221 221 236 236 236 246 258 258 258 260 267 267 279 279 284 289 291 291 307 307 315 324 324 338 338 338 345 354 354 354 355 366 366 396 396 409 415 415 426 426 456 456 456 465 465 484 488 
126 491 491 491 
76 440 440 
175 175 175 
159 159 477 477 477 
2 2 351 
105 105 106 106 
56 56 56 148 148 236 268 285 285 304 304 
33 33 40 40 67 67 67 236 236 281 
65 251 251 251 286 286 358 358 362 413 500 
158 158 
55 101 101 236 236 236 471 471 471 
76 76 77 141 141 141 200 290 290 350 413 422 422 

5 5 5 86 86 86 386 508 508 
76 109 109 109 207 314 314 314 
196 
236 415 415 415 
12 
271 271 271 
267 267 267 268 268 268 
159 159 159 
405 405 405 
76 199 337 478 478 478 
76 76 242 
328 
309 
236 
238 238 310 310 

215 314 314 314 
214 314 314 314 
102 102 
143 143 143 
271 
39 232 454 
182 182 494 494 
184 184 
30 30 35 35 35 119 174 174 180 180 314 341 341 376 376 376 413 483 499 499 
329 329 
8 8 313 313 313 350 
5 5 5 53 259 377 393 393 393 419 419 458 
292 
159 477 477 
76 76 245 
76 295 360 360 360 
236 275 275 275 406 406 406 415 
39 39 159 
124 124 124 124 219 390 454 
7 169 169 271 271 287 287 287 287 296 310 374 505 505 
503 
487 
40 40 49 56 56 56 60 60 69 69 79 79 83 83 83 104 117 129 129 138 138 138 147 184 184 184 191 192 192 195 195 195 201 211 230 237 237 252 252 252 267 267 267 275 275 278 278 278 283 344 344 351 415 415 415 432 460 
104 236 236 
212 212 
405 405 
279 279 476 496 
39 39 39 62 62 430 430 430 430 
76 208 
311 311 311 311 311 413 424 424 494 
325 325 325 358 358 
228 
70 70 184 
110 110 110 176 176 176 288 288 
150 150 150 408 
40 40 
149 149 374 417 442 
193 193 193 286 286 286 413 413 
236 236 236 
330 330 
283 283 283 415 

271 
305 
70 70 184 184 184 
225 
184 
81 
118 364 410 410 

11 11 385 385 
496 496 496 
493 
184 184 204 204 204 236 236 236 268 268 268 356 471 
191 204 204 204 267 267 267 
415 415 415 
286 286 
3 3 7 158 158 203 203 203 218 233 233 256 282 282 282 327 339 354 354 374 374 374 375 375 391 391 391 401 401 408 408 412 412 427 427 442 
160 160 
5 354 354 475 
402 402 
230 230 230 236 236 
157 157 
415 415 
236 236 236 
31 31 31 184 184 240 240 
174 435 435 449 467 467 
67 192 347 347 421 
144 271 271 271 
236 254 254 254 415 415 
184 
191 191 
193 193 251 251 251 270 270 
9 9 9 233 233 233 233 
247 247 
81 81 184 451 
23 23 97 97 97 171 196 196 480 480 
184 184 
76 152 152 226 364 364 410 
408 
397 397 408 
76 76 229 509 
169 233 
408 
347 
76 76 76 76 76 413 
177 177 
339 339 
485 485 485 
415 
56 56 56 191 191 
159 159 257 343 343 343 392 392 482 
408 408 
32 184 184 354 354 396 396 465 465 
467 
210 
212 212 233 
243 243 243 243 243 
84 85 85 
8 8 224 224 224 
76 76 80 80 199 199 199 214 214 214 215 215 215 222 317 317 349 349 354 354 384 384 384 398 413 434 434 449 455 455 481 481 481 
31 31 73 73 94 94 184 486 
444 444 
314 314 398 413 413 

76 76 76 354 354 
140 140 140 
323 323 
76 162 162 
42 42 42 321 321 359 359 
41 41 184 184 
153 153 244 244 244 358 358 
358 358 
271 
76 209 
81 81 165 223 223 
39 159 159 159 253 253 369 428 
22 22 22 
407 413 
413 
385 385 413 413 
413 494 494 494 
486 486 486 
207 
184 184 184 
46 145 271 301 301 381 381 408 408 427 427 452 452 464 470 
182 182 
222 222 

305 305 305 
69 69 69 147 147 173 173 173 236 236 447 447 
52 184 
27 47 47 47 47 459 459 459 
67 67 281 281 298 421 506 
84 84 85 85 
314 314 481 481 
8 8 196 224 
189 236 
402 402 402 
76 76 456 456 
5 5 5 31 41 41 99 99 134 134 184 184 184 271 271 273 273 307 307 314 314 319 319 411 411 450 450 450 490 502 502 502 508 508 
12 12 184 
267 
367 431 496 
38 38 38 72 89 141 141 193 193 244 244 325 325 326 326 413 466 466 500 
61 81 323 323 
229 229 229 

65 193 413 

118 262 292 292 
415 415 
184 184 
114 181 357 496 
401 401 
330 
87 
68 68 
105 106 

154 233 250 271 271 271 408 417 417 442 442 
271 271 
222 222 222 
225 458 
101 
103 103 103 146 146 146 
134 134 
0 0 46 46 64 133 133 139 339 339 395 408 408 
413 413 413 
63 63 63 415 432 432 
314 314 314 
264 264 334 334 413 413 
198 
124 
487 
22 81 81 82 115 142 142 497 497 
17 232 
271 271 271 
305 305 
225 225 225 
81 81 495 495 495 
46 46 381 
184 184 307 307 
58 58 58 294 294 
96 314 317 

5 50 
110 271 271 368 368 
39 39 159 274 274 352 352 352 405 

6 92 92 182 182 182 
39 39 206 206 206 239 239 402 
230 230 230 415 415 
175 332 413 413 
25 25 25 26 87 87 87 248 271 271 293 294 297 306 306 339 339 374 381 381 412 412 437 437 470 470 
184 
262 262 292 
354 354 
271 271 408 408 
35 35 45 45 45 76 92 119 119 128 155 155 155 167 168 168 182 182 193 196 222 243 251 251 299 314 317 317 332 333 334 334 335 358 362 382 382 382 385 385 407 407 439 439 448 455 494 500 
22 22 108 
37 37 116 177 177 177 177 184 184 201 201 201 230 236 236 236 254 269 269 269 277 277 283 283 303 365 365 383 406 406 432 432 460 460 460 463 
65 
149 149 250 374 374 
80 80 95 95 95 
225 225 
98 98 441 
281 347 
196 196 
76 76 
243 243 
103 103 157 157 157 169 169 169 
184 184 
271 271 339 339 
20 159 159 330 

241 241 241 241 
357 496 
236 383 383 415 415 
159 159 159 
314 314 
280 280 
22 
408 408 
83 83 83 
45 161 161 413 413 
76 186 186 
1 5 5 18 98 98 98 420 
250 271 374 374 468 468 
5 
15 59 182 316 316 
41 450 450 
56 56 
344 344 
74 128 128 413 
280 314 467 
354 354 354 445 445 462 
289 
339 339 464 

4 4 124 124 131 131 219 232 
17 17 314 314 413 
76 76 184 184 184 353 353 
41 
225 377 
346 346 346 
236 415 415 415 
22 22 22 497 497 
450 
415 
339 452 
184 184 307 307 
72 72 358 358 
280 280 308 449 
123 123 442 442 
159 511 511 
339 408 408 
101 101 170 170 195 195 195 267 
475 

56 56 56 487 
5 5 273 472 
10 10 100 240 496 
159 166 188 188 188 227 227 
76 76 207 207 207 

127 171 171 290 290 
314 314 314 349 349 
305 
30 30 222 
51 184 
39 302 302 302 
31 31 31 315 336 336 336 489 489 
56 56 235 388 474 
184 
31 486 486 
51 51 354 
126 185 185 185 
41 41 
3 266 
174 220 220 243 335 335 335 413 
394 394 394 
100 100 240 265 265 265 357 367 431 476 
22 22 22 130 389 389 461 461 
160 160 
182 182 222 222 
193 358 413 
54 
354 354 354 
234 
5 5 5 88 
233 233 
347 
104 
5 5 48 86 86 86 198 198 354 354 
76 295 
159 
159 469 469 
