Nodes: 512, Edges: 1187
381 
441 
28 91 182 182 183 183 
271 271 271 493 493 
454 
34 34 50 88 88 88 184 225 225 255 255 273 354 354 354 400 441 441 443 443 475 475 475 504 508 508 
404 
233 233 271 271 271 
196 224 224 313 
287 287 287 
476 
264 
184 184 202 355 355 
76 76 
117 125 184 
59 59 59 59 182 182 
184 
455 455 
420 441 

428 428 
31 
108 115 331 389 389 389 414 436 436 461 461 461 497 497 
290 290 290 
76 
408 408 
158 158 158 408 408 408 
76 76 346 346 
2 178 178 183 183 183 
56 56 56 
180 180 222 483 483 
21 172 184 279 279 315 315 354 354 354 486 486 489 

192 192 
5 5 
158 158 210 210 222 413 413 
106 
57 415 415 
358 358 
62 159 159 163 163 163 166 219 231 231 231 241 302 302 330 402 402 405 405 477 485 485 485 
192 236 236 249 
85 85 99 99 137 137 151 156 156 156 160 184 184 324 354 354 354 399 450 450 457 492 492 
323 

137 137 
76 76 76 413 413 413 439 
64 339 381 395 
76 76 76 78 346 346 
508 
236 236 236 
5 400 400 
490 
184 184 184 345 
225 225 
76 299 501 501 501 
93 93 195 236 236 
29 29 29 191 191 236 236 304 446 474 487 
37 415 415 
294 397 
15 15 15 15 444 
104 104 
81 81 359 359 
39 241 
383 
46 395 
193 362 362 416 
141 
192 192 
169 169 169 179 179 296 296 371 371 
236 344 344 
184 184 246 258 

325 325 358 358 466 466 
315 315 
448 
383 463 463 
13 13 24 27 27 45 45 45 47 47 47 54 96 96 96 107 107 107 109 109 162 162 184 186 186 196 199 207 207 207 208 228 228 242 242 245 245 245 245 292 295 314 314 319 319 319 328 328 328 346 353 353 354 413 413 423 440 440 456 456 456 478 509 
196 196 413 413 
47 
104 236 
314 418 418 418 
61 61 82 82 113 113 184 184 261 289 329 359 359 389 389 394 495 
81 81 143 143 165 165 389 
104 104 104 236 236 236 438 438 438 
85 85 312 348 348 
41 41 84 84 160 160 348 348 
198 198 508 508 
306 306 306 408 408 
5 5 5 504 504 

325 358 
2 
182 182 404 404 404 413 
55 55 
315 
418 418 
76 76 76 
171 171 290 290 290 
420 
41 41 354 354 
476 476 496 496 
140 140 195 195 195 378 378 378 471 
117 117 136 136 216 216 
379 379 425 425 
60 60 79 83 83 83 138 138 237 237 507 507 
184 184 190 190 
36 190 372 372 
76 76 76 
22 414 
76 76 199 
176 176 247 247 247 401 401 
182 182 
184 184 
81 81 
367 
22 
184 184 
14 102 102 125 125 135 184 184 184 
152 152 152 152 364 364 
122 222 222 413 413 
486 486 
143 143 
119 222 
381 468 468 468 
232 232 309 387 
14 117 117 136 
185 185 491 
480 480 
413 448 448 
415 415 415 
497 
454 
168 168 
381 
354 354 354 380 380 380 
117 
102 102 125 
41 41 44 44 
104 104 164 236 236 
381 381 
101 101 320 320 
66 196 358 
389 389 
82 82 121 121 217 217 
282 
339 
379 
236 344 344 
191 191 
250 250 417 417 
248 408 408 
41 354 354 
118 118 118 118 292 
325 325 
374 
413 
41 41 41 399 450 
233 233 233 276 276 425 425 
26 26 26 35 35 194 271 271 271 408 408 
39 39 188 188 188 205 205 205 227 227 231 231 305 330 330 428 433 433 469 477 510 510 511 
41 85 85 272 272 312 312 312 498 498 498 
413 413 413 439 
76 76 322 
39 39 39 
138 
82 82 329 
39 477 
413 
132 132 
68 68 68 233 233 233 296 296 425 425 425 425 
471 
97 97 290 290 480 480 480 480 
31 
344 
222 280 335 335 
187 187 187 
110 110 247 247 247 
300 300 415 415 415 415 
28 28 183 183 
68 68 
30 30 222 222 222 
367 367 367 
2 2 15 15 92 92 111 111 220 340 340 363 363 404 444 444 499 499 
2 2 28 28 28 178 178 
5 12 12 14 16 31 41 41 52 52 52 70 70 76 81 81 105 105 112 112 116 116 117 117 117 221 236 236 236 246 246 258 258 258 260 267 267 279 279 284 289 291 291 292 292 307 307 315 315 324 324 324 338 345 345 354 354 366 396 396 409 409 415 415 426 456 456 490 
126 126 491 491 
76 76 440 440 440 
175 175 175 413 
159 159 159 477 
351 351 
105 105 106 372 
56 56 148 148 236 236 236 267 267 268 268 285 285 304 304 304 
33 33 40 67 67 236 281 
65 251 251 286 286 358 358 413 413 479 479 500 
158 
55 101 101 101 236 236 267 267 471 
8 76 77 77 141 200 200 290 350 350 373 413 413 
496 496 496 
86 86 386 508 
76 109 207 207 314 
196 196 
236 415 415 
12 355 355 
271 271 271 
267 268 
159 159 159 
405 405 
76 76 76 199 199 478 478 
76 
328 328 
35 35 309 
236 
238 238 238 238 310 

314 314 
314 467 467 
102 102 
143 143 

39 274 274 274 402 454 
182 494 
184 
30 35 119 119 122 174 180 180 180 309 314 314 341 376 376 413 483 499 499 499 
329 329 
8 8 350 350 
5 5 53 53 259 259 377 377 377 393 393 458 458 458 

159 159 257 337 337 337 343 343 392 392 477 
76 76 336 
295 295 360 360 360 361 
236 236 275 406 406 
39 39 39 159 159 
124 124 390 454 454 
7 7 157 157 157 169 169 169 238 238 271 271 271 287 287 287 296 310 310 310 374 375 375 375 505 505 
503 
236 487 
40 40 49 49 49 55 55 56 56 69 79 83 83 83 138 138 147 184 184 184 191 191 191 192 195 195 201 211 230 230 235 237 237 252 252 252 267 267 267 275 278 278 278 283 344 351 415 415 415 432 432 460 460 487 487 487 
104 104 236 236 
212 212 212 212 233 233 
342 342 405 405 405 
279 476 496 
39 62 430 
76 76 
311 413 413 424 494 494 
358 358 
76 76 76 76 
70 184 184 
110 110 110 176 176 176 288 401 
150 408 
40 
149 149 442 442 
193 193 286 286 413 
236 236 236 
330 
283 283 415 
5 5 
271 271 271 
227 305 337 
70 184 184 184 409 
225 225 367 
184 
81 329 329 
364 410 410 
315 315 
11 334 334 385 
496 496 
493 
184 184 191 191 195 195 204 236 236 236 268 471 
191 191 204 267 

286 286 
3 3 3 7 7 7 158 158 158 203 203 203 233 233 233 256 256 256 282 282 297 327 339 339 354 374 374 375 391 401 408 412 412 427 442 453 
160 160 
5 354 472 472 475 475 
219 219 219 402 402 
230 236 
157 157 
415 
236 236 236 
31 31 184 184 240 
174 308 435 435 449 449 449 
192 298 347 
144 271 271 427 427 427 
236 254 254 
184 
191 191 
193 193 251 251 270 270 413 413 
9 9 9 233 233 233 
247 
81 184 451 451 451 
23 23 23 97 97 97 171 171 196 
184 184 426 426 
76 152 184 184 364 364 364 410 
408 408 
58 397 
76 229 229 
68 68 169 169 233 
271 408 408 
281 347 
54 413 413 
177 177 
339 
39 39 485 

56 191 191 191 
159 257 343 343 392 482 482 
87 87 87 370 408 
184 184 396 465 
280 467 467 
124 210 222 
212 233 233 233 
243 
84 160 160 160 
8 
76 76 80 199 214 214 215 222 222 317 317 349 354 384 398 413 418 418 418 429 429 429 434 434 449 455 467 467 481 481 481 
31 31 73 73 94 184 184 263 263 486 
444 
314 314 398 398 413 413 
413 413 
76 76 76 354 
140 140 
323 323 
162 
42 321 321 359 359 
41 184 184 184 
72 72 90 153 153 358 358 358 358 
358 358 
271 
76 76 76 209 209 
81 165 223 223 261 261 
39 159 159 253 369 428 
22 
413 413 

264 264 385 385 385 413 
174 174 413 413 494 494 
228 
227 227 227 257 
184 
46 145 271 271 301 381 408 408 408 427 427 452 452 464 470 
182 182 
222 
239 239 
227 227 305 305 
69 69 147 147 173 236 447 447 
52 184 184 
27 27 47 47 76 459 
281 298 421 421 506 
84 84 85 85 
314 481 481 481 
196 196 224 224 
189 189 236 356 356 356 356 
402 
76 76 
5 5 5 31 31 31 41 41 41 76 99 99 134 134 134 151 151 184 184 271 273 314 319 411 411 411 450 450 462 490 502 508 
12 12 202 202 
351 351 351 351 
367 431 496 496 
38 38 72 72 90 141 193 193 244 244 325 325 325 325 326 326 413 500 
61 61 81 81 323 323 
229 229 229 
229 
65 65 
182 182 
118 118 262 292 292 292 
415 415 415 
184 
114 181 181 181 259 357 496 496 
401 
330 
306 
68 68 
106 106 190 
196 
154 233 271 271 417 442 442 442 
233 233 233 271 
222 222 
225 225 225 
101 101 101 
103 103 146 
134 134 134 
0 46 123 133 139 139 339 395 395 408 408 
413 413 
63 75 415 415 415 
314 449 449 449 
264 334 334 334 413 413 413 
198 
124 
487 
22 22 22 81 81 82 142 142 497 497 497 
232 
271 
227 227 305 
225 225 
81 495 
46 64 381 381 
184 184 307 
58 294 
314 317 317 
41 156 
5 50 50 
110 110 247 271 368 
39 39 219 274 274 352 405 405 
427 427 
6 92 92 92 182 
39 39 206 206 239 239 239 402 402 
230 230 415 
413 413 
25 25 26 26 26 87 87 150 150 158 158 248 271 293 293 297 297 306 339 339 339 381 381 412 437 
184 184 258 
262 262 292 
354 354 354 
271 271 408 
35 35 45 45 45 76 76 77 77 92 119 119 128 155 161 161 161 167 187 193 193 196 196 222 243 243 251 286 286 299 299 314 317 317 318 318 332 332 334 335 335 358 382 382 385 385 385 407 407 439 439 439 448 448 448 455 455 494 500 
22 108 
37 37 57 57 129 129 129 177 177 177 177 184 184 201 201 236 236 236 254 277 365 365 365 383 383 383 406 432 432 460 460 463 463 
65 
149 149 374 
80 80 80 95 95 314 314 314 

18 98 
347 347 

76 
243 
103 103 157 157 169 169 169 169 
184 291 291 
271 282 282 282 339 339 403 403 
20 20 159 330 
314 314 314 
241 
357 496 496 
236 236 415 415 
159 159 
314 314 
280 280 
22 22 
408 
83 83 83 
45 161 413 413 413 
76 76 186 186 186 
1 5 5 18 
250 250 271 374 374 374 468 468 
5 5 
59 182 182 316 
450 450 
56 
344 344 
74 128 128 413 413 413 
280 280 280 314 384 384 384 
41 41 156 354 354 445 445 
289 289 289 
339 339 464 464 
271 
4 131 219 232 232 
17 17 314 413 413 
76 76 76 184 184 491 491 
41 
225 225 225 
346 
236 236 415 415 
22 22 22 497 497 
354 
75 75 415 415 
339 452 452 
307 
72 72 
215 215 308 308 314 314 
123 123 123 442 442 
159 511 
339 
101 170 195 267 
273 273 
491 
56 487 487 
5 5 5 273 273 
10 100 100 240 496 496 
39 159 166 188 227 
76 207 207 
193 193 
127 127 171 171 171 171 
314 314 314 349 349 349 
305 305 
30 30 222 

39 39 39 302 
31 31 120 120 315 489 
56 235 236 236 236 388 474 474 

31 486 
51 184 354 
126 185 185 456 456 473 
41 41 
3 3 266 
220 243 243 335 335 413 
81 394 
100 100 197 197 197 240 265 265 357 357 367 367 431 431 476 476 
22 22 130 389 389 389 461 461 
160 160 160 
182 182 222 222 222 
193 358 413 
54 54 54 
354 
234 
5 88 88 
233 233 
347 
104 104 
5 5 48 86 86 198 354 
76 
159 159 
159 469 
