Nodes: 512, Edges: 720
46 395 
225 225 225 
91 111 183 
271 271 

18 18 48 88 184 184 198 225 255 255 279 400 475 475 475 508 
404 404 
271 
196 350 

476 476 
264 264 
184 202 

117 184 184 
327 444 

390 455 
5 5 277 



108 108 115 115 331 
171 290 
76 
452 452 452 
158 158 408 
76 346 
63 63 63 178 183 183 183 
474 
483 
172 172 184 184 315 315 354 354 354 486 486 
184 
67 67 

210 210 210 222 413 

324 324 
89 
62 62 159 159 163 166 241 241 267 330 402 405 477 477 485 485 
192 249 249 
44 85 85 99 137 151 156 156 160 184 354 399 445 450 457 
321 323 323 
193 193 
41 
413 439 
0 64 301 301 339 339 381 395 
346 346 
5 
236 
400 
490 490 


76 501 
236 
104 191 191 236 236 304 474 487 487 

294 294 397 
444 444 
104 236 236 
359 
39 39 330 369 369 430 
28 28 28 383 463 463 
46 381 
193 413 416 
141 141 
33 33 192 281 347 
287 287 287 296 371 
252 344 
184 246 258 258 
330 330 
325 325 325 
94 315 
413 413 

24 27 54 78 78 162 186 207 207 229 245 245 299 346 346 440 478 509 
196 
76 76 
236 236 
418 418 
113 261 261 261 289 329 359 359 389 
142 329 389 
236 236 237 
312 348 348 
41 41 160 312 312 
198 198 386 386 508 
306 408 408 
5 504 
38 
358 
2 
182 

73 315 
418 

290 
420 441 441 
41 
496 
140 471 
117 117 136 216 216 
379 379 379 
56 60 236 236 237 507 
106 106 106 184 190 
105 105 105 372 372 

22 22 115 336 414 

247 247 401 401 
2 
184 
81 
181 367 
22 22 108 
184 415 415 484 
14 102 102 135 136 136 184 236 

413 413 413 
486 486 



387 
136 
185 185 185 491 491 
480 480 
413 
236 415 415 
389 389 
240 454 

381 
380 380 502 502 
117 
102 117 117 125 
41 184 
164 236 236 

101 320 320 378 
66 66 
82 389 
217 
282 
339 
379 379 
236 
191 304 304 304 
250 250 
306 306 306 
41 354 
364 

374 

41 41 450 
233 
26 26 271 
39 39 305 330 330 330 392 402 428 469 469 511 
41 85 312 312 
413 439 439 
76 
39 
138 300 300 300 
329 329 
39 477 
220 220 413 

233 
471 471 
23 
31 31 
344 344 
335 413 
407 
247 
415 
28 183 183 183 
287 
222 
114 
92 413 413 499 499 
2 28 28 28 178 178 178 
5 5 12 14 14 31 31 32 41 70 105 112 116 117 137 199 236 246 246 246 258 279 279 284 284 289 292 324 345 345 354 354 354 355 355 366 396 396 415 415 426 451 456 484 484 484 488 
126 126 126 
76 
413 413 
477 510 

105 372 372 
56 56 148 267 304 304 446 
40 67 
43 43 65 286 362 413 479 479 

236 471 
8 77 290 373 413 413 422 422 

5 86 86 386 
184 

236 415 
12 
271 
267 268 

405 405 
76 76 337 337 

328 
35 35 35 
460 
233 

314 
467 
102 102 
143 
442 
232 232 402 402 454 454 
167 167 413 413 

35 180 341 341 376 413 413 
329 
313 
1 1 1 5 259 259 377 441 
292 
392 477 
245 245 
76 
236 303 303 415 

219 219 454 
157 169 212 271 296 310 310 375 
503 
487 487 
49 55 56 56 60 60 79 79 83 83 104 104 117 129 138 138 147 184 195 201 230 351 351 356 438 460 460 
83 104 
505 505 505 505 
342 405 405 
131 496 496 
39 39 
478 
311 311 494 

76 76 228 228 
70 184 184 184 
110 110 176 288 288 401 

40 40 
149 149 374 417 417 417 442 
413 
69 
330 
277 277 283 283 415 415 
5 5 
273 273 391 
392 
70 70 184 
225 225 
426 
81 81 81 
364 410 

11 11 
496 
271 
39 191 204 268 356 471 
204 267 
415 415 

3 3 7 158 203 233 266 282 282 287 297 297 327 354 374 391 401 408 408 412 427 427 442 453 502 502 

256 256 354 472 475 
352 402 


18 254 254 415 

5 184 184 431 
308 449 467 
67 347 421 421 
144 271 271 
254 254 303 303 344 344 344 344 415 
184 184 

193 413 413 
68 68 68 179 271 
247 247 
81 184 
23 97 196 480 480 
426 
184 226 364 364 410 410 
408 
58 58 397 397 

68 233 425 425 
271 271 408 408 
347 347 
76 413 413 
164 164 164 
46 46 464 
485 
230 230 283 283 415 415 
56 148 148 148 191 191 
159 392 482 
87 150 150 150 370 370 408 
354 
280 467 

233 233 
243 243 
84 85 85 160 160 348 348 
224 
214 349 349 455 481 
31 31 73 94 336 486 486 

413 
413 

140 140 
42 

42 42 359 
37 37 184 
72 72 72 
358 
15 271 
209 
81 82 165 165 223 
39 62 71 71 159 159 159 253 428 
22 
407 
413 
413 413 
174 413 413 
108 315 486 
207 207 
415 
46 46 145 427 452 470 

222 222 
239 

69 173 173 283 283 283 283 447 
184 184 
27 47 47 76 76 459 459 459 
67 281 298 298 421 421 506 
84 84 312 312 
314 314 481 
8 
236 236 432 
274 402 

31 31 31 41 151 184 184 184 271 273 307 411 450 450 462 502 502 508 508 
184 184 
236 267 
367 431 496 
90 326 413 466 466 503 
61 81 81 323 


193 
499 499 499 
152 262 292 292 
415 
184 
114 357 496 

62 62 
306 306 
68 
106 106 190 190 
196 
154 250 271 408 417 442 
233 
222 
225 458 
140 
103 103 103 146 146 
134 134 
46 64 133 
413 
63 432 463 

413 
86 86 198 
124 
487 
81 82 130 130 142 
17 
256 271 
159 227 257 305 

495 495 
0 46 
184 184 
58 294 294 

41 492 492 
5 50 
110 110 247 271 
39 159 219 219 274 352 405 

6 6 
39 206 206 239 239 402 

175 332 413 
26 87 87 271 271 293 297 297 306 374 412 437 470 

262 292 292 
354 
271 408 
35 45 65 74 74 119 119 119 128 161 167 174 182 182 187 187 193 196 196 220 220 222 222 251 286 286 299 299 317 318 333 334 334 335 335 358 382 385 407 439 455 455 494 
108 
116 116 129 129 177 184 184 201 230 254 254 269 269 277 283 303 303 338 365 463 
65 
250 250 250 374 
80 80 95 

98 441 
281 281 347 347 
196 196 


296 296 
184 260 291 
271 271 339 
159 330 

62 
279 357 
351 383 460 



497 
408 
236 
45 161 161 413 
76 
98 98 225 420 
218 250 271 374 468 

15 59 59 
41 
191 
344 

280 467 
41 156 354 354 462 462 
184 
25 25 25 339 464 
271 
131 219 219 232 
17 314 413 413 
184 491 491 
41 
377 
346 346 346 
211 236 236 432 

354 450 450 
63 63 383 415 
301 452 

358 358 
215 280 308 449 
442 
159 159 
339 408 
101 170 170 195 267 
273 475 

29 56 487 
5 5 5 273 472 
10 10 496 
39 39 166 188 227 
76 242 
193 193 
127 127 290 290 
314 349 
305 
30 
116 184 184 184 
39 39 302 
31 31 120 120 315 315 336 489 
56 56 235 235 388 474 
184 
486 
51 51 
126 126 456 456 
399 399 

243 413 
394 394 
100 240 240 265 357 367 476 
436 

182 182 363 363 363 

54 
134 134 271 271 354 354 
234 358 
88 
238 238 238 238 
347 
104 
5 86 354 354 
76 
188 
159 
