Nodes: 512, Edges: 720
46 395 395 
441 
183 

454 
18 18 34 50 88 184 198 198 198 255 279 279 354 475 475 475 

233 233 
196 224 350 350 

476 476 

184 202 355 
76 
117 117 117 135 
327 327 
184 
455 455 
5 5 277 

428 
31 
108 108 115 331 331 414 461 497 497 
290 
76 76 
452 452 452 
158 158 158 
76 
63 63 178 183 
474 
180 222 
21 184 354 486 
184 
192 
5 
210 210 210 210 222 222 309 309 
106 
324 324 406 415 415 
89 89 89 
159 166 166 219 219 231 241 267 302 330 402 477 485 
192 249 249 
44 85 85 137 137 156 160 184 184 399 445 450 457 457 
321 
193 
41 
413 413 
0 301 339 381 
346 346 


5 400 
490 
184 345 345 
225 225 
501 
236 
104 236 236 304 474 474 487 487 
415 
294 397 

104 236 236 236 
81 81 359 
430 
28 28 383 
381 
193 193 416 

192 281 347 347 
169 296 371 
236 
184 184 258 
330 
466 
94 94 315 

383 383 463 463 
13 24 24 27 78 78 186 186 199 208 208 228 242 299 322 322 328 346 413 413 423 440 456 478 478 
119 119 119 196 413 413 
76 76 

418 418 418 
61 61 113 184 184 184 261 289 329 359 389 394 
121 389 389 
236 236 
85 85 312 348 
41 41 84 84 160 312 
198 198 386 508 
306 
5 504 
38 38 38 


404 413 
236 
73 73 
418 
314 
171 171 290 290 
420 441 441 
256 450 
476 496 496 
140 195 
117 136 136 216 
146 379 379 425 
56 60 138 236 237 
106 184 184 190 
36 105 190 190 372 372 

22 22 336 414 

247 401 401 401 

184 
81 
181 181 181 367 367 
22 389 
184 
14 14 14 102 125 125 135 135 136 236 

77 77 77 
486 486 486 
82 143 

468 
387 454 454 454 
117 117 136 136 136 
185 491 
480 480 
448 
236 415 415 
389 389 
240 240 454 
168 

380 502 502 
14 117 117 
102 102 117 125 125 125 
41 41 184 
104 164 
381 381 381 
101 320 378 378 378 
358 413 
389 
121 

339 
103 
173 236 
191 304 
250 
248 306 306 306 408 408 
354 354 
292 

374 374 
413 
41 
233 276 
26 26 26 271 408 
39 188 188 227 231 305 330 392 428 433 469 477 511 511 511 
41 85 312 
413 413 439 439 
322 

138 300 300 300 

39 39 477 

132 413 413 
68 233 296 
471 
97 97 

147 344 344 
376 
407 407 
247 
283 415 
28 183 
287 
30 222 
114 114 114 
340 413 499 499 
2 28 178 
5 12 16 31 32 41 41 52 70 70 81 81 81 105 105 112 116 137 213 213 236 236 246 258 267 279 284 284 289 291 315 324 324 324 338 355 366 396 409 409 426 426 451 465 465 465 484 488 488 488 490 490 
126 491 491 
76 76 
413 413 
159 159 

105 106 106 372 
148 236 267 304 446 
33 40 67 236 236 281 
43 65 65 286 358 362 413 479 500 

101 236 267 
8 77 413 422 422 
496 
5 5 5 86 86 386 
76 207 

415 
12 355 

267 268 

405 
199 337 
76 76 
328 
35 35 35 35 

310 
184 184 
314 
314 314 
102 

442 442 
39 39 274 402 
413 

30 35 35 180 341 413 483 
329 
8 313 313 
53 53 259 259 377 393 419 
292 292 292 
159 305 343 392 392 
76 361 
295 295 295 509 
236 303 415 
39 159 

7 7 157 169 238 296 296 296 310 375 375 505 505 
503 

55 56 56 60 60 60 69 83 83 93 104 117 129 147 184 184 191 192 192 195 230 237 237 267 267 267 275 275 278 278 283 351 415 432 438 460 460 487 
104 236 236 
233 505 505 
342 342 405 
131 131 476 496 
39 
76 
311 413 494 494 
325 

184 
110 176 288 401 
150 
40 40 
149 442 442 
413 413 


277 277 415 
5 443 443 443 
99 354 354 391 
392 
70 184 409 
225 225 

81 
364 489 
315 

496 496 

39 184 191 195 204 236 236 236 268 471 
204 267 
415 415 
286 
158 282 282 282 297 339 354 354 374 375 375 391 408 412 427 427 502 502 

354 472 
219 
236 236 
157 
18 254 254 
236 236 
5 5 184 431 431 
449 449 
67 192 298 347 421 
271 271 271 427 
177 236 303 344 344 344 344 
184 184 

193 270 413 
179 
247 
81 184 
23 97 97 480 
184 426 
152 226 226 226 

58 397 397 
229 229 229 
68 169 233 233 233 
271 
281 
76 413 413 
164 164 164 
46 
39 485 485 485 
230 283 415 415 
56 148 191 
159 227 392 482 
87 150 150 150 370 408 


35 35 
212 233 
243 
84 85 160 348 348 
224 224 
96 214 215 215 418 418 434 
73 184 263 336 486 
444 
413 
413 413 

140 
42 323 
76 76 162 
321 
37 37 184 184 184 
244 358 

15 15 
76 209 
81 223 
39 71 159 369 369 428 428 
22 22 
407 
413 413 
413 
413 
108 315 
207 
184 415 415 
46 145 271 408 427 427 
182 
222 
239 239 
227 
173 173 283 283 283 283 447 447 
52 52 
47 47 76 459 459 
67 67 281 506 
84 312 312 
481 481 
8 8 
236 432 
402 

5 31 151 151 256 256 271 271 273 450 462 490 490 490 502 508 508 
12 184 202 

367 367 431 
141 193 325 413 503 503 
61 81 

228 
193 413 
499 
262 410 
415 
184 
114 114 357 357 496 
401 401 
330 330 
306 
68 
106 106 190 

154 154 271 417 442 
233 233 271 271 
174 
225 458 
140 140 140 
103 103 
134 
46 64 139 139 139 395 395 408 
413 413 
63 75 75 415 432 463 

413 
86 198 
124 
487 
81 82 82 115 130 130 142 497 497 497 

256 271 
159 227 227 257 305 
225 
81 
0 0 381 381 
184 
58 294 294 

41 492 492 492 492 
50 
110 110 110 247 368 368 
39 219 352 
427 
92 
206 239 
37 
175 175 332 413 
150 150 158 271 306 339 381 412 412 437 
184 184 258 
364 

271 408 408 
45 45 76 76 77 77 92 141 155 161 161 168 168 182 187 187 193 196 220 222 243 251 251 286 299 299 317 318 318 333 333 334 335 358 362 382 382 385 407 439 494 494 
22 108 
37 37 57 129 129 177 201 230 236 254 269 269 303 303 338 338 365 383 432 463 463 
65 
374 
80 80 80 95 314 314 
225 
98 
281 
196 196 
76 

103 
184 184 291 
271 271 282 339 339 403 
20 159 330 330 

62 
279 279 357 496 
236 351 383 415 460 460 
159 
314 


408 
236 
161 161 413 
76 
1 98 98 
218 218 250 250 374 
255 255 255 
316 
41 
191 
344 344 
128 
280 280 467 
41 99 354 
184 
25 25 25 464 

4 124 124 124 131 
17 17 
76 
41 41 
377 
346 346 
236 236 432 432 
22 
354 
75 75 383 415 415 
452 
184 184 184 
72 
449 
123 
159 

170 267 
273 475 

29 56 56 487 
5 5 5 472 
10 10 100 240 
39 159 166 
76 76 
193 
127 127 290 
349 349 
305 
222 
184 
39 302 302 302 
31 120 120 120 315 489 
56 56 236 388 474 
184 184 184 
262 486 
51 184 184 354 354 354 
126 185 185 
399 399 399 399 

243 243 413 413 

100 100 197 240 265 265 367 431 
22 22 389 389 389 

182 182 363 
193 
54 
134 134 271 271 354 
234 358 358 
88 
233 233 238 238 
347 

86 354 354 
229 

159 159 159 
