Nodes: 512, Edges: 720
64 395 
225 225 225 441 
111 183 189 
271 
454 
18 18 48 48 88 184 198 198 225 273 354 354 504 

233 233 271 271 271 
224 350 350 
271 
476 
264 264 
184 202 355 
76 
135 184 
327 327 
184 184 184 
390 
5 5 277 
104 
428 
31 
108 108 115 115 497 
171 171 290 290 
76 
452 452 
158 408 
346 
63 63 63 178 183 

180 222 483 483 
21 172 172 486 

192 

222 309 309 413 
106 106 
415 
89 
62 159 163 166 231 241 267 302 405 485 
192 236 249 
99 156 156 184 184 354 354 399 399 445 450 
321 321 323 



64 301 381 395 395 
346 346 
5 5 
236 
400 400 
490 
184 345 345 
225 393 
501 
195 195 
104 191 236 236 304 446 446 446 474 

294 294 294 397 
444 444 
104 236 236 

39 241 369 369 430 
28 28 28 
0 46 381 381 
416 416 
141 
192 281 347 
287 371 
236 236 252 344 344 
246 
330 330 
358 
94 94 315 315 
413 
383 435 
13 24 78 162 162 186 186 199 229 245 328 346 360 413 413 413 
196 
76 
236 
418 
82 82 113 184 261 261 289 329 389 495 
81 81 121 121 142 142 389 
237 
85 85 312 348 
84 84 312 312 
198 386 508 
306 408 408 408 
5 504 
38 128 358 
358 

413 413 
236 236 236 
73 73 315 


290 
441 
41 
197 197 476 496 496 
195 
117 117 136 493 
146 425 425 425 
19 56 60 236 237 507 
184 184 190 
36 36 190 372 372 

22 22 

176 247 
2 
184 
81 
367 
22 22 389 
415 
102 102 125 135 136 136 236 236 
364 
413 
486 486 489 
82 82 143 


387 454 454 
117 
185 185 491 

89 
236 415 

240 454 
168 
381 
502 502 502 
14 117 
102 117 117 

164 

320 378 
66 413 466 466 
82 82 389 
121 217 217 
282 

103 
236 236 
191 304 
250 
248 248 306 408 
354 
364 364 384 
325 
374 
413 
41 41 450 
233 233 276 276 
26 271 271 
39 188 188 188 205 205 227 227 231 231 257 305 305 330 392 402 428 428 428 433 469 510 511 
272 312 312 498 

76 76 322 
39 
138 300 

39 
220 220 413 
132 413 
233 
471 
23 23 290 290 290 
31 31 

335 413 413 

110 247 247 
269 300 300 415 
28 183 
287 
30 222 

340 340 413 499 
2 28 178 
5 12 14 16 16 16 41 41 52 81 105 105 112 221 236 236 246 246 267 267 279 284 289 291 291 292 307 307 315 315 324 345 354 355 355 366 396 409 415 426 456 465 488 490 490 
126 126 491 
76 76 245 245 
413 
159 159 159 477 
2 
105 106 372 372 
56 148 236 267 268 285 304 304 446 
33 40 67 236 236 281 281 281 
286 362 413 500 

55 55 101 236 236 
77 200 290 350 350 373 413 413 422 422 
100 100 496 
5 5 86 386 386 
76 
196 
236 236 
12 355 355 
271 
267 
159 159 
405 
337 

328 

460 
310 310 

215 
214 314 

143 143 
271 271 442 442 442 
232 274 402 454 454 
167 167 413 413 413 
184 
30 35 180 341 341 413 483 

8 313 350 
1 1 1 5 53 259 393 419 419 419 441 458 458 458 
292 
159 159 305 392 
245 
76 295 509 509 
303 
39 159 159 
219 454 
7 7 157 157 169 296 310 374 505 
503 503 
487 
40 49 56 56 60 60 69 69 79 93 93 93 104 117 117 129 147 147 184 184 191 192 192 195 195 201 201 237 267 275 275 344 351 351 356 356 415 438 438 487 487 
83 104 236 
505 505 505 
405 
131 
39 62 

424 424 

76 186 186 228 
70 184 184 
110 176 176 401 
150 150 408 
40 
149 374 374 417 417 
270 286 
69 

283 
443 443 443 
354 
159 392 

225 

81 81 
410 410 
315 315 
11 11 334 334 
496 496 
271 
39 184 184 191 204 236 356 356 471 
191 
177 415 415 
251 
3 7 7 7 9 158 158 203 218 218 266 282 327 374 374 375 391 401 408 412 442 453 453 502 502 502 502 
160 
5 354 472 472 472 
219 
236 236 
157 157 
18 

184 431 
467 
67 192 192 192 298 421 421 
144 271 427 427 
254 303 344 344 344 415 415 
184 
191 
193 251 413 
68 179 

81 184 
23 23 97 171 171 171 196 480 480 
184 184 426 426 
184 226 410 

58 58 58 397 408 408 
229 
233 425 425 
408 408 
281 347 347 

164 177 177 
46 464 
39 485 
230 283 
56 148 191 191 
159 159 227 392 392 482 
87 150 370 370 370 408 
184 184 354 

35 35 
212 212 233 

84 85 85 160 160 348 
224 
215 349 349 398 413 413 418 429 434 434 434 
73 73 94 184 184 263 263 336 486 486 

413 
413 

140 
42 42 323 
162 
42 321 359 359 
184 
153 358 358 
358 
15 15 271 
76 209 
81 
71 71 159 369 428 

407 
413 413 
264 264 385 413 413 
174 413 413 
315 486 
207 
415 415 
381 381 408 408 427 427 452 
182 182 
222 222 


69 69 236 283 283 283 447 447 
52 52 184 
27 47 47 76 
67 298 298 421 421 506 
84 312 
314 314 481 
8 8 196 196 224 
236 236 432 


5 5 41 41 151 184 256 273 307 411 462 508 508 
12 184 184 202 202 
236 236 267 267 
496 
72 89 90 325 325 326 503 503 
323 323 
76 

193 
499 
118 152 152 410 
415 415 
184 
114 496 496 496 
401 
62 62 330 
306 306 306 
68 
106 106 190 190 
196 
154 233 250 250 271 271 408 417 417 
271 


140 


46 64 64 133 339 339 408 
413 413 
75 415 432 463 463 
152 449 
334 413 413 
86 198 198 
124 

81 82 115 142 
17 
271 
159 227 257 305 305 
53 225 
495 
0 46 46 
184 
58 294 
314 
41 41 492 492 
50 50 
247 271 368 
159 219 
427 

39 206 239 

332 
26 87 87 87 150 248 271 294 294 297 297 306 339 339 374 381 437 470 
184 
262 262 292 364 
354 
271 
35 74 76 76 76 92 92 119 141 155 167 168 174 174 182 187 193 196 196 220 220 220 222 286 314 314 317 318 333 333 334 334 335 335 382 382 385 385 439 439 455 500 500 

37 116 129 177 184 236 269 269 283 283 338 338 365 365 383 432 432 463 
65 65 
250 250 374 374 
80 314 
225 225 225 
441 441 
281 281 347 347 
196 196 

243 243 
103 103 103 296 296 
184 291 291 
282 282 339 339 403 
20 159 159 159 330 
314 
62 
279 
351 383 415 415 
159 
314 314 314 
75 449 449 
497 
408 
236 236 
413 413 

1 98 225 420 420 
218 218 218 271 468 
255 255 255 
59 59 
41 
56 56 56 191 
344 344 

384 435 435 467 
41 156 

25 25 339 464 
271 271 
4 124 124 131 219 219 232 
413 
184 491 491 

225 225 225 

211 
497 
354 
383 383 415 
301 452 
184 
141 141 
280 449 
442 
159 
408 
170 267 
273 273 273 475 

56 
472 
10 100 
188 


290 290 
349 
305 
30 30 222 

39 302 
31 120 120 315 315 336 489 489 
235 236 236 
184 
120 486 486 
51 184 184 
126 185 456 456 
399 399 
102 

81 394 
100 100 197 265 265 357 367 367 367 
22 436 461 
160 
182 363 
193 413 413 
54 
134 134 134 271 271 271 271 
234 234 358 358 
5 88 
233 238 238 238 
347 
104 
86 354 354 
229 229 
159 
159 
