Nodes: 512, Edges: 720
64 395 
441 
91 111 183 183 189 189 
271 493 

18 34 48 50 88 184 184 225 225 255 273 273 279 354 400 400 441 475 504 504 508 

271 271 271 
196 196 224 350 350 


264 264 
184 202 

117 184 
327 444 
184 184 184 
390 
5 277 277 
104 104 

31 
108 108 115 461 
171 290 290 
76 
452 452 

76 346 
63 111 178 183 183 

180 222 483 
21 184 315 354 
184 
192 
5 
210 309 413 
106 
324 324 324 324 406 
89 89 89 
62 159 163 163 219 231 231 241 330 330 
192 236 236 
44 85 137 156 156 160 160 160 184 184 324 354 399 445 450 
321 323 
193 
41 
413 413 413 439 439 
64 301 301 339 339 381 381 395 
346 346 346 
5 

5 400 
490 
184 345 
393 
501 
236 236 
191 191 191 236 236 304 304 304 446 446 487 
415 415 
397 

104 104 104 
81 81 81 359 
39 241 241 330 369 369 430 
28 383 463 463 
0 46 
193 416 
141 
281 
169 287 371 
236 252 344 
184 246 246 258 258 

358 
94 94 

383 383 463 463 
24 27 186 186 196 208 228 245 322 322 346 361 413 440 509 


236 
314 314 418 
61 61 61 113 184 289 329 329 359 394 
143 143 329 329 389 
237 
312 
41 160 312 
198 198 386 386 508 508 
306 
5 504 504 
38 38 38 

2 189 
413 
236 236 236 
73 73 315 315 


290 
420 420 441 441 

476 496 496 
471 
117 493 
146 146 425 
19 19 60 60 60 138 138 236 237 237 

36 190 190 

22 22 414 
199 
176 176 247 401 
2 28 
184 
81 
181 181 181 360 367 
22 389 

14 102 125 125 135 135 136 136 184 236 
364 364 364 
413 
486 486 
143 
222 
468 
387 
117 117 170 
491 491 
480 480 


389 389 
240 454 
168 
381 
380 380 502 502 502 
117 117 
117 117 
41 184 
104 104 164 164 236 
381 
320 378 378 
66 358 413 413 413 466 466 
389 
82 82 121 217 
282 282 

103 103 379 
236 236 
191 191 191 304 

408 

292 292 364 364 384 
325 325 
374 

41 41 
276 276 
271 271 
39 227 231 305 330 392 402 433 433 510 511 511 
41 41 41 85 272 498 
413 
322 322 
39 39 
138 138 300 300 300 
317 

413 413 
132 413 
68 
125 471 
23 290 


335 413 413 
413 
110 110 
269 283 300 415 415 
28 183 183 
287 287 
30 
114 114 114 
404 
2 2 28 28 178 178 
5 5 12 14 16 16 16 31 32 41 41 52 70 81 112 117 137 213 213 221 221 236 267 289 289 289 292 307 307 315 324 338 338 345 345 345 354 355 366 409 415 415 415 426 426 465 484 490 
491 
76 76 
413 413 
477 
2 2 91 
106 106 
56 56 56 148 148 148 236 268 285 304 304 
33 40 236 281 281 
43 65 286 286 358 362 479 479 500 

236 267 471 
8 8 76 350 373 413 422 
496 496 
86 86 386 386 
109 

236 236 236 
12 355 355 
271 
268 

405 
337 337 478 
76 

35 
460 460 
233 
184 184 

467 

143 
271 442 
39 232 232 232 274 402 
413 
184 184 
30 122 341 376 413 483 

8 313 313 350 350 
5 5 259 377 393 419 419 441 441 458 

159 305 305 305 343 
76 
509 
275 275 
39 39 159 
219 219 219 
212 238 238 271 271 296 296 310 375 375 505 505 
503 

40 40 55 55 56 56 69 79 93 93 93 104 117 138 147 147 184 191 192 195 201 201 201 237 237 267 275 275 275 278 351 351 356 415 438 460 460 487 
83 104 104 236 236 
233 233 505 505 
342 405 
131 476 496 
39 62 62 
478 
311 311 424 494 
358 
76 
70 70 
110 288 288 401 
408 

374 
270 
69 

277 283 283 283 415 
5 443 
273 354 391 
392 392 
70 70 
225 


364 364 410 
315 
11 11 
496 
271 271 
184 195 236 356 471 
191 204 
177 415 415 415 
251 286 
3 7 7 7 158 158 203 218 233 233 266 266 282 282 287 327 354 374 375 391 391 401 401 453 
160 
5 5 256 354 354 475 475 475 
219 402 
230 230 236 236 236 
157 157 
18 18 254 
236 
5 431 431 
308 449 
67 192 192 347 347 421 421 
144 144 271 271 
177 254 254 254 303 344 415 

191 
193 193 270 413 
68 179 179 271 
247 247 
81 184 184 184 
23 23 97 171 480 
426 
152 152 184 364 410 
408 
397 399 

233 233 425 425 

347 347 

164 164 164 177 
46 46 

283 415 415 
56 56 56 148 191 191 
159 227 227 227 482 
87 370 
184 184 396 396 
280 
35 
233 
243 243 
84 85 348 
224 224 
80 80 349 398 413 413 418 429 481 481 
31 94 94 184 263 336 336 

165 


140 
42 323 323 
76 76 162 162 
42 321 321 
37 37 37 37 41 184 
153 153 358 
358 358 358 
15 271 

81 81 82 82 
39 39 62 159 369 428 

407 413 
413 
413 413 
174 413 
315 315 486 
207 207 
184 184 415 
46 46 381 408 427 427 452 464 470 470 

222 
239 
227 
69 283 
52 184 184 184 
27 47 47 47 76 
281 281 298 298 421 506 
312 
314 
8 8 196 224 224 
236 236 432 


5 31 41 184 256 271 273 273 450 490 502 508 508 508 
184 202 202 
236 267 

72 141 193 244 325 326 326 326 466 466 
61 81 
114 
76 
193 413 
499 499 
118 118 118 152 152 262 262 292 410 410 
415 
184 
114 496 
401 
62 62 330 
306 
68 

196 
154 250 271 408 417 442 442 
233 233 271 
222 
225 
140 140 
146 
134 134 
46 46 133 139 339 395 408 408 
413 413 
63 75 75 415 
152 449 449 

86 86 198 198 
124 

82 115 130 130 142 497 
17 
256 271 271 
159 257 257 
53 225 
81 495 
0 46 381 
307 307 
58 294 
314 
41 294 492 
5 5 50 
110 247 271 271 368 
159 219 274 405 405 405 
427 
182 
206 239 402 402 402 
37 
332 413 413 
150 248 293 339 374 381 381 412 470 
184 
262 292 364 364 

408 
35 45 45 45 76 92 119 141 141 141 161 167 167 168 174 174 175 187 187 196 220 222 286 314 314 332 333 334 334 335 362 382 382 407 407 439 448 448 455 494 500 
108 
57 57 177 177 184 184 184 236 254 269 269 269 283 303 303 338 365 383 432 463 
65 
374 
80 314 
225 225 
98 98 
281 281 347 
196 

243 
103 296 296 
184 184 291 
339 339 403 
330 
314 
62 
279 279 496 
351 415 460 460 
159 159 

449 449 


236 
45 45 413 
76 
1 5 98 98 225 225 
218 374 374 
255 
15 
41 
56 56 

413 413 
280 384 384 435 435 
41 354 462 

25 25 339 464 464 
271 
131 
413 
491 491 

225 

211 211 236 236 432 432 
22 497 
450 
63 63 75 75 415 
339 452 452 
184 
141 141 358 358 
215 
123 

339 339 408 
101 170 195 267 
475 475 

487 487 
5 273 273 273 472 472 
100 240 496 
188 
207 242 
193 193 
127 127 290 
314 314 
305 
30 222 
184 

120 120 336 489 
56 236 474 474 

486 
51 184 354 
126 126 185 456 456 
399 
3 102 
243 413 
394 
100 100 197 197 240 265 367 431 476 
389 461 
160 
363 363 
193 413 
54 
134 134 134 354 
234 
5 5 88 88 
233 233 238 238 
347 

5 86 86 354 354 354 
76 229 
159 
159 159 
