Nodes: 512, Edges: 720
46 46 46 64 395 395 
225 225 
91 183 189 189 
271 493 
454 
18 18 18 34 48 50 50 184 198 198 225 400 441 441 

233 271 
196 224 350 
271 
476 476 
264 
202 202 
76 76 
117 117 184 184 

184 184 
390 455 
5 5 5 277 277 277 
104 
428 

108 115 331 331 414 461 497 
171 171 290 
76 
452 452 
158 158 408 
346 
63 63 63 63 183 
474 
483 
172 184 

67 192 
5 
210 222 222 309 413 
106 
324 324 406 415 
89 
62 159 159 163 163 166 231 231 241 267 267 302 330 477 477 485 
192 236 236 236 249 249 
85 85 99 151 184 445 450 450 457 
321 
193 193 

76 413 413 
0 0 0 301 301 301 381 
346 
5 
236 
5 5 400 
490 
184 345 

299 501 501 
195 236 
191 236 304 
415 
294 294 397 397 
444 444 

81 81 359 
39 330 430 
28 28 28 28 383 383 463 
0 381 381 
416 
141 
33 281 281 
169 296 371 

184 184 258 

358 
94 94 315 315 

383 463 
13 13 24 45 78 196 207 207 208 229 242 299 322 413 413 413 423 440 478 509 
196 413 
76 
236 236 
314 418 
61 61 261 261 329 359 359 359 389 389 394 
121 142 143 143 329 
236 236 237 237 237 
348 348 
41 41 160 312 312 
198 198 386 508 
306 408 
504 
38 466 
358 358 
2 

236 236 236 
73 73 315 315 

317 
171 

41 
197 476 476 496 
140 195 471 471 
117 117 136 493 
146 146 379 
19 138 
184 190 190 190 
36 190 190 

22 115 115 115 414 

176 247 247 401 

184 184 

181 181 181 181 
22 108 108 108 
184 415 415 
14 14 102 102 125 136 136 236 
364 
122 222 222 413 
489 
82 143 
119 
468 
387 387 454 454 
117 136 
185 185 491 
480 
413 448 
236 236 236 415 
389 
240 240 454 


502 502 

102 117 117 125 

104 164 
381 
101 320 378 378 
66 413 
82 389 389 
82 82 121 
282 

103 103 379 379 
173 
191 191 304 304 
250 250 
248 306 
41 354 
292 364 364 
325 
374 
413 

233 233 276 
26 26 194 271 408 
39 39 188 188 205 305 330 392 402 402 402 433 433 469 477 477 510 511 511 
85 272 312 312 312 498 
413 439 439 
322 
39 39 
138 300 
317 317 
39 
220 
413 413 
68 233 296 

23 23 97 290 290 
31 
147 
335 413 413 
407 
110 247 247 
300 300 415 
183 
287 287 287 
222 
114 114 114 114 
340 363 404 413 413 444 
2 28 178 
5 14 14 16 16 31 41 52 70 70 105 112 112 116 213 236 246 284 289 291 307 315 315 338 345 345 345 354 354 396 396 409 409 415 415 415 426 465 465 465 488 490 
126 126 491 
245 245 

159 159 477 
2 2 
105 105 105 106 106 372 372 
56 148 148 236 267 268 268 285 304 446 
33 40 236 281 281 
43 43 286 362 479 500 500 
158 
55 101 267 471 
8 76 77 200 200 350 350 373 373 
100 496 496 
5 5 86 86 386 386 

196 196 
415 
12 12 355 

267 
159 
405 
76 76 337 
76 

35 
460 
310 
184 
215 
214 314 314 


442 442 
232 274 402 
167 413 413 

35 35 119 119 180 341 376 376 413 483 

8 313 313 
1 1 5 259 377 441 
292 
343 343 343 477 
245 361 
76 509 509 
275 303 303 415 
39 39 
219 454 
7 157 157 169 238 238 271 296 374 375 375 505 505 
503 
487 
40 40 40 49 55 56 79 79 83 83 93 93 93 117 129 129 129 184 191 192 237 267 275 278 278 283 344 344 415 432 460 487 487 
83 83 83 236 
233 233 505 505 
342 405 
131 131 476 496 
39 
76 
311 413 
325 
186 186 228 
184 
110 110 176 176 288 288 401 
150 
40 40 
149 149 374 417 417 442 442 
270 286 413 413 

330 
283 415 
443 
273 354 

70 
225 

81 81 329 
364 
315 
11 334 334 
496 
271 
39 39 191 195 204 236 268 
191 191 267 

251 286 
3 7 9 158 233 266 287 327 327 339 354 354 374 374 375 391 408 408 412 412 427 442 453 502 502 
160 
256 354 472 
219 352 
230 236 
157 
18 18 18 415 
236 236 
431 
308 
67 67 192 192 298 298 298 347 421 
144 
236 254 303 303 415 
184 
191 
193 251 270 
179 179 179 271 
247 247 
184 
23 171 171 
184 426 426 
152 226 364 

58 58 397 

68 169 233 425 
408 408 
281 281 281 347 
54 76 
164 177 177 
46 46 46 
39 
230 230 283 283 415 415 
56 148 148 191 
159 482 
87 150 370 408 408 
184 396 396 396 465 
280 
35 
212 
243 
85 85 160 160 160 348 348 348 
224 224 
80 215 215 349 349 429 434 434 467 481 
73 73 94 94 184 184 263 486 486 
444 
96 165 165 398 413 413 
413 413 413 

140 
42 
76 162 
359 359 
37 37 
153 244 358 358 503 503 

271 271 

81 82 261 
39 62 159 253 
22 22 
407 413 
413 
264 264 385 
174 413 
486 
207 
184 
271 408 427 427 452 452 464 470 470 
182 
222 
239 
227 227 227 
236 236 447 
52 184 184 184 
27 47 
281 298 421 
84 84 312 312 312 
314 314 481 481 
8 196 196 

274 
456 
151 184 184 256 271 271 273 411 450 450 462 502 502 508 508 
202 

496 
72 90 90 325 325 466 503 503 503 
61 81 81 81 323 323 

228 
193 
182 499 499 
118 152 152 262 292 410 
415 


401 401 401 

306 
68 
190 190 
196 196 
154 233 250 271 271 408 442 
233 233 271 
222 222 
225 
140 140 
103 146 146 

46 64 64 139 395 408 408 
413 
63 63 75 463 

334 
86 198 198 
124 124 

81 81 130 142 142 497 
17 
271 
159 

81 495 
0 0 381 
184 184 307 307 307 
58 58 294 
317 
492 492 
5 50 
110 247 368 368 368 
159 159 159 219 
427 
182 
206 239 
37 
175 332 413 413 
26 87 158 271 271 297 297 306 306 339 374 381 381 412 437 470 470 470 
184 184 
364 
354 
271 271 408 
35 45 45 76 76 76 77 119 128 141 155 161 168 168 174 174 182 182 220 220 222 243 251 251 317 317 318 318 318 332 333 335 382 407 407 439 439 494 500 500 
22 108 
37 57 116 116 129 177 184 184 184 201 230 236 254 277 283 303 303 365 432 
65 
250 250 
80 

441 441 
281 347 

76 

296 
184 291 291 
271 339 339 403 
20 
314 
62 
279 496 
236 415 460 
159 159 
314 314 


408 

161 161 413 413 
76 
5 5 225 420 420 
218 218 250 250 271 374 468 
255 
59 59 182 316 
41 
191 
344 
128 

41 41 354 354 

25 25 339 339 464 
271 
4 124 124 131 232 
17 
353 491 
41 


211 236 432 
22 
354 
63 75 383 
339 452 
184 184 184 307 
89 358 
314 
123 442 
159 
339 339 408 408 408 
101 101 195 
273 475 

29 487 
472 
10 10 100 100 240 496 
39 39 159 159 188 227 
76 
193 
127 
314 349 349 
305 
30 222 

39 
315 315 336 489 
235 236 236 474 
184 
120 486 
51 184 
126 185 456 
399 399 
3 102 
413 
394 
100 197 197 240 265 357 431 476 
22 389 
160 
363 363 
193 193 413 413 
54 54 
134 134 271 271 354 354 
234 325 325 358 358 358 
88 
233 233 238 238 


86 354 354 
76 229 229 
159 
159 159 
