Nodes: 512, Edges: 720
46 46 46 
225 441 
91 91 111 183 183 183 189 
493 
454 
18 34 34 88 184 198 198 225 225 255 273 273 279 279 354 400 400 441 441 475 504 508 
404 
233 271 271 
224 313 350 350 

476 
264 264 
184 202 202 355 355 
76 
117 117 184 184 
327 327 
184 
455 455 
5 277 277 
104 
428 
31 
115 414 414 461 461 497 
171 171 290 290 
76 76 
452 452 
158 158 408 
346 
63 178 178 178 

180 180 222 483 
21 172 184 315 315 354 354 486 489 

67 192 
5 5 
309 309 413 

324 406 415 

159 166 166 166 219 219 219 231 267 302 330 330 402 405 405 477 485 
192 236 236 236 249 
44 85 85 85 137 137 151 151 156 156 160 160 354 399 450 450 457 

193 
41 

0 0 0 64 301 339 395 
346 346 

236 
400 

184 184 345 345 
393 
76 76 501 
236 236 
236 304 446 446 446 487 487 

397 

104 104 236 
81 359 359 
241 330 330 430 
28 463 
46 381 
193 
141 
33 281 281 
287 371 371 
344 344 
184 246 258 


94 
413 413 413 
383 435 463 
13 24 24 54 54 162 186 199 208 208 228 228 245 314 322 322 328 346 346 360 360 361 413 413 456 
413 

236 

61 82 82 113 113 184 261 289 289 329 329 359 389 
81 81 121 121 142 143 329 389 
236 236 237 
85 
41 41 41 84 160 
198 198 386 386 508 508 508 
306 306 408 408 
5 504 504 

358 
2 2 

236 
73 
418 418 
314 
171 171 290 290 
441 

197 476 496 
140 195 471 471 
117 136 216 493 
146 146 379 425 
19 60 60 236 507 507 
184 190 


115 414 

176 401 401 
2 
184 184 
81 81 
181 181 367 367 
22 108 389 
184 
14 14 102 135 136 184 
364 

486 
82 82 

468 
454 

185 473 491 491 
480 480 
413 
236 
389 
240 240 454 

381 
502 502 
117 
102 117 
41 41 184 184 
164 
381 
101 320 378 
66 413 466 466 
82 389 
82 


103 103 379 
236 
191 
250 250 
248 248 248 408 408 
41 41 354 354 354 
292 364 
325 
374 
413 
41 41 
233 276 
26 26 194 271 408 
39 188 231 231 330 330 330 428 433 469 469 477 477 
41 41 85 312 
413 413 439 
76 322 

138 300 
317 317 
39 39 39 477 477 
220 413 
413 413 
233 
471 
23 23 97 97 
31 
344 
222 335 413 413 
407 413 
110 
283 300 300 415 
28 28 28 183 183 183 
287 287 
30 30 222 222 222 
114 114 
220 340 363 404 413 499 499 
2 2 2 178 178 178 
5 12 14 14 16 31 52 52 70 81 105 112 112 116 117 137 137 213 213 221 279 307 315 315 324 338 338 354 354 355 355 396 409 409 415 426 484 488 488 488 490 490 490 
126 491 
76 
413 413 
159 477 510 
2 
105 372 372 
148 236 267 267 285 304 446 
33 40 236 281 
43 65 286 358 358 362 362 413 413 413 500 
158 
101 236 267 471 
290 373 413 422 
100 496 
5 5 86 86 386 386 
76 

415 
12 12 355 
271 
267 

405 
337 
76 76 


460 460 
310 
184 184 


102 

271 442 442 
39 39 39 232 274 274 454 
167 182 413 413 
184 
30 174 180 180 180 376 376 483 483 
329 329 
8 350 
1 5 5 259 259 259 393 419 419 441 458 
292 
305 305 343 
76 76 
295 295 509 
236 236 303 
39 159 159 
219 
7 157 169 271 296 296 310 374 374 375 505 505 505 505 


40 40 40 49 55 55 56 60 79 83 83 93 104 129 147 191 192 195 230 230 275 275 278 278 283 351 356 356 415 415 415 487 
83 
505 505 505 505 
342 405 
131 131 476 476 476 496 
62 

311 424 
358 
76 
70 
288 401 
150 150 150 
40 
149 149 417 417 442 
270 286 413 

330 330 

5 443 443 
273 

70 409 
225 225 225 
426 
81 

315 
11 11 334 
496 
271 
39 191 191 195 204 471 471 

415 415 
251 
7 7 158 203 218 233 266 282 287 287 297 327 354 354 374 375 391 401 412 

5 5 256 472 475 
219 219 352 
236 236 
157 
18 18 415 
236 236 
5 5 184 431 431 431 
308 449 
67 67 192 347 421 
271 
177 236 303 303 344 

191 
193 251 413 
68 179 179 271 271 
247 
81 81 
23 23 97 97 196 
426 
152 226 364 364 410 410 
408 
408 
229 229 
233 233 
271 
347 347 

164 177 177 
46 464 
39 
230 283 283 415 415 
56 191 
227 227 392 482 
87 87 370 370 370 
184 354 
280 
35 35 
212 233 
243 
160 348 348 
8 
76 96 398 398 413 418 418 429 434 455 481 
31 31 184 184 263 336 336 486 486 
444 
165 165 413 
413 

140 
323 
76 76 162 
321 359 359 
37 184 
153 503 503 

15 15 271 
76 
81 81 82 223 223 
39 39 62 62 159 159 159 253 253 369 369 428 

413 

264 413 
174 
315 315 486 486 
207 
184 184 
46 408 427 452 452 
182 

239 
227 
69 69 173 283 447 447 
52 52 
27 47 47 76 76 
281 298 298 421 421 506 
312 312 
481 
8 8 224 
236 432 
274 402 

5 31 31 41 151 151 151 184 184 271 271 307 411 450 
12 12 184 184 202 
236 236 
367 431 496 496 
90 193 193 244 413 413 
61 61 81 323 323 
76 76 
76 
193 193 413 
182 499 499 
118 152 292 292 410 
415 

114 114 357 
401 
330 330 
306 306 306 
68 68 
190 190 
196 
154 233 233 271 417 442 
233 271 
222 222 
458 
140 
103 146 

64 133 139 408 
413 413 
75 415 415 463 463 

413 
86 86 198 198 

487 
81 82 115 130 142 497 

271 
305 
53 225 
495 
46 
184 
58 
314 314 
41 492 
5 5 50 
110 110 247 271 368 
39 352 405 
427 
6 182 
39 39 206 239 402 
37 
175 
26 87 87 150 150 158 293 294 339 381 412 412 470 
184 184 258 
292 292 364 
354 
271 408 408 
35 74 74 74 76 76 77 128 141 155 161 161 167 168 168 174 174 175 182 187 187 193 193 193 196 220 220 251 286 314 317 318 332 334 358 358 362 382 382 385 448 448 494 494 
22 22 108 
37 177 184 201 236 236 236 269 269 277 303 303 365 383 383 463 463 

250 250 374 
95 95 314 314 
225 225 
441 
281 347 347 
196 

243 
103 
184 260 291 
339 403 
20 159 330 
314 
62 
279 279 279 357 496 
351 
159 
314 
75 449 



161 

1 5 5 98 225 420 
218 218 250 374 468 
255 255 
316 

56 56 56 191 
344 344 
413 413 
280 435 
41 41 354 

25 25 339 339 464 464 464 

4 124 131 219 
17 17 314 
76 491 491 
41 
225 377 

211 211 
22 22 497 497 

63 75 383 383 415 415 
301 452 452 452 

141 141 

123 442 
159 159 
408 
101 101 170 195 267 267 
273 
126 

5 273 
10 100 240 240 240 496 496 
39 159 159 166 166 188 


127 127 
314 349 
305 
30 222 222 
184 
39 
31 120 315 315 336 336 489 489 
56 56 236 388 
184 184 184 
31 486 486 
184 184 184 
126 126 185 456 456 
399 
3 102 
413 413 
394 
100 197 240 265 357 357 431 476 476 
22 389 461 461 

182 182 363 363 
193 
54 
134 134 
325 325 
5 88 88 
233 233 233 233 238 238 238 238 
347 
104 104 
5 86 86 86 
229 
188 

