Nodes: 512, Edges: 720
46 46 46 64 395 395 395 
225 225 225 225 441 
111 111 183 183 189 
271 

18 18 34 50 88 184 184 198 198 225 273 273 279 400 475 508 
404 404 
233 233 
224 313 313 350 350 
271 271 
476 

184 184 355 
76 76 
135 184 

184 184 

5 5 277 
104 104 
428 
31 
108 108 115 115 331 331 
171 
76 
452 
408 408 408 
76 76 
63 63 
474 
180 180 222 222 483 
21 184 315 315 354 486 489 
184 
67 192 
5 
210 210 222 309 
106 
324 324 406 406 415 

62 159 219 231 241 267 302 302 330 405 405 477 485 
192 192 236 249 
85 85 99 99 160 184 324 399 399 445 450 457 457 
321 323 


413 413 
0 0 0 64 301 381 381 395 
346 

236 
5 400 
490 
345 
393 

195 
191 191 304 474 487 
415 
397 
444 
236 
81 81 359 359 
39 241 241 369 369 430 
28 28 383 463 
0 46 381 381 
193 

33 281 
169 287 287 
236 
246 246 258 
330 
358 
94 94 315 
413 
383 383 463 
13 13 24 27 27 162 186 228 229 242 242 245 299 322 322 328 361 501 
119 

236 
418 
61 61 82 113 289 329 359 389 389 389 394 495 
81 121 121 142 143 143 389 
236 237 
85 312 348 
41 41 84 
198 386 386 
306 306 408 
5 504 



413 413 
236 
73 73 315 
418 

171 171 290 
420 441 
41 41 450 
476 476 496 
195 195 471 
117 216 493 
146 379 379 425 
19 19 138 138 237 
106 106 184 184 190 
36 105 105 190 190 

22 22 115 336 414 
207 
247 401 401 
2 2 
184 
81 
181 181 367 
22 22 108 389 
184 415 415 415 
102 135 135 136 184 184 
364 
77 
486 489 
82 82 143 


387 387 454 454 

185 491 
480 
413 413 448 
236 415 
389 



380 380 502 502 
14 117 117 
117 

104 104 164 164 
381 
378 378 378 378 
358 
82 389 389 
82 82 121 217 
282 

103 379 
236 236 
191 304 
250 250 
248 306 
354 
292 
325 
374 
413 413 

233 276 
271 271 408 408 
39 188 188 231 305 330 402 402 428 428 428 469 477 
41 272 272 272 498 498 498 
413 439 439 
76 322 

138 138 300 300 300 

477 
220 
413 
68 233 233 296 296 
471 471 
23 97 97 

344 344 
335 413 
407 407 413 
247 
269 300 415 
183 
287 
30 30 222 
114 114 
363 413 499 
2 2 178 
5 5 12 12 14 16 16 31 32 41 105 105 112 116 117 117 213 236 246 246 258 279 289 289 291 291 307 315 324 338 338 345 345 345 354 355 355 366 396 409 415 426 465 465 484 484 488 488 490 
126 491 
76 440 
413 
159 159 477 
2 404 
105 106 106 372 
56 56 148 236 236 236 267 268 268 285 285 304 446 446 
33 40 40 
65 358 362 362 413 413 500 

55 101 101 236 267 471 
200 290 350 373 

5 5 86 

196 
236 415 

271 
267 

405 405 
109 


35 35 
460 
233 
184 


102 
143 
271 271 442 
39 232 232 274 454 
167 413 

30 30 35 180 341 341 
329 329 
8 313 313 350 
1 1 1 1 5 259 377 377 393 393 419 
292 
305 343 343 343 392 392 477 477 
76 
76 295 509 
236 236 415 415 415 
39 159 
219 219 454 
7 7 157 169 169 212 271 271 296 296 310 374 374 375 505 

487 
40 49 60 69 79 83 93 129 147 147 184 191 191 191 195 201 230 230 267 267 275 278 283 344 351 351 415 415 432 487 
83 104 
505 
342 342 405 405 
496 
39 62 62 
76 76 
311 494 
325 358 
76 
70 70 184 184 
110 176 401 
150 408 408 
40 
149 149 374 374 417 417 442 
286 286 413 

330 330 
283 283 415 
443 443 443 443 
354 354 
392 
70 184 
225 

329 329 
364 

334 334 
496 
271 271 
39 191 195 204 236 236 356 
191 191 
177 415 415 
286 286 
3 9 9 158 158 203 218 218 233 233 266 266 282 287 297 327 339 374 374 375 375 391 412 412 427 442 453 453 502 502 
160 160 160 
5 5 354 472 475 
219 402 
236 
157 
18 415 
236 
5 184 431 431 
308 
67 347 421 421 
144 271 427 
236 254 254 415 415 

191 191 
251 251 270 270 413 
68 68 179 271 

81 184 184 
97 196 480 
184 184 426 
152 226 364 410 410 
408 
397 
229 
169 169 233 233 
271 408 
347 
76 413 
164 164 164 177 
46 
39 39 
415 415 
56 148 191 
159 227 392 482 
87 87 150 370 370 370 370 
184 396 465 
280 
35 
233 
243 
84 348 348 348 
8 8 224 224 
349 384 413 434 481 481 481 
31 31 73 94 184 336 486 

413 
413 413 
354 

42 
76 76 162 
42 
37 37 41 184 
153 244 358 
358 
271 
76 
81 223 223 261 261 
39 71 159 253 253 369 428 
22 22 
407 413 
413 
264 264 385 
174 
108 315 486 486 

184 184 
271 381 381 470 470 

222 222 
239 239 
227 227 227 
173 173 236 447 
52 184 184 184 
47 459 459 
281 298 421 421 506 
84 312 312 312 
314 481 
8 8 196 224 
236 236 
402 402 

31 151 184 256 256 273 319 411 450 462 502 502 508 508 
12 184 184 
267 
431 
72 141 193 244 325 326 413 466 503 503 
61 61 81 

76 
193 193 413 413 
182 499 
118 262 292 410 

184 
114 496 496 
401 
62 62 330 
306 306 306 306 

190 
196 
154 233 233 250 250 271 271 408 442 442 
233 271 271 

225 225 458 458 
140 140 140 140 
103 103 146 
134 134 
46 46 64 64 139 339 339 395 408 408 
413 
63 75 75 432 
314 
334 413 413 413 
86 86 
124 124 
487 
81 81 81 82 115 130 142 142 497 

271 
227 227 257 305 
53 225 225 
81 495 495 
0 0 0 46 381 
184 307 
58 294 

41 41 492 
5 50 
110 110 247 368 
159 159 274 352 352 

6 6 189 
39 39 206 206 239 239 
37 37 
175 175 332 413 
26 26 26 87 158 158 248 248 293 297 374 381 381 437 437 470 470 
184 
292 292 364 
354 
271 271 
45 45 74 92 92 128 128 155 155 161 168 174 175 182 187 193 193 220 251 286 299 314 317 318 318 332 333 358 362 362 382 385 385 385 407 439 
108 
37 57 116 116 116 129 177 184 201 230 230 230 236 236 254 269 269 277 283 283 303 303 463 

250 250 
80 95 
225 
98 441 
281 281 347 347 



103 
184 291 
271 282 
20 159 159 159 330 

62 
279 279 357 496 496 
236 383 460 460 

314 


408 408 

161 161 413 
186 
1 98 420 
218 250 271 374 374 468 468 
255 255 255 255 
59 
41 
191 191 
344 
128 
467 
41 99 354 

25 464 464 
271 271 
124 124 219 232 

491 
41 41 
377 377 
346 346 
211 432 432 

354 
63 75 415 
452 452 
184 184 307 
358 
449 
442 442 
159 
339 339 408 408 
101 170 170 195 
273 475 475 

29 56 487 
5 273 472 472 
10 100 100 496 
39 159 166 188 227 227 


127 290 
314 314 314 349 
305 
30 
184 184 
39 
31 120 315 336 336 489 
56 235 236 388 474 
184 184 
31 120 486 
51 184 
126 185 456 
399 
102 
243 
81 394 394 
100 240 265 367 367 431 431 476 
389 
160 160 160 
182 363 
193 
76 
134 134 271 271 354 354 
358 358 
88 
233 238 
347 

5 354 354 
229 


