Nodes: 512, Edges: 720
395 395 395 

111 183 189 
493 493 
454 454 
18 34 48 50 184 184 225 255 273 354 475 504 508 508 

233 233 271 271 
196 313 350 350 
271 271 

264 264 


184 


390 
5 277 

428 428 

115 331 414 497 497 
290 290 290 

452 

346 
63 111 183 

180 222 222 222 483 483 
172 172 184 315 315 354 486 
184 
67 192 
5 
210 222 

324 415 
89 89 89 358 
159 163 166 219 231 231 241 241 302 330 330 402 477 477 477 485 
192 192 236 236 249 
85 85 137 151 156 160 184 324 324 399 445 445 445 450 450 457 457 
323 
193 

76 413 413 
64 339 381 395 
346 346 346 
5 
236 236 236 
5 400 

184 345 
225 
76 501 501 
195 236 
104 236 304 304 446 446 446 474 487 487 
415 415 
397 397 
444 444 
236 
81 359 
241 330 369 430 
28 463 463 463 
46 381 
416 
141 141 
33 192 281 347 
169 287 287 296 371 371 
236 344 344 
246 258 

358 358 358 
94 
413 
383 383 463 
45 54 78 109 162 196 199 199 228 229 245 322 322 361 361 413 413 423 509 
413 
76 
236 
314 418 418 
61 82 113 184 184 184 329 329 394 394 495 
81 142 142 143 329 389 389 
236 236 237 
85 312 312 
41 41 84 160 312 
198 386 386 386 
306 306 408 

38 38 38 128 
358 

182 404 
236 236 236 
73 315 
418 
314 
171 171 171 290 290 
420 441 
256 450 
197 476 476 
140 140 140 195 
136 216 493 
379 379 425 425 
56 236 507 
184 190 
190 372 

115 336 
76 199 
247 247 247 401 
2 28 

81 
181 
22 108 

125 125 135 136 184 236 
364 
122 122 222 222 
489 489 

119 119 

387 454 
117 117 136 136 


89 413 
236 415 415 
389 
240 240 
168 168 
381 381 
502 
117 
102 117 125 125 
41 
236 236 
381 381 
101 101 101 378 
66 66 358 413 466 
82 82 389 
82 217 
282 
339 

236 
191 

408 
41 354 
364 364 384 384 384 
325 


41 450 450 
276 
194 
39 188 205 205 205 231 231 231 330 402 428 433 433 477 477 510 511 511 511 
41 85 272 498 
413 413 439 
76 322 322 
39 
300 

39 477 
220 220 220 413 413 
132 132 
68 233 296 
471 471 
97 97 97 290 
31 31 
344 
222 222 376 
413 
247 
283 300 415 415 
183 
287 
30 222 
114 
92 220 444 499 
2 28 178 
5 5 14 31 32 41 52 81 81 81 105 117 246 246 258 279 284 289 291 307 315 324 355 355 396 396 409 409 415 415 451 465 484 488 488 490 490 
491 491 491 
245 
413 
159 477 
2 
105 106 372 
148 267 285 304 304 
33 40 40 67 236 236 281 281 
43 286 413 479 500 500 
158 
55 101 236 236 267 471 
8 76 200 290 290 350 
100 496 
86 386 
76 76 109 
196 
236 415 415 415 
355 355 
271 
267 267 267 
159 159 159 

337 478 478 

328 
35 
460 
233 233 310 

215 215 
214 214 467 
102 
143 
271 271 442 
39 232 
167 167 167 182 

30 30 30 35 119 119 174 174 180 341 413 413 

313 
5 53 419 441 441 458 
292 292 
305 343 
76 
76 295 

39 39 159 159 159 
219 454 454 454 
7 7 169 212 212 238 271 296 296 374 505 505 505 505 


40 40 49 49 49 55 56 60 69 79 83 83 93 93 93 104 117 129 138 138 147 192 192 195 195 201 267 275 275 344 344 356 356 415 415 432 460 487 487 
83 
233 505 
342 405 
131 131 476 496 
39 39 62 

311 413 424 494 494 494 
325 358 
76 186 
70 184 184 
110 110 110 176 288 288 401 

40 
374 374 417 442 442 
270 413 


277 277 415 415 
5 443 443 
99 354 

70 184 



410 489 
315 
11 11 334 334 
496 496 
271 
191 195 204 204 204 236 268 
267 

251 286 
7 7 9 9 203 218 218 233 266 282 287 297 327 327 354 374 374 375 375 391 391 401 408 408 427 442 442 453 502 
160 
5 354 475 
352 
236 236 
157 
18 254 254 415 

184 431 
449 467 
67 192 192 298 298 421 421 421 
144 271 427 
177 415 415 
184 
191 
193 270 413 413 413 
68 68 179 271 
247 247 
184 
23 23 23 97 97 171 196 196 
184 
226 226 364 410 
408 
397 408 
229 
68 169 233 233 
271 408 408 
281 281 347 
413 
164 177 

39 485 485 
415 
56 56 191 191 
227 392 392 482 
87 87 370 370 370 370 370 
184 396 465 
467 

212 
243 
84 84 85 348 348 
8 224 
80 96 317 398 398 413 418 455 455 
31 31 94 184 263 486 486 
444 
314 413 
413 413 


323 
76 76 162 162 
42 321 359 359 
37 41 41 184 
153 244 503 
358 358 
271 271 
209 
81 81 82 
39 39 62 159 369 369 428 428 
22 
407 
413 
264 264 385 

108 486 486 
207 
415 
46 145 381 381 408 427 470 

222 
239 
227 
69 69 173 236 236 447 
52 
27 47 47 47 
67 298 421 
312 312 
481 
8 8 196 
432 432 
274 

5 31 151 256 271 273 411 411 450 450 462 462 
184 184 202 202 
236 236 
367 
38 72 72 72 90 141 244 326 326 466 
61 323 323 

76 76 
413 
499 
118 152 152 292 410 410 
415 

357 496 496 
401 401 401 
62 330 330 
306 306 306 306 306 
68 68 
106 190 

233 250 250 271 271 442 
271 271 
174 

140 
103 103 

46 64 133 133 139 139 339 339 395 408 
413 413 413 
75 75 432 463 463 463 
152 152 152 
334 413 
86 86 86 198 
124 
487 
82 82 130 142 
17 
271 271 
305 305 

81 81 495 
0 0 0 46 381 
184 184 307 
58 58 294 
314 314 
41 492 492 
50 
110 247 271 368 368 368 
39 159 405 
427 
92 
239 402 

332 413 
87 150 271 271 293 294 297 297 339 381 437 470 
184 184 
262 292 364 364 
354 354 

45 45 74 76 76 77 128 141 161 161 167 167 175 187 193 222 222 243 251 286 286 286 299 314 317 318 318 333 362 382 382 382 385 407 439 439 448 494 494 500 500 
22 
37 57 57 129 129 177 177 184 184 201 201 201 236 236 254 254 277 283 283 303 338 365 432 463 463 
65 
250 
80 80 95 314 
225 
98 441 
281 281 281 347 

76 
243 
103 103 

271 282 339 403 
20 20 159 330 330 

62 
279 496 
236 351 351 383 415 460 
159 159 

449 

408 

161 413 413 

98 225 225 420 
218 250 250 271 271 374 
255 255 
59 59 182 316 
41 41 41 
56 56 56 
344 
413 
280 435 
41 41 99 156 156 354 354 462 
184 
25 464 
271 
4 4 124 232 232 232 
314 314 
491 
41 41 
225 

211 236 432 
497 
354 354 450 
63 63 63 75 383 383 383 415 415 
452 
184 307 
141 358 
215 280 308 


339 408 
170 170 195 
475 475 

56 
5 273 472 472 
100 100 240 
39 39 39 159 159 166 188 
207 207 
193 

349 
305 
30 30 
184 
39 302 302 
31 315 315 336 336 489 489 
56 56 236 236 388 
184 184 
120 120 262 486 486 
184 184 
185 185 185 456 
399 399 
3 3 102 
243 243 243 413 413 
81 394 
197 240 265 265 367 367 431 
22 22 461 
160 
182 363 
193 193 413 413 
54 54 
134 271 
325 
5 
233 233 233 233 238 

104 
5 5 
76 
159 
159 159 159 
