Nodes: 512, Edges: 720
46 46 46 395 395 395 
225 441 
91 111 183 183 189 
271 493 493 
454 
18 18 34 48 50 50 88 184 198 198 198 225 225 354 400 400 508 
404 404 
233 233 
224 224 313 350 
271 
476 
264 264 
202 
76 
117 117 135 
327 327 
184 
390 455 455 
5 5 277 277 277 

428 
31 
108 108 108 115 414 461 497 
290 
76 
452 452 
158 158 158 408 408 
76 76 76 346 
63 63 178 

180 222 222 483 
21 172 184 354 354 489 
184 
192 
5 
222 309 309 

324 324 324 406 415 415 
89 89 
159 219 219 231 241 241 302 302 330 330 402 405 405 
192 249 249 
85 151 151 156 156 160 160 184 324 324 354 457 
321 323 323 
193 193 

413 
0 0 0 64 301 301 339 339 381 395 

5 
236 
5 5 400 
490 


76 
195 195 195 236 
191 236 304 446 474 487 
415 415 
294 294 
444 444 
236 236 
81 81 359 
330 330 369 369 430 
28 28 
46 381 

141 141 
192 192 281 281 
169 287 296 296 371 
236 344 

330 
325 358 
94 94 
413 413 
383 435 463 463 
13 24 27 27 27 54 78 162 208 208 228 229 242 245 299 322 322 322 322 328 346 346 413 440 456 478 478 501 509 
119 119 
76 
236 236 
314 418 
61 61 113 113 184 261 289 359 394 495 
121 121 143 329 329 
236 237 237 
85 348 348 
41 84 
198 198 386 386 508 508 
306 
5 504 504 504 
38 38 358 
358 
2 189 


73 73 
418 
314 

420 420 441 
450 
197 476 496 
140 471 
117 136 136 136 216 493 
146 379 
138 237 507 
106 190 
105 372 

22 22 22 115 115 

401 401 
2 
184 
81 81 
367 
22 108 108 
415 415 484 
14 14 102 125 125 125 
364 
77 77 122 222 413 
486 
82 82 
119 
468 468 
454 
117 117 117 136 136 
491 
480 480 
413 448 448 
236 

240 454 454 
168 
381 
502 502 
14 
102 102 102 125 125 
184 184 
104 164 236 
381 
101 320 320 378 
66 66 413 413 

82 
282 282 
339 
103 379 
236 236 
191 191 304 

248 248 306 306 306 306 408 
41 41 354 354 
292 364 
325 
374 

41 41 450 

26 26 26 271 
39 188 205 305 330 428 433 433 477 477 510 510 511 511 511 
41 41 272 272 312 

76 322 322 

138 300 300 
317 317 317 
477 477 
413 413 
132 
68 296 

290 290 
31 
344 344 
376 376 376 

247 
283 300 415 
28 183 183 
287 
30 

220 340 363 404 413 444 499 
2 2 178 178 
5 16 31 32 41 81 112 137 137 221 221 236 246 246 246 258 279 279 279 292 307 315 315 315 338 345 354 355 355 366 396 415 
491 
245 440 
413 413 
159 
2 91 
105 
56 148 148 236 236 236 267 268 285 285 304 
33 40 67 67 236 281 281 
43 43 286 413 479 500 

55 55 55 236 236 236 267 267 
290 290 413 413 422 422 
100 
5 5 5 86 86 386 


415 
12 
271 
267 267 267 268 
159 


76 76 
328 328 


310 310 

314 
467 
102 

271 442 442 
39 39 232 274 274 402 454 
182 
184 184 
30 30 35 119 341 413 483 
329 
8 8 350 
1 5 5 377 393 441 458 
292 292 
305 
76 245 
76 
236 275 275 275 303 
39 
219 
7 7 296 310 375 505 505 505 505 
503 
487 
49 55 56 60 60 69 79 79 83 129 138 147 147 184 191 191 191 192 195 195 195 230 237 267 278 283 351 351 356 438 460 487 487 487 
83 83 104 236 
505 
342 342 405 405 
131 476 476 496 496 
39 39 
76 
311 413 413 494 
325 325 358 
76 186 228 
184 184 184 
176 288 288 
150 150 293 
40 40 
374 417 
286 413 

330 
277 277 283 
443 443 443 443 
273 

184 


81 
489 
315 315 
11 11 334 
496 
271 
191 195 195 204 204 204 236 268 356 356 356 471 
191 204 267 
415 415 415 
286 
3 9 158 203 218 266 282 282 287 297 339 354 374 375 391 391 401 401 412 412 427 442 453 453 502 
160 160 
256 
219 219 352 402 
230 230 230 

18 18 18 254 254 415 
236 
184 184 184 431 431 431 431 431 
308 467 467 
67 67 192 192 298 347 347 421 
144 144 271 271 427 427 
177 236 254 344 415 415 415 

191 191 
193 251 270 413 
68 179 271 
247 247 
81 
23 171 171 196 196 480 
426 426 
152 184 226 226 364 
248 
58 58 

68 68 169 233 425 425 
271 
281 347 
76 413 
164 164 177 
46 46 
39 39 485 
230 415 
56 148 191 
159 227 392 482 
87 150 150 150 150 370 
184 396 
280 
35 35 
212 212 233 
243 
160 348 
8 
80 96 214 349 349 418 418 434 449 481 481 
184 184 184 263 263 336 486 
444 444 
165 165 165 


140 140 
42 323 323 
76 76 76 76 162 162 
42 42 321 321 
37 37 37 41 41 
72 153 244 244 
358 358 
15 15 
76 209 209 
82 82 223 
39 39 62 62 71 159 253 369 369 428 

413 

264 385 
413 413 
315 486 

184 
46 46 145 271 381 408 427 452 470 
182 
222 
239 239 

69 173 173 283 447 447 
184 
27 76 76 459 
281 281 298 421 506 
84 84 312 
314 314 481 
8 224 
236 236 
274 402 402 
456 
5 31 31 41 151 151 184 271 411 490 490 502 502 508 
184 184 
236 267 267 267 
431 431 
72 89 90 244 326 326 503 
61 81 


413 
182 499 499 499 
118 152 292 410 
415 
184 
114 496 
401 401 
62 62 330 330 
306 
68 
106 

154 250 271 417 
233 271 
174 174 174 
225 
140 
103 146 

46 64 133 139 339 
413 413 
75 415 415 432 463 

334 413 413 
86 86 198 

487 
497 497 
17 
271 271 
305 
225 
81 495 
0 0 0 46 
184 307 


492 492 
5 5 50 
110 110 271 271 368 368 
39 219 274 352 352 405 

6 6 182 
39 39 239 239 402 
37 
413 
26 26 150 339 470 

364 
354 
271 271 
45 74 74 76 119 128 141 141 167 167 182 187 187 193 196 196 222 243 243 251 286 299 332 335 335 362 382 382 385 385 407 439 439 455 455 494 494 
22 
37 37 57 57 116 116 177 184 201 269 269 269 277 283 283 283 303 365 383 383 432 463 

250 374 
80 95 314 314 

98 98 441 441 
281 347 
196 196 


296 296 
291 291 
271 282 282 339 
20 159 330 

62 
279 279 279 279 279 357 357 496 
383 415 
159 159 
314 
75 
497 

236 
413 413 
76 186 
1 98 225 420 420 
218 218 271 
255 255 255 255 
59 59 182 316 316 

56 
344 344 
128 128 
314 
99 156 462 

25 25 339 464 464 
271 271 
4 124 131 131 219 
17 17 413 413 
76 353 
41 
225 
346 
236 
22 
450 
75 75 383 415 
452 452 


215 280 280 
123 123 

339 408 
101 267 
475 475 475 

56 
472 472 472 
10 100 240 240 496 496 
159 159 166 166 
76 76 
193 
127 127 290 
314 314 349 
305 
30 222 
116 
302 
120 315 336 
56 235 236 236 236 388 

31 262 
51 354 354 
126 185 
399 399 
3 3 102 
243 413 413 
81 394 
100 240 240 265 367 431 476 476 
22 389 389 436 

182 363 363 363 
193 
76 
134 134 271 354 354 
234 358 
88 88 88 
233 233 233 233 238 
347 
104 
5 86 86 354 
76 
159 159 
159 159 159 
