Nodes: 512, Edges: 720
46 46 395 395 
225 
183 183 189 189 
271 493 

18 48 88 88 88 184 225 225 255 273 279 354 441 441 508 508 
404 
233 271 271 
224 224 313 350 
271 


184 202 

117 117 184 184 184 
327 
184 

5 277 
104 104 104 
428 
31 
115 331 461 
171 171 
76 
452 
158 408 
346 
63 63 111 178 

222 483 
21 184 184 354 354 486 486 
184 184 
192 

210 210 309 413 413 

324 406 415 415 415 
89 89 
166 219 219 231 241 302 330 402 405 405 477 
236 249 249 249 
44 85 99 151 151 160 160 184 184 324 324 324 354 354 399 445 450 450 457 
321 323 323 

41 
413 439 
0 0 301 301 301 339 381 
346 346 
5 
236 
400 
490 

225 
76 501 
195 236 236 
191 236 236 446 446 487 487 
415 415 
397 
444 

81 81 359 359 
369 430 430 430 
28 28 383 463 

193 416 416 416 

192 192 281 347 
169 169 169 287 296 371 

184 258 258 
330 
358 358 
315 
413 413 
383 383 463 463 
24 54 162 162 199 228 229 229 242 242 245 322 328 361 413 413 440 440 509 
119 119 


314 314 
61 61 82 113 113 113 289 329 359 389 394 
81 121 142 142 143 143 329 329 389 

85 348 348 
41 84 160 312 
198 
306 306 408 
5 5 5 504 
38 38 358 



236 236 



171 290 
420 
41 450 
476 496 496 
195 471 471 
117 216 
379 425 
19 19 19 237 507 
106 184 
105 190 372 372 

115 414 

247 401 
28 
184 
81 81 81 
181 181 
22 108 
184 184 
14 14 102 125 136 184 236 
364 364 364 
77 77 122 122 413 413 

82 
119 119 
468 
387 387 454 454 
117 
185 491 491 

413 413 448 
236 415 

240 454 
168 

502 502 502 502 

117 
184 184 184 
236 236 
381 381 
320 320 
358 413 
82 82 389 
82 82 217 
282 
339 339 
379 
236 236 

250 
248 248 306 306 306 
41 41 354 354 
292 384 

374 
413 

233 276 
26 271 408 408 
188 188 205 227 231 231 305 330 330 392 402 428 433 433 469 469 477 477 511 511 
41 41 85 272 272 272 498 498 
439 439 
76 76 322 

300 
317 
39 
220 220 413 413 
132 413 
68 68 68 233 

23 23 97 290 290 


222 376 376 413 
407 413 
247 
300 
28 183 
287 287 

114 114 
413 413 
2 2 178 
5 12 14 14 14 16 31 31 32 32 41 41 70 105 112 116 116 117 137 137 137 213 213 221 221 236 246 246 258 267 279 289 292 307 315 315 338 345 345 345 354 355 355 366 396 426 465 484 484 488 488 488 490 490 
126 491 491 
245 

159 159 510 
2 2 
106 372 
56 236 267 267 268 304 
33 67 67 236 281 
65 358 358 362 413 

55 101 236 236 
200 200 290 373 373 413 413 422 422 
496 
86 386 
76 
196 196 
236 236 
12 
271 
268 
159 

337 337 

328 
35 35 
460 460 460 
233 310 310 310 
184 184 
314 
467 
102 
143 
442 442 442 
39 39 232 274 402 454 454 
167 167 
184 184 
30 174 341 341 

8 8 
1 5 5 53 259 377 458 458 

159 477 
76 245 
76 76 509 
236 275 
39 159 159 
219 
7 157 169 212 238 296 296 310 310 374 374 375 
503 

40 49 55 55 56 56 93 93 117 129 138 138 147 147 184 191 192 195 195 201 201 230 237 283 344 351 351 356 356 415 432 438 460 460 460 487 
104 236 
233 505 505 505 
342 405 405 
131 476 476 496 
39 
76 76 
424 424 494 
358 
76 186 228 
184 184 
110 176 288 288 401 401 
150 150 
40 40 40 
149 374 417 442 442 
286 

330 330 
277 283 415 415 
5 443 
273 354 354 391 
392 
70 70 184 409 
225 
426 
329 
364 364 
315 

496 496 
271 
184 191 191 471 
191 204 
415 415 
286 
3 7 7 9 158 203 266 282 287 339 354 374 391 412 412 427 442 502 
160 160 160 
5 256 475 475 
219 
230 
157 
18 254 

5 184 431 
449 467 
67 192 298 298 347 421 
144 271 427 
236 254 303 303 344 344 415 


251 270 413 
68 179 179 271 
247 247 
81 184 
97 171 171 196 480 480 

152 184 364 410 410 
408 
397 397 408 

68 233 233 425 
408 
281 281 347 
413 
164 177 
46 46 46 
39 
283 283 
191 
159 392 392 482 
87 87 150 150 150 370 370 370 
184 396 465 465 465 
467 
35 
212 212 212 233 233 

85 
8 
80 80 214 349 413 481 
73 184 184 263 336 

165 413 
413 
354 
140 140 
42 
76 162 
42 42 359 359 
37 41 41 41 
358 

15 
76 209 
81 82 82 261 
39 71 159 159 253 253 369 369 428 
22 
407 413 
413 413 
385 413 
413 413 
315 486 
207 207 
184 415 415 
46 145 145 271 381 408 427 427 452 464 

222 222 
239 

236 283 283 447 447 447 
184 184 184 
27 47 47 459 459 
67 281 298 421 421 421 506 
84 84 
314 481 
8 
236 236 432 432 


5 31 31 41 41 151 151 184 256 256 271 319 411 411 450 450 462 490 502 508 
184 184 
236 236 
367 496 496 
72 72 89 141 193 193 244 325 466 503 
61 61 81 323 323 

76 
193 413 
499 499 
118 118 118 262 262 292 410 410 

184 
357 496 496 
401 
62 330 330 
306 306 306 
68 
106 106 190 
196 196 
154 233 233 250 271 408 417 442 442 
233 
174 174 
225 

103 146 

46 139 139 339 395 408 408 
413 
63 75 75 415 
152 
334 
198 
124 124 

81 82 142 497 

256 271 
159 257 305 305 

81 495 495 
0 0 381 
184 307 
58 294 294 

41 492 
50 
110 247 247 368 
39 159 219 405 405 405 
427 
6 
39 39 239 239 402 402 402 
37 
175 332 413 
26 87 158 158 293 294 297 339 374 381 381 412 412 437 
258 
292 292 364 364 
354 354 
271 271 408 408 
35 35 45 74 74 76 76 119 119 128 128 141 155 167 167 168 174 175 182 182 193 196 196 286 299 314 317 318 332 333 333 334 335 335 362 382 407 439 448 448 455 455 500 500 
108 
37 37 37 57 57 129 236 254 254 269 269 283 338 338 383 
65 65 65 
250 374 


98 441 441 
281 347 347 347 
196 196 

243 243 
103 296 
184 260 
271 282 339 339 403 
20 159 330 

62 62 62 
279 496 496 
236 351 351 460 460 460 
159 159 

449 

408 
236 
45 161 161 413 
76 76 
5 5 420 420 
218 218 218 250 250 271 374 374 468 468 468 
255 
59 
41 
56 56 
344 344 344 
128 413 413 
280 435 
41 41 99 354 354 462 

25 339 464 464 

124 124 131 219 219 
413 413 
491 
41 
225 225 
346 346 
211 211 211 236 236 236 432 432 432 
22 
354 450 
63 75 75 
339 452 452 
184 307 307 307 
358 
215 280 308 
123 442 442 442 
159 159 

101 101 267 
475 475 

487 
273 273 472 472 
100 240 240 496 496 
39 159 159 227 


290 290 
314 349 
305 
30 
184 184 

31 31 336 489 
56 56 236 474 
184 184 184 
486 
51 184 184 354 
126 126 185 185 456 
399 
3 
243 
394 394 
100 100 197 240 265 265 357 357 367 367 431 431 476 476 
389 
160 160 
363 363 
413 413 
54 
134 134 134 134 271 354 
234 358 
88 
238 238 238 
347 
104 
5 5 354 
76 229 
188 
159 159 
