Nodes: 512, Edges: 720
46 46 46 
225 
91 183 189 
271 493 
454 
18 34 48 88 225 255 273 273 400 441 475 508 

233 271 271 271 
196 196 224 
271 
476 
264 
202 355 355 
76 
117 117 117 184 

184 

5 277 277 
104 104 
428 

108 108 115 115 414 461 

76 
452 452 452 
158 408 408 
76 76 
63 63 178 183 
474 
180 180 483 483 
172 184 315 486 489 
184 184 
67 
5 
210 210 309 
106 106 
324 415 415 

62 62 62 166 219 241 267 302 302 330 402 402 477 477 
236 249 
99 99 184 184 324 399 445 450 450 450 457 
321 323 
193 

413 413 
0 0 0 301 301 339 381 
346 
5 
236 

490 490 490 
345 345 
225 

195 195 236 236 
446 446 474 474 487 487 
415 415 
294 294 397 

104 236 
81 81 359 359 
39 39 39 241 241 330 330 369 369 430 
28 28 383 383 
381 
193 

33 281 347 347 
169 169 296 
236 236 252 
246 246 258 
330 330 
358 
94 
413 413 

13 24 27 27 78 162 196 199 208 242 299 322 322 322 346 353 413 509 
119 119 119 
76 
236 236 
418 
61 61 261 289 289 329 329 389 394 
121 143 329 389 
236 237 237 
312 312 348 
160 312 
386 
306 306 408 408 408 
5 

358 
2 189 


73 
418 
314 
171 171 290 
420 
41 41 

195 471 
117 216 
146 379 425 
19 19 60 138 237 507 
106 106 184 184 190 
36 36 105 105 190 190 372 

22 22 115 

176 247 247 

184 

367 367 
22 22 108 
184 184 415 
14 14 14 102 125 184 236 
364 364 
77 77 77 413 413 413 

82 
222 
468 
387 387 454 
117 
473 
480 480 
413 448 
236 415 
389 
240 240 240 
168 

502 502 


184 
104 

320 320 378 
358 
389 
82 217 217 


103 379 
173 
191 304 
250 
306 306 306 306 408 
354 

325 
374 

450 450 
276 276 
26 194 271 271 408 
188 227 227 227 231 231 231 257 305 330 330 392 402 433 433 469 510 510 511 511 511 
85 272 272 312 312 498 498 
413 439 
76 322 

300 

39 477 477 
220 413 
132 413 
68 68 233 296 
471 
97 97 290 
31 
147 344 
413 
407 407 413 
110 247 247 
269 283 283 
28 183 
287 287 
30 30 

340 363 404 404 413 413 444 444 499 
2 28 178 
14 16 31 32 32 41 41 105 105 112 116 116 117 137 221 236 236 246 258 267 284 289 289 291 292 292 307 315 315 324 324 345 345 354 355 355 366 396 409 409 426 451 451 465 484 484 488 488 488 

245 440 

159 477 510 
2 91 
105 106 106 372 
148 236 236 267 268 285 304 304 446 446 
236 281 281 
43 65 286 362 362 413 413 
158 
55 55 101 236 236 236 267 267 471 
8 8 76 200 200 350 373 422 
496 496 

76 
196 196 
236 
12 
271 
268 268 

405 
337 478 
76 
328 
35 35 

310 

314 314 

102 
143 143 

39 232 232 274 454 
167 413 
184 
122 341 413 413 413 

8 350 
1 5 53 259 377 419 419 441 458 
292 
159 159 159 305 343 477 
245 
295 509 509 
275 303 415 415 415 
159 159 159 
219 219 454 
7 169 271 296 296 310 374 505 505 505 
503 503 
487 487 
40 49 55 55 60 69 69 79 79 83 117 129 184 184 191 191 192 195 195 195 201 267 275 278 344 351 351 356 356 432 432 432 438 460 
83 83 104 
505 505 
342 405 
131 131 131 496 
39 62 62 
76 
311 413 413 
325 325 
186 228 
70 70 184 
110 110 176 176 401 
408 
40 
149 374 417 417 
286 286 413 
69 

277 277 415 
5 443 443 443 
354 
159 392 
70 184 
225 

81 329 329 
364 364 410 489 
315 
11 
496 496 
271 
39 184 191 195 195 236 268 471 
191 204 204 267 
177 415 415 
286 
3 7 7 7 9 158 158 203 233 266 282 287 287 297 327 339 339 391 391 401 401 401 408 408 408 442 502 
160 160 
5 5 354 472 
219 352 
230 236 
157 157 
18 18 254 254 415 
236 
431 
308 449 
67 192 192 298 347 347 347 421 
271 427 
177 177 303 344 415 
184 
191 
193 251 251 270 413 
179 179 271 271 

81 81 184 184 
97 171 480 
184 426 
184 184 226 410 410 
408 
58 58 397 408 
229 
68 169 233 233 
271 408 
281 347 
76 413 
164 
46 46 
39 39 485 485 
230 283 415 415 
148 191 191 
159 227 392 
87 87 150 150 150 150 370 408 408 408 
184 396 396 462 465 465 
280 467 
35 
212 233 
243 
84 84 85 160 160 348 

96 214 214 413 413 418 429 429 434 481 481 
31 184 184 263 336 336 
444 444 444 
398 

354 354 
140 140 
42 323 
76 76 76 162 
42 321 
37 41 184 184 
153 244 244 358 358 503 

271 
209 
81 81 82 261 261 
39 62 62 71 71 159 159 369 369 



385 385 385 413 
413 
315 315 
207 
415 
46 271 271 381 381 381 408 408 427 464 
182 
222 
239 
227 
173 236 283 
52 52 184 184 
47 76 
67 67 281 281 281 298 421 506 506 
84 312 
481 481 
196 224 
236 236 
274 402 
76 
151 184 256 273 319 319 411 462 462 502 502 508 508 
12 12 184 184 
236 236 
431 431 496 496 
72 90 141 325 325 413 413 413 466 503 
61 61 


193 193 
182 499 499 
118 118 262 262 410 410 410 

184 
114 114 496 496 
401 
62 62 330 330 
306 

106 190 
196 
154 233 250 408 408 


225 
140 
103 146 

46 64 339 339 339 395 
413 
63 63 415 415 432 463 

334 334 334 413 
86 
124 124 

81 82 130 142 

271 271 
159 257 305 

81 
381 
184 307 307 
58 294 
317 
41 492 
5 
247 271 271 271 368 
39 39 159 352 405 
427 
182 182 
206 239 402 

175 175 413 
26 26 87 87 87 150 158 248 271 271 271 293 294 297 306 306 306 339 339 374 374 412 412 437 437 470 
184 184 
262 292 292 364 364 364 
354 
408 408 
45 45 74 74 76 119 119 119 128 161 167 168 174 175 182 182 193 193 220 222 222 222 243 243 251 286 299 314 314 334 335 358 358 358 382 385 407 439 439 455 494 500 
22 
37 37 57 57 116 129 230 230 230 254 269 269 277 283 303 303 338 383 383 463 

250 250 
80 95 314 
225 225 
98 441 441 441 
281 347 
196 


103 
184 291 
282 339 403 
20 
314 314 
62 
279 357 357 496 
236 236 236 383 
159 159 
314 
449 

408 408 
236 
161 413 413 
186 
5 225 420 420 420 
271 468 
255 255 255 
182 182 316 316 316 
41 
56 56 191 191 

128 
280 435 467 
41 41 41 156 156 462 
184 184 
25 25 25 464 

4 124 219 232 
413 
491 491 
41 
225 

236 
22 497 
307 354 354 450 
383 415 
339 452 
184 307 307 
358 
308 449 
123 442 
159 
408 
101 170 195 267 
273 
126 
29 56 56 487 
5 
10 496 
39 39 166 166 188 227 
207 

127 127 290 
314 314 349 349 

30 30 
184 184 
302 302 
31 489 
56 56 235 235 474 
184 184 184 
31 262 486 
51 51 51 
456 456 
399 
3 
413 

197 197 240 265 265 357 357 367 367 431 476 
461 
160 160 
182 363 363 
413 

134 134 271 354 354 
234 234 325 358 

233 233 233 238 238 
347 347 
104 
5 354 354 
76 229 229 
159 159 188 
159 159 159 
