Nodes: 512, Edges: 720
46 64 395 395 
225 225 441 
91 111 111 183 189 
271 493 493 

18 48 50 88 88 198 225 273 279 279 279 354 354 400 441 475 475 504 
404 
233 271 271 
196 224 350 350 

476 

184 202 
76 
184 184 


390 390 
5 277 

428 

108 461 461 
171 

452 
158 408 408 
346 346 346 
63 63 178 183 183 189 

483 483 
172 184 184 315 354 486 

67 192 

210 413 

324 324 406 406 406 415 

159 219 231 231 330 477 485 
192 236 
85 137 151 184 399 445 450 450 457 457 
323 
193 193 

76 439 
0 301 339 381 395 
346 346 
5 
236 
5 400 400 

184 

501 501 
195 236 
104 191 236 236 304 304 446 446 
415 415 
294 397 
444 

359 
241 330 330 369 369 
28 28 463 
0 381 
193 416 416 
141 141 
33 192 192 281 347 347 
169 287 287 296 
236 236 344 344 
184 184 246 
330 
325 358 358 
94 315 
413 413 
463 
13 45 162 162 186 196 245 322 328 346 346 346 360 423 423 



314 314 314 
113 113 261 261 289 359 359 359 495 495 
121 142 329 329 389 
236 236 
85 312 348 
41 84 160 312 
198 198 386 386 386 508 
306 306 408 408 
5 5 504 
358 

2 189 
182 413 
236 
73 
418 

171 171 290 
420 441 
450 
197 197 476 496 
140 195 
216 
379 425 425 
56 507 
106 184 184 190 190 
105 190 

22 336 414 

176 247 401 401 
2 2 

81 81 
181 367 367 367 

184 184 415 
125 125 184 236 

122 222 222 413 
489 
82 143 
119 

387 454 
117 117 136 
185 185 
480 
413 413 
415 
389 389 
240 240 240 454 
168 

502 

125 
41 
164 236 236 
381 381 
101 320 320 378 
66 66 358 413 466 
82 
121 217 
282 


173 236 
191 191 304 
250 
248 306 408 
41 354 
292 292 384 384 384 
325 325 
374 374 
413 
450 
276 276 
26 194 194 408 408 
39 188 205 205 227 257 402 428 433 433 469 477 477 510 
85 498 
413 439 439 
76 76 322 

138 300 300 
317 
477 477 
220 220 413 
132 
68 233 233 
471 471 
23 97 97 290 290 
31 
147 344 344 
222 413 
407 
110 247 
283 415 415 
28 183 

222 
114 
92 340 363 
2 28 28 178 
12 14 14 31 31 41 52 70 70 105 105 116 116 117 199 236 236 246 258 258 289 289 291 324 338 345 354 354 354 409 415 415 426 426 451 465 484 484 488 
126 126 491 
76 440 
413 
159 477 
2 28 91 
105 105 106 372 
56 148 148 285 285 285 304 446 446 
33 40 67 67 281 
43 43 65 286 286 362 479 500 500 
158 158 
55 101 471 
8 76 200 350 373 413 413 422 422 
100 100 496 
5 86 86 
184 207 
196 
236 415 
12 355 
271 271 
267 267 268 
159 159 

199 337 

328 
35 

233 

215 215 
214 214 
102 
143 
442 
39 232 402 402 454 454 454 
167 167 413 

119 119 174 180 413 483 

8 350 350 
1 1 5 259 393 419 419 441 458 

159 305 305 392 477 
245 361 
295 509 509 
236 236 303 415 
39 39 
219 
7 169 169 212 238 271 271 296 310 375 375 505 

487 
40 49 55 56 56 69 69 83 83 93 117 138 138 147 184 184 201 230 230 237 283 283 344 356 356 415 432 432 438 460 487 487 
236 
233 505 505 
342 405 405 
131 131 131 476 496 496 
62 

311 413 494 
325 
76 228 
70 184 
110 176 288 401 
150 408 

149 417 442 442 
286 413 

330 330 
283 283 415 
443 
273 354 354 
159 392 
184 184 409 
225 

81 81 329 
410 489 
315 315 
334 334 
496 496 496 
271 271 
204 204 471 
204 
415 
286 286 
3 7 7 203 203 233 233 266 266 282 282 297 339 339 374 374 375 391 401 401 408 408 408 412 412 427 442 453 502 502 

5 256 354 472 475 475 
402 

157 157 
18 

5 5 5 

67 192 347 347 
144 271 271 427 
177 236 236 254 254 303 303 344 344 415 415 

191 191 191 
193 193 251 270 270 
68 68 
247 
81 184 184 
97 171 171 
184 
152 152 364 364 410 
408 
58 397 399 408 408 408 
229 
68 233 425 425 
271 408 
347 347 

164 164 
46 
485 
230 283 283 
56 56 148 191 
227 227 482 
87 87 150 370 370 370 408 
396 465 


233 
243 
84 85 348 

80 80 80 413 413 418 418 418 429 455 
31 73 263 263 336 336 
444 444 
165 398 413 413 
413 
354 
140 140 
323 
76 162 
42 321 
37 37 184 
72 153 153 244 
358 358 

76 209 
82 82 261 
39 62 62 71 253 253 428 428 

413 413 413 

264 264 413 
413 
108 315 315 486 486 
207 
184 415 
46 271 271 381 408 408 427 
182 

239 

69 69 173 173 236 283 283 447 447 
184 
27 27 27 47 47 76 76 76 459 459 
67 67 281 281 298 298 506 506 
84 312 
481 
8 8 196 224 224 
432 
402 
456 
5 5 31 151 184 184 184 256 256 273 319 411 411 450 450 490 
202 
236 236 
367 367 431 496 
72 72 89 141 326 326 413 413 503 
61 81 81 81 
76 
228 
193 413 
182 499 499 499 
292 292 
415 415 

114 114 114 357 357 496 
401 
62 62 
306 306 306 

190 
196 
154 154 271 271 408 408 417 417 417 
233 233 271 

458 
140 
103 

46 64 139 139 339 395 408 408 

432 432 463 463 
152 152 152 
413 
86 86 86 
124 
487 
82 130 130 497 
17 17 
271 
227 257 
225 
495 495 
0 0 46 381 
307 
58 294 
317 
41 294 492 492 492 
5 50 50 
110 110 247 271 271 368 
159 219 219 274 352 405 405 
427 
6 
239 239 402 402 
37 37 37 
175 
26 26 87 87 150 158 158 248 271 271 271 293 294 294 294 297 306 339 339 374 374 381 381 412 437 470 
184 258 
262 292 
354 354 
271 271 408 
35 74 74 92 119 128 128 141 155 161 167 174 187 196 196 220 222 243 251 314 314 317 317 318 332 332 332 334 335 358 358 362 385 439 448 448 455 500 500 500 
108 
37 57 57 116 129 177 177 184 184 201 230 236 254 269 283 283 338 365 365 432 432 463 
65 65 
250 374 374 374 
95 314 314 314 
225 225 
98 441 441 441 

196 196 
76 76 

103 103 296 296 
184 184 
271 282 339 403 
20 159 330 330 
314 

357 
236 236 351 383 383 415 415 460 
159 159 

449 449 

408 
236 
45 161 161 413 
186 
1 5 98 225 420 420 420 
218 250 250 271 468 
255 
59 316 316 
41 
56 56 191 191 
344 344 
413 413 
435 435 467 
41 41 99 156 354 354 462 462 
184 
25 464 464 464 
271 
124 131 219 219 219 
314 413 
353 
41 41 
225 377 
346 346 
236 432 
22 22 497 
450 450 
63 75 383 383 415 
452 452 452 
184 307 
141 
449 
442 
159 
408 
170 170 195 267 
273 475 

487 
5 5 273 273 472 
10 100 240 496 
39 159 159 166 166 188 227 

193 
127 
349 
305 
30 30 222 
184 184 
39 302 
31 336 336 489 
235 236 236 388 474 
184 
120 262 486 
354 
185 
399 399 399 
3 3 
243 
81 81 394 394 
100 197 240 240 265 265 265 357 367 476 
389 461 
160 
363 363 363 
193 193 413 413 413 
54 54 
134 271 271 
358 
5 88 
233 238 238 
347 347 
104 
86 
229 229 
159 

