Nodes: 512, Edges: 720
46 395 
225 225 225 441 441 
91 111 183 189 189 
271 
454 
18 34 48 48 50 50 50 88 184 184 198 225 273 279 354 400 441 441 475 504 504 508 508 

233 271 271 
224 350 
271 
476 
264 
184 184 202 355 
76 76 
117 117 135 184 184 
327 

390 455 
5 277 277 
104 

31 31 
108 108 108 115 115 115 331 461 497 497 497 
171 171 290 290 
76 
452 452 452 


63 63 111 178 178 189 

222 222 
21 21 172 184 354 354 486 486 
184 
192 
5 
413 

324 406 415 
89 
62 163 166 166 219 241 241 241 267 302 330 402 402 405 477 
192 192 236 236 249 
99 137 151 156 184 324 324 354 399 399 445 445 450 457 

193 

413 439 
0 64 64 301 381 395 
346 346 346 
5 5 

5 5 5 400 

345 
225 393 
299 
195 195 
446 474 

397 397 

104 104 236 
359 359 
39 369 369 430 
28 28 383 383 463 
46 46 
193 
141 141 
281 347 
169 287 371 
252 344 344 344 
184 246 
330 
358 358 
94 315 

383 383 
13 13 24 186 196 199 207 208 208 228 228 229 245 245 413 440 
413 

107 
314 
113 113 184 184 184 261 329 329 359 389 394 394 495 
121 142 143 389 
236 237 237 237 
312 348 348 
312 
198 198 386 386 386 508 
306 408 
5 
38 128 466 

2 189 
413 
236 
73 
418 

171 
441 
41 450 
476 476 496 
140 195 195 
136 216 
379 379 379 425 425 
19 60 60 138 237 
106 106 184 190 
105 105 372 
79 
22 22 22 115 414 414 
199 

2 28 
184 
81 81 
181 181 181 367 
22 22 22 108 389 
184 
14 14 125 135 136 136 184 236 236 
364 
122 413 
489 
82 
119 
468 
387 
117 136 136 170 
491 491 491 
480 
89 448 
236 236 415 415 

240 
168 
381 381 
502 
14 117 
102 117 117 125 125 
41 
104 164 236 
381 
101 320 378 378 378 
66 66 413 413 413 
82 389 
82 
282 282 


236 236 
191 191 

248 248 306 306 408 
41 354 
292 364 384 


413 
41 450 
276 
194 271 408 408 
188 188 205 227 227 231 231 330 428 428 469 469 510 511 
272 498 
413 

39 
138 300 

39 39 477 477 
413 
132 413 
68 233 233 296 296 
125 
23 23 97 290 
31 
344 344 
376 376 413 
413 

269 283 283 
28 28 
287 287 
222 
114 114 114 
340 404 404 413 413 499 
2 
5 5 12 12 14 14 31 32 41 70 81 81 81 105 112 116 117 258 258 279 289 289 289 291 291 292 307 338 345 345 354 354 366 366 396 396 409 426 451 456 456 465 484 488 490 
491 491 
76 440 
413 
159 159 477 
2 2 28 91 
105 
148 148 285 285 
33 40 40 236 281 
43 65 286 413 
158 
55 55 101 101 471 
76 200 200 290 290 373 373 413 
496 496 
5 86 86 
76 109 
196 196 
415 415 415 
12 355 355 
271 
268 
159 
405 405 
76 
76 76 
328 328 

460 460 
310 310 

215 215 
214 214 467 467 
102 

442 442 442 
39 232 274 402 454 


30 30 180 341 341 413 413 483 
329 
8 313 313 
1 1 1 5 53 377 393 393 441 441 458 458 

159 159 305 392 477 477 
76 76 
76 509 
236 236 275 275 303 
159 159 
219 
7 169 169 238 310 310 375 375 505 505 
503 
487 487 
40 40 60 83 93 117 117 129 129 138 147 147 192 230 230 237 237 267 275 275 283 351 356 432 432 460 460 460 
83 83 83 104 236 236 
233 505 505 
342 342 405 
131 476 476 496 496 
39 39 39 

413 424 
358 
76 76 
70 
288 288 
150 150 293 408 
40 
374 417 417 442 442 
270 413 
69 

283 
443 
273 273 354 354 354 
392 
184 184 409 


81 
364 364 410 
315 
11 334 

271 
39 236 268 471 
204 267 
177 415 415 
251 286 286 
3 7 7 9 158 203 266 287 297 327 339 339 354 374 375 391 401 401 408 412 427 442 
160 
5 256 256 354 354 472 
219 352 
230 230 236 236 
157 
18 18 

5 184 431 
467 
67 192 347 347 
144 144 427 427 
177 177 236 254 303 415 

191 191 
193 270 270 
68 179 179 271 
247 247 
184 184 184 
23 23 171 196 196 
184 184 426 
152 184 364 364 364 410 
248 
399 408 

169 169 
271 408 408 

54 
164 
46 
39 485 485 
230 283 415 

227 482 482 482 
87 150 150 370 408 
184 354 354 396 396 
467 467 

212 212 233 233 

84 85 348 
224 224 
80 317 317 418 429 429 434 434 434 455 481 
73 263 336 336 
444 444 
314 314 413 
413 

140 
323 

321 
37 41 41 
358 358 503 
358 358 
15 271 
209 209 
81 81 223 
39 71 159 369 369 428 428 
22 
407 
413 
264 385 385 

315 315 486 

184 
271 271 381 408 427 464 464 470 
182 
222 222 
239 239 

69 69 69 173 173 447 
52 184 184 
47 47 47 
67 281 281 506 506 
84 84 312 
481 
8 
236 
274 
456 456 
5 31 31 41 151 184 184 256 256 256 271 273 273 307 307 411 450 462 462 490 502 502 508 
12 202 202 
236 
431 431 496 496 
72 72 244 325 325 326 326 413 413 466 503 
61 61 81 



499 499 
118 152 262 262 292 292 292 
415 
184 184 
114 496 496 
401 
62 62 330 330 
306 
68 
106 
196 196 
250 271 408 408 442 
233 233 271 
174 174 
225 
140 140 140 
103 103 103 

46 133 133 139 339 395 408 
413 
63 63 75 75 415 415 415 463 
152 
334 334 413 413 
86 86 86 
124 
487 487 
81 82 115 142 497 
17 
271 
227 257 
53 225 225 
81 81 495 
0 46 381 
184 184 307 307 
58 58 

41 41 294 492 
5 50 
271 271 368 
39 39 219 405 405 

182 182 
39 206 206 239 402 402 
37 
332 413 
87 150 158 158 248 271 294 297 297 306 339 374 374 381 437 470 470 
184 258 
262 292 
354 
271 
35 45 76 77 92 119 141 141 141 155 161 167 168 174 175 182 182 187 193 196 222 222 243 251 317 318 333 358 358 382 385 385 407 439 448 448 455 455 494 494 
108 108 
37 129 129 201 201 201 269 269 283 303 365 383 383 383 432 

250 250 
95 314 

441 441 441 



243 
103 103 
184 291 
271 282 282 339 
159 159 330 330 
314 314 
62 
279 357 357 496 
236 236 415 460 460 

314 314 314 


408 

45 413 
76 186 
1 1 5 5 98 225 225 420 420 420 
218 218 218 250 250 271 374 468 468 
255 
316 316 
41 41 
56 
344 
128 413 413 

41 99 156 354 
184 
25 25 25 464 

4 219 
17 314 413 413 
184 184 353 353 491 491 
41 
225 225 

211 211 236 236 236 432 432 
22 497 
354 354 
63 383 
339 339 452 
184 
89 358 
215 215 280 308 308 
123 442 442 
159 159 
339 408 408 
195 267 
273 475 

56 
5 472 
10 100 100 240 240 496 496 
39 166 166 188 227 227 


127 
314 349 
305 305 305 
222 
184 
302 302 
31 31 336 489 489 
235 235 388 388 
184 
120 486 486 
184 354 
126 126 126 185 185 456 456 
399 

413 413 
81 394 
100 197 197 240 240 357 357 367 367 431 476 476 
22 22 22 389 461 
160 
182 363 363 


134 354 354 
234 325 358 
5 5 
233 233 238 238 
347 347 

5 5 86 354 
229 
159 
159 
