Nodes: 256, Edges: 376
18 18 190 236 
21 21 105 

81 
32 138 208 
38 46 46 68 68 94 94 103 114 114 123 136 136 141 159 203 221 221 227 243 244 248 

41 41 41 86 97 97 97 124 124 124 130 130 203 218 
71 215 215 247 
182 182 

134 134 172 172 
227 227 
33 
32 47 51 138 146 152 163 180 208 
207 207 207 231 
89 95 

0 0 61 63 63 80 80 90 152 152 152 186 186 192 192 206 

98 98 166 
1 1 52 52 52 71 71 131 131 140 140 153 228 
43 
192 192 
223 223 
81 81 153 
59 59 67 70 72 231 
110 
88 165 165 
205 
175 182 196 230 230 239 
157 157 
4 14 
13 39 44 44 122 134 134 185 197 222 
137 137 
53 53 81 
203 
122 134 134 169 169 219 219 219 
5 42 
33 134 

7 7 7 
38 81 
22 195 245 245 245 
33 33 188 
148 153 153 
5 5 56 221 
14 152 
152 152 245 
84 84 
123 254 254 
14 
21 21 21 
35 35 81 
127 

46 181 227 227 227 
154 241 
203 251 252 252 252 
26 26 
76 152 236 236 
18 

18 18 90 202 242 
196 
81 93 93 93 

26 
5 5 
223 223 
26 210 249 
8 21 21 131 247 
26 
134 
203 
147 171 203 217 233 
60 152 
122 
93 93 
111 
18 18 
3 25 25 35 42 53 65 93 93 125 153 160 160 162 173 173 176 176 176 203 203 228 238 

113 177 177 204 
49 49 100 100 109 109 183 183 255 
128 128 
7 92 92 218 218 
253 
28 
16 93 
18 63 242 
121 
86 86 
65 65 65 78 78 81 81 89 111 176 176 201 224 224 
5 5 112 243 
16 
144 229 240 240 
7 7 7 130 130 130 226 226 
20 20 166 166 209 209 
251 251 
84 84 109 198 198 
145 
234 
5 
129 
1 156 
145 204 
119 152 

84 84 100 194 194 198 216 216 
27 
79 93 
94 
83 177 204 204 
5 5 
253 253 253 

234 234 
188 188 
107 152 152 
155 155 170 170 
91 238 238 
33 37 77 
5 50 161 
7 7 7 
81 

54 144 144 144 187 187 187 189 189 229 
85 85 
104 
7 7 97 97 97 
21 21 71 

227 
11 11 33 33 37 37 39 73 
175 
5 5 
34 34 202 202 
4 14 

21 21 
5 
159 
149 203 203 
96 127 127 127 
101 106 246 246 
14 152 223 223 223 
75 205 
45 
143 233 

228 
14 18 18 18 47 48 48 60 76 107 119 119 146 157 223 225 
21 25 45 45 81 228 228 
57 176 176 
120 120 206 
105 199 203 203 
31 31 152 
164 
5 142 
81 81 251 
123 
81 238 238 
14 
158 232 
28 28 
20 98 98 209 209 


37 37 
120 120 174 
75 205 
11 11 
81 81 
170 
30 135 
81 81 81 93 93 154 154 
83 83 113 


14 
56 
9 9 30 196 
84 84 

33 
18 18 
127 127 127 
44 118 118 
127 127 
0 236 
205 205 
18 18 23 23 
237 
109 109 
43 204 245 
30 64 182 
33 
100 100 109 
156 
229 229 
93 
63 137 137 
5 7 36 58 74 75 81 81 143 143 156 156 220 252 
83 106 113 113 195 245 245 
29 147 171 191 191 
18 155 
15 15 15 
4 14 
98 98 166 166 
70 



252 
8 8 
109 109 
75 233 
7 86 86 
37 37 37 
203 251 
5 5 46 227 
33 
24 24 69 69 146 146 146 152 
93 93 
152 
97 97 
5 12 12 56 56 56 133 221 
21 81 151 153 153 
96 127 200 200 
30 30 
15 26 
164 
75 149 217 
102 117 117 

0 60 60 190 
193 
81 121 121 162 162 
30 
96 96 
57 
63 90 
5 94 
5 
43 43 43 48 195 204 204 
145 145 
8 71 
5 
70 

58 99 99 160 220 
58 58 58 203 214 
87 115 115 115 
50 50 
84 
