Nodes: 256, Edges: 376
18 18 190 236 
21 21 158 158 164 232 
153 
81 81 
18 32 32 32 138 208 208 208 
38 42 46 46 50 50 56 68 94 102 103 114 123 126 136 143 143 143 178 227 243 243 244 244 248 248 248 254 254 
212 
41 41 74 86 124 130 203 218 
131 215 

14 
134 134 172 172 
227 

10 18 32 32 47 51 138 139 146 152 152 163 180 208 
207 207 207 207 231 231 
78 89 89 95 95 95 
66 66 
0 0 4 14 60 60 63 80 90 152 192 206 

98 166 166 
1 1 45 71 131 131 151 153 228 228 

192 192 
223 
81 153 
33 44 59 67 72 231 

88 
191 
182 230 
157 
4 4 4 14 14 
26 37 39 39 44 44 185 211 222 222 
137 137 
53 
203 
33 122 134 134 169 219 219 219 
5 
33 33 134 
203 203 
7 7 
5 243 
195 245 
26 33 33 188 
21 148 
5 5 
14 152 152 
152 152 245 245 
84 
5 5 123 123 254 254 254 254 
14 

35 81 
127 127 
121 238 
5 181 181 227 
93 154 
152 214 252 
26 
18 18 236 250 250 
206 206 

18 90 137 137 192 242 242 
175 196 196 
81 93 
17 17 
26 
5 
223 
249 
21 131 228 247 247 
26 
134 
7 199 
147 171 171 205 217 233 233 


16 93 
111 111 
18 
3 3 25 53 65 93 160 162 162 173 176 203 228 238 238 251 
197 197 
177 177 
49 109 127 183 189 189 255 255 
128 128 128 128 128 
7 92 92 203 
253 253 
28 165 165 203 203 
16 16 93 93 93 
18 63 
238 
86 86 
57 65 78 81 89 89 89 111 111 111 154 201 201 224 224 
5 112 
16 16 16 
127 200 240 
130 130 226 
20 166 166 209 209 213 213 237 237 
251 251 
109 109 194 194 

5 234 
5 


145 145 
119 119 152 
126 126 
84 100 100 194 216 
153 153 
79 79 93 93 93 
94 
145 177 177 177 204 246 246 
5 
253 
203 


107 107 
155 155 155 170 206 206 206 
55 238 
37 
5 50 50 161 
7 

5 108 108 
54 54 84 96 187 229 
85 85 85 85 85 228 

7 97 97 
8 21 21 71 228 
222 
227 
11 11 37 37 39 73 
175 175 
5 
34 34 63 63 202 202 
4 14 
14 



5 5 5 

106 106 113 246 246 
14 152 223 223 223 
75 
45 153 
233 

21 228 228 
14 14 18 47 47 48 48 58 107 146 157 157 157 223 223 225 225 
2 21 25 110 110 148 179 179 228 
57 93 176 
120 120 120 
199 203 
31 152 152 152 
1 1 164 

81 251 
123 
81 81 238 238 
14 
1 158 
88 88 203 203 
20 20 98 98 
173 173 

37 222 
120 206 206 
75 75 
11 11 
81 167 167 
206 
64 135 135 
81 154 
83 83 113 113 113 
5 
153 153 
14 
56 56 
30 
84 
228 
33 

127 
44 
84 84 
0 236 
29 
18 23 23 63 

100 100 109 
43 245 
64 64 
82 82 
255 
74 156 
96 229 
93 93 
137 137 
7 36 40 40 81 86 88 88 116 156 165 165 220 220 251 251 252 
113 245 
75 
18 61 61 120 120 120 170 170 174 
15 15 15 15 
4 4 4 14 
98 98 

33 
6 222 222 
98 98 
58 
8 
109 
75 
7 
37 37 37 
203 203 
227 227 
33 33 132 169 212 212 
24 69 146 146 146 152 152 
93 93 
152 152 
97 
5 12 56 133 221 221 
21 21 71 81 128 131 151 151 153 184 
127 200 
30 
15 15 26 
1 
75 75 149 
102 

0 60 190 
98 98 
55 81 81 91 121 162 162 

96 

63 63 
5 5 42 
5 5 
43 48 48 195 204 
113 113 145 145 
71 71 
5 5 5 
70 
60 60 
81 99 99 160 203 203 
58 203 
87 87 115 
5 5 50 50 50 50 
84 84 198 
