Nodes: 256, Edges: 376
18 18 236 
21 105 153 158 232 232 

81 
14 18 18 32 32 208 
42 46 50 68 68 94 94 103 114 123 126 126 126 133 133 142 143 159 178 178 221 227 227 238 243 243 
212 
41 74 86 86 97 124 130 130 203 203 218 
71 81 81 168 168 


134 134 134 172 172 
227 
33 
4 18 32 32 47 51 138 146 163 163 163 180 208 
207 231 
93 95 
66 66 84 84 
0 0 4 4 14 61 63 63 80 80 90 152 152 186 186 192 206 206 206 
62 

1 45 45 52 71 71 131 153 153 228 
43 
192 
223 
81 153 
33 33 62 67 67 231 
110 
165 
191 
196 230 239 239 239 

4 4 14 14 
13 26 26 39 39 44 44 122 122 185 222 222 

53 81 
203 203 
134 134 134 219 219 219 

33 33 73 
203 
7 
5 81 243 
22 195 216 245 
33 33 188 188 188 
21 21 148 
5 56 56 56 
14 
245 245 245 
84 
5 254 254 
14 61 
21 
35 81 81 

121 121 238 238 
46 46 46 181 181 227 227 
154 154 241 
203 251 

76 206 250 
18 51 206 229 
19 26 
18 18 90 192 242 
196 196 196 
93 
17 17 
26 26 
5 5 
223 223 
249 249 
8 21 21 131 247 

39 
7 156 203 
147 171 171 205 217 233 233 
60 

93 
111 111 
18 18 
3 8 8 25 35 42 53 53 93 125 153 160 160 162 176 176 228 238 
197 197 
113 177 177 177 204 204 204 
17 17 49 100 127 183 189 255 255 255 
128 
7 7 92 218 
237 237 
165 165 203 
93 93 
18 63 

86 
16 65 78 81 89 89 111 154 176 201 224 
5 5 243 243 
16 
127 229 229 240 240 
7 130 130 226 
209 

84 109 194 194 194 
145 145 

5 
129 129 152 
1 
145 
152 152 

100 198 198 216 
27 
79 79 93 

83 145 145 204 246 
5 
253 253 253 
203 203 203 
234 234 234 
188 
152 152 
155 206 206 206 
55 55 238 
33 33 210 
5 161 161 
7 
81 
5 5 5 
84 96 144 144 144 187 189 
85 228 
104 104 
7 7 97 97 
21 71 228 228 
222 
5 5 227 
11 11 11 37 37 37 


202 202 202 
14 



5 
5 221 221 
127 127 127 
101 101 106 113 113 204 246 246 
14 152 152 223 223 
75 205 
45 
203 203 203 

228 
18 18 104 107 107 119 119 146 146 157 223 225 
1 21 21 25 81 179 
57 57 93 176 241 241 
120 
74 203 
152 
1 164 164 
5 
81 81 251 
123 123 
81 238 238 238 
14 14 14 
158 158 232 
28 88 88 203 
209 
173 173 173 
8 8 

206 
75 75 
11 11 
167 167 167 176 
206 206 206 

81 81 93 154 173 
83 83 83 
5 5 
153 
14 
56 56 
196 196 
84 

33 
18 18 
127 
44 44 44 118 
84 127 
236 
29 205 
18 23 63 
253 
100 100 100 
43 204 204 245 
30 64 64 64 182 182 
82 82 
109 109 

229 
93 
137 137 137 
7 7 36 36 40 58 74 88 116 116 116 149 149 149 156 165 220 220 251 252 
83 83 83 113 145 195 195 245 
75 147 191 
18 18 18 60 61 120 120 120 170 174 174 174 
15 
4 14 
98 166 
122 

6 222 



43 109 
75 233 233 
7 86 
37 37 37 
203 203 251 
5 143 143 227 
33 33 132 212 
24 69 69 146 146 152 
93 
152 
97 
5 5 12 56 56 133 221 
21 81 128 131 131 151 
61 96 96 200 
30 
15 26 
1 1 164 
75 75 217 217 
117 117 117 

0 190 
87 87 
5 55 55 81 121 162 162 162 
30 30 30 
96 96 
57 154 154 
63 
5 5 42 94 94 

43 48 48 48 195 204 
113 145 145 
71 

70 70 
60 
58 160 203 220 
203 
115 115 115 193 
50 50 
84 84 84 
