Nodes: 256, Edges: 376
18 18 18 190 
21 21 105 105 153 153 

81 81 
14 14 18 18 138 138 208 208 
42 42 46 50 56 68 68 102 103 114 117 123 126 133 142 143 159 165 165 203 203 203 227 227 243 243 243 254 
212 212 
41 97 130 203 203 203 218 218 
131 168 228 228 247 
182 

134 172 172 
227 
33 33 37 
4 4 18 18 32 51 139 139 146 146 146 152 152 152 163 163 208 
26 26 207 207 231 231 
78 93 93 93 
66 66 66 66 
0 0 0 4 4 14 14 61 63 63 63 80 90 152 180 192 
62 
98 98 166 
1 1 45 45 52 52 52 71 71 140 151 153 
43 

223 
81 81 153 153 
15 15 33 62 62 72 122 213 231 231 
110 
88 165 191 
191 205 
175 182 182 230 239 239 239 
104 157 
14 
13 13 26 39 44 44 122 197 211 222 222 222 

81 

13 122 134 169 219 219 219 
42 
33 73 
203 203 
7 
5 5 38 81 81 
22 195 216 245 
33 33 150 188 188 
21 21 153 
5 56 
152 
152 152 245 245 245 
84 
5 123 254 254 
14 
21 21 21 

127 
238 238 
5 46 181 
93 93 154 241 
104 152 203 214 245 252 252 

76 152 152 206 236 250 250 
18 206 206 
19 26 26 
18 18 18 90 242 
175 175 196 196 
81 
17 17 17 17 

5 5 
223 223 
122 210 249 
21 21 131 228 247 
26 
39 134 
86 203 203 
171 205 217 233 
60 
122 
16 93 
111 
18 
3 3 25 25 35 42 42 65 93 125 153 160 238 251 251 
197 
177 177 177 204 
49 100 109 109 183 189 
128 
74 92 92 203 218 
253 
28 165 
93 93 93 
18 63 242 
121 
86 86 203 
16 16 16 57 57 78 81 89 89 89 111 111 201 201 201 224 


127 240 
7 
20 20 166 209 209 
251 
84 109 194 

5 234 
5 
31 58 129 129 152 152 
1 1 156 
204 
119 152 

84 84 100 198 
27 153 153 
79 93 93 

145 145 177 204 204 246 
5 
253 253 
203 203 
5 234 
188 188 
107 152 
155 155 206 
91 238 
26 33 37 70 77 
5 50 161 

81 
5 
54 96 144 144 144 189 189 229 229 
85 
104 104 
7 
8 71 228 

5 227 227 
11 37 73 



4 4 
14 14 
21 

5 
5 203 
127 127 127 
113 113 204 246 
14 14 14 152 152 
205 
153 153 

44 
21 228 
14 14 14 18 47 48 48 58 60 60 104 104 107 119 146 146 157 163 163 223 225 
1 1 21 25 25 45 81 110 110 148 148 179 179 228 
57 176 241 
120 120 206 
105 199 203 203 
31 152 
164 164 
5 
81 251 
123 
238 
14 14 152 152 
158 158 232 
5 5 28 88 
20 98 
173 173 
8 
37 
174 
75 
11 11 
167 167 176 176 
170 206 
30 64 64 196 
154 173 173 
83 83 83 113 

153 153 
18 
56 
9 30 30 
84 
228 



44 44 118 118 
84 127 127 
0 236 
28 29 
18 
237 
100 
43 245 245 
64 64 175 
33 82 
109 
156 
229 229 229 
93 93 93 

5 5 5 7 7 7 40 40 58 74 74 86 92 116 116 143 156 156 220 220 
83 106 113 113 145 
29 75 147 
60 61 61 120 155 174 
15 15 
4 4 14 
98 98 
70 
33 
6 6 
26 
58 
241 
43 
75 233 233 
7 7 86 
37 37 37 
203 203 
227 
33 33 33 
24 69 69 152 
93 
152 

5 5 12 133 133 221 
8 8 71 131 151 153 184 
127 127 200 200 200 
30 
15 15 26 26 
164 
75 217 217 
102 117 

60 190 
193 
55 55 81 121 162 
30 30 30 
96 
57 154 215 
63 90 
5 5 5 

43 48 48 48 58 195 195 
113 145 
8 71 

70 
60 60 
81 81 99 160 
58 58 
87 115 115 
5 50 50 

