Nodes: 256, Edges: 376
18 18 190 236 
21 153 158 158 
153 
81 
14 14 18 32 208 
38 42 46 50 50 81 94 94 94 102 102 103 103 103 114 123 126 126 133 136 136 142 143 159 159 165 178 234 238 244 248 
212 
41 41 86 97 124 130 130 130 218 
81 215 215 228 228 247 
182 

134 134 172 172 172 
227 
37 37 
4 4 18 18 32 32 51 138 139 152 163 163 180 208 
26 207 
78 89 89 93 93 95 95 
66 66 84 84 
0 0 4 14 14 60 60 63 80 80 90 192 192 
62 
98 166 
1 45 71 71 71 153 228 


223 223 223 
81 153 153 153 
15 33 44 67 67 70 72 122 
110 
88 88 191 
191 
64 123 175 182 230 230 239 
157 
4 14 14 
26 37 39 39 39 44 122 134 211 211 222 
137 
53 81 81 
203 203 
13 13 33 134 150 219 
5 42 42 
33 33 33 73 
203 
7 7 
5 38 38 243 243 
195 195 195 245 
26 33 59 150 188 
21 
5 56 221 221 

152 245 245 

5 5 254 254 
14 61 137 

35 81 81 81 
127 
121 238 
46 227 
93 241 241 
152 214 245 251 251 251 252 
44 
18 18 152 152 206 236 
51 206 
19 
18 137 137 192 
30 196 196 196 
81 93 
17 17 
26 26 

223 
26 249 249 
21 21 21 228 228 
26 
39 
156 203 
147 147 171 171 203 205 205 233 

122 122 
16 89 93 
111 111 111 
18 18 137 
3 5 8 25 35 35 53 53 53 65 93 93 125 153 153 153 160 160 173 173 173 228 251 
197 197 
113 113 177 204 
17 17 109 183 183 189 255 255 
128 
7 92 203 
237 253 
28 28 165 
16 16 78 93 93 93 
18 206 206 242 
238 
86 203 
16 16 57 65 78 81 81 89 89 89 111 176 201 224 
5 5 5 243 243 
16 16 
144 200 240 
7 130 226 
20 
251 251 251 
109 194 198 
145 145 
5 5 203 234 
5 5 5 
129 152 

204 
119 152 
126 
84 100 127 194 198 216 216 216 
27 153 
79 79 79 93 

83 83 204 246 
5 

203 203 


107 152 152 
155 
55 
26 33 77 77 
5 30 161 161 196 
7 
81 
5 5 108 203 
54 109 144 144 189 229 
85 
104 
7 7 7 97 
228 

5 227 227 
11 11 33 37 
175 
5 5 
34 51 63 63 80 202 202 
14 
14 


5 
5 221 
96 127 127 
101 101 204 204 204 246 246 246 
223 
75 75 
153 

37 44 
228 228 
14 48 58 60 60 104 107 119 119 163 
1 2 21 25 25 25 81 81 81 110 148 228 228 
176 176 176 
120 
74 199 
31 
1 1 164 164 
5 5 
81 81 251 
123 123 
238 238 
14 14 152 
158 158 232 232 
5 88 
20 209 




75 75 
11 11 11 
81 81 81 176 

30 135 196 
93 154 154 154 173 
83 
5 

14 

9 30 
84 84 
228 



44 
84 127 
0 236 
28 29 
18 18 63 
253 
100 109 
43 43 43 204 204 
64 64 64 123 175 
82 82 
100 109 
156 
96 229 
93 
137 137 
36 36 40 74 75 86 92 102 116 116 126 251 251 251 252 252 
83 106 113 145 145 145 195 195 245 245 
75 75 
60 61 90 90 
15 
4 14 
166 

33 33 
6 

58 252 
8 8 
109 109 109 
233 233 
7 
37 
251 
46 46 143 227 235 
33 
24 24 24 69 146 
93 

97 
12 56 133 133 221 
8 8 21 71 71 81 131 151 151 153 153 184 
127 200 
30 30 

164 164 
75 217 217 
5 102 
221 
0 60 190 
87 
5 55 91 162 162 
30 
96 
57 57 
90 
42 42 94 94 
5 
43 48 48 58 204 204 
113 145 145 145 
8 
5 
70 70 

58 58 58 81 99 99 99 160 203 203 203 220 
58 203 203 214 
87 193 
50 50 
84 84 
