Nodes: 256, Edges: 376
18 18 18 236 236 
21 105 105 158 158 232 
153 153 153 
81 81 81 
14 18 18 18 208 208 
42 68 68 94 103 123 136 136 141 143 143 165 178 221 221 227 234 238 243 243 243 
212 
41 86 86 130 130 203 
131 168 215 228 228 
182 182 
14 
134 134 134 172 172 

37 37 
4 10 18 18 32 32 51 138 146 146 152 152 163 163 180 180 208 208 
26 207 
95 
66 
0 0 0 4 4 4 14 14 60 61 80 80 152 152 186 192 192 206 206 
62 62 62 
166 166 
1 45 45 131 140 153 228 

192 

153 
15 44 59 59 59 62 67 98 213 231 
110 
165 

123 182 196 196 230 230 230 239 

14 14 
37 39 39 44 122 134 197 197 211 211 222 222 

53 53 81 
203 
13 13 33 122 134 134 134 169 219 219 219 

33 33 
203 
7 
5 

26 33 150 188 
21 21 148 148 153 
56 221 
152 152 
245 245 245 

254 254 254 
14 61 

35 35 81 81 

121 121 
46 181 181 
93 93 93 241 
104 152 214 214 245 245 252 
26 26 26 
18 76 152 236 236 250 250 
18 51 206 206 
19 19 19 26 
90 90 90 192 202 242 
196 
81 
17 
26 
5 5 
223 223 223 223 
249 249 
131 247 

134 
86 156 156 156 203 
205 217 233 233 
60 
122 122 
93 93 

18 18 137 137 
3 3 3 35 53 53 65 162 162 173 173 176 176 228 238 251 
197 197 
113 177 177 204 204 
109 109 127 183 183 189 
128 128 
7 7 74 92 218 

203 203 
93 
63 63 63 206 
121 121 238 238 238 
86 203 
57 57 57 78 78 89 201 201 
5 112 112 243 243 
16 
127 229 229 240 240 
226 
26 166 166 209 209 

109 109 109 
145 

5 
58 129 152 
1 1 156 
145 204 204 
152 

84 84 100 100 100 127 194 194 198 216 216 
27 153 

94 94 
83 145 145 177 177 204 246 



234 234 
188 
152 
155 155 
55 55 91 91 238 
33 37 77 77 
5 30 161 196 196 


203 
84 96 109 144 144 144 229 
85 85 228 
104 
7 7 
8 21 71 228 
222 

11 11 11 33 37 37 37 73 

5 5 
80 80 
14 

21 
5 
159 
5 5 221 
127 127 127 
101 106 113 113 204 204 246 246 246 246 
14 14 223 223 
205 
45 45 
203 
44 
228 228 
14 14 18 18 47 47 58 60 104 107 119 157 163 163 225 
2 2 2 21 25 45 110 179 228 
241 241 
120 120 
74 74 74 105 199 199 203 203 
152 
1 1 164 
142 

123 
81 81 238 
14 14 152 152 
158 232 232 232 
5 28 
20 20 98 98 
173 
8 
37 
174 
205 
11 11 
81 81 167 
170 206 

81 81 
83 83 113 113 
5 
153 
14 14 
56 56 
9 9 30 196 
84 84 
228 

18 

44 118 
84 

205 
18 18 23 63 
237 253 253 
109 109 
204 245 
30 30 64 123 123 182 
33 33 82 82 
109 
156 156 
229 229 
93 93 
63 
7 36 40 74 88 88 92 126 149 156 156 220 220 220 
83 83 106 106 113 145 145 195 245 
75 147 171 191 
18 18 61 61 90 174 
15 
4 4 14 14 
98 98 

33 33 
6 222 
26 
58 58 252 252 252 
8 241 
109 109 
75 
86 
37 37 37 
203 203 203 
5 5 46 143 235 
33 33 132 212 
69 69 69 69 146 146 

152 
97 
5 
8 8 21 81 128 131 151 151 153 184 
96 96 127 200 200 
30 30 30 
26 
1 164 164 164 
75 75 
5 117 117 
221 
0 0 60 60 
193 
5 81 91 91 91 121 162 
30 
96 96 
57 154 154 215 
63 
5 5 5 94 94 

48 48 48 58 58 195 204 
113 145 145 145 145 
71 

70 70 
60 60 
81 
58 214 214 214 
193 193 
50 50 50 

