Nodes: 256, Edges: 376
18 236 
21 153 158 164 232 232 

81 81 81 
14 14 18 32 138 138 208 208 
42 46 68 81 81 94 94 102 102 103 108 114 114 126 126 133 133 136 142 159 178 203 227 234 234 238 243 244 248 254 
212 212 
41 74 86 97 124 130 203 203 218 218 
71 71 168 228 
182 
14 
134 134 

33 37 37 
4 4 10 32 47 51 146 152 163 163 208 208 208 
207 207 207 207 231 
78 78 89 93 95 95 
66 66 66 84 
0 4 61 61 63 63 80 80 90 186 192 192 
62 
166 166 
1 45 71 131 131 131 140 140 228 
43 

223 
81 
33 72 231 231 

88 165 191 
205 
64 64 182 182 196 196 239 
157 
4 14 
13 26 37 39 39 44 122 122 134 185 185 185 222 
137 137 137 


13 13 33 134 219 219 219 

33 33 73 134 

7 
5 81 81 
22 195 216 
33 150 
21 153 153 
5 56 221 
14 
152 
84 
254 
14 

81 81 


46 181 181 227 
154 154 241 
104 152 203 245 245 252 

236 250 250 
18 18 206 206 
19 
18 18 137 202 202 
30 30 175 196 
93 93 
17 17 17 

5 
223 
249 249 
8 8 21 247 
26 
39 
7 
171 171 205 233 
152 
122 
16 16 89 93 93 
111 111 
18 18 
3 3 3 5 5 25 42 42 53 53 93 93 162 173 173 176 176 251 
197 197 
113 113 177 177 204 
17 49 183 255 255 
128 128 
7 92 203 203 
237 253 253 
28 203 203 203 
16 78 93 93 
18 206 242 242 
121 121 238 
86 218 
16 65 65 78 78 81 81 89 89 111 154 154 176 224 224 
5 5 112 
16 16 
127 200 229 229 
7 130 226 
166 166 209 209 213 
251 251 
194 194 198 
145 145 
5 5 203 234 234 
5 
58 129 129 129 

145 145 204 
152 152 
5 126 
127 127 194 194 198 216 216 
153 
79 79 93 
94 
83 83 204 246 246 246 
5 5 
253 
203 203 203 
234 


155 155 170 206 
91 91 
33 33 77 
161 161 
7 

5 5 108 203 
96 109 109 144 187 189 229 
85 85 228 228 
104 104 104 
7 97 
21 21 21 228 
222 222 222 
5 5 
11 11 33 37 39 
175 
5 
34 34 34 63 202 202 
4 4 

21 21 

5 
203 221 
127 
101 101 106 106 204 
14 152 152 223 223 

153 

44 
228 228 
14 48 58 76 107 107 146 146 157 163 163 225 
1 45 45 110 148 179 179 228 228 
57 57 93 93 241 241 241 
120 120 
199 203 203 
31 152 
1 
5 

123 123 
81 
14 14 152 152 
1 232 
28 203 203 203 
20 20 98 98 209 
173 
8 

120 206 
75 75 205 

81 81 167 176 176 

64 135 196 196 
81 81 93 173 173 
83 83 
5 
153 153 

56 56 
9 30 30 196 196 
84 
228 
33 33 33 
18 
127 

127 
236 
28 205 205 
18 18 
237 
100 100 109 109 
43 204 204 245 245 
30 30 64 175 175 182 182 
82 82 
100 109 
156 
96 

63 63 137 137 
5 7 7 58 86 86 88 88 88 102 116 116 116 126 143 156 156 165 165 165 220 
83 106 113 145 195 195 245 245 
29 75 171 191 191 
61 61 90 120 170 
15 15 15 15 
4 4 14 14 14 
98 98 166 


6 6 222 
98 
252 

43 109 109 
233 233 
7 7 92 
37 37 37 
203 
46 143 
33 132 132 132 212 
24 69 146 146 
93 93 
152 
97 
5 56 
8 21 128 128 131 151 151 153 153 184 
96 96 127 

15 26 26 
1 1 164 
75 217 217 
5 5 102 102 117 

0 60 190 
87 193 
5 91 
30 

57 154 154 154 
90 90 
5 
5 
58 58 195 195 204 204 
113 113 113 
71 
5 
70 70 
60 60 
81 99 99 
58 214 
87 87 115 
5 50 
84 84 
