Nodes: 256, Edges: 376
18 18 190 236 
21 21 21 105 105 105 153 153 158 164 232 
153 
81 
14 138 208 
42 50 56 94 94 102 102 103 103 103 114 114 123 123 126 126 126 142 143 143 196 243 243 244 
212 212 
41 41 124 203 218 
81 168 168 215 228 247 247 
182 
14 14 
134 134 134 172 172 
227 
33 37 
4 10 10 18 18 47 47 51 138 146 152 152 163 180 180 208 
26 26 207 207 207 
89 93 
66 66 84 
0 0 14 14 61 63 63 80 152 152 186 206 206 
62 62 
98 166 
1 1 1 45 45 52 71 71 131 140 140 153 228 
43 
192 


15 15 59 62 72 72 98 98 141 213 231 231 

88 165 165 
191 
64 64 182 196 196 230 230 239 239 
157 

13 39 44 122 134 197 197 211 222 222 222 
137 
53 81 

13 134 169 219 
42 
33 134 
203 
7 7 
5 38 
22 
33 188 
21 21 
56 56 56 
14 14 152 
58 152 152 245 245 
84 
5 
14 
21 
35 
127 

5 46 46 46 181 181 
93 154 241 241 
48 104 104 203 203 203 252 252 
26 
76 152 250 250 
18 206 
19 19 26 
18 18 192 202 242 242 
30 30 196 
81 81 93 
17 17 



210 249 249 
21 21 
26 26 

203 
203 203 233 233 
60 152 

93 93 
111 111 
18 
3 8 35 65 65 93 153 153 160 162 162 173 176 203 203 228 228 228 238 238 238 251 251 
197 
113 177 177 177 177 204 
17 49 109 127 189 255 255 255 
128 128 
218 
237 
28 165 203 
16 93 93 93 
206 206 242 
238 238 
203 
16 57 65 78 78 81 89 89 89 154 154 176 176 201 201 201 
5 5 112 243 243 

127 127 127 200 229 240 240 
130 130 226 226 
20 26 26 209 

109 
145 
5 5 
5 5 5 
58 58 129 129 152 
1 1 1 156 
145 204 


84 100 127 194 194 198 216 

79 79 
94 
83 246 246 
5 5 
253 253 253 

234 

152 
155 155 170 170 170 206 
238 238 
33 
5 5 161 
7 

5 5 5 
54 84 96 96 96 109 144 144 187 229 229 
85 85 228 228 
104 104 
97 97 
21 

227 
11 11 11 33 37 39 
175 175 

34 202 202 
4 14 

21 21 
26 
5 159 159 
5 5 149 149 
127 127 
101 106 204 204 204 246 
14 152 152 223 

153 153 
143 143 203 203 

228 228 
14 14 18 18 47 48 48 60 76 104 119 146 146 157 223 225 225 
1 1 2 21 81 81 148 148 
57 93 93 176 241 
120 120 
105 203 203 
31 152 
1 164 
142 142 
81 251 251 
123 
81 81 
14 
1 158 
28 28 88 203 203 
20 209 209 

8 8 
37 
120 120 120 174 174 
205 205 
11 11 
81 
170 170 
135 135 
81 93 93 154 
83 83 83 83 


14 14 
56 56 
9 30 196 

228 

18 
127 
44 
84 
0 
29 205 205 
23 63 
237 253 253 
109 109 
204 204 245 
5 30 30 64 182 
33 33 82 
109 

96 229 229 
93 93 93 
63 137 137 
7 40 58 58 58 74 75 75 81 81 88 92 149 149 156 156 165 165 220 251 252 252 
83 106 145 145 145 195 195 
171 171 191 191 
18 18 61 90 90 120 
15 15 15 
4 14 
98 166 166 
70 
33 
6 6 222 
26 
252 
8 
109 

7 86 
37 
203 251 
227 
33 33 33 212 
146 152 

152 152 
97 97 
12 133 221 
8 21 81 81 81 128 128 151 151 184 
96 127 127 200 200 
30 30 
26 26 
1 
75 75 
117 

0 
87 193 
81 81 81 91 91 121 121 
30 30 
96 96 
57 57 154 
63 63 90 
5 5 94 94 
5 
48 48 195 
113 113 145 
8 8 

70 70 
60 60 
81 81 160 160 203 220 
58 58 203 203 214 
115 115 115 193 193 

84 84 84 
