Nodes: 256, Edges: 376
18 190 190 236 236 
21 105 105 153 158 232 
153 153 

14 18 138 208 208 
42 50 56 68 68 102 103 103 114 114 117 123 123 123 126 133 133 136 136 143 159 221 227 243 244 248 
212 
41 69 74 97 97 130 218 
71 168 168 215 215 228 228 247 
182 182 

134 134 134 172 172 172 
227 227 
33 37 
4 18 18 51 51 138 146 152 152 163 180 208 
207 207 231 
78 
66 66 66 84 
0 4 14 14 61 80 90 186 192 206 

98 166 
1 52 71 131 131 131 140 151 228 228 228 


223 223 
81 81 153 153 
33 62 67 231 

88 165 
191 
230 239 
104 157 

13 26 37 37 39 44 44 185 185 197 222 222 
137 137 
53 81 81 
203 
13 33 33 134 219 219 219 219 
42 
33 134 
203 
7 
5 38 243 
195 
33 33 59 150 150 188 188 
148 148 
56 221 
152 
58 152 152 245 
84 84 
5 123 254 254 
14 14 61 137 
21 
35 81 81 

121 238 
5 46 227 227 
93 93 154 241 241 
48 104 152 152 203 245 251 251 252 252 
44 
76 206 236 250 250 250 
18 51 206 206 
26 
90 202 202 242 
196 196 
93 93 
17 17 17 
26 
5 5 
7 223 
122 210 
8 21 228 


7 86 199 203 
205 205 233 
60 
122 
16 89 93 
111 
18 
25 25 35 35 53 53 125 153 153 173 176 176 228 238 251 

113 204 
17 49 49 109 109 127 127 189 189 255 255 
128 
74 92 203 
237 
28 203 203 
78 93 
18 63 242 
238 
86 203 218 
57 57 65 65 78 89 111 224 
112 

127 200 200 229 240 240 
7 7 130 226 
20 166 209 
251 
109 194 194 

5 234 
5 5 
31 58 129 129 152 
1 1 
145 204 204 
119 119 152 
126 
84 84 100 127 194 216 216 216 
153 
79 93 
94 
83 
5 5 
253 253 

5 234 234 
188 
107 107 
155 170 
55 238 
70 77 
5 5 5 50 161 161 

81 
5 108 
84 84 96 109 144 144 187 187 189 216 229 229 229 
85 228 228 
104 104 
7 97 
21 21 21 

5 5 227 
11 11 11 37 39 
175 175 
5 5 
34 34 51 202 202 
4 14 

21 


5 
127 127 
106 204 246 246 246 246 
14 152 152 223 223 223 

45 45 153 

44 44 
21 228 228 228 
14 14 47 48 48 58 58 104 107 146 146 157 163 223 223 225 
1 2 2 25 25 81 81 110 148 179 179 228 
57 176 176 
120 206 206 
199 203 203 203 
31 152 
1 164 
5 

123 123 

14 152 
158 232 232 
28 
20 98 209 209 
173 
8 8 

120 174 206 
205 
11 11 11 
81 167 
170 
135 135 
81 81 154 154 


153 153 
14 

9 9 196 

228 228 
33 33 
18 
127 127 
44 44 118 
84 84 127 
0 0 236 236 
29 205 
18 
253 
100 100 109 
43 204 245 245 
64 64 182 
33 

74 156 
96 96 229 

63 63 137 137 
36 40 58 74 86 88 88 92 156 156 156 220 220 252 252 
83 106 106 145 195 245 245 
75 75 171 191 
18 60 61 61 155 155 170 
15 15 
4 4 14 
98 166 166 
70 

6 222 

252 
8 8 
109 109 109 127 
233 
7 92 
37 37 37 37 
203 203 251 251 
5 46 227 
33 33 212 
24 24 69 146 146 146 152 152 
93 
152 
97 
5 12 12 56 56 133 221 
8 8 21 21 21 71 81 128 128 151 151 151 153 184 184 
96 127 127 127 200 
30 
15 26 
1 164 164 
75 217 
102 117 117 
243 
0 0 60 190 190 
87 
55 81 91 121 
30 
96 96 
57 57 
63 90 
5 42 235 
5 
48 58 195 195 204 204 
145 145 145 145 
8 
5 

60 60 60 
58 58 81 99 220 220 
58 58 203 203 214 
115 115 193 
50 50 
84 84 
