Nodes: 256, Edges: 376
18 18 18 190 190 
21 21 105 153 153 158 158 158 164 232 232 
153 153 
81 81 81 
14 18 18 32 32 
38 38 42 50 68 81 81 102 114 114 123 126 136 136 142 142 143 159 165 178 221 221 238 238 238 243 244 248 248 254 
212 
41 41 69 86 97 124 124 130 130 
71 168 215 228 
182 182 
14 
134 134 134 134 172 172 

33 37 37 
4 10 18 18 18 47 138 139 139 146 146 152 180 208 208 
26 207 231 
78 78 89 95 
84 84 
0 0 0 4 4 14 14 14 60 63 63 80 152 192 192 206 
62 62 
98 166 
1 1 45 52 131 131 140 151 153 153 228 228 
43 
192 192 
223 223 223 
153 153 153 
15 33 33 59 62 62 67 72 72 87 141 237 

88 88 165 165 165 

175 182 182 196 230 
157 157 157 
4 4 
13 26 26 37 37 39 39 39 44 122 185 197 197 197 211 222 222 

53 
203 
13 13 33 33 134 169 219 
5 5 42 42 
33 33 33 

7 7 
5 38 38 243 
22 245 
33 150 188 
21 148 
56 56 56 
14 152 152 
245 245 245 

5 123 123 254 254 

21 
35 
127 127 
121 121 
46 46 46 181 227 
93 154 
104 152 203 252 
26 
18 206 236 250 
206 229 
19 19 26 26 
18 18 137 202 
175 196 196 
81 

26 
5 
7 223 223 
77 122 210 249 249 
8 
26 26 
134 
203 
203 203 205 233 

70 122 122 
16 16 93 

18 137 137 
3 3 3 5 5 65 153 162 173 228 238 
197 
113 177 204 204 
17 17 109 183 183 189 255 255 
128 128 
7 203 
26 
28 28 165 
16 93 93 
242 
121 238 
203 
57 78 89 89 154 154 224 
112 112 
16 
200 229 240 
7 130 226 
20 166 209 209 

109 194 198 198 

5 

58 129 152 152 
1 
145 204 
119 152 152 152 

84 100 127 194 198 
153 

94 94 
83 177 177 246 
5 5 
253 253 
203 
234 

107 152 152 
155 170 170 206 
55 55 91 238 
33 70 77 77 210 
5 50 50 161 
7 7 

5 203 
54 54 109 
85 85 228 228 
104 
7 7 97 
21 21 
222 
227 227 227 
11 11 11 11 37 73 
175 175 
5 5 
63 80 80 
14 
14 14 
21 
26 
5 5 
5 203 

106 204 246 246 246 
14 14 223 

45 

44 
21 228 
14 18 47 47 58 104 104 107 107 107 119 119 163 223 225 225 
1 1 2 2 21 21 25 25 25 81 110 179 179 179 
57 93 93 176 176 241 241 
120 
199 203 203 203 
31 31 31 
1 1 1 164 
5 

123 
81 
152 
1 158 232 
5 28 28 28 88 
20 98 209 209 209 

8 
37 
120 120 174 206 
205 
11 11 
81 176 
170 206 206 
30 64 135 135 
154 154 173 
83 113 113 
5 
153 153 153 
14 
56 
9 9 30 30 
84 84 
228 228 
33 


44 
84 
0 0 
205 
18 18 23 23 
253 253 253 
100 109 
204 204 245 
30 64 64 
33 33 33 82 
100 100 109 
156 
96 229 229 

63 
36 58 74 75 75 86 92 116 126 143 156 156 156 220 220 251 252 
83 83 106 145 195 195 
75 171 191 
18 60 61 120 170 174 174 
15 
14 14 
98 98 166 166 166 
70 122 
33 
6 222 222 

252 252 
8 241 

233 

37 
203 203 251 
5 5 227 
33 33 132 212 212 
24 24 24 69 69 146 152 
93 
152 152 
97 
56 133 133 133 221 
8 21 21 81 128 128 151 184 184 
61 96 200 200 
30 
15 
1 1 164 
75 217 
117 
243 
60 
26 
5 5 5 81 91 121 

96 
154 154 215 
90 
5 42 235 
5 
43 48 48 48 195 
113 145 145 145 

5 5 
70 70 
60 
203 220 
58 203 214 214 
115 115 193 193 193 
5 50 50 
84 84 
