Nodes: 256, Edges: 376
18 18 18 190 236 
158 158 164 164 
153 153 
81 
14 14 18 208 
38 38 42 46 50 56 81 81 81 94 114 117 123 126 133 143 143 159 159 178 203 221 227 238 243 243 244 254 
212 
41 41 41 97 97 130 130 203 203 218 
81 81 131 168 215 

14 
134 134 172 
227 227 227 
33 
4 4 10 18 18 18 32 47 47 138 146 152 152 163 163 180 208 208 
26 207 207 231 
78 93 93 95 
66 
0 0 0 4 14 14 14 60 61 80 90 152 186 186 192 192 206 206 

166 166 
45 71 131 131 140 151 153 153 153 228 228 


223 
81 
15 33 59 62 67 72 237 

165 
205 
182 182 196 230 230 
157 
14 
13 26 39 44 44 122 122 134 222 222 
137 
53 

122 134 134 169 169 219 219 219 
5 5 42 
33 134 
203 203 
7 7 7 
5 38 81 81 
216 245 
33 33 188 188 
21 148 153 153 
5 221 221 221 
14 14 152 152 
58 152 245 245 
84 
5 254 254 


35 
127 127 
121 238 
5 
241 241 
48 152 214 245 245 251 252 
26 
18 76 152 206 206 250 
18 206 206 
26 
90 137 
175 196 196 
93 93 
17 
26 


122 122 249 
21 
26 
134 
156 156 199 203 
147 203 205 205 217 217 233 
60 
122 122 
16 93 93 93 

18 
3 5 5 5 8 8 25 42 42 93 93 125 153 153 160 162 173 203 203 228 238 251 
197 197 197 
177 177 204 204 
49 183 189 255 255 
128 
92 92 203 218 218 
237 253 


18 63 242 
121 121 
86 86 203 203 
16 16 65 65 78 78 78 81 81 111 154 154 176 176 201 224 224 
5 112 243 
16 
127 144 229 229 240 
7 7 
166 209 213 
251 
109 109 109 194 
145 145 
203 234 

152 

145 145 204 
119 
126 126 
100 100 100 127 194 198 216 
153 
93 
94 
177 204 204 246 
5 
253 

5 234 234 
188 
107 
155 155 170 206 206 
55 91 91 238 238 
33 33 37 70 70 77 77 
5 161 

81 
5 108 108 
54 54 96 109 144 144 187 187 189 216 229 
85 228 

7 7 
8 21 21 228 
222 
5 
11 11 33 37 37 39 73 
175 

34 63 
14 

21 

159 159 
5 5 149 149 203 
96 127 127 
101 101 106 106 204 246 
14 152 223 
75 
45 
143 143 

21 228 
14 14 18 47 47 48 58 60 104 146 157 223 225 225 
2 2 21 21 21 45 45 81 81 110 179 179 228 
93 93 176 241 241 
120 120 206 
74 74 
31 152 
1 1 164 
5 5 142 142 
81 251 
123 
81 
14 14 
1 1 158 232 232 
28 203 
20 20 98 209 209 209 
173 173 
8 
37 37 
120 206 206 
205 205 
11 
81 167 167 176 
206 
64 135 
93 93 154 173 
83 83 113 
5 
153 153 
14 

30 30 196 196 
84 
228 228 

18 18 
127 127 
44 44 118 
84 127 
0 236 
205 
18 18 
253 
100 109 
204 245 
30 64 64 182 182 
82 82 82 
109 
74 
229 229 
93 

5 7 7 40 40 74 75 81 81 86 92 92 102 143 165 
83 83 106 113 113 145 195 245 
29 75 75 171 171 191 
18 18 60 60 61 61 120 120 155 170 170 174 
15 15 
4 14 14 
98 166 166 166 


6 
98 
58 
8 
43 109 127 
75 75 
7 86 86 
37 37 37 

5 46 46 46 227 235 
33 33 132 
24 146 152 
93 93 
152 152 

5 12 12 12 221 
21 21 81 128 131 151 153 184 184 
96 96 127 200 200 
30 30 
15 
164 164 
75 
102 117 117 
221 243 
0 190 
26 87 
5 55 81 121 121 

96 
57 57 154 154 
90 
5 5 94 235 
5 
43 48 48 58 58 195 204 
113 145 


70 
60 
58 81 99 160 
58 
87 115 193 
5 50 50 
84 84 
