Nodes: 256, Edges: 376
18 190 190 236 
21 21 105 153 158 232 

81 81 
18 32 138 208 
42 56 56 94 94 103 114 114 114 117 123 123 126 133 136 136 136 159 178 178 203 203 221 248 248 254 254 

41 74 86 86 86 218 
81 81 81 168 168 168 215 228 

14 
134 134 134 172 172 

33 37 
10 18 32 47 51 139 139 152 180 
26 26 
78 89 95 
66 66 66 
0 4 14 60 61 63 63 80 80 80 90 90 180 206 
62 62 
98 98 98 166 
1 1 52 71 71 131 131 131 140 140 153 228 228 

192 

81 153 
15 15 33 44 59 62 62 70 72 72 72 231 
110 
88 

64 175 175 182 196 230 239 239 
157 
4 14 
13 26 37 39 39 44 122 122 134 185 211 222 
137 137 137 
81 81 
203 
13 33 134 150 169 219 219 219 
42 
33 33 73 
203 
7 
5 38 243 
195 195 
26 33 
153 
56 
14 152 152 
152 245 


14 
21 
81 81 
127 
121 121 
5 5 46 181 
154 241 
104 203 203 214 214 245 251 252 252 252 
26 
18 76 152 152 152 206 206 236 236 250 250 
18 206 
19 19 26 26 
18 18 137 137 202 
30 175 196 
93 93 93 
17 17 17 


223 223 223 
26 122 122 249 249 249 
21 21 131 228 
26 26 26 
39 
7 86 156 203 203 
147 171 171 205 205 217 217 233 
60 
122 122 
16 93 93 93 
111 
18 18 18 
3 3 8 8 8 25 35 35 53 53 153 173 203 228 228 238 238 
197 197 197 
113 113 177 177 177 204 204 
100 109 183 255 
128 
7 7 7 74 92 203 203 218 

28 165 165 165 203 203 
16 
18 18 206 206 242 242 242 
121 
86 203 
65 65 65 78 78 78 111 111 154 154 224 
5 5 112 243 
16 
127 127 144 200 229 240 240 
130 
20 20 20 166 209 
251 251 
84 109 109 198 

203 
5 
58 
1 
145 204 
119 119 152 152 
126 
84 100 100 127 127 127 194 
27 
79 93 93 
94 
83 83 177 204 246 
5 5 5 

203 
5 234 
188 
107 107 152 
155 155 155 170 206 206 
55 55 91 
33 33 70 70 77 77 
5 5 


5 108 
54 96 96 109 109 109 144 144 144 229 
85 228 228 

97 
21 21 21 71 228 228 
222 222 
5 
11 11 11 33 37 
175 
5 5 5 
34 34 34 63 63 
4 
14 14 
21 21 

159 
149 149 149 203 221 
96 127 127 127 
106 246 
152 152 223 
75 
153 
143 143 143 203 233 
37 
228 228 
14 47 47 48 60 60 60 107 107 119 146 146 225 
1 21 25 45 81 148 179 228 228 
57 93 93 176 176 241 241 
120 120 120 
74 199 203 
31 
1 164 
5 142 
251 



158 232 232 
88 88 88 
20 98 209 
173 173 
8 8 8 
37 
120 174 
75 75 
11 11 
81 167 167 
170 206 
30 30 64 135 
154 154 
83 83 83 113 
5 5 
153 
14 18 
56 
30 196 
84 

33 


118 

0 0 236 

23 
237 237 253 
109 
43 43 245 
30 64 182 
82 82 82 
100 
156 
96 229 229 

63 
5 5 36 40 58 58 74 74 81 86 86 88 88 92 102 116 143 149 156 251 
83 83 106 113 245 
75 75 
18 60 60 61 90 90 120 120 174 

4 
98 166 

33 


58 58 
8 

75 75 233 233 
7 86 
37 37 37 

5 143 227 
33 132 132 
69 69 69 146 
93 
152 

221 
8 21 21 71 81 81 128 128 131 131 151 151 153 153 
96 127 200 200 
30 
26 
1 164 164 
75 149 217 217 
117 
243 
0 60 60 190 
193 193 
81 81 
30 30 
96 96 
57 154 154 
90 90 90 
42 94 235 

48 58 195 204 
113 145 

5 5 
70 70 70 
60 60 
58 99 99 160 203 
58 58 58 
193 
5 5 
84 
