Nodes: 256, Edges: 376
18 190 
21 164 164 232 232 

81 81 
32 208 
38 46 50 68 94 103 103 108 108 117 117 133 136 136 141 142 143 159 159 159 165 165 178 221 227 234 238 243 244 248 248 254 
212 212 
41 69 124 130 218 218 
71 81 141 168 168 247 247 
182 182 
14 
134 172 
227 
33 33 37 
10 18 32 47 51 146 163 180 
207 207 207 231 
78 89 
66 66 84 
0 14 60 61 61 61 63 80 90 152 186 192 192 

98 166 
1 45 71 71 140 140 228 228 

192 192 
223 223 
81 
33 62 62 67 72 87 87 122 175 

165 165 165 191 
205 205 
64 196 196 196 230 239 
104 
4 14 
13 13 26 37 37 39 44 44 185 197 197 211 211 222 

53 81 81 81 
203 203 
13 33 33 122 134 134 134 169 219 219 
5 42 
33 
203 
7 
38 81 81 243 
245 
33 33 150 188 188 
21 148 
5 221 221 
14 
152 152 245 
84 84 
5 254 254 
14 61 

35 81 
127 127 
121 238 238 

93 93 154 241 
203 245 251 

18 76 76 206 206 236 
18 18 18 51 206 206 
26 26 
18 137 202 202 242 
30 175 196 196 196 
81 93 93 
17 17 
26 
5 
7 
210 249 249 
8 21 21 228 247 247 247 
26 

156 199 203 
147 171 203 205 217 217 233 233 
60 60 152 
122 
16 
111 111 
18 137 
3 3 8 25 35 35 35 42 42 53 65 93 153 153 160 162 162 173 203 228 228 238 
197 
177 177 204 
17 49 49 100 109 183 189 189 255 
128 
92 218 
26 26 
203 203 
16 93 93 
18 242 
238 
86 203 
57 57 65 65 81 89 89 176 224 224 
5 112 

200 240 240 
226 
20 166 209 209 213 
251 
84 109 109 109 198 

203 234 
5 5 
31 152 152 


119 119 
5 5 
84 100 100 100 127 127 198 198 216 216 
153 153 
79 79 
94 
177 204 246 

253 253 253 253 
203 203 
5 5 

107 107 152 
206 
55 238 238 
26 37 77 210 210 
161 161 161 196 196 
7 


54 54 109 109 144 187 189 189 229 229 
85 

7 
228 
222 
5 227 
11 37 37 37 

5 5 
63 80 202 


21 21 
5 8 
5 159 159 
5 203 221 221 221 
127 
204 204 246 246 246 
14 152 152 223 223 
75 
45 153 153 

44 
228 228 
18 48 48 76 104 104 119 146 146 163 223 223 
81 81 110 110 148 148 179 228 
57 176 241 241 
206 
74 199 

164 164 
5 5 5 142 142 
81 
123 123 123 
81 81 238 
14 152 
1 1 158 158 232 232 
5 5 28 28 28 
20 98 209 

8 8 
37 222 
174 206 
75 205 
11 
81 176 
170 206 
26 64 
93 154 173 
83 83 113 
5 
153 
14 

9 9 196 
84 
228 
33 
18 
127 
44 44 
84 84 127 127 
0 
28 
18 18 23 23 
237 253 253 


30 30 30 64 64 64 123 123 182 
33 33 82 
100 109 109 255 
74 156 
96 

63 63 137 
36 36 40 58 74 75 81 88 88 92 102 116 116 143 251 252 252 
83 113 145 145 
29 29 75 171 
60 60 61 61 120 155 170 174 
15 15 15 
4 
98 98 166 
70 122 122 
33 33 
6 6 222 
98 237 
252 252 

109 109 
75 75 
7 7 86 
37 37 

5 46 46 143 143 143 227 
33 132 169 212 
24 24 146 146 152 152 
93 93 

97 
5 12 133 221 
21 21 71 81 81 131 151 151 153 184 
127 127 
30 
15 
1 1 164 164 
75 75 
5 102 
243 
60 
193 213 
5 55 55 81 91 121 121 162 
30 
96 96 
57 154 154 
63 90 
5 42 235 
5 
43 48 58 
113 145 145 145 
8 8 71 71 71 
5 5 
70 70 

58 99 203 
203 203 214 214 
115 115 115 115 193 193 
5 50 50 
84 198 
