Nodes: 256, Edges: 376
18 18 18 
105 158 232 
153 153 
81 81 
14 14 18 32 138 208 208 
42 50 81 94 103 103 103 114 117 117 126 126 133 133 142 165 203 227 248 248 
212 212 
41 86 86 124 130 130 203 203 218 
168 215 228 228 247 
182 182 

172 172 
227 227 
33 37 
4 4 18 32 32 47 47 138 138 146 146 152 208 208 
26 207 
93 93 95 

0 0 0 4 14 60 61 61 63 63 80 80 186 186 192 192 192 206 
62 
98 98 166 
52 71 71 131 131 131 131 131 140 140 153 153 228 228 
43 
192 192 
223 223 223 

15 33 62 67 67 67 98 98 141 231 231 

165 165 165 
205 
64 175 230 230 239 239 
104 
4 14 14 
13 26 39 44 44 134 185 211 222 
137 
53 81 81 
203 203 
13 134 219 219 219 
42 
33 73 134 
203 
7 
5 38 
22 195 245 245 
33 33 59 150 188 188 
153 153 

14 14 


5 123 254 254 
61 
21 
35 81 81 

121 121 238 238 238 
181 181 227 
93 154 241 
203 203 245 245 251 252 252 
44 
18 76 206 236 250 
18 18 51 206 206 
19 26 
18 18 90 137 202 242 
30 196 196 
93 93 

26 26 26 

223 
77 122 210 249 
21 21 131 228 228 

39 134 
156 156 203 203 
205 205 217 233 
60 
70 122 
89 93 93 
111 
18 18 137 
3 3 5 35 35 53 53 153 176 176 203 238 251 
197 197 
113 177 177 204 204 
109 127 127 183 255 
128 
7 7 92 92 218 218 
237 253 253 
165 
78 93 
63 206 242 
121 238 238 238 
86 86 203 203 
16 16 57 65 65 78 78 89 111 176 176 
5 243 
16 
127 200 229 

20 20 26 26 166 209 213 

194 198 
145 
203 
5 5 5 
31 129 129 
1 
145 145 145 204 
119 
126 
84 127 194 198 

79 93 

83 145 204 204 246 
5 
253 253 253 
203 
5 5 
188 
107 152 152 
155 170 170 
55 55 91 
70 77 210 
50 161 161 196 
7 

5 5 108 203 
84 84 96 109 144 144 187 187 189 216 
85 228 
104 104 
7 7 
21 21 21 21 21 71 228 
222 
5 5 227 
33 37 39 73 


34 63 80 
4 14 14 

21 21 
26 
5 
149 
127 127 
101 106 106 106 113 246 246 246 246 
14 14 

153 153 
143 
44 
228 228 
14 119 119 157 157 163 163 223 225 
2 2 21 21 45 45 81 148 148 179 228 228 
57 176 176 241 241 241 
120 206 
74 74 
152 152 
1 164 

251 
123 123 

152 152 
158 232 
5 28 28 28 88 203 
20 98 209 
173 
8 

120 120 174 

11 11 
167 
170 
30 196 
81 81 93 93 154 154 
83 83 

153 

56 56 
9 9 196 196 196 
84 
228 228 
33 
18 18 
127 127 
44 44 118 
127 
236 
205 205 205 
18 18 18 23 23 
237 253 253 
100 109 
43 204 245 245 
64 64 123 175 182 182 182 
82 82 
100 109 

96 

63 
5 7 7 36 36 40 58 58 74 74 81 92 92 102 116 126 165 220 251 251 252 252 252 
83 83 106 113 113 195 
29 75 75 191 191 191 
18 60 61 61 90 155 
15 
4 4 14 14 
98 166 
70 122 
33 
6 6 
98 
252 
8 
127 
75 233 
7 86 86 
37 37 37 
203 251 251 
227 235 
33 132 
24 24 24 69 152 

152 

5 12 12 56 133 221 
8 8 21 21 71 71 128 131 151 151 153 153 184 184 
96 
30 30 
26 26 
1 164 
75 217 

221 
60 190 
87 193 
55 55 55 81 91 91 91 
30 30 

57 154 154 154 
63 90 
94 

43 43 58 58 195 195 
113 145 145 145 145 
8 
5 5 
70 
60 
58 81 160 203 203 220 220 
58 58 203 203 203 214 
87 87 115 115 115 193 193 
50 50 
84 
