Nodes: 256, Edges: 376
18 18 190 190 236 236 
21 21 105 105 153 164 164 232 
153 
81 81 
18 32 138 
38 50 50 56 68 68 68 102 102 103 108 114 114 114 123 126 126 133 136 136 203 221 221 238 243 243 248 
212 
41 69 74 124 124 130 203 218 
71 81 168 228 
182 182 

134 134 172 172 
227 227 
33 
18 32 32 51 138 138 139 139 152 180 
26 207 207 207 
78 93 93 95 
66 66 84 84 84 
0 0 4 14 80 80 80 90 180 192 206 
62 62 
98 166 166 
1 1 52 131 131 131 140 140 151 228 228 
43 
192 
223 223 223 
153 
15 62 67 67 70 72 72 98 175 237 
110 
88 88 165 165 
205 
64 123 230 230 239 
104 157 
4 14 14 
13 39 44 122 185 197 197 222 222 
137 
53 
203 203 
122 134 134 134 169 219 219 219 
5 
33 134 
203 
7 
81 243 
22 195 245 245 
33 188 188 188 
148 148 
221 

152 245 
84 84 
5 5 123 254 254 254 254 
14 
21 
35 81 

121 121 121 
5 227 227 
241 241 
104 152 214 245 252 

152 206 206 250 250 250 
206 
19 19 26 
90 137 192 242 242 242 
30 
93 
17 17 
26 26 
5 5 5 
7 223 223 
26 
8 131 247 
26 26 
134 
7 156 156 203 203 203 
171 205 233 233 

122 
16 93 
111 111 111 
18 18 18 
3 3 8 42 53 153 153 160 162 176 203 203 238 251 
197 
177 177 177 204 
17 17 17 49 49 127 183 189 255 255 255 
128 128 
92 92 

28 28 165 165 203 
93 93 
18 63 242 
121 238 
86 86 218 
16 16 65 78 89 89 111 154 176 224 224 
112 112 
16 
127 127 144 200 229 229 240 
226 
20 26 166 

109 109 

5 5 
5 
31 58 129 152 
1 1 
145 145 
119 119 152 
5 126 126 
100 100 194 194 216 216 
27 153 
79 79 79 93 
94 94 
145 177 177 204 246 
5 5 5 
253 253 

234 234 
188 
107 107 152 152 152 
155 155 155 206 
55 55 55 91 238 238 
33 37 77 
5 30 50 
7 7 

5 5 108 108 
84 96 96 144 144 144 144 187 187 187 189 189 229 229 229 
85 85 
104 
7 
21 21 21 71 
222 
5 227 
11 11 37 37 37 39 73 
175 175 175 
5 5 
34 63 
4 14 14 
14 14 
21 21 


203 203 221 
96 127 127 127 127 
106 106 113 204 246 246 


45 45 153 


21 
14 48 58 60 104 107 119 119 119 223 225 
1 2 25 81 81 110 148 179 228 
93 176 241 
120 120 120 
74 74 199 203 
31 
164 

81 

81 

1 1 158 232 
28 28 88 88 203 
20 20 98 209 209 
173 
8 
37 
174 206 206 
75 
11 11 
167 
170 206 
26 135 135 135 
81 93 154 
83 83 83 113 113 

153 
14 18 

9 9 
84 
228 
33 

127 127 127 
44 44 44 118 
84 127 127 
0 0 
205 
18 23 63 

109 109 
43 204 

33 33 82 

156 
96 229 229 


5 7 36 36 40 74 74 74 81 81 88 143 143 156 165 220 251 251 252 
83 113 145 195 245 245 
29 75 191 
18 60 60 61 120 170 170 174 
15 15 15 

166 166 


6 222 222 222 

58 252 

109 109 
233 233 
7 92 
37 37 37 
203 251 
5 5 46 143 227 227 
33 33 132 212 212 212 
24 24 24 69 69 152 
93 93 
152 
97 
12 12 56 56 133 221 221 
8 21 21 153 184 
96 96 127 127 127 200 200 
30 30 

1 164 
75 75 217 217 
117 117 
243 
0 0 
26 
5 81 91 121 121 
30 
96 
57 57 154 
63 63 63 90 
5 5 42 235 

43 43 48 58 204 204 
113 145 145 
71 
5 

60 60 60 
81 203 203 220 
58 203 214 
115 115 
50 50 50 50 
84 84 84 
