Nodes: 256, Edges: 644
236 
21 21 105 110 110 110 153 158 164 164 232 232 232 
129 129 129 153 153 153 
81 81 228 228 238 
14 14 14 18 32 138 
38 38 38 38 38 42 42 46 46 50 50 56 56 81 81 81 91 91 91 91 94 102 102 114 114 123 123 133 143 159 159 161 161 161 178 196 203 227 227 227 234 238 238 238 243 244 244 248 248 
212 222 222 
41 74 86 124 124 125 203 203 
71 81 168 168 215 228 228 247 247 
182 182 230 
14 
33 
114 227 
33 33 37 37 
4 4 4 10 18 18 18 47 51 51 138 139 146 146 152 163 163 208 
26 26 231 231 231 
89 93 
66 66 84 84 226 226 226 226 
4 14 14 14 34 34 51 51 61 61 61 63 63 120 120 120 137 137 138 145 145 152 152 152 206 206 
62 62 62 
98 98 98 166 
1 1 45 45 140 153 153 153 179 179 228 228 
204 204 204 245 
192 
107 107 107 107 152 223 
81 81 153 153 
15 15 33 44 44 67 67 70 70 72 72 82 82 87 87 98 98 98 108 108 108 117 117 207 207 207 213 231 231 237 
52 153 153 
88 88 165 
205 205 
64 64 175 182 196 196 196 230 239 239 
152 
4 138 
11 13 13 26 37 44 44 122 134 134 150 150 169 169 172 185 185 185 197 219 222 222 
18 18 137 137 
53 53 81 

13 13 33 169 
5 5 5 5 5 
134 
203 203 
7 179 
5 5 81 151 151 228 228 228 228 243 243 
58 195 195 245 
26 26 33 33 59 59 59 73 73 73 73 118 150 188 
21 21 153 153 
5 5 103 103 
14 152 152 152 180 180 180 180 
58 58 152 
84 84 84 
5 5 
14 14 18 18 
27 140 
35 35 81 
83 127 127 127 
121 121 238 
5 5 103 181 227 227 
93 154 
43 48 48 104 104 104 152 152 203 203 245 245 251 
44 44 44 
61 61 61 76 152 190 236 236 
18 18 18 60 60 60 206 
19 19 19 108 108 108 108 108 
18 18 137 137 202 242 
30 30 
81 81 93 93 
17 17 84 84 
26 26 

186 186 
26 26 249 249 
8 131 228 247 247 247 
26 26 
44 44 44 44 
7 156 156 203 203 
147 171 203 205 205 217 217 233 233 233 
60 
122 
86 89 89 93 
111 111 111 
137 137 
3 3 5 5 5 8 25 25 35 42 53 65 65 99 153 153 153 160 162 173 173 203 203 220 220 228 251 251 251 
26 26 231 
54 113 113 177 177 
17 17 49 49 49 66 66 100 109 109 127 127 183 183 189 
228 228 
7 78 203 203 203 203 218 218 
26 26 108 108 108 115 
28 28 203 203 
16 78 78 95 
206 242 
5 5 5 5 111 121 121 153 
203 203 
16 57 65 65 78 111 111 154 154 176 201 
5 112 112 243 243 243 
89 
127 127 200 240 
130 226 
20 20 20 26 26 26 166 166 209 209 
81 228 251 
84 109 127 127 127 127 127 194 198 198 
145 145 204 204 
5 5 142 142 142 203 234 
46 46 56 
58 58 58 152 
1 
145 
24 24 24 24 119 119 152 
26 26 26 62 62 62 62 62 87 87 87 
84 84 100 127 194 194 198 198 255 255 
1 1 1 153 
79 79 79 91 93 93 154 154 154 154 
94 94 
83 83 145 145 177 204 246 246 
5 5 12 227 
87 
203 
26 26 136 
44 
107 107 152 152 
18 18 18 170 170 170 206 
55 55 91 91 181 238 238 
33 77 210 210 210 
5 5 161 161 196 
7 7 
7 
203 
54 54 54 84 84 96 96 100 100 100 100 100 109 187 189 216 216 229 229 
228 251 
2 2 2 
97 
71 
222 222 
5 227 
33 33 39 
175 175 
117 
18 18 34 34 63 63 80 80 
4 14 18 32 
14 
21 52 

102 102 102 159 
5 149 165 165 
200 240 240 
18 18 101 101 106 113 113 204 
14 14 152 223 
75 
153 
143 203 203 
33 33 44 
42 42 153 153 228 228 
14 18 18 18 24 31 47 47 47 48 58 58 60 104 107 119 119 146 157 157 163 163 223 225 225 225 
1 2 2 2 21 21 21 25 25 27 27 45 45 81 81 81 91 110 148 151 151 179 228 
57 93 93 111 111 111 111 176 241 
205 205 
74 74 199 199 203 
152 152 163 163 
1 164 
5 5 142 
81 227 
5 5 5 123 123 
81 238 238 238 
14 14 152 152 157 157 
1 1 158 232 
28 143 143 203 203 
20 98 98 209 
173 
8 8 
33 33 37 
120 120 120 174 174 206 206 
75 205 
33 
81 81 167 176 
170 170 206 206 206 
30 135 135 196 
93 154 173 224 224 
83 83 113 
5 
21 21 41 153 
47 47 47 47 
56 121 
9 9 30 
84 84 
228 
33 33 33 
69 69 
127 
44 
84 127 216 216 216 216 
60 236 
205 205 205 
23 206 206 
200 
100 109 109 
43 43 204 245 245 
5 30 30 30 123 175 239 
33 
100 100 109 109 
156 156 
96 144 193 229 240 240 240 240 
93 
63 
5 7 7 40 40 58 58 74 74 75 81 81 86 86 86 86 88 88 92 92 102 116 126 149 149 156 165 165 220 251 251 252 
22 22 22 101 101 113 145 195 
29 29 75 75 155 155 171 191 191 191 
18 18 61 90 120 170 170 174 174 174 192 192 250 250 
26 26 26 
14 
98 98 166 
122 122 122 

6 222 222 
26 
252 252 
8 228 228 228 
127 127 189 189 189 189 
75 75 233 233 
86 86 
33 
81 81 203 251 

6 6 33 33 132 132 212 212 
24 146 152 
176 176 
152 152 152 
17 17 17 17 97 
5 5 5 12 56 56 114 133 160 
3 3 8 8 21 21 42 42 42 42 71 81 85 85 99 128 151 151 153 184 215 215 215 
127 127 200 240 240 240 
9 30 
15 15 15 26 26 82 
1 1 1 164 
75 75 75 217 217 
5 102 254 

0 60 60 190 
26 253 
3 5 5 5 55 121 121 162 162 162 
30 30 196 
96 144 144 200 200 200 200 229 229 229 
154 
63 90 
5 42 42 94 94 94 248 248 248 248 
5 5 
22 43 58 58 195 195 
113 113 
8 8 71 71 71 
5 5 243 243 243 243 
70 70 
206 206 
58 81 81 81 99 128 203 203 220 
203 214 214 
237 
234 
109 109 
