Nodes: 256, Edges: 644
60 236 236 236 
21 21 105 105 110 110 110 110 110 153 158 158 158 164 164 232 
129 129 153 
81 81 228 228 
14 14 18 32 32 
26 38 42 42 42 46 46 50 50 56 56 68 68 81 81 91 91 91 94 94 98 102 102 108 114 123 123 133 133 133 141 141 143 159 159 159 161 178 196 196 235 235 238 238 243 243 248 
212 222 222 
41 74 74 86 97 97 124 124 124 125 125 203 203 203 
71 81 81 168 215 228 228 247 247 
182 182 230 
14 14 
33 33 33 
227 227 
33 33 33 37 37 
4 4 10 10 18 32 32 32 47 47 51 51 51 60 138 146 146 146 152 163 163 163 
26 231 231 
89 89 93 93 
66 66 84 84 226 226 
4 14 34 34 34 51 51 61 61 120 137 137 138 145 145 152 152 152 186 206 
62 
98 98 98 166 
1 1 140 140 140 153 153 179 179 228 
204 245 
192 192 
107 107 107 107 152 152 152 
81 153 153 
5 15 33 33 44 44 59 67 72 82 82 82 87 87 87 98 98 108 117 117 122 122 141 141 196 207 207 231 231 
52 
88 165 165 165 

64 64 175 175 182 182 182 196 230 230 230 239 239 
152 152 
4 4 14 14 14 138 
11 11 11 13 13 13 26 26 39 44 122 122 122 134 134 150 169 172 172 185 197 197 197 219 222 
18 18 18 137 137 
53 53 81 81 81 
74 
13 13 122 169 
5 
33 134 134 
203 203 
7 
5 5 5 81 151 151 151 228 228 228 228 243 
195 245 245 
26 26 33 59 73 73 73 73 150 188 188 219 222 222 222 
148 153 
5 5 103 103 
14 14 152 152 180 180 
58 58 152 152 
84 
5 5 
14 14 14 18 18 
27 
35 35 81 81 
83 127 127 
121 121 
5 5 181 181 181 227 
93 154 154 
48 48 104 104 104 203 203 214 214 245 
26 44 
0 14 61 76 76 190 206 206 236 236 
18 18 60 206 
19 108 108 108 
90 90 137 137 242 242 
30 30 
81 93 93 
17 17 84 84 
26 
5 5 
146 146 186 
122 122 249 
8 131 228 228 247 247 
26 
44 44 44 44 
7 7 36 156 203 203 
171 171 171 203 217 217 233 233 
60 60 
122 122 122 
86 89 89 93 93 

137 137 137 
3 3 5 5 8 8 25 35 35 35 42 53 53 65 93 153 162 162 173 173 176 203 203 220 220 228 238 238 251 251 251 
26 26 26 
54 177 177 177 177 204 204 204 
17 17 49 66 66 100 109 109 127 127 183 183 183 189 
228 
7 78 203 203 218 218 
26 26 26 108 108 108 115 115 115 237 237 253 
28 165 203 203 
16 16 78 78 
63 63 186 206 206 242 242 
5 5 5 
203 203 
16 16 57 65 65 78 78 81 111 154 176 201 201 241 241 
5 5 112 243 243 
153 
127 200 240 
7 7 226 
5 20 20 20 26 26 166 209 209 209 
251 
84 109 127 127 127 194 198 198 198 229 
145 204 204 
5 5 142 142 142 203 203 234 234 254 
46 46 
58 58 58 129 129 129 152 152 
1 1 

24 24 24 24 119 
5 26 62 62 62 87 87 87 
84 84 100 127 127 198 255 255 
1 1 1 1 1 
93 154 154 154 
94 
145 177 177 204 
5 227 227 
87 87 87 
203 203 
26 26 136 

107 152 152 
18 170 170 206 206 
55 55 181 238 238 
26 26 33 33 33 37 70 70 77 77 77 207 210 210 
5 5 161 182 196 196 
7 7 7 
7 7 
203 
54 54 84 84 96 100 100 100 109 109 
228 
2 2 104 104 104 

71 
222 222 
5 5 5 227 227 
33 33 39 39 
175 175 
117 
18 18 34 34 63 63 80 80 80 202 202 
14 18 32 208 

21 21 21 
5 5 26 26 
102 102 102 159 
5 149 149 149 165 203 203 
240 
18 18 101 113 204 
14 14 14 69 69 223 

45 153 
143 143 143 
33 44 
42 42 42 153 153 153 228 
14 18 18 18 24 24 24 31 31 47 47 48 48 104 104 119 119 157 157 163 223 225 225 
1 2 21 21 25 25 45 81 95 148 151 151 151 179 179 228 
57 57 93 111 111 111 176 
205 205 206 
74 199 199 203 
152 152 163 163 163 163 
1 1 1 
5 5 5 142 

5 123 
81 81 238 238 
14 14 14 152 157 157 157 157 
1 1 232 232 
28 28 28 88 143 203 
20 98 
173 173 173 
8 
33 37 
120 120 174 206 206 
75 75 75 205 
33 33 
81 81 167 167 167 176 176 
170 206 206 
30 30 135 135 196 196 
81 93 154 173 173 224 224 224 
83 83 83 83 113 113 204 
5 
21 21 153 153 
47 47 
56 56 56 121 
9 9 30 30 30 123 
84 84 84 
228 228 
33 
18 69 90 

44 44 
84 216 216 216 
60 236 236 
205 205 
23 23 206 206 206 
200 253 
100 
43 204 245 245 
5 5 26 30 123 123 175 175 239 
33 33 33 
100 100 100 109 
156 156 
96 193 240 240 240 
93 93 
137 137 
7 7 7 40 40 58 58 74 74 75 81 81 86 86 88 88 92 92 102 102 116 116 126 143 143 156 165 220 220 220 251 251 
22 83 83 83 101 101 113 145 177 195 245 
155 155 171 191 191 
18 60 60 61 90 90 120 120 155 170 170 174 174 192 192 192 250 
26 26 122 
138 
98 98 98 
122 122 
222 
6 222 222 
237 
58 58 252 252 
8 228 228 228 
189 189 189 
75 75 233 
86 86 
33 44 
81 81 203 203 203 251 
248 
6 6 33 44 44 44 132 132 211 212 212 
146 152 
176 176 176 
152 152 
17 17 97 
12 12 56 114 114 133 133 
3 3 8 8 21 42 42 42 42 71 71 81 85 128 151 153 184 184 215 215 215 
100 240 240 
9 30 30 30 
15 15 26 26 
1 164 164 
75 75 217 
102 102 254 254 254 
5 5 
0 0 0 60 60 190 190 
87 87 213 253 
5 5 81 81 121 121 162 162 
30 30 196 
96 144 200 200 200 229 229 
93 93 
63 63 90 90 
5 5 42 94 94 248 248 248 248 

22 43 43 58 195 195 204 

8 8 71 71 
5 221 243 243 243 243 
70 
206 
81 81 81 99 203 203 220 
214 214 
87 193 237 
102 234 234 234 
109 109 
