Nodes: 256, Edges: 644
60 
21 21 105 110 110 110 110 110 158 158 158 164 164 232 232 

81 81 228 228 
14 14 18 32 
42 46 50 50 50 56 81 81 91 91 91 91 94 94 102 102 102 114 123 133 133 143 143 143 159 159 159 161 161 178 178 178 196 203 203 203 227 238 238 243 243 244 244 
212 212 212 
41 74 74 97 97 97 124 124 125 125 203 203 
71 81 168 168 215 215 
182 182 230 
14 14 
33 
114 227 227 
33 33 37 
4 4 10 10 32 32 47 51 51 138 139 146 152 152 152 163 163 208 208 
26 231 231 231 
89 89 93 93 
84 226 226 
4 34 34 51 51 63 63 63 120 120 120 137 145 145 152 186 186 206 206 
62 62 62 
98 98 98 166 
1 1 140 140 140 153 153 179 228 228 
195 204 204 204 245 

107 107 107 107 152 
81 81 153 
15 33 44 44 62 62 62 67 70 82 82 87 87 87 98 98 98 108 108 108 141 141 141 207 213 213 231 231 231 237 237 237 
52 
88 165 165 
205 205 
64 64 175 175 175 196 196 230 230 230 239 239 
152 152 
4 14 14 138 
11 13 13 26 37 44 122 134 134 134 134 150 150 150 169 172 172 172 197 219 222 
18 18 
53 81 81 81 

13 33 122 122 122 169 

134 

7 
5 81 81 125 125 151 151 228 243 
195 245 245 245 
26 26 33 59 59 59 73 73 73 73 150 188 219 222 
148 153 
5 103 103 103 103 
14 152 152 180 180 180 
58 152 
84 84 
5 5 5 
14 14 18 18 
27 
35 81 81 
83 127 127 127 
121 238 
5 181 181 227 
93 93 154 154 
48 203 203 203 203 214 214 214 245 251 251 
44 44 44 
0 61 61 61 76 76 152 152 190 206 206 236 
60 60 60 206 
19 19 19 26 26 26 108 
18 18 18 90 90 90 137 137 202 242 242 
30 30 
81 81 93 
84 
26 

146 186 186 186 
26 122 249 249 
8 228 228 247 

44 44 44 44 
7 7 156 203 
205 217 217 226 233 
60 60 
122 122 
89 93 
111 
137 137 137 
3 3 5 5 8 25 25 35 35 35 42 42 53 53 65 65 93 93 93 99 153 153 162 162 173 173 176 176 203 220 220 220 228 238 238 251 251 
26 26 231 
54 113 177 177 204 204 204 
17 49 49 66 100 109 109 109 127 127 183 183 189 
228 228 228 
203 203 203 218 
26 26 26 108 108 108 115 115 115 253 
28 165 203 203 
16 16 78 95 
63 63 63 206 206 242 242 
5 5 5 5 153 
203 
16 16 57 57 65 78 81 81 81 111 111 176 176 176 201 201 241 
5 5 112 243 243 
89 
127 127 200 200 200 229 229 240 
7 7 7 130 130 
20 20 20 26 26 26 166 
81 251 
84 109 127 127 127 194 198 229 
145 145 
5 5 5 142 142 203 203 234 234 254 
46 46 46 46 
129 129 129 152 
1 
145 
24 24 24 24 119 152 152 
26 26 26 62 87 87 87 
84 84 84 100 127 127 180 194 194 198 198 198 255 255 
1 1 1 1 1 153 153 
79 93 93 154 
94 
83 145 204 204 204 246 246 
5 12 227 227 
87 87 87 
203 203 
136 
217 
107 152 152 
18 18 18 170 170 206 206 
55 238 
33 37 37 37 70 77 77 210 210 210 
5 161 182 196 
7 7 
7 7 42 42 
203 203 
54 54 54 84 84 96 96 100 100 100 109 109 187 187 189 229 229 
251 
104 104 104 
97 97 
228 
222 222 
5 5 227 
33 33 33 33 39 
175 175 
117 
18 63 63 80 80 80 202 
14 32 
14 
21 21 21 
26 26 26 
102 102 159 159 
5 5 5 165 165 203 203 203 
200 200 200 240 240 
18 18 101 101 106 113 204 
14 69 152 

45 153 
203 
33 33 33 44 
42 42 153 153 153 228 228 228 
14 14 14 18 24 31 31 47 47 48 60 60 104 107 107 119 119 146 157 157 163 163 163 223 225 225 
21 21 25 45 81 81 91 110 110 148 151 151 151 228 228 
57 57 111 176 241 241 
205 205 206 206 206 
74 199 199 199 203 203 
152 152 163 163 
1 1 1 164 164 
5 5 5 142 142 
227 
5 5 123 
81 81 
14 14 152 152 152 157 157 
1 1 158 158 232 232 232 
28 28 88 143 143 203 
20 98 209 
173 173 
8 8 
33 37 
120 120 206 206 206 
205 
33 33 33 
81 81 167 167 176 

30 30 30 135 135 196 196 
81 81 93 93 93 154 173 224 224 224 
83 83 204 
5 5 5 
21 
47 47 47 109 
56 56 
9 9 123 
84 84 
228 

18 18 69 69 69 
127 127 
44 
84 127 216 216 
60 236 236 
205 205 205 
206 206 206 206 
200 200 200 
100 109 109 
22 43 245 
5 30 30 123 175 175 239 239 239 
33 
100 109 109 109 
156 156 156 
96 96 96 144 144 144 193 193 193 229 240 240 240 240 
93 93 
63 137 
5 5 5 7 7 58 58 58 58 74 81 86 86 86 88 88 92 102 102 116 116 126 126 143 143 143 149 156 156 165 220 220 251 251 252 
22 22 22 83 83 83 113 113 113 145 177 240 245 
29 29 75 155 155 171 191 191 191 206 
18 18 60 60 61 90 90 120 120 155 155 155 170 170 170 192 192 192 192 205 
26 
14 14 
166 
122 122 122 
222 
6 6 6 222 222 222 222 
26 26 237 
58 58 58 252 
8 8 228 228 
189 189 
75 75 118 233 
86 
33 44 
81 81 81 203 203 251 251 

33 44 132 132 211 212 212 212 212 
152 
176 176 176 
152 152 
17 17 75 
5 12 12 56 114 114 133 160 
3 3 21 21 42 71 71 81 85 85 85 131 151 151 151 153 153 184 215 215 
96 96 100 127 127 200 240 240 
9 30 30 30 
15 15 15 26 26 26 82 
1 1 164 164 164 
75 217 
102 102 254 254 254 

60 190 190 
26 26 26 213 
5 5 55 81 81 121 
30 30 196 196 196 
96 144 144 200 200 200 200 204 229 229 
93 154 154 
63 63 90 90 
5 5 42 94 94 248 248 248 
5 5 
22 43 43 43 58 195 204 
113 113 
71 
243 243 243 
70 70 

58 58 81 81 99 128 203 203 220 220 
203 214 
87 
102 234 234 234 
109 109 
