Nodes: 256, Edges: 644
60 236 
21 21 21 105 105 105 110 110 110 110 153 153 158 164 164 232 232 
153 
81 228 228 228 228 238 238 
14 18 18 18 32 32 138 
38 42 42 46 56 68 91 91 94 98 102 102 114 114 114 123 123 133 133 143 159 159 159 161 161 178 178 203 203 227 234 234 235 238 238 243 244 244 248 
212 212 212 222 
41 74 74 97 97 124 125 125 203 
71 71 168 168 168 215 215 228 228 228 247 
182 182 230 
14 
33 33 
114 227 227 
33 33 37 37 
4 10 18 18 18 32 47 138 138 139 146 146 152 163 208 208 208 
26 26 231 231 
89 89 93 93 
66 84 84 226 226 226 226 226 
4 4 4 14 14 14 34 51 51 61 61 61 63 120 120 137 145 145 145 152 186 186 
62 
98 98 166 166 
1 1 1 45 140 179 179 228 
204 204 204 204 
192 192 192 
107 152 152 223 
81 153 
15 15 33 44 59 67 67 72 72 87 108 108 108 117 122 122 141 196 207 213 231 231 237 
153 153 
88 
205 
64 175 175 175 196 230 239 239 
152 152 
4 4 14 138 138 
11 11 13 13 26 37 37 37 39 44 44 44 122 134 134 134 134 150 169 172 172 185 197 219 222 
18 
53 53 81 81 81 

13 13 33 33 33 122 122 122 169 169 
5 
33 
203 
7 
5 5 81 81 81 125 125 151 151 228 228 228 243 
58 195 195 
26 33 33 33 59 59 59 73 73 188 188 219 222 222 
21 148 148 153 153 153 
5 103 103 103 
14 152 152 152 180 
58 152 152 
84 84 

18 18 
140 
35 35 81 81 
83 127 127 
121 121 238 
5 103 181 181 
93 154 154 
43 48 104 152 203 203 214 245 
26 44 44 44 
0 61 61 61 76 152 152 152 
18 18 18 60 60 60 206 
19 108 108 108 108 108 
18 90 90 137 137 137 202 202 202 242 242 
30 
81 81 93 93 
17 84 
26 26 
5 
146 186 186 186 186 
122 122 249 249 
8 8 131 131 131 228 247 247 
26 26 
44 44 
7 7 156 203 218 
147 147 203 205 205 217 217 233 233 
60 
122 
89 93 93 93 
111 
137 137 
3 25 35 35 35 42 42 42 53 53 65 65 93 99 153 153 162 162 162 173 173 173 176 176 220 220 228 228 238 238 251 
231 
54 113 113 177 177 177 204 204 
17 17 49 49 66 109 109 127 183 189 
228 228 228 228 228 
203 203 203 203 218 
26 108 108 115 115 115 
28 165 203 
16 16 78 
63 63 186 206 242 242 
5 5 
203 203 
16 16 57 65 65 78 78 78 81 111 111 154 154 154 201 
5 112 112 243 243 
153 
127 200 200 229 240 
7 7 130 130 226 226 
5 20 20 166 209 209 
81 228 251 
109 109 127 127 194 194 198 198 229 
204 204 204 
5 5 142 203 203 234 
46 46 46 56 
58 129 
1 1 1 
145 
24 119 
26 26 26 62 62 62 62 62 87 87 
84 84 100 100 127 127 194 194 198 255 255 255 
1 1 1 1 153 153 153 
79 93 93 154 154 154 
94 94 
83 83 145 204 204 204 246 246 246 
5 5 5 12 
87 87 87 
203 203 
26 

107 
18 18 170 206 206 
55 55 181 
26 26 33 37 37 37 70 70 77 207 210 210 
5 5 161 161 182 
7 
7 7 42 42 
203 203 203 
54 54 84 96 100 100 109 109 187 187 189 189 216 216 229 
251 
104 
97 97 
71 71 71 228 228 
222 
5 5 227 227 
33 33 33 33 
175 

18 63 63 63 80 80 202 202 
4 14 14 32 32 
14 
21 52 
26 
102 159 159 
5 149 203 
200 200 200 240 240 
18 18 18 106 113 204 204 
14 14 69 152 152 223 223 223 
75 75 
45 45 153 153 153 
143 203 203 
33 
42 42 153 228 228 228 252 
14 18 24 24 31 31 47 47 47 48 48 58 60 60 60 146 146 157 157 163 225 
1 1 2 25 27 27 45 45 45 81 81 95 110 110 110 148 148 148 151 179 179 228 228 
57 57 93 93 93 111 111 111 176 241 
205 205 
74 199 203 203 
152 152 163 163 
1 164 164 164 
5 5 5 142 142 

5 5 123 123 
81 81 81 238 238 
14 152 157 157 
1 1 158 158 158 232 232 
88 203 203 
20 20 98 209 209 
173 173 
8 8 8 
33 37 37 
120 174 206 206 
205 
33 33 
81 81 81 167 167 176 176 
170 206 
30 30 30 135 196 196 
81 81 154 173 173 224 224 224 
83 83 83 204 
5 5 
21 21 153 153 
47 
56 56 121 
9 9 123 
84 

33 
18 18 69 69 69 69 90 
127 127 
44 44 
84 127 127 216 216 216 
236 236 236 
205 
23 23 23 206 206 
200 200 
100 100 109 109 
43 43 204 245 245 245 
26 30 175 175 239 239 
33 
100 100 109 
156 
96 96 144 144 144 193 193 229 229 
93 
63 63 63 137 137 
5 5 7 40 58 58 74 75 86 86 86 86 88 92 92 102 102 116 116 126 126 126 143 149 149 156 156 165 165 220 251 251 252 
22 22 22 22 83 83 101 101 101 113 113 113 145 145 177 195 245 245 
29 75 75 155 155 171 191 206 
61 90 120 120 170 170 174 192 192 205 250 250 
26 122 
14 14 14 
98 98 166 166 
122 122 
222 
6 6 6 222 222 222 
26 237 
58 252 252 
8 8 228 228 
127 127 189 189 189 
75 75 233 233 
74 86 
33 44 
81 81 203 251 
248 
6 33 44 44 132 211 212 212 212 
24 146 146 146 
176 176 176 
152 
17 17 17 17 17 97 97 
5 12 12 133 133 
3 3 3 3 8 8 8 21 42 42 42 71 81 81 85 85 85 85 85 99 131 131 151 151 151 153 153 215 215 
96 100 127 200 200 240 240 240 
9 30 
15 15 26 26 82 
1 1 164 164 
75 75 217 217 
5 5 102 254 254 254 
5 
0 190 190 190 
26 213 253 
3 3 5 5 55 81 81 162 162 
30 30 196 196 
96 144 144 229 229 229 
154 
63 63 90 90 
5 42 94 94 248 248 248 
5 5 
58 195 195 195 204 204 
113 113 113 
8 71 71 
5 221 243 243 243 
70 70 
206 206 
81 99 128 203 203 220 
151 203 214 214 
237 
234 234 234 
109 109 109 
