Nodes: 256, Edges: 644
60 60 236 236 236 
21 21 21 105 105 110 110 153 153 232 232 
129 129 153 153 
81 228 228 238 
14 18 32 32 138 
38 38 38 42 42 42 50 50 56 56 56 68 81 81 91 91 98 102 102 108 114 114 123 123 123 133 133 143 159 161 161 203 227 227 227 234 235 238 238 238 243 243 244 244 248 248 
212 212 222 
41 41 74 86 86 97 97 97 124 124 125 125 125 125 203 
71 81 168 168 215 228 228 228 247 247 
182 230 
14 14 14 
33 
114 
33 37 37 
4 10 10 10 18 32 47 47 138 139 139 139 146 146 146 163 208 208 208 
26 231 231 231 
89 93 
66 66 84 226 226 226 
4 14 34 34 34 51 51 61 63 63 120 120 120 137 137 137 138 152 152 152 186 206 206 206 
62 62 
98 98 166 166 
1 1 1 45 140 140 153 153 153 179 179 179 228 
204 204 245 
192 
107 107 107 152 152 
81 81 81 153 
15 33 33 62 67 67 70 70 70 72 82 82 87 98 98 108 108 117 117 141 141 196 196 207 213 213 231 237 
153 153 
88 88 165 165 
205 
64 175 196 196 196 230 239 
152 152 
4 4 14 138 138 138 138 
11 13 26 26 37 44 44 134 134 134 134 150 150 172 172 185 185 197 197 219 219 222 
18 18 18 137 
53 81 81 
74 
13 13 33 122 169 169 
5 5 5 
134 
203 203 203 
7 7 
5 5 5 81 81 125 125 151 151 151 228 228 243 243 243 
195 245 245 
33 33 59 73 73 150 150 188 219 
21 148 153 153 

14 14 152 152 180 180 180 180 
58 152 152 
84 
5 5 
18 18 
140 
35 81 81 
127 127 
121 121 121 238 238 238 
5 5 5 181 181 227 227 
93 93 93 154 
48 104 203 203 214 214 251 
44 
0 0 61 61 61 76 76 76 152 152 206 206 236 236 
18 60 60 60 206 
19 19 26 108 108 108 108 
18 18 90 202 242 
30 
81 81 81 93 93 
17 17 84 
26 26 
5 
186 186 
26 26 26 122 249 249 
8 131 247 247 247 
26 
44 44 
7 36 156 203 203 218 
147 147 147 171 203 203 205 217 217 233 
60 60 60 
122 122 122 
89 89 89 93 93 93 
111 111 
137 
3 5 5 8 25 25 25 35 35 42 42 53 53 65 65 65 93 93 93 153 153 153 162 162 176 203 203 220 220 220 220 228 228 238 251 251 251 
26 26 231 
113 113 204 
17 49 66 100 109 109 109 127 127 183 189 
228 228 
7 7 203 203 218 218 218 
26 108 108 108 115 115 
28 28 165 165 203 
16 78 78 78 
63 206 206 242 
5 5 111 121 121 121 
104 203 203 
16 57 57 57 65 65 78 78 78 81 81 81 111 111 154 154 154 176 176 201 
112 112 
153 
127 127 200 200 200 229 229 240 240 240 
7 7 7 130 
5 20 20 26 26 166 209 209 209 
251 
84 109 109 127 194 194 229 
145 204 204 204 
5 5 142 142 203 203 234 234 254 

58 92 129 152 
1 1 

24 24 24 119 119 152 
5 26 26 62 62 62 62 87 87 87 
84 84 84 100 100 127 194 198 255 255 
1 1 153 153 
79 79 91 93 93 154 154 
94 94 
83 83 145 204 246 246 
5 5 12 227 227 227 
87 87 
203 
26 26 

107 107 152 152 
18 18 18 170 170 
55 55 55 91 91 91 238 238 
37 70 77 77 77 210 
5 5 5 161 161 
7 7 
7 7 7 7 42 42 
203 
54 54 84 84 96 96 100 109 187 189 229 
228 228 
2 2 104 
97 
71 228 228 228 
222 222 222 
5 5 227 227 227 
33 33 33 33 39 
175 175 

18 18 18 34 80 202 
4 14 18 32 32 32 32 
14 14 14 
21 21 52 
26 26 
102 102 159 
5 203 
200 200 200 200 240 240 
101 113 204 204 
14 14 14 152 223 223 
75 75 75 
45 153 153 
203 
33 33 44 44 
42 42 42 153 153 
18 18 18 24 24 31 31 47 47 48 48 60 60 104 107 119 119 146 157 163 223 225 225 
1 1 2 2 21 21 21 25 27 27 45 45 81 81 81 95 110 110 148 148 151 151 179 179 
57 93 93 93 111 111 176 176 176 241 241 
205 205 205 
74 199 199 203 
152 163 163 163 
164 164 
5 142 
227 
5 5 123 123 
81 81 238 
14 152 157 157 157 
158 158 232 
28 28 88 88 203 203 
20 20 98 209 
173 173 
8 8 
37 37 
120 120 174 174 206 206 
75 
33 33 
167 167 
170 170 206 206 
30 135 135 196 196 
81 93 93 154 154 154 224 224 224 
204 204 

21 21 21 153 153 
47 47 47 47 
56 56 
9 
84 
228 228 
33 33 
18 69 69 
127 
44 
84 127 216 216 216 216 216 
236 
205 205 
23 206 206 
200 200 237 253 
100 100 109 
43 204 245 245 
26 26 30 30 30 175 175 239 
33 33 
109 
156 156 
96 96 96 144 144 144 144 193 193 229 240 240 
93 
63 137 
5 7 40 40 40 58 58 74 74 75 75 81 81 86 86 88 92 92 102 102 116 126 143 149 156 165 165 251 251 251 252 
22 22 83 101 101 101 113 145 145 177 177 195 240 245 245 
29 75 155 155 155 191 191 
18 18 18 60 60 61 90 90 170 170 174 174 192 192 
26 
14 14 14 
98 98 98 166 
122 
222 
6 6 222 222 222 222 
26 26 
58 58 252 
8 228 
189 189 189 189 189 
75 75 233 
74 86 86 86 
33 33 44 
81 81 81 81 251 
248 
6 33 132 132 132 211 212 212 212 212 
146 146 152 
176 176 176 
152 152 
17 17 17 
5 5 5 56 56 114 114 114 133 133 133 160 
3 3 8 8 8 21 42 42 81 81 85 85 128 128 131 131 131 184 184 215 
96 96 100 127 200 240 
9 30 
15 15 15 26 82 
1 1 164 
75 217 
5 102 102 
5 
0 0 0 60 60 190 
26 193 
3 5 5 5 55 55 55 81 121 121 162 
30 196 
96 96 96 144 144 200 200 204 229 
154 154 
63 90 
5 5 42 42 42 248 
5 5 
22 43 43 195 195 204 204 
113 113 
8 8 71 71 71 
5 5 221 243 
70 70 

58 81 81 81 99 203 203 203 220 
203 214 
193 
102 
109 109 
