Nodes: 256, Edges: 644
60 60 60 236 
21 105 105 105 110 110 153 153 158 164 232 232 232 
129 129 129 153 153 153 
81 81 228 228 228 238 238 
14 18 18 138 
38 38 42 46 50 56 68 68 68 81 81 91 91 91 91 94 102 102 114 114 123 133 133 143 159 161 161 178 178 203 227 235 238 238 243 244 244 244 248 
212 222 222 
41 86 86 97 124 124 124 125 125 203 
71 71 168 168 168 215 215 228 228 247 247 
182 182 
14 14 14 
33 
114 227 227 
33 33 37 37 37 
4 10 10 10 18 18 32 47 51 139 139 146 146 152 163 163 208 208 
26 26 26 231 231 
89 93 
66 84 
4 4 14 14 34 34 34 34 51 51 61 120 137 137 137 145 145 145 145 145 152 152 186 186 206 206 206 
62 62 
98 98 98 166 
1 45 140 153 153 153 179 179 179 228 228 
195 204 204 
192 192 
107 107 107 152 152 
153 153 
15 15 15 44 59 62 62 67 67 70 70 70 72 72 72 98 98 108 117 141 141 196 196 207 207 207 207 213 231 231 237 237 
52 153 
88 165 165 
205 
64 64 64 175 182 196 196 230 230 239 
152 
14 138 138 138 
11 13 13 44 44 122 122 134 134 169 172 172 172 197 
18 18 18 18 137 
53 81 
74 
13 13 13 122 122 169 169 
5 5 
134 
203 203 
7 179 
5 81 125 125 151 151 228 228 228 243 
58 195 245 
26 33 33 59 73 73 73 150 188 188 222 222 
21 148 148 148 153 153 153 
5 103 
14 152 152 152 152 180 180 180 
58 58 152 152 
84 84 
5 
14 18 18 
27 140 
35 81 
83 127 127 
238 
5 103 181 227 227 227 
93 93 93 154 
43 48 48 104 104 152 152 203 203 203 214 245 245 251 
26 44 
0 0 0 61 61 61 61 76 76 152 152 152 190 206 236 236 
18 60 60 60 60 
19 19 26 26 108 108 108 
90 90 137 137 137 242 242 242 
30 30 30 
81 81 81 93 
17 84 84 84 
26 26 
5 5 5 
146 146 186 186 186 
26 26 26 249 249 249 
8 8 131 228 228 247 247 
26 26 26 
44 44 44 
36 156 156 156 203 203 
147 171 203 203 205 205 217 217 233 233 
60 60 
122 122 
86 89 93 93 
111 111 
137 
3 3 5 5 35 42 53 65 65 65 93 93 153 160 173 173 176 176 203 203 220 220 238 238 238 251 251 251 
231 
54 113 177 177 177 177 204 204 
17 49 49 66 66 66 100 109 127 127 183 
228 228 
7 7 78 203 203 203 203 218 218 218 
115 115 253 
28 203 203 
16 78 
63 63 206 206 242 
5 5 5 5 

16 57 57 57 65 78 78 81 81 111 111 154 154 176 176 201 241 241 
5 112 112 243 

127 127 200 200 229 229 240 
7 130 130 226 226 
20 20 20 26 26 166 166 

84 109 127 127 127 194 198 198 229 
145 204 204 204 
5 5 142 203 203 234 
46 56 
58 58 152 
1 1 1 
145 
24 24 24 119 152 152 
26 62 62 62 
84 100 127 198 198 255 255 255 255 
1 1 153 153 153 
79 79 93 93 154 154 154 154 
94 94 
83 145 177 177 204 204 204 246 
5 5 12 227 
87 87 
203 203 
26 136 

107 152 152 152 
18 170 170 206 206 206 

33 33 37 37 77 77 210 210 
5 
7 7 7 
7 7 42 42 
203 203 
54 54 84 84 96 96 100 100 100 109 189 189 216 216 229 
228 228 251 
2 2 2 
97 97 
71 
222 
5 5 227 227 
33 33 39 
175 
117 
18 18 18 34 63 63 63 80 202 202 202 
4 32 32 32 
14 14 
21 52 
26 26 
102 
5 149 149 165 165 165 203 
200 200 200 200 240 
18 18 18 18 18 101 106 113 204 204 
14 14 69 69 152 152 152 
75 
45 45 45 153 153 
143 143 203 
44 
42 42 153 153 228 228 228 
14 18 18 24 24 31 47 47 47 47 48 48 58 58 60 60 60 104 107 107 119 119 119 146 146 146 157 163 163 163 223 225 225 225 
1 1 2 2 2 21 21 21 25 25 27 45 45 45 81 110 110 110 148 148 151 151 179 228 228 
57 93 93 111 111 111 111 176 241 
205 
74 74 74 199 199 203 203 
152 163 
1 
5 
81 
5 5 
238 238 
14 14 152 152 152 157 
1 232 
28 28 143 143 143 203 203 203 
20 98 98 209 209 209 
173 173 
8 8 8 
33 37 37 
120 120 
75 
33 33 33 
81 81 167 167 176 176 
206 
30 135 196 
81 81 93 93 154 173 173 224 224 224 224 
83 83 83 83 113 113 
5 5 
21 21 21 41 153 
47 47 47 
56 
9 9 30 
84 
228 228 

18 18 69 69 69 

44 44 
127 127 216 216 216 216 
60 236 236 
205 205 
23 23 206 
253 
100 
22 43 204 245 
26 26 30 30 175 239 239 
33 
100 100 109 109 
156 156 
96 96 144 144 144 144 229 240 240 240 240 240 
93 
137 137 137 
5 7 40 40 58 58 58 74 74 75 75 81 81 86 86 86 86 88 88 102 102 116 116 126 126 143 149 156 156 165 165 165 220 220 251 252 
22 22 83 83 101 101 101 113 113 113 145 145 195 240 
29 75 75 155 191 191 
18 18 18 60 90 90 120 120 120 174 192 250 
26 26 26 26 
14 14 
166 166 166 
122 122 

6 222 
26 237 
58 252 252 
8 8 228 
127 127 189 189 189 189 
75 75 233 233 233 
86 86 86 

81 81 203 203 251 

6 6 44 44 132 212 
152 
176 176 176 176 
152 152 152 
97 97 
5 12 12 56 56 56 114 133 133 
3 3 3 8 8 21 21 42 42 42 71 71 85 85 128 128 151 151 151 153 153 184 184 215 
96 96 100 127 200 240 
30 30 
15 15 26 26 82 
1 1 1 164 
75 75 217 217 217 
102 254 254 254 
5 
0 60 60 190 190 
26 26 213 
3 3 5 5 55 81 81 81 162 162 
30 196 196 
96 144 200 200 200 200 200 204 229 
93 93 154 
63 63 63 90 
5 42 94 248 248 248 
5 5 5 
43 58 58 195 
113 
8 8 71 71 
5 243 243 243 
70 70 70 
206 
58 81 81 81 128 203 220 
203 214 214 
87 193 
234 234 234 
109 109 109 109 
