Nodes: 256, Edges: 644
60 60 236 236 
21 105 105 105 110 110 110 110 153 158 164 232 
129 129 129 153 
81 228 228 228 238 238 238 
14 14 18 18 18 32 32 
38 38 38 42 46 46 46 50 50 56 68 68 81 81 91 91 94 94 98 102 102 114 123 123 123 123 133 143 143 159 159 161 161 178 178 196 203 203 227 234 235 235 238 243 243 244 244 244 248 248 
212 
41 41 74 74 86 97 97 124 124 124 125 125 203 203 
71 71 71 81 215 228 228 228 
182 182 230 
14 
33 
114 227 
33 33 37 37 37 
4 4 10 18 18 32 47 51 139 139 146 152 152 152 163 208 208 208 
26 231 231 
89 93 93 
84 84 226 226 
4 4 4 14 14 34 34 34 51 51 61 120 120 120 137 137 145 152 206 206 
62 62 
98 166 166 213 
1 45 45 140 153 179 179 179 228 228 228 
204 204 245 
192 
107 107 107 223 
81 81 153 153 153 
15 33 33 62 67 67 72 72 82 87 87 98 108 108 207 231 231 237 237 
153 

205 
64 64 175 175 182 196 196 230 230 
152 152 
4 4 14 138 138 
11 13 13 26 26 37 37 37 39 44 44 122 122 134 134 134 134 134 150 150 150 169 185 185 197 197 197 219 219 222 222 
18 18 18 137 
53 53 81 81 81 

13 13 13 33 33 33 122 169 169 169 
5 5 5 
33 134 
203 
7 7 179 
5 81 81 81 125 151 228 228 228 243 
195 195 245 245 245 
33 33 59 59 73 73 73 118 150 150 219 222 222 
21 21 119 148 148 153 
5 5 5 103 103 103 103 
14 152 152 152 152 180 180 
58 152 
84 84 
5 5 
14 18 18 

35 35 81 81 
127 127 127 
121 121 121 238 238 
5 181 181 181 227 
93 154 154 
48 104 104 152 152 152 203 203 214 251 
44 44 
0 0 61 61 61 76 76 152 152 190 206 236 236 236 
18 60 60 60 206 
19 19 26 108 108 
90 137 137 137 202 242 
30 30 
81 81 93 93 93 
84 84 
26 26 
5 5 
146 146 186 186 186 
122 122 122 249 
8 8 8 131 131 131 228 247 247 
26 26 
44 44 44 
7 7 156 156 156 203 203 218 
147 171 203 203 217 226 233 233 233 
60 60 
122 122 122 
86 89 89 93 93 93 93 
111 111 111 
137 
3 5 5 8 25 25 35 35 35 42 42 42 53 53 65 65 93 153 160 160 160 162 162 162 173 173 173 176 176 203 220 220 220 228 228 238 238 251 
26 231 
177 177 204 
17 17 49 49 66 66 100 109 109 127 127 183 183 189 189 
228 228 228 
7 78 203 203 218 218 
26 26 115 115 
165 203 
16 78 78 
63 242 
5 5 
104 203 203 
16 16 57 65 65 65 78 78 78 78 81 111 154 176 201 241 241 
5 5 112 243 

127 127 200 240 
7 7 130 226 226 
5 20 26 166 209 209 
228 
84 109 127 127 194 194 198 229 
204 204 204 
5 5 142 203 234 254 
46 46 46 46 
58 58 92 152 
1 1 1 

24 24 24 119 119 119 152 
26 26 62 62 
84 84 100 127 180 194 194 198 198 198 255 255 255 255 
1 1 1 1 153 
79 79 79 93 154 154 
94 
145 177 204 204 246 
5 12 227 227 
87 87 
203 
136 
44 
45 107 107 107 152 152 152 
18 18 18 206 
55 55 55 
33 33 37 70 70 70 77 77 77 210 210 
5 5 5 5 161 161 182 196 
7 7 7 
7 7 42 
203 203 
54 54 54 84 84 96 96 100 100 109 187 187 216 229 

2 2 2 
97 
71 71 71 228 228 
222 
5 227 
33 33 33 33 33 39 
175 175 
117 
18 18 34 63 63 63 80 202 
32 32 208 
14 14 
21 

102 159 
5 5 149 165 165 203 203 
200 200 200 240 240 
18 113 204 204 
14 69 69 152 152 223 223 
75 
45 45 153 
143 203 203 
33 33 33 44 44 
42 153 153 153 228 
14 14 14 18 31 31 47 47 47 47 48 58 58 58 60 60 104 107 119 119 119 146 146 157 157 223 225 225 
1 2 21 25 25 25 27 45 81 110 148 151 151 151 179 228 228 228 
57 57 93 111 111 241 241 
205 
74 74 74 199 203 203 
152 152 163 163 163 
1 164 
5 5 142 
81 81 81 
5 5 123 123 
81 81 81 238 
14 157 157 157 
1 158 232 
88 143 143 203 203 
20 20 98 209 209 209 
173 

33 37 37 37 
174 206 206 
75 

81 81 81 167 176 176 
170 206 206 
30 30 135 135 196 196 
81 81 93 173 173 224 224 
83 83 113 204 204 
5 5 
21 21 21 41 153 
47 47 109 
56 56 56 
9 9 30 123 
84 84 

33 33 
69 69 69 
127 127 

84 84 216 216 216 216 
60 236 236 
205 205 
23 206 206 206 206 
253 253 
100 100 109 109 
43 43 204 245 
5 30 30 123 175 175 239 239 
33 33 33 
100 109 109 109 
156 
96 144 144 144 229 240 
93 
63 137 
5 5 7 7 40 58 58 74 74 75 75 81 86 86 88 92 92 102 116 126 126 143 143 149 149 156 156 165 165 220 251 251 252 252 
22 22 83 101 101 101 113 113 145 145 177 177 195 245 
29 155 191 191 206 
18 18 60 61 120 170 170 174 174 192 192 192 192 205 250 250 
26 
14 14 14 138 
98 98 166 166 166 
122 122 
222 
6 222 222 
20 
58 252 252 
8 228 228 
127 189 189 189 189 
75 233 233 233 
74 86 86 
33 33 44 
81 81 81 203 

33 33 44 44 132 211 212 212 
24 146 146 152 
176 176 
152 152 
17 17 75 97 97 
5 12 56 114 114 133 
3 3 3 8 8 8 21 21 21 42 42 42 71 81 81 85 85 85 99 131 131 151 153 153 153 215 215 
100 127 200 240 
9 30 30 
15 15 26 26 82 
1 164 
75 75 75 217 217 217 
5 102 254 254 
5 5 
0 0 60 60 60 190 190 
26 26 
3 3 3 5 55 55 81 81 162 
196 196 
96 144 144 200 229 
93 93 154 154 
63 90 
5 5 42 94 248 248 
5 5 5 
22 43 43 43 195 204 
113 
71 71 
5 5 243 243 
70 
206 206 
58 81 203 203 
203 203 214 214 
193 193 
102 234 234 
109 109 109 109 
