Nodes: 256, Edges: 644
60 236 236 
21 105 110 110 110 110 110 153 153 164 164 232 232 
129 129 129 153 153 
81 228 228 228 238 238 238 
32 32 
38 38 42 42 46 50 56 68 81 81 81 91 91 91 102 102 102 123 133 141 143 161 161 178 196 196 203 203 203 227 227 227 234 235 235 238 243 243 244 244 248 
212 222 222 
74 74 86 97 97 97 124 124 124 125 125 203 
71 81 168 215 228 228 
182 182 230 
14 
33 33 
114 
33 33 33 37 
10 18 18 32 32 47 51 60 138 139 139 146 146 152 163 163 208 208 208 
26 26 231 231 231 
89 93 
66 84 84 226 226 226 
14 14 34 34 51 51 61 63 63 63 120 120 137 138 145 145 186 186 206 206 
62 
98 213 213 
1 45 45 140 153 153 179 179 
204 245 
192 192 
107 107 107 107 152 
81 81 153 
15 15 33 33 44 44 62 67 67 70 70 70 72 72 87 98 98 98 108 108 108 117 117 117 122 122 207 213 213 237 237 237 
52 153 
165 
205 205 
64 64 175 175 196 230 230 239 239 
152 152 
4 4 14 14 138 138 138 
11 11 13 13 13 26 26 37 37 44 44 122 134 134 134 150 150 169 169 169 172 185 185 197 197 197 219 222 222 222 
18 18 
81 81 
74 
13 33 33 169 169 
5 5 
134 
203 203 203 

5 5 81 125 151 151 151 228 228 228 
195 195 245 245 245 
26 26 33 33 59 73 73 73 118 150 150 150 188 188 188 222 222 
21 21 148 148 153 153 
5 103 103 103 
14 152 180 
58 
84 
5 
14 18 18 
27 140 
81 81 
127 127 
121 238 
5 181 227 227 
93 154 154 
48 104 104 152 203 203 214 214 214 245 251 
44 
0 14 61 76 152 206 236 236 236 
18 60 206 206 
19 26 108 108 108 108 
18 18 18 90 90 137 137 137 202 202 242 242 242 
30 30 
81 93 93 93 
17 84 84 
26 26 
5 
146 146 146 186 186 186 
26 26 26 249 249 249 
8 131 131 131 228 228 228 247 
26 26 
44 44 44 
7 7 36 156 203 203 203 
147 147 171 171 203 205 217 217 
60 
122 122 
86 89 89 89 
111 111 111 
137 137 
3 5 5 5 8 25 25 35 35 42 53 53 65 93 99 153 153 153 160 162 162 162 162 173 173 176 203 203 203 220 228 238 238 251 251 

113 177 177 177 204 204 
17 17 49 66 66 100 109 127 183 189 
228 228 228 228 
7 78 203 203 203 218 218 
26 115 115 
165 165 165 203 203 
16 78 78 78 
63 63 186 242 242 242 
5 5 5 121 
203 
16 57 65 65 65 81 111 154 154 176 176 176 201 201 241 
112 243 

127 200 229 240 
7 7 7 130 
20 26 26 26 166 166 209 209 
81 251 
84 109 109 109 127 127 127 194 194 198 
145 145 204 204 
5 5 5 142 142 203 234 234 254 
46 46 46 
58 58 152 152 
1 
145 
24 24 24 24 
26 26 26 62 62 62 62 
84 100 100 100 127 127 180 194 198 255 255 255 
1 1 1 1 1 153 
79 79 79 93 154 154 
94 
83 145 145 204 204 204 246 246 246 
12 227 227 227 
87 87 
203 
26 26 26 136 
44 
152 
18 18 170 206 206 
55 91 181 238 238 
26 26 33 77 77 207 210 210 
5 161 161 196 
7 7 7 
7 7 42 
203 203 203 
54 54 84 96 100 100 100 109 109 187 189 229 
228 251 
2 2 2 
97 
71 71 71 228 
222 222 
5 227 227 
33 33 33 39 
175 
117 
18 63 63 63 80 80 202 
14 18 32 32 32 208 
14 14 
21 52 
5 
102 102 159 159 
5 149 165 165 203 
200 200 240 
18 18 101 101 106 113 113 204 204 204 
14 14 69 69 69 223 
75 75 
45 45 153 
143 203 
33 33 44 44 44 
42 42 42 153 153 228 228 252 
14 24 31 31 47 58 60 104 104 119 157 163 225 
1 1 2 2 21 21 25 27 45 45 81 81 81 110 148 151 151 228 228 
57 57 93 93 111 111 176 176 241 
205 205 206 206 
74 199 203 203 
152 163 163 163 
164 164 
142 142 
81 227 
5 5 123 123 
81 81 81 81 238 
14 14 152 157 157 157 
1 1 158 158 232 232 232 
28 88 88 88 143 143 203 203 
98 98 209 

8 
33 33 33 37 37 
120 174 206 
75 75 205 
33 
81 81 176 
170 206 206 
30 30 135 196 
81 93 93 93 154 154 173 224 224 
83 83 83 204 
5 
21 21 
47 109 
56 121 
9 9 
84 

33 33 
18 18 69 69 69 90 
127 
44 44 44 
84 127 216 216 
236 
205 205 
23 23 206 206 206 206 206 
200 200 200 200 
100 100 109 
43 43 204 204 245 
5 5 30 123 175 239 239 
33 33 33 
100 109 
156 
96 144 144 193 193 193 193 229 240 240 240 
93 93 
63 63 137 
5 5 5 7 40 40 40 58 58 74 74 74 75 81 81 81 86 86 86 88 88 92 102 116 126 126 126 143 149 156 156 165 165 251 252 
22 83 83 101 101 113 113 113 145 145 145 177 195 195 240 245 245 
29 29 75 155 155 171 191 191 
18 18 60 61 61 120 120 155 155 170 174 174 192 192 192 192 192 250 250 250 
26 122 
14 14 14 138 
98 98 166 
122 122 
222 
6 222 222 
20 20 26 26 
58 58 58 252 252 
8 228 228 228 
189 189 
75 75 233 
86 86 
33 
81 251 251 
248 
6 6 33 33 33 44 44 132 132 211 212 212 
146 
176 176 
152 
17 17 17 
5 5 5 56 56 114 114 114 133 133 160 
3 3 3 8 8 42 42 42 71 71 71 81 85 85 85 85 128 131 151 151 153 153 215 215 215 
96 127 200 240 240 240 
9 30 30 
15 15 15 
1 1 164 164 164 
217 
5 102 102 254 254 254 254 
5 5 
0 0 60 60 60 190 
26 26 26 
3 3 3 5 55 81 81 121 121 162 
30 30 196 196 
96 144 200 200 200 204 229 229 229 
93 154 
63 63 63 90 90 90 
5 5 94 248 
5 5 
22 43 43 43 58 195 204 204 
113 113 113 
71 
5 221 243 
70 70 70 
206 206 206 
58 81 81 99 128 203 220 220 
151 203 214 214 

102 234 234 234 234 
109 109 109 
