Nodes: 256, Edges: 644
60 60 60 236 236 
21 21 105 110 110 153 158 158 164 164 232 232 
129 153 
81 81 228 228 228 238 
18 32 
38 38 38 38 42 46 56 56 56 68 68 81 81 81 91 91 91 91 94 94 102 102 102 108 114 114 133 133 133 159 159 161 161 161 196 203 203 227 234 235 235 238 238 243 244 244 248 248 
212 222 
41 41 74 74 74 86 86 97 97 124 125 125 203 203 
71 71 81 81 168 168 228 228 228 247 
182 182 
14 14 
33 33 
114 227 
33 37 
10 10 18 18 32 32 32 47 47 51 60 139 139 146 146 152 152 163 163 
26 26 231 231 
89 89 93 93 
66 84 84 226 226 
4 14 14 34 51 51 63 63 120 120 145 145 152 152 186 206 206 
62 62 62 
98 213 
1 1 45 45 45 140 153 153 179 179 228 228 
195 204 204 204 245 245 
192 
107 107 107 152 152 
153 
15 15 33 33 44 62 62 72 82 87 87 98 98 108 108 117 117 207 207 213 213 231 
52 153 
88 165 
205 205 
64 64 64 175 175 175 182 182 196 196 230 239 239 
152 152 152 
4 14 14 14 138 138 138 138 138 
11 11 13 26 26 44 122 122 134 134 150 169 169 172 172 185 185 197 222 222 222 
18 137 
53 81 81 

13 122 169 169 
5 5 5 5 
134 
203 
7 7 
5 81 81 151 151 151 151 228 228 228 228 243 
58 195 
26 33 59 59 59 73 73 118 150 188 222 222 
21 21 21 153 153 
5 103 103 103 
14 14 152 152 152 180 180 180 
58 
84 84 

14 18 18 
27 140 
35 81 
83 127 127 127 
121 121 238 238 238 
5 5 5 181 181 181 227 227 
93 93 154 154 
43 48 104 104 104 152 152 152 203 203 203 214 245 251 251 
44 44 44 
0 0 0 14 61 61 61 61 76 76 152 190 206 236 236 
60 60 60 60 206 
19 19 19 26 26 108 108 108 
18 18 90 90 90 137 202 202 
30 30 30 
81 81 81 93 93 93 
17 84 

5 5 
146 186 186 
122 122 249 249 
8 8 131 131 228 247 247 
26 
44 44 
7 7 7 156 203 203 203 218 
147 147 147 171 203 203 203 205 205 205 217 233 
60 60 
122 122 
89 89 93 93 93 
111 111 
137 
3 3 5 5 5 8 8 35 35 42 42 53 65 65 65 93 153 153 153 160 162 162 162 173 173 173 176 176 203 220 220 220 228 238 251 251 
26 231 
54 113 177 177 204 
17 17 49 49 66 100 109 109 127 127 183 183 189 189 189 
228 228 
7 7 203 203 218 
26 26 108 115 115 
28 165 165 203 
16 16 78 78 95 
63 63 63 242 242 
5 5 5 5 121 
203 203 
16 16 57 57 65 65 65 78 78 78 81 111 154 154 176 176 176 201 201 241 
5 5 112 112 243 243 
89 
127 200 200 200 240 
7 7 130 130 226 
20 26 26 166 209 
251 
84 109 194 194 198 
204 
5 5 5 142 142 142 203 203 234 
46 46 46 
58 58 58 129 129 129 152 
1 
145 
24 24 24 119 152 
5 26 26 62 62 62 87 
84 84 100 127 127 180 194 194 255 255 
1 1 153 
79 79 93 154 
94 94 
83 145 177 177 204 204 246 246 
5 5 12 
87 87 
203 203 
26 26 
44 
107 152 152 
18 18 170 170 206 206 206 
55 55 91 238 238 
33 33 37 70 70 77 77 210 210 
196 
7 
7 7 

54 54 54 84 84 96 109 109 189 216 229 229 229 
228 251 
2 104 104 104 
97 97 
71 71 228 

5 5 5 227 227 
33 33 39 


34 63 80 202 202 202 
32 32 32 32 32 208 
14 14 
21 52 

102 102 102 159 159 
149 149 149 203 
200 200 200 200 240 240 
18 18 106 113 204 
14 14 69 223 223 
75 75 75 
153 153 153 
143 143 143 203 203 203 
33 44 
42 42 42 42 153 228 252 
14 14 18 18 24 24 31 31 31 47 47 47 58 58 58 60 104 107 119 119 163 163 223 223 225 
1 2 21 21 25 27 45 45 81 81 81 110 148 148 148 151 179 179 228 
57 57 93 93 111 176 176 241 241 
205 205 
74 199 199 203 
163 
1 1 164 164 
5 5 142 142 
81 
5 5 5 
81 81 81 238 238 238 
14 14 152 152 157 
1 1 158 158 232 232 
28 88 88 203 203 
98 209 209 
173 
8 8 
33 33 37 37 
120 120 174 
75 205 
33 33 
81 81 81 167 176 
170 206 
30 30 30 196 196 
81 81 93 93 93 154 154 173 224 224 
83 83 113 113 204 204 

21 21 153 153 
47 47 47 109 
56 56 56 
9 9 30 30 
84 84 
228 
33 33 
18 69 69 

44 
84 84 84 127 216 216 216 
60 236 
205 
23 206 206 206 
200 237 253 
100 100 109 109 
22 43 204 204 204 
5 30 30 123 175 175 239 239 239 
33 
100 
156 156 
96 96 96 144 144 144 144 193 229 240 240 240 240 
93 93 
63 63 137 137 137 
5 5 7 7 40 58 58 58 74 74 74 75 75 75 81 86 86 88 92 92 102 102 116 116 143 149 149 149 156 165 165 220 251 251 252 252 252 
22 22 22 83 101 113 113 145 177 177 195 195 195 245 245 
29 29 75 75 75 155 155 171 191 206 
18 18 60 61 120 120 120 174 192 192 192 205 250 250 
26 26 
138 
98 166 166 
122 122 

6 222 222 
20 26 26 
58 252 252 252 
228 
127 189 189 189 
75 233 233 
74 86 

81 81 81 203 251 251 

6 33 33 33 44 44 212 212 
146 146 152 152 
176 176 
152 
17 17 97 
5 12 56 56 133 133 
3 3 3 8 8 8 21 21 42 42 42 42 71 81 85 85 128 131 151 153 184 215 
127 127 127 200 240 240 
30 
15 15 26 82 
1 1 164 164 
75 217 217 
5 102 254 254 
5 5 
0 0 60 60 190 
193 
3 5 5 55 55 55 81 121 121 162 162 162 
30 30 196 196 196 
96 144 144 200 200 200 200 229 229 
93 154 154 
90 90 
5 42 94 94 248 
5 5 
22 22 58 204 204 
113 113 
8 71 71 
5 5 243 
70 70 
206 206 
58 58 81 81 99 128 203 203 220 220 
151 203 203 203 214 214 214 
193 
234 234 
109 109 
