Nodes: 256, Edges: 644
60 236 236 236 
21 105 105 110 110 110 158 158 164 164 232 232 
129 129 129 153 
81 81 228 228 238 238 238 
14 32 
38 38 46 46 50 56 68 81 81 91 91 91 94 102 102 114 114 114 123 133 203 227 227 234 234 235 235 238 238 244 
212 212 222 
41 41 41 74 74 74 86 97 97 124 124 125 203 
71 71 81 81 81 168 168 215 228 228 247 
182 



33 37 
4 18 47 51 51 60 138 139 139 146 146 146 152 163 208 208 
26 26 231 231 231 
89 89 93 93 
66 66 84 226 226 226 
14 34 34 34 63 120 137 137 137 138 145 145 186 206 206 
62 
98 98 98 166 
1 45 45 140 140 153 179 179 179 228 
204 245 
192 192 192 
107 107 152 223 
81 81 153 
15 15 33 33 44 44 67 70 70 70 72 72 82 82 87 98 98 98 108 122 141 196 207 207 213 213 213 231 231 231 
52 153 
88 88 88 165 
205 
64 64 64 175 175 175 196 196 230 230 239 239 
152 
4 138 138 138 
13 26 26 37 39 44 44 122 122 134 134 134 150 150 169 172 219 222 222 
18 18 18 137 
53 81 81 81 81 

13 33 169 169 169 
5 5 
33 134 134 
203 
7 7 7 
81 81 81 125 125 125 151 151 228 228 228 228 243 
195 195 245 245 
26 26 33 33 59 59 73 73 150 150 150 188 188 188 219 222 222 222 
21 21 153 153 153 
5 5 103 103 
14 152 152 152 180 180 180 
58 58 58 152 152 
84 84 
5 
14 14 
27 
35 81 
127 127 
121 238 
5 103 181 181 227 227 
93 93 154 154 
48 48 48 104 152 203 214 245 251 251 
44 44 
0 14 61 61 76 76 76 152 152 152 190 236 236 
60 60 206 
19 108 108 108 108 
18 137 137 202 202 242 
30 30 30 
93 
17 17 84 84 
26 
5 
146 186 186 
26 26 26 122 249 249 
8 8 131 131 247 247 
26 26 
44 44 
7 7 7 156 156 
147 171 171 203 203 205 217 233 233 233 
60 60 60 
122 
89 89 93 93 
111 111 
137 137 137 
3 3 5 5 8 8 8 25 25 35 35 35 35 42 42 42 53 93 93 153 153 153 160 160 160 162 162 162 162 173 173 176 176 220 220 228 238 251 
26 26 231 
113 177 177 204 204 
17 49 49 66 66 100 109 109 127 127 183 189 189 
228 228 228 
7 203 203 218 
26 115 115 115 
28 28 28 165 165 203 203 
16 16 78 78 95 
186 206 242 242 
5 5 5 111 121 121 153 
104 
16 16 57 57 65 78 78 81 81 111 111 154 154 176 201 201 241 241 
5 112 112 243 
89 153 
127 200 200 200 240 240 
7 7 130 130 
20 20 20 26 26 26 166 166 209 209 

84 127 127 127 194 194 198 198 198 229 
145 204 204 204 204 204 
5 5 142 142 142 234 234 254 
46 46 56 
58 92 152 
1 1 
145 
24 24 152 
26 62 62 62 62 
84 84 127 127 194 194 198 198 255 255 255 255 
1 1 1 153 153 
79 79 91 93 93 154 154 154 154 
94 94 
83 145 204 204 246 246 
5 5 5 227 
87 87 87 
203 203 


152 152 
18 170 170 206 206 206 
55 91 91 181 
26 33 33 70 77 210 210 210 
5 161 161 182 
7 7 
7 42 42 42 
203 203 
54 54 84 84 96 100 100 100 109 109 187 187 189 216 216 
228 
2 2 2 
97 97 
71 71 228 228 
222 222 222 
5 227 227 
33 33 33 39 39 
175 

18 18 18 34 63 63 80 80 80 202 202 
14 18 32 32 32 208 
14 14 
21 21 
26 
102 102 102 159 
149 149 165 165 203 203 203 
240 
18 18 101 106 113 
14 14 14 69 152 152 223 223 
75 
153 153 153 
143 143 
33 33 44 44 44 
42 42 153 153 228 228 
14 24 31 47 47 47 48 48 58 60 60 60 104 107 119 119 146 146 163 223 223 
2 21 25 27 45 45 45 81 81 81 91 95 110 110 148 148 148 151 151 179 228 
57 57 93 93 111 111 111 111 176 241 241 
205 205 205 205 206 206 
74 74 199 199 203 203 203 
163 
1 1 164 164 
142 
81 81 81 
123 123 
81 81 81 81 238 238 
14 152 157 
1 1 158 158 232 
28 88 88 143 143 203 203 
20 98 98 209 209 
173 173 
8 8 
33 37 37 37 
120 120 174 174 174 206 206 
75 75 205 
33 
81 81 167 167 176 
170 170 170 206 
30 30 30 135 196 196 
81 81 93 154 173 224 224 
83 83 204 

21 21 21 153 
47 47 47 
56 56 121 
9 123 
84 
228 228 

18 69 69 90 
127 127 
44 44 44 
84 84 127 216 216 
60 236 
205 
23 23 23 206 206 206 206 
253 
100 100 109 109 
43 43 204 204 245 245 245 
26 30 30 175 175 239 

100 100 100 109 109 
156 156 
96 96 96 229 229 240 240 240 240 
93 93 
63 63 137 137 
5 7 40 58 75 75 86 86 88 88 116 116 126 126 143 143 143 156 156 156 165 165 220 251 252 
22 83 83 101 101 101 101 101 113 113 177 195 195 245 245 
29 75 155 155 155 155 171 191 
18 18 61 90 120 120 120 155 155 170 170 174 192 192 192 192 250 
26 26 
14 14 138 
98 98 166 166 
122 122 122 

6 6 222 222 222 
26 26 26 
58 252 252 
8 228 228 228 228 228 
127 127 189 189 
75 233 233 233 
86 
33 44 
81 81 203 251 251 
248 
6 33 33 44 44 44 132 132 132 212 212 212 
24 146 146 152 152 
176 176 

17 17 17 
5 5 56 56 114 133 133 
3 3 8 8 21 42 42 42 42 81 85 85 85 128 131 131 151 151 153 184 184 215 215 215 215 215 
100 200 200 240 240 
30 30 
15 15 15 26 26 26 82 
1 1 164 
75 75 75 217 217 217 
5 5 102 102 254 254 254 
5 5 
0 0 0 60 60 190 

3 3 3 5 5 55 81 162 162 
30 30 196 
96 96 144 200 200 200 200 229 229 
93 93 154 154 
63 90 90 
42 94 248 248 
5 
22 43 43 58 195 195 195 204 204 
113 113 
8 71 71 
221 243 243 
70 70 
206 
58 58 81 203 220 220 
203 214 214 
193 
102 234 234 234 
109 109 109 109 
