Nodes: 256, Edges: 644
60 60 236 236 
105 110 110 153 158 158 158 164 164 232 
129 153 
228 228 228 238 
14 14 14 32 
38 38 38 46 46 50 50 56 56 68 81 91 91 102 102 117 123 123 123 123 133 159 159 159 161 161 203 227 227 227 234 235 235 238 243 244 244 244 248 
212 
41 74 74 86 97 97 97 124 124 125 125 203 203 203 
71 71 81 81 168 215 228 228 247 247 
182 182 
14 
33 33 
114 227 227 
33 37 37 
4 4 4 10 18 18 32 32 32 47 47 60 138 139 139 146 146 152 163 163 163 208 208 
26 26 231 231 
89 93 
66 84 84 
14 14 34 51 51 51 61 63 63 120 120 120 137 138 145 152 206 206 206 
62 62 
98 98 166 213 
45 140 179 179 179 179 179 228 
204 245 
192 192 
107 107 107 152 223 
81 81 81 153 
15 15 33 33 33 44 44 59 67 67 70 82 87 87 87 108 108 141 141 207 207 207 213 231 231 237 237 
52 
88 88 165 

64 64 175 182 182 196 196 230 230 
152 152 
4 14 14 14 138 138 138 138 138 
11 11 13 26 26 26 37 37 39 44 122 134 134 150 150 169 172 172 172 185 197 219 222 222 
18 137 
81 81 81 81 
74 
13 13 33 33 169 169 
5 5 5 
33 
203 203 
7 
81 81 81 125 125 151 228 228 228 243 243 
195 195 195 
26 26 33 59 73 118 188 188 222 222 
21 119 148 148 153 153 
5 5 103 103 103 103 
14 14 152 152 152 152 180 180 180 180 
58 58 152 152 152 
84 
5 5 
18 18 18 
27 
81 
83 127 127 
121 121 238 
5 5 103 181 181 227 227 
93 93 154 154 154 
48 48 104 152 152 152 203 203 203 214 245 245 251 251 
26 44 
0 0 14 61 76 76 152 190 206 206 236 236 
18 60 206 206 
19 19 108 
18 18 90 90 137 137 202 202 242 
30 30 
81 81 93 
17 84 84 
26 26 
5 
146 146 186 
26 122 122 249 249 
8 8 131 228 228 228 247 

44 
7 7 36 156 203 203 
203 205 217 217 233 233 
60 60 
122 
86 89 89 89 93 93 
111 

5 8 8 25 25 25 35 35 35 35 42 42 42 53 65 65 93 99 153 153 153 160 162 162 176 176 203 203 203 220 220 228 228 238 238 238 251 251 251 
26 231 
54 113 113 113 177 177 177 177 204 
17 17 49 66 66 100 127 183 183 189 
228 228 228 
7 78 203 203 203 218 218 
26 26 26 115 115 115 
28 28 165 165 165 203 203 
16 78 78 78 95 
63 63 206 206 242 242 
5 5 
104 203 
16 57 57 65 78 78 81 111 154 154 176 176 201 201 201 241 241 
112 112 112 243 243 
89 153 
127 200 229 240 240 
7 7 7 130 130 226 
20 20 116 166 209 209 209 
81 251 
84 109 109 127 127 127 127 198 198 229 
145 145 204 
5 5 142 142 142 203 203 234 
46 46 46 46 56 
58 92 129 129 152 
1 
145 
24 24 24 119 
26 26 62 
100 100 127 127 194 194 198 255 255 
1 1 153 153 153 
79 93 154 154 154 
94 94 94 
83 83 83 145 145 177 177 204 246 246 
12 227 
87 87 87 
98 
5 
44 
45 107 152 
18 18 18 170 170 170 206 
55 55 
33 70 70 77 210 210 210 
5 5 5 5 161 182 
7 7 
7 7 42 42 
203 203 
54 54 84 96 100 100 100 100 109 109 187 187 189 189 216 229 229 
228 251 
2 104 104 
97 97 
71 228 
222 222 222 
5 227 227 
33 33 
175 

18 34 63 63 202 
14 18 32 32 32 32 32 
14 14 
21 
26 26 
102 102 102 159 
149 165 165 165 203 203 203 
240 
18 101 101 106 113 113 204 204 
14 14 69 69 152 152 223 223 223 

45 45 153 153 
143 203 203 
33 33 
42 153 153 228 
14 18 24 31 31 47 47 47 47 48 48 48 58 58 58 60 104 119 146 146 157 157 157 163 163 225 225 
1 2 25 45 45 81 81 81 95 110 110 110 148 148 151 151 179 179 228 228 228 
57 57 57 93 93 111 111 111 241 241 
205 205 206 206 
74 199 199 199 203 203 
152 152 152 163 
1 1 1 164 
5 5 5 142 
81 
5 5 123 
81 81 238 
14 14 14 152 152 157 
1 1 158 232 232 232 
28 88 88 88 143 143 143 
20 98 209 209 
173 173 173 
8 
33 37 37 
120 120 120 174 174 174 
205 
33 33 33 
167 167 167 176 176 
170 170 170 206 206 
30 135 196 196 
81 81 93 93 173 173 224 224 224 
83 83 83 83 113 113 204 204 

21 21 21 21 21 153 153 
47 47 47 47 
56 56 
9 9 30 30 123 
84 84 
228 
33 
69 
127 127 
44 44 
84 127 127 216 216 
60 236 
205 
23 23 206 
200 200 
109 109 
43 43 43 204 245 
30 30 175 175 239 
33 
100 100 109 
156 156 156 
96 193 193 229 229 240 
93 93 93 
63 63 137 
5 7 7 7 40 40 58 58 58 74 74 75 81 81 81 86 86 86 88 88 92 102 102 126 126 143 143 143 149 149 156 156 220 220 252 
22 83 101 113 145 145 177 177 195 240 245 
75 155 155 171 191 
18 18 18 60 60 61 61 90 90 120 155 155 174 174 192 250 250 
26 26 26 
14 14 
98 98 98 166 166 
122 122 122 
222 
6 222 
20 26 
58 252 252 252 
8 228 228 228 228 228 
127 189 189 
75 75 
86 86 
33 
81 81 203 203 
248 
33 33 44 44 132 132 132 211 212 
24 146 146 146 
176 176 176 
152 152 
97 
5 5 5 12 12 56 56 114 133 133 
3 3 3 8 8 21 42 42 42 71 71 71 81 81 85 85 85 128 131 151 153 153 153 184 215 215 215 215 215 
96 100 127 127 200 200 240 
30 30 
15 15 26 26 82 
1 164 164 164 
75 75 
5 102 254 254 254 
5 5 
0 0 60 60 190 
26 26 
3 5 55 81 81 81 162 
196 
96 96 144 200 204 229 
93 93 154 154 
63 90 90 
5 42 42 94 94 248 248 248 
5 5 5 
22 58 58 195 204 
113 113 
8 8 71 
5 221 243 243 243 
70 70 
206 206 
58 58 81 81 81 99 128 
203 214 214 214 

234 234 234 
109 109 
