Nodes: 256, Edges: 644
236 236 236 
105 105 110 110 153 153 158 158 158 164 232 
129 129 153 
81 228 228 228 228 
14 18 32 32 
26 26 26 42 42 50 56 56 68 81 81 81 91 91 91 94 98 98 102 102 108 114 114 123 123 133 133 133 141 141 143 143 143 159 159 161 178 196 196 196 203 203 227 227 235 235 238 238 243 244 244 248 
212 212 212 222 
41 74 97 97 124 124 125 125 125 203 
71 81 168 168 215 228 228 247 247 247 
182 182 230 
14 
33 
114 227 
33 37 
4 10 18 32 32 47 60 138 139 139 146 152 152 152 163 
26 26 231 
89 89 
66 66 66 84 226 
4 14 51 61 61 63 120 120 120 137 145 145 145 152 152 206 
62 62 
98 166 213 213 
45 45 153 153 179 179 179 228 
204 245 
192 192 
107 107 152 223 
81 153 153 
5 5 5 15 15 33 33 44 62 67 70 72 82 82 87 87 87 98 98 98 108 117 117 117 141 141 213 
153 153 
88 88 165 

64 64 175 175 175 182 182 196 196 196 230 230 239 239 
152 152 
4 4 14 14 138 138 
11 13 26 26 39 44 122 122 122 134 134 134 150 169 169 169 172 172 185 197 197 222 
137 
53 81 81 
74 
13 122 122 122 169 169 169 

33 134 
203 203 
7 
5 5 81 81 81 125 125 228 228 228 243 243 243 
195 195 245 245 
26 33 59 59 59 73 73 73 73 118 188 188 219 222 222 
21 21 148 153 153 
103 103 
14 152 152 180 180 
152 152 
84 84 84 
5 
18 

35 81 81 
83 127 127 
121 121 
5 5 103 181 227 227 
93 154 
104 203 203 214 214 
44 44 44 
14 61 61 61 76 152 152 206 206 236 236 236 
18 18 60 60 60 206 
19 19 26 108 108 
18 90 137 137 202 202 202 242 242 
30 30 
81 93 93 
17 17 17 84 84 84 
26 
5 
146 146 146 186 186 186 
26 249 249 
8 131 228 247 247 
26 
44 44 44 44 
7 36 156 203 203 203 
147 171 203 203 203 205 217 217 233 233 
60 
122 122 
89 89 89 93 93 
111 111 
137 
3 5 5 5 8 25 35 35 42 42 42 53 53 65 93 153 153 160 160 162 173 176 176 176 203 220 220 220 220 238 238 251 251 251 
26 26 231 
54 113 113 177 177 177 177 204 204 204 
17 49 49 49 66 66 66 100 109 127 183 189 
228 228 228 
203 203 203 218 218 218 
26 26 26 108 108 108 115 237 237 253 
28 28 165 165 203 203 
16 16 78 78 78 
63 206 206 242 242 242 
5 5 5 
104 203 203 
57 65 65 78 78 81 154 154 176 201 241 241 
5 112 112 112 243 

127 200 200 200 240 240 
7 7 130 130 226 
5 5 20 26 26 26 166 166 209 209 

84 109 127 127 127 127 194 198 198 229 
145 145 204 204 
5 5 142 142 203 203 234 234 
46 46 56 
58 92 129 152 
1 1 

24 24 119 119 152 152 
5 26 62 62 87 87 87 
84 100 127 127 194 198 198 255 
1 1 153 153 153 
79 79 154 154 154 
94 94 94 
83 83 177 177 204 204 246 
5 5 12 227 227 
87 
203 203 
26 26 26 136 
44 
107 107 152 152 
18 18 18 170 206 206 
55 55 238 238 238 
33 33 33 37 37 37 77 77 210 210 
5 5 161 196 196 
7 7 
7 7 7 42 42 
203 
54 54 84 96 100 100 100 100 109 109 187 187 189 216 229 
228 
2 2 104 
97 97 
71 
222 222 
5 5 5 227 
33 33 33 39 
175 
117 
18 34 63 63 80 202 202 
14 32 32 
14 14 

5 5 26 26 
102 102 159 
5 5 5 149 149 203 
200 200 240 240 
18 18 18 101 101 204 204 
14 69 69 69 152 152 
75 
45 
143 143 203 203 
33 
153 252 
14 14 14 18 18 24 31 31 47 47 48 48 60 60 104 107 107 119 119 146 146 157 157 157 163 163 163 223 223 225 
1 1 2 21 21 25 25 27 27 45 45 81 81 110 110 110 151 228 228 228 
57 93 93 111 111 111 176 176 176 241 
205 206 206 
74 199 203 
152 152 152 163 163 
1 1 1 164 
5 5 142 
81 81 
5 123 
81 238 238 
14 152 152 152 157 157 
1 158 232 232 232 
28 88 88 
20 98 98 209 209 
173 
8 8 
33 33 33 37 37 37 
120 206 
75 205 205 
33 33 
81 167 176 176 
206 206 
30 30 30 135 196 
81 81 81 93 154 154 154 173 173 224 224 224 
83 83 83 83 113 113 204 204 
5 
21 21 21 
47 47 
56 
9 9 30 30 
84 
228 
33 
69 69 69 
127 127 
44 44 
84 127 216 216 
236 
205 205 
23 23 206 206 206 206 
200 200 200 
100 109 
43 43 204 204 245 245 
5 5 5 30 30 30 123 123 175 239 
33 33 
100 100 109 109 
156 
96 96 96 144 144 193 193 193 229 240 
93 
63 63 63 137 137 
5 5 7 40 40 58 58 74 74 74 75 75 75 81 86 86 86 88 88 92 92 102 102 116 116 126 143 149 149 156 220 220 251 252 252 
22 83 83 83 101 101 113 113 145 145 177 177 195 195 240 245 245 245 
75 155 171 171 191 191 
18 60 60 61 90 90 120 120 155 155 170 174 174 192 192 192 192 250 250 


98 98 166 166 
122 122 
222 
6 6 6 222 222 
20 20 26 253 
58 58 252 252 
8 228 228 228 
127 189 189 
75 75 233 233 233 
86 86 86 
44 
81 81 81 81 203 203 
248 
6 33 44 44 132 132 211 212 212 
24 152 152 
176 176 176 
152 
17 97 
5 5 12 56 56 114 114 133 
3 3 3 3 8 8 21 42 42 42 71 85 85 85 128 153 153 153 184 215 215 215 
100 127 200 240 240 
9 30 30 
15 82 
1 164 164 164 
75 75 217 217 217 
102 102 254 
5 5 
0 0 0 60 60 60 190 
87 87 
5 5 81 81 121 121 121 162 162 
30 30 196 
96 96 144 144 200 204 229 229 
93 93 154 
63 63 90 90 90 
5 42 42 42 94 248 248 248 
5 5 
22 43 43 195 195 204 204 204 
113 
8 8 8 71 71 
5 221 243 243 243 
70 70 
206 206 
81 81 81 203 
151 203 203 214 214 
87 213 
234 
109 
