Nodes: 256, Edges: 644
60 60 236 236 236 
21 105 105 105 110 110 110 153 153 158 158 158 232 232 
129 129 129 129 153 
81 81 228 228 228 238 238 
18 18 32 32 138 
38 38 38 38 38 42 42 46 50 50 50 56 56 56 81 91 91 91 94 102 102 114 117 123 133 159 161 161 161 178 178 196 203 203 203 227 227 234 234 234 235 238 248 
212 
41 41 86 97 97 124 125 125 203 203 
71 81 81 168 215 228 228 247 247 

14 
33 33 
227 
33 33 33 37 
10 18 18 32 47 51 51 60 138 138 139 139 146 146 208 
231 231 231 
89 89 89 93 93 
66 84 84 226 226 226 226 
4 4 14 14 34 34 51 51 63 63 120 120 120 137 145 152 152 186 186 206 
62 62 
98 
1 140 153 153 179 179 
204 204 245 
192 192 
107 107 107 152 223 
81 81 153 
33 44 62 67 70 70 72 82 82 82 87 87 98 98 108 108 122 141 141 196 196 207 207 207 213 231 231 237 237 237 

88 88 165 165 
205 205 
64 64 175 175 175 196 196 230 230 239 239 239 
152 
4 4 14 138 138 
11 11 13 13 13 26 44 122 122 134 134 134 150 169 172 172 172 185 185 197 222 222 222 
18 18 137 137 
53 81 81 

13 169 
5 5 5 5 5 

203 203 
7 7 
5 5 81 81 125 228 228 228 243 243 243 
58 195 195 245 245 
26 33 59 73 73 150 150 188 222 222 
119 148 148 148 153 153 
5 103 103 103 
14 152 152 152 180 180 180 180 
58 58 58 152 152 
84 
5 5 5 
14 14 18 18 

35 81 81 81 
127 
121 238 238 
5 5 5 181 181 
93 154 154 
43 48 48 48 104 152 152 203 214 245 245 
44 
0 0 14 61 61 61 76 152 152 206 206 236 
60 60 60 
19 19 26 108 108 
18 18 90 90 137 202 202 242 
30 30 
81 93 
17 84 
26 

186 186 186 
26 26 122 249 249 
8 131 228 228 247 247 
26 
44 44 
156 203 203 
147 171 203 205 217 217 226 233 
60 
122 122 
93 93 93 93 
111 111 111 
137 137 
3 3 5 8 8 25 25 35 35 42 42 53 53 53 65 93 93 99 153 153 153 160 160 162 162 162 176 203 220 220 228 228 238 238 251 251 
26 26 26 231 
113 177 177 177 204 
17 17 49 66 109 109 109 127 127 183 189 189 
228 
7 203 203 203 203 218 218 
26 26 108 115 115 237 253 
28 28 165 165 203 
16 16 16 95 
63 63 186 242 
5 5 5 121 153 
104 203 
16 16 57 65 78 78 78 78 81 81 111 111 154 154 176 176 201 201 201 241 241 
5 112 112 112 243 
89 
127 200 229 229 240 240 
7 7 130 226 
20 26 26 166 166 209 209 209 
81 228 
109 109 127 127 194 194 194 198 
145 204 204 
5 5 142 142 142 203 203 234 234 
46 46 46 
58 92 129 152 
1 1 1 
145 
24 24 24 119 119 119 
26 26 62 62 87 
84 84 84 100 100 127 198 255 
1 1 1 153 153 
79 79 79 93 93 154 154 154 
94 94 94 
83 145 177 204 204 246 246 246 
5 227 227 
87 87 
203 203 203 
5 136 

45 107 107 107 
18 18 18 170 170 206 
55 91 238 238 238 
26 33 33 70 77 77 210 210 210 
5 161 
7 
7 7 42 
203 
54 84 84 96 100 100 109 187 187 189 216 216 229 
228 228 251 
2 2 2 2 104 
97 
71 228 228 

5 227 227 
33 33 33 
175 175 
117 
18 34 34 63 80 80 202 
4 14 14 32 32 
14 14 
21 
26 26 
102 102 102 159 
149 149 149 
200 200 200 240 240 
18 101 106 113 204 204 204 
14 14 152 152 152 223 
75 
45 45 45 
143 143 143 203 
33 44 44 
153 153 228 
18 18 24 31 47 47 47 48 48 58 58 60 60 104 146 146 146 163 163 223 223 225 225 
1 1 2 21 21 25 45 45 81 81 81 91 110 110 151 151 179 179 228 
57 57 93 93 111 111 111 241 241 
205 205 205 205 206 206 
74 199 199 203 
163 163 163 
1 1 1 164 164 
5 142 
81 81 
5 5 5 123 
81 81 81 238 238 
152 152 157 157 157 
158 158 232 
28 28 88 88 203 
98 98 209 209 209 
173 173 
8 
33 37 
120 120 174 174 174 206 206 
75 205 205 
33 33 33 
167 167 176 
170 170 170 206 206 206 
30 30 30 135 135 
81 93 93 173 224 224 
83 83 83 113 204 204 
5 5 
21 21 153 153 
47 47 47 47 
56 56 

84 
228 
33 33 
18 18 69 69 69 90 
127 127 
44 
84 84 127 216 
236 236 
205 205 205 
23 23 206 206 206 
200 
100 100 100 
43 43 204 204 245 
5 26 26 30 30 239 239 239 
33 
100 109 
156 156 
96 144 144 144 193 240 240 240 
93 93 93 
63 63 137 
5 5 5 7 7 40 40 58 74 74 75 81 86 86 86 86 88 92 102 102 116 116 116 126 149 156 165 220 251 251 251 
22 22 83 101 101 113 113 145 145 145 177 177 195 195 245 245 245 
29 29 75 155 155 155 155 171 171 191 191 191 
18 60 60 120 155 155 170 170 174 174 174 192 192 192 250 250 250 
26 26 26 
14 
98 98 98 166 166 166 
122 122 122 

6 222 222 222 
26 
58 252 252 
8 228 228 228 228 228 
127 127 189 
75 75 233 233 233 
86 86 

81 81 203 251 251 

33 33 33 44 44 212 212 212 
24 146 152 152 
176 176 
152 152 
17 17 17 17 75 97 
5 5 12 114 114 133 133 
3 3 3 8 8 42 42 42 71 71 81 81 85 99 128 128 131 131 151 153 184 215 215 215 215 215 
96 96 127 240 240 
30 30 
15 15 15 26 26 82 
1 1 164 
75 217 217 217 
5 5 5 102 102 254 254 254 
5 
0 0 0 60 190 190 
26 26 26 87 
3 3 5 55 55 81 81 121 121 121 162 162 
30 30 30 196 196 196 
96 96 144 144 200 200 200 229 229 
93 93 154 154 
63 90 
42 42 42 94 248 248 

22 43 43 58 58 195 204 204 204 
113 113 113 
8 8 71 71 
5 243 243 
70 70 
206 206 206 
81 81 128 203 203 203 220 220 
214 214 
87 
234 234 234 
109 
