Nodes: 256, Edges: 644
60 60 236 236 236 
21 21 105 110 110 110 110 153 158 158 164 164 164 232 
129 129 129 153 153 
81 228 228 228 238 
14 18 18 32 32 32 
38 38 42 42 42 46 50 56 56 68 68 91 91 91 94 102 114 114 133 133 143 143 159 159 159 178 196 203 227 227 227 234 235 238 243 243 244 244 
222 
41 74 74 74 86 97 125 125 203 203 
71 81 81 168 168 215 215 228 228 228 247 247 
182 230 
14 
33 33 

33 33 33 37 37 
4 10 18 18 32 47 47 51 51 138 138 139 139 146 163 208 
26 231 231 231 
89 89 
66 66 84 226 226 226 
4 4 14 14 34 34 51 51 61 61 63 63 120 120 137 137 138 152 152 186 206 206 
62 62 
98 98 166 166 213 
1 1 45 140 153 153 179 179 179 179 179 228 
195 204 
192 
107 107 107 152 152 
81 153 153 
15 33 33 33 44 62 67 67 72 72 82 82 87 87 98 98 108 108 117 122 141 141 196 207 207 213 231 237 
52 
88 88 165 165 165 
205 
64 64 175 182 196 196 230 230 239 239 
152 152 
4 4 4 14 138 138 
11 11 13 13 13 26 26 26 37 37 37 44 44 44 122 134 134 134 169 169 172 185 197 197 219 222 222 
18 18 137 
53 53 81 81 
74 
13 13 33 33 33 122 122 169 169 
5 5 
134 
203 203 203 
7 179 
5 5 5 81 125 151 151 228 243 
195 
26 33 33 33 59 59 73 73 73 150 150 188 188 188 222 222 
21 148 148 153 153 153 
5 103 103 103 
14 14 152 152 180 180 180 180 180 
58 
84 
5 
14 14 18 18 
27 140 
35 35 81 
127 127 
121 238 238 
5 5 103 227 227 
93 93 154 154 154 
48 152 245 245 
44 44 
0 0 61 61 61 76 76 152 152 152 206 206 
18 18 60 60 60 206 
19 19 26 108 
18 18 90 137 137 137 202 202 242 242 
30 30 
81 93 93 93 
17 17 84 
26 26 
5 5 
146 146 146 186 186 186 
122 122 249 249 249 
8 131 228 228 247 247 
26 26 
44 44 44 
7 7 7 36 203 218 
147 171 171 203 203 205 205 217 233 
60 60 
122 122 122 
89 89 89 93 93 93 93 
111 
137 137 
3 8 8 25 35 35 42 53 65 93 93 93 99 153 153 160 173 173 173 176 176 203 203 203 220 220 220 220 228 228 238 238 251 251 251 
26 26 231 
113 113 177 177 204 204 
17 49 66 100 100 109 109 127 189 189 
228 
7 203 203 218 
26 26 108 108 115 115 253 
28 28 165 165 
16 16 78 78 78 
63 
5 5 5 121 121 
203 203 
57 57 65 65 65 78 78 78 78 81 81 81 154 154 176 176 176 201 241 
5 112 112 243 
153 
127 127 229 240 240 
7 130 130 226 226 
20 20 26 26 166 166 209 
81 228 
84 84 109 109 109 127 194 194 198 198 229 
204 204 204 
5 142 203 203 234 
46 46 46 56 
152 152 
1 

24 24 24 119 119 119 152 
26 26 62 87 87 
84 84 100 100 100 127 180 198 198 255 255 
1 1 1 1 153 153 
79 154 154 154 
94 94 
83 83 145 145 145 177 204 246 
5 5 227 227 227 
87 87 
203 203 
26 136 

107 107 107 152 152 152 
18 18 170 206 206 
55 91 91 181 238 238 
26 33 37 37 70 70 77 77 77 210 
182 196 196 196 

7 7 42 
203 
54 54 84 96 96 100 109 187 189 216 216 229 229 229 
228 
2 2 2 
97 97 
71 228 228 
222 
5 5 
33 33 33 39 
175 
117 
18 18 34 63 63 63 80 80 202 202 
14 14 18 32 32 
14 14 
21 52 
26 26 
102 159 159 
5 5 149 149 165 165 203 203 203 
200 200 200 240 240 240 
113 113 113 204 204 
14 69 69 69 152 152 223 223 
75 
45 45 153 153 
143 143 
44 44 
42 42 153 228 
18 18 24 24 31 31 47 47 58 60 60 60 104 104 107 119 119 119 146 146 157 157 163 163 223 223 225 
1 2 2 21 21 25 25 45 45 45 81 81 95 110 110 148 148 151 179 228 228 
57 57 57 93 93 111 111 111 176 241 
205 206 
199 
152 152 163 
1 1 164 
5 5 5 142 142 
81 

238 
14 152 152 157 
1 1 1 158 232 232 
28 28 28 88 88 143 143 203 
20 20 98 98 209 
173 173 
8 8 
33 33 37 37 
120 174 174 206 206 206 
75 75 205 
33 
81 81 81 167 167 176 176 
170 170 206 
30 135 196 196 196 
81 81 93 93 93 154 173 173 224 224 224 
83 83 113 204 204 
5 
21 21 21 21 21 41 153 
47 47 47 47 47 109 
121 
9 30 123 

228 228 
33 
18 69 69 69 
127 
44 44 44 
84 84 127 216 216 216 216 

205 205 
23 206 206 206 
200 253 
100 100 
22 43 204 204 
5 26 30 30 123 123 123 175 175 175 239 239 
33 33 
100 100 109 109 
156 
144 144 144 193 229 229 240 240 240 
93 
63 63 137 137 
5 7 7 40 40 40 74 75 75 81 81 81 86 86 92 92 102 102 116 116 126 143 143 143 165 220 220 251 251 
22 83 83 101 101 101 113 145 145 177 177 195 195 245 
29 75 75 155 171 191 191 
18 18 60 60 61 120 120 155 170 170 170 174 192 192 192 250 250 250 
26 26 
14 
98 166 
122 
222 
222 222 
20 26 
252 252 
8 8 228 228 
127 127 189 189 189 189 
75 
74 86 
33 
81 81 81 81 203 203 251 
248 
6 33 33 44 44 132 211 212 212 
146 146 152 152 
176 176 176 
152 
17 17 17 97 97 
5 5 5 56 56 114 114 114 
3 3 3 8 8 8 21 42 71 71 81 81 85 99 128 131 131 151 153 153 184 184 215 215 
96 100 127 127 127 200 200 240 
9 30 30 
15 15 15 26 82 
1 164 164 
75 
5 102 254 254 
5 
0 0 0 
26 
3 5 55 55 81 81 121 121 162 
30 30 196 196 
96 96 144 144 144 200 200 200 229 
93 154 
63 63 
5 5 42 94 248 248 248 248 
5 5 
58 58 204 
113 
8 8 71 71 
221 243 243 243 243 
70 70 70 
206 206 206 
81 81 81 203 203 220 
214 214 
87 193 
234 234 
109 109 
