Nodes: 256, Edges: 644
60 236 
21 21 105 105 110 110 153 153 158 158 164 164 232 
153 
81 228 228 228 228 238 
18 32 138 
26 38 38 38 38 42 46 46 50 56 56 68 81 81 81 91 91 94 98 102 102 102 114 114 114 117 117 123 133 133 133 143 143 159 178 203 227 227 234 234 234 235 235 238 238 243 244 248 
212 212 212 222 222 
41 41 74 74 86 97 97 124 124 125 125 203 203 
71 71 81 81 168 168 168 215 228 228 228 247 
182 
14 14 
33 
227 
33 33 37 
10 10 18 18 18 32 51 51 51 60 138 139 139 152 152 163 163 208 208 
231 231 
89 89 89 93 
84 226 226 226 226 
4 14 14 14 34 34 34 51 51 61 63 63 63 120 120 137 145 145 145 152 152 186 186 186 206 206 
62 62 
98 98 166 166 213 213 213 
1 1 45 153 153 179 179 228 
195 204 204 204 245 
192 
107 107 107 152 
153 
5 33 44 44 62 62 67 67 70 72 72 82 82 87 87 98 98 141 207 213 213 213 237 237 
52 153 
88 165 165 165 
205 205 205 
64 64 175 175 182 182 196 196 196 230 230 239 239 239 
152 
4 14 138 138 
11 13 13 26 37 44 44 134 134 150 150 169 172 185 185 185 197 219 222 222 
18 18 18 137 
81 81 
74 
13 33 169 169 
5 5 5 5 

203 203 
7 7 
5 81 81 81 125 151 151 228 228 243 
195 195 195 245 245 245 
26 26 33 33 59 73 73 118 150 188 188 188 222 222 222 
21 119 148 148 153 
5 5 103 103 
152 180 180 180 
58 58 152 
84 84 
5 
14 14 14 18 18 
27 
81 81 81 
127 127 127 
121 238 238 
5 5 181 181 227 227 
93 93 154 154 
48 48 152 152 203 203 214 214 245 245 251 251 
44 
0 14 61 76 152 190 206 206 206 236 
18 60 206 
19 19 26 26 108 108 
18 18 18 90 137 202 202 242 242 242 
30 30 
81 81 93 93 
84 84 
26 26 
5 
146 186 
26 249 249 249 
8 8 131 131 131 247 
26 26 
44 44 
7 7 36 203 218 
147 171 171 171 203 205 205 205 217 217 233 
60 
122 
89 93 
111 111 111 
137 137 
3 5 5 5 8 8 35 35 42 42 42 53 53 53 65 65 93 93 93 153 153 153 160 160 162 173 176 176 228 228 238 238 238 251 251 251 
26 26 231 
113 177 177 204 
17 49 49 66 66 100 100 109 109 127 127 183 183 189 
228 228 228 
7 203 203 203 203 218 
26 26 108 115 115 253 
28 165 165 203 
16 16 16 78 
63 206 206 242 242 
5 5 153 
104 203 203 
16 57 57 65 65 78 81 81 81 111 154 154 176 176 176 201 201 241 
5 243 243 

127 200 200 229 240 240 
7 7 130 130 
5 20 20 26 26 166 209 209 209 
251 
84 84 109 127 127 127 194 198 
145 204 204 204 
5 5 5 142 142 203 203 234 254 
46 46 
92 129 152 152 
1 1 

24 24 24 152 
62 62 87 
84 84 100 127 127 127 194 194 198 198 198 255 255 
1 1 153 
79 79 79 93 154 154 154 154 

83 145 145 177 204 246 
5 5 5 227 
87 87 
203 
5 5 
44 
45 152 152 
18 18 170 206 206 206 
55 238 
77 210 210 210 
5 196 196 196 
7 7 
7 7 42 
203 203 
54 54 54 84 84 96 100 100 100 109 109 109 187 187 189 216 216 229 
228 228 
104 
97 97 
71 71 71 228 
222 222 
5 5 5 227 227 
33 33 
175 

18 34 63 80 80 202 
4 14 32 32 
14 14 

26 
102 102 159 159 
5 5 149 165 203 
200 200 200 240 240 
18 18 18 101 113 113 204 204 
69 152 223 
75 
45 45 
143 203 
33 33 44 
42 42 153 228 228 
14 14 18 18 24 31 47 48 58 58 60 104 104 107 119 119 146 157 157 157 163 163 163 223 223 225 
1 1 2 21 21 25 27 45 81 81 81 91 110 151 228 
57 57 93 93 111 111 111 111 176 241 241 
205 205 205 206 
199 203 203 
152 152 152 163 163 163 163 
1 1 164 
5 142 142 
81 81 

81 238 238 
14 14 152 152 152 157 157 157 157 
1 1 158 232 
28 28 28 88 88 143 203 203 203 
20 20 98 209 209 
173 173 
8 8 8 
33 37 37 
120 174 174 206 
75 75 75 
33 
81 167 167 176 
170 170 206 
30 30 135 196 196 196 
81 81 93 93 93 154 173 
83 83 113 204 204 
5 
21 21 
47 47 47 
56 56 
9 30 30 
84 84 
228 
33 33 33 
18 18 18 69 
127 127 
44 44 44 
84 127 216 216 216 216 
60 236 
205 
23 206 206 206 
200 
100 109 109 
22 43 43 43 204 204 245 245 
30 30 30 123 123 123 175 175 175 239 239 
33 
100 109 109 109 
156 
96 96 144 144 144 193 229 240 240 
93 93 
63 63 137 
5 7 7 40 40 58 58 74 75 86 86 86 86 88 92 92 102 102 116 126 126 143 149 156 156 165 165 165 220 251 252 252 
22 22 22 83 101 101 101 113 145 145 177 177 195 195 245 
29 29 29 75 75 75 155 155 155 191 
18 18 60 60 60 61 90 90 120 120 120 155 170 174 192 192 192 250 250 
26 
14 14 
98 98 98 166 166 
122 122 122 
222 
6 6 6 222 222 222 222 
20 20 20 26 26 26 
58 58 252 
8 228 228 
127 127 189 189 189 189 
75 75 233 
74 86 
33 
203 
248 
6 6 33 33 44 44 44 132 132 211 212 212 212 212 
146 152 152 

152 
17 17 17 17 
5 5 12 56 56 114 133 133 
3 3 3 3 8 8 8 21 42 42 81 81 85 85 85 128 128 131 151 151 153 184 215 215 
96 127 200 240 240 240 
30 30 
15 15 82 
1 164 
75 217 
5 5 5 102 254 254 
5 5 
0 60 190 
26 26 253 
3 5 5 55 55 81 81 81 121 162 162 
30 30 30 196 196 
96 96 144 144 200 200 229 229 229 
93 154 154 
63 63 63 90 90 
5 42 94 94 248 248 248 
5 
22 43 43 43 58 58 195 195 204 
113 
8 71 
5 221 243 243 243 
70 70 70 
206 206 
58 58 81 81 81 99 203 
203 203 214 
87 237 
102 234 234 
109 109 
