Nodes: 512, Edges: 1215
301 
441 441 441 
28 91 91 111 182 183 183 189 
271 493 493 
454 
34 34 48 50 50 88 184 184 198 273 273 279 279 354 400 443 443 475 475 504 504 508 508 508 
404 404 404 
233 233 233 271 271 327 327 327 327 
350 350 350 373 373 373 
271 271 271 
476 476 476 476 476 496 
264 264 
202 202 202 355 
76 76 
117 184 
182 182 316 444 444 
41 41 41 184 
455 455 
441 
104 
330 330 330 
354 354 354 354 
108 108 108 115 115 115 331 331 389 389 414 461 
171 171 290 
76 
408 408 408 
158 158 408 
76 346 346 
2 183 
56 56 
180 180 222 222 222 
172 172 184 184 315 315 315 354 354 354 486 486 486 489 489 
184 184 184 
192 
5 5 
222 222 309 309 413 413 413 
106 372 372 372 
406 415 415 415 
358 
62 159 159 163 166 166 219 219 231 231 267 302 302 330 402 402 405 405 477 477 485 485 485 485 
192 192 236 249 249 
16 16 16 85 151 160 160 184 324 354 354 399 445 450 492 492 492 
321 323 
193 193 193 
137 137 
76 439 439 
64 64 64 339 395 395 
76 76 346 
5 50 50 50 50 50 
236 
5 5 48 48 48 48 48 400 400 400 
490 490 
184 345 
225 225 
76 501 501 501 
93 195 236 
29 29 191 191 236 236 446 446 487 

294 294 
444 444 
104 236 236 
81 81 81 359 359 
39 241 330 
383 383 383 463 463 463 
46 46 46 
193 362 362 362 416 416 
141 
192 192 281 281 347 347 
169 169 169 296 296 371 
236 344 344 
184 246 258 258 258 

89 89 89 325 325 358 466 466 
94 94 315 
413 413 
383 383 383 463 463 463 
13 13 24 27 45 47 47 54 107 109 109 162 199 207 207 207 208 242 242 242 245 245 299 314 314 322 328 328 328 354 360 360 413 413 423 478 478 509 
196 413 413 413 
456 
236 236 236 
314 314 418 
61 61 61 82 82 113 184 184 289 329 359 389 389 495 495 
81 81 121 142 143 143 143 329 
236 
312 312 348 348 
41 160 312 348 348 348 
198 198 386 386 465 508 
306 306 306 408 408 
5 504 
72 72 72 358 358 
358 358 
2 2 
182 404 413 413 
55 
73 73 
418 
314 321 
171 
420 441 
457 462 462 462 
197 197 476 496 
140 195 195 378 378 471 471 
117 117 136 136 216 216 
146 146 379 379 
19 60 138 507 507 507 
106 184 190 
36 105 149 190 
76 
22 22 22 
76 76 199 
130 176 247 247 247 
2 182 182 340 340 340 340 
184 184 
81 
367 367 
22 22 22 
177 177 415 415 
14 102 102 125 125 136 136 184 236 
364 364 
122 
486 486 486 489 489 
82 143 
119 
468 468 
232 232 387 387 454 454 454 
117 117 136 
185 185 491 
480 480 
220 220 220 220 413 413 448 448 448 
236 415 415 
110 177 177 389 
454 
413 413 413 413 
145 145 145 
354 354 354 380 380 380 

102 102 117 117 125 
44 44 184 184 368 
104 164 236 237 
294 381 381 
101 320 320 320 
66 413 
82 389 389 
82 82 82 121 217 217 
282 
133 133 133 339 
103 103 
236 236 236 344 344 
236 236 304 389 
106 250 250 417 417 
248 248 248 339 408 408 
41 354 
213 213 292 292 364 
325 325 
374 374 
413 413 413 494 494 494 
450 
233 374 
26 26 194 271 272 408 
39 39 205 205 219 219 227 231 231 257 305 305 330 330 402 402 428 433 433 433 469 477 510 510 511 
41 41 85 312 312 312 498 
413 
76 322 322 
39 
138 
329 
39 39 477 
220 220 413 
413 413 
68 68 68 296 371 371 
471 
23 23 97 290 
31 31 

222 222 335 376 376 413 413 
407 407 
110 247 247 
116 116 130 130 300 300 300 


30 30 222 483 
367 
2 15 15 92 111 111 220 220 316 340 363 363 363 404 413 413 444 
2 2 28 
5 5 14 16 31 31 32 32 32 41 52 70 81 81 105 112 112 117 137 137 213 213 213 236 236 236 246 246 258 258 258 260 267 267 279 284 284 284 289 291 292 292 307 324 324 338 338 345 345 354 354 355 366 366 366 396 409 415 415 426 426 451 451 456 465 465 465 488 488 488 490 490 490 
126 126 491 491 
245 361 440 440 
413 413 
477 
2 
105 106 
56 56 236 236 285 304 446 
33 40 40 67 67 236 281 281 
43 43 43 65 313 358 362 362 413 413 479 500 
158 
55 101 101 236 236 267 267 267 
77 290 290 350 350 373 373 413 
100 100 496 
5 86 86 386 386 508 
76 109 207 207 337 337 337 

236 236 236 415 415 
12 12 12 355 
271 271 
267 267 268 268 
159 159 
274 274 274 
76 76 76 199 199 478 478 
76 
328 328 328 
309 


152 152 184 184 184 
215 314 314 
214 314 467 467 467 
102 102 
143 143 
271 271 271 
39 39 159 159 232 232 274 454 454 
128 128 128 128 167 167 182 182 

30 30 30 35 35 174 174 180 314 376 413 413 413 483 
329 329 
276 276 276 313 313 350 
53 53 259 259 377 393 393 419 419 441 441 458 458 458 
292 292 
159 305 305 305 305 343 343 392 477 477 477 482 482 482 482 482 

295 509 509 
236 275 275 303 303 
39 39 159 159 
124 124 219 219 454 454 
7 7 7 157 271 271 296 296 310 310 310 310 374 374 375 375 505 505 
503 503 
487 487 487 
40 49 55 56 56 60 60 69 79 79 79 83 117 129 138 147 147 147 148 148 184 184 184 191 191 192 195 195 201 201 201 230 237 267 267 267 275 278 344 344 351 351 356 356 415 415 415 432 460 460 487 
138 236 

268 268 268 268 342 405 
476 476 496 
62 
76 76 76 
311 311 413 494 
325 325 358 358 
76 76 186 
70 184 184 
110 110 110 176 176 288 
150 150 150 408 408 
40 40 
149 149 417 417 442 442 
270 270 413 

330 
283 283 415 415 

273 273 273 354 354 354 
159 375 
70 70 70 184 184 184 409 
225 225 261 419 419 419 419 
184 
259 
364 364 410 
315 315 
11 11 334 334 334 
496 
271 271 
39 184 184 195 195 195 204 204 236 236 236 268 268 356 356 471 
204 204 239 239 239 239 267 267 285 

251 251 
3 7 7 9 9 9 158 203 203 218 218 218 233 233 266 266 282 287 287 287 297 297 327 354 354 354 374 374 374 391 401 401 401 408 408 412 412 427 427 427 442 453 453 453 
158 
5 5 256 256 256 354 354 472 
206 206 206 219 402 402 405 405 
230 230 236 
224 224 224 
415 
236 460 460 460 460 
5 5 184 
308 449 449 467 467 467 
67 67 192 192 347 421 
144 271 
254 254 415 415 
184 184 184 
191 268 
382 382 413 413 
271 271 271 
247 
81 184 
23 171 196 196 480 480 
184 426 
152 152 184 184 226 226 364 410 410 410 
408 
58 58 139 397 397 408 408 
229 
68 68 169 233 233 425 425 425 
271 271 408 408 
347 347 
76 413 413 413 
177 177 177 
0 339 339 
39 39 485 485 485 
230 230 415 
148 191 
159 159 227 227 227 227 392 
87 87 87 370 370 370 408 
184 354 396 465 465 
280 467 
35 35 210 
233 233 233 233 
243 243 424 
84 84 85 160 160 160 
193 224 224 
76 76 80 80 96 214 214 215 222 317 317 319 349 349 384 384 413 418 418 429 429 429 434 434 434 449 449 449 455 455 455 467 467 481 
31 31 31 73 263 263 336 336 486 486 
15 182 
314 314 398 413 413 
413 413 
314 
140 140 140 
42 96 323 323 323 
76 162 162 
42 321 321 321 359 359 359 
41 184 184 
72 72 153 153 244 244 503 
358 358 
7 7 7 7 271 
76 76 76 209 209 209 
81 82 165 223 223 
20 20 20 39 62 159 159 253 369 428 428 
22 22 
407 407 413 413 

264 264 264 385 413 413 
174 413 
315 315 486 486 
199 199 199 
184 184 446 
46 145 150 301 301 381 381 427 427 452 453 464 464 464 470 
111 111 111 111 182 

239 
227 227 
69 69 147 147 236 236 447 447 
52 184 184 
27 27 47 459 
67 67 281 298 298 421 506 506 506 
84 84 85 85 85 
314 314 481 481 
8 8 8 196 196 224 
236 236 432 
402 
456 
5 21 21 21 21 31 31 31 41 41 76 134 134 134 151 184 184 256 256 256 271 271 271 273 273 307 411 411 411 450 450 462 502 502 502 508 508 
12 184 202 
236 236 267 267 
367 367 496 496 496 
38 72 89 89 90 90 193 244 244 326 326 466 466 503 
61 61 81 323 323 323 
76 76 
186 
65 65 65 193 193 
182 182 182 
118 118 152 262 262 292 410 410 
415 415 
184 184 184 
114 114 181 357 357 496 496 
137 401 
330 
306 306 306 
68 169 169 
36 36 36 
8 8 8 196 196 
154 154 157 233 233 271 271 271 408 442 
233 233 257 
174 174 222 
225 
101 101 
103 103 
134 134 134 
139 139 339 339 395 395 395 408 408 
286 286 
63 63 63 75 75 75 415 415 
314 314 
334 413 413 
86 86 198 198 
124 124 
487 487 
22 22 81 81 130 142 142 148 461 461 461 461 497 497 
455 
271 
227 305 
225 225 
495 495 
46 46 381 381 381 
184 307 
294 294 
317 
41 445 
5 50 50 50 
271 271 271 368 
39 39 159 159 274 274 352 
427 427 427 
6 6 6 92 182 
39 39 239 274 274 
37 
175 175 332 332 413 413 413 
25 25 25 26 87 87 150 150 158 248 248 271 271 293 294 294 297 297 306 374 381 381 412 470 470 
184 258 
262 292 292 292 364 364 
354 354 354 
271 271 408 
35 35 35 74 74 76 76 77 77 77 92 92 128 128 132 132 132 132 141 155 155 155 161 167 168 168 174 174 182 182 187 187 193 193 196 222 222 222 243 251 286 286 299 299 299 314 317 317 318 318 332 332 334 334 335 385 385 407 407 407 439 448 448 455 500 
22 497 497 
37 37 37 116 116 129 129 184 184 201 201 236 236 236 254 254 277 283 283 303 365 365 383 383 432 463 
65 65 
149 149 250 250 
80 95 314 314 
225 225 259 259 259 259 
98 
281 347 

76 
311 
296 296 296 
184 184 291 
271 271 271 339 339 403 403 403 
159 330 330 
314 314 314 


236 351 415 
159 159 159 
314 314 314 
449 


470 
45 45 413 
186 186 
1 1 1 18 98 225 225 
250 250 271 374 468 468 
5 5 
15 15 59 59 182 
41 399 
56 56 191 338 
344 344 
128 128 128 413 413 
280 280 314 314 314 435 467 467 
41 156 354 354 462 462 
184 184 
339 464 464 
271 271 271 339 
4 124 124 124 131 219 219 232 232 
17 17 314 314 314 390 413 
78 184 353 462 462 491 491 491 
99 
225 225 225 
346 
236 236 278 278 278 278 
22 389 389 389 389 497 
99 99 99 354 450 450 456 456 
63 63 63 75 75 75 415 
339 339 339 452 452 
86 184 184 184 307 307 
72 72 358 358 
215 215 215 280 280 280 308 314 314 449 449 
123 123 442 442 
159 511 511 511 
339 408 408 438 
101 101 170 267 
273 475 475 

487 487 487 487 
5 5 472 472 
10 10 10 10 10 100 240 240 
39 39 159 166 188 227 227 227 
76 76 207 207 
193 
127 127 290 290 
314 349 349 
227 227 227 227 227 
180 222 

39 39 39 39 302 302 302 
31 31 31 120 120 120 315 315 336 336 489 489 
56 235 235 235 236 388 388 474 474 474 474 
184 184 184 
31 31 120 120 486 486 
51 51 184 184 184 
126 185 185 456 456 456 
41 41 41 
3 3 
155 155 155 243 
81 81 394 394 
10 100 197 240 265 357 357 357 367 367 
389 389 414 414 461 
160 

193 413 
54 54 54 
354 354 354 
234 234 325 358 
5 5 88 
233 233 
347 347 347 
104 104 104 
5 5 5 86 198 354 354 
76 229 229 
159 159 
159 469 469 469 
