Nodes: 512, Edges: 1215
301 381 381 381 
441 441 441 
28 91 111 111 183 183 189 189 
271 271 493 493 
454 454 
34 48 50 184 184 198 225 225 255 255 255 273 273 279 354 354 354 400 400 400 441 441 441 443 458 475 504 508 508 
404 
233 271 271 271 327 327 327 
196 224 224 313 
271 
476 476 476 476 
264 264 264 
202 202 202 355 
76 76 76 
52 117 184 184 
182 316 444 444 
41 41 41 184 
390 

104 104 
330 330 330 330 
31 354 354 
108 331 389 389 414 414 436 436 461 
171 171 290 
76 
408 
158 158 408 408 
76 
2 178 178 178 183 183 183 
56 
222 222 
21 172 184 184 184 315 315 354 486 486 489 
184 
192 192 192 
5 
210 210 222 309 309 413 413 
372 372 372 
406 
358 358 
62 62 159 166 166 166 219 219 231 241 241 267 267 267 302 302 302 330 402 402 402 405 405 405 477 477 485 485 485 485 485 
192 236 236 236 249 249 
16 16 16 85 85 99 99 137 137 151 151 151 156 160 160 184 184 324 324 354 354 354 399 445 445 450 450 492 
321 321 323 323 
193 193 
137 
76 413 413 439 
339 381 381 
76 76 346 459 
5 50 50 
236 236 
5 48 48 400 400 
490 490 490 
14 184 184 184 345 345 
225 225 
76 501 
93 93 195 236 
29 191 191 191 236 236 304 304 304 446 446 446 
415 
294 294 397 397 
444 
104 104 236 236 
81 81 359 359 359 
39 39 
383 383 463 463 
381 381 381 
193 362 416 
141 
192 281 281 281 347 
169 296 296 
236 344 344 
184 246 246 258 
330 
89 89 89 325 358 358 466 
94 94 315 315 
413 413 
383 463 
13 13 13 24 27 45 47 47 54 107 107 107 162 162 186 196 196 207 207 207 208 228 229 229 229 242 242 245 299 314 328 346 346 353 413 413 413 423 423 440 440 440 456 509 
196 196 413 
456 
236 
314 314 418 418 
61 61 82 82 82 113 184 184 261 289 289 329 329 329 359 359 389 394 394 495 495 
81 81 81 121 142 329 389 389 
236 236 
85 85 312 348 348 
41 41 84 84 160 160 312 312 312 348 348 
386 465 465 508 508 
306 306 306 370 370 408 
504 504 
72 72 72 358 
358 
2 
182 182 404 404 413 413 
55 55 
73 73 315 
418 418 
314 321 
171 171 290 290 
420 420 441 
41 41 462 462 
197 476 476 496 
140 140 140 195 195 378 471 471 471 
117 216 216 216 
146 146 146 379 379 425 425 
19 19 60 60 138 236 236 
106 184 184 190 190 
105 149 149 190 372 372 
76 76 76 
22 414 414 
199 199 
130 176 176 247 247 401 
2 2 195 340 340 340 
184 184 
81 
367 367 367 

177 184 415 
14 102 125 125 135 135 136 184 184 236 
364 364 
122 122 222 222 413 413 
489 
82 143 143 
119 119 314 

232 232 387 454 
117 117 
185 185 491 
480 
220 220 448 448 
236 415 415 415 
110 177 389 
454 454 
168 413 413 413 413 
145 145 
380 380 
117 117 
117 
41 41 44 184 368 368 
104 164 164 236 
381 381 
101 101 101 320 320 
66 358 358 358 413 
82 
121 121 217 217 
282 
133 133 339 339 
103 103 103 
236 344 344 
236 236 236 236 
106 106 250 
248 248 408 
41 41 41 354 354 
213 213 213 292 
325 325 
374 374 374 
413 413 494 494 494 
41 
276 276 
26 26 194 194 271 408 408 
39 188 205 219 219 219 227 231 231 305 305 330 402 402 428 428 433 433 469 477 477 510 511 511 
41 41 85 85 272 312 
413 
76 76 322 322 322 

138 138 
329 
39 39 39 
220 220 220 
132 413 
68 296 371 371 371 371 
471 471 471 
23 23 97 97 
31 
344 344 
222 335 335 376 413 413 
407 407 407 413 413 
110 110 247 247 
116 130 283 283 415 415 
28 28 28 183 183 183 

222 222 
367 
15 92 92 220 363 363 404 404 413 413 444 
2 2 28 28 28 178 178 178 
5 5 14 14 16 31 31 31 32 41 41 52 52 52 70 81 81 105 105 112 112 116 117 117 137 213 213 221 221 236 236 236 246 246 260 260 267 279 279 279 284 291 291 292 292 315 315 324 338 338 345 345 345 354 354 354 355 355 366 366 396 409 415 415 415 426 451 451 456 465 465 488 
126 126 473 473 473 491 491 491 
76 361 440 440 

159 477 
2 2 
105 105 106 372 
56 56 56 236 236 267 267 268 285 304 446 
33 33 33 40 67 236 236 236 281 281 281 
43 43 65 286 286 358 413 413 413 479 500 
158 158 
55 101 101 111 236 267 471 
8 76 76 77 77 200 200 200 290 290 290 350 373 373 373 413 413 
100 496 496 
5 279 386 386 508 508 
109 109 207 207 207 337 
196 196 196 
236 415 
12 12 12 355 501 
271 
267 268 
159 
274 274 274 
76 76 76 199 199 199 478 
76 
328 
35 35 309 309 309 
460 460 
233 
152 152 152 184 184 
215 215 314 314 314 
214 214 314 467 
102 102 102 
143 143 
271 271 
39 39 159 159 159 232 232 274 274 274 402 402 454 454 
128 128 167 167 167 182 413 413 
184 184 
30 30 35 119 119 174 180 180 341 376 413 413 413 483 
329 
8 8 276 313 313 313 
5 5 53 53 259 377 377 377 393 419 441 441 441 458 
292 
159 305 305 343 343 392 477 477 482 482 
76 245 
76 76 76 295 295 295 509 
236 236 236 275 303 
39 159 159 
124 124 219 219 454 454 
7 212 238 271 271 296 296 310 310 374 505 505 


40 40 40 49 49 55 56 56 60 60 69 79 83 83 104 104 117 129 138 147 148 148 148 148 184 184 184 191 191 192 192 192 195 201 230 230 230 237 237 237 267 267 267 278 278 278 344 344 351 415 415 415 432 432 438 460 
236 236 236 
233 
268 268 268 342 342 405 
476 476 496 
39 39 
76 76 423 
311 413 494 494 
325 325 358 358 
76 228 
70 70 184 184 
110 110 176 176 288 401 401 
150 150 408 408 
40 40 
149 374 401 401 401 417 417 442 
270 270 270 286 413 413 413 

330 330 
283 415 
5 5 5 
273 354 354 
375 375 375 
70 409 409 
225 419 419 419 
184 184 
81 329 329 
364 364 410 
315 315 
11 11 11 334 385 
496 496 496 
271 
39 39 39 184 191 191 195 204 236 236 236 268 268 268 356 356 471 471 
191 204 239 239 239 267 267 267 
415 
251 251 251 
3 3 7 7 7 9 158 203 218 218 233 233 266 282 287 287 297 339 339 354 391 391 391 401 401 408 408 408 412 427 427 442 442 453 453 
160 
5 5 256 354 354 354 472 472 475 475 
206 206 206 219 219 219 402 405 405 
230 
157 157 224 
415 415 
236 236 236 460 460 
5 184 184 184 198 
308 308 449 467 467 
67 67 67 192 192 192 298 347 347 347 421 
144 271 427 427 427 
177 177 254 415 415 
184 
191 
193 193 251 382 382 382 413 413 
271 271 
247 
81 81 
23 97 97 196 196 196 480 480 
184 184 426 426 426 
152 184 184 226 364 364 364 410 410 410 
408 
58 58 397 408 
229 229 229 
68 68 169 233 233 425 425 
271 408 
281 347 347 
76 413 

0 339 339 
39 39 39 485 485 
230 415 
56 56 56 191 
159 159 227 227 392 392 
87 87 87 370 408 
396 396 465 465 
280 280 467 
35 35 210 210 210 
233 233 
243 424 
84 85 85 85 160 
8 224 224 224 
76 80 80 96 122 214 214 214 215 317 317 317 354 384 384 384 398 413 413 413 418 429 429 449 455 455 467 467 467 481 481 
31 31 73 73 94 184 184 263 263 336 486 
15 
314 314 314 398 398 398 413 
413 413 413 
354 354 
140 140 
42 42 96 
162 162 162 
42 42 359 
41 41 184 
72 153 153 244 244 503 
358 358 
7 7 7 
76 209 
81 81 81 82 165 223 261 261 
20 20 20 20 39 71 159 253 253 428 
22 
407 413 
413 
264 385 413 413 
174 174 413 413 
315 
199 
184 184 415 
46 145 145 271 271 301 301 381 408 408 408 452 453 464 464 464 470 470 470 
111 111 111 
222 
239 239 
227 227 
69 69 147 147 173 173 236 236 447 447 
52 52 184 184 184 
47 76 76 459 
67 281 281 281 298 298 421 421 421 506 
84 84 85 85 

196 
236 432 432 
402 
76 
5 5 5 21 21 31 41 41 41 151 151 184 184 184 256 256 271 273 273 273 314 319 319 450 462 462 490 490 502 502 502 508 508 
12 184 184 202 
267 267 
367 431 496 
38 38 72 72 89 90 141 141 141 193 244 244 326 326 413 503 503 
61 61 61 81 81 323 

186 
65 413 
182 182 
118 118 262 262 292 292 292 410 410 410 
415 415 
184 184 
114 114 114 181 357 390 496 496 
137 137 401 

87 87 306 
169 169 169 169 
36 36 36 106 106 190 
196 196 196 
154 154 154 233 250 408 442 
257 257 257 
174 222 
225 225 225 
101 
103 103 
134 134 
0 0 0 46 46 64 64 64 139 139 339 395 395 408 408 408 
286 286 286 
63 63 75 415 463 463 463 
314 314 314 449 449 
264 334 413 
86 198 198 
124 
487 487 
22 22 81 82 82 130 461 497 497 
17 367 455 
271 271 271 
227 305 305 
225 
81 81 495 
381 381 
184 307 307 
58 58 294 
314 317 317 317 
41 445 445 
5 5 5 50 50 
110 247 247 250 250 250 271 271 368 
39 39 39 159 159 219 219 274 352 
427 
6 92 92 182 182 
39 39 39 239 274 274 
37 
175 175 175 332 
25 26 26 87 150 158 158 248 248 271 271 271 293 294 297 306 339 339 339 374 381 381 381 412 412 437 437 470 
184 258 258 
262 292 292 292 364 364 364 

271 408 408 
35 35 45 45 74 74 76 76 76 77 92 92 119 119 132 132 132 132 141 155 155 161 168 174 174 175 175 182 182 193 193 193 196 196 220 220 222 222 222 243 251 251 251 286 286 299 314 314 314 317 318 318 318 332 333 334 334 335 335 358 362 385 439 439 439 455 500 
22 22 108 108 497 
57 116 129 129 129 177 177 184 184 184 201 236 236 236 254 269 277 277 283 283 303 338 365 365 383 432 432 432 463 
65 
250 250 
80 80 95 95 314 
225 259 259 259 
98 98 441 441 
281 347 347 347 

76 76 242 
311 
103 103 296 296 
184 291 291 291 
271 271 282 282 282 403 
159 159 330 
314 314 

357 
236 236 351 351 415 415 415 460 460 
159 159 

449 449 
22 22 
408 408 
236 
45 413 413 413 
76 76 76 186 186 
1 1 1 5 5 5 98 225 225 225 420 420 
250 271 271 374 468 468 
5 
15 15 59 182 
41 41 399 399 
56 56 56 191 
344 344 
128 128 
280 314 384 384 435 435 467 467 467 
41 41 354 462 462 
184 184 
339 464 464 
271 271 339 
4 4 124 131 131 219 219 232 232 
314 314 390 413 
76 78 184 491 

5 225 
47 346 
211 211 236 278 278 432 432 
22 389 497 
99 99 354 354 450 450 
63 63 75 383 383 383 415 
339 339 339 452 452 
86 86 184 184 307 307 
72 
215 280 280 308 314 314 314 449 449 449 
442 442 
159 511 511 
339 339 339 408 
101 101 101 170 170 170 195 267 267 
273 273 475 
185 185 185 
487 
5 273 273 472 
10 10 10 10 100 100 240 240 496 496 
39 39 159 159 188 227 227 
207 
193 
127 290 290 
314 314 
227 227 
222 

39 39 39 39 39 302 302 
31 31 315 489 
388 388 474 
184 
31 120 486 
51 51 51 354 354 
126 185 185 185 456 
41 
3 3 
155 155 155 243 243 
81 81 394 
100 197 197 240 265 265 265 357 367 367 476 476 
389 389 414 461 


193 413 
54 202 
354 354 354 
325 358 358 
5 88 88 
233 233 
347 

5 5 86 86 198 198 354 354 
76 229 
159 
159 159 469 469 
