Nodes: 512, Edges: 1215
301 381 

91 91 111 182 183 183 189 
271 493 493 
454 
34 34 48 48 50 88 198 198 198 225 225 225 255 255 279 354 354 400 441 458 475 504 508 508 
404 
233 233 271 271 327 327 327 327 
224 313 350 373 
271 271 
476 476 496 
264 264 
184 202 202 
76 76 
117 184 184 
182 182 182 316 444 444 444 
24 41 41 41 41 184 
390 390 455 
441 
104 
330 330 
31 31 354 354 
108 108 108 115 331 389 389 414 414 436 461 
290 290 290 
16 
408 
158 158 408 
76 76 76 346 346 
178 178 183 183 
56 56 56 
222 222 222 
21 21 184 315 315 354 354 486 486 489 489 
184 
67 67 192 192 192 
5 5 
210 222 222 222 309 309 413 413 
106 106 372 372 372 
406 415 415 
358 358 358 
62 159 159 163 166 219 231 231 241 267 267 267 302 302 302 330 330 402 402 405 477 485 485 485 485 
192 192 236 236 249 249 
16 16 16 16 85 85 99 99 137 137 151 156 160 160 160 184 184 324 324 354 354 399 445 450 492 492 492 
323 
193 193 
137 
439 439 
64 339 339 381 381 395 395 395 
76 76 76 346 459 
5 5 50 50 
236 
5 48 48 400 
490 490 
184 184 345 345 

76 299 299 501 501 
195 195 195 236 
29 29 29 191 236 236 446 446 487 487 
415 
294 397 
444 
104 104 104 236 
81 81 81 359 359 
39 241 241 330 
383 463 463 
46 381 
193 193 362 362 

33 33 281 281 347 347 
169 169 296 371 371 
236 236 344 344 
184 184 246 246 258 258 
330 
89 89 358 358 358 466 466 466 
94 94 315 315 
413 
383 383 463 
13 13 27 27 27 47 47 47 54 107 107 107 109 109 162 162 184 186 199 199 199 207 207 208 208 228 229 229 229 242 242 245 245 299 322 322 328 328 328 346 354 354 360 360 413 422 423 440 440 509 
413 

236 236 
314 418 418 
61 61 61 82 184 289 289 329 329 359 359 389 389 394 394 495 
81 121 121 143 389 389 
236 236 236 
85 85 85 312 312 348 
41 41 84 84 84 160 160 348 
198 198 198 386 386 465 465 508 
306 306 306 370 370 408 
5 504 
72 72 358 358 
358 358 358 
2 2 
182 182 404 404 413 

73 73 
418 418 
314 314 321 
171 290 290 
420 441 441 
41 41 462 462 
197 476 476 496 496 496 
140 195 195 378 378 378 471 471 
117 117 136 136 136 216 216 
146 379 379 
19 60 60 60 138 138 236 236 
106 
36 36 105 149 190 190 190 372 372 
76 76 76 
22 22 22 414 
76 76 199 
176 176 247 247 401 401 
2 195 340 340 
184 184 184 

367 367 
22 
177 177 177 177 184 415 
14 102 102 125 135 135 135 136 184 236 236 
364 364 
122 122 222 222 
486 486 489 
82 82 
119 119 314 

232 232 232 232 387 454 
117 136 136 
491 
480 
220 220 220 413 413 413 448 448 
415 
389 389 
454 454 454 
413 
145 145 145 
354 
117 117 117 
102 102 102 117 125 125 
41 41 44 184 368 
104 104 164 236 236 
381 381 
101 320 320 320 
358 358 413 413 413 
389 389 389 
82 217 217 
282 282 282 
133 133 133 339 
103 
236 344 
236 236 236 304 
106 
339 408 
41 354 354 
213 213 292 292 364 
325 
374 374 
413 494 494 494 494 
41 450 450 
276 276 276 
26 26 194 194 271 271 408 
39 39 188 205 219 219 219 219 227 227 231 231 330 402 402 402 428 428 433 469 469 469 477 477 511 
41 41 41 85 85 312 498 
413 413 439 
76 76 322 322 322 
39 
138 
329 329 
39 477 477 477 
413 413 
413 413 
68 68 179 296 371 371 
471 471 
97 

344 
222 222 335 376 376 413 
407 407 
110 110 247 247 
116 116 116 116 415 
28 28 183 183 183 
169 
222 222 
367 
2 15 15 15 92 92 220 316 363 404 413 413 444 444 444 
2 2 28 28 178 178 178 
12 14 14 16 31 32 41 41 52 52 70 70 76 81 112 112 112 116 117 137 221 236 236 236 246 246 258 258 260 260 267 267 279 279 279 289 289 291 291 292 292 292 307 315 315 324 324 338 354 354 354 355 355 366 396 409 409 415 415 426 426 451 451 456 456 465 465 484 488 490 490 490 
473 473 491 491 
76 245 361 440 
413 
159 477 477 
2 
106 106 106 372 
56 236 236 236 267 267 268 268 285 285 304 304 446 446 446 
33 33 33 40 40 236 236 281 281 
43 43 65 65 362 413 479 479 479 500 
158 158 
55 55 55 101 101 111 236 236 267 471 
200 200 290 290 290 350 350 413 
100 240 496 496 
5 5 5 86 86 86 279 386 
76 76 76 109 207 207 337 337 
196 196 
236 415 415 
12 12 355 
271 271 271 
267 267 267 268 268 
159 
274 
76 76 199 199 478 
76 76 
328 
35 309 
460 
233 233 
152 152 
215 215 314 
214 214 314 314 467 467 467 
102 102 
143 143 
271 271 
39 159 159 159 159 232 232 454 454 454 
128 128 128 182 413 
184 
30 30 30 35 35 35 119 119 174 174 180 180 314 341 341 341 376 376 413 413 413 483 483 
329 329 
8 276 276 313 313 350 
5 5 5 259 259 377 393 393 419 419 441 441 441 458 458 
292 
159 159 305 305 392 392 477 482 482 482 482 
76 245 
76 76 76 295 509 509 
236 275 303 
39 39 159 159 
124 124 124 124 219 219 454 
7 7 212 212 238 238 238 271 271 296 296 310 310 375 505 505 
503 
487 487 487 
40 40 49 55 56 56 60 69 69 79 79 83 83 83 104 104 117 117 138 138 147 148 148 148 184 184 184 191 191 191 192 192 195 195 201 230 237 237 267 275 275 275 278 278 344 351 351 351 415 415 415 432 432 432 438 438 460 487 487 
236 236 
233 233 233 
268 268 342 342 342 
197 357 476 476 
39 62 62 
76 76 
311 494 
325 325 325 358 358 
76 76 186 228 
70 70 184 184 
110 110 176 176 288 288 401 401 401 
408 
40 40 
374 374 401 401 401 417 417 417 417 442 442 442 
270 286 413 

330 
283 283 283 415 415 415 
5 5 
273 273 273 354 
375 375 375 375 
70 70 184 184 409 409 
225 225 419 419 419 
184 184 
329 
410 
315 
11 11 334 334 
496 496 
271 271 271 
39 39 39 184 184 191 191 195 204 204 204 236 356 
191 191 204 204 239 239 
415 
251 
3 7 7 9 9 158 158 203 203 203 218 218 233 233 266 266 266 282 287 297 297 297 327 339 354 354 368 374 375 391 401 408 408 408 412 427 427 442 442 

256 256 256 354 472 475 
206 402 402 405 405 405 
230 236 236 236 
157 157 157 224 224 
415 
236 236 460 
5 184 184 184 198 496 
308 308 467 
67 67 192 192 298 347 347 347 421 
144 144 144 271 427 
254 254 254 415 415 415 

191 191 
251 382 382 382 382 413 413 
271 
247 247 
81 81 184 184 
23 23 23 97 97 196 196 196 480 
184 184 426 
152 152 184 184 184 226 410 410 

58 397 397 408 408 
229 
68 169 233 233 425 425 
271 271 271 408 408 
281 347 347 
54 54 76 413 413 

0 339 
39 39 39 485 
230 415 415 
148 191 191 
227 227 392 
87 87 87 370 370 408 
184 354 465 
280 280 467 467 467 
35 35 210 
233 233 
243 
84 84 160 
8 224 224 
80 96 96 122 214 215 215 222 317 349 384 384 398 398 413 418 429 429 434 434 449 449 449 449 449 455 467 467 467 481 481 
31 31 73 73 184 184 263 336 336 336 486 
15 182 
314 413 413 
413 413 413 

140 140 140 396 
96 
76 76 162 162 162 
42 359 
41 41 184 184 
153 244 244 244 503 503 503 
358 358 
7 7 7 7 271 
76 76 76 209 
81 81 165 165 223 223 261 
20 20 39 39 62 71 159 253 369 428 428 430 
22 
407 413 413 

264 264 385 413 
174 413 
315 315 315 486 
199 199 
184 415 415 
46 46 145 150 271 301 381 408 408 408 427 452 453 464 464 470 
111 111 
222 222 222 
239 239 239 

69 69 147 173 236 447 447 
52 52 
27 27 47 76 459 
67 67 281 281 281 298 298 421 421 
84 85 
314 481 
8 196 196 224 
236 236 236 432 432 
402 402 402 482 
456 
5 5 21 21 31 31 41 41 76 76 134 151 151 184 184 184 256 271 271 273 307 411 450 450 450 462 462 462 490 490 502 
184 184 202 
267 
240 367 367 431 496 
38 38 38 72 72 72 89 89 90 90 90 141 141 244 244 326 326 413 413 466 466 503 503 503 
61 61 81 81 323 
76 76 
186 
65 65 193 413 413 
182 
118 118 152 410 
415 415 
184 
114 114 181 357 357 496 496 
137 271 
330 
87 87 306 306 
68 68 169 169 
36 36 36 106 106 190 
8 
154 154 250 250 271 408 417 442 442 
233 257 257 257 257 271 
174 174 222 222 
225 
101 101 101 
103 103 

0 46 46 64 139 139 339 395 408 408 408 
286 286 286 286 413 413 
63 75 75 415 415 463 463 463 
314 314 
334 413 
86 86 198 
124 
487 
22 22 81 81 82 82 130 130 142 142 142 461 461 461 497 497 
17 17 455 455 
271 
227 227 305 
225 225 
81 81 495 495 495 
46 46 46 381 
184 320 
58 294 294 
314 314 
41 445 445 
5 50 
110 110 247 247 247 250 250 250 271 
39 39 159 159 159 274 274 352 352 352 
427 
6 92 92 182 
39 274 274 274 
37 
175 175 332 413 
25 26 87 150 158 248 271 271 271 294 294 297 297 306 339 339 339 374 381 381 381 412 470 470 
184 184 258 258 
262 292 292 364 
354 
271 408 
35 35 74 76 77 92 128 128 128 132 141 141 141 155 161 161 167 167 168 168 174 182 182 187 193 196 220 222 222 222 251 286 286 299 299 314 317 317 318 318 318 332 332 334 335 358 358 362 362 382 382 385 407 439 500 500 
22 22 108 497 497 497 
37 37 57 116 129 177 184 184 201 201 236 236 236 254 254 254 269 277 283 283 283 303 303 338 338 365 365 383 383 463 463 

250 250 250 250 374 
80 80 95 95 314 
225 225 259 259 259 
98 441 
281 347 347 
76 
76 

296 296 
184 184 291 
271 271 282 339 403 
159 159 330 330 
314 314 
330 
357 496 
236 236 236 351 351 460 
159 
314 314 
449 
22 

236 236 
45 45 161 413 
76 76 186 
5 18 98 98 225 225 225 420 
250 250 250 271 271 374 374 468 468 468 

15 15 15 59 182 182 182 
41 399 399 
56 56 191 191 191 
344 344 
128 128 
314 314 314 314 314 435 467 
41 156 156 354 354 354 462 462 
184 184 
339 464 
339 
4 124 131 131 131 219 219 219 232 
17 314 390 390 
184 184 353 462 462 462 462 462 491 

5 225 225 
47 346 
211 236 278 432 
22 389 389 389 497 497 
99 99 354 354 354 450 450 456 456 456 456 456 
63 63 75 383 383 383 415 415 
339 339 452 
86 86 184 184 307 
72 72 72 358 358 
215 215 215 280 308 308 308 314 314 314 449 
442 442 442 
159 159 159 511 511 
339 408 408 
101 101 170 170 195 
273 475 
185 185 
487 487 487 
5 273 472 
10 10 100 100 240 240 496 
39 159 159 166 166 166 188 188 227 
207 
193 193 193 
127 290 
314 314 349 
227 227 227 227 352 
222 222 
184 
39 39 39 39 302 
31 31 120 120 315 336 489 489 
56 56 235 235 235 236 236 388 474 474 474 
184 
31 31 120 486 486 
51 51 184 184 184 354 354 
126 185 185 456 
41 41 41 
3 3 
155 155 155 155 243 
81 394 394 394 
10 100 100 100 197 197 265 265 279 357 367 367 431 476 
389 389 414 414 414 461 461 
160 

193 413 413 
54 54 
354 
234 325 325 325 358 358 358 
5 88 
233 233 


5 5 86 
76 229 229 

159 469 469 
