Nodes: 512, Edges: 1215
301 381 
441 
28 28 91 182 182 182 183 183 189 189 189 
271 271 271 493 493 493 
454 454 
34 34 48 48 48 50 88 88 184 184 198 198 225 225 225 255 273 273 354 354 354 400 441 441 443 475 475 504 508 508 
404 
233 271 271 327 
224 350 373 373 373 
271 271 
476 476 
264 264 264 
202 355 355 

184 
182 182 
41 41 
455 
441 441 441 
104 104 
330 330 330 330 
31 31 354 354 354 
108 108 115 331 389 389 414 414 414 436 436 461 
171 171 290 290 
76 76 76 
408 
158 408 408 
76 76 76 346 346 
2 2 178 183 183 183 
56 56 56 
180 222 222 
21 21 172 172 315 354 354 486 486 489 
184 184 
67 192 
5 5 
210 210 222 222 309 309 
106 106 106 372 372 
406 415 415 
358 358 
62 159 159 166 219 219 219 231 231 231 241 241 267 302 302 330 330 402 405 405 477 477 485 485 485 485 
192 192 236 236 
16 16 85 99 137 137 137 151 156 156 160 184 324 324 354 354 445 450 450 492 
321 323 
193 
137 
76 413 413 413 439 
64 395 395 
76 76 76 346 459 459 
5 5 5 50 50 
236 
5 48 48 400 400 

184 184 345 
225 225 
76 501 
93 236 
29 29 29 191 304 446 487 487 
415 415 
294 294 397 397 
444 
104 104 236 
81 81 359 
39 241 241 330 330 
383 463 
46 381 381 
193 193 362 362 416 416 
141 141 
33 192 347 347 
169 296 371 
236 344 344 
184 246 246 258 
330 330 330 
89 89 89 325 325 358 358 358 466 
94 94 315 315 
413 413 413 
383 383 463 
24 24 24 27 27 27 45 47 47 47 54 107 107 109 109 162 162 162 196 199 199 207 207 207 208 229 229 242 245 245 245 299 314 322 322 322 328 328 328 346 346 413 413 422 423 440 478 478 509 509 
196 196 196 413 413 
456 

314 314 314 418 418 
61 61 82 184 184 289 289 329 359 359 389 389 394 495 
81 121 121 121 142 142 329 329 
236 236 236 
85 85 312 348 
41 84 84 160 160 348 348 
198 465 465 508 508 
306 370 408 408 
5 5 190 
72 72 72 358 358 358 358 
358 
2 
182 182 404 413 413 
55 
73 73 315 
418 418 
314 321 
171 171 290 290 290 
420 441 441 441 
41 
476 476 496 496 
140 195 195 471 
117 136 136 216 
146 379 425 425 
19 19 60 60 236 236 236 507 
106 106 190 
36 36 36 105 105 190 190 372 
76 76 
22 22 414 414 
76 76 199 
130 130 130 176 176 247 247 401 401 
182 340 340 340 
184 184 

367 367 
22 
177 177 184 415 
102 125 135 135 135 136 136 136 184 184 184 236 236 236 
364 364 
122 413 
486 489 
82 82 82 143 
119 
468 468 468 
232 232 232 387 454 454 
117 136 136 
185 491 491 
480 480 
220 220 220 413 413 413 413 448 448 
236 415 
110 110 110 177 177 
454 
413 413 
145 145 145 
354 380 380 
117 117 117 
102 102 117 117 117 125 125 
41 41 41 44 184 184 368 368 
164 164 236 252 

101 320 
66 66 358 
82 82 389 389 
121 217 
282 282 282 
133 133 133 339 339 
103 
236 236 283 344 
236 236 304 304 389 
250 
248 339 408 
41 354 354 
213 213 213 292 364 364 
325 325 325 
374 374 
413 413 494 
41 41 450 
233 
26 194 271 271 272 408 408 
39 39 188 188 205 205 219 219 219 227 231 330 428 433 469 469 477 477 510 510 510 511 
41 85 85 272 312 312 498 498 498 
413 413 413 439 439 
76 76 76 322 322 

138 138 
329 
39 477 477 477 
220 413 
413 413 
68 371 371 
471 
23 23 97 97 290 290 
31 31 
344 344 
222 222 222 376 376 413 413 
407 413 
110 110 
116 116 130 130 269 283 283 300 415 
28 183 183 

30 222 222 222 
367 
2 2 2 15 15 92 92 111 220 316 340 363 404 404 413 413 413 444 444 
2 2 28 28 28 178 178 
5 5 14 32 32 41 52 52 70 81 81 112 112 116 117 117 117 137 137 213 236 246 246 258 258 258 260 260 267 267 279 279 284 289 289 291 291 292 292 292 307 307 315 324 324 338 345 345 354 354 355 366 396 396 396 409 415 415 426 426 451 451 456 465 484 484 484 488 490 
126 473 491 
245 245 361 440 440 440 

159 159 477 477 
2 2 2 
88 105 106 106 372 372 
56 236 236 267 285 285 285 304 446 
33 40 40 67 236 281 281 
43 65 65 286 313 358 358 362 362 413 413 479 479 500 
158 
101 101 267 471 471 471 
76 77 77 77 200 290 290 373 
476 496 
5 5 86 279 386 386 508 
76 76 109 207 207 337 337 
196 
236 415 
12 355 501 
271 
267 267 267 268 
159 159 
274 274 274 274 
76 76 76 199 199 478 478 478 
76 
328 328 
35 35 309 309 309 
460 460 
233 
152 152 152 184 
215 215 314 
214 214 314 314 314 
102 
143 
271 
39 39 39 159 159 159 232 232 274 274 
128 128 128 167 182 413 

30 30 35 35 174 174 174 180 180 180 314 341 341 376 376 413 413 413 483 483 
329 329 
8 276 313 313 350 
5 5 5 53 53 259 259 377 393 419 441 441 441 458 458 458 
292 
159 305 305 392 392 477 477 482 482 
245 
76 76 295 509 
236 236 236 275 303 303 415 415 
39 39 39 159 
124 124 124 219 219 454 
7 157 212 238 238 238 271 271 296 296 310 310 374 374 375 375 375 505 505 
503 503 
487 487 487 
40 40 49 55 60 69 83 83 83 104 104 104 117 117 117 129 138 147 147 148 148 184 191 191 192 201 230 230 230 237 237 267 267 278 344 344 351 351 356 415 415 415 415 432 460 460 487 487 
236 236 
233 233 233 
268 268 342 
476 496 
39 39 62 62 
76 423 
311 413 413 
325 325 325 358 
76 76 76 186 186 228 
70 70 184 184 
110 110 288 288 288 401 
150 408 408 

149 374 374 374 401 401 401 417 417 442 
270 270 270 286 413 413 
138 
330 330 

5 

375 375 375 375 375 
70 184 184 184 409 409 409 
225 225 419 419 419 
184 184 324 
329 329 
364 364 410 
315 
11 11 11 334 334 334 385 385 
496 
271 271 
39 184 184 191 195 204 204 204 236 236 268 356 356 356 471 
204 239 239 267 
177 415 
251 251 251 
3 3 3 7 7 9 9 158 158 203 218 233 233 266 266 287 297 297 327 339 354 354 368 374 375 391 401 401 408 408 412 427 442 442 453 453 
158 160 
5 5 354 354 472 472 472 475 
206 206 206 206 219 219 402 402 405 405 405 
230 
224 
415 
236 460 460 460 460 
184 184 198 
449 449 467 
192 192 298 298 298 347 347 421 
144 144 144 427 
147 177 177 415 415 
184 
191 191 191 
193 251 382 382 382 413 
271 
247 247 247 
81 81 184 184 
23 23 97 97 97 171 171 196 196 480 480 
184 184 
152 184 184 184 226 364 364 364 410 410 
408 
58 58 397 397 397 408 408 408 
229 
68 233 233 425 
271 271 
281 281 281 347 347 
76 413 413 
177 
0 
39 39 485 485 
230 230 415 415 
56 148 148 191 
227 227 392 392 
87 370 408 
184 184 354 354 354 465 465 465 
467 467 467 
35 35 210 210 210 
233 233 
243 424 
84 160 160 
193 224 224 
76 80 80 80 96 214 215 215 215 222 317 349 349 384 384 398 398 413 413 413 418 429 429 434 434 449 449 449 449 455 481 481 
31 73 73 94 184 263 336 336 336 486 486 486 
182 
314 398 413 413 
413 413 

140 
42 96 323 323 323 
76 76 76 162 162 
42 321 321 321 
41 41 184 184 260 
72 72 153 153 153 244 244 244 503 503 
358 
7 271 
76 76 76 209 209 
81 82 82 165 223 223 261 261 
20 20 20 20 39 39 62 62 71 71 71 159 253 253 369 428 428 428 
22 
407 407 407 413 413 413 
413 413 
264 264 264 385 385 413 
413 413 
315 315 315 486 486 
199 199 
184 415 415 
145 145 150 271 381 381 408 408 408 452 452 452 453 464 464 470 
111 111 111 182 
222 222 
239 

69 69 147 173 173 236 236 
52 184 184 
27 27 47 76 76 459 
67 67 281 281 298 298 421 421 421 506 506 
84 85 85 
314 314 481 
8 224 
236 236 415 432 432 
402 402 482 
456 456 
5 5 5 21 21 21 31 31 41 41 134 151 151 184 184 271 271 273 273 307 307 307 450 462 502 
12 12 184 202 
236 267 267 267 
367 496 496 
38 38 72 72 72 89 89 89 89 90 141 193 193 244 326 413 413 466 503 
61 81 81 

186 
65 65 193 193 
182 
118 118 152 152 262 262 292 292 292 
415 
184 
114 114 181 357 496 
137 137 271 401 401 
330 
87 306 
68 169 169 
36 36 106 190 190 
8 8 8 196 
154 154 233 233 250 250 250 271 408 408 417 417 417 442 442 
233 233 233 257 257 257 257 257 271 
174 174 222 222 
225 

103 
134 134 
0 64 64 339 339 395 408 408 
286 286 286 
63 75 75 415 432 463 463 463 
314 314 449 449 
264 264 334 334 413 413 
198 198 
124 
487 
22 22 81 81 142 142 148 461 461 461 497 
455 455 
271 
227 227 305 305 
225 
81 495 495 
46 46 381 
184 184 184 
58 58 294 294 294 
314 314 317 
445 445 445 
5 50 50 
110 110 247 250 250 250 271 271 368 368 
39 274 274 352 352 
427 
6 92 182 182 
39 39 274 274 274 
37 
175 332 332 332 413 413 413 
25 26 26 87 87 150 158 158 248 248 271 271 293 294 294 294 306 339 339 339 374 374 381 381 437 437 437 
184 258 258 258 
262 292 292 

271 
45 45 45 74 74 74 76 76 77 77 92 92 119 128 128 128 128 132 132 155 155 161 161 161 167 168 168 174 174 175 182 182 182 193 193 220 222 222 222 243 243 251 251 286 299 299 314 314 314 317 317 318 318 332 332 332 333 333 334 335 335 358 358 385 385 407 407 407 439 455 455 500 
22 22 22 108 108 
37 37 57 57 116 129 177 184 184 201 230 230 236 236 236 236 269 277 283 283 303 303 338 338 351 365 383 432 
65 65 
250 250 374 374 374 
80 80 95 95 314 
225 259 259 259 
98 441 
281 347 347 347 
76 
76 242 
311 
103 103 296 
184 184 
271 282 403 
159 330 330 330 
314 314 

496 496 
236 351 351 383 415 460 
159 
314 314 

22 22 
408 408 408 

45 161 161 413 
76 186 186 186 
1 5 5 18 18 18 98 98 98 225 225 225 420 
250 271 271 374 374 468 468 
5 456 
59 182 182 
41 399 399 399 
56 191 

128 128 
280 280 314 314 314 314 384 384 467 467 
41 41 156 354 462 462 
184 184 
339 339 339 464 
271 271 339 
4 4 124 124 131 232 
17 314 390 390 413 413 
78 184 353 353 443 462 491 

225 225 225 
47 47 346 
211 211 236 236 278 278 278 278 432 
22 389 389 389 
354 450 450 456 
63 75 383 383 383 
339 339 452 
86 86 184 307 307 307 
72 358 
280 308 308 308 449 449 
123 123 123 442 442 
159 159 511 511 
339 
101 170 195 195 195 267 
273 273 273 475 475 
185 
487 487 
5 5 273 472 472 
10 10 100 100 197 240 496 496 
39 39 159 159 166 166 166 188 188 227 227 
76 76 207 207 207 
193 193 
127 127 290 290 
314 314 349 
227 227 352 
222 222 
184 184 184 
39 39 39 39 302 302 
31 31 120 315 315 315 336 336 489 489 
56 56 235 235 235 236 236 388 474 474 
184 
31 120 486 486 
184 
126 126 185 456 
41 
3 3 3 
155 
81 394 394 
100 100 197 240 265 357 357 367 431 431 476 476 
389 
160 160 160 

193 413 
54 202 
354 
234 234 325 325 358 
5 
233 233 
347 347 
104 
5 5 86 86 198 
76 76 229 
159 159 159 
159 469 469 
