Nodes: 512, Edges: 1215
381 
441 441 
28 28 111 111 189 189 189 
271 271 271 
454 
34 34 34 48 48 50 184 184 184 198 225 255 273 273 279 279 354 354 400 400 400 441 443 443 475 504 504 508 508 
404 404 
271 327 327 327 
196 224 224 350 373 373 373 373 
271 
476 476 476 476 496 
264 264 
184 184 202 202 355 355 
76 
117 117 184 
182 
41 184 184 
455 
441 441 
104 
330 330 
354 354 354 354 354 
108 108 108 115 115 389 414 414 436 436 461 
171 171 
76 
408 
158 158 408 408 
76 346 
2 2 178 178 183 183 183 
56 56 
180 222 
172 172 172 184 184 354 354 486 486 
184 184 
67 67 192 192 192 
5 5 5 
210 210 222 309 413 
106 106 372 372 
406 415 
358 
62 159 166 166 219 219 231 231 231 241 267 267 267 302 302 330 330 402 405 405 
236 249 
16 85 85 99 99 151 156 160 324 324 354 354 399 445 445 450 492 492 
321 321 321 323 323 
193 193 
137 137 
413 439 
339 381 395 395 
76 76 346 459 
5 5 50 50 

5 48 48 
490 490 490 
184 
225 
76 76 76 501 
195 195 195 236 236 
29 29 191 191 191 236 236 304 304 487 
415 
294 397 
444 
104 236 236 
81 359 359 
39 241 241 
383 463 463 463 
381 
362 416 
141 141 
33 33 192 192 281 281 281 347 347 
169 169 169 296 296 371 
236 344 
184 184 246 246 258 
330 
89 89 325 358 358 466 
94 94 94 315 315 
413 413 
383 383 383 463 
13 24 27 47 47 54 54 54 109 109 162 186 186 199 199 207 207 208 208 228 228 229 229 229 242 245 245 299 299 299 322 322 328 346 346 346 360 413 413 413 422 423 440 478 509 
196 
456 
236 236 
314 314 314 418 
61 82 82 113 184 184 184 261 261 289 289 329 329 359 359 389 394 
81 81 121 142 143 143 329 329 389 
236 236 
85 312 312 348 348 
41 41 84 160 160 160 312 312 348 348 
198 386 386 465 465 508 
306 370 370 370 408 408 408 
504 504 
72 72 358 358 
358 358 

182 182 404 413 413 

73 73 73 315 315 
418 418 418 
314 321 
171 171 171 290 290 290 
420 420 420 441 
41 41 457 462 462 

195 195 378 471 
117 136 136 216 216 
146 379 379 425 425 
19 60 138 236 236 507 507 507 
106 106 106 184 184 
36 36 105 105 105 149 149 149 149 190 372 

22 22 22 414 414 
76 76 199 
130 130 176 176 176 247 247 247 
2 2 195 195 340 
184 184 
81 
367 
22 22 
177 177 177 415 
14 14 102 125 125 125 135 136 136 136 184 236 
364 364 
122 122 222 222 413 
486 489 
82 143 
119 119 
468 
232 232 387 387 454 454 
117 117 117 
185 491 
480 480 
220 220 413 413 
415 
110 110 
454 454 454 
413 
145 145 145 
354 354 
117 
102 102 117 117 117 
44 44 184 368 368 368 
104 164 164 236 237 252 
294 381 381 
320 
66 66 358 
82 389 
82 82 121 
282 
133 133 133 339 339 
103 
236 236 283 344 344 
236 
106 106 106 106 417 
248 248 408 
41 354 354 354 
213 213 213 292 292 364 364 
325 
374 
413 413 494 494 
41 450 450 450 
233 276 276 
26 26 194 194 271 408 
39 188 188 205 219 219 219 219 227 231 231 305 305 402 402 428 433 469 469 477 477 477 510 510 511 
41 85 85 85 272 272 312 312 
413 413 439 
76 322 322 322 

138 138 
329 
39 39 
220 413 413 
413 413 
68 68 68 179 296 296 371 
471 471 471 
23 23 97 97 97 290 
31 31 31 
344 
222 222 222 335 335 362 376 376 413 413 
413 
110 110 110 247 247 247 
116 116 116 269 283 283 300 415 415 
28 28 183 
169 
30 222 483 
367 367 367 
15 92 92 340 404 413 
28 28 28 178 495 
5 5 5 12 12 14 16 16 31 31 32 32 52 70 70 81 81 81 105 105 112 112 117 137 213 213 213 221 221 236 267 267 267 279 284 284 291 291 292 292 292 307 315 315 315 324 338 338 338 345 345 354 354 355 355 366 366 396 409 415 415 415 426 426 451 456 465 465 484 488 488 490 490 490 
126 473 491 491 491 
76 76 245 361 440 440 
413 413 413 
159 159 477 477 
2 2 2 
106 372 
56 56 56 236 236 267 267 267 268 285 285 304 446 446 497 
33 33 33 67 67 236 236 281 
43 43 358 358 362 362 413 413 479 
158 158 
55 55 55 101 101 111 111 236 236 267 471 
8 77 200 200 200 290 290 290 350 413 413 413 
240 496 496 
5 86 386 386 508 508 
76 76 109 207 207 337 337 337 
196 196 196 
415 415 415 
12 12 355 355 
271 271 
268 
159 
274 
76 76 199 199 478 478 
76 76 
328 328 
35 35 309 309 
460 460 
233 233 
152 152 152 184 184 184 
215 215 314 314 
214 214 314 314 
102 102 

271 271 
39 39 159 159 159 159 232 232 274 274 402 454 454 
128 128 167 413 413 413 
184 184 
30 35 119 119 174 174 174 180 314 314 341 376 376 483 483 
329 329 
8 8 276 276 313 
5 53 259 377 377 393 419 441 441 441 458 458 458 
292 292 
159 305 305 343 392 477 477 482 482 482 
76 76 245 245 
76 76 76 295 295 
236 275 
39 39 39 159 159 
124 124 219 219 454 454 
157 212 212 271 271 296 296 310 374 375 375 505 
503 
487 
40 55 55 56 56 60 60 69 79 79 83 83 104 104 117 138 147 147 148 184 191 191 192 192 195 195 230 237 267 267 267 275 275 278 278 344 344 351 351 356 415 415 415 415 432 432 438 438 460 487 487 
138 236 

268 268 268 342 342 342 
197 357 476 
39 62 62 
76 423 
311 494 494 
358 358 
76 76 186 228 228 
70 70 
110 110 110 176 176 176 288 401 401 
150 150 408 408 
40 
374 374 401 401 401 401 417 417 417 442 
270 270 270 270 286 413 413 
138 
330 
415 415 
5 
273 273 273 354 
375 375 375 
70 409 409 
225 419 419 419 419 419 

81 81 329 
364 364 410 410 
315 315 
11 11 334 334 385 385 
496 
271 271 
39 39 39 184 184 184 191 191 191 195 236 236 236 356 471 
191 204 239 239 239 
177 415 
251 251 251 251 
3 3 3 7 9 158 203 203 218 218 233 233 266 266 282 282 297 297 327 327 339 354 368 374 374 375 375 401 408 408 412 412 427 427 442 442 442 453 
160 160 
5 5 256 256 256 354 354 354 472 472 472 475 475 
206 219 219 402 405 405 
230 236 236 
157 157 224 224 
415 
236 236 460 460 
5 5 184 496 
308 449 467 467 
67 67 67 192 298 298 421 
144 271 271 427 427 
147 177 177 415 415 
184 184 
191 191 
251 382 382 382 382 413 413 

247 
81 81 
97 97 97 171 196 196 196 480 480 
184 184 426 426 
152 152 184 184 184 226 226 364 364 
408 408 408 
58 139 397 397 408 408 
229 229 
68 68 169 169 233 233 425 425 
271 271 408 408 
281 281 
76 76 76 413 413 
177 
339 339 
39 39 485 485 
415 
56 56 191 
159 159 227 227 392 
87 370 370 408 
184 354 354 396 465 465 465 
280 467 467 
35 210 210 
233 
243 424 
84 84 85 85 160 160 
224 
80 80 80 96 214 214 215 215 222 222 317 349 384 384 384 429 429 434 434 449 449 449 449 455 455 467 481 
73 73 94 94 184 184 184 263 263 336 486 486 

314 398 398 413 
413 
354 
140 396 
42 42 42 96 323 
76 76 162 162 162 
42 42 321 359 
41 41 184 
72 153 503 503 

7 7 7 271 271 
76 209 209 
81 81 82 82 165 223 223 261 
20 20 39 39 71 253 369 369 428 428 430 

407 413 
413 413 
264 264 385 413 413 
174 174 413 413 
315 486 486 
199 199 199 
184 184 184 
46 145 145 271 301 301 381 381 408 408 427 452 453 464 470 
111 182 
222 
239 239 239 
227 
69 147 147 173 236 236 447 
184 184 
27 47 76 76 76 
67 67 421 506 506 
84 84 85 85 
314 481 
8 196 
236 236 432 432 432 
402 402 482 

5 5 21 21 21 21 21 31 31 41 41 134 134 151 151 151 184 184 256 271 273 273 273 307 307 319 411 450 450 462 490 502 508 508 508 
12 12 184 184 202 202 
236 267 
240 367 367 431 431 496 
38 72 72 89 89 90 90 141 193 193 244 244 413 466 503 503 
61 61 81 81 323 
76 
186 
65 174 193 193 413 

118 118 152 152 262 262 292 292 410 
415 
184 184 
114 181 181 181 357 357 390 496 
137 137 137 271 401 
330 330 
87 87 87 306 306 
68 169 
36 36 106 190 
8 8 8 8 
154 233 250 250 271 271 408 417 417 
233 233 257 257 257 271 271 
174 174 222 222 
225 225 
101 
103 103 

0 46 64 139 139 339 339 395 408 408 
286 286 286 286 413 413 
63 75 75 75 415 415 415 432 463 463 
314 314 314 449 449 
264 264 334 413 
86 86 198 198 
124 124 
487 487 
22 81 82 142 461 461 461 461 497 497 
367 455 

227 305 
225 
81 495 495 
46 46 381 
184 307 320 
58 294 294 
317 317 
41 445 445 445 445 
5 5 5 
247 247 250 250 250 250 271 368 
39 159 159 219 274 352 352 
427 427 427 
6 6 92 182 499 
39 39 274 274 
37 
332 413 413 
25 26 26 87 87 87 150 158 248 248 271 271 293 293 293 294 294 297 297 306 339 339 374 381 381 412 412 437 437 437 470 470 
184 258 258 
262 262 364 
354 
271 271 408 408 
35 45 74 74 76 76 76 92 92 119 128 128 132 155 155 161 161 167 167 168 168 174 174 175 182 187 187 187 193 193 196 196 196 220 220 220 251 251 286 286 299 299 317 318 332 333 333 334 334 335 335 358 362 382 382 385 407 407 439 439 448 455 455 500 500 500 
22 22 108 108 497 497 
37 57 116 129 177 177 184 184 184 201 201 201 236 236 236 236 254 254 269 277 283 283 303 365 383 383 383 432 432 463 463 
65 
149 250 250 250 374 374 
80 95 95 95 
225 259 259 259 259 259 
98 98 98 441 
281 347 
76 
76 242 
311 
103 103 296 296 
184 184 291 291 
271 271 282 282 339 403 403 403 
159 330 330 
314 314 
330 
357 357 496 496 
236 236 351 351 351 383 415 415 460 460 460 
159 
314 314 
449 449 449 
22 22 
408 408 408 
236 236 
45 161 413 413 
76 186 186 
1 1 5 18 18 98 225 225 225 420 
250 271 271 271 468 468 
5 5 
59 
41 41 399 399 399 399 
191 191 
344 
413 
280 314 314 314 314 384 384 435 435 435 467 467 467 
41 156 156 156 354 354 462 462 462 
184 
339 464 
271 339 
4 124 124 131 131 131 219 219 232 232 
17 314 314 390 413 413 
78 184 462 491 
99 
225 225 225 
47 
211 211 236 278 278 432 432 432 
22 389 389 389 389 497 
99 99 354 450 450 450 456 
63 63 63 75 383 383 415 415 
339 452 
86 86 184 184 307 307 307 
72 358 
280 280 308 308 314 449 449 449 
123 442 442 
159 159 511 511 
339 408 408 
101 170 170 170 195 267 
273 273 273 475 
185 
487 487 487 
5 273 273 472 
10 10 10 10 240 496 496 496 
159 159 159 188 188 227 227 
76 207 207 
193 
127 127 290 290 
314 349 
227 227 227 352 
180 222 222 
184 
302 302 
31 31 120 315 315 336 336 489 489 489 
56 235 236 236 388 388 474 474 474 
184 184 
120 486 486 486 
51 51 51 184 184 184 354 
126 185 185 185 456 
41 41 

155 155 243 243 
183 394 394 
10 197 197 265 279 357 367 431 431 476 476 476 
191 389 389 414 414 461 

404 
413 413 413 
54 
354 
234 325 325 358 358 
5 5 88 88 
233 
347 347 
104 104 104 
5 5 86 198 198 354 354 354 
76 
159 159 
159 469 469 
