Nodes: 512, Edges: 1215
381 381 381 
441 441 441 
28 28 91 91 91 111 111 183 183 189 189 189 
271 271 493 493 493 
454 
34 48 48 105 184 184 198 198 198 225 255 273 273 273 279 354 354 354 400 441 443 475 504 504 508 508 
404 404 
233 233 271 327 327 327 
196 224 313 350 350 373 373 
271 271 
476 476 476 496 
264 264 
184 184 202 202 202 355 
76 
52 117 117 
316 444 444 
41 41 184 

441 441 441 
104 104 
330 330 330 
31 31 354 354 354 354 354 
108 115 115 331 389 414 436 436 461 461 
171 290 290 
76 
408 408 408 
158 158 408 

2 2 178 183 
56 
180 180 222 
21 21 172 172 172 184 315 315 486 486 489 489 489 

67 192 192 
5 
210 210 222 309 309 413 413 
106 106 269 372 372 372 372 372 
406 415 415 
358 
62 62 159 159 163 166 219 219 231 231 231 241 267 267 267 302 302 302 330 402 402 405 405 477 477 485 
192 192 192 236 249 249 
16 16 85 99 99 137 137 151 151 156 156 160 160 160 184 184 324 354 354 354 399 445 450 
321 321 323 323 323 
193 193 

76 413 413 439 
64 339 339 381 381 395 395 
346 346 459 
5 5 50 50 
236 236 
48 48 400 
490 
14 345 
225 
76 76 501 
93 195 195 236 
29 191 191 236 236 236 446 487 487 
415 
294 294 294 
444 444 444 
104 236 236 236 
359 359 
39 39 241 241 330 
383 383 463 463 
46 381 
193 362 362 416 
141 141 141 
33 192 281 281 347 
169 169 371 
236 236 236 344 
184 184 184 246 246 246 258 
330 330 
89 358 358 466 466 
94 94 315 
413 
383 
13 24 45 54 54 107 107 107 109 109 109 162 162 162 186 186 199 199 207 207 208 228 229 229 242 242 245 245 299 322 346 360 413 413 423 423 440 440 509 509 
196 413 413 
456 
236 
314 314 418 418 
82 184 261 289 329 329 329 359 359 389 389 394 394 495 495 495 
81 121 121 142 142 143 143 329 329 389 389 
236 236 
312 312 312 348 
41 160 160 312 312 348 348 
198 198 386 465 508 508 
306 306 306 370 408 
504 504 
72 358 358 358 358 
358 358 
2 2 2 
182 404 413 413 
55 
73 73 315 315 
418 

171 171 290 290 
420 441 
41 41 462 462 462 462 
197 197 476 496 
140 140 140 195 195 378 471 471 471 
117 117 136 136 216 216 216 
146 146 379 379 379 425 425 
19 19 60 138 138 236 236 236 507 
5 106 106 190 
36 36 105 105 190 372 372 
76 76 76 
22 414 
76 76 76 
130 130 130 176 176 401 401 
2 2 195 340 340 
184 184 

367 367 
22 22 
184 
14 14 102 102 125 125 135 135 135 136 136 184 

122 222 413 
486 486 489 
82 82 143 143 143 
119 314 
468 
232 232 232 232 387 387 387 
117 117 136 
185 491 491 491 
480 
220 220 220 413 413 
415 415 
110 110 110 177 389 
454 454 
413 413 413 413 
145 145 145 
354 354 354 380 380 
117 117 117 
102 102 117 117 125 
41 41 184 368 368 368 
104 104 164 164 252 
381 381 
101 101 101 320 
66 66 66 358 358 413 413 
82 82 
82 82 121 121 121 217 217 

133 133 133 339 
103 103 
344 344 
236 236 236 304 304 389 
250 250 417 417 
248 248 339 408 408 408 
41 41 354 
213 213 213 213 292 292 364 364 

374 
413 494 494 494 494 
41 41 450 
276 276 276 
26 26 194 194 271 271 408 408 
39 39 205 205 205 219 219 227 227 227 231 305 305 402 402 428 433 469 477 510 510 511 511 
41 41 41 85 85 272 312 
413 413 
76 76 76 322 322 
39 
138 138 
329 
39 
220 413 413 
413 413 
68 68 179 296 371 371 371 374 
471 
23 97 97 290 290 
31 31 31 
344 344 
222 222 335 335 376 413 
407 407 407 413 
110 110 247 
130 300 415 415 
28 183 183 
169 
30 30 222 

92 220 220 413 413 444 444 444 
2 2 28 178 178 
5 5 12 12 16 31 41 41 70 70 70 81 112 112 116 117 137 213 213 221 236 236 236 246 258 260 279 279 289 289 291 291 292 292 307 315 324 338 338 338 345 354 354 355 355 355 366 396 409 409 415 415 426 451 451 456 456 465 484 484 484 488 488 490 490 
126 473 491 491 491 
76 76 361 440 440 
413 413 

2 2 2 
105 106 372 372 
56 56 236 267 267 268 285 285 304 446 446 
33 33 40 40 40 67 236 281 281 281 
43 43 65 358 362 362 500 500 
158 158 
55 55 101 101 111 236 267 267 471 471 471 
8 77 200 200 290 290 373 413 413 
100 100 
5 5 5 86 86 279 386 508 
76 76 207 207 207 337 337 337 
196 196 
236 236 236 415 415 415 
12 12 12 355 355 
271 
267 268 268 
159 159 159 
274 274 274 274 
76 76 199 199 199 478 478 
76 
328 
35 35 309 309 
460 460 
233 233 
152 152 152 152 184 184 
215 
214 314 314 314 467 467 
102 102 102 
143 143 
271 
39 39 159 159 232 274 274 402 454 454 
128 128 128 167 182 182 413 
184 
30 35 119 174 174 180 314 314 341 413 413 413 483 
329 329 
8 276 313 313 350 
5 53 377 393 419 441 441 458 458 
292 292 292 
159 159 159 305 305 305 343 392 477 477 477 482 
76 245 
76 76 295 295 509 509 
236 236 236 275 303 415 415 
39 39 39 159 
124 124 124 124 219 454 
7 7 212 212 238 271 271 296 296 310 374 375 375 505 505 
503 
487 487 
40 49 49 55 56 56 56 60 60 60 69 69 69 79 83 83 104 104 104 148 148 148 184 184 184 191 192 195 201 201 201 230 230 230 237 237 267 267 275 275 278 278 344 351 356 356 356 415 415 432 432 438 460 460 
236 236 
233 367 
268 342 342 405 405 
476 496 
39 62 62 
76 76 423 
311 311 413 413 494 494 
325 325 358 
76 76 228 
70 70 70 184 
176 288 288 
150 150 408 
40 40 
149 149 374 374 401 417 417 442 
270 270 270 286 286 413 
138 
330 330 
283 415 
5 

375 375 
70 184 409 
419 419 419 419 419 
184 
81 329 329 
364 364 364 410 
315 315 
11 11 334 385 385 385 

271 
39 39 39 191 191 195 195 204 236 236 268 268 
191 204 204 239 267 267 285 
36 415 415 
251 251 251 
3 3 7 9 9 158 158 203 218 233 233 266 282 282 287 287 354 354 374 391 401 408 408 412 427 442 453 453 
160 
5 5 5 354 354 472 472 472 475 475 
206 206 206 206 219 219 405 405 405 
230 236 236 
157 157 157 224 
415 415 
236 236 460 460 460 
5 184 184 198 496 496 
308 308 467 
67 67 192 192 192 298 347 347 421 421 
271 271 427 427 427 
254 415 

191 191 268 
251 251 382 382 382 382 413 
271 271 
247 247 
81 184 184 
23 23 97 97 171 171 196 196 480 
184 184 426 
152 152 184 184 226 226 226 364 364 364 410 410 
408 408 
58 58 58 397 397 
229 229 
169 233 233 425 425 
408 
281 347 347 
76 413 413 
177 

39 39 39 485 485 
230 415 
148 148 191 
159 159 227 227 227 392 
87 87 87 370 370 408 408 
184 354 354 
280 280 467 
35 35 210 210 
233 
243 243 424 
84 84 84 85 85 160 
8 224 224 
80 80 122 215 215 215 222 222 317 317 349 349 384 384 398 398 398 418 418 429 429 434 434 449 449 455 467 467 467 481 
31 31 73 94 94 184 263 263 486 
15 
314 314 398 398 398 413 
413 413 
354 354 354 
140 
42 42 323 323 
76 162 162 
42 42 42 321 321 359 359 
41 184 
244 244 503 503 503 503 
358 358 
7 7 7 
209 
81 81 81 82 82 165 223 223 261 261 
20 20 20 39 62 71 71 253 253 369 369 369 428 428 430 
22 
407 407 413 

264 413 413 
174 174 413 413 
486 486 486 
199 199 199 
184 184 184 446 
46 46 145 150 381 381 408 427 427 427 452 452 464 470 
111 111 
222 
239 239 
227 
69 147 147 173 173 236 447 
52 184 
47 47 76 459 
67 281 281 298 298 421 421 506 
84 85 85 
314 314 481 481 
8 8 224 
236 415 432 432 
402 
456 
5 5 5 21 21 21 21 21 41 41 41 134 134 134 151 184 184 271 271 273 273 307 307 319 319 319 450 450 450 462 462 490 490 502 502 508 508 
12 184 184 184 202 202 
236 236 236 
367 367 367 496 
38 72 72 89 89 89 89 90 90 141 141 193 244 326 326 413 413 466 503 503 
61 61 81 81 323 323 
76 
186 
65 65 193 193 413 

152 152 262 262 262 292 292 292 410 410 
415 415 
184 
114 114 238 357 357 357 390 390 496 
137 137 137 
330 330 330 
87 306 306 
68 169 169 169 
36 36 36 36 36 106 106 190 190 
8 8 196 
154 169 233 250 250 271 408 417 417 442 442 
233 233 257 257 
174 
225 
101 
103 103 103 
134 134 
0 0 0 46 46 64 139 139 339 339 395 395 408 408 
286 286 286 286 
63 63 75 415 415 432 432 463 
314 314 449 449 
264 264 264 413 413 
86 198 
124 124 124 
487 
22 81 81 82 82 130 148 461 461 461 497 
367 367 
271 
227 305 
225 
81 81 495 495 
46 46 381 381 
184 
294 294 
314 314 314 317 317 317 
41 445 445 445 445 
5 50 
110 110 250 271 
39 39 159 159 219 352 
427 
6 6 92 499 
39 39 239 239 274 274 274 
37 
175 175 175 332 332 413 413 
25 25 25 26 87 150 150 150 158 158 248 271 271 293 293 297 306 306 339 374 381 381 412 412 437 437 437 470 470 
184 184 258 
262 292 292 364 364 

271 408 408 
35 35 45 45 74 76 76 77 77 92 92 119 128 128 132 132 132 132 141 141 155 161 161 167 167 168 168 174 175 182 182 187 187 196 196 220 222 222 222 243 243 251 286 299 299 317 318 318 332 334 334 335 335 358 358 362 385 385 407 407 439 439 455 455 455 500 
22 108 497 
37 37 57 129 129 177 177 184 184 201 201 201 230 230 236 236 254 269 269 277 277 283 303 351 365 365 383 383 432 463 
65 
149 149 250 250 374 374 
80 80 95 314 314 
225 259 259 259 259 259 
98 441 
281 281 347 347 

76 76 242 
311 
103 103 296 296 
184 291 
271 282 282 282 339 339 339 403 
159 330 330 
314 314 
330 
496 496 496 
236 236 351 351 383 383 415 460 
159 
314 314 
449 449 
22 22 
408 408 408 
236 
45 413 413 
76 76 186 186 
1 1 1 5 18 18 18 98 225 225 420 
250 271 374 374 468 468 
5 
15 15 59 59 59 182 182 182 
41 399 399 399 399 
56 191 191 338 
344 

314 314 384 384 435 435 467 467 
41 156 354 354 354 
184 184 
339 339 
271 271 
4 131 131 219 219 232 
314 413 413 413 
78 184 184 353 462 462 491 491 

225 225 
47 346 
211 211 236 236 278 278 278 432 
22 22 389 389 389 
99 99 99 99 354 354 456 456 
63 63 383 415 
339 
86 184 
72 72 358 
215 215 280 308 314 314 314 449 449 
123 442 442 
159 
339 408 408 
101 101 101 170 195 195 195 
273 273 273 475 475 475 
185 
487 487 
5 273 273 472 472 472 
10 10 10 100 240 496 
39 39 159 227 227 227 
207 207 

127 290 
314 349 349 
227 
222 
184 184 184 
39 302 302 
31 31 120 120 315 336 336 336 489 489 
56 56 235 235 388 474 474 
184 184 
31 31 31 120 486 486 
51 184 184 354 354 
126 126 126 185 185 185 456 456 

3 3 3 
155 155 155 155 243 243 
81 81 81 394 394 
10 100 240 279 279 357 367 431 431 431 476 
389 414 

404 
193 193 413 
54 
354 354 
234 325 325 325 325 358 358 
5 5 88 88 
233 233 
347 
104 
5 5 86 86 198 354 354 
76 76 229 229 
159 159 
159 159 
