Nodes: 512, Edges: 1215
381 381 
441 441 
28 28 91 91 111 183 189 189 
271 271 493 493 493 
454 454 
34 34 48 50 88 88 105 184 184 198 198 225 225 273 273 273 279 279 354 400 400 441 441 443 443 443 458 475 475 504 504 504 508 
404 404 
233 233 233 271 327 327 327 
224 224 313 313 350 350 350 373 
271 271 
476 476 496 
264 
184 202 355 

117 184 184 
182 182 316 444 444 
41 184 184 
390 
441 
104 104 
330 330 330 
31 31 354 354 354 
108 108 115 115 331 331 389 414 414 461 
290 290 
76 76 76 
408 408 
158 158 408 408 
76 76 76 346 
2 2 178 178 183 183 
56 
180 180 222 
21 21 172 184 315 354 486 489 
184 184 
67 192 
5 5 
210 210 222 309 413 
106 106 106 372 372 372 
406 415 415 415 
358 
62 62 159 163 166 219 219 219 231 241 241 267 267 267 330 330 402 405 405 477 477 485 485 
192 192 192 236 236 249 
16 85 99 137 151 151 156 160 160 184 184 324 354 354 445 445 450 450 492 
321 321 323 
193 

76 413 413 413 439 
64 64 339 381 395 
76 76 76 346 459 459 459 
5 50 
236 
5 48 400 
490 490 490 
345 
225 225 
76 299 501 
93 93 195 195 236 
29 191 191 236 236 304 304 446 446 
415 415 415 
294 294 397 397 
444 444 
104 236 236 

39 39 241 241 330 
383 463 463 
46 46 381 381 
193 362 416 416 
141 141 
33 192 192 281 281 
169 371 
344 344 344 
184 184 246 246 246 258 258 

89 325 358 466 466 
94 94 94 315 

383 383 463 
24 24 24 27 27 27 45 47 47 47 54 107 109 162 186 186 196 199 199 207 207 208 208 228 228 229 229 242 242 245 245 314 322 322 328 346 346 353 354 360 413 423 440 440 478 509 509 
196 196 
456 
236 
314 418 
82 82 82 113 184 261 261 359 359 389 389 
81 81 81 121 121 121 142 142 142 143 143 329 389 389 
236 236 
85 348 
41 84 160 312 312 348 
198 198 465 465 
306 370 408 408 408 
5 5 504 504 
72 358 358 358 
358 
2 2 
182 182 182 404 
55 55 
73 73 73 315 
418 418 
321 321 321 
171 171 290 290 
420 420 441 
41 462 
197 197 476 496 
140 140 195 378 378 471 471 471 
117 136 136 216 
146 379 379 379 379 379 425 
19 19 60 138 138 507 
5 184 184 184 
36 36 36 190 372 
76 
22 22 414 
76 199 199 
130 130 
2 195 195 340 340 340 
184 184 
81 
367 367 
22 22 
177 177 177 184 184 184 415 415 
14 102 125 135 135 135 136 136 184 236 236 236 
364 364 
122 122 222 222 413 413 
486 486 
82 82 82 143 143 143 
119 119 
468 
387 454 454 454 
117 136 136 
185 185 491 

220 220 220 220 413 413 448 448 448 
236 415 415 
110 110 177 177 
454 454 454 
168 168 413 413 413 
145 145 
354 354 354 380 380 380 
117 117 117 
102 102 117 117 125 125 
41 184 184 184 368 368 368 
104 104 164 164 236 237 252 
381 381 381 
101 101 320 
66 66 358 358 413 
82 82 82 389 
82 82 121 121 121 217 217 
282 
133 133 
103 
236 236 236 283 344 344 
236 236 304 
250 250 417 417 
248 248 339 408 
41 41 354 354 
213 213 213 292 364 364 
325 325 325 
374 374 
413 413 494 494 
41 450 450 
233 276 
26 26 194 194 271 408 408 408 
39 188 188 205 219 219 219 219 227 227 305 305 330 330 402 428 428 428 433 433 433 469 469 477 477 477 510 510 511 
41 41 85 272 272 498 498 
413 413 413 439 439 439 
76 322 322 
39 
138 138 
329 329 
39 477 
413 413 
132 132 413 413 
68 296 296 371 374 
471 471 471 
97 97 290 
31 
344 344 
222 335 362 413 413 
407 413 413 
247 247 
116 116 116 130 130 283 300 415 
28 28 183 183 

30 30 222 222 483 
367 367 
15 15 92 92 92 220 363 363 404 404 444 444 
2 28 28 178 178 495 
5 5 12 14 14 16 16 31 32 32 41 41 70 70 81 105 105 105 112 112 116 116 116 117 137 137 137 213 213 221 236 236 236 258 258 260 267 267 267 279 279 284 289 289 292 307 315 324 324 324 338 338 354 354 354 355 366 396 396 396 409 415 415 415 426 451 456 456 465 465 484 484 488 488 490 
126 126 473 491 491 
76 76 245 245 361 440 440 
413 413 413 
159 159 477 
2 2 
106 372 
56 56 236 236 267 268 268 268 285 285 304 304 
33 40 40 40 67 67 236 236 281 
43 65 286 286 358 362 413 479 500 500 
158 158 
55 55 101 111 111 236 267 267 471 
76 77 77 200 200 200 290 290 373 413 
100 100 496 
5 5 86 86 386 386 508 
76 76 109 109 207 337 337 337 
196 196 196 
236 415 415 
12 355 
271 
267 268 
159 
274 274 274 274 
76 76 199 478 
76 76 
328 328 
35 35 309 

233 233 
152 152 152 184 184 
215 314 
214 314 
102 
143 143 
271 271 271 
39 39 39 159 159 159 159 232 232 274 402 402 402 454 454 
128 128 128 128 182 413 413 
184 
30 35 119 119 174 180 180 314 314 341 413 413 483 
329 
8 8 276 276 313 350 
5 5 53 53 259 259 393 419 441 441 458 458 458 
292 
159 159 305 305 343 392 392 392 477 477 477 482 482 
76 76 245 245 
76 76 295 509 509 509 
236 236 275 275 303 303 415 415 
39 
219 219 454 
7 7 7 157 212 212 238 238 271 271 296 296 310 310 374 375 375 505 505 
503 503 503 
487 487 
40 40 49 55 56 56 60 60 79 83 83 117 117 117 129 138 147 147 147 148 148 184 184 184 191 191 192 192 195 201 230 230 237 237 267 267 275 275 278 344 344 344 356 356 415 415 415 432 432 438 438 438 460 460 487 487 
138 236 236 
233 233 
268 268 342 405 
476 
39 39 62 62 
76 76 
311 311 413 494 494 
325 358 358 
76 76 186 186 228 228 
70 70 70 
176 176 288 401 
150 150 408 
40 
149 149 374 401 401 401 401 417 442 
270 270 270 286 286 413 413 
138 
330 330 330 
283 283 415 

273 273 273 354 354 
375 375 375 375 
70 70 184 184 409 
225 225 419 419 
184 324 
81 81 329 
364 364 410 
315 315 
11 334 334 
496 
271 271 271 
39 39 39 184 184 184 191 195 195 204 236 236 356 471 
191 191 191 204 239 239 

251 251 251 
3 3 7 9 9 158 203 218 218 218 233 233 266 266 266 287 287 287 297 327 354 354 368 374 375 391 401 408 408 412 412 412 427 427 442 442 453 
160 160 
5 5 5 256 256 256 354 354 354 
206 206 206 206 219 402 402 405 405 
230 230 236 236 
157 224 224 
415 
236 460 
5 5 184 184 496 
308 308 308 449 467 467 
67 67 192 298 298 347 347 421 421 
144 427 
147 177 254 254 415 
184 
191 191 
193 193 251 251 382 382 382 413 413 
271 271 271 
247 
184 184 
23 23 97 97 171 196 196 480 480 480 
426 426 
152 184 226 364 410 410 
408 
58 58 397 397 408 
229 
169 169 233 233 425 425 425 
271 408 
281 281 347 347 
54 413 
177 
339 
485 
230 230 415 415 
56 56 148 191 191 
159 159 227 227 392 392 392 
87 370 370 
184 354 354 396 396 396 465 
280 280 280 467 467 467 
35 210 
233 233 
243 243 424 
85 85 
8 8 224 
76 80 214 215 222 222 349 349 384 384 384 398 398 413 413 418 418 429 434 449 449 449 467 467 467 481 481 
31 73 94 184 263 263 
15 
398 413 413 
413 413 
354 354 
140 396 
42 42 96 96 96 323 323 
76 76 162 162 
42 321 321 359 
41 184 184 184 260 
72 153 153 153 244 503 503 503 503 
358 358 
7 7 7 271 
76 209 209 
82 165 165 223 261 
20 20 20 39 39 62 159 159 253 253 253 369 428 428 430 
22 22 
413 413 

264 264 413 
174 413 
486 486 
199 199 199 
184 184 415 415 415 
46 150 301 381 381 381 381 408 408 427 427 452 464 470 
111 111 111 
222 
239 
227 
69 69 69 147 147 173 173 236 236 236 447 447 
52 
27 47 76 76 
281 281 298 298 421 421 
84 85 
314 314 481 481 
8 8 8 224 
415 432 
402 
76 
5 21 21 21 31 41 41 76 134 134 134 151 151 184 184 184 256 256 271 271 273 273 273 307 307 319 319 411 411 450 450 450 462 462 490 490 508 508 
12 184 202 
236 236 267 
431 496 
38 72 89 89 89 90 141 141 193 244 244 326 326 413 413 413 466 466 503 
81 81 323 
76 
186 
65 174 193 413 413 
182 182 
118 118 152 152 262 262 292 410 

184 
114 114 181 181 390 390 
137 137 137 271 401 
330 
87 306 306 
68 169 
36 36 36 106 190 
8 196 
154 154 169 233 250 271 408 417 442 442 
233 233 257 257 257 257 271 


101 101 
103 103 103 103 103 
134 134 134 
0 0 46 64 64 139 139 139 339 339 339 339 395 395 
286 286 286 413 
63 75 75 415 415 415 432 463 
314 314 314 
413 413 
198 198 
124 
487 487 
22 81 81 82 82 142 461 461 497 497 
17 367 367 455 455 
271 
227 227 227 305 305 305 
225 
495 
46 381 381 
184 184 184 307 307 307 320 
58 58 294 294 
314 314 317 
445 445 445 445 445 
5 5 50 
247 250 250 250 250 271 368 
39 159 219 219 219 274 274 352 

6 6 92 182 182 499 
39 39 239 274 274 
37 
175 413 
25 25 26 26 87 87 87 150 158 158 158 248 271 271 293 294 297 339 339 374 412 412 437 437 470 
184 258 
262 292 292 364 
354 354 
271 271 271 408 408 
35 45 45 45 76 119 119 128 128 132 132 132 141 155 155 161 161 161 167 167 168 168 174 174 175 175 187 187 187 193 196 220 220 222 222 243 251 251 286 286 299 314 314 317 317 318 318 332 332 334 335 358 358 358 362 362 382 385 385 407 439 448 455 
22 22 108 497 497 
37 37 37 57 57 57 116 116 129 129 177 184 184 184 201 201 230 230 236 236 236 254 277 283 303 303 338 338 338 351 383 383 383 432 
65 65 
149 149 250 374 
80 95 95 314 314 
225 259 259 
98 98 441 441 
281 281 347 347 

76 
311 
103 296 296 296 
184 291 291 
271 271 282 339 339 
159 159 159 330 330 
314 
330 
357 496 
236 236 351 383 415 
159 159 159 
314 
449 

408 408 
236 236 236 
45 161 161 161 413 
76 76 186 186 
1 1 5 5 18 98 225 225 420 420 
250 271 271 374 374 
5 5 5 
15 15 59 59 182 182 
41 41 399 399 399 399 399 
56 56 
344 344 
128 128 128 413 
280 314 314 314 435 467 467 467 
41 41 156 156 354 354 354 462 
184 
339 464 
271 
4 4 124 124 124 131 131 131 219 219 232 
390 390 413 
78 184 184 462 462 491 491 491 

5 225 225 225 
47 47 47 
236 236 278 
22 389 389 
99 354 354 450 456 456 
63 63 75 383 
339 452 
86 86 184 184 307 
72 72 358 358 
280 280 308 308 308 314 314 314 449 449 449 
123 
159 159 511 
339 408 
101 101 101 170 170 170 195 267 
475 475 
185 
487 487 
5 5 472 472 
10 10 100 240 496 496 496 
39 39 159 159 159 166 188 227 227 227 
76 207 
193 
290 290 290 
314 314 349 349 
227 227 
180 222 
184 184 
39 39 302 
31 120 120 336 336 489 489 
235 235 236 236 388 388 474 474 
184 184 
31 486 486 
51 51 51 184 354 354 
126 185 185 456 456 456 
41 
3 3 3 
155 155 243 243 
183 394 
10 100 197 265 279 357 431 476 476 476 
389 389 414 414 
160 160 
404 
193 193 
54 

234 234 234 325 325 325 325 358 
5 5 5 88 88 
233 233 

104 
5 198 354 354 
76 76 229 229 229 
159 159 
159 469 
