Nodes: 512, Edges: 1215
301 381 381 381 

28 28 91 91 182 183 183 189 
271 271 493 493 
454 454 454 
34 48 48 50 50 198 225 225 225 255 255 255 273 354 354 400 441 441 443 458 475 475 475 504 504 508 508 508 
404 404 
233 271 271 327 327 
196 224 350 350 373 373 373 
271 271 
476 
264 264 
184 184 202 
76 76 76 
184 
182 182 182 316 444 444 444 
41 
390 455 455 
441 441 441 
104 
330 330 
31 354 354 
108 108 108 108 115 115 331 331 389 389 414 414 414 436 461 
171 290 290 290 
76 
408 
158 158 408 408 408 
76 
2 2 178 183 183 
56 
222 
21 172 184 315 354 354 354 486 
184 184 
67 67 67 192 192 
5 
210 210 222 222 309 309 309 413 413 
106 106 372 372 
406 406 415 415 415 
358 
62 62 62 159 166 166 219 231 241 241 267 267 267 302 302 330 402 402 405 477 477 477 485 485 485 485 
192 192 236 249 
16 85 99 99 137 137 151 151 156 160 160 184 184 184 324 324 324 354 399 445 450 492 492 
321 323 
193 193 
137 
76 76 439 
64 64 339 381 395 
346 346 
5 5 50 50 50 
236 
5 5 48 48 48 400 400 
490 
184 184 345 
225 225 
76 76 299 501 
93 93 195 236 236 
29 191 236 304 446 487 487 487 
415 
294 397 
444 444 
236 
359 359 
39 39 39 241 241 330 330 330 
383 463 463 463 
46 46 381 381 
193 193 416 
141 141 
33 33 33 192 192 192 281 347 347 347 
169 296 371 
236 236 344 344 344 
184 184 184 246 258 258 258 
330 330 330 
325 325 358 466 
94 315 
413 
383 383 463 463 463 
13 13 13 24 27 45 45 54 54 107 107 109 162 186 186 186 199 207 207 208 245 245 245 299 322 322 346 346 360 413 413 423 423 478 478 509 
413 413 
456 
236 236 
314 314 314 418 418 
82 82 184 184 261 289 359 389 389 394 394 495 495 
81 81 121 142 142 143 329 389 
236 236 
85 85 312 312 348 
41 84 84 160 348 348 348 
198 386 386 465 508 508 508 
306 306 370 408 
504 504 
358 358 
358 358 
2 2 
182 413 413 
55 55 
73 315 
418 418 
321 321 321 321 
171 171 290 290 
441 441 441 
41 41 462 462 
197 197 197 476 476 496 
140 140 195 195 195 378 378 471 471 471 
117 216 216 
379 379 379 425 425 
19 138 138 236 236 507 
106 184 184 184 190 
36 36 105 149 190 190 190 372 372 
76 76 
22 22 22 22 414 
76 199 
130 130 176 176 176 247 247 401 401 
182 340 340 340 
184 184 

367 367 367 
22 22 
177 177 184 415 
102 125 184 184 236 236 
364 
122 222 222 413 413 
486 486 489 489 
82 143 143 
119 314 

232 232 232 232 387 387 387 454 454 
117 136 
185 185 491 491 
480 480 480 
220 220 220 413 413 448 448 
236 236 415 
110 110 177 
454 454 454 
413 413 413 
145 145 145 145 
354 354 380 380 

125 
41 41 44 184 184 368 368 
104 104 164 164 164 236 236 
381 
101 101 320 320 
66 66 358 413 
82 82 389 389 
82 121 121 217 217 
282 282 282 
133 133 133 133 339 339 339 

236 344 
236 304 304 389 
106 417 
248 248 408 
41 41 
213 213 213 292 292 
325 
374 374 374 
413 413 494 494 494 
41 450 
276 276 
26 26 194 408 408 
39 188 205 205 219 219 219 227 227 227 231 231 231 305 305 330 330 428 469 469 477 477 510 510 510 511 511 511 
41 41 85 272 272 312 312 498 
413 413 413 439 
76 322 322 

138 138 138 
329 
39 39 477 
220 413 413 413 
413 
68 179 296 371 371 374 
471 471 471 
23 97 97 290 290 
31 
344 344 
222 222 335 362 376 376 413 
407 413 413 
110 110 110 247 247 
116 116 130 283 300 300 415 415 
28 183 183 183 
169 
222 
367 367 
2 15 15 15 92 111 363 404 413 444 444 
2 2 28 28 178 178 178 
12 12 14 31 32 32 41 41 41 52 52 70 70 70 81 81 105 105 105 112 112 116 117 117 137 137 213 213 221 236 236 236 246 246 258 258 260 260 267 267 267 279 284 289 289 291 291 292 307 324 338 345 345 354 354 355 355 366 396 409 426 426 451 451 484 484 488 490 490 490 
126 126 473 491 
76 76 76 245 361 440 
413 413 
159 477 
2 
105 106 106 106 372 
56 236 267 268 268 285 285 304 304 304 446 
33 33 40 40 67 67 67 281 281 281 
43 43 65 65 286 286 313 362 413 413 413 500 
158 
55 101 101 101 236 236 267 471 471 
8 200 290 290 413 413 413 
100 100 100 496 496 
5 86 386 386 386 508 508 
76 109 207 207 337 337 337 
196 
236 236 415 
12 
271 271 

159 159 
274 274 274 274 
76 76 199 199 478 478 
76 
328 328 
35 35 309 
460 460 
233 
152 152 152 184 184 
215 314 314 
214 314 314 314 
102 102 
143 143 

39 159 159 159 232 232 274 402 402 454 454 
128 128 128 167 413 413 413 
184 
30 35 35 119 119 174 174 180 314 341 376 413 413 413 483 483 
329 329 
8 313 
5 5 5 53 53 259 377 377 377 393 393 419 441 441 441 458 
292 
159 159 159 305 305 392 392 477 482 482 482 

295 295 509 
236 275 275 303 415 415 
39 159 159 159 
124 124 124 124 219 219 
7 212 238 271 271 271 296 310 374 375 505 
503 
487 487 
40 49 55 55 56 60 69 69 79 79 83 83 104 104 117 117 129 129 138 138 147 148 184 184 184 191 195 195 201 201 230 237 267 267 275 275 275 344 351 351 356 415 432 432 438 460 
236 
233 
342 342 342 
476 476 476 496 
39 39 62 62 
423 
311 311 311 413 413 494 494 
325 325 358 358 
76 76 76 186 
70 184 184 
110 110 176 176 288 288 401 401 
150 150 408 408 408 
40 
374 374 401 401 401 401 417 417 442 
270 270 286 286 

330 330 
283 283 415 
5 5 5 
273 273 
375 
70 70 70 184 184 409 409 
225 261 419 419 419 
184 184 
81 259 329 329 
410 410 

11 11 334 334 385 385 385 
496 496 
271 
39 39 39 184 184 184 191 195 236 236 268 356 471 
191 191 267 

251 251 
3 3 7 7 9 9 203 203 233 233 233 266 282 297 339 354 374 375 391 401 401 412 412 427 442 453 453 453 
160 160 
5 256 256 354 354 472 472 475 
206 206 206 206 219 405 405 405 405 
230 230 236 236 236 
157 157 
415 
460 460 460 
184 496 496 
449 467 467 
67 192 192 192 298 298 347 421 421 
144 144 144 271 427 
177 254 254 415 
184 
191 191 
193 193 251 251 382 382 382 413 413 413 

247 247 
81 184 184 
23 23 23 97 97 171 171 196 196 
184 184 426 426 426 
152 152 184 226 364 410 410 
408 
58 397 397 408 408 
229 229 
68 169 233 425 
271 408 
281 281 347 347 347 
54 76 413 
177 177 
0 
39 39 
230 415 
56 148 148 191 191 191 
159 159 227 227 392 392 
87 87 370 370 408 
184 354 354 354 396 465 465 
467 467 467 
35 35 35 210 
233 
243 243 243 424 
84 84 160 160 
193 224 
80 80 80 122 214 214 215 215 215 222 317 317 349 349 384 384 384 398 413 418 418 434 449 449 449 467 467 
31 73 94 336 
15 
314 314 398 398 413 
413 413 
354 
140 140 
42 96 96 96 96 323 323 
76 76 162 162 
42 321 321 359 359 359 
41 41 41 184 
72 72 153 244 244 503 503 503 
358 358 358 
7 7 
209 209 
82 165 223 223 261 261 
20 20 39 62 62 62 71 71 71 159 159 253 253 369 369 369 430 
22 22 
407 413 
413 
264 264 385 413 413 413 
174 413 
315 486 486 486 
199 199 199 
184 415 415 
46 145 145 145 271 381 381 408 408 427 427 452 452 452 453 464 470 
111 111 111 
222 
239 239 239 

69 69 69 147 173 173 236 447 447 447 
52 184 184 
47 47 76 76 
67 67 67 281 298 298 298 421 421 421 506 
84 85 85 85 
314 314 481 481 
8 8 
236 236 432 432 432 
402 482 
456 456 
5 5 21 21 31 31 31 41 134 134 184 184 271 273 273 307 307 307 319 411 411 450 450 450 462 490 502 508 
184 184 
236 267 
367 431 496 
38 72 89 89 90 90 141 244 244 326 326 326 413 413 466 503 
61 61 81 323 323 323 
76 
186 
174 193 413 413 
182 
118 292 410 
415 
184 
114 114 114 181 181 357 496 496 496 
137 137 
330 330 330 
87 306 306 
68 169 169 
36 36 106 106 190 
8 8 8 
154 154 154 169 233 250 250 271 408 408 417 417 442 442 
233 257 271 
174 174 222 
225 225 225 
101 101 
103 103 103 
134 134 
0 0 0 46 64 64 139 339 339 395 408 408 
286 286 286 413 413 
63 75 75 415 415 432 463 463 463 
314 314 314 449 449 
264 264 264 334 
86 86 198 198 198 
124 124 124 
487 487 
22 22 81 81 82 142 142 148 461 461 497 
17 455 
271 
227 227 305 305 
225 225 
81 81 495 495 495 
46 381 
184 307 
58 294 294 
314 317 317 
41 445 445 445 445 
5 50 50 
110 110 247 247 250 250 250 250 271 271 
39 39 219 219 352 
427 427 
6 6 182 499 
39 274 274 274 274 
37 37 
175 332 413 413 
25 26 26 26 87 150 158 158 248 248 248 293 294 294 297 306 339 339 374 374 381 381 412 437 437 
184 258 258 
262 262 292 292 364 
354 354 
271 271 408 
35 35 74 76 76 77 77 92 92 119 119 128 128 132 132 132 141 155 155 161 161 161 167 167 167 168 174 175 175 182 187 187 193 193 193 196 196 196 220 220 220 222 222 222 243 243 286 286 286 299 314 317 318 318 332 333 334 334 334 335 358 358 362 362 382 382 407 407 439 439 455 455 455 500 500 500 
22 22 22 108 497 497 
37 37 37 57 116 129 177 177 201 230 230 236 254 277 283 303 338 338 365 383 383 432 432 432 463 463 
65 
149 250 250 374 374 
80 80 95 95 314 314 
225 259 259 259 
441 441 
281 281 347 347 347 

76 76 242 
311 
103 103 296 
184 184 291 291 291 
271 282 339 339 403 403 
159 

330 
357 496 
236 236 351 351 351 383 415 415 415 460 

314 
449 449 449 
22 
408 408 
236 470 
45 161 413 413 
186 
5 5 18 18 18 98 98 98 225 225 225 420 420 
250 271 374 374 468 468 
5 456 
15 15 15 59 59 182 182 
41 399 399 399 399 
56 191 
344 344 344 
128 128 
280 314 314 314 384 384 435 435 435 467 467 
41 156 354 354 354 462 
184 184 
339 339 339 464 464 464 
271 271 271 339 
4 4 4 124 124 131 131 131 219 219 
17 17 390 413 413 413 
78 353 353 443 491 491 491 

5 225 

211 211 236 278 278 278 432 
22 389 389 497 497 
99 99 354 450 
63 63 63 75 75 75 383 383 383 415 415 
339 452 452 452 
86 307 307 
72 358 
280 280 308 308 308 314 314 449 449 
442 442 
159 159 511 511 
339 438 
101 101 101 170 170 170 195 195 267 
273 273 
185 
487 487 487 
5 5 5 273 
10 100 100 240 240 240 496 
39 39 39 159 159 166 188 227 
76 76 207 207 

127 127 127 
349 349 
227 227 227 352 
222 222 
184 184 
39 39 39 39 
31 120 120 336 336 336 489 489 489 489 
56 56 56 235 235 388 388 474 474 474 
184 
120 120 486 486 486 486 
51 184 184 184 354 
126 126 185 456 456 456 
41 41 
3 3 
155 155 155 243 243 
81 81 394 394 394 
100 197 197 240 265 265 279 279 357 367 367 367 431 476 
389 414 414 461 461 
160 
404 
193 413 413 413 
54 
354 
234 325 325 325 358 
5 5 88 88 
233 
347 
104 
5 5 5 86 86 86 198 198 354 
76 229 
159 159 159 
159 159 159 469 469 
