Nodes: 512, Edges: 1215
301 381 381 
441 
28 28 28 91 182 183 183 189 
271 493 
454 454 
34 48 48 50 50 50 88 88 184 184 225 225 225 255 273 279 354 354 400 400 400 441 441 443 475 475 504 504 508 
404 404 
233 233 271 327 327 327 
196 313 373 
271 
476 476 
264 
202 355 
76 76 76 
52 117 184 
182 182 444 
41 41 41 184 
390 455 
441 441 
104 104 
330 330 330 330 
31 31 354 354 
108 108 115 115 331 331 331 389 414 414 414 436 461 461 
171 171 290 290 290 
76 
408 
158 158 
76 76 346 346 346 
2 2 2 178 178 183 183 
56 
222 
21 21 172 172 172 184 315 315 354 354 354 486 486 489 489 
184 184 
67 192 192 
5 
210 210 210 222 309 309 413 413 413 
269 372 
406 415 415 

62 159 163 163 166 219 219 231 241 241 267 267 302 330 330 402 402 405 477 477 485 
192 192 236 236 249 
16 16 16 85 99 137 151 151 156 156 156 184 324 354 354 399 399 445 450 450 492 492 
321 321 321 323 323 
193 193 193 
137 
76 76 413 413 
64 64 339 339 381 395 395 395 
76 76 346 346 
5 5 50 50 50 
236 
5 5 5 48 48 48 400 400 
490 490 
14 184 345 
225 225 225 
299 
93 236 236 
29 191 236 304 487 487 487 
415 415 415 
294 294 397 397 397 
444 
104 236 236 
81 81 359 359 
39 241 241 330 330 330 
383 383 463 463 
46 46 381 381 
193 193 362 362 416 
141 141 
33 192 192 192 281 281 347 347 
169 169 296 296 371 371 
236 
184 184 246 258 
330 330 
89 89 358 358 466 466 466 
94 94 94 94 315 315 
413 
383 383 463 
13 13 13 24 27 27 45 45 47 47 109 109 162 186 186 196 199 199 207 207 207 208 208 229 229 229 242 245 322 328 328 346 346 346 360 413 413 413 423 440 440 478 478 509 509 509 
196 196 413 413 
456 
236 
314 314 
61 61 82 82 289 329 359 389 389 389 394 394 495 495 
81 81 121 121 121 143 329 329 389 389 
236 236 236 236 
85 312 312 348 348 
41 84 160 160 312 312 348 
198 465 465 465 465 508 508 
306 306 370 370 
5 5 504 504 
72 72 358 358 358 
358 358 
2 
182 413 413 413 
55 
73 73 73 73 315 315 
418 418 
314 321 321 
171 171 290 
420 420 441 
41 457 462 
197 197 197 496 496 
140 140 140 378 378 471 471 
117 117 136 136 216 216 
146 146 379 379 379 379 425 
19 19 60 138 236 507 507 
106 184 
105 149 149 190 190 190 

22 22 414 414 
76 76 199 199 
130 130 176 176 401 401 
195 340 340 
184 

367 
22 22 
177 177 177 415 415 
14 102 102 125 135 135 135 136 184 184 236 
364 364 
122 222 413 
489 489 
82 82 82 143 143 
119 
468 
232 232 387 387 454 454 
117 136 136 136 
185 185 491 491 491 
480 480 480 
220 220 220 413 413 413 448 
236 236 415 415 
110 110 
454 454 
413 
145 145 
380 
117 117 117 
102 102 117 125 125 125 
41 44 184 184 368 368 368 
104 164 236 237 252 
294 381 
101 101 101 320 
66 66 358 
389 389 
82 121 121 217 

133 133 339 
103 103 
236 344 344 344 
236 236 236 304 389 
106 106 417 417 
408 408 408 
41 41 354 
213 213 213 292 292 364 364 

374 374 
413 494 494 
41 41 41 450 
233 
26 26 194 194 271 408 408 
39 188 188 219 219 227 227 227 305 305 330 402 428 428 433 433 469 469 469 477 477 477 510 511 511 
85 85 272 312 312 498 
413 413 413 439 
76 322 
39 39 
138 
329 329 
39 477 477 
220 220 
413 413 
68 68 296 371 371 371 374 

23 23 97 97 290 290 290 
31 31 31 
344 
222 222 376 413 
407 407 413 
110 110 247 247 
116 116 116 269 283 300 300 300 415 415 415 
28 28 

222 222 
367 
2 15 15 92 220 363 363 404 413 444 444 
2 2 28 28 
5 5 14 16 31 32 32 41 52 70 70 105 112 117 117 137 137 213 221 236 236 246 246 258 258 260 267 267 279 284 284 289 291 291 307 307 315 324 324 338 338 345 354 354 355 355 396 409 409 415 426 451 456 465 484 484 488 490 490 490 
126 126 473 491 491 
76 76 245 361 440 440 440 
413 413 413 
159 159 477 477 
2 
106 106 106 372 372 372 
56 236 236 267 267 268 285 285 446 446 497 
33 33 40 40 67 67 67 236 281 281 
43 43 43 65 65 286 358 362 362 500 
158 158 
111 236 267 471 
8 76 77 77 200 200 200 290 290 290 373 373 413 413 
100 100 100 496 496 
86 279 508 
76 76 109 109 207 207 337 
196 196 196 
236 236 236 415 415 
12 355 355 501 
271 271 
267 267 268 268 

274 274 274 274 
76 76 76 199 199 
76 76 
328 
35 35 35 309 309 309 
460 460 460 
233 233 
152 152 152 184 
215 314 314 314 
214 314 314 467 467 
102 102 
143 
271 
39 39 159 159 232 232 274 274 454 454 
128 128 128 167 167 182 413 413 
184 
30 35 119 174 174 180 180 314 341 376 413 483 483 
329 
276 276 313 350 
5 5 5 53 53 53 259 259 377 393 393 419 419 441 441 458 
292 292 
159 159 159 305 343 343 392 392 477 477 482 482 
292 
76 76 76 295 509 509 509 
236 236 275 275 303 303 415 415 
39 
124 124 219 219 454 454 
7 7 157 212 212 238 238 271 271 296 296 310 374 505 505 505 
503 503 
487 
40 40 49 55 55 56 60 60 69 79 83 83 83 83 104 117 129 129 138 147 148 148 148 184 184 191 191 192 195 201 201 201 230 230 237 237 267 267 278 278 356 356 415 415 415 432 438 438 460 460 460 487 487 
138 236 236 
233 233 
268 268 268 342 
357 476 476 
39 39 62 62 
76 
311 494 494 
325 325 358 358 
76 186 
70 184 184 
176 176 288 288 401 
408 408 
40 
401 401 401 442 442 
270 270 286 286 413 
138 
330 
283 415 415 
5 
354 354 
375 375 375 375 
70 184 184 409 409 409 
225 225 419 
184 
329 
364 364 410 410 
315 
11 334 334 385 
496 496 496 
271 271 
39 39 184 184 191 191 195 204 204 236 236 356 356 471 
191 204 204 239 239 239 
36 177 415 
251 251 
3 7 9 158 203 203 218 233 233 266 266 282 282 287 297 297 327 327 339 354 354 354 374 374 374 375 391 401 401 408 408 408 412 442 453 453 
160 
5 354 354 472 475 475 475 
206 206 206 206 219 219 402 402 402 405 405 
230 230 
224 224 
415 415 
236 236 460 460 460 
5 184 198 496 
308 308 308 449 467 467 
67 67 192 192 347 
271 271 427 427 427 
177 254 415 415 415 
184 184 
191 191 
193 251 251 382 382 382 413 
271 
247 247 
81 184 
23 23 23 97 171 171 171 196 196 196 480 480 
184 184 426 
152 152 226 226 228 364 364 410 410 410 
408 
58 58 139 397 408 408 
229 
68 68 169 233 233 425 425 425 
271 271 408 408 

54 413 
177 177 177 
0 339 339 
39 485 485 
230 230 415 
56 148 
159 159 227 392 392 
87 87 370 370 370 408 408 
184 184 396 396 
280 280 280 467 467 
35 35 210 210 210 
233 
243 424 
84 84 85 85 160 160 
8 224 
80 80 96 214 214 214 215 215 222 317 317 319 319 384 384 398 398 413 418 418 429 434 449 449 449 449 455 455 455 467 467 481 
31 31 73 73 94 94 184 263 336 336 

314 314 398 398 
413 413 
314 314 
140 396 
42 42 42 96 96 323 
76 162 
42 42 321 
41 184 184 
244 244 503 503 
358 358 
7 7 7 271 271 
76 76 209 
81 82 82 165 165 223 261 
20 20 20 20 39 39 62 62 62 71 71 159 253 369 369 369 430 
22 22 22 
407 407 413 

264 264 413 
413 
315 315 486 486 
199 
184 184 415 
46 46 145 271 301 301 381 381 381 408 427 452 452 453 464 464 470 470 
111 111 
222 
239 
227 227 
147 147 147 173 447 
52 184 
27 27 27 47 47 76 76 76 459 459 
67 67 281 421 421 421 506 
84 84 85 
481 
224 
415 432 
402 

5 5 21 21 31 31 31 41 41 151 184 184 256 256 271 271 271 273 273 411 411 450 450 450 462 490 508 508 
12 184 184 202 202 
236 236 267 267 
240 367 431 431 431 496 496 
72 72 89 89 89 90 90 141 193 244 244 326 326 413 466 466 503 
61 61 81 
76 
186 
65 65 193 193 
182 182 
118 118 152 152 262 262 292 292 410 410 
415 

114 181 357 496 
137 137 137 
330 330 330 
87 87 306 306 306 
68 68 169 169 169 
36 190 190 190 
8 196 196 
154 154 169 233 271 271 271 408 417 
257 257 257 257 271 
174 222 
225 
101 101 
103 103 103 103 
134 
0 0 46 64 64 139 339 339 339 395 408 408 408 
286 286 286 413 
63 63 75 75 415 432 432 463 463 463 
314 314 449 
264 413 413 

124 124 
487 
22 81 81 81 82 82 142 142 148 461 461 461 461 461 497 
17 455 455 455 455 
271 
227 227 305 305 
225 225 
81 81 495 
46 46 46 381 
184 307 307 320 
58 58 58 294 
314 314 317 317 
41 41 445 445 445 445 
5 5 5 50 50 
110 110 247 250 250 250 271 271 
39 39 159 274 274 274 352 
427 427 
6 6 182 
39 274 274 
37 
175 175 332 332 413 413 413 
25 150 150 150 158 158 248 248 271 271 271 293 294 294 297 297 306 306 339 374 381 381 381 412 412 437 437 470 470 
184 184 258 258 258 
262 262 292 292 292 364 364 
354 354 
271 408 408 
35 35 35 45 45 74 76 76 76 77 77 92 92 92 119 128 128 128 132 155 161 161 161 168 168 174 175 182 187 187 187 196 196 220 220 222 251 286 299 314 318 318 332 334 335 358 382 385 385 407 407 407 439 500 500 
22 22 22 108 108 497 497 
37 37 57 57 57 116 116 129 129 177 177 177 184 201 201 230 230 236 236 236 254 254 269 277 277 283 283 283 303 338 351 365 383 432 432 463 
65 
149 149 374 
95 95 314 314 
225 225 259 
98 98 441 
347 347 347 

76 
311 
103 296 296 296 
184 291 
282 282 282 339 403 403 
159 159 
314 
330 
357 357 357 
236 351 383 383 415 415 
159 159 
314 
449 
22 
408 408 
236 236 
161 413 
76 76 186 186 186 
1 5 5 18 18 98 225 225 420 
250 250 271 
5 456 
15 59 182 182 
41 399 399 399 399 
191 191 
344 
128 
280 314 314 314 314 384 435 467 467 467 
41 41 156 354 354 354 462 462 
184 
339 339 464 
271 271 339 
4 4 124 124 131 131 219 219 232 232 
17 314 314 314 390 390 390 390 
78 184 443 462 462 491 
99 
225 
346 346 
211 211 211 236 236 236 278 278 278 
22 22 389 389 389 389 389 497 
99 354 450 450 456 456 
63 63 75 383 383 383 415 
339 339 452 
86 86 86 86 184 
72 72 72 358 358 
215 215 280 280 308 308 314 314 449 449 449 
123 
159 159 159 511 511 
339 339 408 408 
101 101 195 267 
273 475 475 
185 
487 487 
5 5 273 273 273 472 472 
10 10 240 240 496 496 
39 39 159 159 159 166 166 188 188 227 227 
76 76 

127 127 127 290 290 
314 349 
227 227 
222 222 
184 184 
39 302 302 
31 31 336 336 489 489 489 489 
56 56 56 235 236 236 388 474 474 
184 
31 31 120 120 486 486 486 486 
51 51 184 184 184 354 
126 126 126 185 185 456 
41 41 
3 
155 155 243 243 
81 81 394 
100 100 197 197 265 265 265 279 357 357 367 476 476 
191 389 414 414 461 
160 

193 413 413 
202 

234 234 325 325 358 
5 5 88 88 
233 233 233 
347 
104 104 
5 86 86 198 354 354 
76 76 76 229 229 229 
159 
159 159 469 469 
