Nodes: 512, Edges: 1215
381 
441 
91 91 111 182 183 183 189 189 
271 493 493 
454 
34 48 48 48 50 105 184 198 255 255 273 273 354 354 354 400 400 441 441 441 443 475 475 504 504 508 508 
404 
233 233 271 271 327 
196 373 
271 
476 476 496 
264 264 264 
184 184 202 202 355 355 
76 
52 117 117 
182 182 444 
41 41 41 184 
390 390 
441 441 
104 104 
330 330 330 
31 354 354 354 
108 108 115 115 389 389 414 414 436 461 
171 171 290 
76 
408 
408 408 
76 346 
178 183 183 183 
56 
222 222 
21 172 172 184 184 184 315 315 354 486 486 489 489 

67 192 
5 
210 210 222 309 309 309 413 
106 269 372 372 372 
406 415 415 
358 
62 159 163 166 219 219 219 231 241 241 267 267 302 302 330 402 402 477 477 477 485 485 
192 236 236 249 249 249 
16 16 16 85 85 99 137 151 151 156 156 156 160 160 184 184 324 324 354 445 450 
321 321 321 323 323 323 
193 193 
137 
76 413 439 
64 339 381 395 395 
76 76 346 459 
5 5 5 50 50 
236 
5 48 48 400 400 
490 490 
14 184 184 
225 225 
299 299 
93 93 236 236 236 
29 236 304 

397 397 
444 
104 104 236 236 236 
359 359 
39 241 241 241 330 
383 383 383 463 463 
46 381 381 381 
193 362 416 416 
141 
33 192 192 347 347 
169 169 296 296 
236 236 344 
184 246 258 
330 
89 325 358 358 466 
94 94 315 

383 463 
13 24 27 45 47 47 109 109 162 162 186 186 196 196 199 199 207 208 228 228 229 242 242 245 245 299 314 322 322 328 328 346 346 346 413 413 423 423 423 440 478 509 509 
196 413 413 

236 236 
314 314 418 
82 184 261 261 329 359 359 389 389 389 394 394 495 
81 121 142 142 143 143 329 389 
236 236 
85 312 348 348 
41 41 84 160 160 160 312 312 312 348 348 348 
198 386 465 465 465 508 508 
306 370 370 408 408 
504 
72 358 
358 358 358 
2 2 
182 404 413 413 413 
55 55 
73 73 315 
418 418 418 
321 321 
171 171 
420 420 441 441 
41 457 462 462 462 
197 197 197 476 496 496 496 
140 140 195 378 378 471 471 
117 136 136 
146 379 379 425 
19 19 60 60 138 138 138 236 236 507 
5 106 184 184 190 
36 105 149 149 190 190 372 372 

22 22 414 414 
76 76 199 199 199 
130 130 130 130 176 176 247 247 247 
2 182 182 
184 184 

367 367 
22 22 
177 177 177 177 184 184 184 
14 14 102 125 125 136 136 136 184 236 236 
364 
222 222 413 
486 489 489 
82 

468 468 
232 232 232 232 387 387 454 454 
117 117 136 
185 185 491 491 
480 480 
220 413 448 
236 236 415 415 
110 110 110 110 177 177 389 389 
454 454 
168 413 413 413 413 
145 145 145 
354 354 354 380 

102 102 117 117 117 125 
41 44 184 184 368 368 
104 104 104 164 236 252 
381 381 
101 101 320 
66 358 
82 82 389 389 
82 82 
282 
133 133 133 339 
103 
236 344 
236 236 236 304 389 
106 106 250 250 
248 248 408 408 
41 41 
213 213 213 213 292 292 
325 325 

413 413 494 494 494 494 
41 41 41 450 450 
233 374 
194 271 271 271 272 408 
39 188 188 205 205 219 219 227 227 231 231 305 305 330 402 428 433 477 477 510 510 511 511 511 
41 41 85 85 85 272 272 312 498 498 498 
413 413 439 
76 76 322 
39 
138 
329 
39 477 477 
220 220 413 413 
132 
68 68 296 296 371 371 371 371 
471 471 
23 23 97 97 290 290 
31 31 
344 344 
222 222 335 362 
407 407 413 413 
110 110 
116 116 116 116 130 130 283 283 300 415 
28 183 

222 222 
367 367 367 
2 15 15 92 111 111 220 340 363 363 404 404 413 413 413 444 444 
2 2 28 28 28 178 
5 12 12 16 31 31 31 41 41 52 52 70 81 105 105 112 112 116 116 116 117 137 137 213 221 236 246 258 260 260 267 279 284 289 289 291 292 292 307 324 324 338 338 338 345 354 354 354 355 366 396 409 415 415 426 426 451 456 456 465 465 484 488 488 490 490 
126 126 473 
76 76 245 361 440 440 440 
413 
159 159 477 477 477 
2 2 
105 106 106 372 
236 236 267 267 268 268 285 285 446 497 
33 40 67 67 236 236 281 281 281 
43 43 65 286 358 362 413 413 413 479 479 500 
158 
101 236 267 471 
8 76 76 77 200 290 290 350 373 413 413 413 
100 100 100 240 476 496 
5 86 386 386 508 508 508 
76 76 109 109 109 207 207 337 337 337 337 337 
196 
236 415 
12 12 355 355 501 
271 271 
267 267 268 
159 159 
274 274 
76 199 199 
76 
328 
35 35 309 309 
460 460 
233 233 233 
152 152 152 152 184 
215 314 
214 314 314 314 467 


271 271 
39 39 39 159 159 232 232 274 274 274 402 402 402 454 454 
128 167 167 182 413 413 
184 
30 30 35 119 119 174 174 180 180 314 341 341 376 376 483 
329 329 
313 350 350 350 
53 53 259 259 377 393 419 458 458 
292 292 292 
159 159 305 392 482 482 482 
76 76 245 245 245 
76 295 295 
236 236 275 275 303 415 415 415 
39 159 159 
124 124 124 124 219 219 454 454 
7 7 157 212 212 212 271 296 296 375 505 505 505 
503 503 
487 
40 40 49 55 55 55 56 60 60 60 69 69 79 79 83 83 104 104 117 117 129 129 138 147 148 148 148 184 191 191 192 192 195 201 230 230 237 267 267 275 275 275 278 278 344 344 351 356 356 356 415 415 432 432 438 438 460 460 460 487 487 
236 

268 268 342 342 
197 357 476 
39 39 62 62 62 
76 76 423 
311 413 413 413 494 494 
325 358 358 
76 76 186 228 228 228 
70 184 
110 110 110 288 288 
150 150 
40 40 40 
149 149 417 442 442 
270 286 413 413 
138 

283 415 415 415 
5 5 
273 273 354 354 354 

70 184 409 409 
225 225 261 419 419 
184 184 324 
81 81 259 329 329 
364 364 410 
315 315 
11 11 11 385 385 
496 
271 271 
39 39 184 191 191 195 204 204 236 236 268 268 268 356 356 471 
191 191 204 239 239 267 267 267 
36 
251 
3 7 7 9 158 158 158 203 203 218 218 233 266 266 282 287 287 297 297 297 327 327 339 354 354 354 374 374 375 375 391 391 401 408 408 408 412 427 427 442 453 
158 160 160 
5 5 256 256 354 354 354 472 472 475 
206 206 219 219 219 402 402 405 405 405 
230 230 236 236 236 

415 415 415 
236 236 460 
184 496 496 
308 308 467 467 
192 192 192 298 298 347 421 421 
144 271 427 427 
177 177 254 415 
184 
191 191 
193 251 382 382 382 382 
271 271 
247 247 
184 184 
23 171 171 196 196 480 480 
184 426 426 
152 152 184 184 226 226 226 364 364 364 
408 408 
397 408 
229 229 
68 68 169 169 233 233 425 425 
271 271 271 408 408 
281 281 347 347 
54 54 76 413 413 
177 
339 339 
39 39 485 485 485 
230 
56 148 
159 159 227 392 
87 370 370 
184 354 354 354 396 465 465 465 
280 280 
35 35 35 210 210 

243 424 
84 85 85 85 160 
224 
76 80 80 214 215 215 215 222 317 317 349 349 349 384 384 398 413 418 418 418 429 429 429 434 449 449 467 467 481 481 
31 31 73 94 263 263 336 486 486 

314 314 398 398 413 
413 
354 
140 
42 42 42 96 96 323 
76 76 162 
42 42 42 321 359 359 
41 41 184 184 260 
72 153 153 244 503 503 503 
358 358 
7 271 271 
76 76 209 
81 82 165 223 223 261 261 
20 20 20 39 62 71 159 369 369 369 428 428 

407 
413 
385 385 413 413 
174 413 413 
315 486 486 
199 199 199 199 199 
184 184 184 415 446 
46 145 271 301 301 381 408 408 427 427 452 452 453 464 470 470 
182 
222 222 
239 239 

69 147 173 173 236 236 
184 
27 47 76 76 76 459 
67 67 281 298 298 421 421 506 506 506 
84 84 85 85 85 
314 314 314 
196 224 224 224 
236 415 432 
402 402 482 
456 456 
5 5 5 21 21 21 31 41 134 134 134 184 184 184 256 256 256 271 271 271 273 273 273 307 307 307 319 411 450 462 462 490 490 502 502 
12 12 184 202 202 
236 236 236 267 267 
240 367 431 496 496 
38 72 72 89 90 90 90 141 193 244 244 326 326 413 466 466 503 503 
61 61 81 81 323 323 

186 
65 174 193 413 413 
182 182 
118 262 262 292 292 292 410 410 

184 
114 114 181 181 181 357 390 390 
137 137 401 
330 330 330 
87 87 306 306 
169 169 169 169 
36 36 36 106 106 190 
8 196 
157 271 271 408 408 417 417 417 442 442 
233 271 271 
222 222 
225 
101 101 
103 103 
134 
0 46 64 64 64 139 139 339 395 395 395 408 408 
286 286 286 286 
63 63 63 75 432 463 463 
314 314 449 
264 264 334 334 413 413 
86 198 198 
124 124 
487 487 
22 22 81 81 81 82 130 130 142 142 148 461 461 461 461 497 497 
17 17 367 367 455 455 455 
271 271 
227 305 
225 
81 81 495 495 
46 46 381 381 381 
184 307 
58 58 294 
314 317 317 
445 445 445 
5 5 50 50 
271 368 
39 39 159 219 219 219 274 274 352 352 
427 
6 92 182 182 499 
274 274 274 
37 
175 175 332 413 413 413 
25 26 26 87 87 150 150 158 271 271 271 293 293 294 297 297 339 339 374 374 381 381 412 412 412 437 470 470 
184 258 258 
262 364 364 
354 
271 408 408 408 
35 45 76 76 77 77 92 92 92 119 128 132 132 132 132 155 155 161 161 167 167 175 175 182 182 182 187 193 193 193 196 196 196 220 220 243 243 243 251 251 299 299 314 317 318 333 334 334 335 335 358 362 362 385 385 407 407 407 439 448 455 455 500 500 
22 22 108 108 497 497 497 
37 37 129 129 177 184 184 201 230 230 230 236 236 254 254 254 277 277 277 283 338 351 432 432 463 
65 65 
250 374 374 374 
80 95 95 95 314 314 314 
225 259 259 
98 98 441 441 
281 281 347 347 

76 76 76 242 
311 
103 296 296 
184 184 291 291 
271 271 282 282 339 339 403 
159 330 330 
314 314 314 

357 496 496 
236 236 351 383 415 415 460 460 
159 
314 
449 
22 
408 
236 236 
45 161 413 
76 186 186 186 
1 5 5 5 18 18 98 98 420 420 
250 250 271 374 374 468 468 
5 456 
15 59 182 182 
41 399 399 399 
191 338 

128 413 
314 314 384 435 467 467 
41 156 156 354 462 
184 
339 339 464 
271 339 
4 124 124 131 131 219 219 232 232 
390 390 390 413 413 
184 184 353 353 443 491 491 
99 
225 225 
47 346 
211 211 236 236 236 278 432 432 
22 389 389 389 389 497 
99 99 99 354 354 450 
63 63 75 383 383 415 
339 452 
86 86 86 184 184 307 307 307 
72 358 358 
215 280 280 314 314 449 449 
123 123 442 442 
511 511 
339 339 408 408 
101 101 170 170 195 267 
273 273 475 475 475 
185 
487 487 
5 5 273 472 472 472 
10 10 100 197 240 496 496 
39 39 39 159 159 166 166 188 188 188 
76 
193 193 
127 127 290 290 
314 314 
227 227 227 352 
222 
184 
39 39 302 302 302 
31 31 120 315 315 336 336 489 489 
235 236 236 388 388 474 474 
184 184 
31 31 120 120 486 486 
51 51 184 184 354 354 
126 126 456 456 

3 3 
155 155 155 155 243 243 
81 394 394 
10 100 100 100 197 265 279 279 357 357 431 431 476 476 
191 389 389 414 414 414 461 
160 160 160 
404 
193 413 413 
202 
354 354 
234 234 325 325 325 358 358 
5 5 88 
233 233 233 
347 347 347 
104 
5 5 86 86 198 198 198 
76 76 
159 159 
159 159 159 469 469 
