Nodes: 512, Edges: 1215
381 
441 
28 111 111 182 183 183 189 
271 493 
454 
34 48 48 50 88 88 184 198 225 225 255 273 279 354 354 400 400 441 475 504 504 504 508 508 
404 
233 233 233 271 271 271 327 327 
196 196 373 373 
271 
476 476 
264 264 
202 355 
76 76 
52 184 184 
182 182 316 444 444 
41 184 184 
390 390 455 

104 104 
330 330 330 330 
31 354 
108 115 331 389 389 414 414 436 436 461 461 
171 

408 408 
158 408 
76 346 346 
2 178 183 183 
56 56 
180 222 222 
21 172 172 184 315 315 354 354 486 486 
184 184 
67 67 192 192 192 
5 
210 222 222 309 309 309 413 413 
106 372 372 372 372 372 
406 406 406 415 415 415 
358 358 
62 159 166 166 219 231 231 241 241 241 267 267 302 302 330 330 402 402 405 405 477 477 477 485 485 485 
192 236 249 249 249 
16 85 85 85 99 137 151 151 156 156 160 160 160 184 184 324 324 354 354 354 399 445 450 450 492 492 
321 323 
193 193 
137 

64 64 339 339 381 381 395 
76 76 346 
5 5 50 
236 236 236 
5 48 400 400 400 

14 184 345 345 
225 225 225 
76 299 501 501 501 
93 195 195 236 236 
29 29 191 236 304 446 487 487 487 
415 
294 397 397 397 
444 444 444 
104 104 
81 81 359 359 
39 241 
383 463 463 
46 46 381 
193 362 362 
141 141 
33 33 192 192 281 281 281 
169 371 
236 236 344 344 344 
184 184 246 258 
330 
89 325 358 358 466 
94 94 315 315 315 
413 413 413 
463 
13 13 27 47 47 54 107 107 107 109 162 162 186 186 186 196 199 199 207 207 208 208 229 242 245 299 299 322 322 346 346 353 360 413 422 423 423 440 478 478 509 509 
413 
456 
236 236 
314 314 418 418 418 
61 61 113 184 184 261 261 261 289 329 329 359 359 359 389 394 394 394 
121 121 142 142 143 143 329 389 389 389 
236 236 236 
85 85 348 348 
41 41 41 84 84 160 160 160 312 312 312 348 
198 198 386 465 465 465 508 
306 306 370 370 408 408 
5 5 504 504 
72 358 
358 

182 182 404 413 
55 
73 73 315 
418 418 418 
314 321 321 321 
171 171 
441 441 441 
41 457 462 462 462 
197 197 476 476 496 496 
195 195 195 378 378 471 
117 117 136 136 216 
379 379 379 425 425 
19 19 60 60 138 138 236 236 507 507 
106 184 184 190 
36 105 149 149 372 
76 76 76 
22 414 414 
76 199 199 
130 176 176 176 401 401 
2 2 340 340 340 340 340 
184 
81 
367 367 
22 
177 177 177 184 184 
102 102 125 125 125 135 135 136 184 236 236 
364 364 
413 
486 
82 82 
314 
468 468 468 
232 387 387 454 454 454 
117 117 117 136 136 
185 185 491 491 
480 
220 220 413 448 
236 415 
110 177 
454 454 454 
168 413 413 413 
145 145 
354 354 354 380 380 
117 117 
102 102 117 125 125 
41 44 184 368 368 368 368 
104 104 236 236 236 237 252 
381 381 
320 320 
66 66 358 358 413 413 413 
82 82 389 389 
82 82 217 

133 133 339 

344 
236 236 304 304 389 
106 106 250 250 417 
248 248 408 408 
41 41 354 
213 292 292 364 
325 325 325 
374 374 
413 494 494 494 494 494 
41 41 450 
276 374 
26 194 194 194 271 271 408 408 
39 188 188 205 205 205 219 219 227 227 227 231 231 231 305 305 330 330 402 428 433 469 469 477 510 510 511 
41 41 41 85 85 85 272 312 312 498 
439 
76 76 322 322 


329 
39 39 477 
220 413 
132 413 413 
68 179 296 296 371 371 371 371 
471 
23 97 97 290 290 290 
31 31 
344 344 344 
222 222 362 376 376 413 413 
407 407 413 
110 110 110 247 
116 116 116 130 300 415 
28 183 
169 
30 222 
367 
2 15 15 92 92 220 316 363 363 444 444 444 
2 2 28 28 178 
5 14 14 16 16 31 32 32 41 41 52 70 70 81 81 105 105 112 116 116 117 137 213 213 221 221 236 236 246 246 258 267 267 267 279 279 279 284 289 289 292 307 315 324 324 338 338 345 354 354 354 355 355 366 366 396 409 409 415 426 451 456 465 465 484 488 488 490 490 
126 126 473 491 491 
76 76 76 245 245 361 440 440 
413 
159 159 477 477 
2 
105 
56 236 236 267 267 267 268 446 
33 33 33 40 67 67 236 236 281 281 
43 43 65 286 313 358 358 362 413 413 479 479 500 
158 158 158 
55 55 101 101 101 236 236 471 471 
8 8 76 200 200 290 290 350 413 413 
100 100 496 496 
5 86 86 386 
76 76 109 109 207 207 337 337 
196 196 
236 415 
12 355 
271 271 271 
267 267 267 268 
159 159 159 
274 274 
76 76 199 199 478 478 
76 76 
328 
35 309 309 

233 233 
152 184 184 
215 215 314 314 
214 214 467 467 
102 
143 
271 
39 159 159 402 402 454 454 
128 128 167 182 413 413 413 
184 184 
30 30 35 35 174 174 180 341 341 376 376 483 483 
329 329 
276 276 313 350 
5 5 53 53 53 259 259 259 377 377 377 393 393 393 441 441 458 
292 292 
159 159 159 305 343 343 343 392 392 392 477 482 482 482 
245 
76 295 295 295 509 509 
236 236 275 275 303 303 
39 39 159 159 159 
124 
7 7 7 212 212 238 238 271 271 271 296 296 296 310 310 310 374 374 374 375 505 505 
503 
487 487 487 
40 49 49 49 55 55 56 69 69 79 79 83 83 83 104 104 117 117 129 138 138 138 148 148 184 184 191 191 192 192 195 195 201 230 230 237 267 275 275 278 351 356 415 415 415 432 438 438 460 460 487 487 487 
138 236 
233 233 
268 342 405 
476 476 496 
39 39 39 62 
76 423 
311 311 413 413 494 
325 325 325 358 358 
76 186 186 228 
70 184 184 
176 288 288 288 401 401 
150 150 408 408 408 
40 40 40 
149 149 374 374 401 401 401 417 442 
270 270 413 413 
138 
330 
283 283 415 
5 
273 273 
375 375 375 375 375 
70 184 409 409 409 
225 225 225 261 419 419 
324 
81 81 81 259 329 329 329 
364 364 410 
315 
11 11 334 334 385 
496 496 
271 
39 39 184 184 184 191 191 191 204 204 204 236 356 356 
191 204 239 285 

251 251 
3 7 7 7 9 158 158 203 203 203 218 233 233 233 266 282 282 282 297 297 327 339 368 374 374 375 391 391 408 412 427 442 453 453 
160 
5 256 256 354 354 354 472 472 475 475 
206 206 402 402 405 
230 230 236 236 
157 224 224 
415 
236 460 460 
5 184 184 184 496 496 496 
308 
67 67 67 192 192 298 298 298 347 347 347 421 421 
271 271 271 427 
254 254 415 
184 
268 
193 382 382 382 413 

247 247 247 
81 184 184 
171 171 171 196 196 
426 426 
152 152 184 226 226 364 410 410 
408 408 
58 397 397 408 408 
229 229 229 
169 169 233 233 233 425 425 
271 271 408 408 
281 281 281 347 
54 76 76 413 
177 

39 39 485 485 
230 230 415 
56 148 148 
159 159 227 392 
87 87 370 370 370 408 408 
184 354 354 396 396 465 465 
280 467 
35 35 35 210 210 
233 233 233 
243 243 
85 85 85 160 160 
193 224 
80 80 96 122 214 214 317 317 349 349 384 398 398 413 413 418 429 429 434 434 434 449 449 449 455 467 467 467 481 
31 31 73 73 73 94 184 263 486 
15 182 
314 314 398 413 413 
413 

140 140 396 
42 96 96 96 323 
76 76 162 162 
42 321 
41 41 184 184 260 459 
72 153 153 153 244 244 244 503 503 503 
358 358 
7 7 271 
209 
81 81 82 165 223 223 261 261 261 
20 20 20 20 39 39 71 159 159 253 369 369 428 428 430 
22 
407 407 407 
413 
264 264 413 413 413 
413 413 413 
486 486 486 
199 199 
184 184 415 415 415 
46 46 145 271 408 408 427 452 464 464 470 470 470 
111 111 111 111 111 
222 222 
239 
227 227 227 
69 69 69 147 173 173 173 447 447 
52 52 184 
27 27 47 76 76 
281 281 281 298 421 506 506 506 
84 84 85 
314 314 481 
196 224 
236 432 
402 402 
76 456 
5 5 21 31 31 41 41 41 134 134 134 151 184 184 184 273 273 273 307 307 411 411 450 462 462 490 490 502 508 508 
12 184 184 202 
236 267 267 
367 431 496 496 
38 38 72 72 89 90 141 141 193 193 244 244 326 326 413 413 466 503 
61 61 81 81 81 
76 
186 
65 65 174 193 413 413 
182 182 
118 118 152 262 262 292 410 
415 415 
184 184 
114 114 181 357 496 496 
137 137 137 137 271 
330 330 
87 87 306 306 306 
68 169 169 169 169 
36 36 36 36 36 106 
8 8 
154 154 157 233 233 233 250 250 271 271 408 408 417 
233 257 257 257 257 257 271 
174 174 222 222 
225 225 225 
101 101 
103 103 103 
134 134 
0 46 46 64 139 139 395 395 408 408 
286 286 286 413 
63 415 432 463 463 
314 449 
264 413 413 
86 198 
124 124 
487 
22 22 81 82 82 82 142 142 148 461 461 461 
17 17 455 455 
271 271 
227 227 227 305 
225 225 225 
81 81 81 495 495 
46 381 381 
184 307 307 320 
58 58 58 294 294 
314 314 317 
41 445 445 445 445 
5 5 50 50 50 
110 110 247 247 250 250 250 
39 39 159 219 219 274 274 352 352 

6 92 
39 39 239 274 
37 37 37 
175 175 332 332 332 413 413 
25 25 26 87 87 150 150 158 158 248 248 248 271 293 293 294 294 297 297 306 306 339 339 374 374 381 381 412 412 470 470 
184 184 258 258 258 
262 292 292 364 
354 354 
271 408 408 
35 35 74 74 74 76 77 92 119 128 132 132 132 141 141 141 155 167 168 168 174 174 175 187 193 193 196 196 220 220 220 243 243 251 251 286 299 314 314 317 317 318 333 334 334 334 335 335 335 358 358 362 362 382 385 385 407 407 439 455 455 500 500 
22 22 108 108 497 497 497 497 
37 37 37 57 129 177 184 201 236 236 236 254 277 283 303 338 338 338 365 365 383 432 432 432 463 463 463 

149 250 374 
80 80 80 95 95 95 314 
259 259 
441 
281 281 347 
76 
76 76 242 

103 103 296 296 
184 291 291 
271 282 339 
159 330 330 
314 314 
330 
357 496 496 496 
236 351 383 415 415 415 
159 
314 314 314 
449 449 
22 22 

236 236 
161 413 
76 186 186 
1 5 98 98 98 225 225 420 
250 271 
456 
15 15 59 59 59 182 182 182 
41 399 399 399 399 
56 191 
344 344 
128 
314 314 314 384 435 435 467 467 
41 41 156 354 462 
184 
339 464 
271 271 
4 124 124 124 131 131 131 219 219 
17 314 390 390 413 413 
78 184 353 443 491 491 491 
99 
225 
324 
236 236 278 278 
22 22 389 389 389 497 497 
99 99 99 354 354 450 
63 63 75 383 383 415 415 415 
339 339 452 
86 86 86 184 184 307 307 
72 358 
215 215 308 314 314 314 449 449 
123 123 123 
159 159 511 
339 339 339 408 408 
101 170 195 195 
273 273 475 475 475 
185 
487 
5 273 273 472 472 472 
10 10 100 100 240 240 
39 39 39 159 166 188 188 227 
76 76 207 207 
193 193 
127 
314 349 
227 227 227 
222 222 
184 
39 39 39 302 302 
31 31 120 315 336 336 336 489 489 
56 56 56 235 235 235 236 236 236 388 474 
184 184 
486 486 
184 184 354 354 
126 126 185 185 456 456 456 
41 41 
3 
155 155 155 155 155 243 
394 394 
100 100 197 197 240 265 265 279 279 279 357 357 367 367 431 431 431 
414 414 414 414 461 461 
160 

193 413 413 
54 54 54 
354 
234 325 325 325 358 
5 5 5 88 88 
233 233 
347 347 347 
104 104 
5 5 86 354 354 
76 76 229 229 
159 159 
159 469 
