Nodes: 512, Edges: 1215
381 
441 
28 91 182 183 183 183 189 
271 271 493 493 
454 454 454 
34 48 48 50 50 50 105 184 184 225 255 255 273 279 354 400 441 441 441 443 443 458 475 504 504 508 508 
404 
233 233 271 271 327 327 327 
196 196 224 313 313 350 373 

476 476 
264 264 
184 184 355 355 355 


182 316 444 444 
41 41 41 
390 390 455 455 
441 
104 104 104 
330 330 330 
31 31 354 
108 108 331 389 389 414 414 436 461 461 
171 290 
76 
408 408 
158 158 408 408 
76 76 76 346 
2 183 
56 56 
180 180 180 222 
21 21 184 315 315 354 354 486 489 489 
184 
67 192 
5 
210 210 210 222 222 309 309 
372 372 372 372 
406 406 415 415 415 

62 62 159 159 163 166 166 219 219 231 231 241 267 267 267 302 302 302 330 402 402 405 405 477 477 485 485 
192 236 236 249 
16 16 16 85 85 99 137 137 151 151 151 156 160 184 324 354 354 354 445 445 492 
321 
193 193 193 
137 
413 439 439 
64 339 395 
76 76 346 346 459 459 
5 5 50 
236 
5 5 5 48 400 
490 490 
184 345 
225 
76 299 
93 93 195 236 
29 29 191 191 446 446 
415 
294 294 397 397 397 
444 
104 104 104 236 236 
81 
39 39 241 241 330 330 
383 383 383 463 463 
46 381 
193 362 362 416 416 
141 
33 192 192 281 281 347 
169 296 371 
236 236 344 344 
184 184 246 
330 330 
89 358 358 358 466 466 466 
94 94 94 315 315 315 
413 
383 383 463 
24 27 27 27 47 47 54 107 162 186 199 199 207 207 208 229 229 242 245 299 322 328 346 346 353 353 354 354 360 360 413 440 440 440 509 509 509 
413 413 413 
456 
236 
314 314 418 
61 82 82 82 113 184 261 329 359 359 389 394 394 394 495 495 495 
81 81 81 142 329 389 
236 236 236 
85 348 348 
41 41 84 160 160 312 348 348 348 
198 198 386 465 508 
306 370 370 408 
504 
72 358 358 358 358 
358 358 
2 
182 182 404 413 
55 55 
73 73 73 315 
418 
321 321 321 
171 171 290 290 290 
420 420 441 441 
41 457 462 462 
197 197 476 476 
140 140 195 195 195 378 378 378 471 471 
117 136 216 
146 146 379 379 425 425 
19 19 19 60 60 60 138 138 138 236 236 236 507 
5 106 106 184 184 184 190 
105 105 149 149 149 149 190 
76 
22 22 414 414 
199 199 
130 176 247 247 401 
182 182 340 340 340 
184 184 
81 
367 367 

177 177 177 184 184 184 
102 125 125 135 184 184 184 236 236 236 
364 
222 222 413 
489 489 
143 
314 
468 468 468 
232 232 232 387 387 387 454 454 
117 117 136 136 
185 185 491 
480 480 
220 220 220 413 413 413 413 
236 236 415 
110 177 389 
454 
168 413 
145 145 
354 354 380 380 
117 
102 125 125 
41 41 44 184 368 368 368 
104 104 104 164 164 164 236 236 236 237 252 
294 381 381 
101 101 320 
66 
82 389 
121 217 217 217 
282 282 282 
133 133 339 339 339 
103 103 
236 283 344 
236 236 236 236 304 304 
106 106 106 106 
248 248 339 
41 41 41 354 354 
213 213 364 
325 325 325 
374 
413 494 494 494 494 494 
41 450 450 
233 276 276 
26 26 194 194 271 408 408 
39 39 188 188 205 205 219 219 227 227 231 305 330 330 402 428 428 428 433 469 469 477 477 510 510 510 511 511 
41 85 85 272 312 312 498 498 
413 413 439 439 439 
76 322 322 
39 
138 138 138 
329 
39 39 477 
220 220 413 413 
132 413 
68 296 296 371 371 371 
471 471 
23 97 97 

344 
222 222 335 335 335 362 376 376 376 413 413 413 
407 407 407 413 413 
110 247 
116 116 116 130 283 300 300 300 415 
183 183 183 

30 30 30 222 222 222 
367 367 
2 15 92 92 111 111 220 316 363 404 404 413 413 413 444 444 444 
2 2 2 28 178 178 178 
5 5 12 12 31 32 41 52 70 70 81 105 105 105 112 112 116 116 116 117 117 117 137 213 221 236 246 246 258 267 267 279 284 284 291 291 291 292 307 315 315 324 324 338 338 345 345 345 354 355 366 366 396 409 415 415 426 426 465 484 484 488 488 490 
126 126 473 473 491 491 
76 245 245 361 440 440 
413 
159 159 477 
2 
105 106 372 372 
56 56 236 236 236 267 268 285 304 446 
33 40 67 67 236 236 236 281 281 281 
43 43 43 65 286 358 358 358 362 362 413 413 479 500 500 500 
158 158 
55 101 101 101 267 
8 8 290 290 350 413 
100 100 476 496 496 
86 86 279 386 508 
76 76 109 109 337 337 

236 236 236 415 415 
355 355 

267 268 
159 159 
274 274 
76 76 
76 
328 
35 35 35 309 309 309 
460 460 
233 233 233 
152 152 184 
215 314 
214 314 467 
102 
143 143 143 
271 
39 39 159 159 232 232 274 274 402 402 454 454 
128 128 128 167 167 182 413 413 
184 
30 35 35 119 119 174 174 180 180 180 314 314 314 341 413 413 413 483 
329 
8 276 313 350 350 
5 53 259 259 259 393 441 441 458 458 458 458 
292 292 
159 159 305 305 305 343 392 392 477 482 482 
245 292 
76 76 295 509 509 509 
236 236 275 303 415 415 
39 39 159 
124 124 124 219 219 454 
7 7 157 212 212 212 238 238 296 310 310 310 374 375 375 375 505 505 
503 503 
487 487 
40 40 49 55 60 60 69 69 79 83 83 83 104 104 104 117 117 117 129 129 138 138 138 147 148 148 148 148 184 191 191 191 192 192 192 201 201 201 230 230 237 267 267 267 275 275 278 344 351 351 351 356 415 415 415 415 432 432 432 438 487 
138 236 
233 233 
268 342 342 
476 496 
39 62 62 
76 423 
311 311 413 413 494 494 
325 325 358 358 358 
76 186 186 228 
70 184 184 
110 110 176 288 
150 150 408 
40 
374 401 401 417 417 442 442 
270 270 270 286 286 413 413 
138 

283 415 
5 5 
273 354 354 354 
375 
184 409 409 
225 225 225 419 419 419 419 

81 329 
364 364 410 
315 
11 11 334 334 385 385 

271 
39 39 39 184 184 191 195 204 236 236 236 268 268 356 356 471 471 471 
191 204 239 267 267 285 

251 251 251 
3 3 7 7 158 218 266 282 282 287 287 287 297 327 339 339 354 368 375 391 401 408 408 408 412 412 427 442 442 453 453 
160 
5 256 354 354 472 472 472 475 
206 206 219 219 402 405 
230 236 236 
157 157 224 
415 415 
236 460 460 460 
5 184 198 496 
308 308 449 467 467 
67 67 192 192 192 298 298 347 347 347 421 
144 144 144 271 271 427 427 427 
147 177 254 415 415 415 
184 184 
191 268 
193 251 251 382 382 382 382 413 413 413 
271 271 271 
247 

23 97 97 97 196 196 480 
184 184 184 426 426 
184 226 226 228 364 410 
408 408 
58 58 139 408 408 
229 
68 169 169 233 425 425 
271 408 
281 281 347 
54 76 413 
177 177 177 
339 339 339 
39 39 39 485 485 
230 415 415 415 
148 148 191 
159 227 227 227 392 
87 370 408 408 
184 354 354 354 396 396 
280 280 467 467 467 
35 35 210 210 210 
233 233 233 
243 243 424 
85 160 160 
8 8 224 
80 80 122 214 215 222 222 222 317 349 349 354 384 384 398 418 429 434 434 434 449 449 449 455 467 467 467 481 
31 31 73 73 73 94 184 184 263 336 336 486 486 
15 182 
314 398 413 413 
413 

140 
42 96 96 96 
76 162 162 
359 
41 184 184 
153 153 153 244 244 503 503 503 503 
358 
7 7 7 271 
76 209 
81 82 165 223 261 
20 20 20 39 62 62 71 71 159 159 428 430 
22 
407 413 413 
413 
264 264 385 385 413 413 
174 174 174 413 
315 315 486 
199 199 
184 184 
46 145 145 145 150 271 271 301 301 301 408 408 427 452 452 452 453 464 464 464 470 470 
111 111 111 
222 
239 239 
227 
69 69 147 173 236 447 447 
52 184 184 184 
27 47 47 76 76 
67 281 281 281 298 421 421 421 506 506 506 
84 84 85 85 85 
314 314 481 481 
8 196 224 224 
236 236 236 415 432 
402 402 
76 76 
5 21 31 31 41 41 41 76 76 134 134 151 151 184 256 256 256 271 273 273 307 307 307 314 411 411 450 450 450 490 490 490 502 502 508 
12 12 12 184 202 202 
236 267 267 
431 496 
72 72 72 89 89 89 89 90 90 193 193 193 244 244 244 326 413 466 466 503 503 
81 81 323 
76 76 
186 
65 65 174 193 193 413 
182 
118 152 262 262 292 410 410 
415 415 415 
184 184 
114 114 181 181 496 
137 137 137 271 

87 87 306 
68 169 169 169 
36 36 36 36 190 190 
8 
154 233 250 408 417 442 
233 233 233 257 271 
174 174 174 

101 101 101 
103 103 
134 134 
0 64 139 139 395 395 408 408 
286 286 286 286 413 
63 63 63 75 75 415 432 463 463 
314 314 449 
264 264 334 334 
86 198 
124 124 124 
487 487 487 
22 22 81 82 130 142 461 461 461 497 497 
17 17 455 
271 
227 227 305 
225 
81 81 81 495 
46 381 381 
184 307 307 
58 58 58 
314 317 
445 445 
5 50 
110 250 250 271 
39 39 159 219 219 274 352 352 
427 427 427 
6 92 182 182 
39 39 274 
37 37 
175 175 175 332 
25 25 26 26 87 158 158 248 271 271 271 293 293 294 294 297 306 306 339 339 374 381 381 412 412 437 470 470 
184 258 258 
262 292 364 364 
354 354 
271 271 408 408 
45 74 76 77 77 77 92 119 128 128 128 128 132 155 161 161 167 167 168 174 174 174 175 175 182 182 182 187 193 193 196 220 220 222 222 222 243 243 251 251 286 286 286 299 317 317 318 332 332 333 334 334 335 358 362 382 439 439 448 455 455 500 
22 22 108 108 497 
37 37 37 57 129 177 184 184 201 201 230 230 236 236 236 236 254 277 277 283 283 283 303 303 303 351 365 365 365 383 432 432 463 
65 65 
250 250 374 
80 95 314 
259 259 259 259 
98 98 441 
281 347 347 347 

242 
311 
103 103 296 296 
184 184 291 291 
271 282 282 282 339 403 403 403 
159 159 159 330 
314 
330 
357 496 
236 236 236 351 383 415 415 460 
159 
314 314 314 
449 449 
22 
408 
236 
45 45 161 161 161 413 413 
76 76 76 186 186 
1 5 5 5 18 98 98 225 225 420 
250 250 271 271 374 468 
5 5 
15 15 59 182 182 182 
41 41 399 399 
56 56 191 
344 344 
413 
280 314 314 314 384 435 435 467 467 
156 156 354 354 354 

339 339 339 
271 271 339 
4 4 4 124 124 131 219 219 232 
17 17 314 390 413 413 
78 462 462 462 491 491 491 
99 
5 225 225 225 225 
47 47 
211 211 278 278 278 432 
22 22 389 389 389 497 497 497 
99 99 456 456 456 
63 63 75 383 383 415 
339 339 339 
86 184 
72 72 72 358 358 
215 280 280 308 308 308 314 314 314 449 449 
123 123 123 442 
159 159 511 
339 339 408 408 
101 101 170 170 267 267 267 
273 273 273 
185 185 
487 487 487 
5 273 
10 10 100 100 197 240 
39 39 159 159 166 188 227 

193 
127 127 290 
314 349 349 
227 227 
222 
184 184 
39 39 302 302 
31 315 315 336 489 489 489 489 
235 235 236 388 388 388 474 474 474 
184 184 
31 31 120 120 486 486 486 486 
51 51 184 354 354 354 
126 185 185 456 456 456 
41 
3 3 
155 155 155 155 155 243 243 
81 81 81 394 
197 197 240 279 357 367 431 
389 389 414 461 461 461 
160 160 

193 193 193 413 

354 354 
234 234 325 325 325 325 358 358 
5 5 88 
233 233 
347 347 347 
104 
5 5 86 198 354 
76 76 76 229 229 229 
159 159 159 
159 159 469 
