Nodes: 256, Edges: 632
60 236 236 
21 21 105 105 158 158 164 164 
153 153 
153 153 238 
14 18 18 18 32 139 139 139 139 208 
12 12 12 12 42 46 50 68 94 98 98 102 102 103 103 108 117 117 123 133 133 133 136 142 142 143 178 196 196 196 203 203 221 227 227 227 235 243 254 
212 222 222 222 222 
41 41 74 74 74 86 86 97 97 124 124 130 130 203 218 218 226 
71 71 81 168 215 228 228 
182 182 182 
14 51 
33 33 33 197 
5 5 5 5 227 227 
37 37 
4 10 18 18 32 32 47 47 138 138 138 139 152 163 180 180 208 208 
26 26 26 231 231 
89 89 93 93 
84 84 84 84 
4 4 4 14 14 51 51 60 60 60 90 90 137 137 137 152 186 186 186 192 192 206 206 206 
62 
98 166 
1 1 45 45 52 52 65 65 65 140 140 140 153 153 184 228 228 232 
245 
192 192 
152 152 152 225 
81 148 148 153 
15 15 15 33 33 33 44 44 59 59 59 62 67 67 67 72 82 84 87 98 98 122 122 169 207 231 237 237 
153 153 
88 165 
205 
64 175 175 182 182 196 196 196 196 230 230 
152 152 152 157 
4 14 14 
11 11 11 26 26 26 37 37 44 73 77 77 77 150 150 150 172 172 197 211 219 219 222 
137 137 
53 81 81 
203 203 
13 13 33 33 122 122 169 169 185 
42 42 
134 
203 
7 7 
5 38 38 81 81 125 125 243 
195 195 245 
26 26 33 59 59 59 150 150 172 172 172 188 222 222 222 
21 21 153 
5 
14 14 
152 
84 
5 112 159 216 
10 18 18 
21 21 
35 81 81 
216 
121 238 
227 
93 154 154 
104 203 203 214 245 245 245 252 
26 26 26 44 44 44 
0 18 18 18 76 76 76 152 174 174 206 236 236 
138 206 
19 26 
90 137 202 242 242 
30 
21 21 21 224 

26 26 26 
5 114 114 114 
146 146 146 223 223 223 
122 210 
8 8 131 131 228 228 247 247 
26 
33 
7 7 7 203 203 
171 171 171 203 217 217 233 
60 60 60 191 191 191 223 223 223 223 236 236 
33 33 33 
89 89 93 93 93 95 95 
111 111 
137 137 
8 25 35 35 42 42 53 53 93 93 93 148 148 153 153 153 160 160 160 173 176 176 176 228 228 238 238 
26 
113 113 204 204 
17 17 17 17 26 49 100 100 100 109 109 127 127 183 189 189 194 194 194 
228 228 228 
7 7 203 203 218 
26 115 237 237 237 253 253 
28 165 203 203 
16 16 78 78 
18 18 63 206 206 242 242 242 
121 
203 203 203 
16 16 57 78 78 78 81 81 81 111 111 111 154 154 154 176 201 201 241 
5 112 112 
78 78 
127 127 127 144 144 144 229 229 229 240 240 
7 7 
5 5 20 26 26 122 166 166 166 209 209 237 237 237 
251 251 
84 84 84 109 194 194 198 

5 5 203 203 203 
5 5 221 
58 129 129 152 
1 1 
145 
119 152 
5 244 
84 84 100 127 183 183 198 198 
228 228 228 
79 79 93 93 93 
50 94 94 
83 83 145 145 145 177 204 204 204 
68 68 68 227 227 227 
87 
203 203 
5 5 
188 
107 137 152 
170 206 206 206 
55 91 238 
26 26 37 37 70 98 123 123 210 210 
5 122 122 161 161 161 196 
7 7 
42 42 
203 251 251 251 
84 84 96 96 96 109 187 187 189 189 216 229 229 229 
228 228 228 
104 104 
7 7 
71 71 228 228 
222 222 
5 5 5 
39 227 227 
175 175 
5 
18 18 18 34 34 63 80 80 119 
14 14 14 61 
4 4 4 4 14 
21 21 21 

5 5 
5 149 165 203 203 
96 96 96 240 
106 113 113 113 204 
69 69 69 152 
171 
25 25 81 81 153 
143 203 203 203 
33 33 33 44 44 
228 
14 18 24 24 24 31 31 31 48 60 104 107 119 146 163 223 223 223 
2 2 3 3 21 21 25 27 27 45 81 81 81 148 179 228 228 
57 57 93 93 93 176 241 241 
206 206 206 
199 199 203 
31 
1 1 164 164 164 
50 
81 81 81 
123 123 123 
238 238 
14 152 
1 1 158 158 158 232 
28 88 143 203 203 
20 98 98 98 209 209 
173 173 
8 
26 37 37 
120 174 174 
75 75 75 147 205 205 
33 33 44 44 44 
81 167 167 176 
60 60 170 170 206 
30 30 135 135 196 196 
81 81 81 93 154 173 
113 204 
5 248 248 248 
153 
14 14 
203 
9 9 9 30 30 196 196 196 
84 109 109 
21 228 
37 
18 18 18 
127 127 
44 118 
84 84 127 127 196 196 196 
236 236 
76 76 76 
18 18 23 23 
237 253 
84 84 84 100 100 255 255 255 255 
43 43 245 245 
5 5 5 30 30 30 30 123 175 175 182 182 182 189 189 189 239 
11 33 
100 109 109 
156 156 
229 229 229 
93 93 
63 
5 5 7 36 36 40 58 58 74 74 75 86 86 88 88 92 92 92 102 102 102 116 116 126 143 143 149 149 149 156 165 165 181 214 220 220 220 251 251 252 
83 83 113 113 113 145 177 245 245 245 
29 171 171 
18 18 18 60 61 90 90 120 120 120 155 155 155 174 250 250 
26 
4 14 14 
98 98 166 166 
70 122 122 
33 
6 222 

58 203 
8 
50 54 127 
75 75 233 233 
7 7 86 
33 33 
203 203 203 251 251 
5 103 
6 6 6 6 33 44 44 44 132 132 212 
69 69 69 76 76 76 76 152 152 152 
65 
24 
7 
5 5 5 12 12 56 114 114 114 134 134 
8 8 21 21 71 71 81 81 85 85 85 110 110 110 128 128 128 131 131 151 153 153 184 
96 96 96 127 127 127 200 200 200 240 
30 30 
15 15 26 
21 164 
75 217 217 

5 
0 0 60 60 76 76 190 190 
26 26 87 87 87 98 98 98 193 253 253 
3 55 81 81 121 162 162 
196 
96 96 144 229 
93 154 154 
63 63 90 90 90 
5 42 
108 
22 43 58 58 58 195 195 204 204 204 

71 71 
178 178 178 

206 206 
99 99 126 126 126 203 203 220 220 
58 203 
87 87 193 237 237 
5 
194 194 194 194 
