Nodes: 256, Edges: 632
60 60 236 236 236 
21 21 105 105 105 153 164 164 164 
153 153 
81 238 
14 14 14 18 32 32 139 139 139 208 
12 12 26 42 42 46 50 50 50 68 81 81 81 94 98 98 103 103 108 114 114 117 123 133 133 136 136 142 143 143 143 159 178 178 196 196 203 203 203 221 221 227 227 227 235 235 235 238 243 244 254 254 254 
222 222 222 222 
41 41 74 74 86 86 97 97 124 124 124 130 203 203 203 218 218 226 
71 71 71 81 168 168 168 215 215 228 228 247 247 247 
182 
14 14 
33 33 
5 5 
33 33 37 37 
4 4 4 10 10 32 32 47 51 51 138 139 146 146 146 152 152 152 163 163 180 208 
231 231 
78 78 78 89 89 93 93 
84 
4 51 51 51 60 90 90 137 152 152 152 186 192 192 192 206 206 
62 
98 98 166 166 166 
1 1 52 52 65 140 153 153 228 232 
245 245 
192 
152 
81 81 153 
5 33 33 44 44 59 59 62 62 62 67 67 72 82 82 84 84 84 87 87 108 117 122 141 141 141 185 207 231 237 237 
153 
88 88 88 165 
205 205 
64 175 175 175 182 182 196 196 196 230 
152 152 152 157 
4 4 14 14 
11 11 13 13 26 26 37 37 37 44 46 77 77 134 150 172 211 219 219 219 222 
137 
53 53 81 
203 203 
13 13 33 33 33 122 169 
42 
134 134 
187 187 187 
7 7 
5 5 38 81 81 81 243 
195 195 195 245 
26 26 33 59 150 172 172 172 188 188 222 
153 153 
5 33 
14 152 
58 
84 
5 5 5 123 159 159 
14 14 18 18 18 191 202 202 
21 21 
35 35 
127 
121 238 238 
94 227 
93 154 154 
48 104 203 214 214 245 245 252 
26 26 44 
0 0 18 152 152 174 174 174 174 206 206 206 
90 206 206 
19 26 26 26 
90 90 137 137 202 242 242 
30 
21 81 81 81 

26 26 
5 114 114 
146 146 223 223 223 
210 210 249 
8 8 8 131 228 
26 

7 7 203 203 203 
171 205 205 205 217 233 
191 191 191 223 223 223 236 236 236 
33 33 134 
16 16 16 89 93 93 93 95 95 95 
111 111 
137 
3 5 5 5 8 25 25 35 42 42 42 65 65 65 93 148 148 148 153 153 153 160 160 162 173 173 176 176 176 203 228 228 238 251 
26 26 
113 113 204 
17 26 26 26 49 109 127 127 127 183 189 194 194 194 
228 228 228 
7 7 203 203 218 
26 26 115 115 115 237 253 253 
28 28 28 203 203 
16 16 78 
18 18 61 63 63 206 242 
121 121 238 238 
203 
16 16 57 78 78 78 81 111 111 154 154 176 176 176 201 224 241 
5 56 112 243 
78 78 78 
127 127 127 144 144 144 229 229 229 240 240 
7 7 130 
5 5 20 20 122 166 209 209 213 213 213 
251 
109 109 109 194 198 
106 

5 5 221 
58 129 129 129 152 
1 1 1 
101 204 204 

5 26 244 
84 100 100 100 183 183 183 198 198 
228 228 228 
79 79 93 93 
94 
83 83 145 204 204 246 
5 5 68 68 227 227 
87 87 87 
203 203 203 
5 26 
188 188 
152 152 152 
206 206 
55 91 91 238 238 
26 37 98 123 123 123 123 210 210 
5 50 122 122 122 122 161 161 161 196 196 196 
7 7 7 
251 251 251 
203 251 251 251 
54 84 84 84 96 96 96 187 187 216 216 229 229 229 
136 
104 104 104 
7 97 
71 
222 
5 5 227 
33 39 39 77 227 
175 
5 5 128 
18 34 63 63 80 202 
14 
4 4 4 14 
21 
26 26 26 
5 159 159 
5 5 5 149 149 149 151 165 203 203 203 
96 96 96 240 
113 204 
14 14 14 69 69 152 
171 
81 81 81 153 
143 143 143 203 
33 44 
143 
14 14 14 18 18 18 24 31 31 31 47 60 60 104 119 119 119 146 157 157 157 163 223 223 
1 2 2 21 21 25 27 45 45 81 81 81 148 179 179 179 228 
57 57 93 93 241 241 
206 
203 203 
31 152 152 152 
164 
5 50 50 142 142 
81 81 251 
123 123 123 
81 238 238 
14 14 152 
1 1 1 158 232 232 
28 143 203 203 203 
20 20 20 98 209 
173 173 
8 8 8 
37 
174 206 206 206 206 
75 147 205 205 
33 44 44 44 
81 81 167 167 176 176 
60 60 60 60 170 206 
30 30 30 135 196 196 196 
81 81 81 93 93 93 173 173 
204 204 204 
5 5 248 248 
153 153 153 
14 
203 
9 30 30 196 196 
84 109 109 109 
228 
26 
18 
40 40 40 127 127 
44 44 118 118 
84 196 196 
236 236 236 
51 76 76 76 205 205 
18 18 18 23 
237 253 253 
84 84 84 100 255 255 
43 43 43 204 245 245 245 
5 5 30 30 30 123 123 123 175 175 175 182 182 189 189 239 239 

100 109 109 

229 229 
93 
51 51 63 137 
5 5 5 7 7 7 36 36 58 74 74 74 81 86 86 88 88 92 116 116 116 126 143 143 143 149 156 156 165 165 165 181 220 251 252 
83 106 106 113 113 145 177 177 177 195 245 245 
29 29 75 75 75 171 171 191 191 
18 18 60 60 60 61 61 90 120 120 155 170 170 170 170 174 250 250 
26 
4 14 
98 98 166 
70 70 122 122 
33 
222 
98 98 98 
58 58 
8 8 
127 127 
75 233 233 
7 7 86 
33 33 33 
203 
5 5 103 
6 6 6 6 33 44 132 212 
69 69 69 76 76 76 152 152 
93 

7 
5 5 5 56 114 114 133 134 
8 8 21 71 81 81 85 85 85 110 110 110 153 184 
96 96 96 127 127 127 200 200 
30 
15 15 26 
21 164 164 
75 217 217 

5 5 5 
0 0 0 76 76 76 190 190 190 
26 26 87 193 253 253 253 
3 5 55 55 81 91 91 121 121 162 162 
196 196 
96 96 144 
93 154 154 
63 63 90 
5 42 94 
5 108 
22 22 43 58 58 195 195 195 204 204 251 
113 
8 8 8 
178 178 
70 
206 206 
81 99 125 125 125 126 126 126 160 203 245 
58 203 
87 87 193 193 237 237 237 
5 5 5 
194 194 
