Nodes: 256, Edges: 632
60 236 236 
105 105 153 153 153 158 
153 
81 81 153 153 153 238 
14 14 18 18 32 32 139 139 139 208 208 
12 12 12 26 26 26 38 42 46 50 68 81 81 81 98 102 102 103 108 108 114 114 114 114 114 123 133 136 143 143 159 178 181 196 196 203 221 221 227 234 234 235 238 238 244 254 254 
212 212 222 222 
74 74 74 97 97 97 124 124 130 203 203 218 218 
71 81 81 81 168 168 228 228 247 247 247 
182 182 182 
14 51 
33 33 
5 5 5 227 
33 37 
4 4 10 18 18 32 32 47 146 152 163 163 163 180 208 208 208 
26 231 231 
78 78 89 89 93 
66 84 84 84 
4 4 14 14 51 51 60 60 90 90 137 137 152 192 206 206 
62 62 
98 166 
52 52 52 65 65 65 140 140 153 184 184 184 232 
245 245 245 
192 192 
152 152 
81 81 148 148 
5 5 5 15 33 33 44 44 44 59 59 59 62 62 62 67 67 72 72 82 82 84 87 87 98 108 108 108 117 117 141 141 207 207 231 231 237 237 
153 153 
165 165 
205 205 
64 64 64 175 175 182 182 196 196 230 230 
152 152 
4 4 14 14 
11 11 13 26 26 37 37 44 73 73 134 134 172 172 172 197 211 219 219 222 222 
137 
53 53 81 81 
203 
13 33 33 122 122 169 169 169 185 
5 42 
134 
187 203 203 

5 38 81 81 
195 195 245 245 
26 26 26 33 59 59 150 150 172 172 222 
148 153 
5 
14 152 
58 58 152 152 
84 84 
5 108 
10 18 18 202 202 
21 21 21 
35 35 81 81 
127 127 
121 121 238 238 
227 227 
93 93 93 154 
48 48 104 152 245 
26 26 26 44 44 
0 18 18 76 76 152 174 174 174 206 206 236 236 
206 206 206 
19 19 26 26 26 
90 137 202 
30 30 30 
21 21 21 81 81 81 
17 
26 26 
5 114 114 114 
146 146 223 223 223 
122 122 210 210 249 
8 228 247 
26 26 
33 33 
7 7 7 156 156 203 203 
171 203 217 233 
60 60 191 223 223 236 236 
210 210 
16 16 89 89 89 93 93 95 95 
111 111 111 

3 3 5 5 5 8 8 8 25 25 35 35 42 42 53 53 65 65 65 93 93 148 148 148 148 153 153 160 160 162 173 173 176 203 203 228 228 228 238 238 
26 26 
113 113 113 204 204 
17 17 17 26 49 49 100 100 109 109 127 127 189 189 194 194 194 
228 228 
203 203 203 
26 26 115 115 115 237 237 253 
165 165 203 203 
16 16 78 78 78 
18 18 63 206 242 242 242 
121 121 
203 
16 57 57 57 78 78 81 81 111 111 154 154 154 171 176 176 176 201 201 224 241 241 
112 112 112 243 243 
78 78 
127 127 127 144 229 229 240 
7 7 7 130 130 130 
5 20 26 122 166 166 213 
251 
84 84 109 109 183 194 194 194 
106 
5 5 203 234 234 234 
5 221 
58 129 152 152 152 
1 1 
101 145 145 204 204 204 
119 119 
5 5 26 26 26 50 244 244 244 244 244 
84 84 100 100 127 183 183 198 198 198 
228 
79 79 79 93 93 
94 94 94 
83 83 83 145 145 145 177 177 204 204 246 246 
5 5 5 5 5 68 68 68 227 227 
87 87 87 
203 
26 26 

107 107 137 152 
170 170 170 206 206 206 
55 55 91 91 238 
37 37 70 70 98 123 210 210 
5 122 161 
7 7 
251 
203 203 251 251 251 
54 54 84 84 96 96 96 109 229 
136 
104 
7 97 97 97 
228 228 228 
222 222 
5 227 227 
33 33 39 227 
175 175 
5 128 
18 18 34 63 119 202 

4 4 4 
21 21 
26 26 
159 
5 5 149 149 151 151 165 165 203 203 203 
96 240 240 
106 106 113 113 113 204 
14 69 69 152 152 
171 
25 25 45 81 81 81 81 153 
143 143 203 203 203 220 
44 44 
143 143 228 
14 18 24 24 31 31 47 48 48 58 60 104 104 104 119 146 146 157 163 223 223 223 
1 1 1 2 3 3 3 21 27 27 45 81 81 148 179 228 228 
57 93 93 93 176 241 
206 
74 74 199 203 203 203 
152 
1 
5 142 
81 81 
123 
81 238 238 
14 14 14 152 
232 232 
28 28 88 88 143 143 203 
20 98 98 209 209 
173 
8 8 
37 37 37 
120 120 120 174 206 206 206 206 
75 93 147 
33 33 33 44 44 
81 81 167 176 
60 60 60 170 206 206 
30 30 135 135 196 196 
81 93 93 93 154 173 
113 113 204 204 
5 248 248 248 
153 
14 
5 
9 9 9 30 30 196 196 196 
100 109 109 
21 21 21 
37 

40 

84 84 196 196 
236 236 236 
76 205 
18 23 23 
237 237 237 253 
84 84 84 100 100 100 255 255 255 255 
43 43 204 204 245 
5 5 30 30 175 175 182 182 182 189 189 239 
33 
109 109 109 
156 
229 229 
93 93 
51 51 63 137 
5 7 7 36 40 40 74 74 75 81 81 86 86 86 88 88 92 102 116 126 126 143 143 143 149 149 149 156 156 156 165 214 251 251 252 
83 83 106 106 106 113 113 145 177 177 195 195 245 245 
29 29 191 
18 18 60 60 61 61 61 90 120 120 120 155 170 170 170 170 174 174 250 
26 26 
4 4 14 14 14 
166 166 
70 70 77 77 122 122 
33 
6 6 222 222 
98 
203 


75 233 
7 7 
33 33 
149 
5 5 103 
6 6 33 33 44 132 132 212 212 
69 69 69 76 76 152 152 152 
93 


5 12 56 56 114 114 133 133 134 
8 8 71 81 81 81 85 85 110 131 131 131 151 153 153 
96 96 127 200 200 240 
30 30 
15 15 26 26 
21 164 164 
75 217 
5 5 102 102 102 
5 
0 0 60 60 76 76 190 190 190 
26 26 87 87 193 193 193 253 
3 5 5 55 55 81 81 121 162 162 
196 
96 144 144 229 
93 93 154 
90 90 90 
94 94 
5 108 108 108 108 108 
22 22 22 43 43 58 195 204 204 
113 113 
8 8 8 71 
178 178 178 
70 
206 
99 125 126 126 126 203 203 
203 
87 193 237 
5 5 
194 194 194 194 
