Nodes: 256, Edges: 632
60 236 236 
21 21 21 105 105 105 153 153 158 158 164 164 164 
153 153 
81 238 
14 14 14 18 18 18 32 32 32 139 139 139 
12 12 12 12 38 38 38 42 42 46 50 68 81 81 94 94 98 102 102 103 108 108 114 114 114 117 123 133 133 136 136 142 159 178 178 196 196 203 207 221 234 234 235 235 238 238 243 243 244 244 
212 212 222 222 222 
41 41 41 74 86 97 97 97 124 130 130 203 203 203 218 226 
71 71 81 215 228 228 228 247 

14 
33 33 197 
5 5 5 5 227 
33 33 37 
4 4 4 10 18 32 47 51 107 138 138 138 146 146 146 152 152 163 180 208 208 
231 
78 78 89 89 93 93 93 
66 
4 4 4 14 51 60 90 137 152 152 152 186 186 206 
62 62 
98 98 166 166 
1 1 1 45 52 52 65 140 140 140 153 153 184 184 184 184 184 228 
245 245 
192 
152 152 225 
81 81 148 148 148 148 153 
33 33 44 44 44 59 62 62 62 67 67 72 72 72 82 82 84 84 87 98 98 108 117 117 117 122 141 141 141 169 185 196 196 207 207 237 237 
153 
88 165 165 
205 205 
64 175 175 182 182 182 196 230 230 
152 152 152 152 
4 4 4 14 
11 11 13 13 26 26 37 37 77 134 150 150 172 211 211 211 219 222 
137 137 
81 81 81 
203 203 
13 33 33 122 169 185 
5 5 5 42 42 
134 
187 203 
7 7 7 
5 5 38 38 81 125 243 243 243 
195 195 245 245 
26 26 26 150 150 172 172 172 188 188 188 222 222 
21 148 148 148 153 
5 
14 
58 58 152 
84 
5 159 159 216 
14 18 202 
21 21 
81 
127 216 
121 238 238 
94 227 227 
79 93 154 154 
48 48 104 104 152 203 214 245 245 252 252 
26 
0 18 76 76 152 152 174 174 174 174 206 206 206 236 236 
90 206 206 206 
19 19 26 26 26 
90 90 137 137 202 242 242 
30 
21 81 224 
17 
26 26 
5 114 114 
146 146 223 
210 210 210 249 249 
8 8 131 228 228 247 247 
26 26 26 

7 156 156 203 
171 171 205 233 233 
60 60 191 191 223 223 236 236 236 
33 210 
16 16 89 95 95 95 
57 111 111 
137 137 
3 5 5 8 25 25 35 35 35 42 53 65 93 93 148 148 148 153 153 153 176 228 238 251 251 251 
26 26 
113 113 204 
26 26 49 100 127 183 189 194 
228 228 
7 203 218 218 218 
26 115 237 237 237 253 253 
28 165 203 203 203 
16 16 78 
18 61 63 63 206 242 242 
121 238 
203 
16 16 16 57 81 81 111 154 154 176 176 201 201 201 241 241 
5 5 56 112 243 
78 78 78 
127 229 229 229 240 240 
7 7 7 130 130 
5 20 20 26 26 122 166 166 209 209 213 237 
251 251 
84 109 109 109 194 194 198 198 

5 5 203 234 
5 221 
58 58 129 
1 1 1 
145 145 204 204 
14 
5 5 26 244 244 244 
100 100 100 127 127 183 183 198 198 
228 228 228 228 
79 79 93 
94 
83 83 145 145 177 204 246 246 
5 5 5 68 68 227 
87 
203 
5 26 26 26 
188 
137 152 152 
170 206 
55 91 238 238 238 238 
26 37 98 123 123 210 210 
5 122 122 161 196 
7 
42 251 251 

54 84 96 109 109 187 189 189 229 229 229 
228 228 228 
104 
7 7 97 97 
71 228 228 228 
222 222 
5 5 
33 39 227 
175 175 
5 5 
18 34 34 63 63 80 80 119 202 202 202 
14 14 14 
4 4 4 
21 21 21 
26 26 26 
5 159 
149 149 151 151 203 
240 240 
106 106 113 113 204 204 
14 14 14 69 69 152 
171 
25 25 25 25 45 45 45 81 81 81 153 153 153 
143 143 203 
33 33 44 44 
143 143 228 228 
14 14 18 18 18 24 24 31 31 31 31 48 58 60 60 119 119 146 163 223 223 
1 1 2 2 21 21 25 27 45 81 81 81 148 148 148 179 228 228 
57 57 93 93 241 
206 
74 74 199 199 203 203 

1 1 164 
5 50 50 142 
251 251 
123 

14 152 
1 1 1 158 232 232 232 232 
28 28 88 203 
20 20 98 98 209 209 
173 173 

26 37 
120 174 206 206 206 
75 75 147 205 205 
33 44 44 44 
167 167 176 
60 60 60 60 170 206 
30 30 135 135 196 
81 93 93 173 
113 204 204 204 
5 5 248 248 248 
153 
14 

30 30 30 196 
84 109 109 
21 21 21 21 21 228 
26 37 
18 18 
40 127 
44 44 44 118 
84 127 127 196 196 196 
236 236 
76 76 205 205 205 
23 
237 237 253 253 
84 100 100 255 
43 43 204 204 245 245 245 
5 5 26 26 30 123 175 182 189 189 189 239 
11 
100 100 109 109 
156 156 
229 229 229 
93 93 93 
51 63 137 137 137 
5 7 7 7 36 36 40 58 74 86 88 88 88 92 102 116 143 149 156 156 165 220 220 220 251 252 
83 106 106 113 145 145 177 177 177 195 195 245 
29 29 75 171 171 191 191 191 
18 60 60 60 61 61 61 90 120 155 170 170 170 174 250 250 
5 26 26 
14 14 
98 98 166 166 
70 70 70 77 122 122 
33 33 33 
6 6 222 
98 
58 
8 
50 54 
233 
7 86 86 86 
33 
203 203 203 251 
5 103 
6 6 6 33 44 44 132 132 212 
69 76 76 152 152 
65 
24 
7 
12 56 56 114 134 
8 8 8 21 71 71 81 85 85 110 110 110 110 128 128 128 131 131 131 151 151 153 153 184 
96 96 96 127 127 127 200 200 200 240 
30 30 
15 
164 164 164 164 
75 75 217 
5 5 102 
5 5 
0 0 60 60 76 76 76 190 190 
26 26 87 87 87 98 193 193 253 253 
3 5 5 55 55 81 91 121 121 121 121 
196 
96 96 144 144 229 
93 93 154 
63 63 90 90 
5 5 42 42 42 94 
5 5 108 108 108 
22 22 43 43 58 58 195 195 195 204 
113 113 
8 71 71 
178 178 178 
70 70 
206 206 
81 81 81 99 99 125 125 160 160 203 220 
58 58 203 
87 87 193 193 237 237 

194 
