Nodes: 256, Edges: 632
60 60 60 236 
21 105 153 153 158 158 164 
153 153 
153 238 
14 18 18 32 32 139 139 139 
12 12 12 26 42 42 46 50 50 50 68 81 81 94 94 98 98 102 102 102 103 108 108 114 114 117 123 133 136 142 142 142 143 143 143 159 181 196 203 203 203 207 221 227 234 234 235 235 238 238 243 243 244 244 
212 222 222 222 
41 41 74 74 86 97 97 124 130 130 130 203 203 218 218 226 
71 71 81 168 168 215 215 228 228 247 247 
182 
51 
33 33 197 
5 5 5 227 
37 37 
4 18 32 47 47 51 51 138 139 146 146 152 152 163 180 
26 26 231 231 
78 89 89 93 93 
84 84 
4 4 14 51 60 90 137 152 152 152 186 192 192 206 
62 62 62 
98 98 166 166 166 
1 52 52 140 140 140 140 153 184 184 184 228 232 
245 245 

152 152 
81 81 81 148 148 
5 15 15 33 44 44 59 59 62 62 62 67 67 72 82 84 84 84 87 98 98 108 117 117 117 122 122 141 141 196 196 207 231 231 237 237 


205 205 205 
64 64 175 182 196 196 196 230 
152 152 152 152 157 157 
4 4 14 
11 11 26 37 37 37 73 77 77 134 150 150 172 172 197 219 219 219 222 
137 
53 53 53 81 81 
203 203 203 
13 13 33 33 33 122 122 169 169 185 
42 
134 134 
203 
7 7 
5 5 38 81 81 81 243 
195 195 245 245 
26 26 59 59 150 150 150 172 188 188 188 222 222 
148 153 153 153 
5 
14 14 107 152 152 
58 58 58 

5 5 5 123 123 159 159 159 216 216 
10 14 14 18 191 202 202 202 
21 21 
35 35 35 81 81 
127 127 127 
121 121 238 238 
227 227 
79 93 93 93 154 
48 48 48 104 214 214 245 245 245 252 252 
26 26 44 44 
0 0 0 18 76 76 76 152 174 206 206 206 236 236 
90 
19 19 19 26 26 26 
90 90 90 137 137 202 242 
30 30 


26 26 108 
5 114 
146 223 223 
122 122 122 169 210 210 249 249 
8 8 131 228 228 228 
26 
33 
7 7 156 203 203 203 
203 205 205 205 217 217 233 233 
60 60 60 191 191 191 223 223 236 236 236 
33 33 210 
16 89 89 93 93 95 
57 111 111 

5 5 8 25 25 25 35 35 42 42 42 53 53 93 93 148 148 148 153 153 160 160 173 176 176 203 203 228 228 228 238 251 
26 
113 113 204 204 
17 17 26 26 26 100 109 109 127 127 127 194 194 
228 
7 203 203 203 218 
26 115 237 
165 203 203 
16 16 78 78 
18 61 63 63 63 242 242 242 
121 238 
203 203 
16 16 57 57 57 78 78 81 81 111 111 154 154 154 176 201 201 224 224 241 241 
5 5 112 112 243 243 
78 
127 144 144 229 229 229 229 
7 7 130 130 
5 5 20 20 26 26 213 213 237 
251 
84 109 109 194 194 194 
106 
5 5 5 203 234 234 234 
5 
58 129 
1 
101 145 145 204 
47 119 
5 5 26 67 244 244 
84 84 100 100 127 127 183 198 198 198 
228 228 
79 79 93 93 
94 94 
83 83 145 145 177 246 
5 5 68 227 227 
87 
203 
5 26 26 26 
188 188 188 
107 137 152 152 152 152 
206 206 
55 55 91 238 238 
26 26 37 37 70 70 70 210 
5 50 50 161 
7 
251 251 251 
203 251 251 
54 54 54 84 84 84 96 109 109 187 187 187 216 229 
228 228 
104 
7 7 7 97 97 
71 228 228 228 
222 222 
5 
33 39 39 227 227 227 
175 175 
5 
18 34 63 63 119 202 
14 
4 4 4 14 
21 21 21 21 
26 26 178 
5 5 5 
5 5 5 149 149 151 151 165 165 203 203 203 
96 96 240 240 240 
106 106 113 113 204 
14 14 69 152 

25 25 45 81 81 81 153 153 
143 143 203 203 220 
33 33 44 44 44 
143 143 
14 14 18 18 18 24 24 31 31 31 31 47 47 60 119 119 119 119 146 163 223 223 
1 1 2 2 3 21 45 45 45 81 81 148 148 179 228 228 
57 93 93 93 241 
206 206 
74 199 199 203 203 
31 31 
1 1 164 
5 50 50 50 
81 81 251 251 
123 
238 
14 152 
1 158 232 232 
88 143 143 203 
20 20 20 209 209 209 
173 
8 8 
37 37 70 
206 206 206 206 
205 205 205 
33 33 44 
81 167 176 176 
60 
30 135 135 196 196 
81 81 93 173 173 
113 
141 248 248 248 
153 
14 
5 
9 30 196 196 196 
109 
21 21 21 
37 
18 
127 127 127 
44 44 44 118 118 118 
196 196 
236 
51 76 76 76 
18 18 
237 253 
84 84 100 100 100 255 255 
43 43 204 204 245 
5 26 26 30 30 30 175 175 182 182 182 189 189 239 239 
11 33 
109 109 109 
156 156 
229 229 229 
93 93 
51 51 51 63 137 
5 5 5 7 7 36 36 36 40 74 74 74 75 81 81 86 86 86 88 88 92 92 102 116 126 143 143 143 149 149 156 156 165 214 220 251 251 252 
83 83 106 145 195 195 245 245 
29 29 29 75 75 75 171 171 171 
18 60 60 60 120 120 155 155 170 170 170 170 250 250 
5 26 

166 166 166 
70 70 77 122 

6 
98 98 
58 58 203 
8 8 
50 50 127 
75 75 233 233 
7 7 86 
33 33 33 
149 203 251 
5 
6 6 6 33 44 44 132 132 
69 69 76 76 152 152 
93 93 

7 
5 12 56 56 114 114 134 134 134 
8 8 21 71 71 71 81 81 81 85 110 110 128 128 131 131 131 153 153 
96 96 96 96 127 200 200 200 240 240 240 
30 
15 15 26 26 
21 164 164 
75 75 217 217 
5 5 102 102 102 
5 5 
0 60 60 76 76 76 190 
26 26 87 98 193 253 253 
3 5 5 55 55 81 91 121 121 162 
196 196 
144 144 144 229 229 229 
93 93 154 
63 90 90 90 
5 5 42 94 94 
5 5 108 108 
22 22 43 43 58 58 58 195 204 204 
113 
8 8 
178 178 178 
70 70 
206 206 
81 99 125 125 125 126 126 160 160 203 203 220 
58 58 203 
193 237 237 

194 194 
