Nodes: 256, Edges: 632
60 60 236 236 
21 21 105 105 153 153 164 164 164 
153 153 153 
81 81 153 153 238 
14 14 18 18 32 139 139 139 208 
12 12 12 26 26 38 42 46 50 50 50 68 81 98 98 103 108 114 114 114 114 117 117 133 133 133 136 136 142 143 143 143 178 178 196 196 207 227 234 235 235 238 243 254 254 254 
212 212 222 222 222 
41 41 74 86 86 86 97 124 124 124 130 203 203 203 218 218 
71 71 81 168 168 215 228 228 247 247 
182 182 
14 51 
33 197 
5 5 5 227 
33 33 37 
4 4 10 18 18 18 32 47 51 107 138 138 139 146 146 152 163 180 180 180 208 208 
26 231 
78 78 89 89 
84 84 203 
4 4 14 14 14 51 51 60 60 90 152 186 192 206 

98 166 166 
1 1 45 45 65 65 140 140 153 153 184 184 184 184 228 228 

192 
152 152 
81 81 81 148 153 
5 5 15 33 33 44 44 59 59 62 67 67 67 72 72 72 82 84 84 87 87 87 98 108 117 117 117 122 122 141 141 185 196 207 207 231 237 237 
153 153 
88 88 
205 205 
64 175 175 182 196 196 196 196 230 
152 152 152 157 
4 14 202 
11 13 13 26 26 37 44 44 73 73 73 77 77 77 134 197 197 219 222 222 
137 
53 53 81 
203 
13 33 122 122 122 169 169 169 
5 42 
134 134 
187 187 187 187 203 203 
7 7 
5 38 
195 195 195 245 245 
26 26 33 33 59 59 59 150 172 172 172 222 
21 21 148 153 
5 
14 152 152 
58 152 
84 84 84 
5 5 5 108 159 216 216 
10 14 18 18 63 202 202 202 202 202 

35 35 81 81 
127 127 216 
121 238 238 238 
227 
154 154 
48 104 104 214 214 245 245 252 
26 26 44 44 44 
0 0 18 18 76 76 76 120 152 174 174 206 236 236 
138 206 
26 
51 90 137 137 137 202 202 242 
30 
21 21 81 224 

26 26 26 108 
5 
146 146 223 223 
122 122 210 249 249 
8 8 131 131 228 247 
26 26 26 
33 33 33 
7 156 156 203 203 203 
205 233 233 233 
60 60 60 191 191 191 191 223 223 223 223 236 236 236 
33 33 33 210 210 
16 16 89 89 93 93 95 95 95 95 95 
111 111 111 
137 137 137 
3 3 5 8 25 25 25 35 53 53 65 93 148 148 153 153 153 162 162 173 176 176 203 228 228 238 251 
26 
113 113 113 
17 17 26 26 49 49 49 100 109 127 127 127 183 183 189 189 194 194 194 
228 
7 7 7 203 218 218 
26 26 26 115 237 237 237 237 253 
28 28 165 203 203 203 203 
16 16 78 78 
18 63 206 206 242 242 
121 121 238 
203 
78 78 81 111 111 154 154 154 171 176 176 201 
112 243 243 
78 78 78 78 78 
127 127 229 229 229 229 229 240 
7 130 130 
5 5 20 26 166 166 209 213 237 237 
251 
84 109 109 183 194 198 
106 
203 203 
5 221 
58 58 129 129 129 152 
1 1 
101 145 204 204 204 
14 119 152 
5 26 50 67 244 244 244 
84 100 100 127 183 198 
228 228 228 
79 79 79 93 93 
94 
83 83 83 145 145 145 177 177 177 204 204 246 
5 5 5 5 227 
87 
203 
5 5 26 26 26 
188 
107 152 152 152 
60 170 206 206 206 
55 91 91 238 
26 26 37 37 37 70 70 123 123 
122 122 161 
7 7 7 
251 251 
251 251 251 251 
54 54 84 84 84 96 96 109 189 229 229 229 
136 
104 104 104 
7 97 97 
71 71 228 228 

5 5 5 227 227 
33 39 39 
175 175 
5 5 128 
34 63 63 63 80 80 80 
14 14 61 
4 4 4 14 
21 21 
26 26 178 
5 
5 5 5 149 151 203 
240 
106 113 113 113 204 204 
14 14 69 69 152 152 
171 
25 45 81 81 153 153 
143 203 
44 
143 
14 18 24 24 31 31 31 47 47 48 60 104 107 119 119 119 146 146 157 157 163 223 223 
1 1 2 2 2 3 3 21 21 25 27 27 45 81 81 81 148 148 179 228 228 228 
57 57 93 93 93 176 176 241 241 
206 
74 74 199 199 203 203 
31 152 152 
164 164 
50 
251 251 
123 
81 81 238 
14 152 
1 1 1 158 158 232 232 
88 203 
20 20 98 98 209 
173 173 
8 8 
37 37 37 
120 174 206 
93 147 
44 44 44 
81 167 167 
60 60 170 
30 30 135 135 196 196 
81 81 93 93 154 154 
113 113 113 204 204 
5 5 141 248 248 248 248 
153 
14 14 14 

9 9 30 196 196 
84 84 100 109 
21 21 21 21 
26 
18 
40 40 40 40 
118 
84 84 127 196 196 196 
236 236 
76 76 76 76 205 
18 23 
237 253 253 253 
84 84 84 100 255 255 255 255 
43 43 43 204 204 245 
5 5 26 30 30 30 30 175 175 182 182 189 189 189 239 239 
11 33 33 
100 109 
156 156 
229 
93 
32 51 51 51 51 51 63 63 
7 7 7 17 36 40 40 74 74 74 81 86 88 88 88 88 92 102 102 116 143 149 156 156 165 220 251 251 252 
106 106 106 113 113 145 145 177 177 195 195 245 245 
29 29 75 191 
18 60 61 90 90 120 120 120 155 170 250 
5 26 26 
4 14 14 
98 166 
70 77 77 

6 6 222 222 
98 
58 58 
8 
50 50 54 
233 
7 7 86 86 
33 
203 251 
103 
6 6 6 33 33 44 212 212 
69 69 76 76 76 76 152 152 
65 


5 12 56 114 133 133 
8 8 21 21 71 81 81 85 110 110 110 131 131 153 153 153 
96 96 96 96 96 127 127 127 200 240 240 
30 
15 26 
164 164 
75 75 75 217 
5 
5 5 
0 0 60 60 76 76 76 190 190 
26 26 87 87 87 87 98 98 193 253 253 
3 5 55 55 55 81 91 121 162 
196 196 
96 144 229 229 
154 154 
63 90 90 
5 94 94 
108 108 108 
43 43 58 58 195 204 204 
113 
8 8 71 
178 178 178 178 
70 70 
206 
81 99 125 125 126 126 126 126 160 160 203 203 220 
58 203 
87 193 193 193 237 237 
5 5 5 
194 194 194 194 
