Nodes: 256, Edges: 632
60 236 236 236 
21 21 21 105 153 158 164 164 

81 81 153 153 238 238 
14 14 14 18 32 32 32 139 139 139 208 
12 26 46 50 50 68 81 81 94 94 98 98 98 102 102 103 108 108 114 114 114 117 136 142 142 142 142 143 143 159 159 178 181 196 203 203 203 207 221 221 221 227 227 234 234 238 243 243 243 244 254 254 
212 222 222 
41 41 41 74 74 86 97 130 203 203 218 218 
71 71 71 71 168 215 215 215 228 247 


33 33 
5 
33 37 37 
4 4 4 18 18 32 32 32 51 51 138 138 146 146 152 152 152 163 180 180 208 
26 231 
89 89 93 93 93 
84 84 84 
4 14 14 60 60 60 90 90 90 137 152 152 186 192 206 

98 166 166 166 
1 1 1 45 52 52 65 140 140 153 153 153 184 184 184 184 184 228 228 
245 245 245 
192 192 
152 152 
81 81 81 153 153 
5 15 33 33 33 44 62 67 67 72 82 82 84 87 98 98 108 117 122 122 169 185 196 196 207 207 231 231 231 237 237 237 
153 153 
165 165 
205 205 205 
64 64 182 182 196 196 196 230 
152 152 152 
4 4 4 14 14 14 202 
11 11 13 26 26 26 37 37 73 77 77 134 134 150 172 172 172 197 197 219 222 
137 137 
53 53 81 
203 
13 13 33 33 169 169 
42 
134 134 134 
187 187 187 203 
7 7 7 
38 81 81 243 
195 195 195 245 
26 59 59 59 172 172 188 188 188 222 222 
21 153 
5 
152 
58 152 152 
84 
5 5 123 159 216 
14 14 63 191 202 202 202 202 
21 21 
35 35 81 81 
127 127 127 
121 121 238 
227 227 
79 93 154 
48 104 203 214 245 245 252 252 
44 44 44 
0 18 18 18 76 76 120 152 152 174 174 174 174 236 
138 206 206 
26 
51 90 137 137 202 202 242 242 
30 30 
21 81 81 224 

26 26 
5 
146 223 223 
122 122 210 210 249 249 
8 8 8 8 131 228 228 
26 
33 
7 7 156 156 
171 203 203 205 205 217 233 
60 60 191 191 191 223 223 236 236 236 
33 33 210 210 210 
89 89 89 93 95 
57 111 

3 3 5 5 25 25 25 35 42 42 53 53 65 65 93 148 148 153 153 160 173 173 173 176 238 238 238 
26 26 
113 113 204 204 
17 17 17 26 49 100 109 109 127 183 189 189 189 194 194 
228 
7 203 203 203 218 218 
26 115 115 237 237 237 253 253 
165 165 203 203 
16 16 78 78 78 
18 18 18 63 206 
121 121 238 238 

16 16 16 57 78 81 111 111 154 176 176 201 201 201 224 224 241 241 
5 5 112 112 243 243 
78 
127 127 144 144 229 229 240 240 
7 130 130 130 
5 5 5 20 26 26 122 166 166 213 213 237 237 
251 251 
84 109 183 194 194 
106 
5 5 203 203 203 234 
5 
58 129 152 
1 
101 145 145 204 204 
119 119 152 152 
5 5 26 244 244 244 
84 84 100 127 127 127 183 183 183 198 198 
228 228 228 228 228 
79 93 93 
94 94 
83 83 145 145 145 177 177 204 246 246 
5 5 5 227 
87 87 
203 203 203 
5 26 
188 188 188 
107 107 137 152 152 
60 170 
55 55 91 91 238 238 
26 26 70 70 98 123 123 210 210 
50 122 122 196 196 


203 251 251 
54 54 54 84 96 96 109 109 109 189 189 229 229 
228 228 228 
104 
7 97 97 97 
71 228 
222 222 
227 
33 33 39 39 39 227 227 227 
175 
5 
18 34 34 63 63 119 
14 14 61 
4 4 4 
21 21 

5 5 5 5 159 
5 5 149 151 165 165 203 203 203 217 
96 96 240 
106 106 113 113 113 204 204 
14 14 69 152 152 

81 81 
143 203 203 
33 
143 
14 14 14 18 18 24 24 31 31 31 47 48 48 60 60 104 107 107 119 119 146 146 163 223 
1 3 3 21 21 21 25 25 27 27 45 81 81 179 228 228 
57 93 176 
206 206 
74 74 199 203 203 203 

1 164 
5 5 50 142 
81 251 

238 238 
14 152 
1 1 158 232 232 232 
28 28 88 88 143 143 203 203 
20 20 20 98 98 209 209 

8 
26 37 37 
120 174 174 206 206 206 206 206 
75 205 
33 33 33 44 44 
81 81 81 176 176 
60 60 60 60 170 170 
135 196 196 
81 93 93 154 173 173 
113 113 204 
5 248 248 
153 
14 14 
5 
30 30 196 
84 100 109 109 109 
21 21 21 21 21 
26 
18 
40 40 40 
44 44 44 118 118 118 
84 84 84 127 127 196 196 196 
236 236 
51 76 76 76 
18 23 23 
237 237 253 253 
84 84 100 100 255 255 
43 43 43 204 204 245 
5 26 26 30 30 30 123 123 175 175 182 189 189 189 239 
33 33 
109 109 
156 
229 229 
93 93 93 
32 51 51 51 51 63 63 
5 5 5 7 7 36 40 58 75 75 86 86 86 88 88 102 102 102 116 116 116 126 143 143 143 149 149 156 156 156 165 165 220 251 251 
83 83 106 106 113 145 145 177 195 195 245 245 
29 29 29 75 75 171 
18 61 61 90 155 155 170 170 170 170 170 250 250 
5 26 26 
4 14 
166 166 
70 70 77 77 77 122 122 

6 222 222 
98 98 
58 
8 8 8 
50 
75 143 233 233 233 
7 7 86 86 
33 
203 251 251 
5 5 5 
6 6 33 44 44 132 132 212 212 
69 69 76 76 152 
65 93 93 


5 5 56 56 114 133 134 134 134 
8 21 21 71 71 85 110 110 110 110 110 128 128 128 131 153 153 
96 96 127 127 200 200 240 240 
30 
15 26 26 26 
164 164 164 
75 217 217 217 
5 5 102 

0 0 0 60 76 76 76 190 190 
26 26 26 87 87 87 98 98 193 193 253 253 
3 3 5 55 81 81 81 91 91 121 121 162 162 
196 
96 96 144 229 229 
93 93 
63 63 
5 5 5 42 94 94 
5 108 108 108 
22 22 22 43 58 58 195 204 204 251 
113 113 
8 
178 178 
70 70 
206 206 
99 99 126 126 160 203 203 220 220 245 
58 58 
87 87 193 193 237 237 
5 5 
194 194 
