Nodes: 256, Edges: 632
60 236 236 
21 105 105 105 153 153 158 158 158 164 164 164 
153 
81 153 153 
14 14 18 32 32 139 139 139 139 208 
12 26 26 26 38 38 38 42 42 50 50 68 68 68 94 94 102 102 103 103 108 114 114 117 123 123 133 136 136 142 178 196 196 203 203 221 227 227 235 243 243 254 
212 222 222 
41 41 41 74 74 86 86 86 97 124 124 130 203 218 218 226 
71 71 81 81 168 215 228 228 247 247 
182 
14 51 
33 33 33 
5 227 227 
33 33 37 37 
4 4 10 18 18 32 47 47 51 51 51 138 138 139 139 146 152 152 163 163 180 208 208 208 
26 26 231 231 231 
78 89 93 93 
84 84 
4 14 14 51 51 60 60 90 137 152 152 152 186 186 192 206 
62 
98 98 166 166 
1 52 52 65 65 140 140 153 153 184 184 228 232 
245 
192 192 

81 81 148 148 148 153 
5 5 5 15 15 33 33 44 62 62 67 82 82 82 84 87 87 98 98 108 117 117 122 141 185 196 207 231 231 
153 153 153 
88 
205 205 205 
64 64 182 182 196 196 196 196 196 230 230 230 
152 152 152 
4 4 14 
11 11 11 13 13 26 26 37 37 44 46 73 73 134 134 150 150 150 172 172 211 211 219 
137 137 137 
53 53 81 81 
203 
13 13 33 33 169 
5 5 5 42 42 
134 134 
187 203 
7 7 7 
5 5 38 38 243 
245 245 245 
26 33 59 150 172 172 172 188 222 
148 148 153 
33 
14 14 107 152 152 152 
58 152 
84 84 
5 5 108 112 123 159 159 159 159 216 216 
10 14 14 14 18 18 202 
21 21 
35 35 81 81 
127 
121 121 238 238 238 
94 227 227 
79 93 93 154 
48 104 214 214 245 252 
44 
0 18 18 76 76 120 152 152 152 174 206 236 236 

19 26 26 
137 137 202 242 242 
30 30 
21 21 81 

26 
5 5 5 114 
223 223 
122 210 249 
8 8 131 228 247 

33 33 
7 7 156 156 156 203 
171 171 203 203 217 217 217 233 233 
60 60 191 191 191 223 223 223 236 236 
134 210 210 
16 89 89 89 93 93 95 95 95 
57 111 
137 
3 8 8 25 25 35 35 53 53 65 93 148 148 148 148 153 153 160 160 162 173 173 176 203 228 228 228 238 238 238 251 251 
26 26 26 
204 204 204 
17 17 26 49 49 100 109 109 127 127 183 189 189 194 194 194 194 

7 7 7 203 203 218 
26 26 115 237 237 237 253 
28 165 203 203 
16 78 78 78 
18 206 206 
121 121 
203 203 
16 16 57 57 78 78 81 111 176 176 201 201 201 224 224 241 
5 5 56 112 112 243 
78 78 78 
127 144 229 229 229 229 229 240 240 240 
7 130 130 
20 20 26 26 122 209 209 213 213 237 
251 
84 109 183 194 194 198 198 198 
106 
5 5 203 234 234 
5 5 221 
58 129 
1 1 1 
101 145 145 
47 119 119 
5 26 50 244 244 244 244 
84 84 100 183 183 198 
228 228 228 228 228 
79 93 
50 94 94 
145 145 177 204 204 246 
5 5 68 
87 
203 
5 26 26 
188 188 
107 107 152 152 152 
60 170 206 206 
55 55 91 91 238 238 
26 70 98 123 123 
5 5 50 122 122 161 161 161 196 
7 7 
251 251 251 
203 203 251 251 251 
54 84 84 96 189 229 229 
228 
104 
7 97 97 
71 228 228 
222 222 222 
5 227 227 
33 33 39 39 77 
175 
5 5 
18 34 34 34 63 63 80 
14 14 
4 4 4 4 14 14 
21 21 
26 
5 159 
149 149 151 165 203 203 203 
96 240 240 240 
106 106 113 113 204 204 
14 152 152 152 

25 25 25 45 45 81 81 81 81 153 153 
143 143 203 
33 33 33 44 
143 228 
14 14 18 18 18 31 31 31 47 47 47 48 60 60 60 119 119 119 146 146 146 157 163 223 223 223 
1 1 2 3 3 21 21 25 27 27 27 45 81 81 148 148 179 179 179 228 228 
57 176 241 

74 74 74 199 199 199 203 203 
152 
1 1 1 164 
50 50 50 50 142 
81 81 
123 123 123 
81 238 238 
14 14 152 
1 1 1 158 232 
88 143 203 
20 20 209 209 209 
173 173 
8 
37 
120 174 206 206 206 206 
75 75 205 205 
33 33 44 44 44 
81 81 167 167 176 176 
60 170 206 
135 
81 93 93 154 173 173 
113 204 204 
5 248 248 
153 153 153 
14 
203 
9 30 30 196 196 196 
84 100 109 109 189 
21 21 228 228 
26 
18 18 
40 
44 118 118 
84 84 127 183 196 196 
236 236 
76 76 76 205 
18 23 23 
237 237 237 253 253 253 
84 84 84 84 100 100 255 255 255 
204 245 245 
5 5 26 30 30 30 30 30 123 182 182 182 189 189 239 

100 100 100 109 
156 156 156 
229 229 
93 93 93 
51 63 
5 5 7 36 40 74 75 75 81 86 86 88 88 92 92 102 116 126 126 143 143 143 149 156 156 165 181 220 251 251 252 
83 83 83 113 113 145 145 177 177 195 245 245 
29 29 29 171 171 191 
18 60 90 90 120 120 170 170 170 170 174 
26 
4 14 14 14 
98 98 166 166 166 
70 77 77 
33 33 
6 222 222 
98 98 
58 58 
8 
50 50 
75 75 75 233 
7 7 86 
33 
203 251 251 
5 103 
6 6 44 132 132 132 212 212 
69 69 76 76 76 152 152 152 
93 93 

7 
5 5 12 12 56 56 133 133 
8 8 21 71 81 81 81 110 110 110 110 110 128 131 131 151 153 153 184 184 
96 96 96 96 96 127 127 200 200 240 240 
30 30 30 
15 15 15 26 26 
21 164 
75 75 217 
102 102 
5 
0 0 60 60 76 76 190 190 
87 87 87 98 193 193 193 253 253 253 
55 55 55 81 81 81 121 121 162 162 
196 
96 96 96 144 144 144 229 229 
93 154 
63 63 
5 5 42 94 
108 108 108 108 
22 43 43 43 58 195 195 204 204 
113 
8 8 71 
178 178 
70 

81 81 99 125 125 125 126 126 126 203 203 220 220 
58 203 
87 193 193 193 237 237 237 
5 
194 194 194 
