Nodes: 256, Edges: 632
60 60 60 236 236 
105 153 153 158 158 164 164 164 
153 153 
81 153 153 
14 14 14 32 32 139 139 139 208 208 208 
12 12 12 12 26 26 26 38 42 42 46 50 68 68 81 81 94 94 94 98 102 108 114 114 114 114 117 123 123 123 136 142 142 159 178 196 196 203 203 207 221 234 234 234 235 235 238 243 243 243 244 254 254 
212 222 222 222 
41 74 74 86 86 97 97 97 124 130 130 130 203 203 218 218 
71 71 71 215 228 228 228 247 
182 182 
14 14 51 
33 33 197 
5 5 5 5 227 227 
33 33 
4 4 4 10 10 18 18 32 32 32 47 47 47 51 138 146 152 152 163 163 180 208 
26 231 231 
78 78 89 89 89 93 93 
66 84 84 203 
14 14 51 137 137 152 152 186 192 192 206 
62 62 62 
98 98 166 166 
45 45 65 65 140 140 140 153 153 184 228 
245 245 
192 
152 225 
81 148 153 153 
5 5 5 15 33 44 59 62 62 67 67 72 84 84 87 87 98 98 98 117 122 122 141 141 169 196 196 207 231 231 237 237 
153 153 153 
165 165 
205 205 
64 64 64 175 175 182 182 182 196 196 196 196 230 230 
152 152 152 157 
4 4 14 14 14 202 
11 11 13 13 26 44 44 46 73 73 134 150 172 172 172 197 211 219 219 222 
137 
53 53 81 81 
203 
169 
5 42 42 
134 134 
187 187 203 203 
7 
5 5 38 38 81 243 
195 245 
26 33 33 59 59 150 150 172 172 172 188 222 222 222 
21 21 148 148 
5 33 
14 14 14 107 152 
152 152 
84 
5 112 123 159 159 216 216 216 
10 14 18 191 202 202 202 

35 35 81 81 
127 
121 121 238 238 238 
227 
93 93 
214 245 245 252 
26 44 44 
0 0 0 76 76 152 152 152 174 206 206 236 
206 206 206 
19 19 19 26 26 
90 137 202 202 202 242 242 
30 30 30 
21 21 81 81 81 224 
17 
26 26 
5 5 114 114 
146 223 
122 122 169 210 210 249 249 
8 8 8 131 131 
26 
33 33 
7 7 156 203 203 203 
171 205 217 233 233 
60 60 191 191 223 236 
210 
16 16 89 89 93 95 95 95 
111 
137 137 
3 5 5 25 35 35 42 53 53 65 65 65 93 148 148 148 153 153 153 160 160 173 173 173 176 176 176 203 228 238 251 

113 113 204 
17 17 26 26 49 100 109 127 183 189 189 194 194 194 
228 228 
7 7 218 218 
26 26 115 115 115 237 237 237 253 253 
165 165 
16 16 16 78 78 
63 206 206 242 
121 121 238 238 238 
203 203 
16 16 57 57 78 81 111 111 154 176 201 224 241 241 
5 5 5 112 112 112 
78 78 78 
127 144 144 144 229 229 240 240 
7 7 7 130 130 130 
5 20 20 26 26 26 122 166 209 209 209 213 213 213 237 
251 251 
84 109 109 194 194 
106 
5 203 203 203 

129 129 152 
1 
101 145 145 204 204 204 
47 
5 244 244 
84 100 100 127 183 183 
228 228 228 
79 93 93 
50 94 94 94 
83 83 145 145 177 204 204 246 
5 5 5 5 68 68 227 
87 87 87 
203 
5 26 
188 
137 152 152 
206 206 
55 55 91 91 238 238 238 
26 26 70 70 98 210 210 
5 5 5 50 161 161 196 196 
7 
251 251 251 
203 203 251 251 
54 84 96 109 229 229 

104 104 
7 7 7 97 97 97 
71 71 228 
222 222 222 
227 227 
33 39 39 227 
175 175 
5 
18 18 34 63 80 80 119 202 202 
14 
4 4 4 
21 21 21 
26 26 178 
5 5 159 
149 151 151 165 165 203 203 203 
96 96 96 240 240 240 
106 106 113 113 204 
14 69 152 152 

25 45 45 81 81 81 153 153 
143 
33 44 44 
143 143 
14 14 18 18 24 31 31 31 47 48 48 60 60 60 104 119 119 146 146 157 157 163 163 163 223 223 223 
1 1 2 2 3 3 21 21 25 25 27 27 27 81 81 81 148 148 179 179 179 228 228 228 
93 176 241 241 
206 
74 
31 152 152 
1 1 164 
5 50 50 142 
81 81 251 
123 123 
238 
14 14 152 152 152 
1 1 1 158 232 232 232 232 
28 28 88 88 143 143 203 
20 20 98 209 209 
173 173 173 

26 37 70 
174 206 206 206 
75 205 
33 33 33 44 44 44 
81 81 81 167 167 167 176 
60 170 206 
30 30 135 135 196 
81 81 81 93 154 173 
113 204 
5 141 248 248 
153 153 153 
14 

9 9 30 30 30 196 196 
84 109 109 189 
21 228 228 

18 
40 40 
44 118 
84 84 183 196 196 196 
236 236 
51 76 76 205 
18 18 23 
237 237 253 253 
84 84 84 100 100 255 255 
43 204 245 245 
5 5 26 26 30 30 30 30 123 123 175 182 182 189 189 189 239 239 
11 33 


229 229 
93 
32 51 51 51 63 63 63 137 137 
5 5 7 7 17 36 40 40 74 74 74 81 92 92 102 102 102 116 126 126 143 143 143 165 220 220 251 251 252 252 
83 106 106 106 113 113 145 177 195 245 
29 29 75 171 191 
18 60 60 61 61 61 90 90 120 120 155 170 170 170 174 
5 26 
4 4 4 14 
98 98 98 166 166 
70 70 77 122 122 
33 
6 222 
98 98 98 
58 
8 
50 50 50 
75 233 
7 7 86 86 
33 33 
203 203 251 251 
5 
6 6 6 33 44 44 44 132 132 132 212 
69 76 152 152 152 
65 93 
24 

12 12 56 114 133 133 134 
8 8 8 21 81 85 85 110 110 110 131 153 153 153 184 184 
96 96 127 127 200 200 240 
30 30 
15 15 26 26 
164 164 164 164 
75 75 217 
5 5 5 
5 5 
0 0 60 76 190 190 
26 26 87 87 87 98 193 193 253 
5 55 55 55 81 91 91 91 121 121 121 162 
196 196 
96 96 144 144 144 229 
93 93 154 154 
63 63 90 
5 5 5 42 
5 108 108 
22 22 43 58 58 195 195 204 
113 
8 
178 178 
70 70 

81 99 99 125 125 125 126 126 160 203 203 220 220 
58 203 203 
87 87 193 193 237 
5 5 
194 194 
