Nodes: 256, Edges: 632
60 236 236 
21 21 21 105 105 153 153 158 164 164 164 
153 153 
81 81 238 
14 18 32 32 208 208 
12 26 26 42 46 46 50 50 68 68 81 81 81 94 94 98 98 98 102 103 108 114 114 114 114 117 117 117 123 123 123 133 136 142 143 143 178 178 196 196 203 203 203 207 227 234 234 235 238 238 238 243 243 254 254 
222 
41 41 74 86 86 130 130 203 203 218 218 
71 81 81 168 168 215 247 247 
182 
14 
33 33 
5 227 
33 33 
4 10 18 32 51 51 51 107 138 138 146 146 152 152 163 163 180 208 208 208 
26 231 
78 78 89 89 93 93 
84 84 84 84 
4 14 51 51 60 90 90 90 137 137 152 152 186 192 
62 62 
98 166 166 
1 1 1 52 65 65 140 140 153 153 153 184 184 228 228 
245 245 
192 192 192 
152 225 
81 
5 5 15 33 33 33 67 67 72 82 84 87 98 108 122 141 141 185 231 231 237 237 
153 153 
88 165 
205 
64 64 64 175 182 196 196 230 230 230 
152 152 157 
4 4 14 
11 11 13 13 26 26 26 37 37 46 73 73 77 134 172 172 197 219 219 219 222 222 
137 137 
53 
203 203 203 
33 33 122 122 169 
42 42 
134 134 
203 203 
7 7 
5 38 38 81 81 81 243 
195 195 245 245 
59 150 150 150 172 172 172 172 188 188 188 222 222 222 
148 148 153 153 153 
5 5 33 77 
107 152 152 
58 
84 84 84 
5 5 108 112 123 159 159 159 216 216 216 
14 14 14 18 18 191 202 202 202 202 
21 
35 81 81 
127 127 
121 238 
227 227 
79 93 93 154 154 
48 203 203 214 245 245 252 252 252 
44 
0 18 76 76 76 120 152 152 152 174 174 174 174 206 206 236 
206 206 206 
19 19 
90 90 90 137 242 242 
30 30 30 
21 21 81 81 

26 26 
5 5 114 114 114 
146 223 223 
122 169 249 
8 228 
26 
33 33 
7 156 156 203 
203 203 217 217 233 233 
60 60 60 191 223 223 223 236 236 236 
33 46 134 210 
16 16 89 89 89 93 93 95 95 95 
57 

3 3 5 5 5 8 8 25 42 42 42 53 53 65 65 93 93 148 148 148 153 153 153 160 160 162 173 173 176 203 228 228 228 238 238 238 251 251 
26 
113 113 204 
17 17 17 17 26 49 49 49 100 100 109 127 127 194 194 
228 228 
7 7 203 203 218 218 
26 115 115 115 237 237 237 237 253 253 
28 165 203 203 203 203 203 
16 16 78 78 78 
18 18 18 63 63 63 206 206 242 242 
121 
203 203 203 
16 16 57 57 78 78 81 81 111 111 154 154 154 176 176 201 201 224 224 241 
5 5 243 
78 78 78 
127 127 127 229 229 229 240 
130 130 
5 5 5 20 26 122 166 166 209 209 209 213 213 213 213 237 237 237 
251 
84 84 109 183 194 194 198 198 198 

5 203 203 234 234 234 
5 
129 152 
1 1 
145 145 204 204 204 
14 47 119 119 152 152 
5 26 50 244 244 
84 100 127 183 183 
228 
93 93 
50 
83 83 145 145 177 204 246 246 
5 5 5 5 68 68 68 227 227 227 
87 87 87 
203 203 
5 5 5 
188 188 188 
107 107 137 152 
60 170 206 
55 91 238 238 
26 37 37 70 98 
5 5 5 50 161 161 196 196 196 

251 251 
203 251 
54 54 84 84 96 96 96 109 189 216 229 229 229 
228 
104 
7 7 97 97 
228 228 
222 222 
5 227 227 
33 39 39 77 

5 
18 18 34 34 63 119 202 
14 14 

21 21 
26 26 
5 
5 5 149 149 149 151 165 203 203 

106 106 113 113 204 204 
14 14 69 152 
171 
45 45 81 81 81 153 153 
143 143 143 
44 44 44 
143 
14 14 18 18 24 31 31 47 47 60 60 60 104 107 107 119 146 157 157 163 163 163 223 223 223 
1 1 2 2 21 21 21 27 27 45 45 45 81 81 81 148 148 179 228 
57 57 93 93 93 
206 206 
74 74 199 199 203 203 
31 152 152 
1 164 164 164 
50 50 50 
81 81 251 
123 123 
81 238 
14 14 152 152 152 
1 1 1 158 158 158 232 232 
28 88 143 203 
20 20 98 98 209 
173 173 173 
8 8 
37 70 
120 174 174 206 206 
147 205 205 
33 33 44 44 44 44 
81 81 167 167 167 176 
60 60 60 60 170 170 206 
30 196 
81 93 93 173 
113 204 
5 5 248 248 
153 
14 
203 
9 30 196 
100 109 109 
21 21 
26 
18 

44 44 44 118 118 118 
127 196 196 196 
236 236 236 
51 76 205 205 
18 23 23 23 
237 237 237 253 
84 84 100 100 255 255 
43 43 204 245 245 
5 5 30 30 123 123 123 175 182 189 189 189 239 
33 
100 100 100 
156 156 
229 229 229 
93 93 
51 51 51 51 137 
5 5 5 7 7 36 36 36 40 40 58 58 74 75 75 81 86 86 88 88 88 88 88 92 92 92 102 102 116 116 126 143 143 156 156 165 181 214 251 
83 106 106 106 113 145 145 177 195 245 245 245 
29 171 171 191 191 
60 60 61 61 61 90 90 120 155 155 170 170 174 250 
5 
4 4 14 14 14 
98 98 98 166 
77 

222 222 222 
98 98 98 98 
58 203 
8 
50 50 50 127 
75 75 233 
7 7 86 86 
33 33 33 
251 251 

6 33 33 44 44 44 132 132 212 212 212 
69 69 76 76 76 152 152 152 
93 93 
24 

5 12 56 56 114 114 114 133 133 
21 21 71 81 81 81 85 85 110 128 131 131 153 
96 96 96 127 127 127 200 200 200 240 240 
30 30 30 
15 26 26 
164 164 
75 75 217 
5 5 102 102 102 
5 
0 0 60 76 76 76 190 190 190 
26 26 87 87 87 87 98 98 98 193 193 193 
3 5 5 5 55 81 81 81 121 121 162 
196 
96 229 229 
93 
63 63 90 90 
5 5 42 94 
108 108 
22 22 43 43 58 58 195 195 204 204 204 251 
113 113 
8 8 
178 178 
70 
206 
81 81 99 125 125 126 160 203 220 220 245 
58 58 58 
87 87 193 
5 5 
194 194 
