Nodes: 256, Edges: 632
60 60 236 236 
21 21 105 105 105 153 153 158 158 164 164 164 
153 153 
81 153 153 
14 14 14 18 18 32 32 139 139 139 208 208 
12 12 12 26 26 46 50 50 68 68 68 81 81 94 94 94 102 103 114 114 114 117 133 133 133 136 136 143 178 178 221 227 227 234 235 243 254 254 
212 222 222 
41 41 74 74 86 97 97 97 124 130 203 203 218 218 
71 81 168 168 215 228 228 228 247 
182 182 
14 51 
33 197 
5 5 5 227 227 
33 37 
4 4 4 10 18 47 47 51 51 51 138 138 139 146 146 152 163 180 208 208 
231 231 
93 
66 84 84 84 84 84 
4 4 14 51 60 60 90 137 137 137 152 152 152 186 186 192 206 
62 62 
98 98 166 166 166 
1 1 45 52 52 65 65 65 65 153 153 184 184 228 228 228 
245 
192 192 
152 
81 81 148 153 153 
5 5 33 33 44 59 62 67 72 82 82 82 84 84 84 98 98 108 117 117 117 122 122 122 141 196 237 
153 153 
88 88 88 

64 175 175 182 182 196 196 230 
152 152 157 157 
4 4 
11 13 26 26 37 44 73 73 77 150 172 172 197 197 211 211 219 219 219 222 222 
137 
53 81 
203 203 
13 33 122 169 169 185 

134 134 134 

7 7 
81 81 
195 195 195 245 
26 33 59 172 172 172 188 188 222 
21 148 148 153 
5 
14 14 107 152 
58 58 58 
84 
5 5 159 159 159 216 
10 14 14 14 18 63 202 202 202 
21 21 
35 81 81 
127 
121 121 238 238 238 
94 227 227 227 
79 93 93 93 154 154 
48 48 48 104 104 203 214 214 245 245 245 252 
26 44 
0 0 18 18 76 76 152 152 152 174 174 174 174 206 206 206 236 
90 206 206 206 
19 19 26 
51 90 137 137 137 202 202 202 242 
30 
21 21 21 21 81 
17 
26 
5 5 5 114 
146 223 223 223 
122 122 210 249 249 249 
8 131 228 228 247 
26 
33 33 
7 7 156 203 203 
205 217 233 233 
60 60 191 191 223 223 236 236 236 236 
33 210 210 210 210 
89 89 93 93 95 95 95 
57 111 
137 
3 5 5 8 25 25 35 42 42 53 53 65 148 153 153 153 160 173 176 176 203 203 203 228 228 238 238 251 
26 26 26 
113 113 113 204 
17 17 17 17 17 26 26 26 49 100 109 109 127 127 183 189 194 194 194 194 
228 228 228 
7 203 203 218 218 
115 115 237 237 237 237 
28 28 28 165 203 203 203 
78 78 
18 61 63 206 206 242 242 
121 121 121 238 238 
203 203 
16 57 57 57 78 78 111 154 154 176 176 201 201 224 241 241 
5 5 5 56 112 112 112 243 
78 78 78 
127 144 144 229 229 229 240 
7 7 7 130 130 130 
20 20 26 26 166 209 209 209 237 237 
251 
84 109 109 194 
106 
5 234 234 
5 
58 58 129 129 
1 1 1 
101 145 204 
47 152 
26 244 244 244 
84 84 100 100 127 183 183 198 
228 228 
79 93 
94 94 94 
83 83 83 145 145 177 204 204 246 246 
5 5 5 68 227 227 
87 87 
203 203 
5 26 26 26 
188 188 
152 152 152 
170 206 206 
55 55 91 91 91 238 238 238 
26 26 26 37 70 70 123 123 210 210 
122 122 161 196 
7 
251 
251 251 251 
54 84 84 96 109 187 187 189 189 229 229 
228 228 228 
104 104 
7 97 97 97 
71 228 
222 
5 5 5 227 227 227 
39 39 39 
175 175 
5 5 
18 18 18 34 63 63 63 80 202 202 202 
14 14 
4 4 4 14 

26 

5 203 203 
96 96 240 240 240 
106 113 113 204 
14 14 69 152 152 152 
171 
25 45 45 81 153 153 
203 203 
33 
153 228 228 
14 18 18 18 24 31 31 47 60 60 60 107 119 119 119 146 146 146 157 163 223 223 223 
1 1 2 2 3 3 21 21 25 25 27 27 45 81 81 81 148 148 151 179 228 228 
57 57 93 93 176 176 176 
206 206 
74 199 199 199 203 203 
31 31 152 
1 1 164 164 164 
50 50 50 
81 251 
123 
238 238 238 
14 152 
1 1 1 158 158 158 232 
88 203 
20 20 20 98 209 209 
173 173 
8 8 
37 37 
120 174 206 206 206 206 
147 205 
33 33 44 44 44 
81 167 167 176 
60 60 60 60 170 206 206 
30 30 135 135 196 
81 81 93 93 154 154 154 173 
113 204 204 
5 5 248 248 
153 
14 

9 9 30 30 
84 109 109 
21 21 228 
37 
18 18 
127 127 
44 44 118 118 
84 127 127 196 
236 236 
76 76 205 
18 23 23 
237 253 253 253 
84 84 84 84 100 255 255 255 255 255 
43 43 43 204 204 245 245 
26 30 30 123 175 189 239 
11 33 33 
109 
156 156 156 
229 
93 93 
51 51 51 63 63 63 137 137 137 
7 7 36 36 58 74 74 81 81 81 86 86 88 88 88 92 92 116 116 143 143 149 149 156 156 165 220 251 251 252 252 
83 106 113 113 145 177 177 195 195 245 245 
75 171 191 
18 60 60 60 61 61 61 90 90 120 120 155 155 170 170 170 170 174 174 250 250 

4 4 14 14 
98 98 98 166 166 
70 77 77 77 77 122 122 
33 33 
6 222 

58 58 
8 
50 
75 
7 7 86 86 
33 33 33 
203 251 
5 
6 6 33 33 44 132 212 
69 69 69 76 76 152 152 152 
93 


5 5 12 12 56 56 56 114 114 133 133 133 
8 8 8 21 21 21 71 71 81 81 85 85 85 110 110 128 128 128 131 151 151 153 153 184 
96 96 96 127 127 200 240 240 240 
30 
15 15 
164 
75 75 
5 102 102 
5 
0 0 60 76 76 76 76 190 190 
26 87 87 87 87 98 98 193 253 253 
55 55 55 81 81 91 91 121 121 121 162 162 162 
196 
96 144 144 144 229 229 229 
93 93 
63 90 90 
5 94 
108 108 108 
22 43 58 58 58 195 195 204 204 
113 113 
8 71 
178 178 
70 70 70 
206 206 
81 99 125 126 126 126 160 203 203 220 
58 203 203 
193 193 193 237 237 
5 5 
194 194 194 194 194 
