Nodes: 256, Edges: 632
60 60 236 236 236 
21 21 105 105 153 153 164 
153 153 
81 153 
18 18 32 32 139 139 208 
12 12 12 12 26 26 26 38 42 42 46 68 68 81 81 94 98 98 103 108 108 114 114 114 114 117 123 133 136 136 142 142 143 143 159 178 178 196 203 203 221 227 227 235 238 238 238 244 254 254 
212 222 222 
41 41 41 74 74 86 86 124 130 130 130 203 218 218 226 
71 71 71 81 81 168 215 228 228 247 247 
182 

33 
5 5 5 5 
33 37 37 
18 18 32 47 47 51 107 139 146 146 146 152 152 163 180 180 208 208 
26 26 231 231 231 
78 78 89 89 93 
66 84 84 84 84 
4 4 14 14 51 51 60 90 90 90 137 137 152 186 192 192 206 
62 
98 166 166 
1 1 45 52 140 140 140 140 153 153 153 184 184 228 
245 245 
192 192 
152 152 
81 
5 5 5 15 15 33 44 59 59 59 62 62 67 67 72 72 82 82 84 87 98 98 108 108 117 117 122 122 141 141 141 169 185 196 196 207 207 231 231 237 
153 153 
165 165 
205 
64 175 175 182 182 182 196 196 230 
152 152 157 
4 4 14 
11 13 26 37 44 73 73 150 150 150 197 211 211 219 219 222 
137 
53 53 81 
203 203 
13 13 33 122 122 169 169 
5 42 42 

187 187 203 
7 7 7 
5 5 38 38 81 81 81 162 243 
195 195 195 245 
26 33 59 150 150 172 172 172 172 188 222 222 
21 153 153 153 
5 
14 14 152 152 
58 
84 84 84 
159 159 159 
14 18 18 63 191 202 202 
21 
35 35 
127 127 
121 238 
227 227 
93 93 93 154 154 
48 203 214 245 245 252 252 
26 26 26 44 
0 0 18 76 152 152 174 174 174 206 206 206 
90 138 206 206 
19 26 26 
51 90 90 137 137 202 242 242 242 
30 
81 224 
17 
26 26 108 
5 5 114 114 
146 146 223 223 223 
122 122 210 210 210 249 249 
8 8 8 131 228 228 247 
26 26 
33 33 
7 7 
171 171 205 205 217 233 233 
60 191 191 223 223 223 223 236 236 236 236 

16 16 89 89 93 93 93 95 95 95 95 
111 111 
137 
3 5 5 8 8 25 35 42 42 42 65 93 93 148 148 148 148 148 153 153 153 162 173 173 176 203 203 228 228 238 238 238 
26 26 
113 204 204 
17 17 17 17 26 49 49 49 100 100 100 109 127 127 189 194 194 
228 
7 7 203 203 203 218 218 
26 115 237 237 253 
203 203 203 
16 16 78 78 
18 18 18 61 63 63 206 206 206 242 
121 121 238 238 238 
203 
16 57 57 57 78 78 78 81 81 111 111 154 154 176 176 176 224 241 
5 112 243 
78 78 78 78 
127 144 144 144 229 229 229 240 240 240 
130 130 
5 5 20 26 26 122 166 209 209 213 213 237 237 237 
251 
84 84 84 109 109 194 198 198 

203 203 234 234 
5 221 
129 129 
1 1 
145 145 145 204 
14 119 152 
5 5 26 26 67 244 244 
84 100 100 127 127 
228 228 
79 79 93 93 
94 
83 145 145 177 177 204 204 246 
5 5 5 5 68 68 227 227 
87 

5 26 26 

107 137 152 152 152 
170 206 
55 91 91 238 238 238 
26 26 37 37 70 70 98 210 
5 196 196 
7 
251 
251 251 251 
54 54 84 84 96 109 109 189 216 229 229 229 
228 228 228 
104 104 
7 7 7 97 97 
71 228 228 
222 222 
5 227 
227 227 227 227 
175 
5 5 
18 18 34 63 63 80 119 202 202 
61 
4 4 14 
21 21 21 21 
26 26 26 178 
5 5 159 
5 5 149 149 151 151 165 165 203 203 
96 96 96 240 240 
106 106 106 113 113 204 
14 14 14 69 69 152 
171 
81 81 81 81 81 153 153 
143 143 203 203 
33 33 33 44 44 
143 143 
14 14 18 24 24 31 31 47 47 60 60 107 119 119 119 146 157 157 157 163 163 
1 1 2 2 3 21 21 21 27 27 45 45 45 81 81 81 148 148 179 179 228 228 228 
57 57 93 93 176 241 
206 206 206 

31 152 152 152 
164 164 
5 50 50 50 142 
251 

42 81 238 238 
14 152 152 
1 158 158 232 232 232 232 
28 28 143 143 203 203 
20 20 98 209 
173 
8 
26 37 37 
120 206 206 206 206 
75 75 147 205 
44 44 44 44 
81 81 167 
60 60 60 206 206 
30 30 135 196 196 
81 93 93 93 154 
113 113 204 204 
5 5 141 248 248 248 
153 153 
14 14 

9 30 30 30 196 196 
189 
21 21 
26 
18 
40 40 
44 
84 127 183 196 196 
236 236 236 
51 76 76 
18 18 23 23 
237 
84 84 100 255 255 255 
43 43 43 204 245 245 
5 26 26 30 30 123 123 175 175 182 182 189 189 239 239 
33 
100 100 

229 

51 51 63 137 137 
5 5 7 36 36 40 58 81 81 86 86 86 88 88 88 92 102 102 143 143 149 149 165 165 214 220 220 251 251 251 
83 83 106 113 113 145 177 177 195 245 245 
29 75 75 171 
18 60 60 60 61 61 90 90 90 120 155 155 155 170 170 170 170 174 174 250 
26 26 
4 14 14 
98 98 166 
70 70 70 122 
33 33 
6 222 
98 98 
58 203 
8 
127 
75 233 
7 7 86 86 
33 33 
203 203 251 251 
5 103 
6 6 33 44 44 132 132 212 
69 69 69 76 76 76 76 
65 93 

7 
5 5 56 56 114 114 133 134 134 134 134 
8 8 21 71 71 81 81 85 110 110 128 128 128 131 131 153 153 153 
96 96 96 127 127 127 200 240 
30 
15 15 15 26 26 
164 164 164 164 
75 75 217 
102 102 
5 
0 0 0 76 76 76 76 190 190 190 
26 87 87 98 98 98 193 253 253 
5 5 5 55 81 81 81 91 91 91 121 121 121 162 162 
196 196 
96 96 96 144 144 229 
93 154 
63 63 63 90 
42 94 
5 108 108 
22 22 43 58 58 195 195 204 204 
113 
8 8 71 
178 178 178 
70 70 
206 
99 125 126 126 126 160 203 203 203 220 220 
58 58 
87 237 237 
5 5 
194 194 194 
