Nodes: 256, Edges: 632
60 60 236 236 
21 21 105 105 105 153 158 164 
153 153 
153 153 153 153 
14 14 14 14 18 32 139 139 208 
12 12 12 26 26 26 38 46 46 50 68 68 94 94 98 98 98 102 102 103 103 108 114 114 117 123 133 133 136 142 142 142 143 159 181 203 203 221 227 227 227 234 234 235 235 235 243 243 254 
222 
74 74 74 86 86 86 97 97 124 124 130 130 203 218 218 218 
71 71 81 81 168 215 215 228 228 228 247 247 

14 
33 197 
5 5 5 
33 37 37 
4 4 4 4 10 32 47 47 51 107 138 138 139 146 152 163 180 208 208 
26 26 231 231 
78 78 89 89 93 93 
66 84 84 84 84 84 
4 60 60 90 137 137 137 152 152 152 186 186 192 206 
62 62 
98 98 
1 1 45 52 52 65 65 65 140 140 153 153 184 184 184 184 

192 192 
152 225 
81 148 153 153 
5 5 5 15 15 33 33 33 44 44 59 59 62 62 67 72 82 87 87 87 98 108 108 117 117 122 122 141 141 185 196 196 231 237 237 

88 165 
205 
64 64 64 182 182 182 196 196 230 
152 152 152 152 
4 14 
11 13 26 26 26 37 37 44 46 73 77 77 134 134 134 150 172 172 197 197 211 219 219 222 

53 81 
203 
13 13 33 33 122 122 169 185 
5 42 
134 134 
187 187 187 187 187 203 

38 125 
195 245 
26 26 33 59 59 150 188 
21 148 153 153 
5 5 33 
14 14 152 

84 84 
5 108 216 216 
14 202 202 202 202 202 
21 21 
35 81 
127 
121 238 
94 227 227 
93 93 154 154 154 
203 203 203 203 214 214 245 245 252 252 252 
26 26 44 44 
0 0 18 18 152 152 152 174 174 174 206 236 
90 138 206 206 
19 19 26 26 
90 137 202 
30 30 30 
21 21 21 81 
17 
26 
5 5 114 114 114 
146 146 146 223 223 223 
122 210 249 249 249 
8 8 131 228 247 247 
26 
33 
7 7 7 156 203 203 203 
203 217 217 
191 191 223 223 223 236 236 236 236 
33 33 210 210 
16 16 89 89 89 93 95 95 95 
111 
137 
8 8 25 35 53 65 93 93 148 148 148 148 148 153 153 153 160 160 160 162 173 176 176 176 228 228 228 238 238 
26 
113 113 113 204 
17 17 17 17 17 49 49 100 100 109 109 127 127 127 183 189 189 194 194 
228 
7 7 7 203 203 218 218 
26 26 26 115 237 237 237 237 253 253 
28 165 165 203 203 
16 16 78 78 78 
18 61 63 206 206 242 242 
121 121 121 238 
203 203 
16 16 57 57 78 81 81 111 111 154 154 176 201 224 241 
5 5 56 112 112 112 243 
78 78 78 
127 127 144 144 144 229 229 229 229 229 240 240 
7 7 130 130 
5 5 5 20 20 26 122 166 166 209 209 209 213 213 237 237 
251 251 
84 84 109 109 109 194 198 198 198 
106 
5 5 203 234 
5 5 221 
129 129 
1 1 1 
101 145 145 145 204 204 204 
14 119 
5 26 26 50 244 244 244 
84 84 100 100 100 127 183 198 198 
228 228 
79 93 93 
94 94 94 
83 83 83 145 177 177 204 204 204 
5 5 68 68 68 
87 

5 26 26 
188 188 188 
107 137 152 152 152 
170 170 206 206 
55 91 91 91 238 238 
26 26 37 37 70 98 123 210 
5 122 161 161 196 
7 7 
42 
203 203 251 251 251 
54 84 84 84 96 96 109 189 189 229 229 
136 
104 104 
7 7 97 97 
71 228 228 228 
222 222 222 
5 5 227 
33 33 33 39 39 227 
175 175 
5 128 
18 18 18 63 80 119 202 202 
14 14 61 
4 4 14 
21 21 
26 26 
5 5 5 
5 149 151 151 165 203 203 203 217 
96 96 96 240 240 
106 106 106 113 204 
14 69 69 69 152 152 

25 45 81 81 81 81 81 153 153 153 
143 
33 44 
143 143 
14 18 18 18 24 31 31 31 31 47 60 60 60 119 119 119 146 146 157 157 223 223 
1 2 2 3 3 3 3 21 21 25 25 45 45 81 81 81 148 148 148 179 179 228 
57 57 57 93 93 241 241 241 
206 
74 199 199 199 203 203 
152 152 
1 164 
5 
81 81 81 
123 123 
81 238 238 
14 
1 158 232 
28 88 88 143 
98 98 209 209 
173 173 173 
8 
37 
120 120 174 206 206 206 
205 
33 33 
81 167 167 167 176 176 176 
60 60 60 170 206 
135 135 196 196 
81 81 81 93 173 173 173 
113 113 
248 248 248 
153 153 
14 
5 203 
30 30 30 196 
84 109 
21 21 21 21 
26 37 
18 18 
40 40 40 40 40 
44 118 118 118 
84 84 127 127 196 196 

76 76 205 
18 23 23 
237 237 253 
84 84 100 255 255 255 
43 204 204 245 245 
26 26 30 30 123 175 175 182 189 189 239 239 
11 33 33 
100 100 100 109 109 
156 156 156 
229 
93 
51 51 51 51 51 63 137 137 
5 5 7 36 40 58 58 58 58 74 74 74 75 86 86 88 88 92 92 102 126 126 143 143 143 156 156 181 220 220 251 251 251 252 
83 106 106 106 113 113 113 145 195 195 245 245 
29 171 191 
18 60 61 61 90 90 120 120 155 170 170 170 174 250 

4 14 14 
98 98 98 166 166 
70 77 77 122 
33 
222 
98 98 
58 58 
8 8 
50 50 
75 75 143 233 
7 7 7 86 86 
33 33 
203 203 
5 103 
6 33 132 132 132 212 
69 69 69 76 76 76 152 152 
93 
24 

5 5 5 56 56 133 134 
8 8 8 71 81 81 81 85 110 110 131 131 131 153 
96 96 96 96 96 127 127 200 240 240 
30 
15 15 26 
164 
217 
5 5 102 
5 5 5 
0 0 60 76 76 76 76 
26 26 87 87 87 87 98 98 193 193 253 253 
55 81 81 91 121 121 162 162 
196 196 
96 96 144 144 229 229 
93 154 154 154 
90 90 
5 5 94 
108 108 108 
43 58 58 195 195 204 204 

8 8 71 71 
178 178 178 
70 70 70 
206 
99 99 126 126 126 203 203 203 
58 58 58 203 
87 87 193 237 237 
5 
194 194 194 
