Nodes: 256, Edges: 632
60 236 236 
21 105 164 164 
153 153 
81 81 
14 14 14 32 32 32 139 139 139 139 139 208 208 
12 12 12 12 26 26 38 38 42 42 42 46 50 50 68 81 81 94 94 94 98 102 102 102 108 108 114 114 114 114 114 117 117 123 123 133 136 136 142 142 143 143 159 178 203 203 203 207 221 221 227 227 227 234 234 235 235 238 238 243 243 244 254 254 
212 222 222 222 
41 41 74 86 86 86 97 97 124 130 130 203 218 218 226 
71 81 168 168 215 215 228 228 228 247 
182 182 182 
14 
33 33 197 
5 5 5 5 227 227 
33 33 
4 4 4 10 18 18 32 47 47 51 51 51 107 138 138 139 139 146 152 152 152 163 180 180 208 208 
26 231 231 
78 78 89 89 93 93 
66 84 84 84 
14 14 51 51 51 60 90 90 152 152 152 186 186 192 206 206 
62 62 
98 166 
1 52 65 65 140 153 153 
245 245 245 
192 192 192 
152 225 
81 81 148 148 148 153 
5 5 15 33 33 44 59 62 72 82 84 84 87 98 98 108 117 117 122 122 122 141 141 169 185 196 237 237 237 
153 153 
88 165 
205 
64 64 64 175 182 196 230 
152 152 157 157 
4 4 4 14 202 
11 11 13 13 26 26 37 73 73 73 77 77 77 150 150 172 211 219 222 
137 
53 
203 203 203 
33 122 169 
5 5 42 42 
134 
187 187 203 203 203 
7 7 
5 5 5 38 38 81 243 
195 195 195 245 
26 59 59 150 172 172 172 188 222 
153 153 
5 
14 14 107 152 152 
58 
84 
5 5 112 159 216 216 216 216 
14 14 14 18 18 18 202 202 202 
21 
35 
127 127 127 
121 121 
227 227 227 
79 93 154 
48 104 203 203 203 203 214 214 245 252 
26 44 44 
0 18 76 76 152 174 206 206 236 236 236 
206 
19 19 26 
90 137 242 
30 30 30 
21 21 224 
17 

5 
223 223 223 223 223 
122 210 249 249 249 
8 131 131 228 
26 
33 33 33 
7 203 
171 205 217 217 217 233 
60 60 191 191 223 223 236 236 236 236 
33 33 33 210 210 
16 16 89 93 95 95 95 95 
57 111 111 
137 137 137 
3 3 5 5 8 25 25 42 93 93 148 148 148 153 153 153 173 173 176 176 203 203 203 228 228 238 251 
26 
113 113 204 204 
17 17 17 26 26 49 100 100 109 127 127 194 194 194 
228 
7 7 7 203 203 203 218 218 
26 115 237 237 
28 165 203 203 
16 16 78 
18 18 63 206 242 
238 

16 16 57 78 81 81 111 111 111 154 154 154 176 176 201 201 201 241 
5 5 5 112 243 243 243 
78 78 78 78 
127 127 127 144 229 229 229 229 229 240 240 
7 7 130 
5 20 26 26 122 166 209 209 213 213 237 237 
251 251 251 
84 84 109 198 
106 
5 5 5 203 203 234 

58 129 129 129 
1 
101 145 204 
14 47 119 
5 5 26 244 
84 100 127 183 183 198 198 198 
228 
79 79 93 93 93 
50 94 
83 83 145 145 177 177 177 204 204 204 246 246 246 
5 5 5 5 5 227 
87 

5 5 26 26 
188 188 188 
107 152 152 152 
170 206 206 206 
55 55 238 238 238 
26 26 26 37 70 98 123 210 
5 5 122 161 196 
7 
251 251 251 251 
203 251 251 251 
54 54 54 84 84 96 96 96 109 187 229 
228 
104 104 104 
7 7 97 
71 71 
222 222 
5 227 227 
39 227 227 
175 
5 5 
34 63 80 80 80 202 
14 14 
4 4 4 4 4 14 14 
21 
26 26 
5 5 
5 5 149 165 165 203 203 203 
96 240 
106 113 113 204 204 
14 152 152 
171 
25 25 25 81 81 81 153 
143 203 
33 33 44 
153 
14 14 14 18 18 18 24 31 31 47 47 60 119 119 119 146 146 157 157 163 163 223 223 223 
2 2 21 21 25 27 27 45 45 81 81 81 148 151 179 228 228 
57 93 93 93 241 241 
206 206 
199 199 199 
31 31 152 152 
164 164 
5 50 
251 
123 
238 
14 152 152 
1 1 158 158 232 232 
28 88 143 143 203 203 
20 98 209 
173 173 173 
8 8 
26 37 
120 174 206 206 206 
75 147 205 205 
33 44 44 44 
81 81 167 167 167 176 
60 170 206 
30 135 196 196 
81 81 93 93 173 
113 113 113 204 204 
5 248 248 
153 
14 14 
203 
9 9 9 30 196 196 196 
109 109 
228 228 
26 
18 18 
40 40 127 
44 118 118 118 
196 196 196 
236 236 236 
76 76 205 205 
18 23 23 23 
237 237 253 253 253 
84 84 84 255 255 
43 43 43 204 204 204 245 245 
26 30 123 175 175 182 182 182 189 189 189 239 
11 
100 109 109 109 
156 156 156 
229 229 
93 93 93 
32 51 51 51 137 
5 5 5 7 36 36 36 40 40 40 58 58 58 58 74 81 81 81 86 86 86 88 88 102 102 126 143 143 143 149 165 165 181 251 251 251 252 
83 83 106 113 113 113 145 145 177 177 195 195 195 245 
29 75 171 171 191 191 
18 18 60 60 61 90 120 120 120 155 155 170 170 170 174 250 250 250 
5 
4 4 14 14 
98 98 166 
70 77 77 122 
33 
6 222 
98 98 
58 58 
8 8 
50 50 50 50 
75 75 75 233 233 
7 7 86 86 
33 

5 5 
6 6 6 33 44 132 132 212 
69 69 69 69 69 76 76 152 152 152 
65 
24 
7 
5 5 5 12 12 56 56 56 114 133 133 134 134 
8 8 8 71 81 81 85 110 128 153 153 184 184 
96 96 96 96 96 127 200 200 240 
30 
15 15 
164 164 
75 217 217 
5 5 102 
5 5 
0 0 60 60 60 76 76 76 76 190 190 190 
26 26 26 87 87 98 98 193 193 253 253 
5 5 81 91 121 121 121 162 
196 
96 96 144 229 
93 154 154 
63 90 
5 5 42 94 94 94 
5 108 
22 22 22 43 58 195 195 204 251 
113 113 113 
8 
178 178 
70 70 70 
206 206 206 
81 99 99 99 125 125 125 125 126 126 126 160 203 203 203 245 
58 203 
193 193 193 237 237 
5 5 
194 194 
