Nodes: 256, Edges: 632
60 60 236 236 
21 21 21 105 105 153 158 158 164 164 

81 81 153 153 153 238 
14 14 14 18 18 32 139 139 139 139 208 208 
12 26 26 38 38 42 42 42 46 50 50 68 68 81 81 81 94 94 94 98 102 108 108 114 114 114 114 123 123 133 133 133 136 136 136 142 143 143 159 159 181 196 203 203 207 221 227 227 234 234 235 238 238 238 254 254 
212 222 222 222 222 
41 74 97 124 203 203 203 
71 71 71 81 81 168 168 215 215 228 
182 

33 33 197 
5 
33 33 33 
4 4 4 18 18 18 32 32 32 51 107 138 138 139 146 146 152 152 163 180 180 208 208 
26 26 26 231 231 
78 78 78 89 89 89 93 
84 84 84 84 
4 4 14 14 14 51 60 60 90 90 152 152 152 186 186 192 206 

98 166 
1 1 1 45 52 65 65 140 140 140 153 153 184 184 184 228 228 
245 
192 192 
152 152 225 
81 148 148 153 
5 5 15 15 15 33 44 59 62 62 62 67 67 72 82 82 84 84 84 98 98 108 117 117 122 122 141 185 196 196 231 231 
153 153 
88 88 165 165 
205 205 
64 64 175 175 182 182 196 196 196 230 230 
152 157 157 
4 14 14 14 202 
11 11 13 13 13 26 37 44 73 77 77 77 150 150 150 172 197 211 219 222 222 
137 
53 53 81 
203 203 203 
33 169 169 
5 5 42 42 
134 134 
187 187 203 203 
7 
5 5 5 38 38 81 81 162 243 243 
195 245 
26 33 59 59 150 150 172 172 172 188 188 188 222 222 
21 153 
5 
107 152 152 152 
152 
84 
5 5 159 159 159 159 159 216 216 
14 18 63 202 202 202 
21 
35 35 81 81 81 
216 
121 238 
227 227 
79 93 
104 104 203 203 214 214 245 252 252 252 
26 44 44 
0 0 18 18 76 120 152 152 174 174 174 174 206 236 
90 138 206 
26 26 26 
51 90 137 202 242 242 
30 30 
21 21 

26 26 
5 5 114 
146 146 223 223 
122 210 210 249 249 
8 8 8 247 247 
26 
33 
7 156 156 203 
171 203 205 205 217 
60 191 191 191 223 223 223 236 236 236 236 
33 33 33 
16 16 16 89 89 93 93 95 
57 111 111 111 
137 
3 3 5 5 5 8 8 25 35 42 42 53 53 53 93 148 148 148 148 153 153 153 160 162 173 176 176 203 228 228 238 238 
26 26 
113 113 113 204 
17 17 17 17 26 26 26 49 100 100 127 127 189 194 194 194 
228 228 
203 203 203 218 218 
115 237 237 237 237 253 
28 28 165 165 203 
16 16 16 78 78 
18 18 61 63 242 242 242 
121 121 238 238 
203 203 203 
16 57 78 78 81 111 154 154 176 176 176 201 224 241 241 
5 5 5 112 112 243 243 
78 
127 127 229 229 240 
7 130 130 
5 20 26 26 122 166 166 209 213 213 213 213 237 
251 251 
84 84 109 109 183 194 194 198 198 
106 
5 203 234 
221 
58 58 129 129 
1 1 
101 145 145 145 204 204 
14 47 
5 5 26 244 244 244 244 
100 100 127 183 198 198 198 
228 228 228 228 
79 79 79 93 
94 94 
83 83 83 145 246 246 
5 5 5 5 68 227 
87 
203 203 203 
26 26 
188 
152 152 152 
60 170 170 
55 91 91 238 
26 26 70 98 123 123 210 
5 5 122 122 161 196 196 
7 
251 
251 251 
84 84 96 96 109 189 189 216 229 229 
228 228 
104 104 
97 97 
228 228 
222 222 
5 5 5 227 227 
39 39 

5 5 5 
34 63 80 202 202 
14 14 61 
4 4 4 4 14 
21 21 21 
26 
5 159 
5 5 151 203 203 203 
240 240 
106 106 106 113 204 204 
14 14 69 69 152 

25 25 81 81 81 81 153 153 
203 
33 33 33 44 44 
143 
14 14 18 18 18 24 24 31 47 47 47 48 60 60 119 119 119 146 157 157 163 223 
1 3 3 3 21 21 25 27 27 45 81 81 81 148 148 179 228 228 
93 93 176 176 241 
206 
74 74 199 199 203 
31 31 152 152 
1 1 164 
5 5 50 50 50 50 50 142 
81 251 251 
123 
42 81 238 238 
14 152 
1 1 158 232 232 232 
28 28 88 88 
20 98 98 209 
173 
8 8 
37 37 
120 120 174 174 206 206 206 
75 205 205 205 
33 44 44 44 
81 167 
60 60 60 60 170 170 206 
30 30 196 196 
81 81 93 93 93 154 154 
204 204 204 
248 248 248 248 
153 
14 14 
5 203 
9 30 30 196 196 196 
100 109 
21 21 21 
26 
18 18 
40 40 
44 44 44 118 
84 127 127 196 196 
236 236 
76 76 76 
18 23 23 
237 237 253 
84 84 84 100 100 255 255 
43 204 204 204 245 245 245 
5 26 26 30 30 30 123 123 175 175 182 182 182 189 189 239 239 
11 33 
100 100 109 109 109 
156 156 
229 229 229 
93 
32 51 51 51 63 137 137 
5 5 7 7 7 36 36 36 40 40 58 58 74 75 81 86 86 86 88 92 92 92 102 116 116 116 143 143 143 149 156 181 214 252 
83 106 106 145 145 177 177 177 195 195 195 245 
29 29 75 75 171 171 171 
18 60 61 155 170 170 170 174 250 
5 
4 4 14 14 
98 166 
70 70 122 
33 
6 
98 98 98 98 
58 58 203 
8 8 
50 50 54 127 
75 233 233 
86 86 
33 
251 
5 103 
6 6 6 6 33 33 44 44 132 132 
69 69 76 76 76 152 
93 
24 

5 5 56 56 114 133 133 
8 21 21 81 81 85 85 110 110 110 110 128 128 131 131 153 153 
96 96 127 127 200 200 200 240 240 
30 30 
15 15 26 26 
164 164 164 
217 217 
5 5 102 
5 
0 0 60 76 76 76 76 190 190 
87 87 87 87 98 193 193 
3 5 5 5 55 81 81 91 91 121 162 162 
196 196 
96 144 144 229 229 
93 93 154 
63 63 90 90 90 
42 42 94 94 
108 108 108 108 
22 43 58 195 195 195 204 
113 113 
71 71 
178 178 178 178 
70 70 
206 
99 99 125 126 126 160 160 220 
58 58 58 203 
87 193 
5 5 
194 194 
