Nodes: 256, Edges: 644
236 236 236 
21 21 21 105 110 153 158 164 
129 129 129 129 
228 228 238 
14 18 18 18 32 138 
38 38 38 38 46 46 50 50 50 56 68 68 91 91 91 91 94 94 98 108 114 123 123 123 133 133 133 159 159 161 161 178 196 196 203 203 227 234 234 235 235 238 238 244 244 244 248 248 
212 212 
41 74 97 124 125 203 203 203 
71 71 71 81 81 81 168 215 228 228 228 
182 182 230 
14 14 14 
33 33 
227 227 
33 33 
4 10 10 10 18 18 32 32 32 47 51 51 60 138 138 139 146 146 152 163 163 208 
26 231 
89 89 93 
66 66 226 226 226 
4 4 4 14 14 34 34 34 51 51 61 61 63 63 63 120 120 137 137 138 145 145 152 152 186 186 206 

166 166 213 213 
1 1 1 45 140 153 153 179 179 228 228 228 
204 204 204 245 
192 192 192 
107 107 152 223 
81 153 153 
15 33 44 44 59 62 67 72 82 82 87 98 98 108 108 117 122 122 141 141 141 196 207 207 213 237 
153 153 
88 165 
205 205 
64 64 175 182 182 196 230 230 230 239 
152 152 
4 14 14 14 138 138 138 
11 11 13 13 26 37 122 122 122 134 134 150 150 169 169 172 197 219 222 
18 18 18 137 
53 81 81 81 81 
74 
33 122 169 
5 5 5 5 
134 
203 203 
7 
81 81 81 125 151 151 228 228 228 228 228 243 243 
195 195 195 245 
26 26 59 59 73 73 73 73 118 188 219 222 222 
21 148 153 
5 5 103 103 103 103 103 
14 152 152 152 180 180 180 
152 
84 84 
5 5 5 
14 14 18 18 

35 81 
127 
121 238 
5 103 181 181 181 227 
154 154 
203 203 214 
26 44 44 
14 61 61 61 61 76 76 152 190 206 236 236 236 
18 18 60 60 60 60 206 206 
26 108 108 108 
18 18 18 90 90 137 137 202 202 242 242 242 
30 30 
81 81 93 
17 17 84 
26 
5 5 
146 146 186 186 186 186 
122 122 
8 8 8 131 131 228 247 
26 
44 44 44 44 
7 36 203 
147 171 171 205 205 217 217 226 233 233 
60 60 

86 89 89 93 
111 
137 
8 8 8 25 35 35 35 35 42 42 42 53 65 65 93 99 153 153 160 160 160 162 162 162 173 173 176 176 203 203 203 228 238 251 251 251 
26 26 
113 113 113 177 177 204 
49 49 66 100 100 109 127 127 183 183 183 189 
228 228 228 228 
78 203 203 203 218 
26 108 108 108 115 237 237 253 
28 165 203 203 203 
16 16 78 78 
63 63 186 206 242 242 
5 5 5 5 121 153 
203 203 
16 65 78 81 111 111 154 154 176 176 176 201 201 241 
5 5 112 112 112 243 243 243 

127 200 240 240 
7 130 130 
5 26 26 166 209 209 209 
81 228 
84 84 109 127 127 127 198 
145 204 
142 142 203 203 234 234 
46 46 46 46 46 56 
129 152 
1 

24 24 119 119 
5 26 26 62 62 62 87 87 87 
84 100 127 127 127 194 194 194 198 255 255 255 255 
1 153 153 153 
79 93 93 154 154 
94 94 94 
83 83 83 145 204 204 246 246 246 
5 227 227 
87 
203 203 
26 
44 
107 107 152 152 
18 18 206 206 
55 91 181 238 238 
26 26 33 33 33 37 70 70 210 210 
5 5 5 161 196 196 
7 
7 42 
203 
54 84 84 96 100 100 100 109 109 109 187 189 189 216 216 216 229 
251 
2 2 2 2 104 
97 97 
71 71 228 228 
222 222 222 
5 5 5 227 
33 33 39 


18 18 34 63 63 80 202 
4 14 14 18 32 32 32 
14 
21 
26 26 26 
102 102 
149 165 165 203 203 203 
200 200 200 240 
18 18 101 113 204 204 
14 14 69 69 152 223 
75 
45 153 
143 203 
33 33 
42 42 153 228 
14 18 18 24 31 31 47 47 47 48 60 104 119 119 146 163 163 223 225 225 
1 21 21 25 25 27 27 45 81 81 91 110 110 110 148 151 179 179 228 228 228 
57 57 93 93 111 111 176 
205 206 
199 199 203 
163 163 163 
1 164 164 
5 5 
81 81 81 227 
5 5 123 
81 81 81 
14 14 152 152 157 157 157 
1 158 158 232 
28 88 143 143 203 203 
20 20 98 209 
173 173 
8 
33 33 37 
174 174 174 206 206 
75 75 205 
33 
81 81 167 167 176 
170 170 170 206 206 
30 196 
81 81 93 93 93 154 173 224 
83 83 204 
5 
21 21 153 153 
47 47 47 
56 56 56 121 
9 9 30 30 
84 84 84 
228 

18 18 69 69 69 69 90 
127 
44 
84 127 127 216 216 216 
60 236 236 
205 205 205 
23 23 23 206 206 
200 237 237 237 253 253 253 
109 109 109 
43 43 43 204 204 245 245 
5 5 26 30 123 123 175 239 
33 
100 109 
156 156 
96 144 144 144 193 240 240 
93 93 
63 63 137 
5 5 7 7 7 40 40 58 58 74 81 81 81 86 86 86 88 88 88 92 92 102 102 116 116 126 143 143 143 149 156 165 165 220 220 251 252 
22 22 22 83 101 113 113 145 145 177 195 195 245 245 
29 29 75 75 155 171 191 191 191 
18 60 61 61 90 120 120 155 170 170 174 174 192 192 250 250 
26 26 
14 
98 98 98 166 
122 122 

6 6 222 222 222 222 
20 20 26 
58 252 252 
8 228 228 228 
127 127 127 189 189 189 
75 75 233 233 233 
86 
33 44 
203 203 251 
248 
33 44 44 132 132 132 212 212 212 212 
24 146 152 
176 
152 152 
17 17 17 75 
5 12 12 56 114 114 133 160 
3 3 8 8 8 21 21 21 42 42 42 42 42 71 81 85 85 85 85 99 131 131 151 153 153 153 184 215 215 215 
127 240 
9 30 30 30 
15 
164 
75 75 217 217 217 
5 5 102 102 254 254 254 
5 5 
0 0 0 60 60 60 190 190 
26 87 87 193 193 193 253 253 
3 5 5 55 81 121 121 
30 196 
96 96 144 200 200 229 
93 
63 63 63 90 90 
42 42 94 94 94 
5 5 5 
22 43 195 195 204 204 
113 113 113 
71 
5 5 221 

206 206 
81 81 81 128 203 220 
203 214 214 
87 193 193 193 237 237 
234 234 234 
109 109 109 109 
