Nodes: 256, Edges: 644
60 60 236 
21 105 105 110 153 153 158 158 164 164 232 
129 129 
81 81 228 228 238 
14 14 18 18 18 32 138 
26 26 38 38 38 38 42 42 42 46 46 46 50 56 68 68 68 81 81 91 91 94 98 98 102 102 108 114 114 117 117 123 133 141 143 159 159 161 196 203 203 227 227 227 234 234 235 235 238 243 244 244 244 248 
212 212 222 
41 41 74 74 86 86 97 97 124 124 124 125 125 125 125 203 203 
71 71 81 81 168 228 228 247 
182 182 
14 14 
33 
227 227 
37 37 
4 4 10 10 18 32 32 47 51 60 139 139 146 152 208 208 
26 26 231 
89 89 93 93 
66 84 84 226 226 
4 4 4 14 34 34 51 63 120 138 145 145 145 145 152 186 186 206 206 
62 
98 98 166 166 213 
1 140 140 153 153 153 179 228 228 
195 204 204 204 245 
192 
107 152 152 152 
81 81 153 153 153 
5 5 15 15 33 33 44 44 59 67 70 70 82 82 82 87 87 87 98 108 117 117 122 122 141 141 196 196 213 231 231 237 237 237 

88 165 165 
205 205 
64 64 175 182 182 196 196 230 239 239 
152 152 
4 14 14 138 138 138 
11 26 26 37 37 39 44 122 122 134 150 150 150 169 172 172 185 185 197 
18 18 137 137 
53 81 81 81 81 
74 
13 13 33 33 122 122 169 
5 5 5 5 
33 134 
203 203 
7 7 
5 5 5 81 81 125 125 151 151 151 151 228 228 228 228 228 243 
195 245 245 
26 26 33 59 118 150 150 219 
148 153 153 153 
5 5 5 103 
14 152 152 180 180 
152 
84 84 
5 
14 18 

35 81 81 
127 127 
238 238 
5 181 227 227 
154 154 
203 203 251 
26 44 
0 0 14 61 61 61 76 76 152 206 236 236 
60 60 60 
19 108 108 
18 90 137 202 202 
30 30 
81 81 81 93 
17 
26 
5 5 5 
146 186 186 186 186 
26 26 122 122 249 
8 8 131 131 228 228 247 


7 7 36 156 156 203 203 203 218 
147 147 203 205 205 217 217 233 233 
60 60 
122 122 122 
89 89 
111 
137 137 137 
3 3 5 5 8 8 25 25 35 35 35 35 42 42 53 53 65 65 65 93 93 99 153 153 160 162 162 173 176 176 203 203 203 220 220 228 228 238 238 251 251 251 251 
26 26 26 231 
113 113 177 177 177 204 
17 17 49 49 100 109 109 183 183 189 189 
228 228 228 228 
7 7 203 203 203 218 218 
26 26 26 108 108 108 108 108 115 115 253 253 253 
28 165 165 203 203 
16 16 78 78 95 
63 186 206 242 242 
5 5 121 121 153 
203 
16 16 65 81 81 111 154 176 176 201 201 201 241 
5 112 243 
89 
240 
7 7 130 
5 5 20 20 26 166 166 209 
81 
84 109 127 127 194 194 194 198 198 
145 204 
5 5 142 142 203 203 203 234 234 
46 
129 
1 1 
145 
24 119 152 
5 26 62 62 87 87 87 87 87 
84 84 100 127 127 127 180 194 198 255 
1 153 153 
79 93 
94 
83 83 145 145 204 246 246 
5 5 227 227 227 
87 87 
203 203 203 
5 5 26 26 
44 217 
107 
18 170 206 206 
91 91 238 238 
26 26 33 33 37 37 70 70 77 77 77 
5 161 182 196 196 196 
7 7 7 
7 7 7 7 42 42 
203 203 
54 54 100 100 109 109 109 187 187 216 216 
228 
2 2 104 
97 
71 71 228 228 
222 222 222 
5 227 227 
33 39 


34 34 63 80 80 80 202 202 202 
4 18 32 32 32 208 
14 14 
21 21 
5 26 26 
102 102 159 
5 149 203 203 
200 200 200 
18 18 18 18 101 106 113 113 
14 69 152 152 223 223 223 
75 75 
45 153 153 
143 203 203 203 
33 33 33 44 44 
42 42 42 42 153 153 228 
14 18 24 24 24 31 31 47 47 48 60 107 146 146 163 163 223 225 225 
1 1 21 21 21 25 25 25 45 45 45 81 81 91 110 110 148 148 151 151 179 179 228 228 
57 57 93 241 241 
205 206 206 
74 74 199 199 199 203 
163 163 163 163 163 
1 1 164 
5 5 142 
81 227 
5 123 
81 81 
152 152 157 157 157 157 157 
1 1 158 232 232 
28 28 88 88 203 203 
20 20 98 98 209 209 209 
173 173 
8 
33 37 
120 174 174 206 206 206 
205 205 
33 33 
81 167 167 176 176 176 
170 170 206 206 
30 196 196 196 
81 81 93 93 173 173 173 224 224 
83 83 83 204 

21 153 153 
47 47 109 
56 
9 9 30 30 123 
84 84 
228 228 
33 33 
18 18 69 69 69 69 90 
127 127 

84 84 216 216 
236 236 
205 205 
23 206 
200 200 200 237 237 
100 100 100 109 
22 43 204 204 245 245 
5 26 26 30 30 123 123 123 175 175 175 
33 
100 100 109 
156 156 156 
144 144 144 193 193 193 229 240 240 240 
93 93 93 
63 63 137 137 137 
5 5 7 7 40 40 58 58 74 74 74 75 81 81 81 86 86 86 88 88 92 102 102 102 116 116 116 126 126 143 143 149 149 149 156 165 165 220 251 
22 22 22 83 101 113 177 195 195 245 
29 29 75 75 155 171 171 191 191 
18 18 60 90 120 120 155 155 170 170 170 174 174 192 250 

14 14 138 
98 166 166 166 


6 6 222 222 222 222 
20 26 237 
252 
228 228 
127 127 189 189 
75 75 118 233 
74 86 86 
44 
81 81 203 251 
248 
6 132 132 132 212 212 212 212 
146 146 146 152 
176 176 
152 152 
17 17 
5 5 5 12 12 56 56 114 114 114 133 133 160 
3 3 8 8 21 21 42 42 42 42 42 71 71 81 81 85 85 85 85 128 131 131 151 153 153 184 184 215 215 
200 240 240 
30 
15 26 26 82 
1 164 164 
75 75 217 
5 5 102 102 254 254 254 254 
5 5 
0 60 60 190 190 
26 26 26 193 193 213 253 253 
3 5 55 55 81 81 121 121 
30 30 
96 200 200 200 229 229 
93 154 154 
90 90 
5 42 94 248 
5 5 5 
22 43 43 195 195 204 
113 113 
8 71 
5 221 243 
70 
206 
58 81 81 81 81 203 220 
214 
87 87 87 237 237 
234 234 234 234 
109 
