Nodes: 256, Edges: 644
236 
21 21 105 105 110 110 153 158 164 164 232 
153 
81 81 228 228 238 
14 18 32 32 
26 38 38 38 46 50 56 56 68 68 81 81 91 91 91 94 98 102 102 114 114 117 123 123 123 123 133 141 143 159 159 161 161 178 196 196 203 227 234 235 235 238 238 238 243 244 244 
212 
41 41 124 124 125 125 125 203 203 
71 81 81 81 168 168 215 215 228 228 228 247 
182 182 230 
14 14 
33 
114 227 
33 33 37 37 
4 10 10 18 32 32 47 51 51 51 60 138 139 139 146 152 163 163 208 
231 
89 89 89 93 93 
66 66 226 226 226 
4 14 34 34 51 61 63 120 120 120 137 137 138 145 145 152 186 206 
62 62 
98 166 166 213 213 
1 1 45 140 153 153 153 179 179 
195 204 204 204 204 204 
192 192 192 
107 107 107 107 152 152 
153 
5 33 33 44 44 44 59 59 62 62 67 67 70 72 82 82 87 87 87 98 98 108 117 196 207 207 213 213 213 231 
153 153 
88 88 165 
205 
64 64 175 175 182 196 230 230 230 239 
152 152 
4 4 14 14 138 138 138 
11 13 13 26 26 37 37 39 44 44 122 122 122 134 134 134 134 150 150 169 172 172 172 185 185 197 219 
18 18 137 
53 81 81 81 

13 13 33 33 122 169 169 
5 5 5 
33 134 
203 203 
7 7 
81 81 81 125 151 151 228 228 243 243 
195 245 
26 26 26 33 33 59 73 118 150 150 188 188 222 222 222 
21 148 153 153 
5 103 103 
14 152 152 180 180 
152 152 
84 84 
5 
14 14 14 18 
140 
35 81 
127 127 
121 121 121 
5 5 181 181 227 227 
93 
203 251 
26 26 44 
14 61 61 76 152 206 206 236 236 
18 60 60 206 
19 19 26 26 108 108 108 108 
18 90 137 202 242 242 
30 30 
93 
17 17 84 84 
26 26 
5 5 
146 186 
26 122 122 249 
8 131 228 247 247 247 
26 
44 
156 156 203 
147 147 203 217 217 233 233 
60 
122 
89 93 93 93 93 
111 111 
137 
3 3 5 5 8 8 8 35 35 35 42 42 42 53 93 93 99 153 153 160 160 160 162 162 162 173 173 176 176 176 203 203 203 220 220 220 220 228 228 238 238 251 251 
26 26 231 
113 113 177 177 177 204 204 204 
49 49 66 66 100 109 109 127 183 189 189 
228 228 228 228 
203 203 203 203 218 218 218 
26 26 26 108 108 108 115 115 237 253 
28 28 165 203 203 
16 16 16 78 
63 206 242 
5 5 5 111 153 
203 203 
16 16 57 65 78 78 78 78 81 81 111 154 176 176 201 241 
5 243 
153 
127 240 
130 226 
5 20 26 26 166 166 
81 228 251 
84 109 109 127 127 194 198 198 198 
145 145 204 
5 5 142 203 203 254 
46 46 
129 129 129 152 152 
1 1 

24 24 24 24 119 
26 62 62 62 62 87 87 87 
84 84 100 100 127 127 180 194 198 198 198 255 
1 1 153 153 153 
79 79 91 93 154 154 154 

83 83 145 145 177 204 204 246 246 
5 5 12 227 227 
87 87 
203 203 
5 26 136 
44 
107 152 152 
18 18 18 170 170 206 206 206 
55 55 55 238 238 
33 33 33 37 70 70 77 210 210 
5 5 5 5 161 161 182 196 196 196 
7 7 
7 7 7 42 
203 203 
54 54 84 96 100 100 109 109 187 187 187 189 216 216 216 229 
228 251 
104 104 104 
97 
71 228 228 
222 222 
5 227 227 
33 33 33 33 39 
175 175 175 
117 
18 18 34 63 80 
14 18 32 32 32 208 
14 14 
21 52 
5 
102 159 
5 149 165 203 
200 200 240 
18 18 101 101 113 113 204 204 
14 69 152 152 
75 75 
45 153 153 
143 203 203 
33 33 44 44 
42 42 153 153 153 
14 18 24 24 31 31 47 47 48 48 60 104 104 119 119 146 146 157 157 223 223 225 
1 2 21 21 21 25 27 27 45 45 81 81 91 95 110 110 110 148 148 151 151 151 179 228 
93 111 111 111 176 
206 206 
74 74 199 199 
152 152 163 163 163 
1 164 
5 5 142 
81 81 81 
5 5 123 123 
81 81 81 238 238 238 
14 14 157 157 157 
1 1 158 232 
28 88 143 203 
20 20 98 98 209 209 
173 173 
8 8 
33 37 37 
120 120 174 174 174 206 
205 205 
33 33 33 
81 81 167 167 176 176 
170 170 170 206 206 
30 30 135 135 135 196 196 
81 81 81 93 93 154 173 173 224 224 
83 83 83 113 204 204 
5 
21 21 153 
47 47 109 
56 56 
9 9 30 123 
84 
228 228 
33 33 
18 69 
127 127 127 
44 44 
84 84 127 216 216 216 216 
236 236 
205 205 
23 23 23 206 206 
200 237 237 253 253 253 
100 109 
22 43 204 204 245 
5 5 26 30 123 123 123 175 175 239 
33 
100 100 100 109 109 109 
156 156 
144 144 193 240 240 240 240 
93 
63 
5 7 7 40 40 58 74 75 81 81 81 86 86 86 86 88 88 92 92 102 102 116 116 126 126 143 149 149 165 220 220 251 252 
22 22 22 22 22 83 83 83 101 113 113 145 145 177 177 195 195 245 
29 171 171 191 191 
18 60 60 61 90 120 120 120 155 155 170 174 174 192 192 250 250 
26 26 
14 138 
166 166 
122 122 
222 
6 222 222 222 
20 20 26 26 26 
252 252 
8 8 228 228 228 
127 127 127 189 189 189 189 
75 75 233 
86 86 86 
33 
81 81 81 81 203 203 251 

44 44 44 132 132 211 212 212 212 
152 152 
176 176 
152 
17 17 17 97 
5 12 56 56 114 114 133 133 
3 3 8 8 8 42 42 71 81 81 85 85 85 85 99 128 131 131 153 184 184 215 215 215 
127 240 240 240 
9 30 30 30 
15 26 82 
1 164 
75 75 217 
5 254 254 
5 5 
0 60 60 190 190 
87 193 193 253 
3 5 5 5 81 81 121 121 162 162 162 
30 196 
96 144 200 200 200 200 229 229 229 
93 
63 63 90 
5 42 42 94 248 248 248 
5 5 
43 195 204 
113 113 
8 71 71 71 
243 243 243 
70 
206 206 
58 81 81 99 128 203 220 
203 214 214 
87 193 193 193 237 
102 234 234 
109 
