Nodes: 256, Edges: 644
60 60 236 
105 105 110 110 153 153 158 164 164 164 232 232 
129 129 129 129 129 
81 81 228 228 
14 14 18 18 18 32 32 
38 38 42 42 46 46 56 68 68 81 81 91 91 94 94 98 102 102 108 108 108 114 114 117 123 133 133 141 159 159 161 161 178 178 196 196 203 227 227 234 234 234 235 235 238 238 243 243 244 244 244 248 
212 212 222 222 
41 41 41 74 74 86 97 124 124 125 125 125 125 203 203 
71 71 81 168 228 228 228 247 247 
182 182 
14 
33 33 
227 
33 37 
4 4 10 32 32 51 51 60 138 139 146 152 152 163 163 163 
231 231 
89 93 
84 226 226 226 226 
4 4 4 34 34 34 34 51 61 61 63 120 120 120 120 137 145 152 152 186 186 206 206 206 
62 
98 166 213 213 213 
45 140 153 153 153 179 179 179 179 228 228 
204 204 204 245 245 
192 
107 107 152 
81 153 
33 33 59 62 62 67 70 72 72 87 87 87 98 108 108 108 117 141 141 141 196 196 207 207 213 213 231 231 
52 153 
88 165 
205 205 
64 64 64 175 182 196 196 196 230 230 239 239 

4 4 14 14 138 138 138 
11 11 13 26 26 37 37 44 44 122 122 134 134 134 169 169 185 219 222 
18 18 18 18 137 
53 81 81 81 
74 
13 33 33 122 122 169 
5 5 


7 7 7 
5 5 81 81 125 125 125 151 151 151 228 228 228 228 228 243 
195 195 195 245 245 
33 33 59 59 73 73 118 188 188 222 222 222 
21 153 
5 5 103 103 103 103 
152 152 152 180 
152 152 
84 84 84 

14 14 18 
27 
35 81 
127 127 
121 121 238 238 238 
5 181 227 227 
93 154 154 154 
104 104 
26 44 44 
0 0 14 61 61 76 76 152 152 152 190 206 236 236 
18 18 60 60 206 
19 26 26 108 108 108 
18 90 137 202 242 
30 30 30 
81 81 93 93 93 
84 84 84 
26 
5 5 
146 146 
26 122 122 
8 8 228 228 247 247 
26 26 
44 44 
7 7 36 203 203 203 
147 147 171 203 203 203 205 217 217 233 233 233 
60 60 
122 
89 89 89 93 93 93 
111 111 
137 137 
3 3 5 5 8 25 35 35 35 42 42 53 65 65 93 93 93 99 153 160 162 162 162 173 176 176 203 220 220 220 228 228 238 238 251 251 251 251 

204 204 
17 49 49 49 66 66 66 100 109 127 127 183 183 189 189 
228 228 228 228 
7 203 203 203 203 203 
26 26 26 108 108 108 115 237 253 253 
28 165 203 
16 78 78 78 95 
63 206 
5 5 
203 203 
16 57 65 65 65 78 78 78 81 81 81 111 111 154 154 154 176 176 176 201 241 241 
5 5 112 243 243 243 
89 153 
127 127 200 200 229 240 240 240 
7 130 226 
5 20 26 116 166 
81 228 251 
84 109 127 127 194 194 229 
204 204 204 204 
5 5 142 142 142 142 203 234 254 
46 46 46 46 
58 58 129 
1 1 

24 24 119 152 
5 5 5 26 26 26 62 62 62 87 87 87 
84 100 127 127 180 194 194 194 198 198 198 255 255 
1 1 153 153 153 
79 79 93 93 154 154 
94 
145 177 204 246 
5 5 227 227 
87 
98 203 
5 26 
44 
107 152 152 
18 18 18 18 206 
55 55 238 238 238 
33 33 37 37 70 70 77 210 210 
5 182 196 196 196 
7 7 
7 7 7 7 42 42 42 
203 203 
54 54 84 84 96 96 100 100 109 109 187 189 189 216 229 229 
228 
2 2 2 2 2 104 
97 
228 228 

5 5 227 
33 33 33 
175 

18 34 63 80 80 
14 32 32 32 
14 
21 
5 26 26 26 
102 102 102 102 
149 165 203 203 
200 200 
18 113 204 204 204 204 
14 69 69 152 
75 75 
153 
143 203 

42 42 42 153 153 228 228 
14 14 18 18 24 47 47 47 48 48 60 60 60 107 119 119 146 163 223 223 225 
1 1 21 21 21 25 27 45 81 95 110 110 110 148 151 151 179 179 228 228 
57 57 57 93 93 93 111 111 241 241 
205 205 206 206 
199 199 203 203 203 
163 163 163 
1 
5 5 
81 
5 5 
81 81 81 238 238 
14 14 14 152 157 157 157 
1 1 1 232 232 
28 88 143 203 203 
20 98 209 
173 173 
8 
33 33 37 
174 206 206 
75 205 205 

81 167 167 176 
170 206 
30 135 196 196 196 
81 81 93 93 93 173 224 224 224 224 
113 
5 5 
21 21 21 21 153 153 
47 109 
56 
9 9 30 123 
84 84 
228 228 
33 
18 18 
127 
44 44 
84 84 127 127 216 
60 236 236 236 
205 
23 206 206 
237 237 
100 100 109 109 109 
43 43 43 204 245 245 245 
5 5 26 26 30 30 30 123 123 123 175 175 175 

109 109 109 
156 156 
96 96 144 144 229 229 240 240 240 
93 
63 
5 7 7 74 74 74 75 75 75 81 86 86 86 86 86 88 92 92 102 116 126 126 143 143 149 156 156 156 165 165 220 251 251 252 252 
22 22 22 83 83 101 101 101 101 113 145 145 145 145 195 240 245 245 
29 29 75 155 155 171 171 191 
18 18 18 60 61 90 120 155 155 170 170 174 192 192 250 250 
26 26 

166 
122 122 

6 6 222 222 222 
20 20 20 26 26 237 
252 
228 228 
127 189 
75 75 233 233 

33 
81 81 81 203 251 

6 6 33 44 44 44 212 212 212 
152 152 
176 176 176 176 
152 
17 17 17 17 97 
5 5 12 56 56 114 114 133 
3 3 8 8 8 21 21 42 42 42 42 42 71 71 81 81 85 85 85 85 99 128 131 131 151 151 153 153 184 184 215 215 
96 100 127 127 200 200 240 240 240 
30 30 
15 15 26 26 
1 1 164 164 
75 75 75 217 217 
5 5 5 102 
5 5 
0 60 60 190 190 190 
87 193 193 213 
5 5 55 55 55 81 81 121 121 121 162 162 
30 30 
96 96 96 200 200 200 204 229 229 229 
93 93 154 154 
63 
5 5 42 94 94 94 248 248 
5 5 5 
22 22 43 43 195 195 195 204 204 
113 
8 8 71 71 
5 243 243 

206 206 
81 81 81 81 99 203 203 220 
203 203 214 
87 87 
102 
109 109 
