Nodes: 256, Edges: 644
60 60 236 
105 110 110 153 158 158 164 232 232 
129 129 129 129 
81 228 228 238 
14 14 18 32 32 
26 26 26 38 38 38 42 42 46 50 56 68 68 81 91 94 94 98 102 108 108 114 114 114 117 117 123 133 143 159 159 161 161 178 196 196 227 234 234 238 243 244 248 
212 212 222 
41 41 74 86 86 97 124 124 124 125 125 125 125 203 203 
81 81 228 228 228 
182 
14 14 
33 33 
227 
33 
4 4 10 10 18 32 32 32 47 51 138 139 146 
26 231 231 
89 89 93 93 
66 84 84 84 226 226 226 
4 14 34 34 34 34 51 51 61 61 61 63 120 120 120 120 138 145 152 152 152 186 206 206 206 
62 62 
166 213 213 213 213 
45 153 153 179 179 228 228 
195 204 204 204 
192 192 
107 107 107 152 152 
153 
5 5 5 15 44 59 62 62 67 67 72 82 87 98 98 108 108 108 117 117 122 122 141 141 196 196 207 207 213 213 231 231 237 237 237 
153 153 
88 88 
205 205 
64 64 175 182 196 230 230 239 239 
152 
4 4 14 14 14 138 
11 11 13 37 39 44 122 122 134 134 150 172 172 172 185 185 197 219 222 222 
18 18 18 18 137 
53 81 81 
74 
33 169 169 169 
5 5 5 
33 
203 203 
7 7 
5 5 81 81 81 125 151 151 228 228 228 243 243 
195 195 245 245 245 
26 33 73 73 150 188 188 219 222 
21 148 148 153 
5 103 
14 152 152 180 180 
58 
84 84 
5 
14 18 18 

35 81 
83 127 127 
121 121 238 
5 103 181 181 227 
93 93 154 
48 104 104 203 203 203 214 214 
26 
0 0 61 61 61 61 61 76 152 206 236 236 
18 18 18 60 60 60 60 60 206 
19 19 26 26 108 108 108 
18 90 137 202 242 
30 30 
81 81 93 
17 
26 26 
5 5 
146 186 
122 122 122 249 249 
131 228 247 247 247 
26 
44 44 
7 36 156 156 203 203 218 
171 203 203 203 217 
60 
122 
89 93 93 93 
111 
137 137 
3 5 8 8 35 35 42 42 42 53 65 65 93 93 93 99 153 153 153 160 160 160 162 162 173 173 176 203 220 220 228 228 238 238 251 
26 
54 113 177 177 204 204 
17 17 17 49 49 109 109 127 183 183 183 189 
228 
7 7 203 203 203 218 
26 108 108 108 115 115 237 237 253 253 
28 28 165 165 165 203 203 
16 16 78 
63 186 206 242 
5 111 121 
203 203 
16 16 57 57 65 78 78 78 81 81 81 111 154 176 176 176 201 241 241 
5 5 112 112 243 
153 
127 127 200 240 240 
7 130 130 130 226 
5 26 26 116 166 166 209 209 209 
81 228 
109 109 127 127 194 194 198 198 198 229 
145 204 204 204 
5 142 142 142 203 203 254 
46 56 
58 58 129 
1 

24 24 24 119 
5 5 26 26 26 62 62 62 87 87 87 
84 84 100 100 127 127 180 194 194 198 198 198 255 255 
1 1 153 
79 91 93 154 154 154 154 154 
94 94 
83 145 145 177 204 204 204 246 246 
5 5 5 227 227 
87 87 
98 203 
5 5 26 26 
217 
107 152 152 152 
18 18 18 18 170 170 206 206 
55 55 91 181 238 238 
26 26 33 33 70 70 70 77 207 210 210 210 
5 161 161 182 196 196 
7 7 7 
7 7 7 7 42 
203 
54 54 84 96 96 100 100 109 109 187 216 216 229 229 
251 
2 2 2 2 104 
97 97 97 
71 228 228 
222 222 222 
5 227 227 227 
33 33 
175 175 175 

34 63 80 80 202 
14 18 32 208 
14 

26 26 
102 102 102 159 
5 149 165 203 203 
200 200 200 200 240 
18 101 113 113 204 
14 69 223 223 

45 45 153 153 
143 203 203 
33 44 
42 42 153 228 228 228 
18 18 18 24 24 31 47 47 60 119 119 119 157 157 163 163 223 225 
1 21 21 25 27 27 45 81 81 81 95 110 148 148 151 179 228 228 228 
57 93 111 111 111 111 111 176 
205 206 
74 74 199 199 203 203 203 
152 152 163 163 163 163 
1 1 164 164 
5 5 142 
81 81 81 227 
5 5 123 123 
81 81 
152 152 157 157 157 157 
1 158 158 232 232 
88 88 88 143 203 
20 98 98 209 209 
173 173 173 

37 37 37 
120 120 206 206 
75 
33 33 33 
81 81 167 167 167 176 
206 206 
30 135 135 135 196 
81 93 93 93 154 173 224 224 224 
83 83 113 204 204 204 
5 
21 21 153 
47 47 109 
56 56 121 
9 30 123 
84 84 84 
228 228 228 
33 33 
18 69 90 
127 
44 44 
84 216 216 216 
236 236 
205 205 
23 23 206 206 
200 200 253 253 
100 100 109 109 
22 43 43 204 245 245 
5 5 26 26 30 123 123 175 239 239 
33 
100 100 100 109 109 109 
156 156 
96 144 144 144 144 193 193 229 240 240 
93 
63 137 
7 7 40 40 58 58 58 74 74 75 75 75 81 86 86 86 88 88 92 92 102 102 116 126 143 143 149 149 156 156 156 165 220 220 251 251 251 252 
22 22 22 83 83 101 101 101 113 113 113 145 177 177 177 195 
29 29 155 191 191 
18 18 18 60 61 90 120 120 155 170 170 174 174 192 192 250 250 
26 26 122 
138 
98 98 98 166 166 
122 122 122 

6 6 222 222 222 222 
20 20 20 20 26 26 237 
58 58 
228 228 228 228 228 
127 127 189 189 189 
75 118 
74 86 
33 44 
81 81 203 203 

6 33 33 44 132 132 132 212 212 212 212 
146 146 152 
176 176 176 
152 
17 17 17 97 
5 12 56 114 114 133 133 133 160 
3 3 8 8 8 21 21 42 42 42 71 81 81 85 99 131 131 151 151 151 153 153 153 184 184 184 215 215 215 215 215 
100 127 127 200 
30 30 
15 15 26 26 
1 1 164 164 

5 5 254 254 254 254 

0 60 60 190 190 
26 26 26 87 87 213 253 253 
3 5 55 81 81 121 121 
30 30 196 196 
96 96 144 200 200 
93 93 
63 90 
5 42 42 94 248 
5 
43 43 43 195 195 
113 113 
71 71 71 
5 243 
70 70 
206 206 
81 128 203 203 203 
203 
87 87 193 193 237 237 
102 234 234 234 234 
109 109 
