Nodes: 256, Edges: 644
60 60 60 
21 21 105 105 110 110 110 153 153 158 158 164 164 232 232 232 
129 129 
228 238 
14 18 32 32 
38 38 38 42 42 46 46 50 50 56 56 56 68 68 68 81 91 91 91 94 94 98 102 102 108 108 114 114 117 117 123 123 123 123 133 133 141 143 143 161 161 161 161 178 196 203 203 227 234 235 238 243 244 248 
212 212 
41 86 124 124 124 125 125 125 125 203 203 
71 81 81 168 168 215 228 228 228 247 247 
182 230 
14 14 14 
33 33 

33 33 
4 10 10 10 18 32 32 47 51 51 60 138 139 146 152 152 163 163 208 208 
26 231 
89 89 89 93 93 
66 84 226 226 
4 14 34 34 51 51 61 61 63 63 120 120 137 137 138 145 152 152 186 186 186 206 
62 
98 166 166 213 213 
1 1 45 45 140 140 153 153 179 228 
195 204 204 
192 
107 152 152 152 223 
81 81 
15 33 33 44 62 67 67 70 70 70 72 82 98 98 98 108 108 117 117 141 141 196 196 207 213 213 
153 
88 88 165 165 
205 205 205 
64 175 175 182 182 196 196 196 230 239 
152 
4 4 14 14 138 138 138 
11 11 13 13 26 26 37 44 44 122 122 134 150 169 172 172 185 185 197 197 219 222 
18 18 
53 81 81 81 

33 122 122 169 169 
5 5 5 
134 
203 203 203 
7 
5 5 81 81 125 125 151 151 228 228 228 243 
195 195 245 245 245 
26 33 33 59 59 150 188 219 222 222 
21 21 148 148 153 153 153 
5 5 103 103 103 
14 152 152 180 

84 
5 5 
14 14 18 18 
140 
35 
127 
238 
5 5 5 181 181 227 227 
93 93 
203 203 214 
44 44 
0 0 0 14 61 61 61 76 76 152 152 190 206 236 
18 18 60 60 60 
19 26 108 108 
18 18 90 90 137 202 
30 
81 81 93 93 
17 84 
26 26 
5 5 5 
146 146 186 186 
26 26 26 122 122 122 249 249 
8 131 228 228 247 
26 

156 156 156 203 203 
147 147 217 217 226 233 233 
60 60 
122 122 
86 89 93 93 93 
111 111 
137 
5 8 8 25 25 35 35 35 42 42 65 65 93 93 93 153 153 153 160 160 160 162 162 173 176 176 176 203 203 220 228 228 238 238 251 251 251 
26 
113 177 177 204 204 
17 49 66 100 100 109 109 109 127 183 189 
228 228 228 228 228 
7 78 203 203 218 218 
108 108 108 108 115 115 237 237 237 253 253 
28 28 165 203 
16 16 16 78 95 
63 63 206 242 
5 5 5 111 121 121 121 153 
203 203 
16 16 57 57 65 65 78 78 78 81 81 81 111 154 154 154 176 201 201 201 241 241 241 
5 5 112 243 243 243 
89 
200 200 229 229 240 240 
130 226 
5 20 26 26 26 166 166 209 
251 
84 84 109 127 194 198 
145 204 204 
5 5 142 142 142 142 203 203 203 234 254 
46 46 46 
129 129 152 
1 1 

24 119 152 
5 5 26 26 62 62 87 87 87 87 
84 84 84 100 194 198 198 255 255 
1 1 1 153 153 
79 79 91 93 154 154 154 
94 
83 145 177 204 204 246 246 246 
5 5 227 227 227 
87 87 
203 203 
5 5 26 26 

107 152 
18 18 170 206 
91 91 91 238 
33 33 37 37 70 70 70 77 77 210 210 210 
5 5 5 5 161 196 
7 7 7 
7 7 7 7 42 42 

54 84 100 187 187 189 189 216 
228 251 
2 2 104 104 
97 
71 228 228 
222 
5 5 227 
33 39 
175 175 

18 18 63 80 202 
14 18 32 32 32 
14 
21 21 52 
5 26 26 
102 102 102 102 159 
5 5 149 165 165 203 203 203 
200 240 
18 101 113 204 204 204 
14 69 69 152 152 152 223 
75 75 
45 45 153 
143 203 
33 44 
42 42 153 153 228 252 
14 14 18 18 24 24 24 31 47 47 60 60 104 107 119 146 146 146 157 163 163 163 223 223 225 225 
1 1 21 21 27 45 45 45 81 81 81 91 110 110 148 151 151 228 
93 93 93 111 111 111 241 241 
205 205 205 205 205 
74 74 74 199 199 199 203 203 
152 163 163 163 
1 1 164 164 164 
142 
81 81 81 
5 5 5 5 123 
81 81 238 
14 14 152 152 152 157 157 157 
1 1 158 158 158 232 232 
28 28 88 143 143 203 203 
20 20 98 98 209 209 
173 173 
8 8 
33 37 37 
120 174 206 206 
205 205 205 
33 33 
81 167 167 
170 206 206 
30 30 135 135 196 196 196 
81 81 81 93 224 
83 83 113 
5 
21 
47 
56 56 
9 30 30 
84 
228 228 
33 33 
18 18 18 69 69 
127 127 
44 
84 127 127 216 216 216 216 
60 236 236 
205 
23 206 206 206 
237 237 253 
100 109 
22 43 43 204 204 245 245 
5 26 26 30 30 30 123 175 175 175 239 
33 33 
100 109 109 
156 156 156 
96 96 144 229 240 240 
93 93 93 
63 137 
5 5 7 7 40 40 40 58 58 74 74 81 81 86 86 88 92 92 102 102 102 116 116 143 143 143 149 156 156 165 165 220 251 252 252 252 
22 22 83 83 101 101 113 113 145 145 145 195 195 
29 29 29 155 155 155 155 155 171 171 171 191 
18 60 90 120 170 170 174 174 192 192 192 
26 
14 14 
98 166 166 
122 122 122 
222 
6 6 222 222 222 
20 20 26 26 237 
58 
8 228 228 228 
127 189 189 189 189 
75 75 233 233 
86 86 
33 44 
81 203 251 
248 
33 44 44 132 211 212 212 212 
24 146 152 152 
176 
152 152 
17 17 75 97 
5 56 56 114 114 114 133 
3 8 8 8 21 42 42 42 71 71 81 81 85 85 85 85 85 128 131 131 151 153 184 184 215 215 215 
96 96 200 240 240 
9 30 
15 
1 1 1 164 164 
75 75 217 217 
5 102 254 254 254 
5 
60 190 190 
87 87 87 193 193 213 253 
3 5 55 81 81 121 162 
30 196 
96 96 144 200 200 229 229 
93 93 93 154 154 
90 
5 42 94 94 94 248 248 
5 
43 43 43 195 195 
113 113 113 
8 8 71 
5 221 243 243 
70 70 

81 81 81 99 128 203 220 
151 203 203 203 
87 87 193 237 
102 234 234 234 
109 109 
