Nodes: 256, Edges: 644
236 236 
21 105 105 105 110 110 110 153 158 164 164 164 232 232 
153 153 
228 228 
14 14 18 18 32 138 
26 38 38 42 42 46 50 50 56 56 68 81 91 91 91 91 94 98 98 102 102 108 108 108 114 114 117 117 117 123 123 123 123 133 141 141 159 159 159 161 161 178 196 196 203 203 227 234 234 235 243 244 244 
212 212 
41 41 41 74 74 86 97 124 124 125 125 125 203 
81 81 81 168 215 215 228 228 228 247 
182 182 230 
14 
33 
114 227 
33 37 37 
4 4 10 18 18 18 32 47 51 51 139 146 146 152 152 163 163 208 
231 231 231 
89 93 93 
66 84 226 
4 4 14 14 14 34 34 34 34 51 51 61 61 61 63 63 120 120 137 138 145 145 145 206 206 
62 
98 98 166 166 
1 140 153 153 179 179 179 228 
195 204 204 204 245 245 
192 
107 107 152 152 223 
81 81 153 153 153 
5 33 44 44 59 59 62 67 67 67 70 72 72 82 87 87 98 108 141 141 213 213 

88 88 165 165 165 
205 
64 64 64 175 182 182 230 230 239 239 
152 
4 14 138 138 138 
11 13 26 37 37 37 44 44 122 122 134 134 134 150 169 172 185 185 197 197 219 222 
18 18 18 18 137 
53 81 81 81 
74 
13 13 33 33 33 122 
5 5 
134 
203 
7 7 7 
5 5 81 81 125 125 151 151 151 228 228 228 228 243 
195 
26 26 33 33 59 59 73 73 73 150 188 188 222 222 
148 148 148 153 153 
5 103 103 103 
14 152 152 152 152 180 
152 
84 84 
5 5 
14 14 18 18 
140 
35 81 81 
83 127 
121 121 238 
5 5 103 181 
93 154 154 
104 104 203 203 203 203 214 214 245 
26 26 44 44 
61 76 152 152 190 236 
18 18 18 60 206 
19 26 108 108 
18 18 90 137 137 137 202 202 202 242 242 
30 30 30 
81 93 
17 84 84 
26 26 26 
5 
146 146 146 186 186 186 
26 122 249 249 249 
131 131 228 228 247 247 
26 26 
44 44 44 
7 7 36 203 218 
147 147 171 205 205 217 217 233 
60 
122 122 
89 89 93 93 93 93 
111 111 

5 8 8 8 25 25 35 35 35 42 42 53 53 65 93 93 93 153 160 162 162 162 162 173 176 176 176 203 220 220 220 220 228 228 238 238 251 251 
26 231 
54 113 113 177 204 204 204 
17 49 49 66 66 100 100 127 183 183 183 189 
228 228 
7 203 203 203 218 218 
26 26 108 108 115 115 237 237 237 253 
28 28 165 165 203 
16 78 78 
63 186 206 242 
5 5 5 5 111 121 121 153 
104 203 203 
16 16 57 65 78 78 78 78 81 81 81 111 154 154 154 176 176 201 241 241 
5 112 112 112 243 243 
153 
127 229 240 
7 130 130 226 
5 5 20 20 26 116 209 
251 
84 84 127 127 198 198 
145 204 204 
5 5 142 142 203 254 
46 46 46 56 
58 58 92 129 
1 1 1 
145 
24 24 119 119 152 
5 5 5 26 62 62 87 87 
127 194 194 255 255 255 
1 1 1 153 153 
79 79 91 93 154 
94 94 94 
83 83 145 145 177 204 204 204 246 
5 5 12 
87 87 
98 203 203 
5 5 5 

107 107 152 
18 18 170 170 206 206 206 
55 55 91 91 238 
33 33 37 70 77 77 207 210 
5 5 5 5 161 182 196 
7 7 
7 7 7 42 42 
203 203 
54 84 96 100 100 109 187 189 189 
228 251 
104 
97 97 
71 71 228 228 

5 227 227 
33 33 33 39 
175 175 

18 34 63 63 63 202 202 
4 18 32 32 32 
14 
21 52 
5 5 26 26 
102 102 159 
149 149 165 203 203 203 
200 200 200 240 
18 18 18 101 106 113 113 204 204 204 
14 14 69 69 69 152 
75 75 
45 45 45 153 153 
143 143 
33 44 
42 42 42 153 228 228 
14 14 24 24 31 47 47 47 47 48 60 60 107 119 146 157 163 163 223 225 225 225 
1 2 2 21 21 25 25 25 45 45 81 91 95 110 110 148 148 151 179 228 228 
57 57 93 93 93 111 176 241 
205 205 205 
199 203 
152 163 163 163 
1 164 164 
5 5 5 142 
81 
5 5 123 
81 81 81 81 238 
14 14 152 152 157 157 157 
1 1 1 158 158 232 
28 28 28 88 88 143 203 203 
20 20 209 209 209 
173 
8 
33 
120 120 206 206 
75 205 
33 
81 167 176 
206 206 
30 135 135 196 196 
81 81 81 93 93 154 173 224 224 
83 113 204 
5 
21 21 21 153 
47 
56 
9 9 30 30 123 
84 84 84 
228 228 
33 33 
69 69 69 90 
127 
44 44 
84 127 127 216 216 216 
60 236 236 
205 205 205 
23 206 206 206 
200 200 237 237 237 253 
109 109 
22 43 204 204 245 245 
5 5 123 175 175 239 
33 33 
100 100 
156 
144 144 144 193 193 229 229 240 240 240 240 
93 
63 63 63 137 137 
5 5 7 40 58 58 58 58 74 81 86 86 86 88 92 92 102 116 116 126 126 143 143 143 156 165 165 220 251 251 252 252 
22 22 22 83 83 83 101 101 113 113 113 145 145 145 177 195 195 
29 75 75 155 155 155 171 191 191 191 
18 18 61 90 120 120 120 170 170 174 174 192 192 192 250 250 
122 
14 
98 166 166 166 
122 
222 
6 6 222 222 
26 26 237 
58 58 
8 8 228 228 228 228 
189 189 189 
75 75 233 233 
74 86 86 
33 
81 81 81 81 203 251 
248 
33 44 44 211 212 212 
24 152 
176 176 
152 152 152 
17 97 
5 12 133 133 
3 3 8 8 8 21 42 42 42 42 71 71 81 81 85 85 128 131 131 151 151 153 153 184 184 215 215 215 215 
96 200 200 240 240 
9 30 30 
15 15 15 82 
1 1 164 
75 217 217 
5 5 254 254 
5 
0 0 60 190 190 
87 87 87 193 193 193 213 
55 81 81 121 162 
30 30 196 
96 144 200 200 200 200 229 229 
93 93 154 
63 63 90 
5 42 94 94 248 248 248 248 
5 5 
22 22 58 195 195 
113 
8 71 71 
221 243 243 243 243 
70 70 70 
206 206 
81 81 99 128 203 203 220 
203 203 
87 193 
102 234 234 
109 109 109 
