Nodes: 256, Edges: 644
60 60 60 236 236 
105 105 105 110 110 110 110 153 153 158 158 164 164 232 
129 153 
81 228 228 228 228 
14 14 14 18 32 
26 26 38 38 38 42 42 46 46 50 56 68 68 81 81 91 91 91 94 102 108 108 114 117 117 123 123 133 133 141 159 159 161 161 161 161 178 196 196 196 203 203 203 227 227 234 235 235 238 244 248 
212 
41 74 74 74 86 86 97 97 124 124 124 125 203 203 203 
71 71 71 81 81 215 215 228 228 228 
182 230 
14 14 14 
33 
227 
33 37 
4 4 4 10 10 10 18 32 32 32 47 51 60 138 139 146 146 152 152 152 163 208 208 
26 26 26 231 
89 89 93 
66 66 66 84 84 
4 14 34 34 51 51 61 61 63 63 120 120 120 120 120 145 145 145 152 152 186 206 206 206 
62 
98 98 166 213 213 213 213 
45 45 140 140 153 153 153 179 179 179 228 228 
204 204 245 
192 192 
107 107 107 152 
153 153 
5 5 15 15 15 33 33 44 59 62 67 67 67 70 70 72 72 87 87 87 98 98 108 117 122 141 141 196 196 207 207 213 231 231 237 
153 
88 88 88 165 

64 64 175 175 182 182 196 196 230 230 239 
152 152 152 
4 14 14 14 138 138 
11 13 26 26 37 37 39 44 44 122 134 134 134 150 150 169 172 172 185 185 197 219 222 222 
18 18 137 
53 81 81 
74 
13 33 33 122 169 
5 5 5 
33 134 

7 
5 5 81 81 81 151 151 151 228 228 228 243 243 
195 195 245 
26 33 33 73 73 73 188 222 
21 21 153 153 153 
5 5 103 103 103 103 
14 152 152 180 180 180 
152 
84 84 84 
5 
14 18 18 
140 
35 81 81 
83 
121 121 238 
5 103 181 181 227 227 
154 154 
104 203 203 203 214 214 
26 
0 0 0 14 61 61 61 76 76 152 190 206 206 236 
18 18 60 60 60 206 
19 26 
18 18 90 137 137 202 242 
30 30 
81 81 81 93 
17 17 17 84 
26 26 26 
5 5 
146 146 186 186 
26 26 122 122 122 
8 8 8 247 247 247 
26 26 
44 44 44 
7 7 7 36 156 203 203 218 
171 203 203 203 205 
60 60 
122 122 122 
89 89 89 93 93 93 
111 
137 
3 5 5 8 8 35 35 42 42 42 53 53 65 65 65 93 93 153 153 153 160 160 162 162 173 176 220 220 220 228 228 238 238 251 
231 
54 113 113 113 177 177 177 204 
17 17 49 49 49 66 100 100 109 109 127 127 127 183 189 
228 228 228 228 
7 7 203 203 203 218 
26 26 26 108 108 108 108 108 115 237 253 
28 28 28 165 165 203 203 
16 16 78 78 78 
63 186 206 206 242 
5 5 5 111 121 
104 203 203 203 
16 65 78 78 78 81 81 154 154 201 241 
5 243 243 

127 127 200 229 240 
7 7 
20 20 26 26 209 

84 84 127 127 127 194 194 198 
145 204 204 204 
5 142 142 203 254 
46 46 46 46 56 
58 92 129 
1 1 1 

24 24 24 119 152 
5 5 26 87 87 87 87 87 
84 84 127 127 194 194 194 255 255 
1 1 1 1 153 153 
79 91 154 154 154 

83 83 83 145 145 145 177 177 204 204 204 246 246 
5 227 227 
87 

5 5 26 136 

107 152 152 
18 18 18 18 18 170 206 
55 55 91 238 
26 33 37 70 70 70 77 77 77 207 210 
5 5 161 161 196 
7 7 7 
7 
203 
84 84 84 96 96 100 100 100 109 109 187 187 189 189 216 216 229 
228 228 251 
2 104 


222 222 
5 5 227 227 
33 33 33 39 
175 
117 
34 63 63 80 202 202 
14 32 32 208 
14 
21 21 52 
5 26 26 
102 102 159 
165 203 203 
200 200 200 240 240 
18 18 18 101 113 113 113 204 204 204 
14 14 69 69 152 223 

153 153 
203 203 
33 33 
42 42 42 153 
14 14 14 18 18 24 31 31 31 47 47 48 60 107 119 119 146 157 163 163 163 223 225 225 
1 1 2 21 21 21 25 25 27 45 45 45 81 81 81 110 110 148 148 151 179 179 228 228 
57 57 93 93 111 111 111 241 
206 206 
74 199 203 203 203 
152 163 163 163 163 163 
1 1 164 
5 5 142 
81 81 227 
5 5 5 5 123 123 
81 81 238 238 238 
14 152 152 152 157 157 157 157 157 
1 1 158 232 
28 88 88 143 
20 209 209 
173 173 

33 37 
120 174 206 
75 205 205 
33 33 
81 167 167 
170 206 
30 30 135 196 196 
81 224 224 224 224 
83 83 83 113 113 204 204 204 
5 
21 21 21 153 153 
47 47 47 
56 56 
9 30 30 
84 
228 228 228 
33 33 
18 69 69 90 
127 127 
44 
84 127 127 216 216 216 216 216 
60 
205 205 
23 23 206 206 
200 237 237 253 
100 100 109 109 109 
43 43 
5 5 5 26 26 30 30 123 175 175 239 
33 
100 
156 
96 144 144 144 193 229 240 240 240 
93 
63 137 137 
5 5 5 7 7 7 58 58 58 74 74 75 75 75 86 86 86 88 88 92 92 92 102 126 143 143 149 149 156 156 156 220 220 220 251 251 251 
22 22 83 101 101 101 113 113 113 145 145 145 177 177 177 245 
75 171 171 191 191 
18 18 18 60 60 61 90 90 120 155 155 170 174 192 192 250 250 
26 26 122 
14 14 138 
98 166 166 
122 

6 
20 20 20 20 26 253 
58 58 252 252 
8 8 
127 127 189 189 189 189 189 
233 
74 86 
33 
81 81 81 203 203 203 251 
248 
33 33 44 132 132 
146 152 
176 176 176 176 
152 152 

5 5 12 56 56 114 114 133 133 160 
3 3 3 3 8 8 8 21 21 42 42 42 81 81 85 85 85 85 128 128 153 153 184 184 184 
96 127 200 240 240 
9 30 30 
15 26 26 82 
1 164 
217 
5 254 254 254 
5 5 
0 0 60 
26 87 193 193 253 
5 55 81 81 121 162 162 162 
30 196 
96 144 144 200 200 200 229 229 
93 154 
63 90 
42 42 94 94 248 248 248 
5 
22 43 204 
113 113 
71 71 71 
5 221 243 243 243 

206 206 
81 128 203 203 203 220 
214 214 
87 193 213 237 
102 234 234 234 
109 109 
