Nodes: 256, Edges: 644
60 60 236 
105 105 110 110 110 110 153 158 164 164 232 232 232 
129 129 153 
81 81 228 228 238 238 
14 14 14 18 18 32 138 
26 26 38 38 38 38 42 42 46 46 56 56 68 91 91 91 91 94 94 98 98 102 102 108 108 114 117 117 123 123 123 133 133 133 141 141 143 143 159 159 159 161 161 196 196 203 203 227 234 234 234 235 235 235 238 243 243 244 244 
212 212 222 222 
41 41 41 74 74 124 124 124 125 125 125 125 203 203 
71 71 81 81 168 168 228 228 228 247 247 
182 
14 
33 33 

37 
4 4 4 10 18 18 32 32 47 51 51 60 138 152 152 152 163 163 208 208 
231 
89 93 
66 84 84 226 226 226 226 
4 4 14 14 34 34 34 51 61 61 61 63 120 120 152 186 206 206 
62 
166 
45 45 140 153 153 179 179 179 
204 204 204 204 245 
192 
107 107 223 
81 81 153 
5 5 33 33 33 44 44 62 62 67 70 72 82 87 87 98 98 108 108 117 122 141 141 207 207 213 213 231 231 237 
52 153 153 
88 165 165 

64 175 182 182 196 230 

4 14 14 138 138 138 
11 11 26 26 26 37 39 44 44 122 122 134 150 172 172 185 185 197 197 219 219 222 
18 18 18 137 
53 81 

13 33 122 169 
5 5 5 5 
33 134 
203 
7 7 7 
5 5 81 81 81 125 125 151 151 151 228 228 228 243 243 
195 195 245 245 245 
26 26 33 33 59 73 73 150 150 188 219 222 
21 21 148 148 153 153 
5 5 103 103 103 
14 152 180 180 180 180 
152 152 
84 

14 14 18 
27 140 
35 81 
83 127 127 
121 238 238 
5 5 181 227 
93 154 
104 203 203 203 
44 
0 0 14 76 76 152 152 190 206 236 
18 18 18 206 
19 26 26 108 
18 90 137 202 242 
30 
81 93 
17 84 84 84 
26 
5 
146 146 146 186 186 186 186 
26 122 249 249 
8 8 228 247 247 247 
26 
44 44 
7 7 156 156 203 203 
147 203 217 217 226 233 
60 60 
122 
89 93 93 93 
111 
137 137 
3 3 8 8 25 25 35 42 42 42 53 65 99 153 153 153 160 160 162 162 162 162 173 176 176 176 203 203 203 220 220 220 220 228 238 251 251 251 
26 231 
54 113 177 177 177 177 204 204 
17 17 49 66 66 66 109 109 109 127 127 183 183 189 
228 228 
203 203 203 203 203 218 
26 26 108 108 108 115 115 237 253 
28 165 165 203 203 203 
16 78 95 
63 206 242 
5 5 5 5 121 153 
203 
16 57 65 78 78 78 176 176 176 201 201 201 241 241 
5 5 112 243 243 
89 153 
229 240 240 240 
130 
5 5 26 26 116 166 166 209 
81 228 
109 109 109 127 127 127 194 198 198 229 
145 145 204 204 
5 5 142 142 203 254 
46 46 46 
58 129 
1 1 
145 
24 24 152 
5 5 26 26 62 87 87 87 
84 84 84 100 100 100 127 127 255 
1 1 1 1 153 153 153 
79 154 154 154 
94 
83 145 145 177 177 204 246 246 
5 
87 87 
98 203 203 
5 5 26 136 

152 
18 18 170 206 
55 91 181 238 238 
26 33 33 37 70 77 207 210 210 
5 5 5 182 196 
7 7 7 
7 7 7 7 42 42 
203 203 203 
54 54 84 84 100 100 100 109 109 187 187 189 189 216 216 229 
228 
2 2 104 
97 
228 
222 
5 5 5 227 
33 39 
175 175 
117 
34 63 80 80 202 202 
4 14 32 32 32 208 

21 52 
5 5 26 26 
102 102 159 159 
5 5 149 149 165 165 165 
200 200 200 240 240 
101 101 106 113 113 204 204 
69 69 69 152 152 152 223 
75 
45 45 
143 143 203 203 
33 44 44 
42 42 42 153 
14 14 14 18 47 48 48 60 60 107 119 146 146 146 157 163 163 223 225 225 
1 2 21 21 25 27 27 45 45 81 81 81 91 95 110 110 110 151 179 
57 111 111 111 176 176 241 
205 205 205 205 206 206 206 
74 74 199 199 203 203 
152 163 163 
1 164 164 
5 5 5 142 142 
81 81 
5 5 
81 81 81 81 238 
14 14 152 152 157 157 
1 1 158 158 232 232 232 
28 28 88 88 143 143 143 203 203 
20 98 98 209 209 
173 173 
8 8 
37 
120 174 174 174 206 206 
205 205 
33 33 
81 167 167 176 176 
170 170 170 206 206 
30 135 135 
81 81 81 93 93 93 154 154 173 173 224 224 224 224 224 
83 83 83 83 113 113 204 

21 21 21 153 
47 47 47 47 
56 121 
9 30 30 123 
84 84 
228 228 
33 33 
18 69 69 69 69 
127 127 
44 
84 127 127 216 
60 236 
205 205 
23 206 206 206 
237 237 
100 
43 43 204 245 
5 5 30 123 239 239 
33 33 
100 100 
156 156 
144 144 144 229 240 240 
93 93 93 
63 137 137 
5 5 7 7 40 58 58 58 74 74 75 81 81 81 86 86 86 86 86 88 88 88 92 102 116 116 126 126 126 149 149 156 156 165 165 220 220 251 251 251 252 252 252 
22 22 22 22 83 83 101 101 113 145 145 177 195 240 245 
155 155 155 155 171 171 191 191 206 
18 18 60 61 90 120 155 155 155 170 170 174 174 192 192 192 205 250 250 
26 26 122 
14 14 138 
98 166 166 
122 122 
222 
6 6 222 222 222 
26 26 253 
252 252 
228 228 
127 127 189 
75 75 
86 
33 33 44 
81 81 81 81 203 203 251 
248 
6 6 33 44 132 211 212 212 212 
24 146 152 
176 176 176 176 176 
152 152 
17 17 17 17 75 
5 56 133 
3 3 8 8 8 42 42 42 71 81 85 85 99 128 131 184 184 215 215 
96 100 127 200 240 
30 
15 26 26 82 
1 1 1 164 164 164 
75 
5 5 5 254 254 254 
5 5 5 
0 60 190 
26 87 193 193 253 253 
3 3 5 55 55 81 121 121 162 
196 196 
96 96 96 144 144 200 200 204 229 
93 93 154 
63 90 
5 5 42 42 94 94 248 248 
5 5 
22 43 43 43 195 204 
113 113 
8 8 71 71 71 
221 243 243 
70 70 
206 206 
81 81 81 203 203 203 220 
203 203 203 214 214 
87 213 237 237 
102 234 234 234 
109 
