Nodes: 256, Edges: 644
60 236 
21 105 105 105 110 110 110 153 153 158 158 164 232 232 232 
129 129 129 
81 81 228 238 
14 32 138 
26 26 26 38 38 38 42 42 42 46 46 50 56 56 68 91 91 98 102 102 108 114 114 117 117 123 123 123 123 133 133 143 159 159 161 161 161 178 178 196 196 203 203 203 227 227 234 235 235 238 243 243 243 244 244 248 248 
212 212 222 222 
74 74 86 86 124 124 125 125 125 125 125 203 203 
71 71 81 81 81 168 228 228 228 247 
182 182 182 

33 33 
227 227 
33 37 
4 18 32 51 51 138 138 139 139 146 152 152 163 208 
26 
89 
66 84 84 226 226 226 
14 51 51 61 63 120 120 137 137 138 145 152 152 186 186 206 206 
62 62 
98 98 213 213 213 213 213 
1 45 45 140 140 140 153 153 153 179 
195 204 204 
192 
107 107 107 152 
81 81 81 153 
5 5 5 15 33 44 44 44 59 59 62 62 67 70 70 72 82 87 87 98 98 108 108 117 117 196 196 207 213 213 231 231 237 237 
52 153 
88 165 165 
205 
64 64 64 175 175 182 182 182 196 239 

4 14 138 138 138 138 
11 11 13 26 37 44 44 122 134 134 150 169 169 169 172 172 172 197 197 219 219 
137 
53 81 81 81 
74 
13 33 122 169 169 
5 5 5 
134 
203 
179 
5 5 5 81 125 125 151 228 228 228 
195 195 
26 26 26 33 33 59 59 59 73 118 150 188 219 222 
21 21 148 148 148 153 153 153 
5 5 103 
152 152 180 180 180 
58 152 
84 84 
5 
14 14 18 18 
27 140 
35 81 81 

121 121 
5 5 103 181 227 
93 93 93 154 154 
48 203 203 251 
26 26 44 44 44 
0 61 61 61 61 76 76 152 152 190 236 
18 60 60 60 60 206 
19 19 26 26 108 108 108 108 
18 90 90 137 137 202 242 242 
30 30 30 
81 
17 84 
26 
5 
146 146 186 186 186 
26 26 249 249 
8 8 131 131 228 228 228 247 
26 
44 
7 7 36 156 156 203 203 
147 147 171 203 203 205 217 
60 60 
122 
86 89 89 93 93 93 
111 
137 137 137 
3 3 8 8 8 25 25 25 35 35 35 42 53 53 65 93 93 153 153 160 160 162 162 162 176 176 176 203 203 203 220 220 228 228 238 251 
26 231 
113 177 177 177 204 
17 17 49 49 66 100 109 183 183 183 189 189 
228 228 
7 7 78 203 203 203 203 218 218 
26 26 108 108 108 115 115 237 253 
28 165 165 165 203 
16 78 78 
63 63 186 242 242 
5 5 111 121 121 

57 57 57 78 78 78 81 81 111 154 176 176 176 201 201 201 241 
112 112 243 243 

127 127 200 200 229 240 
130 130 
5 20 20 26 26 166 166 166 
228 251 
84 109 127 127 194 194 198 198 
145 145 204 204 204 204 
5 5 142 142 142 203 234 234 254 
46 56 
129 129 129 152 
1 1 1 
145 
24 24 24 119 152 
5 26 26 62 62 62 62 87 87 87 
84 100 180 194 194 198 255 255 255 
1 1 1 153 153 
79 91 93 154 154 
94 94 
83 145 145 177 204 204 246 
5 5 227 
87 87 
203 
5 5 26 26 136 
44 
107 152 152 
18 18 170 206 206 
55 55 91 91 238 238 
33 37 77 207 210 
5 5 5 5 161 182 196 196 196 
7 7 
7 7 7 7 7 42 42 
203 203 
96 96 100 100 187 187 187 189 229 229 229 
228 
2 2 2 104 104 104 
97 97 
71 71 228 228 

5 5 227 
33 33 39 
175 
117 
18 18 34 63 63 80 80 80 202 
4 14 14 18 32 32 32 32 
14 14 
21 21 21 52 

102 102 102 159 
5 149 203 
200 200 
18 101 101 106 113 113 
14 69 69 152 223 223 
75 75 
45 45 45 153 153 
143 203 203 
33 44 
42 153 228 
14 14 18 18 24 47 47 48 60 60 104 107 119 119 146 157 163 223 225 225 
1 1 21 21 21 25 27 45 45 45 81 81 110 110 148 148 151 179 179 228 228 228 
57 57 93 111 111 241 
205 205 206 206 
74 74 199 203 
152 163 163 163 163 
1 1 164 164 
5 5 142 
81 81 
5 5 5 123 
81 81 81 238 
14 152 157 157 157 157 
1 158 158 232 
28 28 88 88 88 203 203 203 
98 98 98 209 209 209 
173 
8 
33 33 33 37 37 
120 174 174 206 206 
75 205 205 205 
33 33 33 
167 176 176 
170 170 206 206 206 
30 30 135 196 
81 81 81 93 93 93 173 173 224 
83 83 83 113 204 
5 5 
21 41 153 153 
47 47 47 109 
56 
9 9 9 30 30 30 123 
84 84 84 
228 228 

18 18 69 69 69 90 
127 127 127 
44 
84 84 127 216 216 
60 236 236 
205 205 
23 206 
200 237 
100 100 109 109 
22 43 43 204 
5 5 26 26 30 123 123 123 175 239 
33 33 
100 100 109 
156 
96 96 144 144 193 229 240 240 240 
93 93 93 
63 137 
5 5 5 7 7 40 58 58 74 74 75 75 81 81 81 86 86 86 86 88 102 116 126 126 143 149 149 156 165 165 165 220 251 252 252 
22 22 83 101 101 101 101 113 113 177 195 240 245 245 245 
29 75 155 155 171 171 171 191 191 
18 18 61 120 120 155 155 170 170 174 174 174 192 250 
26 122 
14 
166 166 166 
122 
222 
6 6 222 222 
20 20 20 20 20 26 26 253 
252 252 
228 228 
189 189 
75 233 233 
86 86 
33 33 44 
81 81 203 
248 
6 6 44 211 212 212 
146 146 152 
176 
152 152 
17 17 17 
5 5 12 12 56 114 133 
3 8 8 8 42 42 42 71 71 71 81 81 85 85 99 128 131 131 151 153 153 153 184 184 215 215 
96 127 127 127 200 240 240 

26 26 82 
1 1 1 164 
217 217 
5 102 102 254 254 254 254 
5 5 
0 60 190 190 
26 26 87 193 
3 5 81 121 121 162 
30 196 
96 200 200 200 204 229 229 
93 154 
63 63 90 90 
5 5 5 94 94 248 248 248 248 
5 5 
204 204 204 
113 
8 71 
5 5 221 243 243 243 243 
70 70 
206 
58 81 99 203 
203 203 214 214 
87 213 
102 234 234 234 234 
109 109 109 
