Nodes: 256, Edges: 644
60 60 236 
21 105 105 110 110 110 153 158 158 164 232 
129 129 129 129 
81 81 228 
14 14 18 32 32 
26 38 38 38 42 50 56 68 68 81 81 94 98 98 98 108 114 117 117 117 123 123 123 133 133 143 143 159 159 161 161 178 196 196 203 227 238 243 243 244 244 
222 
41 41 86 97 97 124 124 124 125 125 125 203 203 203 
71 71 71 81 168 168 215 228 228 247 247 
182 182 230 
14 
33 33 
227 
33 33 37 
4 4 10 18 18 32 47 47 51 138 139 139 146 152 163 208 
26 26 
89 93 93 
66 84 84 
4 14 14 34 34 34 51 51 63 63 120 137 137 137 138 145 145 152 152 186 186 186 206 206 
62 62 
98 213 213 
1 45 140 140 153 153 153 179 179 228 228 228 
204 204 204 
192 192 
107 107 152 152 223 
81 81 81 153 153 
5 15 15 33 33 44 44 59 62 62 67 70 70 72 72 82 82 87 98 108 117 122 141 141 141 196 207 207 213 231 231 237 
52 153 
88 88 165 
205 
64 64 175 175 182 196 196 239 239 
152 152 
4 4 14 138 138 138 
11 11 13 13 26 26 37 39 44 44 122 122 122 134 134 134 150 150 169 169 169 172 185 197 219 
18 18 18 137 137 
53 53 81 81 

13 33 122 169 169 
5 5 5 
33 134 134 
203 203 
7 7 
5 81 81 125 151 228 228 228 228 228 243 243 
195 245 245 
26 26 33 33 59 59 73 73 73 73 150 188 222 222 
21 148 148 153 153 
103 103 103 
14 14 152 152 152 180 180 
58 
84 
5 
14 18 18 
27 
35 35 81 81 
127 
121 121 121 238 238 
5 103 181 227 227 
93 93 154 154 
48 104 203 203 203 214 251 
26 44 44 
0 0 61 61 61 76 152 152 206 236 236 236 
60 60 60 206 
19 19 26 26 108 108 
18 18 90 137 202 242 242 242 
30 30 
81 81 93 93 
17 84 84 
26 
5 5 
146 146 186 186 
26 26 122 122 122 249 249 249 
8 8 8 228 228 247 
26 26 
44 44 44 44 
156 156 156 203 203 218 
147 203 203 205 217 217 226 233 
60 
122 
86 89 93 93 
111 111 
137 
3 3 5 5 8 25 25 25 35 35 42 42 53 53 65 65 93 93 93 99 153 153 153 160 162 173 173 176 176 176 203 203 203 220 228 228 238 251 251 251 
26 26 
113 177 177 204 204 
17 17 49 66 66 100 109 109 127 189 189 
228 228 
7 78 203 203 203 203 218 
26 108 108 108 115 115 237 253 253 
28 28 165 203 
16 78 
63 206 242 242 
111 121 121 153 
104 203 
16 16 57 57 65 65 78 78 81 81 81 111 111 154 176 176 176 201 201 241 
5 112 112 112 243 
153 
127 200 240 
7 7 130 130 
5 5 5 20 26 116 166 209 
81 
84 109 109 127 127 127 194 198 198 229 
204 
142 142 142 142 234 254 
46 46 46 56 
58 92 129 129 
1 1 
145 
24 24 119 119 119 
5 26 62 62 87 87 87 
84 84 100 100 127 127 127 194 198 198 255 255 
1 1 1 153 153 153 
79 79 91 93 93 154 154 
94 94 94 
83 145 145 145 177 204 246 
5 227 227 227 
87 87 
98 203 
5 5 5 26 136 
217 
107 107 107 152 152 
18 206 206 
55 55 55 91 91 181 238 238 
26 33 33 33 37 70 70 70 77 210 210 210 
5 5 5 161 
7 7 7 
7 7 7 42 

54 84 96 100 100 100 109 109 109 187 187 216 216 229 
228 251 
2 2 2 2 104 104 
97 97 
228 228 228 
222 
5 5 
33 33 33 39 39 
175 175 175 
117 
18 18 18 34 34 63 80 202 
14 18 32 32 32 208 
14 14 
21 21 
26 26 26 
102 102 102 102 159 159 
5 5 149 149 165 165 203 203 
200 200 240 
18 18 106 113 113 113 204 204 204 204 
14 69 69 152 152 223 223 223 
75 
45 45 153 
143 143 203 
33 33 44 
42 153 252 
14 18 18 24 24 31 31 47 47 47 60 60 119 119 146 146 157 163 163 163 223 225 
1 21 21 21 25 25 27 45 45 81 81 81 91 95 110 110 110 148 151 179 179 228 228 228 
57 57 93 111 111 176 241 241 
206 206 
74 74 74 199 199 203 203 203 
152 163 163 163 
1 1 164 
5 5 142 142 
81 227 
5 5 123 
81 238 
14 152 152 152 157 157 157 
1 158 232 232 232 
28 88 143 143 203 203 
98 209 
173 173 
8 8 
33 33 33 37 37 
174 174 
205 205 205 
33 
81 81 167 167 
170 170 206 206 
30 30 135 135 135 196 
81 81 81 93 93 93 154 224 224 224 
83 83 113 204 
5 
21 21 153 153 
47 47 
56 121 
9 9 30 

228 
33 
18 18 18 69 69 
127 127 
44 
84 84 216 216 
236 
205 
23 23 206 
237 253 253 
100 109 
43 204 204 245 
5 5 26 30 30 175 
33 
100 100 109 109 
156 156 
96 144 144 229 
93 93 
63 137 
5 7 7 7 40 40 58 58 58 74 74 75 75 81 81 81 86 86 86 86 88 92 116 143 143 149 156 156 156 165 165 220 251 251 251 252 
22 22 22 83 83 101 113 145 145 145 145 177 195 195 245 245 
29 75 171 171 171 191 
18 18 60 61 90 120 120 155 155 174 174 192 
26 26 
14 138 
98 166 
122 122 122 
222 
222 222 
20 20 26 
58 252 
8 228 228 
127 127 189 189 
75 75 118 
74 86 
33 
81 203 251 251 

6 44 44 132 211 212 212 
24 146 146 146 152 
176 176 176 
152 
75 
5 12 56 56 114 114 114 160 
3 8 8 21 21 21 42 42 42 42 42 71 71 81 81 85 85 128 131 131 131 153 153 153 184 215 215 
100 127 200 240 240 240 
9 
26 26 
1 164 164 164 
75 
102 254 254 254 

0 60 60 60 190 
26 87 193 253 
5 55 55 81 121 121 162 
30 30 
96 144 229 229 229 
93 154 154 
63 63 63 90 90 
5 5 42 42 94 248 248 248 248 
5 5 
43 43 195 204 204 
113 
8 8 71 
243 243 243 243 
70 70 70 

58 81 81 81 128 203 203 203 220 220 
151 203 214 
87 87 193 193 237 
102 234 234 234 
109 109 
