Nodes: 512, Edges: 729
381 381 
441 441 
28 28 91 91 111 182 183 
271 271 493 493 
454 454 
34 34 184 225 255 255 255 273 273 354 400 400 458 475 504 504 

233 233 
313 313 350 350 373 
271 
476 
264 264 
184 202 355 

117 
182 182 316 
41 41 
455 

104 
330 
354 354 354 
108 331 389 389 436 
171 290 

408 
158 
346 346 
2 2 178 

180 
172 184 315 486 489 
184 184 
67 192 192 
5 5 
210 210 222 222 309 309 
372 372 
406 406 

62 62 159 163 219 219 241 402 405 405 477 477 485 485 485 485 485 
236 236 249 249 
16 16 137 151 156 160 184 184 324 354 354 445 445 445 492 
321 
193 
137 
76 76 413 413 439 
64 381 381 395 395 
76 76 76 459 
50 

48 400 
490 
184 184 
225 
299 
93 93 93 195 236 
304 446 

294 397 
444 
104 236 
81 359 359 
39 39 241 241 330 

46 
362 362 416 
141 141 
33 192 347 
169 296 371 
236 236 
184 246 246 258 

89 325 358 466 
94 94 315 315 
413 
383 
45 45 47 47 47 107 107 107 162 184 186 196 199 207 208 228 229 242 292 299 328 346 354 354 360 413 423 456 478 


236 236 
314 314 418 
61 184 184 184 359 495 
121 143 329 
236 
85 85 312 348 348 
84 84 160 348 348 348 
508 
306 408 

72 358 358 

2 2 
182 182 
55 55 55 
73 73 
418 
321 321 321 
171 
441 
457 462 462 
197 476 496 
140 195 378 471 
216 
379 379 379 425 425 
19 60 138 236 236 507 507 

149 149 149 149 372 
76 76 76 
22 
199 
130 176 176 247 401 401 
2 182 340 




177 184 184 415 
14 125 135 136 236 
364 364 
222 
486 486 489 489 
82 

468 
232 232 387 454 
117 
491 491 

413 413 448 
415 
110 389 389 

413 
145 145 
354 380 380 
117 
117 
41 44 368 368 368 
104 236 252 
294 381 381 
101 320 
66 66 358 358 
389 389 
82 217 
282 
133 133 339 339 

236 344 344 
304 304 
106 106 106 106 250 
248 339 
41 354 
213 213 364 
325 

413 413 494 
41 450 

26 194 408 
39 205 219 219 219 231 305 402 428 428 433 469 510 511 
41 85 498 498 
413 439 
76 322 322 
39 

329 329 

220 220 413 413 

68 371 371 
471 
23 97 290 
31 

376 413 
407 407 
110 110 247 
116 
28 

30 222 483 
367 
2 15 15 92 92 111 220 340 363 404 
2 
5 12 31 32 32 41 41 52 52 70 76 81 81 81 116 116 213 213 213 221 236 236 246 258 267 279 284 289 289 291 292 292 307 307 315 324 324 345 354 366 366 396 426 426 451 456 465 484 488 490 
473 473 491 
76 245 440 440 
413 


372 
285 304 304 446 
33 33 67 236 281 
43 358 413 479 479 479 500 
158 
55 101 236 471 471 
76 200 413 413 
100 496 
386 386 508 
76 109 337 
196 
236 415 415 
12 

267 
159 
274 
76 478 478 
76 
328 328 
35 35 309 309 
460 

152 152 184 184 184 
314 314 
314 
102 
143 
271 
39 39 159 159 159 274 402 454 
167 167 182 413 
184 
35 35 119 180 341 376 376 483 
329 329 
276 313 350 
5 53 259 377 377 441 441 458 

305 305 343 343 392 392 477 482 
76 245 
76 295 
236 415 
159 
124 124 454 
7 7 296 310 505 
503 
487 
40 40 55 60 69 69 79 79 83 104 104 117 138 147 184 184 192 195 201 230 237 267 275 275 278 344 351 356 415 415 432 432 438 460 
236 

268 342 405 
496 
39 62 62 
76 423 
413 494 
325 325 358 
186 228 
70 70 184 
110 176 
150 408 
40 40 
149 401 442 442 
270 270 413 
138 
330 
415 
5 5 5 
273 354 

70 184 409 
225 261 419 
324 
259 329 
364 410 
315 
11 11 334 
496 
271 
184 204 236 356 
239 

251 251 
3 3 9 218 266 282 287 287 297 339 354 375 375 401 408 408 412 453 

5 5 256 475 475 
206 219 402 405 405 
236 236 
224 
415 
236 460 460 
184 

192 298 298 347 347 421 
144 271 427 
415 415 
184 
191 
382 382 382 
271 271 

184 184 
23 171 480 
184 426 426 
76 184 184 364 

58 139 397 397 
229 
68 233 425 
271 408 408 
281 281 
54 76 413 

339 


56 148 148 191 191 
159 227 227 392 
87 370 408 408 
184 184 354 396 465 
467 467 
35 35 210 210 
233 
424 
84 
8 8 224 
80 80 214 214 215 317 319 319 349 384 418 429 434 434 449 449 455 455 467 
31 73 73 184 263 336 336 486 
15 
314 413 

314 314 354 
140 
42 96 96 96 
162 162 

41 184 184 260 459 
72 153 244 244 503 503 


76 209 209 
82 165 165 223 223 261 
20 62 253 369 428 428 
22 
407 413 413 
413 
264 385 
413 
315 315 486 
199 
415 415 
145 145 150 271 301 381 381 381 408 427 427 452 470 470 
111 182 
222 
239 
227 227 
147 147 236 
184 
27 27 76 
67 281 281 506 506 506 
84 84 85 85 85 
314 
8 8 224 
236 415 

456 
5 21 21 21 41 41 76 76 134 151 184 256 271 307 319 411 490 508 
12 
236 267 
367 431 431 431 496 
72 89 89 141 141 193 244 413 466 466 
61 61 81 
76 

65 65 413 
182 
118 118 152 262 292 
415 415 
184 184 
181 357 390 390 496 496 
137 137 137 
330 
306 
68 169 169 
36 36 106 190 
8 
417 442 
271 271 
174 222 222 
225 225 
101 
103 103 103 
134 134 
0 0 46 46 139 139 339 339 339 
286 286 286 413 
75 415 415 432 463 
314 449 449 
334 
198 198 
124 

22 22 130 130 142 142 461 461 497 497 
367 367 455 

227 227 305 


46 46 
184 307 
58 294 294 


5 5 50 
110 110 250 271 
39 159 219 274 
427 
182 499 
39 39 239 274 274 
37 37 
175 175 332 413 413 
25 87 158 248 271 271 297 297 306 306 339 412 437 
258 
262 
354 
271 408 
45 45 74 76 128 128 132 155 155 161 167 167 174 187 193 196 196 220 243 251 299 317 332 332 333 335 358 362 382 407 407 439 448 455 
497 
116 129 201 201 230 236 236 254 277 283 283 338 338 351 365 365 383 383 463 463 
65 
374 
80 95 314 
259 
441 441 
281 

76 242 
311 
103 103 296 
184 184 291 291 
282 339 339 403 
159 159 330 330 
314 

357 357 357 496 
236 236 383 460 
159 
314 314 
449 
22 
408 
236 
45 161 413 
186 186 
1 1 98 225 225 420 420 
250 250 374 468 468 

59 
41 41 41 
56 191 

128 413 
314 314 384 384 435 
156 
184 
339 464 
271 
4 4 124 219 232 
17 314 314 390 413 
76 184 353 462 491 491 
99 
5 225 
47 324 
211 236 278 278 432 
389 389 497 
99 99 456 
383 415 415 
452 
184 307 
72 358 358 
308 308 314 
123 442 442 
159 511 511 
339 339 
101 170 195 195 
475 
185 185 
487 
5 273 273 472 
10 100 496 
39 39 227 
76 207 207 
193 193 193 
290 

227 
180 222 
184 
39 39 39 39 39 
31 120 120 315 336 489 489 
235 474 
184 
31 120 120 486 486 
51 184 354 
126 126 185 456 456 
41 
3 3 
155 243 
81 
100 197 240 265 357 367 367 431 476 
389 389 414 461 
160 160 
404 
193 


234 325 325 
5 5 
233 
347 347 347 
104 104 
86 198 354 

159 
159 469 469 
