Nodes: 512, Edges: 729
381 
441 
91 183 189 
271 493 493 

34 48 105 184 184 198 225 225 273 273 279 279 354 458 475 504 508 
404 
233 271 327 327 
196 196 224 313 313 350 373 373 
271 271 
476 

184 202 355 
76 76 
117 117 184 
182 316 
41 41 41 41 
455 
441 441 441 
104 104 
330 
31 354 
108 115 115 331 389 414 436 461 
171 290 290 
76 
408 408 
158 158 

178 178 183 
56 
222 222 222 
21 172 184 315 486 486 
184 
67 67 192 
5 
210 222 309 413 
372 
415 415 

62 62 163 166 241 302 330 330 402 402 405 405 477 477 485 
192 192 236 236 249 
16 16 16 16 85 85 151 151 156 184 324 354 354 399 445 445 492 492 
321 321 323 

137 137 
76 413 413 
64 64 339 381 
76 76 346 346 
5 50 

48 400 
490 490 
184 345 345 
225 

93 93 236 
29 191 191 446 
415 415 
294 397 397 
444 

81 81 
39 39 241 241 330 
383 383 
46 46 381 
193 416 

33 33 192 192 281 281 347 347 
169 169 296 296 296 
236 
184 184 246 246 258 
330 
89 89 358 358 

413 
383 383 463 463 
13 13 24 45 47 47 107 162 186 196 196 199 199 207 208 208 208 228 242 299 314 322 322 328 353 360 413 423 423 440 456 
413 413 

236 
314 314 
61 61 82 113 184 261 261 261 359 
81 121 142 143 329 389 
236 
85 348 348 
41 41 84 160 312 348 
198 386 508 508 
306 370 370 370 

72 72 358 358 358 358 

2 
182 
55 55 
315 

314 314 

420 420 420 441 441 
462 462 462 462 
197 476 476 496 496 
140 195 
136 136 136 216 

19 19 236 507 507 
5 184 
149 149 190 190 372 372 
76 
22 414 
199 199 
130 130 130 176 
340 340 
184 
81 

22 22 

14 14 125 125 136 236 
364 364 
222 
489 
82 143 


232 454 454 454 
117 117 136 136 
491 

413 

110 110 110 389 
454 454 
413 413 
145 145 
380 

102 102 102 117 125 125 
44 44 184 184 368 
236 
294 381 
101 320 
358 
82 389 389 
82 121 217 
282 282 
133 133 339 

236 236 344 

106 106 
339 408 
41 41 
213 292 364 
325 

413 413 494 
41 450 

26 26 271 271 
188 205 219 219 219 231 257 330 402 428 428 428 433 477 477 511 
85 272 312 312 498 
413 439 439 
76 322 322 
39 

329 
39 
413 413 

68 68 371 374 
471 471 
23 
31 

335 376 376 413 

110 
283 283 300 300 
28 28 183 



15 92 220 363 404 413 444 444 444 
2 28 178 495 
5 5 12 14 31 32 41 52 70 70 81 105 112 137 137 213 221 236 246 258 260 279 284 289 289 291 292 338 338 354 366 366 396 396 396 409 415 456 465 484 484 488 
473 473 491 
76 245 440 440 

159 477 
2 
106 106 
56 56 267 285 304 446 
33 40 40 67 67 236 236 281 281 
65 362 413 479 500 500 

101 267 
8 8 76 76 290 350 413 
100 240 496 
5 86 386 508 
76 76 109 109 207 337 337 337 

415 
12 355 355 355 


159 
274 274 274 
76 199 478 
76 76 76 

35 309 

233 
152 184 
215 
214 314 314 
102 
143 

159 159 159 
182 413 
184 
30 30 30 35 119 413 483 

8 276 276 276 
5 5 53 259 377 393 419 441 
292 292 
305 305 392 392 
76 
295 509 509 
236 236 303 
159 
124 
7 212 238 271 271 296 296 310 374 505 505 
503 
487 
40 40 55 69 79 83 104 117 138 147 147 184 192 192 230 230 275 275 278 344 344 415 415 415 432 432 438 438 460 460 460 

233 367 
268 342 405 
197 476 
39 62 62 
76 423 
311 
325 358 
186 
70 70 184 


40 
401 417 
270 270 413 


283 

273 
159 375 
70 184 
225 419 419 
184 
81 81 81 
364 410 

334 
496 

191 195 356 356 471 471 
239 

251 251 
3 7 9 9 158 158 233 233 282 287 287 327 339 374 375 401 408 408 427 427 453 453 
160 
5 5 256 354 475 
206 206 206 402 402 405 
236 236 
224 224 224 
415 415 
236 460 460 
5 5 184 
467 467 
67 67 192 192 298 347 421 
144 144 271 427 
177 177 254 
184 
191 
382 
271 271 

184 184 
23 23 196 480 
184 
152 184 226 226 410 410 
408 
58 139 397 
229 
68 68 68 233 233 425 
408 408 
281 347 347 
76 
177 177 
339 
39 485 485 
230 415 
191 
227 227 
87 408 
354 354 

35 210 
233 
243 424 
85 160 160 
8 8 
76 80 80 96 96 215 215 317 349 349 384 398 418 429 429 449 455 455 467 467 
31 94 336 486 
15 
314 398 413 413 
413 

140 396 
42 42 323 323 
76 76 162 162 
42 321 321 
41 459 
153 244 503 
358 
7 7 271 
76 
82 165 
20 39 39 62 71 159 
22 
407 413 

264 413 413 
174 413 
315 486 
199 199 199 
184 184 415 
46 145 150 271 301 381 381 408 452 464 464 470 470 
111 111 

239 

147 236 236 447 
52 52 
47 47 459 
67 67 281 298 298 421 506 
84 84 85 
314 314 
8 196 

402 
76 456 
5 21 41 41 184 273 307 307 450 462 490 490 502 508 
12 202 202 202 
267 267 
367 367 431 496 
72 72 89 89 89 89 141 244 326 466 503 503 
81 
76 

193 
182 
118 118 152 262 410 
415 415 
184 184 
238 357 357 390 496 
137 

87 87 87 
169 
36 106 106 
8 8 
169 233 271 408 442 
257 271 
174 174 
225 


134 
0 46 64 139 339 339 
286 413 
63 63 75 75 415 415 432 463 
314 
413 413 
86 198 

487 
22 82 130 142 142 461 497 
367 455 455 

227 227 
225 
495 

184 184 184 320 
58 58 294 
314 317 
41 445 
50 
250 271 
39 39 159 274 274 352 
427 
6 182 499 
39 39 239 274 

332 
25 25 150 271 271 293 297 297 306 339 374 412 437 437 470 
184 
262 292 292 364 

408 
35 45 45 74 76 77 77 128 132 132 155 155 161 167 167 174 182 193 196 220 222 251 317 317 318 332 334 334 335 382 385 385 439 439 448 455 
22 108 497 497 497 
37 37 57 57 184 201 236 236 236 277 277 303 338 365 365 383 383 432 432 463 463 
65 
250 
314 
225 259 259 
98 98 98 
281 347 

76 76 242 
311 
296 

271 271 282 403 
159 159 159 
314 314 

357 
236 236 383 415 415 
159 

449 449 
22 
408 408 
236 236 
161 161 413 413 
76 186 186 
1 18 18 18 98 98 225 
374 468 468 
456 
59 182 182 182 
41 41 399 
56 191 
344 
413 
314 435 435 
156 354 462 

339 464 
271 271 
124 124 124 131 131 
17 314 314 390 390 413 
76 184 353 443 462 462 462 491 

5 
324 346 
236 236 236 278 278 
22 389 
99 99 99 99 354 450 456 456 456 
75 75 383 415 415 
339 339 452 
184 
358 
280 280 314 314 
442 442 
511 511 511 
339 339 408 
170 170 267 267 
475 475 
185 185 

5 273 472 472 
10 100 100 240 
39 39 159 159 188 
207 
193 
290 


222 
184 184 
39 302 302 
31 31 315 336 489 489 
235 388 
184 
120 486 486 
51 51 354 354 
126 185 456 
41 41 
3 3 
155 
183 394 
100 100 197 265 357 367 
389 414 414 414 
160 
404 
193 193 

354 
234 325 358 358 
5 
233 233 
347 
104 104 
5 86 86 198 354 
229 229 

159 469 469 469 
