Nodes: 512, Edges: 729
301 381 
441 
28 91 111 182 182 183 183 
271 493 493 
454 454 
34 48 50 198 273 279 354 354 400 400 441 441 443 475 475 475 504 504 508 

233 271 327 
224 350 350 373 373 373 
271 271 
476 476 476 
264 264 264 
184 202 
76 76 
117 117 117 
182 444 444 
41 41 41 41 
390 390 455 

104 
330 330 

108 414 436 
171 

408 
408 
346 
2 178 178 183 183 
56 56 
180 222 
172 184 184 315 354 489 
184 
67 192 
5 
210 413 
106 372 
406 415 415 
358 358 
62 62 163 166 219 231 241 302 330 402 402 477 485 485 
249 
16 16 16 16 137 137 151 151 151 156 160 184 354 399 445 445 450 492 492 492 

193 
137 137 
76 76 439 
64 64 339 339 
76 346 346 459 
5 50 
236 
5 48 400 

184 184 

76 76 501 
93 195 
29 29 236 236 446 
415 
294 397 
444 444 
104 104 104 236 236 
359 359 
39 39 
383 463 
46 46 
193 362 362 416 
141 
33 192 281 281 
169 296 371 
236 344 
184 184 246 258 

89 358 358 466 466 
94 94 315 315 
413 
383 463 
13 13 45 45 47 54 54 109 109 162 162 196 207 207 208 242 242 299 299 314 322 346 360 423 440 456 478 
413 

236 
314 418 418 
113 184 261 329 329 359 394 394 394 495 
142 142 142 143 389 389 
236 236 
85 312 348 348 
84 160 160 348 348 
386 386 465 465 465 
306 408 

72 358 358 358 
358 
2 
404 404 
55 
73 73 
418 
314 321 
171 290 

457 462 462 
197 476 496 
140 195 378 378 471 471 
117 136 216 
146 379 425 
19 60 60 60 138 138 236 236 236 
184 184 
36 149 149 

22 414 
76 76 199 
130 130 176 247 401 
2 182 195 340 340 

81 
367 367 

177 415 415 
14 14 14 102 125 136 184 

122 413 413 
486 486 489 
143 
119 
468 
232 
117 
185 

220 220 413 448 
415 415 
110 110 
454 
168 
145 145 
354 354 380 380 380 

102 117 
41 41 44 44 184 
104 104 164 236 236 252 
294 
101 320 320 
66 358 
82 82 82 389 
82 121 217 
282 
133 133 339 339 
103 
236 344 
236 
106 106 
248 248 408 408 
41 41 41 
364 
325 
374 
413 
41 450 450 
276 
194 194 
188 188 188 219 219 227 227 305 305 402 402 402 428 428 433 477 510 510 511 
41 85 85 312 498 
413 413 439 
76 76 322 322 
39 
138 
329 329 
39 
220 220 413 
132 
68 374 
471 471 
23 97 290 
31 

222 222 335 335 413 413 413 
413 
110 
116 283 415 415 415 
28 28 

30 483 
367 367 
2 2 15 111 220 340 363 404 404 413 413 444 
2 2 28 28 
12 31 31 32 41 52 52 70 70 81 105 105 117 137 221 236 246 246 258 260 279 284 284 289 291 307 307 315 324 324 338 345 345 354 366 409 415 415 426 426 456 456 465 484 488 490 
126 473 473 491 
245 245 440 
413 413 
159 159 159 477 477 477 


267 267 285 285 
33 67 281 281 
43 65 358 362 413 413 479 
158 158 
55 101 111 236 471 
76 200 200 290 290 290 350 
100 496 
5 508 
109 207 207 337 337 337 
196 196 

12 355 
271 


274 274 
76 76 199 199 
76 
328 
35 
460 460 460 


215 215 314 
214 214 467 
102 
143 
271 
39 159 159 232 232 232 274 402 
128 128 167 167 182 413 
184 
30 174 174 
329 
8 276 
259 259 377 377 458 458 458 
292 292 292 
159 159 343 343 343 477 
245 292 
295 
236 275 
39 
124 219 219 219 
7 310 375 
503 
487 487 
49 56 56 60 60 69 79 83 83 104 104 104 138 138 147 148 184 195 230 275 275 278 344 344 356 432 432 460 487 487 

367 
268 268 342 342 
476 476 
39 
76 76 423 
494 

186 186 228 
70 184 184 
110 288 401 
150 150 408 
40 
374 417 
286 
138 

415 

273 354 
375 375 
70 184 409 409 
225 225 419 
184 324 
81 329 
364 
315 
11 11 11 385 385 
496 
271 271 
191 191 356 
239 239 


3 7 9 9 203 218 266 266 282 287 287 297 354 375 391 408 412 

5 256 354 472 472 
206 206 219 402 405 
230 236 236 
157 224 
415 
236 460 460 
5 184 
449 467 
67 67 192 192 298 347 
144 271 427 
177 
184 184 
191 191 
251 
271 271 
247 
184 
97 171 196 196 196 480 
184 426 426 
226 226 226 228 364 364 
408 
58 139 397 
229 
68 425 425 
271 
281 347 347 
76 76 

0 339 
39 
415 

159 159 392 
87 370 370 370 408 
184 184 354 354 396 465 465 
467 467 

233 
424 
84 160 

76 80 96 214 349 354 398 413 418 434 449 449 455 467 467 
31 73 73 184 263 336 486 486 

398 413 

354 
140 140 
96 
76 162 162 
359 
184 184 260 
153 503 

7 
209 
81 81 165 165 223 261 
20 20 39 369 428 430 

413 
413 
385 413 
174 174 
315 486 
199 199 199 
184 415 
46 46 145 145 301 381 408 427 452 453 464 
111 111 182 

239 239 
227 227 227 
69 147 236 236 
184 184 
27 47 47 76 
281 298 298 506 
84 84 85 85 
314 
8 8 196 

402 402 
456 456 
5 5 31 41 134 134 184 256 271 273 307 307 314 319 411 450 450 462 490 502 
202 
236 267 
431 431 431 496 496 
38 38 72 72 89 89 89 90 141 193 503 
61 61 81 323 
76 

65 65 193 413 
182 
152 262 292 292 

184 
114 114 181 181 238 390 496 

330 
306 306 306 
68 
36 
8 8 8 
154 169 250 
233 257 257 271 

225 225 
101 101 
103 
134 134 134 
0 339 408 
413 
63 75 463 463 463 
449 
264 264 334 
86 86 

487 
82 82 142 461 
17 17 367 455 
271 
305 

81 81 81 495 

307 
58 294 
314 317 
41 
5 5 50 
110 247 
39 39 159 159 159 219 274 352 352 

92 92 182 182 
274 
37 
413 
25 26 87 150 150 248 271 293 306 339 381 412 437 437 470 470 
184 258 258 

354 
271 408 
35 74 77 119 119 128 155 161 161 167 174 174 174 175 182 182 187 187 193 193 220 314 317 332 333 334 362 382 407 439 448 500 500 
22 108 497 
37 37 57 116 116 129 129 177 177 177 184 184 254 277 303 338 463 
65 
250 
80 80 95 314 
259 



76 242 
311 
103 296 296 
184 184 291 291 
282 339 
159 159 330 

330 
357 357 357 496 
236 236 
159 
314 
449 449 
22 
408 408 

45 161 413 
76 186 
1 5 5 
468 
5 
15 15 59 59 182 
41 41 
56 

128 413 
280 314 314 384 435 435 467 467 
41 156 156 354 354 

339 
339 
4 4 131 
17 314 390 
76 184 184 353 353 462 491 
99 
225 225 225 
47 
211 211 211 236 278 278 
389 
99 99 354 456 
63 75 383 383 383 415 
339 
86 86 86 184 307 307 
72 72 
215 280 308 308 314 314 449 449 
123 442 
511 511 
408 408 
101 101 170 170 195 
273 273 
185 185 
487 487 487 
5 5 5 
10 10 10 100 240 240 
39 159 188 188 188 227 
76 
193 
290 


180 
184 
39 39 
120 120 315 315 336 489 
235 235 236 236 388 474 474 474 
184 
31 120 486 
184 354 
185 456 
41 41 41 
3 3 
243 
81 394 
100 197 265 357 357 367 431 
414 
160 

413 413 
54 
354 
234 325 358 
5 5 

347 

5 198 

159 159 
159 469 469 
