Nodes: 512, Edges: 729
381 381 
441 
91 183 189 
271 493 
454 
34 34 48 50 88 184 184 198 225 225 273 279 354 400 441 441 443 443 504 
404 404 404 
233 233 271 327 
224 224 224 350 350 

496 
264 
355 

52 117 184 
182 182 
41 41 41 41 184 184 
390 390 



354 354 354 
108 389 389 436 
171 

408 408 408 

76 346 
178 178 
56 
222 
172 172 315 315 315 354 489 489 

67 192 
5 5 
210 210 222 222 
106 372 
406 415 
358 
62 62 62 159 166 330 330 330 402 477 485 
192 192 236 236 
16 16 16 16 99 156 184 184 324 324 354 445 445 445 450 492 492 
321 323 


413 413 439 
339 339 381 395 

5 50 50 

5 48 48 400 400 
490 
14 184 
225 225 
76 501 501 
93 236 
29 304 446 446 
415 415 

444 
104 236 
81 359 
39 39 39 241 241 241 
383 463 463 463 
381 
362 416 

33 
169 169 296 296 371 
344 
184 184 246 246 258 
330 
325 358 466 466 466 
94 94 94 315 
413 

27 54 162 162 184 186 186 196 208 208 228 292 299 299 322 322 322 346 346 353 413 422 456 456 478 509 
196 413 

236 
314 418 418 
61 184 261 359 394 495 
142 143 143 
236 236 236 
85 312 312 312 
84 160 312 
386 386 465 
306 408 408 
5 190 
358 358 358 
358 358 
2 
413 
55 
73 73 73 

314 314 314 321 321 
171 290 
420 
41 462 

140 140 195 195 378 378 471 471 
117 
146 
60 138 138 236 236 507 
106 106 190 
36 105 105 190 372 

22 414 
199 
130 130 176 247 247 401 
195 195 195 340 340 340 
184 

367 367 

177 415 
14 102 184 236 
364 
413 
486 
143 143 
314 
468 
454 

185 185 491 491 

220 413 448 

110 110 
454 
413 413 413 413 
145 145 
354 380 


368 368 368 
104 104 236 

101 101 320 
413 
82 
82 82 121 121 217 
282 
133 133 
103 
344 
236 236 236 
417 
248 408 
354 354 
213 213 292 292 
325 325 325 
374 
413 494 
41 450 
233 276 
180 194 194 272 408 
39 188 219 227 227 231 305 402 428 469 477 477 510 510 510 511 
85 312 312 498 
413 439 439 
76 76 



39 
220 

68 68 179 296 296 

23 97 290 
31 31 

222 335 376 376 376 413 
413 413 
110 
116 283 283 
28 28 183 183 
169 
158 222 483 

15 15 340 404 413 
2 178 178 
5 5 14 16 16 41 41 52 70 70 76 81 112 117 221 221 246 246 258 260 260 284 289 291 291 291 292 307 307 315 324 338 345 354 354 354 355 355 396 409 409 426 451 456 456 456 484 484 490 
126 126 473 473 491 491 
76 76 245 245 361 
413 
159 477 477 477 
2 
88 105 106 372 
236 446 
33 40 40 236 281 281 
286 358 362 362 413 479 
158 158 
101 101 111 111 111 
76 77 200 200 290 290 373 373 413 413 
240 496 496 
5 508 
109 337 
196 196 
236 236 415 415 
355 
271 


274 274 274 
478 
76 76 

35 35 309 309 
460 

152 152 
215 314 
214 467 

143 
271 
159 232 274 274 274 402 454 
128 167 413 
184 184 
30 35 35 174 180 341 483 483 
329 
8 8 8 276 276 276 350 
5 5 53 53 259 259 377 377 419 441 441 

159 159 305 305 477 482 482 
76 

236 275 303 415 415 
159 
219 454 
7 7 157 271 310 375 375 505 
503 
487 487 
40 40 55 60 79 83 83 83 104 104 117 138 148 148 148 191 192 201 201 230 237 237 267 275 278 344 344 351 356 415 432 460 460 
236 236 

268 268 342 342 405 
197 496 
62 62 62 

311 311 413 413 494 
325 
186 186 
70 70 184 184 
110 110 401 
150 408 

401 401 417 
286 413 


415 

273 273 354 
375 
70 184 409 
225 225 419 419 
184 184 324 
81 329 
410 

11 334 334 385 385 

271 
236 356 471 
239 239 
415 

3 7 203 218 233 266 282 287 401 427 442 442 
158 
5 256 256 354 
206 206 206 219 219 219 405 
230 236 
157 224 224 224 
415 
236 460 
5 
308 467 467 
192 192 298 347 
144 271 427 427 
177 177 
184 

193 251 382 382 413 
271 

184 
97 171 196 196 480 480 
184 184 184 426 426 
76 152 152 184 
408 
408 408 

68 68 169 169 425 
408 408 
281 
76 76 

339 339 339 
485 
230 415 
56 
159 227 227 392 392 
87 370 408 408 
184 184 354 396 
280 467 467 467 
210 210 
233 
243 243 
84 84 84 85 160 160 

80 96 96 96 122 214 319 349 354 354 354 384 398 398 418 418 429 455 467 
31 31 31 73 184 

398 398 
413 413 413 
314 354 
140 
42 96 96 
76 76 76 
42 359 
41 41 184 260 
72 153 153 153 244 503 
358 358 
7 

223 261 
39 39 39 71 369 428 428 


413 413 
264 264 385 413 
174 

199 
184 
46 46 301 301 301 381 381 408 453 470 
111 111 111 182 
222 
239 239 

69 147 236 236 447 
184 
27 76 76 459 459 
281 421 506 506 506 

314 481 
8 8 224 
236 
402 
76 
5 21 21 21 31 41 134 151 151 184 184 184 256 273 307 314 314 314 319 411 411 502 502 508 
12 184 184 202 
236 267 
367 431 496 496 
38 72 89 89 89 90 90 193 326 326 413 466 503 
61 81 323 

186 
65 193 193 

118 410 
415 

114 114 357 496 
137 137 137 
330 
306 
68 
36 106 190 
196 196 
154 
233 233 257 
174 174 174 
225 225 
101 101 

134 
0 0 46 64 339 339 395 395 
286 286 413 413 
63 415 
314 449 449 449 
264 264 334 413 
86 86 

487 
22 22 461 461 
17 17 455 455 

305 305 

81 495 495 
46 381 381 
184 307 

314 314 317 317 
445 445 
5 50 50 
110 247 250 250 271 
39 159 219 352 
427 427 
6 6 6 182 
239 274 
37 
413 413 
25 25 25 87 87 150 158 248 293 294 294 297 297 306 306 339 412 470 
184 184 258 
262 364 
354 354 
408 
45 45 74 76 77 92 119 128 132 132 132 132 141 155 161 174 175 175 182 187 193 196 196 220 243 243 251 286 318 318 318 333 333 334 358 382 382 385 407 407 455 455 500 500 
108 
37 57 57 116 201 201 230 230 236 254 269 277 303 365 383 432 
65 
149 250 
80 80 314 314 
225 259 259 
98 441 
347 
76 


296 
184 291 291 
271 282 282 403 403 
159 330 330 
314 

357 496 496 
236 415 


449 449 
22 


45 161 161 

1 5 5 225 225 420 
271 271 468 
5 5 
59 
41 41 41 399 399 
56 56 191 
344 
128 
384 384 384 435 435 467 467 
41 156 
184 
464 464 
339 
4 124 131 219 232 
314 390 390 413 413 
76 76 184 184 184 462 462 491 


346 346 
211 236 236 278 
389 389 497 
99 456 456 
63 63 63 
452 452 
86 
72 72 72 358 
215 280 280 308 308 308 314 449 449 
123 442 
159 511 
339 408 
101 101 267 
475 
185 185 
487 487 
472 

39 159 159 188 188 188 227 
76 207 
193 
290 290 
349 
227 227 
180 222 222 
184 184 
39 302 
120 489 489 
235 235 388 474 474 

31 31 486 486 
51 184 
126 126 185 185 456 
41 41 
3 
155 243 
81 394 394 
10 197 197 240 357 357 367 431 431 
461 
160 

413 413 
54 54 
354 354 
234 325 358 
5 
233 
347 347 347 
104 
198 354 
76 
159 159 159 
159 469 
