Nodes: 512, Edges: 729

441 441 
28 91 111 189 
271 
454 
34 34 48 48 50 50 50 88 184 255 255 273 273 354 400 441 443 504 508 
404 404 
233 
196 350 373 373 373 
271 
476 
264 
184 202 202 355 
76 76 76 
117 184 

24 184 

441 441 
104 
330 

108 108 115 331 331 389 414 
171 290 290 
16 76 
408 

76 76 168 
2 178 178 183 
56 
222 222 222 
172 315 315 354 354 486 486 489 
184 184 
67 192 
5 5 
210 222 222 
106 269 
415 
358 
62 159 163 231 231 241 241 302 302 330 402 402 405 477 485 
192 236 236 249 249 
85 99 137 151 151 156 160 184 354 399 399 445 450 492 

193 193 193 

76 413 
339 339 381 395 
76 346 346 
5 5 50 50 50 50 

5 5 5 48 48 48 48 
490 490 
184 345 
225 
76 299 501 
93 195 
29 236 

397 
444 
104 236 
359 
39 241 


193 362 416 
141 
33 192 281 281 347 347 
169 296 
236 344 344 
246 246 258 

325 358 358 466 
94 315 
413 413 
383 383 
13 13 13 24 27 27 45 47 54 107 109 109 184 186 186 196 196 199 199 207 208 228 242 245 245 245 292 292 299 322 346 346 346 353 354 360 413 440 509 509 
413 


314 314 418 
82 113 359 359 394 495 
81 142 142 142 143 143 
236 236 
348 
41 160 312 312 348 
386 386 508 
306 306 370 370 
5 504 504 
358 358 358 358 
358 
2 
413 
55 
73 315 

314 321 321 
171 
420 441 441 
41 457 462 462 462 
197 496 
140 195 195 378 
136 216 216 
146 379 379 379 379 425 
19 60 138 
184 
36 149 190 190 
76 
22 22 
76 76 199 
130 176 176 247 247 401 
2 182 195 340 340 
184 
81 
367 
22 
177 
14 125 135 136 136 184 
364 364 
222 413 413 
486 486 
143 143 
314 
468 468 468 
232 232 232 387 
117 
491 491 
480 
220 413 413 
415 
110 389 

413 413 
145 
354 
117 
102 117 117 
41 368 
104 
381 381 381 
101 320 
66 413 
82 82 82 389 
82 82 121 121 217 217 
282 282 
133 
103 
344 
236 236 236 304 
106 417 
248 408 
41 41 354 
213 213 364 364 
325 

494 
41 450 
276 374 
271 272 
39 188 219 231 231 231 305 305 330 330 402 433 469 469 477 511 511 
41 85 272 498 
413 

39 


477 
220 413 
27 
68 371 371 374 
471 
23 97 290 
31 
344 
222 335 376 413 
407 
110 110 247 
116 415 
28 28 183 183 


367 
111 220 340 413 413 444 
28 178 178 
5 12 14 16 32 32 41 52 76 105 112 117 221 246 258 260 284 291 292 292 307 324 338 345 345 354 355 366 409 415 426 451 451 451 484 
473 491 
76 76 361 440 
413 
159 
2 
106 106 372 
236 236 267 267 
33 40 67 236 281 
43 43 43 65 358 362 413 479 

55 101 101 111 236 
8 76 76 200 200 413 413 
100 476 496 496 496 
386 508 
76 76 109 207 337 
196 196 
236 415 415 
12 12 
271 


274 
76 199 
76 
328 
35 
460 460 

152 152 

467 
102 102 
143 143 

159 232 232 
128 167 182 413 
184 
30 30 30 35 35 119 174 314 314 341 376 413 483 483 483 
329 
350 
53 419 441 458 
292 
305 477 482 482 482 
76 245 
295 509 509 
236 236 275 275 275 415 
39 39 159 159 159 
124 124 124 219 219 
7 271 271 310 374 375 
503 503 503 
487 
40 40 56 60 69 83 83 148 148 148 191 191 192 195 201 230 230 237 267 275 278 344 344 351 356 356 415 415 432 432 438 460 460 487 487 487 
236 

268 268 342 342 405 405 
476 496 
39 39 62 
76 
311 311 413 413 
325 358 
76 76 76 228 
70 70 184 
110 110 176 
150 408 
40 40 
374 417 
270 270 413 413 413 


283 
5 5 
273 354 
375 
70 184 409 409 
419 419 
184 324 
329 
364 

11 385 
496 

191 191 236 356 356 
239 239 285 
36 
251 251 
3 9 158 203 233 233 282 282 287 287 297 297 339 375 375 391 408 453 
158 160 
5 5 256 472 472 475 
206 402 405 405 
230 230 230 236 
157 
415 
236 460 

308 467 467 
67 67 192 298 298 347 347 421 421 
144 144 271 271 
254 415 
184 
268 
382 382 413 
271 271 


23 23 171 
184 426 
76 76 184 184 226 410 
408 

229 
68 
271 271 408 
281 281 
54 76 

339 
39 39 485 485 

148 
159 159 227 
87 87 370 408 
184 354 465 
280 467 

233 
243 243 
85 85 

80 80 96 122 222 222 317 349 349 398 434 449 449 481 
31 31 73 94 

314 398 413 
413 

140 
96 96 323 
76 
321 
184 260 
72 153 244 503 


209 
223 261 
20 39 159 159 428 428 
22 22 
407 407 413 

385 413 
174 413 
486 
199 
184 415 
46 46 271 301 381 381 408 408 427 452 464 464 
111 111 182 
222 
239 239 

69 69 147 173 236 236 447 447 
52 184 184 
47 47 76 76 76 
67 67 281 281 421 421 421 
84 85 
314 314 481 481 
8 224 
236 415 432 

76 456 
5 31 31 41 76 134 151 184 256 307 411 450 462 490 502 502 508 508 508 
12 184 
236 236 267 267 
431 496 496 
38 72 72 89 89 89 89 90 193 244 466 466 503 
61 81 81 
76 
186 
65 193 

118 118 152 152 262 
415 415 
184 
114 181 390 496 
137 401 

87 87 306 
169 169 
190 
8 8 8 
157 169 233 250 417 
233 257 271 271 
174 222 

101 
103 103 103 103 

46 139 139 139 339 339 395 
286 286 
75 75 415 415 415 463 463 
449 
264 334 
86 86 198 
124 
487 
22 130 142 461 497 
367 
271 


81 495 495 
46 381 

58 
314 317 
41 41 445 445 
5 
110 368 
39 39 159 274 
427 
6 6 
39 239 239 274 274 

175 332 332 
25 150 248 271 293 297 306 339 339 412 437 470 
184 258 258 
292 
354 
408 
45 74 74 76 77 92 119 119 128 128 132 132 141 161 167 174 182 182 187 193 196 196 220 222 243 243 251 251 251 286 317 318 332 334 335 439 439 455 455 500 
22 497 497 
37 129 177 184 201 201 230 236 236 277 283 338 351 365 365 383 383 383 432 463 463 
65 
149 250 374 
80 
225 259 259 
98 441 441 441 
281 281 347 347 347 



103 
184 291 
339 403 
330 330 


357 496 
236 236 351 415 460 
159 
314 
449 

408 
236 
413 413 
76 186 
1 1 5 18 18 98 98 225 420 420 420 

5 
59 182 
41 399 399 

344 344 

314 314 384 435 
41 156 354 462 
184 184 184 
339 464 
271 
4 
413 413 
353 462 462 491 491 
99 
225 

211 211 236 236 278 432 
389 497 497 
99 99 99 354 450 456 456 
383 383 415 415 
339 339 452 
307 
72 358 358 
215 280 280 308 
123 123 123 
159 159 511 
408 
170 
273 273 475 475 
185 
487 487 487 
273 472 472 
10 197 240 496 
39 159 166 227 

193 
127 
314 349 349 
227 227 227 
222 222 222 
184 
39 302 302 
31 31 120 120 336 489 489 489 489 
235 236 236 236 388 474 474 474 

31 486 486 486 486 
51 51 354 
126 126 185 456 456 
41 

155 
81 394 394 
100 197 197 197 240 265 357 357 367 431 476 
389 414 414 461 461 
160 

413 
54 
354 354 
234 234 234 325 358 
5 88 88 



5 86 198 354 354 354 
76 76 229 229 

159 159 469 
