Nodes: 512, Edges: 729
301 381 

28 28 182 182 183 183 189 
271 271 271 493 
454 
34 34 50 88 184 198 225 255 273 279 279 354 354 441 441 443 443 475 504 508 508 

271 327 
224 350 373 373 

476 476 476 476 
264 
184 202 202 
76 76 
117 184 
182 
41 184 
390 455 455 
441 

330 
31 31 354 
115 331 331 414 436 461 
171 
76 

158 408 
76 
2 2 183 
56 

21 21 184 315 486 489 489 489 

67 192 
5 5 
210 222 309 309 413 
106 372 372 
406 415 

62 159 163 163 166 166 231 405 405 477 
192 192 236 236 249 
16 85 160 184 324 324 324 354 399 445 445 
321 321 
193 193 

76 413 
381 381 
346 459 
50 50 
236 236 236 
5 48 48 400 

184 345 
225 
76 501 
93 93 195 236 236 
29 236 304 
415 
294 397 
444 

359 
39 241 

381 
193 362 362 

33 192 192 281 
169 169 296 371 

184 184 246 
330 
325 325 358 466 

413 413 413 
463 463 
13 13 24 27 45 54 107 109 162 186 196 199 199 207 229 292 299 314 314 322 328 346 346 413 423 440 478 
413 
456 
236 
314 418 
82 82 261 261 289 329 359 394 495 
81 81 121 143 143 143 329 
236 236 
312 348 
41 160 160 312 348 
198 198 386 465 465 508 
306 370 
5 504 
358 358 358 


182 404 413 413 
55 55 
315 
418 
314 321 321 321 
290 290 
441 

476 496 
195 195 
117 216 
379 379 379 379 425 425 
138 138 507 
184 
36 149 190 190 
76 
414 
76 199 199 
130 130 176 247 247 
182 
184 

367 
22 
177 177 177 184 
14 102 125 184 184 236 

122 222 413 
486 486 486 489 
82 143 143 143 
119 
468 
232 387 387 454 
117 136 
491 

220 220 413 413 
236 
110 110 389 
454 
168 

354 

125 
184 368 368 
104 104 164 236 237 252 
381 
320 320 
358 413 413 

82 82 82 121 121 121 217 217 
282 
339 

344 
304 
106 250 
248 408 408 
354 
213 
325 
374 
494 


26 194 194 271 272 
39 205 219 219 227 227 305 330 402 402 433 433 477 510 
41 85 85 312 498 
413 413 439 
76 
39 39 
138 
329 
39 39 
220 413 
132 413 
68 68 371 
471 
23 290 

344 
222 335 335 335 
413 
110 247 
116 116 116 283 283 300 300 415 
183 183 183 

222 222 
367 
2 2 15 92 111 220 220 404 413 444 
2 2 28 178 178 178 
5 12 14 16 31 41 52 70 70 105 112 116 117 117 137 236 246 258 258 267 279 279 289 289 291 291 291 292 292 307 307 315 315 338 338 345 354 409 426 426 426 451 456 465 465 484 488 490 

76 440 440 

477 
2 
106 106 372 372 
236 236 267 285 304 446 
33 40 40 67 67 236 281 281 
43 43 65 286 358 413 413 500 
158 158 
55 101 101 236 236 
76 200 350 373 413 413 
240 496 
5 86 86 279 508 
76 76 109 109 207 337 
196 
236 236 415 415 
12 12 
271 
268 268 
159 
274 274 
76 199 478 478 


35 


152 
314 314 
314 
102 
143 143 

159 159 232 232 274 402 454 
128 128 167 182 182 413 413 

35 119 174 180 180 314 376 413 483 

8 313 350 350 
5 53 259 377 377 441 441 

159 159 477 482 

76 295 295 295 509 509 
275 303 415 
39 
124 219 219 454 454 
238 310 310 375 375 505 
503 

40 40 49 49 49 55 55 56 79 83 83 117 129 138 184 191 191 192 195 195 201 201 237 237 237 267 267 344 351 351 356 356 415 415 432 460 460 460 487 487 
138 236 236 236 
233 
268 342 
197 357 476 496 
62 

311 413 413 
358 

70 184 
110 110 176 288 
150 408 
40 
149 417 
270 286 413 413 
138 

415 
5 
354 354 
375 375 
184 184 409 
225 419 419 
324 
81 81 
364 
315 315 315 
11 334 334 385 

271 271 271 
184 191 236 236 268 
204 204 239 267 
415 
251 
3 3 3 7 158 203 266 266 266 282 282 287 339 354 391 391 408 408 412 427 442 453 
158 
5 
206 206 219 402 402 405 
230 


460 
5 5 184 184 198 
308 308 467 
67 192 192 421 
144 271 271 
177 177 415 

191 
193 251 382 382 413 413 
271 
247 
81 184 184 
97 97 171 480 480 
184 184 184 426 426 
76 184 184 364 364 410 

58 397 397 397 408 
229 229 229 
68 

347 
76 
177 177 
0 339 339 339 
485 485 
230 415 
56 148 191 
159 392 
87 370 
184 184 396 465 
280 280 467 
35 35 
233 233 
243 
84 85 160 
224 
76 76 80 96 214 214 215 222 349 349 354 384 398 398 413 418 429 434 449 455 455 467 481 481 
31 94 184 184 263 263 263 486 

413 
413 413 413 
354 354 
140 140 
42 42 96 96 96 323 
76 
321 
41 41 41 260 
72 72 153 

7 
76 
81 82 165 
20 71 159 369 428 
22 22 
407 413 

264 264 385 413 
174 174 174 413 
486 
199 
184 184 
145 271 301 301 301 408 452 452 


239 

147 173 236 447 447 
52 184 
47 76 76 
298 421 506 506 
84 85 
314 314 481 
8 196 224 224 
236 236 415 432 
402 402 402 
456 456 
5 5 21 41 134 151 184 256 256 271 314 319 319 411 450 462 490 502 

236 236 
240 367 431 496 496 496 
72 89 89 89 141 193 244 503 
61 81 


65 65 413 413 

262 292 292 410 
415 415 

114 181 357 390 390 390 
137 137 
330 
87 306 
68 169 
36 36 190 190 
8 8 196 
154 417 442 
233 233 257 257 
222 
225 225 

103 103 103 103 

0 46 46 64 139 408 
286 286 413 
415 415 463 463 
314 
264 334 413 413 
86 
124 124 

130 461 461 497 
17 367 367 367 455 455 455 
271 271 
305 

81 495 

307 
58 294 294 294 
314 314 
41 445 
50 

159 159 219 274 274 352 352 352 

92 182 
39 39 274 
37 
332 413 
26 150 150 248 271 271 294 339 381 437 437 
184 258 
292 364 
354 
271 
35 45 74 74 74 76 77 92 92 119 128 128 141 141 161 161 167 168 175 182 193 193 196 196 220 220 222 243 243 251 251 286 286 314 317 318 318 318 332 334 335 362 362 382 385 385 407 439 455 455 455 
22 108 
37 57 177 201 201 230 236 236 254 269 283 303 351 365 365 383 383 432 432 

250 374 
80 95 314 
259 259 
441 
281 347 

76 

103 103 
184 184 184 291 291 
271 
330 
314 

357 496 
236 351 415 415 460 460 
159 159 
314 
449 
22 
408 408 

161 413 
76 186 186 
5 5 18 98 225 225 420 
271 374 468 
5 5 456 
59 182 
41 41 399 
191 
344 344 

314 435 467 
354 
184 
339 339 464 
271 
4 124 131 219 232 232 
17 17 314 314 390 390 390 413 413 413 
78 184 353 353 443 462 491 


47 
236 236 236 278 432 432 
22 389 389 497 
354 456 
75 75 383 383 
452 
86 86 184 184 307 
72 
280 308 314 449 
123 442 


170 
475 

487 487 
5 472 
10 10 10 10 100 240 496 
39 159 188 227 
76 207 207 

290 290 
314 314 349 
227 
222 
184 
302 302 
31 120 120 120 315 336 489 489 489 
236 236 474 474 
184 
31 31 31 120 486 486 486 
184 354 
126 456 

3 
155 
81 394 
100 197 240 357 357 357 431 476 
389 461 
160 

193 
54 
354 
234 358 
5 88 
233 
347 347 
104 
5 5 86 198 
229 229 
159 

