Nodes: 512, Edges: 729
381 
441 
91 91 111 182 183 
271 493 493 
454 
34 34 34 48 50 50 88 184 184 225 225 225 255 255 255 273 354 400 441 458 475 504 504 

233 327 
196 224 224 373 
271 
476 
264 
184 202 355 

117 
182 182 182 444 
24 41 
390 
441 441 
104 
330 
354 
108 108 115 115 389 389 414 414 436 461 
290 290 
16 
408 408 
158 
76 76 168 
178 183 

180 222 
172 172 184 
184 184 
67 192 
5 5 5 
222 309 413 413 
372 
406 415 
358 358 
62 166 231 231 402 485 485 485 
192 236 
16 85 85 99 137 156 160 160 354 399 399 450 492 492 
323 323 
193 
137 
76 76 
339 381 395 
346 
5 50 50 

5 5 48 48 400 

345 345 

299 299 501 
93 195 
191 236 446 
415 
294 
444 
104 236 236 236 
81 
39 241 241 330 
383 463 

193 362 362 362 416 
141 141 
33 192 
296 296 371 

246 246 246 

89 325 325 358 358 
94 94 
413 413 
383 383 463 
27 27 45 45 162 162 162 184 184 196 199 208 228 242 245 245 292 299 299 314 314 322 353 353 354 360 413 413 413 440 456 456 478 509 
196 


314 418 
61 184 184 261 289 359 359 394 
121 121 142 143 329 329 389 
236 236 
85 85 
41 41 84 84 160 312 312 348 
465 508 508 
306 370 408 
5 
72 358 358 
358 358 
2 2 
182 
55 
73 73 315 315 

314 321 321 321 
171 290 290 
441 
41 462 
197 496 
140 140 195 378 471 
117 136 136 136 216 
146 379 379 379 425 
19 60 138 507 
184 
149 149 190 

22 22 
199 199 199 
176 247 247 401 401 
2 340 
184 184 


22 22 
177 177 
14 102 125 125 125 135 236 
364 364 
122 413 
486 
82 82 
119 
468 
232 232 387 454 
117 117 117 136 136 
185 185 491 

220 220 220 413 413 448 
236 415 

454 
413 413 
145 
354 380 
117 
102 102 102 125 125 
41 44 184 184 368 
104 164 236 
381 
101 101 320 
66 66 358 413 413 
82 389 
82 
282 
133 
103 
236 344 

106 106 
248 248 408 408 
354 
213 213 

374 
494 
41 450 450 
233 276 
26 194 271 272 
188 205 205 219 227 231 305 330 428 428 433 469 477 477 511 
41 41 85 312 312 498 
413 413 439 
76 76 76 322 322 

138 
329 
39 477 
220 413 
27 413 413 
179 296 371 371 
471 
97 
31 31 
344 344 
222 335 413 413 
413 413 413 
110 247 
116 116 300 300 
28 183 
169 
30 222 483 
367 
2 15 15 15 92 220 316 363 413 444 444 
2 28 178 
5 5 12 31 32 32 76 76 81 81 105 112 112 137 137 213 221 221 260 260 279 284 284 289 289 291 292 292 315 315 324 338 345 354 366 366 451 465 465 484 484 488 490 
126 126 473 473 
245 245 
413 413 
159 477 

106 372 
56 285 304 
33 40 67 
43 65 286 286 358 362 362 413 479 
158 
55 101 236 267 471 471 
8 76 77 200 200 200 290 290 350 350 373 373 413 413 
100 240 496 496 
279 386 508 
76 109 109 109 207 207 337 337 
196 196 196 

12 

268 
159 159 
274 
199 199 478 
76 
328 
309 
460 
233 
152 152 184 
215 215 314 
214 214 314 314 467 467 
102 

271 
159 274 454 454 
128 128 128 167 182 413 413 
184 184 
30 35 174 180 341 413 413 483 

8 8 276 350 
5 5 5 259 377 393 441 458 
292 
159 305 343 
76 

303 303 415 
39 39 159 
124 124 
7 157 212 271 271 271 296 310 

487 
40 56 60 60 60 83 83 117 129 138 147 195 237 267 275 278 344 351 351 356 356 432 460 460 487 
236 

268 342 
197 
62 62 
76 
311 413 
325 
76 76 186 186 
70 70 70 
110 110 176 
150 150 408 

442 


330 

5 5 5 
273 354 

409 409 409 
225 419 419 
184 184 
81 
364 
315 
11 385 
496 
271 
195 236 356 471 
204 239 


3 9 158 218 233 233 233 266 282 287 327 339 368 374 374 374 375 391 391 401 408 408 408 412 442 442 453 453 
158 
5 256 354 354 472 475 475 
206 219 
236 
157 224 
415 
236 460 
184 198 496 
308 308 449 
298 347 421 421 
144 271 427 
415 
184 184 
191 
193 193 
271 

81 184 184 
23 23 97 97 196 196 480 480 
184 426 
76 184 184 226 410 410 
408 
58 408 

68 68 169 233 425 425 
408 
281 347 
54 54 76 76 
177 177 
339 

230 230 415 415 
191 
159 227 392 392 
87 370 370 370 408 
354 465 
280 280 
35 210 
233 
243 424 
85 85 160 160 

76 76 80 96 214 215 215 319 319 349 349 354 418 429 429 434 449 449 449 449 467 481 
94 94 184 184 263 
182 


314 314 354 354 
140 396 
96 96 96 323 
76 162 162 
42 42 321 
184 459 
72 72 244 503 

7 271 
209 
82 82 165 
20 62 159 253 369 428 428 428 

407 413 413 

413 413 
174 413 

199 199 
184 415 
46 271 301 381 381 408 408 427 427 427 452 453 
111 
222 
239 
227 
147 173 173 236 447 
52 52 184 
47 
281 298 
85 
314 314 481 
196 196 224 
236 236 415 
402 402 
76 76 456 
5 21 41 76 134 151 184 256 273 273 307 314 319 319 411 462 502 
12 
236 236 267 
496 
38 38 72 72 89 89 90 90 141 193 413 413 413 503 503 
81 81 
76 

65 65 65 193 193 413 
182 
118 118 262 
415 415 415 
184 184 
181 390 390 390 496 
137 271 
330 
87 306 306 306 
68 169 169 
36 190 
8 196 196 
154 271 271 271 
271 

225 
101 
103 103 103 
134 
0 46 139 339 339 

63 75 75 415 415 432 432 463 

264 
198 
124 
487 487 
22 22 82 142 461 497 
17 367 367 367 455 455 
271 271 
305 305 
225 
81 495 495 
46 
320 


41 41 
5 50 
110 110 271 
39 352 352 
427 


37 
332 413 
25 25 87 150 150 248 271 271 271 293 294 297 306 339 339 412 412 412 437 
258 258 258 
292 292 
354 
271 408 408 408 
35 35 74 74 76 76 76 119 128 128 132 132 141 141 161 161 167 168 168 174 174 175 175 175 182 187 187 193 196 196 220 220 222 222 243 332 332 334 334 335 358 358 358 362 407 448 455 
22 22 
37 57 129 230 277 283 303 303 338 351 365 365 365 383 383 432 432 463 
65 

80 314 
259 259 
441 441 
281 281 


311 
103 296 296 
291 
282 339 339 339 403 
159 159 330 330 330 
314 314 

496 
236 383 383 415 415 
159 
314 
449 
22 
408 
470 
161 
76 
1 5 18 18 98 225 420 420 
250 271 271 468 
456 
15 59 182 182 

56 
344 
128 413 
280 314 314 314 314 435 467 
41 156 156 
184 
339 464 464 
271 271 339 
4 124 131 219 219 
390 390 413 
76 76 353 443 462 491 

5 225 
324 
211 236 236 278 
22 389 497 
99 354 456 
63 75 383 415 
452 452 
86 184 184 307 

215 215 314 449 
123 442 
159 511 
438 
101 170 195 195 267 
273 475 475 
185 185 

5 273 273 472 472 
10 
159 159 166 188 
76 207 
193 
290 290 
314 349 

180 222 
184 184 
39 39 39 
120 489 489 
235 236 388 388 
184 
486 486 
184 
126 456 
41 41 
3 3 
155 
394 394 
100 197 197 265 279 357 367 431 
389 461 
160 


54 
354 
325 358 358 
5 5 


104 
86 86 198 
76 

159 469 
