Nodes: 512, Edges: 729


183 183 
271 493 
454 454 
34 48 50 50 88 273 354 441 443 443 475 475 504 508 
404 
233 271 327 
224 

476 476 476 

184 355 355 
76 
52 184 
182 444 444 
24 41 41 41 41 
455 
441 
104 104 
330 
354 354 354 
331 331 389 436 
171 
16 76 
408 408 
158 
346 346 
183 183 
56 56 
180 180 
172 315 354 486 489 

192 
5 
210 222 222 309 
106 106 269 372 372 372 
406 415 415 
358 
62 159 163 166 219 219 241 267 302 330 402 405 405 477 477 485 485 485 
192 
16 16 16 16 99 137 151 151 156 160 184 399 399 445 445 445 450 
323 

137 
76 76 76 439 
339 381 395 
459 
5 50 
236 236 
5 5 48 400 
490 
14 345 
225 
76 76 299 501 
93 
29 29 236 236 
415 
294 397 397 
444 
104 104 104 
81 81 
39 330 
383 
381 381 
362 416 416 

192 192 281 

236 236 
246 

89 325 466 
94 
413 413 
383 463 
13 24 45 45 45 54 54 199 207 228 242 314 322 346 346 353 354 360 413 422 440 456 509 
413 

236 236 
314 314 418 
61 61 82 184 184 261 289 329 329 394 495 
81 142 142 143 389 
236 236 
312 348 348 348 
160 160 160 312 312 312 348 
198 386 465 465 508 
370 370 408 
5 
72 358 


182 182 413 
55 
73 315 
418 
314 314 321 
171 290 
420 420 441 441 
41 457 
197 496 
140 140 195 378 471 471 
117 136 216 
146 379 379 379 379 
19 19 60 60 60 138 236 236 507 507 
184 190 
36 36 149 190 372 

414 414 414 
199 199 
130 176 401 
182 182 195 195 340 340 
184 184 

367 

415 
102 125 135 136 184 236 

122 122 

143 143 
119 119 

232 454 
117 136 
185 491 
480 480 
448 
236 415 415 
110 
454 
168 413 
145 
354 354 380 380 
117 
102 117 125 
41 44 184 184 184 368 368 
104 236 
294 381 381 381 
101 101 320 
358 413 
82 82 
82 121 121 217 

133 
103 
236 236 344 344 
236 
106 417 417 
248 
41 41 
213 364 

374 374 374 

41 450 
233 
26 271 272 408 408 408 
39 219 219 227 227 231 231 330 330 402 402 428 433 433 469 510 510 511 511 
41 85 85 85 498 
413 439 
322 322 
39 

329 
39 477 
220 413 
132 413 413 
371 
471 
23 97 290 290 
31 
344 344 
222 335 376 
413 413 
110 247 247 
300 415 
183 183 

30 30 222 483 
367 
15 92 92 111 111 363 
2 2 28 28 178 178 
12 14 41 81 81 105 112 112 117 137 137 137 213 213 221 221 221 246 246 258 260 267 267 279 284 291 307 315 345 354 354 366 396 415 426 426 456 484 484 488 490 
126 491 
245 245 361 

477 

105 106 372 
236 285 285 304 446 
33 40 67 67 236 281 281 281 
286 358 362 362 413 413 500 

101 111 111 236 236 267 
200 350 373 413 
100 496 496 
86 279 508 
76 109 109 207 337 
196 
236 415 415 


267 267 268 

274 
76 199 478 

328 
35 
460 460 
233 
152 184 184 

467 467 
102 
143 
271 
39 39 159 159 274 402 454 
167 413 
184 184 184 
35 35 174 180 314 341 376 376 413 483 

8 276 350 350 
53 393 419 441 441 
292 
159 159 305 343 343 392 482 
76 245 
509 509 
236 415 
159 159 
124 
7 157 212 296 296 310 310 
503 
487 
49 49 56 56 69 69 79 79 83 83 104 104 117 129 138 147 147 148 191 192 195 195 201 230 237 275 344 356 356 415 432 438 460 460 460 487 
236 

268 342 

39 
76 
311 311 311 413 413 
325 325 
186 186 228 
70 184 184 
176 176 288 
150 408 

401 417 417 
286 286 

330 
415 415 

273 354 354 

184 
419 419 419 
184 
81 329 
364 364 410 

334 385 
496 496 
271 
39 184 184 195 204 204 268 356 
204 239 267 285 
36 

3 7 158 218 266 287 287 287 297 339 354 374 374 375 375 401 408 408 427 427 442 442 
158 
5 256 472 475 
206 219 402 405 405 405 
236 
224 
415 415 415 
460 460 
184 198 496 
449 449 449 467 467 
67 192 192 192 298 347 347 

415 
184 
191 191 268 
193 251 251 382 413 
271 271 271 
247 
81 
97 171 171 
184 
226 
408 
58 139 

233 233 425 
271 408 
281 347 
54 413 413 
177 
339 
39 
415 415 
191 
227 392 392 
370 370 408 408 
184 465 

35 
233 233 
243 243 243 
84 85 85 85 

76 80 80 96 96 222 317 317 319 349 384 384 413 413 418 418 429 434 449 455 467 481 481 
31 94 184 486 

314 314 398 398 
413 413 
314 354 
140 
96 
76 162 162 
42 359 

72 244 244 503 

7 
209 
81 81 165 261 
20 39 62 159 159 253 428 
22 22 
407 413 
413 
264 
174 413 
486 486 
199 
415 
46 271 301 381 381 381 427 464 464 
111 111 
222 
239 
227 227 
147 147 173 173 236 
52 184 
27 27 76 76 459 
281 281 298 421 506 
84 84 84 85 
314 
196 224 224 
415 432 
482 
76 456 
5 21 21 21 31 76 134 134 184 184 256 256 271 319 450 462 490 502 
12 12 
236 236 267 
367 496 
38 89 141 193 503 503 
323 
76 
186 
65 193 193 
182 
152 262 262 410 410 

184 
114 181 357 
137 137 

87 87 306 306 
169 
36 36 36 106 190 
196 
154 154 154 271 271 442 442 
271 271 
174 222 222 

101 
103 103 103 103 
134 134 
46 64 64 139 139 139 339 339 339 395 395 408 408 
286 
63 75 415 415 415 
314 314 
264 
86 

487 487 487 
22 82 461 461 461 
455 

227 305 305 
225 
81 495 495 
46 381 381 
184 
58 58 
317 317 
41 41 445 445 
50 
110 250 271 
39 159 159 219 274 
427 
6 499 
39 39 274 274 274 
37 
332 413 
25 25 87 158 158 158 248 271 271 293 297 306 306 381 381 412 437 470 470 470 

262 364 364 

408 
74 74 76 77 92 132 141 161 167 168 168 175 175 193 193 196 220 222 243 243 286 299 299 314 314 318 318 332 333 335 407 439 439 448 
108 108 108 
37 37 57 116 129 129 177 184 201 201 230 236 254 254 277 277 277 283 303 303 338 351 383 383 383 432 432 463 463 
65 65 
149 149 250 250 
80 95 314 314 
225 259 259 259 
98 98 441 441 
347 
76 


296 
184 184 
271 271 339 403 
159 330 
314 


236 351 415 415 
159 159 
314 
449 449 
22 
408 
236 
45 161 413 413 
76 
5 18 98 98 225 225 420 420 
271 271 374 374 468 
5 5 
15 15 59 
41 41 41 399 399 
191 

128 413 
280 280 280 314 435 435 467 
41 156 354 462 

464 464 

4 4 124 131 219 
17 314 390 
76 184 353 462 
99 

47 346 
211 211 236 236 236 278 278 
389 389 389 497 
354 450 456 
75 415 415 
339 339 452 452 
86 86 307 
72 
215 215 280 280 314 449 
442 
159 
408 408 408 
101 101 170 
273 475 

487 487 487 
5 5 273 472 
10 10 10 496 
39 39 166 188 
207 

127 127 
314 314 
227 352 
180 222 
184 184 
39 39 39 
31 315 336 336 489 489 
235 236 388 388 388 474 474 474 
184 
31 486 486 
51 184 354 
126 185 

3 

81 394 394 
100 197 197 265 265 279 357 476 
461 
160 
404 
193 
54 
354 
234 325 358 358 
5 

347 
104 104 
5 86 198 
76 229 229 
159 159 
159 159 
