Nodes: 512, Edges: 729


182 183 183 189 
493 
454 
48 50 88 184 198 198 198 225 279 400 400 441 441 475 504 508 
404 
233 327 
224 313 313 373 

476 476 
264 
184 184 202 202 355 355 

52 184 
182 316 444 444 
24 41 41 
455 
441 
104 
330 
31 
389 414 414 436 436 
171 290 290 
16 

158 408 
76 
178 183 

180 180 222 222 
21 172 184 184 315 315 354 486 486 

67 

210 222 309 309 
372 372 
406 415 415 
358 
163 166 166 166 219 219 231 330 402 405 477 477 485 
192 236 236 249 249 
16 16 85 99 99 151 151 156 160 324 354 399 445 445 450 492 
323 
193 193 

76 413 439 
64 339 381 395 395 
76 76 459 
5 50 50 
236 236 
5 48 48 400 400 
490 490 
14 345 345 
225 
299 501 501 
93 93 195 195 
191 304 304 487 
415 
397 
444 
104 104 
81 
241 241 330 330 330 
383 463 
46 381 
193 362 362 416 416 

33 281 347 
169 296 
236 344 344 
184 184 246 246 258 

89 358 466 466 

413 
463 
27 45 47 47 107 107 107 109 162 184 184 186 199 199 207 229 242 242 292 292 322 328 346 346 353 354 440 440 456 456 478 509 
196 


314 
61 82 113 184 261 289 329 329 394 
81 121 121 143 143 143 
236 

41 312 312 
198 198 198 386 465 465 508 
370 408 
5 190 504 
72 358 358 
358 

404 413 413 
55 55 
315 315 
418 418 
314 314 314 
171 290 
420 
41 41 462 462 462 
496 
195 378 378 471 
117 117 136 216 
146 379 379 
19 60 60 138 138 138 507 
184 184 
149 149 
76 76 76 
414 
76 
130 401 
182 195 340 340 340 
184 184 
81 


177 177 177 
102 102 135 135 

122 222 222 413 
489 
82 82 
119 314 
468 
232 232 454 454 
136 
185 185 491 
480 
220 220 413 
236 
110 389 
454 
413 413 413 
145 
354 
117 117 
102 125 
184 368 
104 104 104 
381 

358 358 
389 
82 82 82 217 

133 339 
103 
236 
236 
106 106 250 
339 
41 41 
213 213 292 292 292 364 
325 

494 494 
41 450 450 450 
233 
26 194 408 408 
188 188 205 219 219 219 227 227 227 231 231 305 305 402 428 428 433 433 469 477 510 
41 272 272 498 498 498 
413 439 439 
76 
39 

329 329 
39 39 39 
220 220 413 
413 413 
68 296 

23 97 290 
31 
344 344 
222 335 376 376 
407 413 

116 116 116 283 415 415 
28 

30 30 

2 15 111 220 340 404 413 444 
2 2 28 
5 12 12 14 31 31 70 70 76 76 81 105 105 112 112 137 213 213 236 258 260 260 267 279 284 284 289 291 292 307 315 324 338 345 345 354 366 366 415 415 415 426 426 451 456 465 484 484 488 490 490 
126 126 
76 245 

159 159 
2 
88 
56 267 285 285 285 
40 236 236 236 
43 43 65 358 413 413 479 
158 
55 55 101 111 471 
77 200 200 

5 5 5 86 86 86 279 386 386 508 
76 76 337 
196 196 
236 236 415 415 
12 12 355 501 
271 
267 267 
159 
274 
76 478 

328 
35 309 
460 460 

152 152 184 184 
215 314 314 
214 467 467 
102 
143 

39 39 159 159 159 232 274 402 454 
128 128 167 167 182 413 

30 30 35 119 119 174 314 341 376 413 483 
329 
8 276 313 350 350 
5 53 259 259 377 393 
292 292 
159 159 159 305 343 392 477 482 482 482 482 

76 
236 303 303 415 
39 159 159 
124 124 219 454 454 
7 157 238 271 271 271 296 296 375 505 
503 
487 
40 40 49 49 69 83 129 147 148 184 192 192 192 201 201 230 237 267 278 278 344 344 344 415 415 415 432 460 
236 
233 
268 405 405 
357 476 
62 62 
76 76 
311 413 413 494 
325 325 
186 
70 70 
288 401 401 
408 408 
40 40 
149 401 401 417 
270 270 413 


283 


375 
70 184 
225 225 419 419 
184 184 
81 
364 364 410 410 410 
315 315 
11 334 334 385 385 


184 191 204 204 236 268 471 
239 267 
415 
251 251 
203 233 233 233 282 287 327 375 391 391 408 408 442 
160 160 
354 354 354 472 475 
206 219 

224 

236 236 460 
5 184 198 496 
308 
67 347 347 
271 
177 254 415 
184 184 
191 191 191 
382 382 
271 
247 
81 184 
23 23 97 171 480 480 
184 426 
76 76 152 152 152 184 226 226 364 
408 408 
397 397 408 408 

68 169 233 233 425 
408 408 

54 413 


485 
230 230 415 
56 56 
159 159 227 
408 
184 354 396 465 465 
280 
35 35 210 

243 
85 85 
8 8 224 
80 96 96 96 122 214 214 222 317 349 349 354 354 384 384 398 413 413 418 467 467 481 
31 31 94 94 184 263 263 336 336 486 486 
15 
314 398 

354 

323 
76 
42 321 
41 184 459 
153 244 244 503 
358 
7 271 
76 209 
81 81 165 165 223 
20 39 62 62 62 369 428 428 428 

413 

264 264 385 
174 413 413 
315 315 
199 
184 415 415 446 
46 145 150 381 427 470 
111 111 111 182 
222 

227 
69 69 173 173 236 236 236 
52 52 184 184 
76 76 
67 281 281 421 506 

314 314 481 
224 224 
432 432 
402 402 482 
76 456 
31 41 76 134 184 273 273 273 307 314 314 319 411 411 411 490 502 508 
12 12 202 

240 367 367 431 496 496 496 
38 72 89 89 90 141 141 193 326 466 466 466 503 



65 65 

152 262 262 292 410 
415 415 
184 184 
357 357 390 
137 
330 
87 

36 36 
8 

233 257 271 
174 174 222 
225 
101 101 
103 103 

46 64 139 339 395 
286 286 413 
63 432 463 463 
314 314 449 
264 264 334 413 
86 198 198 


22 130 142 
367 455 
271 271 
227 
225 
81 
46 46 381 
307 
58 294 294 
314 317 
41 445 
5 5 50 50 
110 247 247 250 250 
39 159 219 352 352 

6 92 182 
39 239 239 
37 
175 413 
26 87 158 158 248 248 271 271 293 293 294 294 297 297 306 412 437 470 

262 262 262 364 
354 354 354 
408 
45 74 92 92 119 128 132 132 132 161 167 168 168 175 182 193 193 220 222 243 243 251 299 314 314 332 335 335 382 385 407 448 448 455 500 500 
22 22 108 
37 37 57 177 177 184 184 184 201 201 230 236 236 236 269 283 303 338 338 365 365 432 463 
65 65 
250 
95 95 314 
259 259 
98 441 
347 



296 
184 184 291 
339 
159 159 330 330 330 


357 
236 351 351 383 415 
159 159 

449 
22 22 
408 
470 
45 161 161 
76 76 
5 5 18 420 
271 
456 
15 15 59 182 
41 41 399 
338 

413 413 
384 435 467 
41 156 156 156 
184 
464 

4 124 124 131 219 232 232 
17 390 413 
76 76 184 353 443 491 


47 324 
211 211 236 278 
497 
99 99 99 
63 75 383 383 415 
452 
86 86 184 307 307 
72 72 358 358 358 
215 215 314 314 449 
123 
159 511 511 511 
339 408 438 
101 195 267 
273 

487 
5 273 
10 10 240 496 
39 39 159 227 
76 207 
193 
127 290 290 
314 349 
227 227 227 227 352 
222 
184 184 
39 302 
31 31 315 315 489 
56 235 474 
184 
120 486 
51 51 184 184 354 
126 456 
41 
3 
155 155 243 

100 279 357 357 357 476 
461 
160 160 160 

413 413 
54 54 202 
354 
234 325 358 
5 88 
233 
347 
104 
5 86 198 354 
76 
159 
469 469 469 
