Nodes: 512, Edges: 729
381 

28 28 91 111 182 189 
271 493 493 
454 
48 48 50 50 225 225 225 273 273 354 354 400 400 441 443 458 475 504 504 
404 
233 271 327 
196 224 350 373 


264 
184 355 

117 117 184 
182 316 
41 
455 
441 441 
104 

31 354 354 354 
108 108 115 331 331 436 461 461 
171 171 290 

408 408 
158 158 408 
346 346 
2 2 178 178 183 183 
56 
180 222 
21 172 172 315 354 486 

67 192 

222 222 309 309 413 
372 
406 415 
358 
219 231 302 302 330 405 405 477 
236 249 
16 85 85 99 137 137 151 156 160 160 324 324 354 354 445 445 450 492 
321 


76 413 
64 339 
346 459 459 
5 5 50 
236 236 
5 5 48 400 

345 345 
225 
76 299 299 501 
93 236 236 
29 304 304 446 
415 
294 397 

104 104 236 236 
81 
241 330 
463 
46 381 
193 362 416 

33 192 281 
169 

184 246 


94 94 315 
413 
383 383 463 463 
45 54 107 107 109 109 162 184 196 199 199 245 292 292 292 314 322 328 328 346 353 353 360 413 423 423 423 456 478 509 509 
413 413 

236 
314 418 
61 82 82 184 261 261 329 329 359 389 389 394 394 495 
81 81 121 143 143 329 329 329 389 
236 236 
85 312 
41 41 84 348 
198 198 386 465 465 
306 370 408 408 
504 
358 
358 
2 
182 413 413 
55 
73 73 
418 
314 321 321 
171 171 290 
420 420 441 441 
41 462 462 

140 140 378 471 
117 117 136 216 216 
379 379 379 379 
19 60 60 138 236 236 
184 
190 372 372 
76 76 
22 22 
76 76 
130 247 
2 182 195 340 
184 184 


22 
177 184 184 415 
14 14 102 102 135 136 136 184 184 184 236 
364 
122 222 413 

82 
119 314 
468 468 
232 232 387 
136 136 
491 
480 480 
220 220 413 448 448 
236 415 
110 177 
454 
413 
145 145 145 
354 380 380 
117 
102 117 117 125 125 
41 41 184 184 
104 164 237 
381 381 
101 101 320 
358 358 413 
389 
82 82 
282 282 282 
133 133 133 339 

236 
236 236 


41 354 
213 292 364 

374 

41 450 450 
233 233 276 
26 26 194 272 408 408 
188 219 219 402 433 433 469 477 477 510 
41 41 272 312 

76 322 322 322 

138 
329 
477 477 
220 413 413 

68 179 296 371 

23 23 97 97 290 
31 31 

222 376 413 
407 

116 130 300 300 
28 28 
169 
30 483 
367 
2 15 92 111 220 316 363 363 404 404 444 444 
28 28 
12 14 70 76 81 105 112 112 116 116 117 117 117 137 137 213 236 246 260 279 284 289 289 291 307 324 338 338 338 345 345 345 354 355 409 451 451 456 465 

245 440 
413 
159 477 
2 
106 372 372 
267 285 
33 67 281 281 281 
65 358 479 500 500 
158 
111 236 267 267 267 
8 76 200 290 350 350 413 
496 496 
86 86 386 508 
76 76 207 337 337 337 
196 
236 415 
355 501 
271 
268 

274 274 274 
199 478 

328 328 
309 309 
460 
233 
152 184 
215 215 215 314 
214 214 214 314 467 
102 102 

271 
39 159 159 274 454 
128 128 167 182 413 413 

30 35 35 119 174 314 341 376 413 413 483 
329 
8 276 313 
5 5 5 53 259 393 393 419 441 458 458 

305 343 392 477 482 

295 509 
275 275 303 
39 
124 124 454 
7 157 157 212 238 271 310 310 505 
503 

40 49 49 55 55 60 60 79 83 83 104 104 117 129 147 148 148 184 195 201 237 237 275 278 344 351 356 356 415 415 415 432 438 438 460 460 487 
138 236 236 
233 
268 268 342 342 
476 
62 

311 
325 
76 186 
70 184 
110 288 288 401 

40 
401 
270 270 286 413 

330 
283 

354 
375 375 375 
409 409 
225 419 419 
184 324 
81 81 329 

315 
11 385 385 
496 
271 
191 195 195 195 356 
204 239 239 
415 
251 251 
3 7 203 218 233 266 297 339 354 374 375 375 391 401 427 453 453 
158 160 
5 5 472 475 
206 206 206 219 402 
230 230 236 
157 224 
415 
236 460 460 
184 
449 
67 192 192 192 298 421 421 
144 144 144 
254 415 415 
184 
191 
251 382 

247 247 
184 184 
23 97 171 196 
184 426 
76 76 76 152 364 
408 
58 397 408 408 
229 
169 425 425 
271 
281 
54 54 413 
177 177 

39 39 485 485 
230 415 
56 56 
227 392 
87 370 408 408 408 
184 354 354 396 396 465 
467 
35 35 210 210 
233 233 
243 
84 160 
224 
76 80 96 122 214 215 222 319 319 349 354 413 418 418 429 434 449 449 455 455 467 481 
31 73 263 486 
15 182 
413 
413 413 413 
314 314 354 
140 
42 96 96 
76 162 162 162 
359 
41 41 184 260 
244 503 503 503 

7 
76 76 209 209 
81 81 82 82 82 165 223 261 
39 62 253 369 428 430 
22 22 
407 407 
413 413 
385 
413 

199 199 199 
184 184 184 
46 145 271 381 381 408 464 470 
111 
222 
239 239 
227 
236 
52 52 184 184 184 
27 27 47 76 459 
506 
85 
314 481 
8 196 196 
236 432 
482 
76 76 
5 5 21 21 21 31 41 41 134 151 184 256 271 307 307 314 319 411 411 450 462 462 490 502 508 
12 184 202 
236 236 267 
367 367 431 496 496 
38 89 90 141 141 193 413 
81 323 
76 

65 
182 182 
118 152 292 410 
415 

181 357 357 390 496 

330 
87 306 
169 
36 106 106 190 190 
8 
154 271 
257 257 257 271 271 
174 222 

101 
103 103 103 103 
134 134 
0 64 139 139 339 339 395 408 408 
286 
75 75 415 432 463 
449 
264 264 334 413 
86 198 
124 
487 
81 81 82 142 461 461 497 
367 455 
271 
227 305 
225 225 
81 81 
381 
307 307 
58 294 

445 445 445 
5 5 50 
247 250 271 
159 274 
427 
6 182 182 
39 39 
37 
175 332 332 
25 25 26 87 87 158 158 293 294 294 306 306 306 339 381 381 412 412 437 437 470 470 
184 258 258 
364 
354 354 
408 408 
35 45 74 76 77 77 92 92 119 128 132 141 167 167 174 187 196 220 220 222 222 251 299 314 317 318 318 318 333 333 335 358 385 455 
497 497 497 
37 57 116 129 201 236 236 236 269 277 283 283 303 365 383 432 432 463 
65 

80 95 314 314 
225 259 259 
98 98 
281 281 

76 76 76 

296 296 
291 
271 403 
330 
314 
330 
357 
236 351 383 415 415 460 
159 159 
314 

22 
408 408 
236 236 

186 
5 18 18 98 98 225 
468 468 
5 456 
182 182 
41 41 399 399 399 
56 

128 128 
280 314 314 384 467 
41 156 156 354 
184 184 
464 464 
271 271 
4 131 219 232 
17 314 314 390 413 
76 184 443 462 491 

5 225 225 
47 47 346 
211 236 236 278 278 432 
22 22 389 389 
99 99 354 354 456 
63 75 75 383 415 
339 452 452 
86 86 184 307 

215 308 314 449 
123 123 442 442 
159 511 
339 408 408 
101 
273 475 

487 487 
5 273 472 
240 496 496 496 
39 159 159 166 166 188 227 
76 207 
193 
127 127 
314 349 
227 352 
180 222 

302 302 
31 315 489 489 
236 388 474 474 

486 486 
354 
126 456 
41 
3 3 

81 
197 197 265 357 357 367 476 476 476 
389 414 414 414 


193 193 
54 202 
354 
234 325 325 325 
5 5 88 
233 
347 

198 354 
76 76 229 
159 
469 
