Nodes: 512, Edges: 729
381 

28 111 183 189 
271 493 
454 454 
48 48 48 50 184 198 225 255 273 273 443 443 458 475 508 508 
404 404 
233 271 271 327 327 327 
196 224 313 313 350 373 373 373 373 

476 476 476 
264 
184 184 355 
76 


41 41 41 184 
390 390 455 455 
441 441 
104 104 
330 330 
31 354 354 
331 331 389 414 436 436 461 461 

76 76 

158 
76 346 
2 178 
56 

21 172 172 184 184 354 354 486 486 
184 
67 192 

210 210 222 
106 106 269 372 
415 415 415 

62 62 163 231 231 405 485 485 
192 192 236 249 
16 16 16 85 151 156 156 160 184 324 354 354 399 450 492 492 
323 

137 
76 76 76 439 439 
64 339 
76 76 346 459 
5 5 5 50 50 
236 
5 48 48 
490 490 
184 184 345 345 
225 225 
76 299 
195 236 
29 304 487 
415 
397 
444 
104 236 236 

39 39 241 330 
383 463 
46 381 
193 193 193 416 
141 
33 192 192 281 281 
169 371 
236 344 344 
184 258 258 
330 
89 325 358 466 466 
94 94 315 

463 463 
13 24 24 27 45 45 45 47 47 54 107 109 109 162 184 196 196 199 207 207 229 242 245 299 314 322 346 353 354 354 354 360 422 423 456 478 
196 196 

236 
418 
261 261 329 
121 121 121 142 389 389 389 
236 
85 312 348 
41 84 160 160 312 348 
198 386 
306 306 370 370 408 
504 
72 358 358 358 
358 358 

182 404 413 

73 73 315 
418 418 

171 171 290 290 
420 441 441 

496 
195 378 378 
117 216 
146 379 379 425 425 
19 19 60 138 236 236 
184 
36 36 149 190 372 
76 
414 
76 76 199 
176 247 401 
2 195 195 340 340 340 
184 

367 367 

177 177 177 
102 125 135 135 136 136 136 236 236 236 
364 364 
122 122 222 222 

82 82 82 143 
119 119 
468 468 
232 387 387 
117 136 
185 185 185 
480 480 
220 448 
415 
389 
454 

145 145 145 145 
354 354 380 
117 117 
117 117 117 125 
44 368 368 
104 164 236 236 252 

320 
66 
82 
121 
282 282 
133 133 133 133 
103 
236 236 344 344 
236 
106 417 
248 248 408 
41 
213 213 292 
325 325 
374 
413 413 494 
41 41 450 
233 
26 272 
188 205 219 219 305 305 330 402 428 433 433 469 511 511 
41 85 85 312 312 498 
413 
76 
39 
138 
329 

413 413 

68 371 
471 
97 97 290 290 
31 31 

362 376 413 

110 247 
116 116 116 
28 183 183 

222 
367 367 
92 220 340 363 363 404 444 
2 178 178 
5 12 12 16 31 31 32 41 52 52 70 76 105 112 213 236 258 279 284 284 289 289 291 307 315 315 324 338 338 345 345 354 396 456 465 484 488 
126 126 126 473 473 491 
440 
413 413 
159 477 477 
2 
106 372 
268 285 285 446 
33 40 40 67 67 236 281 
65 65 65 286 358 413 479 500 

55 101 111 111 236 
8 76 76 77 77 200 290 290 350 413 413 

5 86 279 386 508 
76 109 207 
196 
415 
355 
271 
268 268 
159 

76 76 199 478 478 


35 35 
460 460 
233 
152 152 184 
215 215 314 314 
214 214 314 
102 


159 159 232 274 402 454 454 
128 182 413 

35 119 119 180 314 341 413 483 483 
329 
8 276 276 
5 53 53 259 393 419 441 441 441 
292 
305 305 343 343 392 392 477 477 
245 292 
76 295 
236 236 
39 39 
124 219 454 
7 157 212 238 238 296 310 310 310 374 505 

487 
40 49 55 60 60 69 79 83 104 104 117 117 117 138 138 147 147 148 184 192 195 230 230 237 237 237 275 278 351 351 415 432 438 460 460 
236 236 236 
233 233 
268 268 268 342 342 405 
476 
62 
76 
413 
358 
76 228 

110 176 288 401 
150 150 408 
40 
374 401 
270 286 413 
138 
330 

5 
273 354 
375 
70 70 184 
225 

81 81 

315 
11 334 
496 

356 471 
191 204 204 239 239 239 285 
36 
251 
3 7 7 203 282 282 287 297 297 327 339 374 375 391 391 401 401 408 408 408 412 427 427 442 442 453 
158 
5 5 256 354 
219 402 405 405 405 405 
236 
224 224 
415 
236 
184 198 
449 467 
67 67 192 298 298 347 
144 144 271 271 
415 415 
184 184 
191 191 268 
193 251 413 413 
271 
247 
184 184 
97 97 171 171 196 196 
184 426 
152 226 228 364 410 


229 
233 425 
271 271 408 408 
281 281 
54 76 413 413 

339 
485 485 485 

56 
159 159 227 227 392 
87 87 370 408 
184 354 396 
467 

233 233 233 
424 
84 85 160 160 
8 8 
76 214 214 215 222 349 349 354 354 384 398 413 413 418 429 449 467 467 
73 94 184 184 263 336 486 

398 
413 

140 

76 
42 
41 184 459 
72 153 153 503 503 

7 7 7 271 

81 165 223 
20 20 62 71 159 253 369 428 
22 22 
407 407 413 

264 
413 413 
315 486 486 

184 184 
46 271 301 381 408 408 464 470 
111 111 111 182 
222 
239 239 
227 227 
69 69 147 147 447 447 
52 52 184 184 
27 47 76 459 
281 421 506 506 
84 85 
314 314 481 481 481 
8 196 
236 236 
402 482 
76 456 
21 21 31 31 41 41 76 76 76 134 134 184 256 273 307 314 314 450 462 490 502 502 502 508 
12 202 
267 
367 431 431 496 
72 89 89 89 90 90 193 244 413 503 

76 

174 
182 182 
118 118 292 
415 

114 114 181 181 357 390 390 496 
137 137 
330 
87 87 306 
68 169 
36 106 190 
8 8 8 8 
154 233 250 271 442 
257 271 
174 

101 101 
103 103 
134 
0 64 339 395 395 408 
413 413 
63 415 415 463 463 
314 449 
413 
86 198 
124 124 
487 
22 82 82 82 130 461 
17 17 367 367 455 455 
271 271 
227 227 305 
225 
495 
381 381 
184 307 
58 
314 317 
41 445 445 445 

110 247 250 271 271 
159 219 274 352 
427 
6 6 92 182 
39 239 274 274 274 274 

332 332 
87 150 248 271 271 271 297 297 306 339 339 381 412 437 437 470 

292 

271 408 
92 155 155 161 167 167 174 187 187 193 196 196 220 222 243 251 286 286 299 299 314 314 318 332 335 335 358 382 382 385 448 500 
22 108 497 
37 37 37 57 129 201 236 277 283 283 365 383 383 432 463 
65 
149 
80 95 95 314 
225 
98 441 
347 
76 
76 
311 
103 103 296 
291 
271 271 403 
159 330 
314 

357 357 496 
236 415 460 
159 159 

449 
22 22 
408 408 
236 
45 45 
186 
18 18 98 98 225 225 225 420 
271 271 374 
5 5 
59 182 
399 399 399 
191 
344 344 
128 413 
280 314 384 435 
41 156 354 


271 
4 4 131 219 219 232 
17 17 390 390 
76 184 353 462 462 491 491 

5 
47 324 346 
211 211 236 236 432 
22 22 389 497 
354 456 456 
63 75 75 383 383 415 
339 
184 
72 72 
280 308 314 314 
123 123 
159 
339 408 
170 267 
475 
185 185 

5 472 
10 10 10 240 496 
188 188 227 227 
76 207 207 
193 
127 127 
349 349 349 
352 
222 222 
184 
39 39 302 302 302 
31 31 315 336 336 489 489 
56 235 388 
184 
486 486 
51 51 354 
185 456 456 
41 41 
3 
155 
394 
100 265 357 367 431 476 
414 461 
160 

193 413 

354 354 354 
325 325 358 
88 
233 
347 347 

5 5 198 354 


159 159 
