Nodes: 512, Edges: 729
381 381 
441 441 
91 91 111 189 
271 271 

34 34 48 50 88 184 184 184 198 198 225 255 273 400 441 441 443 475 475 508 508 508 
404 
271 327 327 
196 224 313 
271 
476 476 
264 
202 355 355 355 
76 76 
184 184 
182 182 444 
41 41 41 
390 


330 330 
31 354 354 354 
108 108 331 389 436 461 
290 
76 

158 158 408 408 

178 183 183 183 
56 56 
222 
21 172 184 315 354 489 489 489 
184 
67 192 
5 5 
309 413 
372 372 372 
406 

62 159 166 231 241 302 402 477 477 485 
236 
16 16 16 99 137 156 156 160 324 354 445 450 492 492 
321 
193 

439 439 
64 339 339 395 
76 76 76 346 459 459 
5 50 50 

5 48 48 400 

184 184 345 
225 225 225 
76 299 299 299 501 
195 
29 29 304 304 
415 415 415 
294 397 

104 236 
81 359 359 
39 241 
463 
46 381 
193 362 416 

33 192 281 
371 371 
236 344 
184 184 258 
330 
89 325 358 466 
94 94 94 
413 

13 13 24 47 47 47 54 107 107 109 109 162 162 186 196 199 208 229 229 245 245 299 314 328 354 354 360 413 423 423 456 
196 413 


314 314 418 
61 113 184 289 329 394 394 
121 143 329 389 
236 236 236 236 
312 348 
348 348 
386 465 508 508 
306 370 370 408 
5 504 
72 
358 
2 2 
182 404 413 

73 73 73 315 
418 418 
314 321 321 321 
171 290 290 
420 
41 462 462 462 
197 476 496 
195 378 378 
117 216 
425 425 
60 138 236 236 236 
184 184 
149 190 
76 76 
22 22 414 
76 76 199 
130 130 401 
2 182 182 340 
184 
81 


184 184 
102 125 135 136 184 184 

122 222 413 
486 
82 143 143 
119 
468 
232 232 232 232 232 387 
117 136 
185 
480 480 
413 413 448 448 
415 415 
110 110 389 389 
454 
413 
145 
354 380 380 380 
117 
117 125 
41 184 
104 164 236 252 
381 
320 320 
413 413 

82 121 121 
282 
133 339 

236 344 344 
236 236 
106 250 250 
408 
354 354 
213 292 292 292 
325 
374 374 
413 494 494 
41 41 450 

26 26 194 194 271 
39 205 205 219 231 231 231 305 305 330 330 402 402 433 433 469 469 510 511 
41 272 312 498 

76 76 

138 
329 329 
39 
220 220 413 413 

371 371 374 
471 471 
97 290 
31 
344 
222 222 335 335 362 376 413 413 
407 413 413 

283 300 
28 183 183 

483 
367 
15 15 92 111 111 220 363 404 413 444 
28 28 28 178 178 
5 5 5 14 14 31 32 52 52 70 70 81 105 105 112 116 116 117 117 137 213 246 246 260 284 289 291 292 307 315 324 354 355 366 409 426 456 465 465 484 484 490 
126 491 
76 245 361 
413 

2 
106 
285 304 446 
33 67 236 236 
43 65 286 358 358 362 500 500 
158 158 
55 101 267 471 
8 76 77 200 290 350 350 
100 496 496 
5 5 279 508 
76 109 337 337 337 
196 
236 415 
12 
271 271 271 
267 
159 159 


76 
328 328 
309 309 
460 

152 184 
314 
467 
102 

271 271 
159 274 274 454 
167 167 182 

30 119 174 174 314 341 376 413 
329 
8 276 
5 53 53 53 259 259 259 393 393 419 458 458 

305 392 477 482 

76 76 509 
236 303 303 415 
39 159 159 159 
124 124 124 124 124 
238 271 296 296 310 375 505 505 
503 

40 60 69 83 83 83 83 104 104 104 138 147 148 148 192 192 201 230 237 275 278 278 344 351 415 415 415 415 438 438 460 460 
236 
233 367 
342 
476 476 
39 62 

311 413 

76 76 186 
184 184 
288 401 


149 149 417 442 

138 
330 330 
415 
5 
273 354 
375 375 375 
70 409 
225 225 225 
184 
329 329 
364 
315 
11 334 334 385 385 
496 496 
271 271 
195 204 268 268 356 
267 267 


3 3 7 9 158 203 203 203 218 218 233 266 266 287 287 327 374 375 391 391 401 401 427 427 453 453 453 
160 
5 256 354 354 472 475 
219 219 402 
236 
224 
415 
236 236 460 460 
198 496 
308 
67 298 347 347 
144 427 427 
177 
184 
191 
193 382 
271 271 
247 
81 184 
23 97 97 171 196 
184 426 
152 152 152 184 364 410 
408 408 
58 408 

233 233 425 
408 
281 347 
54 54 54 76 413 
177 
339 
39 
230 230 
56 56 191 
159 159 227 392 
87 408 
184 354 354 396 465 
280 
35 210 210 
233 
243 
84 160 
8 
76 80 80 96 214 222 319 349 349 384 398 429 449 449 455 455 467 481 
31 94 184 263 

398 

314 354 
140 140 
42 96 96 96 323 

321 359 359 359 
41 184 
72 153 503 

7 7 271 
76 209 209 
81 82 165 165 223 261 261 
20 20 71 159 159 253 253 369 428 428 430 
22 
407 
413 413 
264 264 385 413 
174 174 413 

199 199 199 
415 
46 46 145 301 381 408 408 427 464 470 
111 
222 
239 

69 147 147 173 236 
52 
47 459 
281 281 298 506 506 
84 85 85 
314 314 
196 196 
236 415 
402 482 
456 
21 21 21 31 41 76 76 134 151 151 184 256 273 273 307 307 319 411 450 462 490 508 
12 12 12 184 
267 
367 367 431 496 
72 90 193 193 413 413 466 466 
61 61 323 323 323 
76 
186 
65 174 193 413 
182 
262 292 410 410 

184 
181 238 357 357 390 390 390 390 

330 
87 87 
68 68 169 169 
36 36 36 

154 154 169 271 408 408 
233 257 257 257 271 
174 222 

101 101 

134 134 134 
0 0 64 139 339 395 395 408 
286 413 
432 463 463 
314 
264 264 334 413 413 
86 
124 
487 487 487 
22 82 130 130 461 461 497 
17 367 367 367 367 455 
271 271 
227 305 
225 225 
81 81 495 495 
46 381 381 
307 
58 
314 317 
445 
5 50 
110 247 271 271 
39 159 159 274 352 

6 92 182 

37 
175 332 413 
26 26 87 150 293 293 294 297 306 339 339 374 374 381 412 437 437 
184 258 
292 364 364 
354 
408 
35 74 76 77 92 119 128 128 132 141 141 155 167 167 174 174 175 175 182 187 222 243 299 333 333 334 335 358 358 362 382 385 385 407 448 455 455 500 
108 497 
57 57 57 129 129 201 230 236 236 236 236 254 277 338 351 432 432 463 463 
65 
250 
80 95 95 
225 
98 441 


76 76 

103 103 296 
184 291 
271 271 282 282 339 
330 330 
314 
330 
357 496 
383 415 415 
159 159 

449 449 
22 
408 408 
236 236 
45 45 

1 1 5 5 420 
250 
5 
15 182 
41 399 
191 

128 128 413 
314 314 435 435 467 467 
41 156 354 462 

464 
271 271 271 
131 219 
314 314 390 413 413 
76 184 353 462 462 491 491 

225 225 
47 47 346 
211 236 236 278 278 
22 389 389 497 497 
99 99 99 354 450 456 456 
63 383 383 415 415 
339 452 
86 184 184 307 
72 358 358 
215 314 449 449 
123 
159 159 511 511 
339 
170 170 195 
273 475 475 

487 487 
5 5 273 472 472 
10 10 100 240 240 
39 39 227 


127 127 
314 
227 352 
180 
184 184 
39 
120 
388 388 388 474 474 

31 31 31 
184 354 
185 456 456 
41 41 

155 155 
394 394 
100 197 197 265 265 279 357 431 
389 414 461 461 
160 

193 193 413 
54 

234 325 
88 
233 233 
347 347 

5 5 5 86 86 198 354 
229 
159 
159 469 469 
