Nodes: 512, Edges: 729

441 
28 91 182 183 183 189 189 
271 493 493 493 

34 34 48 50 184 198 198 225 225 400 441 441 443 475 475 475 508 

233 327 327 
196 224 373 
271 271 
496 

202 202 
76 

182 316 444 444 444 
41 
390 390 
441 

330 330 330 

108 331 389 414 
171 171 290 

408 408 
158 
76 168 
2 183 
56 56 

172 184 184 486 489 
184 184 
67 192 
5 5 
210 210 309 309 
106 372 372 372 
406 415 415 

62 166 231 231 241 330 330 402 402 405 477 485 485 
192 236 
16 99 137 137 151 151 324 354 399 445 445 
321 
193 
137 
76 413 
381 381 
76 76 346 
5 50 50 
236 236 
5 48 48 400 


225 225 
501 501 
236 
29 29 304 304 487 487 
415 
294 294 397 
444 
104 104 236 236 236 
81 
39 241 330 330 
383 463 463 

362 416 
141 141 
33 192 192 347 
296 296 
236 236 
246 258 
330 
89 89 325 325 358 
94 315 
413 413 

13 27 45 47 47 109 109 109 184 184 208 228 229 242 245 245 292 314 322 322 346 353 354 413 413 423 440 456 478 478 509 
196 413 
456 

314 
61 82 82 184 359 394 495 
81 81 143 329 329 
236 236 236 236 
85 85 312 348 
84 84 160 348 348 
386 508 508 
306 408 
504 504 
72 72 358 358 
358 
2 
404 

73 

314 321 
171 290 
441 
41 457 462 
197 197 496 496 
140 140 140 195 195 378 
117 117 216 
146 379 379 425 
60 60 138 138 236 
184 184 190 
36 149 372 

22 414 
76 76 76 199 
130 176 401 
182 340 


367 367 

177 177 
102 102 125 135 136 236 236 236 

413 413 
486 489 

314 
468 
232 387 454 
117 136 136 
491 
480 
220 220 413 413 448 448 
415 
110 
454 
413 413 
145 145 145 
354 354 380 
117 
117 125 125 
41 41 44 184 
104 104 164 164 236 236 236 252 
381 381 
101 101 101 
66 66 358 358 413 413 
389 389 
82 217 217 
282 282 
133 133 133 339 339 339 
103 
236 344 
236 236 
106 250 417 
248 408 
41 41 354 
364 364 
325 
374 
413 413 494 
450 
276 374 
26 271 271 
188 205 219 231 231 305 433 469 469 477 477 510 511 
85 312 312 
439 439 
322 

138 138 
329 
39 

27 


23 23 97 290 290 
31 
344 
376 413 
413 
110 247 
116 116 283 415 
183 

483 
367 
2 15 111 220 316 340 363 413 
2 2 28 178 
5 31 31 32 32 76 76 81 105 105 137 221 236 246 260 267 267 279 279 279 284 284 289 289 291 315 338 338 355 355 409 409 415 426 426 451 465 465 484 488 490 
491 
361 440 
413 
159 477 
2 2 
105 
236 268 
33 40 67 67 
43 286 358 362 413 479 

101 101 267 
8 77 290 290 350 373 413 413 
100 100 496 496 
5 5 279 386 508 508 
109 207 337 337 

415 
12 12 355 355 


159 
274 
199 478 478 
76 
328 
35 35 309 



314 
314 467 467 
102 
143 143 
271 271 
159 232 274 402 454 
128 128 182 
184 
314 341 376 413 

8 276 313 350 
5 5 53 53 259 377 377 393 393 441 458 
292 
305 343 392 482 482 
76 
76 
236 236 275 303 
39 39 159 159 
124 219 
7 271 296 296 310 505 
503 503 
487 
40 49 49 55 60 60 60 69 69 83 83 83 83 104 117 117 117 138 138 138 147 148 148 184 191 230 230 267 275 278 344 351 351 351 356 415 415 432 432 438 460 


342 
357 476 476 496 
39 62 
76 423 
311 494 494 

76 76 
70 184 
176 401 
150 408 408 408 

149 417 
270 270 286 413 
138 
330 
415 415 415 

273 
375 375 
70 409 
225 
184 324 
329 

315 
334 334 
496 496 
271 
184 184 195 236 268 356 
191 267 
415 
251 251 
3 9 9 158 158 218 218 233 266 297 339 391 391 401 408 408 408 412 453 453 

256 354 472 475 
206 219 402 405 405 405 
230 236 
157 224 
415 415 
236 460 
184 184 184 198 496 
449 467 
298 298 421 
144 144 427 
177 415 415 
184 184 

193 251 382 382 413 413 


184 184 
23 97 171 171 196 196 480 
184 426 426 426 
76 226 410 
408 408 
58 58 408 408 

68 68 233 233 425 425 
271 408 
281 281 
413 

339 
485 485 
230 
56 56 
159 227 392 
87 370 370 408 408 
396 465 465 465 
467 467 
35 35 210 
233 
243 424 
84 160 160 
224 
76 80 96 122 214 215 222 319 319 319 349 349 349 384 384 398 413 413 418 418 449 449 
73 184 263 336 336 486 
15 182 
398 398 
413 413 
314 314 314 354 
396 
42 96 323 323 
76 76 162 
321 321 
41 260 
72 72 153 503 
358 
7 7 
209 
82 82 165 261 
20 20 20 39 39 62 62 71 253 369 369 
22 
407 413 413 

264 264 385 413 

315 315 
199 199 
184 184 415 
145 145 145 271 301 381 408 427 427 452 464 
111 182 
222 
239 
227 
147 173 236 

47 76 459 
67 421 
84 85 85 
314 314 314 481 
196 224 
236 236 236 432 
402 402 
76 456 
41 76 134 134 151 273 319 411 490 490 
184 184 202 202 
236 267 
240 367 431 496 
72 89 89 90 141 141 193 326 413 413 466 503 
81 

186 
65 193 413 
182 
152 152 410 410 


114 114 181 357 390 496 496 

330 330 
306 306 

36 36 36 106 
8 196 
154 157 442 
257 257 
174 222 
225 225 
101 
103 103 
134 
46 46 139 139 339 395 395 
286 286 413 
63 415 432 
314 314 449 
334 413 413 
86 198 
124 
487 
22 142 142 461 
17 17 367 
271 271 
227 305 
225 225 
81 495 
381 381 
307 320 
58 
314 317 317 
41 445 
5 50 
110 247 271 
39 39 219 274 352 352 
427 427 
92 
39 274 274 274 
37 
332 
25 25 87 150 248 248 248 271 271 271 293 293 294 294 297 306 306 339 412 437 470 
184 184 258 
292 364 364 
354 
271 408 
45 74 74 76 76 77 119 119 128 128 132 132 141 141 155 155 174 175 182 187 193 196 196 222 251 286 286 299 314 314 318 318 332 332 334 358 358 362 382 385 385 439 448 448 455 500 
22 108 497 497 
37 37 57 129 177 184 201 236 236 254 254 254 269 277 277 283 283 338 383 432 463 
65 
149 250 
314 314 

441 
281 347 

76 242 
311 
103 296 296 
184 184 291 291 291 
282 339 339 403 403 



357 496 496 
236 236 351 383 415 460 
159 



408 
236 
161 161 413 
76 186 
1 5 5 18 98 225 420 
374 468 
5 456 
15 15 15 59 
41 41 399 


128 128 413 413 
280 314 314 384 467 
156 462 462 
184 
339 464 464 
271 271 
124 131 219 
413 
76 78 353 443 462 462 491 491 
99 
225 
346 
236 278 432 
389 
99 450 450 456 456 
63 63 415 
339 452 452 
184 184 307 307 307 
358 
215 215 280 308 308 449 
123 442 
159 159 
408 

273 475 

487 487 
5 5 5 273 472 
240 240 496 
39 159 159 188 
76 76 207 207 
193 
127 290 
349 
227 227 
180 
184 
39 39 302 302 
31 120 315 489 489 
56 56 235 388 474 474 
184 
31 120 486 486 
184 354 354 
126 185 456 456 

3 3 3 
155 243 243 
81 394 
10 100 100 197 197 240 265 265 279 357 367 367 431 431 476 
414 414 


413 
54 54 

234 234 325 358 
88 88 
233 


5 86 86 198 198 
76 
159 
159 
