Nodes: 512, Edges: 729
381 381 
441 
91 91 111 182 182 183 189 

454 454 
48 48 50 88 105 184 225 255 354 441 443 475 504 
404 404 
327 
224 313 373 
271 271 
476 

202 355 
76 
117 117 
316 444 
41 41 184 
455 455 
441 441 
104 104 
330 330 
354 
331 331 389 414 436 461 
171 171 290 290 
76 

158 408 
76 346 
183 183 
56 56 
180 180 180 222 
172 184 354 486 
184 
67 

210 309 413 
269 372 
406 406 415 415 415 
358 
62 166 219 219 219 231 241 302 330 402 402 405 477 485 
236 236 236 249 249 
16 16 85 99 151 151 160 184 399 399 
323 323 
193 193 
137 137 
439 
64 64 64 339 395 
76 
5 5 50 
236 
5 48 400 

184 184 345 
225 
76 76 299 501 
93 195 236 
29 29 236 487 
415 
294 397 397 
444 444 

81 
39 330 
383 463 
46 46 46 381 381 
193 416 
141 
33 192 281 281 281 347 347 
296 371 371 
236 
246 246 258 258 
330 330 
89 89 466 
94 315 
413 
383 
13 24 27 47 54 54 107 109 199 199 199 207 207 207 229 245 292 292 299 314 328 346 360 360 413 422 423 423 440 456 456 478 478 
196 196 196 413 413 413 

236 
314 418 418 
61 82 289 359 394 394 
81 142 329 
236 
348 348 348 
41 160 312 
465 508 
306 306 408 
5 504 504 504 
72 72 358 
358 358 358 
2 2 
413 413 
55 
73 315 

321 321 
171 290 
441 
41 457 462 462 
197 197 476 496 496 
140 140 195 378 471 
117 136 216 
146 146 379 379 425 425 
19 19 507 
5 
149 190 372 372 
76 
414 
76 
130 247 401 
2 182 340 340 
184 184 



177 177 415 
14 14 102 125 135 135 136 184 184 184 236 
364 
413 413 

143 

468 
232 387 454 
117 136 

480 480 
220 220 220 413 413 
415 
110 
454 454 
168 413 413 
145 145 

117 117 
102 117 125 
44 44 368 
164 236 237 252 
381 381 381 
101 101 
66 358 
82 389 389 
121 217 
282 
133 133 339 
103 103 
236 
236 236 
106 250 
339 
41 41 354 354 
292 364 
325 
374 374 
494 
450 450 

26 271 271 408 
188 205 219 219 227 305 330 402 428 428 428 433 433 469 477 477 510 510 511 
41 85 272 272 272 312 
413 439 
322 

138 
329 
39 477 
413 
132 
371 

23 23 97 290 
31 
344 
222 362 376 413 413 
407 
247 
116 116 283 
183 183 

30 30 30 
367 367 
2 2 111 220 340 363 363 413 444 
2 28 28 178 178 
5 16 31 32 41 52 52 112 112 117 117 117 213 213 221 221 221 236 258 260 260 267 284 284 292 307 307 338 355 366 366 409 415 426 451 456 456 
491 
245 
413 
159 477 
2 
106 
267 
67 236 281 
43 43 65 286 286 358 362 362 362 479 500 

55 101 236 471 
77 77 77 200 290 350 350 350 373 413 413 
100 100 240 496 
386 
76 76 76 207 337 
196 
236 415 415 
12 355 
271 
268 
159 
274 
76 76 76 199 

328 
35 309 309 

233 
184 184 
314 
314 
102 
143 
271 
39 39 39 159 159 232 402 454 454 
128 128 128 182 
184 184 184 
30 174 314 376 376 376 483 
329 
8 276 313 313 350 
5 53 259 377 393 419 419 458 

159 305 305 343 343 343 392 477 482 482 
292 
76 295 509 
303 303 415 
39 
124 219 
212 238 271 296 296 310 310 375 505 505 
503 503 

40 40 40 49 55 56 69 79 83 117 138 147 148 148 184 192 195 201 267 275 278 278 356 432 438 
138 
233 
268 268 342 342 405 
197 
39 

311 494 
325 
76 186 
70 70 
110 176 288 288 401 401 
408 408 
40 40 
149 374 401 417 442 
270 286 
138 
330 
283 283 
5 
354 
375 375 375 
70 70 184 409 
225 419 
184 184 
329 
364 364 410 
315 315 
385 
496 
271 
184 191 236 
204 239 239 
36 
251 
9 9 158 158 203 218 233 266 287 297 339 401 408 427 
160 160 160 
472 472 
206 405 
236 
224 
415 
236 236 460 

308 308 449 467 467 
67 67 67 192 421 
144 427 
177 254 254 415 415 
184 184 

193 193 251 382 
271 
247 247 
81 
23 23 97 171 196 480 
426 
76 76 152 184 228 364 410 410 
408 408 
58 397 397 
229 
68 233 233 425 
271 408 

54 76 


39 485 
230 230 

159 227 227 
87 87 408 
184 184 
280 280 
35 210 210 
233 233 
243 424 
85 160 
8 224 224 
76 80 214 215 222 317 317 384 398 413 449 449 455 455 467 481 481 
73 94 263 263 336 
15 
314 314 413 413 


396 
96 96 323 
162 
42 42 321 359 

153 244 503 503 503 503 

7 
76 209 
82 165 223 261 
20 20 39 62 71 71 159 253 369 428 428 430 
22 22 

413 413 
385 413 413 
413 413 
315 486 486 
199 
184 
46 145 150 271 381 408 427 427 470 
111 111 182 

239 239 
227 227 227 
173 447 447 
52 
27 76 459 
67 67 421 506 506 
84 84 84 

196 196 196 224 
415 432 432 
402 

5 21 31 151 151 256 490 490 502 508 
12 184 202 
236 
367 431 431 
38 89 90 90 90 141 193 413 466 503 
81 323 
76 76 

174 193 193 193 413 
182 182 
118 152 262 262 292 410 
415 415 415 
184 184 
181 181 357 390 390 390 496 
137 
330 

68 68 169 
36 106 106 
8 196 
154 154 250 417 
233 257 257 257 
174 222 222 222 
225 
101 
103 103 

0 0 64 64 139 139 139 339 395 395 
286 
63 75 415 463 
314 
264 334 413 
198 
124 
487 487 
22 142 142 461 461 497 
367 367 367 455 455 455 455 

227 
225 
81 81 495 
46 381 381 
320 
58 58 294 294 
314 
41 41 445 445 
50 
110 247 247 250 271 
39 39 159 219 352 

6 6 
39 239 274 
37 37 
175 413 
26 87 158 248 248 271 293 293 297 306 339 412 412 437 470 
184 258 
262 292 292 364 

408 408 
35 74 76 77 77 77 92 92 119 119 128 128 132 132 161 167 174 174 182 187 196 196 314 317 317 333 333 334 334 335 335 358 362 385 407 439 439 455 455 455 
22 108 497 
37 37 37 57 116 129 184 201 201 230 277 283 283 351 365 365 365 383 432 
65 
250 374 
80 80 
225 225 259 
441 
281 347 
76 
76 76 
311 
103 103 296 
184 291 
271 282 339 339 
159 159 159 330 330 

330 
357 357 
236 351 351 415 460 460 
159 159 

449 
22 
408 
236 
45 161 413 413 
76 
1 5 18 18 98 420 
250 468 468 
5 
15 59 59 182 
399 399 

344 344 

280 314 314 435 467 467 467 
156 156 462 
184 
464 

4 4 124 131 131 219 219 
17 17 314 314 390 390 390 390 413 413 413 
76 76 184 184 462 462 491 
99 
225 
346 
278 432 432 
22 389 389 497 497 497 
99 99 450 456 456 
63 383 
452 
86 
72 358 
280 280 314 449 449 449 
123 442 442 
159 511 
339 408 
101 195 
273 273 475 475 

487 
5 472 472 
10 100 496 496 
39 159 159 166 188 227 
76 76 
193 
127 127 290 
314 314 
227 227 
222 

39 302 
31 336 336 489 489 
56 388 388 474 

486 486 
354 354 
185 456 


155 243 
394 
100 100 197 265 367 476 476 
389 414 461 461 461 


193 
54 
354 
234 234 325 325 325 325 358 
5 88 88 88 
233 233 
347 347 
104 
86 354 
229 
159 159 
159 469 
