Nodes: 512, Edges: 729
301 

91 91 111 182 183 189 189 
271 493 
454 
34 34 105 184 184 225 225 225 255 255 255 273 279 354 400 441 441 443 458 475 504 504 504 
404 
233 233 
224 350 373 
271 
476 496 
264 
202 202 355 
76 76 
184 184 
182 182 316 
41 41 184 
390 390 455 455 

104 
330 330 
31 354 354 
108 115 115 331 389 414 436 
290 
76 
408 408 

76 346 

56 
180 222 
21 172 172 184 315 315 489 


5 5 
309 413 413 
106 269 372 372 
406 

163 166 166 231 241 302 302 330 402 402 405 
249 
16 16 85 85 99 137 137 151 184 324 354 354 399 492 492 
321 


439 439 
64 381 395 395 
76 346 
50 

48 400 

345 345 

76 299 501 
93 236 
29 191 191 446 487 

294 397 

236 
359 
241 330 
383 383 383 463 
46 381 
193 193 193 362 416 416 
141 141 
192 347 347 
169 296 
236 236 
184 246 258 

325 325 466 466 466 


463 463 463 
13 13 24 27 47 54 107 109 162 196 208 208 208 229 229 242 245 292 322 328 353 353 360 360 440 456 478 509 
413 413 

236 
314 418 
82 113 184 184 289 359 359 495 
81 143 329 
236 236 236 
85 348 
41 41 84 160 160 312 
198 386 386 465 508 
370 370 408 

358 

2 2 
182 413 
55 
315 
418 
314 
171 290 
420 
41 457 
197 496 496 
195 195 471 
117 136 136 

19 236 507 507 
5 
36 149 149 149 372 
76 
22 414 414 
76 199 
130 176 176 176 247 247 
2 195 340 340 
184 184 
81 
367 
22 22 
177 177 177 184 
102 125 125 135 136 136 
364 364 
413 413 
486 486 
143 

468 
232 232 232 454 
117 117 
185 491 
480 480 480 
413 413 413 

110 389 



354 354 380 
117 
102 102 117 117 
41 41 368 
164 164 236 
381 

66 66 358 358 413 413 

82 121 217 217 

339 

344 
236 236 236 
106 106 106 250 250 417 
248 408 408 408 
41 354 
213 213 292 292 364 
325 
374 374 
413 494 494 494 494 
450 450 
233 374 
271 408 408 
219 227 227 231 305 330 402 402 428 428 428 477 477 510 510 511 511 
85 85 312 498 498 
413 413 439 
76 
39 
138 138 

39 39 
220 

68 179 296 371 371 
471 
97 290 290 
31 31 

222 376 413 
407 413 
110 110 110 247 247 
116 116 116 283 300 300 
183 
169 
30 222 222 
367 
2 15 15 92 316 363 404 404 413 413 444 444 444 
2 178 495 
5 5 14 14 16 31 41 70 81 81 112 112 116 236 236 236 246 246 258 258 260 260 260 267 279 284 289 291 292 315 338 345 366 396 396 415 415 426 451 451 456 465 465 488 490 
126 
245 440 

477 477 
2 2 
372 372 
56 56 285 304 304 
67 236 236 281 281 281 
65 65 65 358 358 413 479 500 

101 101 111 471 
76 290 373 
100 240 496 
86 386 508 
109 207 207 337 337 337 

236 415 
12 12 355 
271 
267 267 

274 274 
199 199 
76 76 76 
328 

460 460 
233 
152 152 
215 
214 467 

143 143 
271 
159 232 274 402 454 
167 

30 174 180 180 314 341 376 376 413 
329 
8 313 
5 5 5 377 377 393 393 441 458 458 
292 292 
159 159 392 
245 245 
76 76 509 509 
275 303 303 415 415 
39 159 
124 124 124 219 
7 7 157 212 238 238 296 310 374 
503 
487 487 
55 60 69 69 79 83 83 83 104 138 148 148 148 184 184 184 192 192 201 237 278 278 344 344 356 356 415 415 415 432 432 460 
236 
233 233 
268 268 405 
197 357 476 
39 62 
76 423 
413 494 494 
325 358 358 
76 186 228 228 
70 184 184 
110 110 176 176 288 288 
150 408 408 
40 
149 149 
413 

330 
283 
5 5 5 

375 375 
70 184 184 409 409 
261 419 419 
184 184 184 324 
259 
410 410 
315 
11 
496 496 

184 204 204 471 
239 239 
36 

3 9 158 203 218 282 287 297 327 339 374 375 401 408 408 412 427 453 

5 354 354 472 475 475 
206 206 219 405 
230 


236 236 
5 184 496 
308 449 467 
192 192 192 298 347 347 
271 427 427 427 
177 254 415 
184 
191 
382 
271 
247 247 
81 184 
23 97 171 171 196 480 
184 426 
76 152 152 184 226 226 364 410 
408 408 
58 408 

68 169 233 425 
271 
281 
54 413 413 
177 177 
0 339 
39 39 
230 230 415 415 
191 191 
159 392 
370 408 
396 
280 
35 
233 

85 160 
224 
80 96 222 317 317 319 354 384 384 398 418 429 434 449 
31 31 94 184 263 336 486 
15 182 
314 314 398 398 
413 413 
314 354 354 
396 
42 323 
76 
321 
41 260 
72 72 153 244 503 
358 
271 
76 209 
82 223 
20 20 39 62 159 253 369 
22 
407 407 413 

385 
413 413 
315 486 
199 199 199 
184 415 
145 271 301 381 381 408 408 427 427 453 464 464 464 470 
111 111 
222 


147 236 236 447 
52 52 184 
27 47 459 
67 67 281 281 421 
84 
481 481 
8 
415 432 

76 76 456 456 
5 21 21 41 41 134 134 151 273 273 314 319 319 490 502 502 508 
12 202 
236 236 
240 367 431 496 
89 141 141 193 193 244 244 326 413 
61 81 81 
76 76 

65 
182 
118 118 152 292 410 410 
415 415 
184 
114 181 357 390 390 496 
137 
330 
87 87 306 
169 169 
36 36 106 190 190 
8 196 
154 154 157 233 271 442 
257 257 271 
174 222 222 
225 225 


134 
46 64 139 339 339 395 395 408 
286 
63 63 63 415 415 
314 314 449 
334 413 
86 86 198 

487 
22 130 461 461 461 497 
17 17 367 367 455 

227 305 
225 225 
495 495 
46 46 381 381 
184 184 307 320 
58 
314 317 317 
41 445 445 445 445 
5 50 
271 
39 39 159 159 219 
427 427 
6 182 182 
39 239 274 
37 
175 332 332 413 
25 25 87 150 150 150 158 158 248 248 271 271 293 293 294 306 339 339 381 412 437 
258 258 
262 262 292 364 364 

271 408 
35 35 77 77 92 119 119 128 128 128 141 141 155 161 161 174 175 182 182 193 222 243 251 299 299 318 318 332 335 335 358 385 407 448 455 455 455 500 
22 108 108 497 
184 184 201 230 230 236 236 236 283 303 303 338 351 365 365 383 383 432 463 
65 65 
149 
80 95 314 
259 259 
98 
347 

242 

296 
184 291 
271 282 282 282 339 339 403 403 
159 159 159 
314 

357 
236 236 351 415 460 

314 
449 
22 
408 

45 45 161 
76 186 
5 5 225 
374 468 
5 456 
182 182 182 
399 399 399 399 
56 
344 
413 
280 314 384 435 467 
156 156 462 
184 184 

271 339 
4 124 219 
17 17 390 413 413 413 
76 184 353 353 443 491 491 
99 
5 225 225 
346 
211 211 236 432 
389 389 389 
450 
63 75 75 75 415 
339 339 339 
86 184 184 
72 72 72 
215 280 449 
123 442 
511 
339 
101 170 195 267 
273 

487 
5 273 273 
10 240 496 496 
159 159 188 188 
76 
193 
127 127 127 290 
349 349 




120 120 315 336 
56 235 235 388 474 
184 
31 
184 354 
126 456 456 
41 41 
3 
155 155 155 155 243 243 
81 183 394 394 
10 100 100 197 265 265 279 357 367 476 476 
389 414 
160 160 

193 413 
54 
354 354 
234 325 
5 5 5 


104 104 
86 198 354 
76 229 229 
159 159 
159 159 469 
