Nodes: 512, Edges: 729
301 
441 441 
28 91 91 111 111 183 189 
493 

34 34 50 50 88 184 184 225 255 273 279 400 443 475 475 
404 
233 233 271 271 271 
196 224 350 350 373 
271 
476 476 496 
264 
184 184 
76 
117 
316 444 
41 
455 455 
441 

330 330 
354 
115 115 331 389 414 436 436 436 
171 290 
76 
408 
158 408 
76 346 
2 178 178 178 
56 
180 
184 315 315 354 354 486 486 486 489 489 
184 
67 192 192 
5 5 
210 210 210 222 309 309 309 413 413 
372 372 
406 406 415 
358 
62 163 219 302 302 302 330 405 485 485 
236 249 249 
16 85 151 156 184 184 354 445 445 450 
321 323 323 323 
193 193 
137 
413 439 
64 64 339 395 395 
346 459 459 
50 

5 5 48 400 
490 
184 345 

299 501 
93 93 
29 304 
415 
294 397 
444 
104 236 
81 
39 241 241 
383 463 
46 46 381 381 
193 193 362 362 416 

33 192 192 281 347 347 
169 

184 246 258 

325 466 
94 315 
413 
383 463 
13 24 27 107 109 162 162 162 186 199 199 207 207 208 229 229 242 245 245 299 299 314 314 322 322 328 328 346 353 353 354 413 413 422 423 440 


236 
418 
61 82 184 184 329 359 495 
81 121 143 143 
236 236 
348 
41 160 312 348 348 
508 
306 306 370 408 408 
5 190 504 
358 

2 2 
182 
55 55 
73 
418 
314 321 

420 
462 
197 476 496 
140 195 471 471 471 
117 
146 379 379 
60 507 507 
184 
149 149 
76 
414 414 
76 199 
130 247 247 401 
2 2 182 182 340 340 
184 184 

367 
22 22 
177 415 
14 102 125 125 135 136 136 
364 
122 222 
489 
82 143 143 
119 

232 232 454 454 454 
117 117 136 
491 491 
480 
220 220 220 413 413 
236 415 
110 
454 454 
168 413 
145 145 
354 354 380 
117 
117 117 125 
44 368 
164 236 236 236 252 
381 381 381 
101 
358 413 

82 82 121 121 217 217 
282 
133 133 
103 
236 
304 304 
106 106 250 
248 408 
41 
213 213 364 
325 
374 374 
413 413 494 
41 450 

26 180 194 408 
188 205 205 219 219 227 305 330 469 477 477 477 510 511 
85 272 498 
439 439 
76 76 76 322 322 322 
39 
138 
329 
477 
220 
132 413 
68 179 

23 290 

344 
335 362 
407 413 413 

116 
28 28 28 183 
169 
30 158 222 

92 111 111 363 413 
2 178 
5 5 12 12 31 32 41 41 52 70 81 81 105 112 112 221 246 246 258 260 260 284 289 291 292 307 307 315 315 315 324 338 345 354 355 366 396 409 409 426 451 456 465 465 484 488 490 
473 491 
76 440 440 
413 
159 477 477 
2 
88 
236 
33 33 67 67 236 236 281 
43 43 65 65 362 362 413 500 
158 
101 267 
8 200 290 350 350 350 413 413 
100 496 496 
386 508 
76 76 109 207 337 
196 
415 
355 
271 
268 
159 159 
274 274 
76 76 199 478 478 
76 
328 328 
35 35 35 309 
460 

152 152 
314 
314 314 467 

143 143 
271 
39 159 159 232 232 274 402 402 454 
128 128 128 167 
184 
35 119 180 314 376 413 413 483 
329 
8 276 350 
5 259 259 377 393 393 419 458 458 
292 292 
159 305 392 477 482 482 
245 
76 76 295 
236 236 303 415 

124 124 219 219 454 
7 7 238 271 310 375 375 505 
503 503 
487 487 
40 60 79 83 83 129 138 138 138 147 191 192 192 230 230 237 267 275 344 344 351 415 415 415 432 432 432 438 438 438 
236 
233 
268 268 342 342 405 405 
476 476 476 
62 62 
76 
494 494 494 
358 
76 76 228 
70 184 184 
110 110 288 288 401 
150 
40 40 
149 417 
270 270 270 286 413 
138 
330 330 
283 
5 
273 354 354 
375 
70 184 409 
225 225 419 
184 184 324 
329 
410 410 
315 315 
11 334 385 385 


195 236 
204 239 239 
415 
251 251 251 
7 7 7 9 203 218 233 282 287 327 374 391 401 427 427 
160 
5 256 354 472 475 
206 206 219 402 402 405 405 
236 
224 
415 415 415 

5 
308 449 467 
67 192 298 298 347 347 421 
144 271 427 
254 415 
184 

251 382 382 
271 
247 247 
184 
23 171 196 480 480 480 
184 426 
184 226 226 364 364 
408 
58 408 408 
229 
425 

281 281 
54 76 76 413 413 

0 
39 39 39 485 
230 
56 148 148 
159 227 392 
87 87 408 
184 184 354 354 354 465 
280 467 
35 35 35 210 
233 

85 

76 76 96 214 215 215 222 317 319 349 354 354 398 413 418 434 449 449 455 467 467 481 
31 31 73 184 184 184 263 263 486 
15 
314 398 398 413 

314 354 354 

42 96 323 
76 76 162 162 162 
42 42 42 321 
184 260 
72 153 503 503 503 
358 358 
271 
76 76 209 209 
81 165 223 261 
20 20 39 159 253 253 369 369 
22 
413 
413 413 
264 385 413 413 
174 413 
486 
199 
184 
46 381 381 381 381 452 470 470 470 
111 111 

239 239 

173 236 236 447 
52 184 
27 47 76 
67 67 281 281 
84 85 85 
314 481 
8 8 196 196 196 224 
236 432 
482 
76 76 
21 31 31 41 76 134 134 184 256 256 273 307 307 307 314 314 319 319 411 411 450 462 462 502 
184 202 

367 
38 89 141 244 326 326 413 466 503 
81 


65 65 174 193 193 413 
182 
118 152 292 292 410 
415 415 
184 
114 357 390 390 390 390 
137 
330 330 
87 

36 36 
8 
154 154 271 408 
233 233 257 
222 
225 

103 103 
134 
64 64 139 139 139 339 339 339 339 395 
286 286 413 
63 75 415 

264 264 334 413 
198 

487 
22 461 461 461 
367 367 367 367 455 
271 
227 305 
225 225 
495 495 
46 46 381 
184 
58 
314 317 317 
445 445 445 
5 50 
110 247 271 
219 219 274 274 
427 
6 
39 239 239 274 274 
37 37 
175 413 
25 26 87 87 150 158 293 294 294 306 374 412 470 470 
184 184 258 
262 262 364 
354 354 
408 
35 35 45 74 76 76 128 128 132 141 155 155 168 175 175 182 187 193 196 196 222 222 251 299 299 314 317 332 333 333 334 334 335 358 362 382 385 407 500 
22 108 108 497 497 
37 57 116 129 201 230 236 236 236 269 277 277 277 283 365 365 383 432 
65 
250 
80 95 314 
225 259 
98 441 
281 
76 
76 

296 
184 291 
271 271 282 403 




236 236 236 351 415 

314 
449 449 
22 22 22 

236 236 236 
45 161 161 
76 186 186 
1 1 18 420 
468 
5 
15 59 
41 41 399 399 399 

344 

280 314 314 435 435 467 
41 156 354 
184 
339 

124 124 124 131 131 219 232 
17 17 314 390 
184 462 462 491 491 

225 225 
47 47 
211 
389 389 389 
99 354 354 456 456 
63 75 

184 184 307 
72 358 
215 280 308 314 314 449 
442 
159 
339 339 339 408 408 
101 101 101 
273 
185 
487 487 
5 5 273 
10 10 100 240 240 240 
159 159 159 166 188 188 227 
207 207 

127 290 290 290 
314 349 
227 227 352 
222 
184 
39 39 302 
31 31 31 315 336 489 489 489 489 
235 235 388 474 474 
184 
31 31 120 486 486 486 486 
51 184 
126 126 185 456 456 

3 
155 243 243 243 
81 394 394 
10 100 197 197 
414 414 
160 

193 413 
54 
354 
234 234 325 325 325 358 
88 
233 

104 104 
86 198 

159 
159 
