Nodes: 512, Edges: 1199
46 64 395 395 
225 225 225 225 441 441 
91 111 183 183 
271 271 493 493 
454 454 
18 34 34 48 48 88 88 184 184 184 198 198 225 225 225 255 255 273 273 273 279 400 400 475 504 508 

233 233 271 271 271 
196 196 224 313 313 313 350 350 
271 271 
476 476 476 
264 
184 355 355 
76 
117 184 184 
182 327 327 327 444 444 
184 
390 390 455 
5 277 
104 
428 
31 31 
108 108 115 115 331 414 461 497 
171 171 290 
76 76 
452 452 
158 408 
76 346 346 346 
63 63 63 178 178 183 189 
474 
222 483 483 
21 21 172 184 184 315 354 354 486 486 486 489 

67 192 
5 5 
210 210 210 222 413 

324 324 324 406 415 415 
89 89 358 
62 62 159 159 163 163 241 241 241 267 330 330 402 402 402 477 477 485 485 
192 192 236 236 249 249 
85 137 137 151 160 160 184 184 354 354 399 445 450 457 
323 323 323 
193 193 

76 413 439 439 439 
0 301 301 339 381 395 
346 346 
5 5 
236 236 
400 
490 
184 184 345 
225 225 393 
76 76 
236 
191 191 236 446 474 474 487 487 
415 415 
294 397 397 
444 444 
104 236 
81 81 359 359 359 
39 39 241 330 330 369 369 369 430 430 
28 28 28 
0 381 381 381 
193 413 

33 192 192 192 281 281 347 
169 287 296 371 
236 236 344 
184 184 184 246 246 
330 
325 325 358 466 466 
94 315 315 
413 413 
383 435 463 463 
13 24 24 27 45 54 54 78 107 109 162 184 186 186 196 199 199 207 208 228 229 229 242 242 242 245 245 292 299 314 314 314 322 328 328 346 353 353 354 360 360 361 423 440 440 456 478 501 501 509 
119 119 413 
76 
236 
314 314 418 418 418 
61 61 82 82 113 184 184 184 261 261 261 289 329 329 359 359 389 394 495 495 495 
81 81 121 142 143 329 329 389 389 389 
236 236 237 
85 85 312 312 348 
41 84 84 160 312 
198 198 198 508 
408 
5 5 504 504 
38 38 128 128 128 128 128 358 466 466 466 
358 358 358 
2 189 
182 182 404 413 413 
236 236 
73 315 315 

314 317 
171 171 290 290 

450 
197 197 476 476 476 496 
195 195 471 
117 117 136 136 216 
146 146 379 379 425 
19 60 138 138 236 236 237 237 
106 106 106 184 184 190 190 
105 105 105 190 190 372 372 
76 
22 22 115 414 414 
76 199 199 207 
401 401 
2 
184 
81 
181 181 181 367 
22 22 108 
184 184 415 415 484 
14 102 102 125 125 136 136 184 
364 364 
77 77 122 122 222 413 
486 486 489 
82 143 143 
119 119 
468 468 
454 454 
117 117 170 
185 185 
480 480 480 
89 89 89 89 89 413 413 448 448 
236 236 236 415 
389 389 389 
240 454 454 
168 168 
381 
380 380 502 502 

102 102 117 117 
41 41 184 184 
104 104 236 

320 320 378 378 378 
413 413 466 466 
82 389 389 
82 121 121 217 217 217 
282 282 

103 103 379 379 
173 
191 304 304 
250 250 
248 306 306 306 408 408 
41 354 354 
292 292 292 364 364 384 
325 325 
374 
413 
450 
233 233 276 
26 194 194 271 271 408 408 
39 39 188 188 188 205 205 205 227 227 227 231 257 305 305 330 330 392 402 428 433 433 433 469 469 477 477 477 510 511 511 
41 41 85 272 312 312 312 498 498 
413 
76 322 
39 39 
300 300 
329 
477 477 
220 220 413 
132 132 413 413 413 
68 233 
125 471 
23 23 97 97 290 
31 
147 344 344 
222 335 376 376 413 
407 413 413 
247 247 
269 283 300 300 415 415 415 
28 28 183 
287 287 287 
222 222 
114 114 114 
15 92 92 220 220 340 363 363 404 404 413 413 444 499 499 
2 2 28 178 
5 5 5 12 14 14 16 31 31 41 41 52 52 70 70 70 76 81 81 81 105 105 112 116 116 117 137 137 213 213 221 236 236 267 267 279 279 279 284 289 292 307 315 315 324 324 338 338 345 354 354 354 355 355 355 366 366 366 396 409 409 409 415 415 415 426 426 451 456 456 456 465 465 484 484 488 488 490 490 
126 126 491 491 491 
76 76 245 245 440 
413 413 
159 159 159 510 
28 91 
105 105 106 106 372 372 
56 56 148 236 267 267 268 285 285 304 446 446 
33 40 40 67 67 67 236 236 281 
43 43 65 286 286 358 362 413 479 479 500 500 
158 158 
101 101 236 267 267 471 
8 8 76 200 290 290 350 350 373 373 373 413 413 413 422 422 422 
100 100 496 496 496 
5 5 86 86 86 386 386 
76 76 109 109 
196 
236 415 
355 355 355 
271 271 
267 267 268 268 268 
159 159 159 

76 109 337 478 
76 
328 328 
35 35 35 
460 
233 310 
184 184 
215 215 314 
214 214 314 314 467 
102 
143 143 143 
271 442 
232 274 274 402 402 402 454 
167 167 182 182 
184 
30 35 119 174 180 180 268 268 314 314 314 376 413 413 413 483 
329 329 
8 313 350 350 
1 1 1 1 5 5 5 53 53 259 259 393 419 441 441 458 458 458 
292 292 292 
159 159 159 305 305 343 392 477 
76 
76 76 295 295 509 509 
236 236 275 415 415 
159 
219 454 454 
7 7 157 157 169 212 238 238 271 271 271 296 296 374 375 505 505 
503 503 
487 487 
40 40 49 49 55 56 60 69 69 79 83 83 93 93 104 104 129 129 129 138 184 184 191 192 192 195 201 230 230 237 267 267 267 275 275 283 283 344 344 351 351 415 415 432 432 438 460 487 487 487 
83 104 104 236 
233 233 505 505 
342 405 405 
131 476 496 496 
39 39 39 62 
76 76 76 
311 413 413 424 494 494 494 
325 325 358 358 
76 76 186 186 
70 70 
176 176 288 401 401 
150 408 408 
40 40 
149 149 374 374 417 
286 413 

330 
277 277 283 415 
5 5 443 443 
273 354 354 391 
159 392 392 392 
409 
225 225 

81 81 81 329 
364 489 
315 
11 334 334 

271 271 271 
39 184 184 191 191 195 195 204 204 236 236 236 268 268 356 356 356 471 471 
191 204 204 204 222 222 267 267 
177 415 
286 
3 3 7 7 7 9 9 158 158 203 203 218 233 233 233 266 266 266 282 287 287 297 297 297 327 327 354 374 374 375 375 391 401 401 401 408 408 412 412 427 427 427 442 442 453 502 502 
160 
5 5 5 256 354 475 475 
219 219 352 402 402 
230 236 236 
157 
18 254 254 415 

5 184 184 184 431 431 431 
308 308 449 467 467 
67 67 192 298 347 347 421 421 
144 144 271 427 
177 236 236 254 303 303 415 415 
184 
191 191 
193 193 251 270 413 
68 179 179 179 271 271 
247 
81 184 
23 97 97 171 196 196 480 480 
426 426 
76 152 152 152 184 226 226 226 410 
408 
58 397 397 408 
229 229 
68 233 233 425 
271 271 271 408 408 
281 
76 413 
164 164 177 177 
46 46 464 
485 485 
283 283 415 
148 148 191 
159 159 227 227 392 482 
150 150 150 370 370 370 408 408 
184 354 354 396 396 462 465 
280 280 467 467 

212 
243 
84 84 85 160 160 160 348 348 
8 8 8 224 
76 76 76 80 80 96 214 215 215 222 222 222 319 319 349 349 354 354 384 398 398 413 413 418 418 429 429 434 434 449 449 455 455 455 467 467 481 
31 73 73 94 94 184 184 263 486 486 
444 444 
96 398 413 
413 
314 314 354 
140 140 
323 
76 162 
42 42 42 321 359 359 359 
37 37 37 184 184 
72 72 153 153 244 244 503 503 
358 358 
15 15 15 271 271 
76 76 209 209 
81 81 82 82 165 223 223 261 
39 39 62 62 71 159 159 253 369 369 428 428 
22 
413 
413 413 413 
264 264 385 385 413 
174 413 
486 486 486 
207 
184 184 415 415 415 
46 408 427 427 452 452 464 464 470 470 470 
182 

239 
227 
69 173 173 236 236 447 447 447 
52 184 
27 27 27 47 47 76 459 
67 281 281 421 421 506 
84 312 312 
314 314 481 481 481 
8 8 196 196 224 224 
236 236 432 432 
274 402 
76 76 
31 31 41 41 76 151 151 184 184 184 256 256 271 273 307 307 314 314 319 411 462 490 502 508 
12 12 184 184 184 202 202 202 
267 267 267 
367 367 431 496 
38 72 89 90 90 90 193 244 244 326 326 413 413 413 503 503 503 503 
61 61 61 81 81 323 323 323 
76 76 
76 
193 413 
182 182 499 499 
118 118 152 152 262 410 410 410 
415 415 415 
184 184 184 
114 357 357 496 
401 401 401 
62 62 62 330 330 
306 306 306 
68 
106 106 190 190 
196 196 196 
154 233 250 250 271 271 408 417 417 442 442 
233 271 271 
174 174 222 
458 
140 140 140 
103 103 146 146 
134 134 
46 64 64 64 133 408 
413 413 
75 415 415 415 432 463 
152 314 449 449 
334 334 
198 198 

487 
81 82 82 82 130 130 130 142 142 497 
17 17 
256 271 
159 227 257 257 257 305 
53 225 
81 495 495 
0 0 46 
184 307 307 
58 58 294 294 
314 314 317 
41 492 492 492 
5 5 50 
110 110 247 247 271 271 271 368 368 368 
39 39 39 159 219 219 219 274 274 352 405 405 405 

92 182 182 
239 239 402 402 402 
37 
175 413 
26 87 150 150 158 158 248 248 271 271 293 294 297 297 306 306 339 374 381 437 470 470 
184 184 184 258 
292 364 364 364 
354 
271 271 
35 45 65 74 74 77 92 92 119 128 128 141 141 155 161 167 168 168 168 174 175 175 182 182 187 187 193 196 196 196 222 222 222 243 243 251 286 299 314 314 317 318 332 333 333 333 334 335 358 358 358 362 382 382 407 439 448 448 494 500 
22 108 108 
37 37 57 57 116 116 129 177 177 177 184 184 184 201 230 230 236 236 254 269 277 283 283 303 338 338 338 365 365 365 383 383 383 432 432 463 463 

250 374 374 
80 80 80 314 314 
225 
441 441 441 441 
281 281 347 347 
196 196 196 
76 
243 
103 296 
184 184 291 291 
271 271 271 282 339 339 
20 159 330 330 
314 314 
62 62 
279 279 279 357 496 496 496 
236 236 351 351 383 415 415 460 460 
159 159 159 
314 314 
75 449 449 

408 
236 
45 45 45 413 
76 76 186 
1 1 225 225 420 420 420 420 
218 271 271 374 374 468 468 
255 255 
15 15 59 59 182 316 316 
41 
56 191 191 
344 344 344 
128 128 413 413 
280 314 314 384 384 435 435 467 
41 99 156 462 462 462 
184 
25 25 339 339 464 464 
271 
4 4 124 124 131 131 219 232 232 
17 314 314 314 
76 184 184 184 491 491 
41 
225 225 225 377 
346 
211 236 432 432 
22 497 497 
307 354 450 450 450 
75 75 383 415 415 
301 339 339 452 452 
184 184 307 
72 72 89 89 89 141 141 
215 280 280 308 308 314 314 449 
123 123 442 442 
159 159 
339 339 339 408 408 
101 170 195 267 267 
475 

29 56 56 487 
5 273 273 472 
10 10 10 100 100 100 240 496 496 
39 39 159 159 159 166 166 227 
76 207 
193 193 
127 127 127 290 290 
314 349 349 349 
305 
30 30 222 
116 184 184 
39 39 302 302 
31 31 31 120 120 315 315 336 336 336 489 
56 56 235 235 236 236 236 388 474 
184 184 
31 120 262 486 
51 184 184 354 
185 185 185 456 456 
399 399 399 
3 3 
243 243 243 413 
81 81 81 394 394 
100 197 197 197 240 240 357 367 431 431 431 476 476 
22 389 461 461 
160 160 
182 182 363 363 
193 193 413 
76 76 
134 134 271 271 354 
234 234 325 325 358 358 358 358 
5 88 88 
233 233 238 238 
347 

5 86 354 
76 229 229 
159 188 
159 159 
