Nodes: 512, Edges: 1199
46 46 395 
225 225 225 441 
189 189 
271 271 271 493 
454 
18 18 34 48 50 50 88 88 198 225 225 225 273 273 279 279 354 354 400 400 441 504 504 508 508 
404 404 
233 233 271 271 
196 196 224 313 313 313 350 
271 271 271 

264 
184 184 202 355 
76 76 
117 184 184 
182 327 327 327 327 444 
184 
390 455 
5 5 277 277 
104 104 
428 

108 108 115 331 331 414 414 414 461 461 497 
171 290 
76 76 

158 158 158 
76 346 346 
63 63 111 178 178 178 183 183 183 189 
474 
180 180 180 483 483 
184 184 315 315 354 354 489 489 
184 
67 192 192 
5 
210 210 222 309 309 413 413 413 
106 106 
324 324 324 324 406 406 
89 89 358 
62 159 166 166 219 219 231 231 231 241 302 302 330 330 402 402 405 477 477 485 485 
192 192 192 236 249 249 
85 99 137 151 156 160 160 184 184 324 324 354 354 399 445 450 450 450 457 457 457 
323 323 
193 

76 413 413 413 439 
0 0 64 64 301 301 301 339 339 381 381 395 395 
346 346 
5 
236 236 
5 5 400 400 
490 
184 184 
225 393 
76 76 299 299 299 501 501 
195 
191 191 236 236 446 446 446 474 487 
415 
294 294 397 397 397 
444 444 
104 104 236 236 236 
81 359 
39 241 241 330 369 369 430 
28 28 383 
46 46 381 381 
193 193 416 
141 141 
33 192 192 281 281 347 347 
169 287 287 296 296 371 371 
236 236 344 
184 246 258 258 
330 330 330 
325 325 358 466 466 
94 315 315 
413 
463 
13 13 24 24 27 45 54 54 78 78 107 109 162 162 184 186 186 199 208 208 229 229 229 242 245 245 292 299 299 314 314 322 322 322 328 328 353 353 353 354 354 354 360 360 360 361 440 456 478 501 509 
119 119 196 413 
76 76 
236 
314 314 418 418 
61 82 113 113 184 261 261 289 289 289 329 359 359 394 394 495 495 
81 121 142 142 329 389 389 389 
236 237 237 
85 312 312 348 
41 84 160 160 312 
198 
306 408 408 
5 5 504 
38 38 128 358 358 466 466 
358 358 

404 413 413 
236 236 
73 315 315 315 
418 418 
314 314 
171 171 290 290 
441 441 441 
41 
197 197 197 476 476 496 
140 140 195 471 
117 117 136 216 216 
146 146 146 379 379 425 
19 19 60 60 138 138 236 236 237 507 507 
106 184 184 184 190 
36 36 105 190 190 372 372 
76 
22 22 115 414 
76 199 207 
176 247 247 401 
28 182 182 
184 184 
81 81 
181 181 181 367 
22 108 
184 415 415 484 
14 102 102 125 135 135 136 136 184 236 236 
364 364 
77 77 122 222 413 
486 486 
82 143 
119 
468 468 
387 387 387 454 454 454 
117 170 
185 185 491 
480 
89 413 448 448 
236 415 
389 389 
240 454 454 
168 
381 381 381 
380 380 502 502 502 502 502 
117 117 
102 117 117 
41 184 184 
104 104 164 164 236 236 
381 381 381 
101 101 320 320 378 378 378 378 
66 66 358 358 413 466 466 466 466 466 
82 82 389 389 
121 217 217 


103 103 103 
236 236 
191 191 191 304 
250 
306 408 
41 354 354 
292 292 364 384 384 384 
325 
374 374 

41 
233 276 276 276 
26 26 26 271 271 408 
39 188 188 188 205 205 205 227 227 231 305 330 392 402 402 428 428 433 469 469 477 477 510 510 511 511 511 
41 41 85 85 272 312 498 
413 413 413 439 439 439 
76 76 322 

138 138 300 300 300 
317 317 317 
39 39 477 477 
413 413 
132 413 413 
68 233 233 296 296 296 
125 471 
23 97 97 290 

344 344 344 
222 222 335 376 376 376 413 
407 413 413 
110 
269 283 283 415 415 
28 28 28 183 183 183 
287 
30 30 30 
114 114 114 
15 111 111 220 404 404 444 444 
28 28 28 178 178 178 
12 12 14 14 16 31 31 32 41 41 52 52 70 76 81 105 105 105 112 112 116 117 137 137 213 213 221 221 236 236 236 246 246 246 258 258 267 279 279 279 284 284 291 292 307 307 315 315 324 324 338 345 354 355 355 366 366 396 396 409 409 415 426 451 456 456 484 484 484 488 488 490 
126 126 491 491 
76 76 245 245 440 
413 413 413 
159 159 159 477 510 
2 2 28 
105 106 106 372 
56 56 148 148 148 236 267 267 268 268 268 285 285 304 304 446 
33 33 40 40 40 67 67 236 236 236 281 281 281 
43 65 65 286 362 413 413 479 479 479 500 

55 101 236 236 236 267 267 267 471 
8 8 77 200 200 373 413 413 422 
100 100 100 496 496 
5 86 386 386 386 
76 109 207 
196 196 
236 236 
12 355 355 
271 271 
267 267 268 
159 159 159 

109 199 337 337 478 
76 76 
328 
35 35 
460 460 
233 233 233 310 
184 184 
215 215 314 314 
214 214 467 467 
102 102 
143 143 
442 442 442 442 
39 39 232 232 274 274 274 402 454 
182 413 
184 184 
35 119 174 174 341 341 341 376 376 413 483 
329 329 
8 313 350 
1 1 1 5 5 5 53 259 259 377 377 393 419 419 419 441 458 458 458 
292 
159 159 305 305 343 392 477 477 
245 245 
76 76 76 295 295 509 509 509 
236 275 275 275 303 303 415 415 
39 39 39 159 
219 219 454 
7 7 157 169 169 212 212 212 238 271 310 374 375 375 375 505 505 505 505 505 
503 
487 
40 49 49 56 56 60 60 60 69 69 79 83 93 93 104 104 117 117 129 138 138 147 147 184 184 184 191 192 192 192 195 195 195 201 201 230 237 237 237 267 267 275 275 278 283 283 344 344 351 351 356 415 415 432 438 460 460 
83 83 104 236 236 236 
233 505 
342 405 
131 476 496 496 
39 62 62 
76 
311 311 413 424 424 424 494 494 
325 325 358 
76 76 186 186 228 228 
70 184 184 184 
110 110 288 288 401 
408 
40 40 
149 374 374 417 417 417 417 417 442 
286 286 286 413 


277 283 415 415 
443 443 
273 273 354 
392 392 392 392 
70 70 184 184 
225 225 
426 
81 81 329 
410 410 

11 334 
496 496 
271 
184 191 191 195 195 195 204 204 236 236 268 268 356 471 471 
191 191 191 204 267 267 
177 415 415 415 
286 
3 3 3 7 7 9 9 9 158 158 203 203 233 266 282 282 287 297 327 327 354 374 374 375 391 391 401 401 408 408 412 427 427 427 442 442 453 502 
160 
5 5 256 256 354 354 354 472 472 475 475 
219 219 219 402 402 
230 230 230 236 236 
157 157 157 
18 18 254 415 415 
236 
5 5 184 184 184 431 431 
308 308 308 449 
67 67 192 192 192 298 347 347 421 
271 271 427 
177 177 236 236 254 303 344 344 415 
184 184 
191 191 
193 251 251 251 270 413 413 
68 68 179 271 
247 247 
81 81 81 
23 97 97 171 
184 426 
76 152 152 184 226 410 
408 
58 58 397 397 399 408 408 
229 229 
68 68 169 169 169 425 425 
271 408 
281 347 
54 54 54 76 76 
164 164 164 
46 46 46 464 
39 39 485 485 
230 230 283 415 415 
148 191 191 
159 227 227 392 392 482 482 
87 150 370 370 370 408 408 408 
184 184 462 465 
280 280 280 467 
35 35 
212 233 
243 243 
84 84 85 160 348 348 348 
8 8 8 224 
76 76 80 80 96 96 214 214 349 349 354 384 384 384 413 413 418 418 418 449 449 449 455 467 481 481 
31 31 73 73 94 94 94 184 184 336 336 336 486 
444 
165 165 165 398 398 398 413 
413 413 413 
354 
140 140 
323 323 
76 76 76 162 
42 42 321 321 359 
37 37 37 37 41 41 184 184 
72 72 153 244 244 358 358 503 503 503 
358 
15 15 15 15 271 271 
76 76 209 
81 82 223 223 261 
39 39 62 71 71 71 159 369 369 369 428 428 
22 22 
407 407 407 413 413 
413 
264 385 413 413 413 
174 413 
315 315 315 486 
207 207 
184 415 415 
46 46 381 381 408 408 452 464 464 470 470 

222 222 222 
239 
227 
69 173 173 173 236 236 283 283 447 
184 
27 27 47 47 459 459 
67 67 281 281 298 421 421 421 
84 312 312 312 
314 314 481 
8 224 
236 236 432 432 

76 76 76 456 
5 5 31 31 41 41 76 76 76 151 151 184 256 271 273 273 273 314 319 411 411 450 462 490 502 508 508 
12 184 184 202 202 
236 267 
367 367 431 431 496 
38 72 89 89 90 90 141 141 244 325 325 326 413 413 466 503 503 
61 81 81 323 
76 76 76 
76 
193 413 
499 
118 118 152 410 
415 
184 184 
114 357 357 

62 62 330 330 330 
306 306 306 
68 68 
106 106 190 
196 
154 154 233 250 250 271 271 408 408 417 417 442 442 
233 233 233 271 
174 174 174 222 222 
225 225 458 458 
140 140 140 140 
103 103 
134 134 
46 46 64 64 133 133 133 139 139 139 339 339 395 408 408 408 

63 415 432 463 463 
152 152 152 314 314 314 449 449 
334 413 
198 198 198 
124 124 124 

82 82 82 130 130 142 142 497 
17 
271 271 
159 227 257 257 257 257 305 305 
53 225 
81 81 
0 46 46 381 
184 184 
58 58 58 294 294 
317 317 317 
41 294 492 
5 5 50 50 
110 247 271 271 
39 39 159 159 219 274 274 405 405 

6 6 92 182 182 
39 239 402 402 
37 37 
175 332 332 332 413 
87 87 150 158 248 271 271 293 294 294 297 306 306 306 339 339 374 374 381 381 381 412 412 437 470 470 
184 184 
262 262 292 364 
354 354 
271 408 408 
35 35 35 45 45 45 74 77 92 92 119 128 141 161 161 161 167 167 168 168 174 175 175 187 187 187 193 193 196 196 220 222 243 251 286 286 314 314 317 318 318 318 332 332 333 334 334 334 335 358 358 362 385 407 439 439 439 448 448 455 455 494 500 500 500 
22 22 22 108 
57 116 116 129 177 177 184 230 230 236 236 254 254 269 269 269 277 277 283 303 303 338 338 365 383 432 432 
65 
250 250 250 250 250 374 374 
80 80 95 95 314 314 314 
225 225 225 
441 441 441 441 
281 347 347 347 
196 

243 243 243 
103 296 296 
184 260 291 
271 271 271 282 
20 159 159 330 330 

62 
279 279 357 357 496 496 496 
236 351 351 383 415 415 460 460 460 
159 

449 449 

408 
236 
45 161 161 161 413 413 413 
76 186 
1 5 98 98 98 225 420 420 420 420 
218 218 218 218 250 271 271 374 374 468 468 
255 255 
15 59 59 182 182 316 
41 
56 56 56 191 
344 
128 128 413 413 
280 314 314 314 384 384 435 435 467 467 
41 41 41 354 462 
184 
339 464 
271 
4 124 124 124 131 131 219 232 
17 314 413 413 
76 184 184 353 491 
41 41 41 
225 225 225 377 377 
346 346 
211 211 236 236 432 432 432 
22 22 497 
307 354 450 
75 383 383 
301 339 339 452 
307 
72 72 89 89 141 141 141 141 141 358 
215 215 308 314 449 449 
123 123 442 442 
159 159 
339 339 408 408 
101 170 195 267 267 
273 273 

29 56 487 
273 273 
100 100 240 496 496 
39 39 159 159 166 166 188 227 227 
76 207 
193 193 193 
127 
314 314 349 
305 305 
30 30 222 
116 184 184 184 
39 39 302 302 
120 120 315 336 489 489 
56 235 474 
184 184 
31 31 486 486 
51 184 354 
126 185 185 456 
399 
3 
243 243 413 
81 81 
100 197 197 240 240 265 265 357 431 431 431 476 476 
22 389 461 
160 
363 
193 413 413 413 
54 54 76 
134 134 134 134 134 271 354 
234 325 325 325 358 358 
5 5 88 
233 233 233 233 233 238 

104 104 
5 5 354 354 
76 229 229 229 
159 159 188 
159 159 159 
