Nodes: 512, Edges: 1199
46 395 395 395 
225 225 225 441 
91 91 183 189 189 
271 493 493 

18 18 18 18 34 50 88 88 88 184 184 184 198 225 255 255 279 279 354 354 400 400 441 441 475 475 504 504 
404 
233 233 271 271 
196 196 224 350 
271 271 271 
476 476 
264 264 264 
184 184 184 202 355 355 
76 76 
117 184 
182 182 327 327 444 444 444 
184 
390 455 455 
5 5 5 5 277 277 277 277 
104 104 
428 
31 31 
108 108 115 331 331 497 497 
171 171 171 
76 76 
452 452 452 
158 158 158 408 
346 
63 183 183 

180 180 222 483 
21 21 172 172 184 184 315 315 354 354 486 489 489 
184 184 
67 192 192 192 
5 
210 210 210 222 222 222 309 309 309 
106 106 
324 324 324 324 406 415 
89 358 
62 62 62 159 159 163 166 166 219 219 231 231 241 241 241 330 330 405 477 485 
192 192 236 236 249 249 
44 85 85 137 137 151 151 156 156 160 184 184 184 324 354 399 399 445 445 450 457 
323 
193 193 
41 
76 76 439 439 
0 64 301 301 301 301 339 381 395 395 
346 346 


5 
490 
345 
225 
76 299 501 
236 
104 191 191 191 236 304 446 474 474 474 487 
415 
294 294 397 
444 
104 104 
81 81 81 
39 39 39 241 241 330 330 369 369 369 430 430 
28 383 463 463 
46 381 
193 193 413 416 416 416 
141 
33 281 281 347 
169 169 169 287 287 287 296 371 371 
236 236 
184 184 246 246 258 258 
330 
325 325 358 358 466 466 466 
94 94 94 315 
413 413 

13 13 24 24 45 45 54 78 78 78 107 109 184 199 199 207 207 208 208 245 292 292 299 299 322 322 328 328 346 346 353 360 361 413 413 423 423 440 440 456 478 478 509 509 
119 196 413 
76 76 76 
107 236 236 
314 418 418 
61 61 61 82 82 113 113 261 261 289 329 329 359 359 389 394 
81 81 121 121 121 143 143 329 329 
236 236 236 237 
85 85 
41 41 84 84 160 160 312 
386 508 
306 306 408 
5 5 5 504 
38 128 128 358 466 466 466 
358 
2 2 
182 404 404 404 413 413 413 
236 
73 73 73 315 
418 
314 
171 290 

450 
197 197 496 
140 471 471 471 
117 136 136 
146 379 425 425 
19 19 56 60 60 138 138 138 236 
106 106 184 184 184 190 190 
36 36 105 105 190 190 190 372 372 
76 79 
22 22 115 115 414 
76 199 199 207 
176 176 401 
182 
184 184 
81 81 
181 
22 108 108 
184 184 415 415 
14 102 135 135 136 136 136 184 184 
364 
77 122 222 222 413 413 413 
486 
82 82 82 143 143 
119 222 222 
468 
387 454 454 
136 136 136 170 
185 185 185 491 491 491 
480 
89 89 413 413 448 
236 415 415 
389 389 
240 240 454 
168 168 
381 381 381 
380 502 502 
117 117 
102 102 117 117 117 125 125 125 
41 41 
104 104 104 164 236 236 
381 381 
101 378 378 378 
66 358 413 466 466 466 466 
389 
82 82 121 121 217 217 217 
282 
339 
103 379 
173 236 236 
191 191 191 
250 
248 248 248 306 306 306 306 
41 41 354 354 354 
292 292 364 364 384 384 
325 

413 413 413 
41 41 450 450 
233 233 276 
26 26 26 194 194 408 408 
39 39 188 188 188 188 188 205 227 231 231 305 305 330 392 402 428 469 469 477 477 510 510 511 511 511 
41 85 85 272 272 312 312 312 498 498 
439 
322 322 
39 
138 300 300 
317 317 
39 39 477 
413 
132 132 
68 68 68 
125 471 471 
23 23 23 97 290 290 290 
31 31 
147 344 344 344 
222 222 376 376 
407 407 407 
110 110 247 
283 415 415 
183 
287 287 287 
30 30 222 222 
114 
15 15 92 111 220 220 340 363 363 404 404 444 499 499 
2 28 28 178 
5 5 5 12 12 12 14 16 31 31 32 32 41 41 41 70 70 76 105 105 105 112 112 116 116 117 117 213 213 221 236 236 267 279 284 289 289 291 292 292 292 307 315 324 338 338 338 345 345 354 354 355 355 355 366 366 396 409 409 415 426 451 484 488 490 490 
126 126 126 491 491 
245 
413 
159 159 159 159 159 477 
2 2 
105 105 106 106 106 372 
56 56 56 148 148 148 236 236 267 267 268 268 285 285 304 304 446 
33 33 33 40 40 281 281 
43 43 65 65 286 358 358 358 413 479 479 479 500 
158 158 
236 236 236 267 471 
8 8 77 200 200 290 350 350 350 373 373 413 
100 100 496 496 496 
5 386 386 
76 76 109 109 207 
196 196 
236 
12 355 355 
271 
267 267 268 268 
159 
405 405 
76 76 109 199 337 337 
76 76 
328 328 
35 35 35 
460 460 
233 233 310 
184 184 
314 314 314 
314 467 467 467 

143 143 143 
271 271 442 
39 39 232 232 274 274 402 402 454 
182 182 413 
184 
30 35 35 35 119 119 122 122 174 174 180 180 268 268 314 341 376 376 413 483 483 483 
329 329 
8 313 313 350 
1 1 1 5 53 259 259 259 377 393 393 393 419 419 419 441 441 458 458 458 

159 305 305 343 343 477 477 
245 245 361 
295 295 509 509 509 
236 236 275 275 303 303 303 415 415 
39 39 159 159 
219 219 454 454 
7 7 157 157 212 212 238 238 271 296 310 310 310 374 374 375 375 375 505 505 
503 
487 487 
40 40 55 56 69 69 79 79 83 83 83 93 104 129 138 138 147 147 184 184 191 191 195 195 195 201 230 230 267 267 267 275 278 283 283 283 344 344 344 351 356 356 356 415 415 432 432 432 460 460 487 487 
83 
233 233 505 505 
342 342 405 
131 131 476 496 
39 39 39 62 62 
478 
311 311 413 424 494 
325 325 358 358 358 
76 186 228 228 
70 70 
176 288 288 288 401 401 
150 150 150 408 
40 40 
149 374 442 
270 286 413 413 413 

330 
277 277 283 415 415 
5 5 443 443 
273 354 354 391 
392 392 392 392 
70 70 409 
225 225 225 

81 81 329 329 
364 364 364 

11 11 11 334 
496 496 
271 271 
184 191 191 195 204 204 236 236 236 356 356 356 471 471 
191 191 204 204 222 222 
415 
251 286 286 
3 7 7 9 9 9 203 218 218 233 266 266 282 282 282 287 287 297 297 339 339 339 354 374 374 375 375 391 401 401 408 408 412 412 427 427 442 453 453 453 502 502 
160 160 
256 472 472 475 
219 219 402 
230 230 236 
157 
18 18 18 18 254 254 415 415 
236 
5 5 184 431 431 
308 308 449 467 467 
67 67 192 192 298 298 347 421 421 421 
144 271 271 271 427 
177 236 236 236 254 303 303 344 344 415 415 
184 
191 191 
193 251 270 270 
68 68 68 179 179 179 271 271 
247 247 247 
81 184 184 
97 171 171 171 196 480 480 
184 426 
76 76 152 152 184 184 184 364 410 410 
408 408 
58 58 397 408 408 
229 229 
68 233 425 425 425 
271 271 408 
281 281 347 347 347 
54 76 76 413 
164 164 
46 46 46 46 464 
485 485 
230 230 230 283 283 415 415 
56 191 191 
159 159 227 227 392 482 482 
87 87 150 150 150 150 370 370 370 408 408 
184 354 396 462 465 465 465 
280 280 467 467 
35 35 35 
212 233 233 233 
243 243 
85 160 160 160 348 348 348 348 
224 224 
80 96 214 214 214 215 222 317 319 349 349 354 384 398 398 413 413 418 418 429 429 434 449 449 455 467 481 481 
31 31 73 94 184 336 486 486 
444 
165 165 314 398 398 413 
413 
314 354 354 

323 
76 76 162 162 
42 321 359 359 
37 37 37 37 41 184 
72 72 153 244 244 358 358 503 
358 
15 15 
76 76 209 209 
81 81 82 82 223 223 261 261 
39 39 62 62 71 159 253 369 369 369 428 
22 22 
407 407 407 413 413 

264 385 413 413 413 
413 413 
315 486 486 486 
207 207 
184 184 184 415 
46 145 271 271 271 381 408 408 408 452 464 464 
182 
222 
239 239 
227 227 
173 173 173 236 236 236 283 283 447 
52 184 184 
27 47 47 76 76 459 459 
67 281 298 298 298 506 
312 312 312 312 
314 314 481 481 481 
8 196 196 196 224 
236 432 
402 402 
76 456 456 
5 5 31 31 41 151 151 151 184 184 256 256 271 307 314 319 319 411 411 450 450 450 462 462 490 502 508 508 508 
12 12 184 184 184 202 202 
236 236 236 267 267 267 
367 367 431 496 
38 72 72 89 90 141 193 193 193 244 244 244 325 325 326 413 466 503 503 503 
81 81 323 323 
76 
76 228 
413 413 
182 182 499 499 
118 152 152 262 262 262 292 410 410 
415 415 
184 184 
357 357 496 496 496 
401 
62 62 62 330 330 330 
306 306 306 
68 68 
106 106 190 
196 196 
233 233 250 271 271 408 417 417 417 442 442 
233 233 233 271 271 
174 174 222 222 
225 
140 140 140 
103 146 
134 
46 64 133 133 133 139 139 339 395 408 
413 
63 415 415 432 432 463 
152 152 314 449 
334 413 
86 198 198 
124 
487 487 487 
81 130 130 142 497 
17 
256 271 
159 257 257 257 257 305 
225 225 225 
81 495 
0 0 0 46 46 381 
184 307 
58 294 
314 314 317 317 
41 41 492 
5 5 
110 247 247 271 271 368 
159 219 219 274 352 352 405 405 
427 427 
6 92 92 92 182 182 
39 206 206 239 402 402 
37 
175 175 175 332 332 332 413 413 
26 87 158 158 248 271 271 293 293 294 294 297 306 306 339 339 339 374 381 437 437 470 
184 184 258 
292 292 364 364 
354 354 
271 271 
65 74 74 76 76 77 92 92 92 119 119 119 128 128 141 155 155 155 167 187 193 196 220 222 243 251 251 251 299 314 314 317 318 332 332 334 334 334 335 335 358 362 362 382 385 407 407 439 448 448 494 494 500 
108 
37 57 116 116 129 129 177 177 184 230 230 236 236 254 254 269 277 277 283 283 303 303 338 365 365 383 383 432 432 463 463 
65 65 65 
374 374 374 
80 80 95 314 314 
225 225 225 
441 441 441 
281 281 281 

76 76 
243 
103 103 296 296 296 
184 291 
271 271 282 403 403 
20 159 330 
314 314 
62 62 
279 279 357 496 
236 236 236 351 383 383 415 415 460 460 460 

314 
449 449 
497 
408 408 

45 45 161 413 
76 76 
1 5 5 225 225 420 420 420 
218 250 271 374 374 468 468 
255 255 
15 15 15 59 182 316 
41 41 
56 191 
344 
128 413 413 
280 314 314 384 435 435 467 
41 99 156 156 354 354 354 462 462 
184 
25 25 25 339 464 464 
271 271 271 
124 124 131 219 232 232 
17 17 314 
76 353 353 491 491 491 
41 
225 225 225 
346 346 
211 211 236 236 432 432 432 
497 497 
307 354 354 450 450 
63 63 383 415 415 
301 339 339 452 452 
307 307 307 
72 72 72 89 89 89 141 141 141 141 358 
215 215 215 280 280 308 308 314 449 
123 442 442 
159 159 
408 
101 101 101 170 170 195 267 267 
273 273 475 475 475 

56 56 56 487 487 
5 5 273 472 472 472 
10 10 240 496 
39 159 159 166 188 227 227 
76 76 242 
193 193 193 
127 290 290 
314 314 349 349 349 
305 305 
30 222 222 222 
184 
39 302 302 
31 120 315 315 336 336 336 
56 235 235 236 236 388 388 388 474 474 
184 
31 31 
51 184 184 354 
126 126 126 185 185 456 456 456 
399 
3 3 
243 413 413 
394 
100 197 197 197 240 265 265 357 367 367 367 431 476 
22 22 389 436 461 461 
160 160 
182 182 363 363 
193 413 
54 
134 134 271 271 354 
234 325 358 358 358 
5 5 88 
233 233 238 238 
347 

86 354 354 354 
76 76 229 229 229 
159 159 
159 159 159 
