Nodes: 512, Edges: 1199
46 46 46 64 395 
225 225 
91 91 111 111 183 183 189 189 
271 493 

18 18 18 18 34 48 50 50 88 88 184 184 184 198 255 255 273 273 279 354 354 400 400 441 475 475 504 504 504 508 508 508 
404 404 
271 
224 313 313 350 
271 271 
476 
264 264 
184 184 202 355 

117 184 
182 182 327 444 444 
184 
390 455 455 455 
5 5 5 5 
104 104 
428 428 
31 
115 115 115 331 331 414 461 
171 171 290 
76 76 
452 452 
158 408 408 
346 
63 63 178 183 183 189 
474 
180 180 483 483 
21 172 172 184 315 315 354 354 354 486 486 489 489 489 
184 184 
67 67 67 
5 
210 210 309 413 413 413 
106 106 
324 324 324 
89 89 89 89 358 358 
62 62 62 159 159 159 163 166 219 219 231 231 241 267 267 302 330 330 330 402 402 402 405 405 477 477 477 485 485 
192 192 236 236 249 249 
85 85 137 137 137 151 156 156 160 160 160 184 354 354 354 399 450 450 457 457 
321 323 323 
193 

413 
0 0 0 64 64 301 301 301 339 339 381 381 381 395 395 
346 346 346 346 
5 
236 236 
5 5 400 
490 490 490 
184 184 345 345 
225 393 
76 76 76 299 
195 195 
191 191 236 236 236 304 304 446 446 446 474 487 487 
415 
294 294 
444 444 
104 104 236 
81 81 359 
39 39 39 241 330 330 369 369 430 430 
28 28 383 463 
0 46 46 381 
413 416 416 416 
141 141 
33 33 33 192 192 281 281 347 
169 169 287 287 287 371 
236 252 344 
184 246 246 258 
330 
325 325 358 466 
94 94 94 315 
413 
435 
24 24 54 54 54 78 107 107 109 162 162 184 186 196 199 199 207 208 228 228 242 242 245 292 299 314 314 314 322 322 328 328 346 353 354 360 361 413 413 423 440 456 456 478 478 509 
119 119 196 413 
76 


61 61 82 82 82 113 184 261 289 289 329 359 394 394 
81 81 81 142 143 143 329 329 
236 237 237 
85 85 85 312 348 348 348 
41 41 84 84 84 160 160 312 
198 198 198 386 386 386 508 508 
306 306 408 408 408 
5 5 504 504 504 
38 38 38 38 128 128 128 358 466 466 
358 
2 2 189 
182 404 404 413 
236 236 
73 73 73 315 315 
418 
317 
171 290 
441 441 
256 
197 197 476 496 
140 140 195 195 471 
117 117 136 136 216 
379 425 
19 19 60 60 138 138 236 236 237 507 
106 106 106 184 184 190 190 
36 36 105 105 105 190 
76 76 
115 115 414 
76 199 199 207 
176 176 176 247 247 401 401 
2 2 182 
184 184 184 
81 
181 181 181 367 367 367 
22 22 22 108 108 
184 415 484 
14 102 102 125 135 136 136 184 184 236 236 
364 
77 77 122 122 122 222 413 413 413 
486 486 486 489 489 489 
143 143 143 
119 119 119 222 
468 468 468 
387 387 
117 
185 491 491 491 
480 
89 89 89 413 413 448 
236 236 415 415 415 
389 
240 240 454 
168 168 
381 
380 502 502 502 
117 
102 102 117 117 
41 41 41 
104 104 164 236 236 
381 381 
101 101 320 320 378 378 378 
66 66 358 413 466 466 
82 389 
82 82 121 121 121 217 
282 282 
339 
379 
236 
191 191 304 

248 306 306 306 408 
41 354 354 354 
292 292 292 364 384 384 
325 
374 
413 
41 41 450 
233 233 276 
26 408 408 
39 39 39 205 227 231 231 305 305 330 330 330 402 402 428 428 433 469 477 477 477 510 511 
41 41 41 85 85 272 272 272 498 498 
439 439 
76 76 322 322 
39 
138 300 300 
317 329 329 
39 477 477 477 
220 413 413 
132 132 413 413 
68 68 233 296 296 
471 471 
23 23 97 
31 31 
344 344 
222 335 335 376 376 413 413 
413 
110 110 110 247 247 247 
269 415 415 
28 183 
287 287 
30 30 
114 114 114 
15 15 92 111 340 340 363 363 413 413 413 444 499 499 
2 2 28 28 178 
5 5 5 12 12 14 16 31 32 32 41 52 52 70 76 81 105 105 112 112 112 116 117 117 213 221 221 236 236 246 246 246 258 258 267 267 267 279 279 284 284 284 289 289 291 291 291 292 307 315 315 324 338 345 354 354 354 355 355 366 396 409 409 415 415 415 426 451 451 456 465 484 484 488 488 488 490 490 
126 491 491 
76 245 
413 
477 477 510 
2 2 28 91 
105 105 106 372 
56 56 148 148 236 236 267 267 268 268 304 446 446 
40 40 67 67 236 236 236 281 281 
43 286 362 500 500 

55 55 101 101 236 267 
76 77 200 290 290 350 350 373 373 413 413 422 422 
100 100 496 496 
5 86 86 86 386 386 
76 76 109 109 207 
196 
236 415 
12 
271 271 
267 268 
159 
405 405 
76 109 199 478 
76 
328 328 
35 35 
460 
233 233 310 
184 
215 
214 314 467 467 467 
102 
143 
271 442 442 442 442 
39 39 232 274 274 402 402 454 
167 
184 184 
119 122 174 268 314 314 341 341 376 413 413 413 483 
329 329 329 
8 313 
1 1 53 259 259 377 377 393 393 419 419 458 458 458 458 
292 292 
159 305 305 343 392 
76 76 245 245 
295 509 509 
236 275 303 415 415 
39 39 159 159 
219 454 
157 157 169 212 212 238 271 271 296 310 374 375 505 
503 
487 487 
40 40 49 49 56 56 56 60 69 83 93 93 104 104 117 117 129 129 138 138 147 184 184 191 191 192 192 192 195 201 230 237 267 267 275 275 278 278 278 283 283 283 344 344 344 351 356 415 415 415 432 438 438 438 460 487 487 487 
83 83 104 236 
233 505 505 505 505 
342 405 405 
131 131 476 496 496 
39 62 
76 76 478 
311 311 413 424 424 494 494 494 
358 358 
76 186 228 228 
70 70 184 184 184 
110 110 176 176 176 288 401 401 
150 293 408 408 
40 40 
417 417 417 417 
270 286 413 413 413 
69 
330 330 330 
277 277 
5 5 443 
99 354 
392 
70 184 184 409 
225 225 
426 
81 329 
364 
315 315 315 
11 11 334 334 
496 496 
271 271 
39 39 184 184 184 191 191 195 204 236 236 268 268 268 356 471 471 
191 191 204 222 267 267 267 
177 
251 286 
3 7 9 9 203 203 218 233 233 266 266 282 282 287 287 297 339 339 354 374 374 375 375 391 391 401 401 401 408 408 408 412 412 427 442 442 502 502 
160 160 160 
5 5 354 354 354 472 475 
219 219 352 402 
230 236 236 
157 
254 254 415 
236 236 236 
5 184 184 431 431 
308 449 449 467 
67 67 192 192 298 421 
144 144 271 271 427 
236 236 236 303 344 344 344 344 344 415 415 
184 184 184 

193 251 270 413 413 413 
68 68 68 179 179 271 271 
247 
81 81 184 184 
23 97 196 196 
184 184 184 426 426 
76 152 152 152 184 226 226 364 364 
248 
58 58 397 399 
229 
169 169 233 425 425 
271 408 
281 
54 76 413 
164 164 
46 46 46 
39 
230 283 415 415 415 
56 56 148 191 
159 159 227 227 482 482 
87 87 150 150 150 370 370 408 408 
184 354 354 396 462 465 465 
280 467 
35 
212 233 
243 243 
84 85 348 348 
8 8 224 
76 76 76 215 222 222 317 319 319 349 349 354 354 384 413 413 418 418 418 429 434 449 449 455 455 467 467 481 481 
31 31 73 94 94 184 184 263 263 263 336 486 
444 444 444 
96 165 314 398 398 413 
413 413 413 
314 314 354 354 
140 140 
42 323 323 323 
76 76 162 162 
42 42 321 321 321 359 359 
37 37 37 184 
72 72 153 358 503 

15 
76 76 209 209 
81 82 82 165 165 223 223 223 261 
39 39 39 62 62 71 159 159 159 253 253 253 369 369 369 369 428 428 
22 22 
407 407 407 413 
413 413 
264 264 385 385 413 413 413 
174 174 
315 

184 415 415 415 
46 46 145 271 271 381 381 381 408 408 408 427 452 452 452 464 464 470 
182 182 
222 222 
239 
227 
69 173 173 236 236 236 283 283 283 283 283 447 447 
52 52 184 
27 47 47 47 47 76 459 
67 421 421 506 506 
84 84 84 312 312 
314 314 481 481 
8 196 196 
236 432 
274 
76 456 456 456 
5 5 31 31 31 41 41 41 76 151 151 151 184 184 184 256 271 273 273 273 307 307 314 314 319 319 411 411 450 462 462 462 490 490 490 502 502 508 508 508 
12 184 184 
236 267 
367 367 367 431 496 496 
38 38 72 89 90 141 244 244 325 466 503 503 503 503 
61 81 323 323 
76 
76 
193 413 413 413 
182 182 499 499 499 499 499 
118 152 262 292 292 410 
415 415 
184 
114 114 114 357 357 357 

62 62 330 330 330 330 
306 306 
68 
190 
196 196 
154 233 271 271 408 408 417 
233 271 271 
174 174 222 
225 225 458 458 
140 140 140 
103 146 
134 
46 46 46 64 133 139 139 339 339 339 395 395 395 408 

63 415 463 
152 152 314 449 
334 334 413 
86 86 86 198 198 
124 124 
487 487 
130 142 
17 
271 271 
227 257 
53 225 225 
81 81 495 495 
0 46 46 381 381 381 
184 307 
294 
317 317 
41 294 492 492 
5 5 50 
110 110 247 247 271 271 271 
39 39 39 159 159 219 219 274 405 405 405 
427 
6 6 92 92 
39 39 206 206 239 239 402 402 402 

332 332 332 413 
26 26 87 87 87 150 158 158 248 248 271 271 271 297 306 306 339 339 339 374 374 381 412 437 470 
184 184 258 
364 
354 354 
271 271 408 
35 35 35 45 65 74 76 76 77 92 119 119 119 128 128 141 155 167 167 168 168 174 174 175 182 182 182 187 196 196 222 222 222 243 251 251 251 286 286 286 299 314 314 317 318 318 318 332 333 333 334 334 334 362 362 362 385 407 439 439 448 455 455 494 500 500 500 
22 108 
57 116 129 129 129 177 177 184 184 184 201 230 230 236 236 236 277 283 283 303 303 303 338 338 338 365 365 383 432 463 463 
65 65 65 
250 250 250 250 374 
95 314 314 314 
225 225 
441 
281 347 347 
196 196 
76 
243 243 
103 296 296 
184 260 291 291 
271 282 339 403 
20 20 159 159 330 330 
314 
62 62 
279 279 357 
236 351 415 460 460 
159 
314 
75 449 449 
497 
408 
236 236 236 
161 161 413 413 
76 
5 98 98 420 
218 218 218 218 271 271 468 468 
255 
15 15 59 59 182 316 316 316 

56 56 56 191 191 
344 344 
128 413 
280 280 314 314 384 435 435 467 467 
41 41 156 354 
184 184 
25 25 339 339 339 464 464 464 

131 219 232 
17 17 17 314 314 413 413 
76 76 184 353 353 353 491 
41 41 
225 225 225 225 377 377 
346 
211 236 432 432 
22 
307 354 354 354 
63 383 415 415 
339 339 452 452 452 
184 307 307 
72 89 89 141 141 358 
215 215 215 280 308 314 314 449 449 
123 123 123 442 442 
159 
339 408 
101 170 170 267 267 
273 475 475 

29 56 487 487 
5 5 273 472 472 
10 100 240 496 
39 39 39 159 159 159 166 166 166 188 188 
76 76 207 242 

127 
314 314 349 349 
305 305 
30 30 222 
116 184 184 
39 39 
31 31 120 120 120 315 489 489 
56 56 235 235 236 236 236 388 388 474 474 
184 184 184 
31 31 31 120 120 120 486 486 
51 51 51 184 184 354 354 354 
126 126 126 185 185 456 
399 399 
3 
243 243 243 413 
394 394 
100 197 197 240 240 265 265 357 357 476 
436 
160 160 
182 182 363 363 363 363 363 
193 193 413 413 413 

134 134 134 271 271 354 354 
234 325 358 358 358 358 
5 5 5 88 88 88 
233 238 238 238 238 
347 347 
104 
5 5 5 86 86 354 354 354 
76 229 229 
159 188 
159 
