Nodes: 512, Edges: 1199
46 46 46 64 395 395 
225 225 441 441 
91 111 111 183 183 189 189 
271 271 493 493 
454 
18 18 18 48 48 50 88 88 184 184 198 225 255 279 354 354 354 400 400 441 441 441 475 475 504 504 

233 233 
196 224 224 350 350 
271 271 
476 476 
264 
184 184 355 355 
76 76 
117 184 184 
182 327 327 327 327 444 
184 
390 390 455 
5 5 5 277 277 277 

428 428 
31 31 31 
108 108 108 108 115 115 331 331 414 414 
290 290 
76 76 
452 452 
158 408 408 
76 76 
178 178 178 183 183 189 
474 
180 180 222 222 222 483 483 
21 21 21 172 172 184 184 315 315 354 486 486 489 
184 184 
67 67 192 

210 210 210 222 413 
106 
324 324 406 406 406 415 
89 89 358 
62 62 62 159 159 163 163 166 219 219 241 267 267 302 302 330 330 402 402 405 477 477 477 485 485 485 
192 236 236 
44 85 99 137 137 151 151 151 156 160 160 184 184 324 324 354 354 399 399 399 445 445 450 450 457 457 
321 321 321 323 323 
193 193 
41 
413 413 413 
0 0 0 64 301 301 381 381 395 395 
346 346 346 
5 5 
236 236 
5 400 400 
490 
184 345 
225 
76 76 299 299 501 
236 236 
191 236 236 304 304 474 474 487 487 
415 415 
294 294 397 
444 
104 236 236 
81 359 
39 39 39 241 241 330 330 330 369 369 
383 
0 46 381 381 
193 193 413 416 416 
141 141 
33 33 192 281 347 347 
169 169 287 287 371 371 
236 344 
184 184 246 246 258 
330 
325 358 358 466 
94 94 315 315 
413 
383 463 
13 13 24 24 27 27 54 54 78 107 107 109 109 184 186 196 199 199 207 207 207 208 228 228 229 229 242 242 245 245 292 292 314 322 322 322 328 328 346 353 353 354 361 413 413 423 423 440 440 456 478 478 501 501 509 509 509 
119 119 119 119 196 
76 
236 236 
314 
61 82 82 113 113 184 184 261 359 359 359 394 495 
81 81 121 142 142 143 389 389 389 
236 236 236 237 
312 312 348 348 
41 160 160 312 312 
198 386 386 386 508 
306 408 408 408 
5 5 
38 38 128 128 128 128 358 466 
358 358 
2 
182 182 404 413 
236 236 236 
73 73 315 
418 418 418 
314 
171 171 290 
420 420 441 441 
41 256 
197 197 476 476 476 496 496 
140 140 471 471 
117 136 216 
146 146 379 379 425 425 
60 138 138 236 236 507 
106 106 106 184 190 
36 105 105 105 190 372 372 
76 76 
22 22 22 22 115 115 414 
76 76 199 199 199 
176 247 247 
2 2 182 182 

81 81 
181 181 
22 22 108 108 389 
184 184 415 484 
14 102 125 125 135 135 135 136 136 184 184 184 236 236 236 

77 77 77 77 122 122 222 413 
486 486 489 
82 
119 119 
468 
454 
117 117 136 170 
185 491 491 491 
480 
89 89 89 89 413 413 448 
236 236 415 415 415 

240 240 240 454 454 454 
168 168 
381 381 
380 380 502 
117 117 117 
102 117 117 125 
41 41 184 184 
104 104 164 164 236 236 
381 
101 101 320 320 378 378 378 
66 66 358 466 466 466 466 
82 82 389 389 389 
82 217 
282 
339 339 
103 103 
173 236 236 
191 191 304 304 304 
250 250 
248 248 306 306 306 408 408 
41 41 41 354 354 
292 364 364 384 384 384 
325 325 
374 374 374 
413 413 
41 450 
233 233 276 276 276 
26 271 271 408 
39 39 188 205 205 227 227 231 305 330 330 392 402 428 428 433 433 469 469 469 477 477 510 510 511 511 511 
41 41 85 85 272 272 312 498 498 
413 439 439 
322 
39 39 
138 138 300 300 300 
317 317 329 
39 477 477 
220 220 220 413 
132 132 413 413 413 
68 68 233 296 296 
125 
97 97 290 
31 31 
147 344 
222 335 376 413 413 
413 
110 247 247 
269 
28 28 28 183 183 
287 287 
30 30 
114 114 
15 92 92 111 111 220 220 220 363 404 404 404 444 499 
2 2 28 28 178 178 
5 5 12 12 14 14 16 31 31 32 32 41 41 52 70 70 76 81 81 105 116 116 117 117 117 137 137 213 221 221 221 236 246 258 258 267 279 284 289 289 289 291 291 292 292 292 307 307 324 324 338 345 354 354 366 396 409 409 415 415 426 426 451 451 456 456 465 465 484 488 490 
126 491 491 
76 245 245 440 

159 
2 2 28 
105 106 372 372 
56 148 148 236 236 267 268 285 285 304 446 
33 40 67 236 236 281 281 281 
43 43 65 65 286 286 358 362 362 362 413 413 479 479 500 500 

236 267 471 
8 76 77 200 350 373 373 373 413 413 422 
100 100 496 496 
5 86 
76 76 109 109 109 207 
196 
236 415 415 415 
355 355 
271 271 271 
268 268 
159 159 
405 
76 76 76 199 337 478 478 
76 
328 328 
35 35 35 

233 233 310 
184 
215 314 
214 314 467 
102 
143 
271 442 442 442 
39 39 232 232 274 274 454 
167 167 167 182 182 182 413 
184 184 184 
30 30 30 35 119 174 314 314 341 376 376 413 413 483 483 

8 8 313 313 350 350 350 
1 1 5 53 377 377 419 419 441 441 458 
292 292 
159 159 343 
76 76 245 361 
76 76 295 295 509 
236 236 236 275 275 303 303 415 415 415 
159 
219 219 454 
7 7 157 157 169 212 212 238 271 271 271 310 375 375 375 505 505 
503 503 
487 
40 40 49 49 55 55 56 56 60 60 69 79 79 83 83 83 93 93 93 104 104 117 117 117 129 129 138 138 147 147 184 191 191 192 192 195 201 230 230 230 267 267 278 278 283 283 283 344 344 344 351 356 356 415 415 415 432 438 460 487 
83 
233 505 505 505 
342 
131 131 131 476 496 
39 62 62 
76 76 478 
311 311 311 413 424 494 494 
325 358 358 
76 76 186 186 228 
70 70 184 
110 110 176 176 288 288 
150 150 293 408 

149 149 374 374 374 417 417 442 442 442 
286 413 

330 330 330 
277 277 277 283 415 
5 443 443 443 
99 354 391 
392 392 
70 184 184 409 409 

426 
81 329 329 
364 364 364 
315 315 
11 334 334 
496 496 
271 271 
39 39 184 191 195 236 236 268 268 356 356 471 471 
191 204 204 267 267 
177 415 415 

3 3 9 9 158 158 203 203 203 218 233 233 233 266 266 282 282 297 297 297 339 339 354 374 374 375 375 375 391 391 401 401 401 408 408 412 427 427 427 442 453 502 502 
160 160 
354 354 354 472 472 475 475 
219 219 352 402 
230 230 
157 157 157 
18 18 18 254 254 254 415 
236 236 
5 184 
308 308 308 449 449 467 
67 192 192 192 347 347 421 421 
144 271 271 427 
236 236 236 254 303 303 303 344 344 344 415 415 415 
184 
191 191 
193 193 251 413 413 
68 68 179 179 
247 247 
184 184 184 
23 23 97 171 480 
184 184 426 426 
76 76 152 184 184 184 226 226 364 
248 408 408 
58 58 397 397 408 
229 229 
169 169 425 
271 271 271 408 
347 347 
54 54 413 
164 164 164 
46 46 
39 39 485 485 
230 230 283 283 283 
56 56 148 148 148 191 
159 392 482 482 
87 150 150 150 370 370 408 
184 184 354 396 396 465 465 
280 280 280 467 

212 233 
243 243 243 
84 84 85 85 160 348 
224 224 
76 80 96 214 215 222 222 317 319 319 354 384 418 418 418 434 449 449 449 455 455 467 481 481 
31 31 73 73 94 263 263 336 486 

165 165 314 398 413 
413 413 
314 314 354 354 354 
140 140 
42 42 42 323 
76 76 76 162 
42 42 321 359 359 
37 37 41 41 184 184 
72 153 153 244 503 503 

15 15 15 15 
76 76 209 209 
165 261 261 
39 39 62 62 62 71 159 159 253 253 253 369 428 
22 22 
407 407 413 413 413 
413 
264 264 385 385 385 385 413 
174 413 413 413 
315 486 
207 
184 415 
145 145 271 271 381 408 427 427 452 464 464 464 470 

222 
239 
227 
69 173 236 236 236 283 283 283 447 447 
52 184 
47 47 47 76 459 
67 67 281 281 298 298 421 421 506 506 506 
84 84 312 
481 
8 8 196 224 224 224 
236 432 
274 402 402 402 
76 76 456 
5 5 5 31 41 41 76 151 151 184 184 256 271 273 273 273 307 314 319 319 319 411 450 450 462 462 462 490 490 490 502 502 508 508 
12 12 202 202 
236 236 267 267 
431 496 
38 72 72 89 90 90 141 193 244 244 466 503 503 503 503 
61 81 81 81 323 323 

76 228 
193 193 193 413 
182 499 
152 152 262 262 262 292 410 410 
415 
184 
496 496 
401 
62 62 330 
306 306 
68 68 
106 106 190 190 
196 196 196 
154 154 154 250 250 250 271 271 408 408 417 442 442 
233 233 233 271 271 271 
174 222 222 
225 225 
140 140 140 
103 103 
134 134 
46 46 64 64 133 133 139 339 395 395 
413 
63 75 463 
152 152 152 314 449 
334 334 334 334 413 
86 86 86 

487 487 
82 82 82 115 142 142 142 497 497 
17 17 
256 271 271 
159 257 257 305 

81 495 495 
0 0 46 46 381 381 
184 307 307 
58 294 294 
317 
41 41 41 492 492 492 
5 5 50 50 
271 271 271 368 
39 39 159 274 352 352 352 405 405 405 

92 182 182 182 
39 206 402 402 402 
37 37 37 
332 332 413 413 413 
26 26 87 87 87 150 150 158 248 271 271 293 293 294 297 306 339 374 374 412 412 412 437 437 470 
184 184 258 258 
364 364 
354 
271 408 408 408 
35 45 45 45 65 74 76 76 92 119 128 128 155 155 161 167 168 168 168 174 174 175 193 193 196 196 220 222 222 243 251 286 286 299 317 318 318 332 332 332 333 334 335 335 335 362 382 385 407 407 407 439 448 455 494 494 500 500 
22 22 108 
37 57 57 116 129 129 129 184 184 201 201 201 230 230 230 236 236 236 254 269 269 277 283 283 283 338 365 432 432 463 
65 65 
250 250 374 
95 95 95 314 314 314 
225 225 
98 98 441 441 441 
281 281 347 347 
196 
76 76 
243 
103 103 296 
184 184 260 291 291 
271 271 271 282 339 339 
20 20 159 159 330 


357 496 
236 351 415 415 460 460 
159 159 
314 
449 
497 
408 408 
236 
161 161 413 
76 76 186 
1 1 5 5 5 98 98 225 225 420 420 420 
218 218 218 250 250 250 271 374 374 468 
255 255 255 
15 59 182 
41 41 
191 
344 344 
128 413 
280 280 314 314 314 384 435 467 
41 41 156 354 354 462 
184 184 
25 25 339 464 464 
271 
4 124 131 131 131 219 232 
17 314 314 413 
76 184 184 353 491 
41 41 
225 
346 
236 432 432 
497 497 497 
354 354 354 450 
75 383 415 
339 339 339 452 452 
184 184 307 307 
72 89 141 141 141 141 358 
215 280 308 314 449 
123 442 
159 159 159 
339 408 
101 101 195 267 267 
273 273 475 

29 56 56 487 487 487 
5 5 273 273 472 
10 10 100 100 100 240 496 496 496 
39 39 39 159 159 166 166 
76 76 207 207 242 
193 193 
127 290 
314 314 349 
305 305 
30 30 222 222 
116 184 
39 39 39 302 302 
31 31 120 120 315 336 489 489 
56 56 235 236 388 388 474 474 474 
184 
31 120 486 486 
51 184 354 354 354 
126 126 126 185 185 456 
399 399 399 
3 3 
243 243 413 413 
81 394 394 
100 100 197 197 240 265 265 357 367 367 431 476 476 476 
389 389 436 461 461 461 
160 160 
182 363 
193 193 413 413 
54 76 76 
134 271 271 354 354 
234 234 325 325 358 358 358 358 
5 5 
233 233 238 238 238 
347 347 347 
104 
86 354 354 
76 76 76 229 
159 159 
159 159 159 
