Nodes: 512, Edges: 1199
46 46 395 
225 225 441 
111 183 183 189 189 
271 271 271 493 493 
454 454 
18 34 48 50 50 88 88 184 198 225 225 273 354 400 400 475 508 508 
404 404 
233 271 271 271 
196 224 313 350 350 

476 

184 355 355 

117 184 184 184 
182 182 327 327 327 444 
184 184 
390 455 455 
5 277 277 

428 
31 
108 108 115 115 331 461 461 497 497 
171 171 290 290 


408 408 
76 76 76 
63 63 178 183 183 

180 
21 172 172 184 184 315 315 354 486 489 489 
184 184 
67 192 192 192 
5 
210 210 222 309 413 
106 106 106 
324 324 324 406 406 406 415 415 
89 89 89 89 
62 62 62 159 163 166 166 166 219 231 231 241 241 267 302 302 330 402 402 405 477 477 
192 236 236 
85 85 85 137 137 137 151 151 156 184 184 324 354 354 399 445 450 450 457 457 
321 321 323 
193 

413 439 439 439 
0 0 64 301 301 301 339 339 381 
346 346 346 
5 
236 236 
5 5 400 400 400 
490 490 
184 184 345 

76 76 299 299 299 501 501 
195 195 236 
191 191 236 236 304 304 446 446 474 487 487 
415 415 
397 397 
444 444 444 
104 104 236 236 
81 359 359 
39 39 39 241 330 369 430 
28 28 383 383 
46 381 381 
416 
141 141 
33 192 192 281 347 347 347 
169 287 287 287 287 296 296 371 371 
236 344 344 
184 184 246 246 258 
330 
325 358 466 466 
94 315 315 
413 413 413 
383 463 
27 27 27 54 54 78 78 78 107 109 162 162 184 186 186 186 196 199 199 208 228 228 229 242 242 242 245 245 292 299 299 314 322 322 322 328 353 353 361 361 413 413 413 423 456 456 478 509 
196 413 413 
76 76 76 
236 
314 314 418 418 
61 82 113 261 261 289 329 329 329 359 359 359 389 389 394 394 495 
81 121 121 121 143 329 329 389 389 
236 236 236 
85 85 312 
41 41 41 84 84 160 160 312 312 
198 198 386 386 508 508 
306 306 408 
5 5 504 504 
38 38 38 38 128 128 358 358 466 466 466 
358 
189 
182 413 413 413 
236 236 236 236 236 
73 315 315 315 
418 
314 314 
171 290 
420 441 441 
256 450 
197 197 476 476 496 
140 140 140 195 471 471 
117 117 136 216 216 
146 146 379 425 
60 60 138 236 237 507 507 
106 106 106 184 184 190 
36 36 36 105 105 105 372 
76 
22 22 115 115 336 414 
76 199 199 
176 176 176 247 247 
2 182 182 

81 
181 360 367 367 
22 22 108 108 
184 184 415 415 415 484 
14 102 102 125 135 136 184 236 236 
364 364 
122 122 222 
486 486 486 489 489 
82 82 82 143 
119 119 222 222 
468 
454 454 454 
117 136 136 
185 185 473 491 491 
480 480 
89 89 413 448 
236 236 415 415 
389 389 
240 454 454 
168 
381 
380 380 502 502 
117 
102 117 125 125 
41 41 41 184 
104 164 236 236 
381 
101 101 101 320 320 320 378 
66 66 358 413 466 466 
389 
82 121 217 
282 282 
339 
103 103 
173 236 236 
191 304 
250 
248 248 248 306 
41 41 354 
292 384 384 
325 
374 
413 
41 450 450 
233 233 276 
194 271 271 271 408 
39 188 188 188 205 205 227 231 257 305 402 402 402 428 433 433 433 469 469 477 477 510 510 511 511 511 511 
85 85 272 272 312 312 498 
413 439 439 
76 76 322 
39 
138 300 
317 317 317 329 
39 39 39 
220 413 413 413 
132 413 
68 296 296 
471 471 
23 23 97 290 290 290 
31 31 
147 
335 335 376 376 
407 413 413 
110 110 110 247 247 
269 283 283 283 300 415 415 
28 183 
287 287 287 
30 222 222 
114 
15 15 92 111 111 220 220 220 340 340 340 404 404 413 413 444 499 499 
2 2 28 28 178 
5 12 14 14 14 16 16 31 31 32 32 41 41 52 52 70 70 76 105 105 116 116 117 137 221 221 236 236 236 246 258 267 267 279 284 284 289 291 291 292 292 292 307 307 315 315 324 324 324 338 345 345 354 396 409 415 415 426 451 451 451 456 465 465 484 488 
126 126 491 491 
76 76 76 245 440 
413 
159 159 159 477 510 
2 2 91 404 
105 372 372 
56 56 148 236 267 267 268 285 285 285 304 446 
33 33 33 40 67 67 236 281 281 
43 286 286 358 358 358 362 362 413 413 479 500 500 
158 
55 55 101 236 267 267 471 
8 76 77 200 290 290 373 373 413 422 
100 100 496 496 
5 86 86 
76 76 109 109 207 207 
196 
236 236 415 
355 
271 271 
267 267 268 
159 159 

199 199 478 478 
76 
328 
35 35 
460 
233 233 310 310 310 

215 215 314 314 
214 214 314 467 
102 102 
143 
442 442 442 442 
39 232 274 454 454 
167 182 182 182 413 
184 184 
35 119 122 122 180 180 314 314 341 376 413 413 483 483 
329 
8 313 350 350 
1 1 5 5 259 377 377 393 393 419 458 458 
292 292 
159 305 305 392 392 477 
76 76 245 361 
76 295 509 509 509 
236 236 275 303 303 415 415 
39 39 159 
219 454 454 
7 157 157 212 212 271 310 310 374 374 375 375 505 505 505 505 
503 
487 
40 40 49 49 55 56 56 60 60 69 79 83 83 83 93 93 93 93 93 104 117 117 129 129 138 138 147 147 184 184 184 191 192 195 201 201 230 230 237 237 237 267 267 275 275 278 278 283 283 283 344 344 344 351 351 356 356 415 415 432 432 438 438 460 487 
104 236 236 236 
505 505 
342 405 405 
131 476 476 496 
39 39 62 
76 76 76 478 
413 424 494 494 494 
325 325 
76 76 186 228 
70 70 184 
110 110 176 176 288 401 401 401 
150 150 150 408 408 

149 417 417 417 442 442 442 
286 286 286 413 

330 
277 415 
443 443 443 443 
99 273 273 273 354 354 354 391 
159 392 392 
70 184 409 
225 

81 81 329 
364 410 410 489 
315 315 

496 
271 271 271 
39 184 184 191 191 195 195 204 204 236 236 268 268 471 471 
191 204 267 267 
177 415 415 
286 
3 3 3 7 7 7 158 158 158 203 203 233 266 266 266 282 282 282 287 287 297 327 339 354 354 374 374 375 391 391 401 401 401 408 408 408 412 412 427 442 442 442 453 453 453 502 502 502 
160 160 
5 256 256 256 472 475 
219 402 
230 236 236 
157 
18 18 254 415 
236 236 
184 431 431 
308 308 449 449 467 467 
67 192 192 298 298 347 347 421 421 
144 144 271 271 271 427 427 
177 177 177 236 236 236 303 303 303 303 344 344 415 415 415 
184 184 
191 191 191 
193 193 251 251 251 270 413 413 
68 68 68 68 179 179 179 271 271 
247 
81 184 
23 23 97 171 171 171 196 196 480 480 
184 184 426 
76 152 184 184 184 226 226 410 
408 
397 399 
229 
68 68 169 169 425 
271 408 408 408 
281 281 347 
54 54 54 76 76 413 413 
164 177 
46 46 46 
39 39 485 485 
230 230 283 283 283 283 415 415 
56 56 148 191 
159 227 227 392 482 482 482 
87 87 150 370 370 370 408 408 
184 184 354 354 396 396 462 465 465 465 
280 280 
35 
212 212 212 233 233 

84 85 85 160 160 348 348 
8 224 
76 80 80 96 96 214 214 215 222 222 317 317 319 319 349 349 354 384 418 429 434 434 449 455 455 467 481 481 
31 31 73 73 94 94 94 184 184 263 263 336 486 486 
444 444 444 
165 165 165 314 314 398 398 413 
413 
314 314 354 354 354 
140 140 140 
42 42 323 323 
76 76 76 162 
42 321 321 359 
37 37 37 41 184 184 184 
72 153 244 244 358 358 503 503 
358 358 
15 15 15 271 
76 209 
81 81 81 82 82 165 223 261 
39 62 71 253 369 369 369 369 428 428 428 
22 
407 407 413 413 413 
413 413 
385 413 413 
174 174 413 
108 315 486 486 

184 415 
46 46 145 271 408 408 408 452 464 470 470 470 
182 182 182 
222 
239 

69 69 236 236 236 283 283 447 447 447 
52 184 184 
47 47 47 459 
67 67 67 281 281 298 421 421 506 
312 312 
314 314 481 
8 8 224 224 
236 236 
402 402 
76 76 456 
5 31 41 41 151 184 256 256 256 271 271 307 307 314 319 319 319 411 411 450 450 462 490 490 502 502 508 
12 12 202 
236 236 
367 431 431 496 
72 89 89 90 141 193 193 193 325 325 326 326 413 413 466 503 503 
61 61 81 81 81 323 
114 
76 76 228 
193 193 413 
499 499 
118 118 262 410 
415 415 415 

114 114 357 496 
401 
62 330 330 330 330 
306 306 306 
68 68 
106 190 190 
196 196 
154 233 233 271 271 408 417 417 442 442 442 
233 233 271 
174 174 222 
225 225 
140 
103 
134 134 
46 64 64 133 139 395 408 408 
413 413 
63 63 75 415 415 432 463 463 
152 152 314 449 
334 413 413 
86 86 

487 487 
81 81 82 82 130 130 142 497 
17 
256 271 271 
227 227 257 257 305 
225 225 
81 81 495 495 
0 381 
184 307 307 
58 58 294 
317 317 
41 294 492 492 492 
5 5 50 50 50 
247 247 247 271 271 271 368 
39 39 159 159 159 274 352 352 
427 427 427 
6 6 182 182 189 
39 239 239 
37 37 37 
175 332 332 
26 26 87 158 248 248 271 271 271 293 297 297 297 306 306 339 339 339 374 381 381 412 412 437 437 470 470 
184 258 
262 262 292 364 
354 354 
271 271 408 408 
35 45 74 74 74 76 76 76 77 77 92 92 92 128 141 155 161 167 167 167 168 175 175 182 182 187 193 193 196 220 222 222 243 251 286 286 299 299 317 318 332 332 332 333 333 334 334 335 358 358 362 382 382 385 385 439 439 448 448 494 494 494 
108 
37 37 57 57 116 116 116 129 129 177 177 184 184 201 230 230 236 236 254 269 269 277 283 283 283 303 303 338 365 365 365 383 383 432 432 463 463 
65 
250 250 250 374 374 
80 80 95 314 
225 
98 441 441 441 
281 281 347 347 
196 
76 
243 
103 296 
184 291 
271 282 282 403 403 403 
20 159 330 330 330 
314 
62 
279 279 357 357 496 496 
236 236 383 415 415 460 
159 159 159 
314 314 
449 
497 
408 408 
236 236 
45 45 45 161 161 413 413 
186 
1 98 98 420 420 420 
218 218 218 218 250 250 250 271 271 271 374 374 374 468 468 
255 255 255 255 
15 59 59 59 182 316 316 316 
41 
56 56 191 
344 344 344 
128 413 413 
280 280 314 384 435 467 467 
41 41 99 156 156 354 354 462 462 
184 184 184 
339 464 464 
271 271 271 
4 4 124 124 124 131 131 219 219 232 232 
17 17 314 314 
76 76 184 353 491 491 
41 41 
225 225 
346 
211 236 432 
22 22 497 497 
307 354 450 450 
75 383 383 415 415 
339 452 452 
184 184 307 307 307 
72 72 89 89 89 141 141 358 
215 280 280 314 449 449 
123 442 442 
159 159 
339 339 339 408 408 
101 101 170 170 195 267 267 
273 
126 
56 487 487 
5 273 
10 100 100 240 240 
39 39 159 159 188 227 
76 207 207 242 
193 
127 127 290 290 
314 314 349 
305 305 305 
222 222 
116 184 
302 302 
31 120 120 120 315 315 336 336 
56 56 235 236 388 388 474 474 
184 
31 31 120 120 262 
51 51 354 354 
126 126 185 185 456 456 
399 399 399 
3 3 
243 243 243 413 413 413 
81 394 394 
100 197 197 240 265 357 367 431 431 
22 22 389 436 461 461 
160 
182 182 363 363 
193 193 
54 54 
134 134 271 271 271 354 354 
234 325 325 358 358 
88 88 
233 233 233 233 238 238 
347 
104 104 
5 5 86 86 354 
76 229 229 229 
159 159 188 
159 159 159 159 
