Nodes: 512, Edges: 1199
46 46 395 395 395 
225 225 225 225 441 
91 91 111 111 189 
271 493 493 493 

18 18 18 18 34 34 48 48 48 50 88 88 184 198 225 255 255 255 273 273 273 279 279 354 400 400 441 441 441 475 504 504 508 508 
404 
233 271 271 
196 224 224 313 313 
271 
476 
264 
184 355 355 
76 
184 
182 327 444 444 
184 
390 390 390 455 
5 5 5 5 277 277 
104 
428 428 
31 
108 115 115 461 461 461 497 497 
290 290 
76 
452 452 
158 158 408 408 
346 346 
63 63 178 178 178 183 183 
474 
180 222 222 483 
21 172 184 184 315 315 315 354 486 486 489 489 
184 184 184 
67 192 192 
5 5 
210 222 222 309 309 309 413 413 413 
106 
324 324 406 415 415 
89 89 89 
62 159 159 166 166 219 219 219 231 231 231 241 267 330 402 402 477 485 
192 192 236 236 249 
85 85 99 99 137 151 151 156 156 156 160 160 184 184 184 324 324 354 399 399 450 450 457 

193 193 

76 76 413 439 
0 0 64 301 301 339 339 339 381 381 395 395 
346 346 346 
5 5 5 
236 
5 400 
490 490 
184 184 184 
225 393 
76 76 76 299 501 
195 195 236 236 
191 191 236 236 236 304 474 487 
415 
294 397 
444 
104 104 104 236 236 236 
359 359 
39 241 330 369 430 
28 28 463 463 
46 381 381 381 
193 193 413 416 416 
141 
33 192 192 192 281 347 
169 169 287 287 296 371 371 
236 344 
184 246 246 246 258 258 
330 
358 358 466 466 
94 94 315 
413 413 
383 383 463 
13 24 45 45 54 54 54 78 107 107 107 109 162 162 162 184 186 196 199 208 208 229 229 242 245 292 299 299 314 314 314 322 322 346 346 346 353 353 353 354 354 360 360 360 413 423 440 440 456 456 478 501 509 
119 119 196 196 413 
76 
236 236 
314 314 418 418 
82 113 184 329 329 359 359 394 394 495 495 
81 121 142 142 142 143 329 329 389 389 
236 
85 85 348 
41 41 84 84 160 160 312 312 
198 198 386 386 508 508 
306 306 408 408 
5 5 504 
38 38 38 128 466 466 466 
358 
2 2 189 
182 182 404 413 413 413 
236 
73 73 315 315 315 
418 
314 317 
171 
420 441 441 
41 41 450 
197 197 496 496 
140 140 471 471 
117 136 216 216 
146 379 379 425 425 425 
19 60 60 60 138 138 236 236 237 237 237 507 
106 
36 105 190 190 190 372 372 
76 76 76 
22 115 115 336 414 
76 199 199 207 
176 176 176 247 401 401 401 
2 2 182 
184 
81 
181 181 181 181 360 367 367 
22 22 108 108 

102 125 135 136 136 136 184 184 236 236 

77 77 122 122 222 413 413 413 
486 486 489 489 
82 143 143 
119 119 222 222 
468 468 468 
387 387 454 454 
117 136 
185 491 
480 
89 413 413 
236 415 415 415 
389 389 
240 240 240 454 454 
168 
381 381 
380 380 502 
117 
102 117 117 117 125 
41 184 184 
104 104 164 
381 
101 101 320 320 320 378 378 378 
66 358 358 413 466 
82 82 82 389 
82 121 121 217 217 217 
282 
339 339 339 
103 379 379 
236 236 
191 191 191 304 
250 
248 306 306 306 306 408 
41 41 354 354 
292 292 364 384 384 
325 
374 374 
413 
41 41 41 
233 233 276 276 
26 26 194 194 271 408 
39 39 188 188 188 188 227 231 257 305 330 392 402 402 433 433 469 477 510 510 510 511 
41 41 85 85 272 272 272 312 312 498 498 
413 413 439 439 
76 76 76 

138 300 300 
317 329 
39 39 477 477 

132 413 
68 68 233 233 296 
471 
97 290 290 
31 
344 344 
222 222 335 335 335 376 376 376 413 413 413 
407 407 407 413 413 413 
110 110 110 247 247 
283 283 415 415 
28 28 28 183 183 183 
287 287 287 287 
30 222 
114 114 114 114 
15 92 92 111 220 220 340 340 363 363 404 404 444 444 499 499 
28 28 178 178 178 
5 12 14 16 31 31 32 32 32 41 41 41 52 52 52 70 76 81 112 117 117 137 137 199 213 213 236 236 236 246 246 246 258 258 258 267 279 279 291 292 307 315 324 324 324 338 345 345 354 354 355 366 366 396 396 409 409 415 426 426 451 456 456 465 465 484 488 488 490 490 
126 491 
76 245 440 440 
413 413 
159 159 159 159 510 
2 91 404 
106 106 106 372 372 
56 56 148 148 148 236 236 267 267 267 268 268 285 285 285 304 304 446 
33 33 40 40 67 67 67 281 281 
43 43 65 65 286 358 358 358 362 413 479 479 500 500 
158 158 
55 55 236 236 267 471 471 
8 76 77 77 200 200 290 290 373 413 
100 100 
5 86 86 386 
76 109 109 184 207 
196 196 
415 415 415 
355 
271 271 271 
268 268 268 

405 
109 199 337 478 478 
76 76 
328 
35 
460 460 
233 233 310 
184 184 
314 
467 
102 102 
143 143 143 
271 442 442 
39 39 39 232 274 274 402 402 454 
182 182 413 

30 30 35 35 119 122 122 174 174 180 268 314 341 376 413 483 483 
329 
8 8 313 313 350 
1 1 1 1 5 53 259 259 377 377 377 419 419 419 441 441 441 458 458 

159 305 305 305 343 343 392 
245 361 
76 76 295 295 509 509 
236 236 275 275 303 303 415 
39 39 39 159 
219 454 454 
7 157 157 169 169 212 212 238 271 271 296 296 310 374 505 505 505 
503 
487 
40 40 49 55 55 56 56 56 60 60 60 69 79 79 83 93 104 104 117 117 129 147 147 184 184 184 191 191 195 195 230 230 237 267 267 275 278 283 283 283 344 351 356 356 415 415 415 432 432 438 460 487 487 487 
104 104 104 236 
233 505 505 
342 342 405 405 
131 131 131 476 496 496 
39 62 
76 
311 413 413 424 424 
325 325 358 
76 186 228 
70 70 70 184 184 184 
110 176 176 288 288 401 401 
150 408 408 408 
40 
149 374 417 417 417 442 
286 413 413 

330 330 
277 283 415 
5 5 5 443 443 443 
273 354 354 354 
159 392 
70 70 184 184 184 409 
225 225 
426 
329 329 329 
364 410 410 410 
315 315 315 
11 
496 496 496 
271 271 
39 184 191 191 191 195 236 236 268 268 356 471 471 
191 191 204 204 204 222 267 267 
415 415 

3 7 7 9 158 203 203 203 218 233 233 266 266 282 282 287 287 287 297 297 297 327 327 339 339 354 354 374 374 374 375 375 391 391 401 408 408 412 412 427 427 442 453 453 502 502 502 502 
160 160 160 
5 5 5 256 354 354 472 472 475 475 475 
219 219 352 402 
230 230 236 
157 157 
18 18 254 415 
236 
5 5 184 184 
308 449 449 
67 192 192 298 347 421 
144 271 271 427 427 427 
177 177 236 236 236 254 303 303 344 344 344 344 415 415 415 

191 191 191 
193 251 413 
68 68 179 179 179 179 271 271 271 
247 247 

23 23 171 171 196 196 480 480 
184 
76 152 152 184 410 
408 
58 397 397 408 408 
229 229 
68 169 233 233 425 425 425 
271 271 271 408 408 
281 347 
54 76 76 413 
164 164 
46 46 464 
485 485 
230 230 283 283 415 415 
56 148 191 191 
159 227 227 227 392 392 482 482 
87 87 150 150 150 150 370 370 408 408 
184 354 396 396 396 462 
280 
35 35 35 
212 233 
243 
85 85 160 160 348 
8 8 224 224 
76 76 76 80 80 96 214 222 317 319 349 354 354 398 398 398 418 429 429 434 455 467 467 481 481 481 
31 31 31 73 94 94 94 184 263 263 263 336 486 
444 
96 165 314 398 413 413 
413 413 
314 
140 140 140 
323 323 
76 76 
321 321 359 359 
37 37 41 41 184 184 184 
153 244 244 358 
358 
15 271 271 
209 
81 81 82 82 165 223 261 261 261 
39 62 71 159 253 253 369 369 428 

407 407 413 
413 413 413 
385 385 385 
174 174 174 
108 315 486 
207 
184 415 
46 46 46 145 145 145 271 271 381 381 381 408 427 452 464 464 470 
182 182 
222 
239 239 
227 227 
69 173 173 236 283 283 283 283 447 447 447 
184 184 
27 27 47 47 47 76 76 76 459 459 459 
67 281 298 421 506 506 
84 312 
314 481 481 
224 
236 432 
274 
76 76 76 456 
5 31 41 76 76 151 151 184 184 256 256 256 271 271 273 273 307 314 314 411 450 450 462 490 490 508 
12 12 184 202 
236 236 267 
367 367 431 496 
72 72 90 141 141 193 193 193 244 325 326 413 466 466 503 503 503 503 
61 61 81 81 323 323 
76 76 76 114 
228 
193 413 
182 182 499 499 499 499 499 
152 262 410 410 
415 415 
184 184 
114 114 357 357 496 496 
401 401 401 
62 330 330 
306 306 
68 68 
106 106 190 190 
196 
154 154 233 250 271 271 271 417 417 442 
271 271 
174 174 174 222 
225 225 225 458 
140 140 140 
103 103 146 146 
134 134 
46 46 64 64 64 133 133 139 339 339 339 395 395 408 408 
413 413 
75 75 463 
152 152 449 449 
334 334 334 413 
86 86 198 
124 124 

82 82 130 130 142 497 497 
17 17 17 
271 271 
159 227 257 305 305 
53 
81 81 495 495 
0 0 0 46 46 381 381 
184 184 307 307 307 
58 294 294 
314 314 314 317 
41 41 492 492 
5 5 50 
110 110 110 247 247 271 368 368 368 
39 39 159 159 219 219 274 405 
427 427 
6 92 182 182 189 
206 239 239 402 
37 
175 175 175 332 332 413 
26 26 87 87 150 158 248 248 248 271 271 293 294 294 297 297 306 306 339 381 381 412 437 
184 184 258 
262 262 262 292 364 364 
354 
271 271 408 
35 35 35 45 65 74 74 76 77 92 92 92 119 119 119 128 128 141 155 161 161 168 174 174 174 175 175 175 187 187 193 196 220 222 243 243 251 251 286 299 317 317 318 318 332 333 333 333 358 362 382 382 385 407 455 494 494 500 
108 
37 37 57 129 129 129 177 177 184 201 201 201 230 236 236 236 254 269 269 277 283 283 283 303 303 338 365 365 432 432 
65 65 
250 250 250 374 374 
80 80 95 314 
225 225 225 
98 441 441 441 441 
281 347 

76 
243 243 
103 103 103 296 296 296 
184 184 260 
271 271 282 282 282 339 403 403 
20 20 330 
314 314 
62 
357 496 
236 236 351 415 415 460 
159 159 
314 
449 449 
497 
408 
236 
45 161 161 
76 76 186 186 
1 5 5 5 98 98 225 225 225 420 420 420 420 
218 218 250 271 374 468 
255 255 255 
15 15 59 182 182 316 

191 
344 344 344 

280 280 384 384 435 435 
41 41 99 354 354 462 462 
184 
25 25 339 
271 271 
124 124 131 131 219 232 232 
17 314 413 
76 76 184 184 353 491 491 
41 
225 225 377 
346 346 346 
211 211 236 432 
22 22 22 497 497 
307 354 450 450 
63 63 75 383 
301 339 339 
184 184 
72 72 89 89 89 141 358 358 
215 314 314 
123 123 123 442 
159 
339 
101 101 170 195 195 267 267 
273 273 475 

29 56 
5 273 273 273 472 
10 240 496 
39 159 166 166 
76 207 207 
193 193 
127 290 290 
314 314 314 349 349 
305 305 
30 222 222 
184 
39 302 302 
31 31 120 120 315 336 
56 235 236 236 236 
184 184 
31 31 120 120 
51 51 184 184 354 354 
126 185 456 456 
399 399 
3 3 3 
413 413 
81 81 394 394 
100 100 240 240 265 265 265 357 367 367 431 476 
22 22 389 389 436 461 461 
160 160 
182 182 363 363 363 363 363 
193 193 413 
54 76 
134 271 271 271 271 
234 358 358 358 358 
5 5 88 
233 233 233 238 238 
347 347 
104 
5 5 86 86 354 
76 229 229 
159 159 159 188 
159 
