Nodes: 512, Edges: 1199
46 46 46 64 395 395 395 
225 225 225 225 441 441 
91 111 183 189 
271 493 
454 454 
18 18 34 34 34 50 50 88 88 184 184 198 225 255 279 354 354 354 400 441 441 475 504 504 508 508 
404 404 
233 233 
196 196 224 

476 
264 264 
184 184 184 202 202 355 
76 76 76 
117 
182 327 444 444 
184 
390 390 390 455 455 
5 5 277 277 277 277 277 
104 104 
428 
31 31 
108 115 331 331 414 414 461 497 
171 290 
76 76 
452 452 
158 158 408 
76 
63 183 
474 
180 180 483 483 
21 21 172 172 184 184 184 315 354 354 354 486 489 489 
184 
67 67 67 192 192 192 
5 5 5 
210 210 210 309 309 413 413 
106 106 
324 324 324 406 415 
89 89 
62 62 159 166 219 219 231 231 231 241 267 267 302 330 402 405 477 477 485 485 485 
192 236 249 249 
44 85 85 85 99 156 156 156 160 160 184 324 354 354 399 399 445 445 450 450 450 457 
321 321 323 323 
193 
41 
413 413 439 439 
0 0 0 64 64 301 301 339 381 381 381 395 
346 346 

236 
5 5 400 
490 490 
184 345 345 
225 225 
76 299 299 501 
236 
104 191 191 236 236 304 304 446 487 487 487 
415 415 
294 294 294 397 397 
444 
104 104 236 236 
81 359 
39 39 241 430 
28 383 463 463 
0 46 46 381 381 381 
193 193 413 416 
141 141 
33 33 33 192 192 347 
169 169 287 287 296 296 296 371 
236 252 344 344 344 
184 184 246 258 258 
330 330 330 
325 358 466 
315 
413 413 413 
383 435 463 
13 13 13 24 24 27 54 78 78 107 109 109 162 184 186 186 196 196 199 207 208 208 228 228 228 229 229 229 242 242 242 292 299 314 314 314 322 322 353 353 354 354 360 361 423 423 423 456 456 456 478 478 501 501 509 509 
119 119 119 196 196 196 
76 76 
236 
314 418 
61 82 82 184 184 261 261 289 289 329 329 329 389 389 394 495 495 495 
81 81 121 121 142 143 143 329 329 
236 
85 312 348 348 
41 41 41 84 160 160 312 
198 386 508 508 
306 306 408 
5 5 504 504 
38 38 358 466 466 
358 
2 
182 404 404 413 413 413 
236 236 
315 
418 418 
317 
171 171 290 290 290 
420 420 441 441 
41 256 
476 496 496 496 
140 140 195 195 195 
136 136 136 216 
379 379 
19 19 56 60 60 138 138 236 237 
106 190 190 190 
36 36 105 190 190 372 372 
76 
22 115 115 115 
76 76 199 207 
176 247 247 401 401 
2 182 
184 184 

181 360 367 367 
22 108 108 108 
415 
14 125 125 135 135 136 136 184 236 236 

77 77 77 122 122 413 
486 486 489 
82 82 143 143 143 
119 119 222 
468 468 
387 387 
117 117 
185 491 
480 
413 413 448 448 
236 236 415 
389 389 389 
240 240 454 454 
168 
381 
380 380 502 502 502 
117 117 
102 102 102 117 117 
184 184 
104 104 164 164 
381 
101 101 320 320 378 378 
66 66 358 413 466 466 
82 389 389 
82 82 121 121 121 217 217 
282 282 
339 
379 379 
173 236 236 
191 191 304 
250 250 250 
248 306 306 306 408 
354 354 
292 364 364 384 384 
325 325 325 
374 374 374 
413 413 
41 41 41 450 
276 276 
26 26 194 271 271 
39 188 188 188 205 205 205 227 227 257 305 305 330 402 402 428 433 433 469 477 477 510 510 510 511 511 511 
41 41 85 85 272 498 498 498 
413 413 
76 322 

138 138 300 300 
317 317 329 
39 477 
220 413 
132 413 413 
68 68 233 233 296 
471 471 
23 97 97 290 
31 31 
147 344 
222 222 222 335 335 376 376 376 413 413 
407 413 413 413 
110 247 247 247 
283 283 300 415 
183 
287 287 287 287 
30 30 222 
114 
15 92 111 220 340 340 363 413 413 444 
2 28 178 
5 5 12 12 12 16 31 31 31 32 41 52 70 70 76 81 81 112 112 117 137 137 199 213 213 221 221 236 236 246 258 258 267 279 279 284 284 284 289 289 291 291 292 315 315 324 324 324 338 338 338 345 345 345 354 354 355 366 396 396 409 409 415 426 426 451 456 456 465 465 465 484 488 490 490 
126 491 491 
76 76 245 245 440 440 440 

159 159 159 
2 404 
105 105 105 106 106 372 
56 56 148 148 236 236 267 267 267 285 304 304 446 446 
33 33 33 40 67 67 236 236 281 281 281 
43 65 65 286 286 358 362 362 413 479 479 500 500 500 
158 
101 101 101 236 267 
8 8 76 76 77 77 77 200 290 290 350 373 373 373 422 422 
496 
5 86 386 386 
76 109 184 
196 
236 415 415 
12 12 355 
271 271 
267 267 268 268 
159 159 159 
405 
76 109 337 337 337 478 478 
76 76 
328 328 
35 35 35 

233 233 310 
184 184 
215 215 
214 214 314 314 467 467 
102 
143 143 
271 442 442 
39 39 232 232 402 
167 182 413 413 
184 184 
122 174 174 174 180 314 376 376 376 413 483 483 
329 
8 313 313 313 350 
1 1 1 1 5 53 53 393 393 419 419 441 441 458 458 458 
292 292 
159 159 305 305 343 392 477 477 
76 76 76 361 
76 76 76 295 295 509 
236 236 236 275 275 303 303 415 415 
39 39 39 
219 219 454 454 
7 7 169 169 212 212 238 271 271 296 296 296 310 310 374 375 375 505 505 505 
503 503 

40 49 55 56 56 60 60 69 79 83 93 93 104 117 117 129 129 147 147 184 184 191 191 192 192 195 201 230 230 230 237 237 237 267 267 267 275 275 278 278 278 283 283 344 344 344 351 351 356 356 415 415 415 432 432 438 460 487 487 
104 236 236 236 
233 505 505 505 
342 342 405 
131 131 476 476 496 496 
39 62 
76 76 76 
311 413 424 494 494 
358 
186 186 
70 184 
110 110 176 176 176 401 401 
150 293 408 
40 40 
149 149 149 417 417 
286 413 413 
69 
330 330 
283 415 415 415 
5 443 443 
99 273 273 354 354 391 
159 392 392 392 
70 70 184 184 


81 81 329 
364 364 410 489 

11 11 
496 496 
271 
39 39 184 191 191 191 195 204 204 236 236 236 268 356 356 471 471 
204 204 267 
415 415 
286 
3 158 158 203 203 218 233 233 266 282 287 297 327 327 339 339 354 354 374 375 401 401 408 408 408 427 427 442 453 453 453 502 
160 
256 256 354 354 354 472 
352 402 
230 230 236 236 
157 157 
18 18 18 18 18 
236 236 236 
5 184 184 431 431 431 
308 467 467 
192 192 192 347 421 421 
144 144 271 427 427 
177 177 236 236 254 303 344 344 344 344 344 415 415 
184 184 184 
191 
193 193 251 270 413 
68 68 179 179 179 179 271 

81 81 184 184 
23 97 97 97 171 196 196 480 480 
184 184 426 426 
76 152 184 226 226 364 364 364 410 
248 408 
58 58 58 397 408 
229 229 
68 68 68 169 233 233 233 425 425 
271 408 
347 
54 54 76 413 413 
164 164 177 
46 46 464 
39 
230 230 283 415 415 415 
56 56 148 191 191 
159 159 227 227 392 392 482 
87 87 150 150 150 370 370 
462 465 465 
280 467 467 467 
35 35 
212 233 233 
243 
84 85 348 348 348 
224 224 224 
76 76 76 80 215 215 222 317 317 319 349 354 354 384 398 413 413 418 429 429 429 434 434 455 455 467 467 467 481 481 
31 73 94 184 184 336 336 486 486 

96 165 165 314 314 398 413 413 
413 413 413 
314 354 354 
140 140 
42 42 323 323 323 
76 76 162 
42 42 321 321 321 359 
37 37 37 41 184 184 184 
72 153 153 153 358 503 
358 
15 271 271 
209 209 
81 81 81 82 82 165 223 261 
39 71 71 71 159 253 253 369 369 428 428 428 
22 22 
407 413 413 
413 413 
385 385 385 413 
174 174 413 
315 315 486 486 
207 207 207 
184 184 184 415 415 
46 145 271 271 381 408 408 427 452 452 464 464 
182 182 

239 239 
227 
69 69 69 173 236 236 236 283 283 283 283 283 447 447 
52 52 184 184 184 
47 47 459 459 
67 281 298 506 506 
84 84 312 312 312 
314 
196 224 
236 236 432 432 432 
274 402 402 
76 76 
5 5 5 31 31 31 41 41 76 76 151 151 184 184 256 256 271 271 273 273 273 314 314 319 319 411 450 462 462 502 502 508 508 
12 184 202 
236 236 267 267 
367 431 431 496 
72 89 90 141 193 244 325 326 466 466 503 
61 323 
76 114 
76 228 
193 193 413 
182 499 
152 152 262 262 292 292 292 410 
415 415 
184 
114 114 357 496 
401 401 
330 330 
306 306 
68 
106 106 190 
196 196 196 
154 154 154 233 271 408 408 408 417 417 417 442 
233 233 271 
174 174 174 222 222 222 
458 
140 140 
103 103 146 146 
134 134 
46 46 46 64 64 64 133 139 339 408 408 
413 413 413 
63 75 415 415 463 463 
152 152 314 449 449 
334 334 334 413 413 
86 198 198 
124 124 
487 487 487 
81 81 130 130 130 142 142 497 497 
17 17 17 
256 
227 257 257 257 305 305 
225 225 
81 495 
0 0 0 46 
184 184 
58 58 294 
314 317 
41 41 492 492 
5 50 
110 110 247 247 271 271 368 368 
39 159 159 219 274 352 352 405 
427 427 427 
6 6 92 92 189 
39 206 239 402 
37 
175 332 413 
26 87 150 248 271 271 271 293 294 297 339 339 374 374 374 381 381 412 412 437 437 470 470 
184 184 
262 292 364 
354 
408 408 
35 35 45 45 65 74 74 74 92 92 92 119 128 128 141 155 155 161 161 167 168 168 174 174 175 175 175 182 182 193 220 220 222 243 251 251 286 299 299 314 314 317 317 318 318 318 332 332 333 333 334 335 362 382 382 382 385 385 407 448 448 455 455 494 500 
22 22 
37 57 57 116 129 177 184 201 201 230 230 236 236 236 254 254 254 269 269 283 283 303 303 303 338 338 365 365 383 383 432 432 432 463 
65 
250 250 374 374 374 
80 95 95 314 
225 225 
98 98 441 441 441 
281 281 
196 196 
76 76 76 
243 
296 296 
184 184 291 291 
271 271 282 282 339 403 403 403 
20 159 330 330 330 
314 314 314 
62 
279 279 279 357 357 496 
236 236 351 351 351 415 415 415 460 
159 159 
314 314 
75 449 

408 408 
236 
45 45 
186 186 186 
1 1 5 5 98 98 225 225 420 420 420 
218 218 271 374 
255 255 
15 15 59 182 
41 41 
56 191 191 
344 344 
128 128 413 413 
384 384 435 467 467 
41 41 41 156 354 462 462 
184 
25 25 339 339 
271 271 271 
4 4 131 131 232 232 
17 17 314 314 413 413 
76 76 76 184 184 
41 
225 225 225 377 
346 346 
236 432 
22 497 497 497 
307 354 354 450 450 
63 63 75 383 383 415 
301 339 339 
184 184 184 307 307 
72 89 89 141 141 358 358 
215 215 280 280 308 308 308 314 314 314 449 449 
123 123 
159 
408 408 
170 170 267 267 
273 475 475 

29 487 487 
5 472 472 
10 100 240 240 496 
39 39 159 159 166 227 227 
76 76 207 207 
193 193 
127 290 290 
314 314 
305 
30 30 222 222 
184 
39 39 39 
31 120 120 315 315 336 336 489 489 
56 56 56 236 236 388 388 388 474 474 
184 
31 31 120 262 486 486 
51 51 184 184 
126 185 185 
399 399 
3 
243 243 413 
81 81 81 394 
100 100 100 197 240 240 265 265 357 367 431 476 
22 389 389 461 461 461 
160 160 160 
363 
193 193 193 413 
54 76 76 
134 134 134 271 354 354 
234 234 325 358 
5 5 88 88 
233 233 233 238 238 238 
347 347 

5 5 86 86 354 354 
76 76 229 
159 159 159 
159 159 159 
