Nodes: 512, Edges: 1199
46 46 46 395 
225 225 
91 183 189 189 
271 493 493 
454 
18 18 34 48 88 88 184 198 225 225 255 255 255 273 273 273 279 279 279 354 354 354 400 400 441 441 475 504 508 508 508 
404 404 
233 233 271 271 
196 224 224 313 350 
271 271 271 
476 476 
264 
355 
76 76 
117 184 
182 327 327 327 444 
184 
390 455 455 
5 5 277 277 277 277 277 
104 

31 
108 108 108 108 108 115 115 331 331 414 414 414 461 497 497 497 
171 290 290 

452 452 
408 
76 346 346 
111 178 178 178 183 189 
474 
483 483 483 
21 172 172 172 184 315 315 354 486 486 489 

67 192 192 
5 
210 210 210 222 222 309 309 413 413 
106 
324 324 324 324 406 406 415 415 
89 89 89 358 
62 159 159 159 163 166 166 219 241 302 330 330 330 402 402 402 405 405 477 477 485 485 
192 192 236 236 249 
85 99 151 160 160 184 184 324 399 399 445 445 450 450 450 457 
321 321 
193 193 193 

76 439 
0 0 0 301 301 339 381 381 395 395 
346 346 346 
5 
236 
400 400 400 
490 
184 
225 393 
76 299 
236 236 
191 191 236 236 236 446 446 487 487 
415 
294 
444 
104 104 236 236 
359 
39 241 241 330 330 369 369 369 430 
383 463 
381 381 
193 193 193 416 
141 141 
33 192 281 347 347 347 
169 169 287 287 287 296 371 
236 344 
184 246 246 
330 330 
325 325 466 
94 315 
413 413 
383 463 463 463 
13 13 27 45 54 107 107 109 109 162 162 184 184 196 196 196 199 199 207 207 208 208 208 228 228 229 229 242 245 245 292 299 299 314 314 322 322 322 328 328 346 353 413 423 440 456 456 478 478 509 509 509 
119 119 119 119 413 

236 236 
314 314 418 
82 113 113 184 261 261 261 329 329 359 359 389 389 394 394 394 495 495 
81 121 121 142 142 143 389 389 
236 237 237 
85 85 312 348 348 348 
41 84 84 160 160 312 312 
198 198 198 386 508 508 
306 306 408 408 
5 5 504 504 
38 38 38 128 128 128 128 358 466 466 466 466 466 
358 
2 
404 404 413 
236 236 
73 315 315 
418 
314 314 
171 171 290 290 290 
420 441 441 
41 
197 476 476 476 496 496 
140 195 471 
117 117 136 216 216 493 
146 379 425 425 
19 60 60 138 138 138 236 236 507 
106 106 184 
36 105 105 190 372 372 372 
76 76 
22 22 22 22 22 115 115 414 
76 76 199 
176 247 401 401 401 
28 182 182 182 

81 81 
181 181 360 367 
22 22 108 108 
184 
14 102 102 125 125 135 136 184 184 236 236 
364 
77 77 77 77 122 122 222 413 
489 489 
82 82 143 143 
119 119 222 

454 454 
117 117 136 
185 185 491 491 491 
480 
89 89 89 89 413 448 
236 236 415 

240 454 
168 168 
381 381 381 
380 380 502 502 502 
117 
102 117 125 
184 184 
104 104 104 236 236 
381 381 
101 320 378 
66 66 358 413 466 466 
82 82 389 
82 121 121 217 217 
282 282 282 

103 379 
173 236 236 
191 304 304 
250 
248 306 306 408 408 
41 354 354 
364 364 384 
325 325 
374 
413 413 
450 
276 
194 271 408 408 408 
39 39 39 188 188 188 188 205 205 205 227 227 231 257 330 330 402 402 433 433 469 477 510 510 510 511 511 511 
41 41 85 85 272 272 272 312 312 498 498 498 
413 439 
76 76 322 
39 
300 300 300 
317 317 317 
39 39 477 
220 220 413 413 
132 132 413 413 
68 68 233 233 233 296 296 

23 97 97 290 290 290 
31 31 31 
147 
222 222 335 335 413 413 
407 407 413 413 
110 247 
283 283 300 300 300 415 
28 28 28 183 183 
287 287 
222 222 
114 114 
15 111 111 111 220 340 340 363 404 404 413 444 444 499 499 
2 28 178 178 
5 14 16 31 41 41 52 70 76 76 81 105 116 117 117 137 137 221 221 236 236 236 246 258 267 267 279 279 279 284 289 289 291 291 291 292 292 315 315 315 324 338 338 338 354 354 355 355 366 366 366 396 396 409 409 409 415 415 415 426 426 451 451 456 456 465 465 488 488 488 490 490 
126 126 491 
245 245 
413 413 
159 159 159 159 477 
2 2 28 404 
106 372 372 
56 56 148 236 236 267 268 285 285 285 304 304 
33 33 40 40 67 236 236 236 281 281 
43 43 43 65 65 65 286 362 362 413 413 479 479 
158 
101 236 236 236 267 267 
8 76 76 76 200 290 350 350 350 373 373 413 422 422 
100 496 
5 86 86 86 386 386 
76 76 109 
196 
415 415 
355 355 
271 271 
267 267 268 268 
159 159 159 
405 
76 76 337 337 478 478 
76 76 76 
328 328 328 
35 35 35 
460 460 
233 233 310 310 

215 314 314 
214 314 467 
102 102 
143 143 
271 271 442 442 
39 232 232 232 274 274 274 454 454 454 
167 167 182 
184 184 
35 35 119 122 174 174 180 180 268 268 314 341 341 376 376 376 
329 
8 8 313 350 350 350 
1 1 5 5 53 259 259 377 377 393 393 419 419 419 441 458 458 
292 292 
159 159 305 305 343 343 343 392 392 477 
76 76 245 
76 76 295 295 509 
236 275 275 275 303 415 415 415 
159 
219 219 219 454 
7 7 169 169 169 212 212 238 238 271 271 271 296 296 310 374 375 375 505 505 505 
503 503 
487 
40 40 49 55 55 56 56 56 60 60 69 79 79 83 93 93 104 104 117 117 129 129 138 138 147 147 184 184 184 191 191 192 192 192 195 195 195 230 237 267 275 278 283 344 344 344 351 351 356 415 415 415 432 438 438 438 460 460 487 487 
83 83 236 
233 233 505 505 505 

131 496 
39 62 62 
76 478 
311 311 413 413 494 494 
325 358 358 
76 76 186 186 228 
70 70 184 
110 176 401 401 
150 408 
40 
149 374 374 417 417 417 
270 413 

330 330 
277 277 277 283 415 415 415 
5 5 5 443 443 
273 273 354 354 391 
159 392 
184 
225 225 

81 81 81 329 
364 364 410 410 
315 315 
11 334 334 
496 
271 
184 184 191 195 195 204 204 236 268 268 268 356 356 356 
191 204 204 222 222 267 267 267 
415 415 415 
251 
3 7 7 9 9 9 158 203 203 218 218 233 233 233 266 282 282 287 287 287 297 297 327 327 339 339 374 374 401 401 408 412 412 412 427 427 427 442 442 453 453 453 502 502 
160 160 160 
5 5 5 256 256 354 354 472 472 475 
219 219 219 402 
230 230 230 236 
157 
18 18 18 18 18 254 254 254 415 415 
236 
5 5 5 184 184 184 
308 308 449 449 449 467 
67 192 192 298 347 421 
144 144 144 271 271 
177 177 236 254 303 303 344 344 415 415 415 
184 
191 191 191 
193 413 413 
68 68 68 179 179 271 271 271 

184 184 
23 23 97 97 97 171 171 171 196 480 480 480 
184 184 184 426 
76 184 184 226 226 364 364 410 410 410 

58 397 397 408 408 
229 229 
68 169 169 233 233 425 425 425 
271 271 
281 347 
54 76 76 
164 164 164 177 177 177 
46 46 
39 485 
230 283 283 415 415 
148 148 191 191 
227 227 392 
87 87 150 150 370 408 408 408 
354 396 462 465 465 
280 280 
35 35 
212 212 233 
243 243 
84 85 85 160 160 348 348 
8 224 
76 76 80 80 96 96 214 214 215 222 317 319 319 349 349 349 384 398 413 418 429 434 449 467 
31 31 73 94 94 184 184 184 263 263 336 336 336 486 
444 444 444 
165 165 165 314 398 413 413 
413 413 
314 314 354 354 
140 
42 42 323 323 
76 76 76 162 
321 321 359 359 
37 37 37 37 41 184 
72 72 153 153 244 358 503 503 503 
358 
15 15 15 271 271 
76 76 209 209 209 
81 81 223 261 
39 39 39 62 62 71 71 159 159 253 253 369 369 369 369 428 428 
22 22 
407 413 413 413 
413 413 
264 264 385 385 413 413 
174 174 413 
315 315 315 
207 207 
184 184 184 
46 271 271 381 381 408 427 427 452 464 464 464 470 
182 182 
222 222 

227 227 227 
69 236 236 236 283 283 447 447 

27 27 47 47 47 76 459 
67 67 67 281 298 506 506 
84 84 84 312 312 
314 314 314 
8 196 196 196 224 224 224 
236 236 432 
402 402 
76 456 456 
5 5 5 31 151 151 184 184 256 256 273 273 307 319 319 411 411 450 450 490 490 502 508 
12 184 184 202 202 
236 267 267 267 
367 367 367 431 431 496 496 
38 89 90 141 244 244 325 326 466 503 
61 81 81 323 323 
114 

193 193 
182 499 499 499 
118 152 152 262 262 292 292 410 
415 
184 184 184 
114 357 357 357 496 496 
401 
62 62 62 330 330 330 330 
306 
68 
106 106 106 190 190 
196 196 
154 233 250 250 271 271 408 408 417 417 417 
233 233 
222 222 222 
225 225 458 
140 
103 146 
134 134 
46 46 64 64 133 133 133 139 139 339 339 395 408 408 
413 413 
63 75 415 432 463 
152 314 
334 334 413 413 
86 198 198 

487 487 
81 81 82 82 142 497 
17 
256 
227 227 257 305 
53 225 225 
81 81 81 495 495 
0 46 46 381 
184 184 307 
294 294 
314 317 
41 41 492 492 
5 5 50 50 50 
110 110 110 247 247 271 271 368 
39 39 39 159 159 274 352 352 405 405 405 

6 6 92 92 182 182 189 
39 39 206 402 402 402 
37 37 
175 175 332 413 413 
26 87 87 150 150 158 158 158 248 271 294 294 306 306 306 339 374 374 381 381 412 470 470 
184 184 184 
262 262 292 292 292 364 
354 354 
271 271 271 408 
35 35 74 74 76 77 92 119 128 141 155 155 161 167 167 168 168 174 174 175 175 182 187 187 193 193 196 243 243 251 286 286 314 317 317 318 318 332 332 332 333 333 334 334 335 382 382 385 385 407 407 439 448 448 455 494 500 500 
22 22 22 108 
37 37 57 129 177 184 184 184 201 201 230 230 230 236 236 236 254 254 254 269 269 269 277 277 283 283 283 303 303 365 383 432 432 463 
65 
250 250 250 374 374 374 
80 95 314 
225 225 225 
98 441 441 441 
281 
196 196 
76 

103 103 296 296 296 
184 184 291 
271 271 271 339 339 
330 330 
314 
62 
357 357 496 496 
236 351 383 415 415 460 460 
159 159 
314 
449 


236 236 236 
45 161 413 
76 
5 5 98 98 225 420 420 420 
218 218 271 271 
255 255 
15 59 182 182 316 316 316 
41 41 
56 56 
344 344 
128 413 413 
280 280 280 314 435 467 467 
41 41 41 156 354 354 462 
184 184 
25 25 339 464 464 
271 271 271 
4 124 124 131 219 219 219 232 
17 17 413 
76 76 184 184 353 353 491 
41 
225 225 377 
346 
211 211 236 236 432 432 
22 497 497 
307 450 
63 75 75 75 383 415 
339 339 339 452 452 
184 184 307 307 
72 89 89 89 89 89 141 141 358 
215 280 314 449 449 

159 
339 408 408 
101 
273 273 

29 487 
5 273 
10 10 100 100 100 496 
39 39 159 166 188 227 
76 76 207 207 242 
193 193 
127 290 290 290 


30 30 30 

39 39 302 
31 31 315 489 489 489 
56 56 235 236 236 388 388 474 
184 184 184 
31 120 120 486 486 486 
51 184 184 354 354 
126 126 126 185 456 
399 399 
3 3 102 
243 243 413 
81 81 394 394 
100 100 197 240 265 357 357 367 367 431 431 476 
22 22 22 389 461 461 
160 160 160 
182 182 363 363 363 
413 413 

134 134 134 271 271 354 
234 234 325 325 325 358 
5 88 88 
233 233 233 238 238 238 
347 347 
104 
5 5 5 86 86 354 
76 76 76 229 
159 159 159 
159 159 159 
