Nodes: 512, Edges: 1199
46 46 46 395 395 395 395 395 
225 
91 111 183 189 189 
271 271 271 493 493 

18 18 18 34 48 48 48 50 88 88 184 184 184 198 225 255 273 279 279 354 354 354 400 400 400 441 441 441 475 504 508 

233 233 271 
196 224 224 224 313 350 350 
271 271 271 

264 
184 184 184 355 
76 
184 184 184 
182 327 327 444 444 
184 184 
390 
5 5 5 277 277 277 
104 104 104 
428 428 
31 31 
108 108 108 108 115 331 331 414 414 461 461 497 
171 290 290 
76 76 
452 452 
408 408 
76 76 346 346 
63 178 178 183 183 183 189 

180 222 483 
21 21 172 172 184 184 184 354 486 486 489 489 489 
184 184 
67 67 192 192 
5 
210 309 309 309 
106 106 
406 406 415 415 415 
89 89 
62 159 159 163 163 166 219 219 231 231 231 241 302 302 302 330 402 405 405 477 477 485 
192 192 236 236 249 249 
44 85 85 99 99 137 137 137 151 151 156 324 354 354 399 445 445 457 
321 321 323 323 323 
193 193 
41 
76 413 413 439 439 
0 0 0 301 301 301 339 381 395 
346 346 346 
5 5 5 

5 400 400 400 


393 
76 76 299 299 299 501 501 
195 195 236 236 
104 191 236 236 446 446 446 474 474 487 487 
415 415 
294 294 294 397 397 397 
444 444 
104 104 236 236 
81 359 
39 241 330 330 369 430 430 
28 
381 
193 413 416 
141 141 
33 33 192 192 281 281 347 347 
169 169 287 296 371 
236 236 236 
184 258 258 
330 
325 325 358 358 466 466 
94 94 315 315 

383 383 435 463 
13 24 24 27 27 45 54 54 107 107 109 162 184 186 186 186 196 199 199 207 207 208 228 228 229 242 245 245 245 292 299 299 314 314 322 322 322 322 346 346 354 360 360 361 361 413 413 423 440 440 456 478 478 478 501 509 509 509 
119 119 119 196 413 

236 236 
314 418 418 
61 82 82 113 184 184 261 261 261 289 329 329 359 389 389 394 394 495 495 
81 81 121 143 143 389 
236 236 237 
85 85 312 312 348 
41 41 84 84 160 160 
198 198 198 198 386 
306 
5 5 504 504 
38 38 128 128 466 466 
358 358 
2 
182 182 404 413 
236 236 
73 73 315 315 
418 

171 290 
420 420 441 
41 41 256 
197 476 496 
140 140 195 471 471 471 
136 136 216 493 
146 146 146 379 425 
19 19 19 56 60 60 138 138 236 237 237 
106 106 106 184 190 190 
36 36 105 105 105 372 372 
76 76 
22 22 22 22 336 414 
76 207 
247 401 
2 182 
184 
81 
181 367 
22 
184 415 415 
125 125 135 135 135 136 184 184 236 236 
364 364 
77 77 77 122 122 222 222 413 413 
486 486 
82 143 143 143 
119 119 

387 387 454 454 454 
117 117 136 
185 185 491 491 
480 
89 89 413 448 
236 415 

240 240 240 454 454 
168 
381 
502 
117 117 117 
102 102 117 125 
41 41 41 184 184 
104 104 164 236 

101 101 320 
66 66 358 466 466 
389 
82 82 121 121 121 217 217 

339 
103 103 103 
236 236 236 
191 191 304 
250 250 250 
248 306 306 306 408 408 
41 41 354 354 
384 384 
325 
374 374 
413 413 
41 450 450 
233 233 276 276 
194 271 271 271 408 
39 39 188 188 205 205 227 257 305 305 330 330 402 428 428 433 433 469 469 469 477 477 510 511 511 511 
85 85 272 272 272 312 312 498 498 
413 413 413 439 
76 322 
39 39 
138 300 300 300 300 
317 
39 477 
220 220 413 413 
132 413 413 
68 68 233 233 
471 471 
23 97 290 290 
31 31 
344 344 
222 222 222 335 376 376 413 413 
413 413 
247 247 
269 283 283 283 415 
28 28 183 
287 287 
30 222 222 
114 
15 92 92 111 340 404 404 404 413 413 444 444 499 
2 28 28 28 178 
5 5 5 12 12 12 14 14 14 16 16 31 31 31 32 32 70 76 81 81 105 112 116 117 117 137 137 199 213 221 221 236 236 246 258 258 267 267 279 279 279 284 284 289 289 289 291 291 291 292 324 324 338 338 345 345 354 354 354 355 355 366 366 396 409 409 409 415 415 415 426 426 426 451 451 456 456 465 465 484 488 490 
126 126 491 491 491 
76 76 76 245 245 
413 
159 159 477 477 
2 2 28 
105 105 372 
56 148 148 236 236 267 267 267 268 285 285 304 304 446 446 
33 33 40 40 67 67 236 236 281 
43 43 65 286 286 362 413 413 413 479 479 500 500 500 
158 
55 55 101 236 236 236 267 471 471 
8 76 77 200 290 350 350 373 413 422 422 
100 496 496 
5 86 86 86 86 386 386 
76 76 184 
196 
236 236 415 415 
355 355 
271 271 
267 267 268 268 268 
159 159 
405 405 
76 76 109 337 337 478 478 478 
76 
328 328 
35 
460 460 
310 310 
184 
215 215 215 314 314 
214 214 214 314 467 467 
102 
143 143 
271 442 
39 39 232 274 274 
167 167 413 
184 184 
30 119 119 174 174 174 180 180 268 268 268 314 314 341 341 376 376 376 413 413 483 483 
329 329 
8 8 8 313 313 
1 5 259 259 377 393 419 419 441 458 458 
292 292 
159 305 305 343 343 392 392 
76 76 245 361 
76 295 295 509 
236 275 303 303 303 415 
39 39 39 
219 454 454 454 
7 7 157 157 169 169 271 271 310 310 375 375 505 505 505 
503 
487 
40 40 55 55 56 56 60 60 69 69 69 79 79 83 83 93 93 104 117 117 129 138 147 147 147 184 184 191 191 192 192 195 195 195 201 201 230 237 267 275 278 278 283 283 283 344 344 344 351 351 356 356 415 432 432 438 438 460 460 460 487 487 487 
83 104 104 236 
505 505 505 
342 342 342 405 
131 131 131 476 496 
39 62 
76 478 
311 311 413 424 494 
325 325 325 358 
76 76 76 186 186 228 
184 
110 176 176 401 
150 408 
40 40 
149 149 149 374 374 417 442 
286 286 413 413 413 


277 277 
5 443 443 
99 273 273 273 354 
159 392 392 392 
70 70 184 184 409 
225 225 
426 
81 81 81 329 
364 410 
315 315 315 
11 334 
496 496 
271 271 
184 184 191 191 191 195 204 204 236 268 268 356 356 
191 204 204 204 222 222 222 267 267 
177 415 415 415 
286 
3 3 3 7 9 9 9 158 158 158 203 203 218 233 233 266 266 282 282 282 287 287 297 327 339 354 374 375 401 401 408 408 408 427 427 453 502 502 
160 160 160 
5 256 256 256 354 354 472 475 475 
219 219 402 
230 236 
157 157 
18 18 18 254 254 415 
236 236 
5 5 184 184 184 431 431 431 
449 449 467 467 467 
67 67 192 298 298 347 347 421 421 
271 271 271 427 427 427 
177 177 177 236 236 236 303 303 344 344 415 415 
184 184 
191 191 
193 193 251 251 270 
68 179 179 271 271 

81 184 184 184 
23 23 97 171 171 196 480 480 480 
184 184 184 426 426 426 
76 184 226 226 364 364 
408 408 
58 58 58 397 408 408 408 
229 229 
68 425 
271 408 408 
281 281 
54 54 54 76 76 
164 164 164 164 
46 46 46 464 
39 39 39 485 485 
230 230 230 283 283 415 415 
148 191 191 
159 159 227 227 482 482 
87 150 150 150 370 370 370 408 
354 462 465 465 
467 
35 35 35 
212 212 233 233 
243 243 
84 84 160 160 348 348 
8 224 224 
76 76 80 214 214 215 222 222 317 319 319 354 384 398 413 413 429 429 434 434 434 449 449 455 467 467 467 481 481 481 
73 73 94 94 263 263 263 336 336 

165 314 398 413 
413 
314 314 354 
140 
42 42 323 323 
76 76 76 76 162 
42 42 42 321 321 359 359 359 
41 184 184 
72 72 153 244 244 244 358 358 503 
358 
15 15 271 
209 209 
81 81 223 223 261 
39 62 62 71 159 159 369 369 369 369 428 
22 22 
407 

264 385 385 413 413 413 
174 413 413 
108 315 315 
207 207 
184 184 415 415 415 
46 145 271 408 452 452 464 470 
182 
222 222 
239 239 239 
227 227 
173 173 236 236 236 283 283 447 447 447 
184 184 
27 27 47 47 47 76 76 
67 67 281 281 421 421 506 
84 312 312 
481 481 
8 8 196 196 
236 236 432 432 432 
402 
456 456 
5 5 5 31 41 41 76 151 151 184 184 184 256 271 273 273 307 314 319 411 411 411 450 450 450 462 490 490 502 502 508 508 
12 184 184 202 202 
236 236 267 267 
367 431 496 496 496 
72 72 90 90 141 244 325 325 326 413 413 503 503 
61 81 323 323 323 
76 76 
76 76 228 
193 413 
499 499 
118 118 262 292 292 410 
415 415 415 
184 184 
114 357 496 496 
401 401 
62 330 330 330 330 
306 306 306 
68 
106 106 190 
196 
154 154 250 250 271 417 417 442 442 
233 233 271 
174 174 222 222 222 
225 458 458 

103 

46 64 133 395 

75 75 415 415 415 432 432 432 463 
152 152 314 449 
334 334 413 413 
86 198 198 
124 124 
487 487 487 
81 81 82 142 497 
17 

227 227 257 257 257 
53 225 
81 81 495 
0 0 0 0 0 46 381 
184 
58 58 58 294 
314 317 
41 492 492 
5 5 5 50 50 50 
110 247 271 271 368 368 
39 159 274 352 
427 427 
92 182 182 182 
39 39 206 206 239 
37 37 
332 413 413 
26 26 150 150 158 248 271 271 271 293 293 294 294 294 297 297 306 339 412 412 437 
184 184 184 258 
262 364 
354 354 354 
408 408 
45 45 65 76 76 77 92 119 119 128 155 155 161 161 161 167 167 168 168 174 174 175 175 182 182 187 193 193 193 196 220 222 222 243 251 251 251 314 314 317 318 334 334 334 335 335 358 358 362 385 385 407 407 448 448 448 455 494 500 
22 22 108 
37 37 37 57 57 116 116 129 177 184 184 184 201 201 230 236 269 269 269 277 283 283 303 303 338 338 338 365 365 365 383 383 383 432 432 463 463 463 
65 
250 374 374 
80 80 95 
225 225 
98 98 441 441 
281 281 347 347 
196 196 
76 
243 
103 296 
184 184 184 260 291 291 291 
271 271 282 282 282 403 403 
20 20 159 159 330 
314 314 
62 62 
279 279 279 357 
236 236 351 351 351 383 383 383 415 415 460 
159 159 
314 314 314 
75 449 449 
497 
408 
236 236 
45 45 161 
76 76 
5 5 5 98 225 420 420 
218 250 374 374 468 468 
255 255 
15 15 59 59 182 182 
41 41 
56 56 56 191 191 
344 344 344 
128 413 413 413 
280 280 314 314 384 435 435 467 467 
156 156 354 354 354 
184 184 
25 25 339 339 464 
271 
124 124 124 131 131 232 232 232 
314 413 
76 184 184 353 353 491 491 
41 
225 225 377 377 

211 211 236 236 236 432 
22 22 497 497 
307 354 
75 383 415 415 415 
301 339 452 
184 184 307 307 
72 72 89 89 141 141 
215 215 280 280 280 308 314 314 314 449 449 
442 442 
159 159 159 
339 
101 101 101 170 170 195 195 
273 475 

56 56 487 
5 273 273 472 
100 240 
39 39 159 159 166 188 188 
76 76 76 207 207 207 242 
193 193 
127 290 290 290 
314 314 314 349 349 
305 305 
30 222 222 
184 
39 302 302 
31 31 120 120 489 
56 56 235 236 236 236 388 388 388 474 
184 
31 31 31 486 
184 354 354 
126 126 185 185 185 456 456 
399 399 
3 3 102 
243 413 
81 81 394 
100 197 197 240 265 265 357 357 357 367 367 
22 389 436 461 461 
160 160 
182 363 363 
193 193 193 413 
54 54 76 
134 271 271 354 354 
234 325 358 358 
5 88 88 
233 233 233 238 238 238 
347 

5 354 354 
76 76 76 229 
159 
159 159 159 
