Nodes: 512, Edges: 1199
46 46 46 395 395 395 
225 225 225 441 441 
91 111 183 183 183 189 
271 271 493 493 

18 18 34 34 48 50 88 88 88 184 184 198 198 198 225 225 255 273 279 279 279 354 354 354 441 441 475 475 475 508 
404 
233 271 271 271 
196 196 224 224 313 313 350 350 
271 271 
476 476 
264 
202 355 
76 76 76 
117 135 184 
182 327 327 
184 184 
390 390 455 455 
5 5 277 277 
104 104 
428 
31 
108 108 108 414 414 461 497 497 
171 290 
76 76 
452 452 452 452 
158 158 408 
76 76 346 346 
111 178 178 183 183 189 
474 
180 180 483 
21 172 172 172 184 184 184 315 315 354 354 486 486 489 489 
184 184 
192 
5 5 
210 222 222 309 309 413 
106 106 
324 324 406 406 406 415 415 
89 89 89 358 
62 159 163 166 219 231 231 267 302 330 402 402 402 405 477 485 
192 236 249 
137 137 151 151 160 184 184 324 324 324 354 354 354 399 399 399 445 445 445 450 450 457 457 457 
321 323 323 
193 

76 76 76 413 439 439 
0 0 0 64 301 301 301 301 339 339 381 381 395 
346 346 346 
5 
236 
5 400 
490 
345 
225 
76 76 76 
195 195 236 
104 191 191 236 236 304 304 446 446 446 487 487 
415 
294 397 397 
444 
104 236 236 
81 81 359 
39 241 330 330 330 369 369 430 

46 
193 193 193 416 416 
141 
192 192 192 281 281 347 347 
169 169 287 287 296 371 371 
236 236 252 344 344 
184 246 246 
330 330 
325 325 325 358 358 466 466 
94 315 315 
413 413 
383 383 463 463 463 
13 13 13 24 24 27 27 45 45 45 54 54 54 78 78 107 109 109 184 199 199 199 207 208 228 229 242 242 242 245 245 292 292 292 299 299 322 322 322 322 328 328 328 346 353 354 354 354 360 413 413 423 423 440 456 501 
119 119 119 196 
76 76 
236 236 
314 418 418 418 
61 61 82 113 113 113 184 184 261 261 289 289 329 329 389 394 394 394 495 495 495 
81 121 142 142 143 143 143 329 389 389 
236 237 237 
85 312 312 312 348 
84 160 312 312 
198 198 386 386 508 
306 306 408 408 
5 5 5 504 
38 38 38 128 128 128 358 466 466 466 466 
358 358 
2 
182 182 404 413 413 
236 236 236 
73 
418 
314 
171 171 171 290 290 
420 441 

197 496 
140 140 140 195 195 195 471 471 
117 117 117 136 136 216 216 
146 379 379 425 425 425 
19 19 56 60 138 138 236 507 507 
106 106 184 
36 36 105 105 
76 
22 22 22 115 336 414 
76 76 199 207 
176 176 247 401 401 
2 28 182 182 

81 81 81 
181 181 367 
108 389 
184 184 415 
14 102 102 102 125 125 135 135 136 236 236 
364 364 364 
77 77 77 122 122 222 222 222 413 
486 486 486 489 489 
82 143 
119 119 222 
468 
387 454 454 454 
117 117 136 136 136 
185 185 473 491 

89 89 89 413 413 413 448 
236 236 415 415 
389 389 
240 454 454 
168 168 
381 
380 380 502 502 
14 117 117 
102 102 117 125 125 125 
41 41 
104 104 164 236 236 
381 
101 101 101 320 378 378 
66 413 413 466 466 466 
82 82 389 
82 82 82 121 217 
282 
339 339 339 
103 379 379 
173 236 
191 304 304 
250 250 
248 248 306 306 306 306 408 
41 41 354 354 354 
292 292 364 364 384 384 384 384 
325 
374 374 
413 413 
450 450 450 
233 276 
26 26 194 194 408 408 
39 205 227 231 231 231 257 305 330 428 433 433 469 477 477 510 511 
41 85 272 272 312 312 498 498 
413 413 439 
322 322 
39 
138 300 300 300 300 
317 317 317 329 329 
39 477 
220 220 413 
132 132 413 
68 68 233 296 296 296 
471 471 471 
23 97 97 97 290 290 
31 31 31 
147 344 344 
222 222 222 335 335 376 376 376 413 
407 413 413 
110 110 247 
283 300 415 415 
28 28 183 
287 287 287 
30 30 222 222 
114 114 
15 92 92 111 111 404 413 413 413 432 444 444 499 499 
2 2 2 28 28 178 
5 5 14 16 16 31 31 31 32 32 41 41 70 76 81 81 105 116 116 199 213 213 213 221 236 236 246 246 258 267 279 279 284 291 292 292 292 315 324 338 338 338 345 345 354 355 355 366 366 409 415 426 451 456 465 465 484 484 488 
126 126 491 491 
245 440 
413 

2 28 
372 372 372 
56 56 148 236 236 267 267 267 268 285 285 285 304 446 
33 40 67 67 67 236 236 281 281 
43 65 65 65 286 362 413 413 500 
158 158 
55 55 101 101 101 236 236 267 
8 8 77 200 350 350 350 373 422 422 
100 496 496 
5 5 5 86 86 386 
76 76 76 109 184 207 
196 
236 236 415 415 
12 355 
271 271 
267 267 268 268 
159 
405 405 405 
76 109 199 337 478 
76 
328 
35 
460 460 
233 233 310 310 310 
184 184 184 
215 215 314 
214 214 314 314 
102 102 
143 
271 442 442 442 442 
39 232 402 402 402 454 
167 167 413 413 
184 
35 35 119 119 119 122 174 174 174 180 180 268 314 341 341 376 376 413 
329 
8 8 313 313 
1 1 1 5 5 53 259 377 377 393 393 419 458 458 458 458 
292 292 
159 305 305 343 343 343 392 477 477 
76 245 361 
76 295 509 
236 236 275 303 415 
39 39 159 159 159 
219 454 454 
7 157 169 212 212 238 271 271 271 296 296 296 310 374 375 505 505 
503 503 
487 487 
40 49 55 56 56 60 60 69 69 79 79 83 93 93 93 104 117 117 129 129 138 138 147 184 184 191 191 192 192 195 195 201 201 230 230 237 237 278 283 344 344 351 351 415 432 432 438 460 460 460 487 487 
83 83 236 236 
233 505 505 505 505 
342 405 
131 476 
62 
76 76 76 
311 413 413 424 494 494 494 
325 358 358 
76 76 186 228 
70 70 184 184 
110 176 288 288 401 401 
150 150 293 408 408 
40 
149 149 374 374 417 417 417 417 442 
270 286 413 413 413 
69 
330 
277 283 283 
5 443 443 443 
354 391 
159 392 392 
184 
225 

81 81 329 
364 364 364 
315 315 
11 334 
496 496 
271 
39 184 191 191 191 195 204 204 268 268 268 356 471 471 471 
191 204 204 222 267 267 267 
415 415 
251 
3 3 7 7 7 9 9 203 203 218 233 233 233 266 282 282 282 287 287 297 297 297 327 339 339 339 374 375 375 375 391 401 401 408 408 412 427 442 453 453 502 
160 160 
5 354 472 472 475 475 
352 402 
230 
157 
18 18 254 415 
236 
5 5 5 184 184 431 431 431 431 
308 449 449 449 467 467 
67 67 192 192 298 347 
144 271 271 271 427 427 
177 236 254 254 303 303 303 344 344 344 415 415 415 
184 
191 191 191 
193 251 413 413 413 
68 68 179 179 179 271 271 
247 247 
81 81 
23 97 97 171 171 480 480 
184 426 
76 76 76 152 152 184 184 184 226 226 410 
248 408 
58 397 408 408 408 
229 
68 169 169 169 233 233 233 425 425 425 
271 271 271 
281 
76 76 413 
164 164 164 164 177 
46 46 46 46 
39 485 485 
230 283 283 283 415 
56 56 148 148 191 
159 227 227 392 482 482 
87 87 150 150 150 150 370 370 408 
354 396 465 465 
280 467 467 
35 35 
212 212 212 233 
243 
84 84 84 85 85 160 160 348 348 
8 8 224 224 
80 96 214 215 215 222 317 319 349 349 354 354 384 384 398 398 413 418 418 429 434 434 449 449 455 481 
31 31 73 73 184 263 263 486 

165 165 165 314 398 398 413 

314 354 
140 
42 323 323 
76 76 76 76 162 162 
42 42 321 321 359 359 
37 37 41 41 41 184 
72 72 72 153 244 503 503 
358 
15 15 271 
76 76 76 209 
81 81 82 165 165 223 261 
39 62 62 62 71 71 159 253 369 369 428 428 



264 385 385 385 
174 174 413 413 
108 486 
207 
184 184 184 415 
46 46 145 145 145 271 271 271 381 408 427 452 464 464 470 470 

222 222 
239 
227 227 227 
69 69 173 173 236 236 283 283 283 447 447 447 
52 184 184 
27 27 47 47 47 76 459 
67 67 281 421 421 506 506 
84 312 312 
314 314 481 481 481 
8 8 196 196 196 
236 236 432 432 
274 402 
76 
5 5 5 31 31 41 41 41 76 76 76 151 151 151 184 256 273 307 314 314 319 411 411 411 490 502 508 508 508 
12 184 184 202 
267 
367 431 496 
38 72 72 89 90 90 244 244 326 413 466 503 503 503 
61 323 323 
76 
228 
193 413 413 413 
499 499 499 
118 118 118 152 152 262 262 262 410 410 
415 
184 184 
114 357 496 
401 401 
62 62 330 330 
306 306 
68 68 
190 190 190 
196 
154 154 233 250 250 271 408 408 442 442 
233 271 271 271 
174 174 174 222 222 
225 225 458 458 
140 140 
103 103 146 146 
134 134 
46 46 133 139 339 395 395 408 
413 413 
75 75 463 463 
152 152 152 152 314 314 449 
334 334 334 413 413 
86 86 198 
124 
487 
81 82 82 115 130 130 142 
17 17 
256 271 
227 257 257 305 
225 225 
81 81 81 495 
0 0 0 46 381 381 
307 
58 58 294 
314 314 317 317 
41 41 41 492 492 492 492 
50 
110 110 247 247 271 271 368 368 
39 39 39 219 219 219 274 352 405 

6 92 182 
39 206 206 206 239 402 
37 37 37 
175 413 
26 87 87 150 158 158 248 248 271 271 293 294 294 294 306 339 374 374 381 437 437 
184 
292 364 364 
354 354 354 
271 
35 45 74 74 76 76 92 92 119 128 128 128 141 141 155 155 161 161 167 168 174 175 175 182 182 182 187 193 193 220 220 222 243 243 251 251 251 286 286 286 299 314 317 335 335 358 362 362 362 382 382 385 385 407 439 439 439 448 455 455 494 494 500 500 
22 22 108 
37 37 57 116 129 129 177 177 184 201 201 230 236 269 269 277 283 283 283 303 338 365 432 432 432 
65 65 
250 250 250 250 
80 80 80 95 314 314 
225 
98 441 
347 347 
196 196 
76 76 
243 
103 103 103 296 296 296 
184 291 
271 282 282 339 
20 159 330 330 
314 
62 
279 279 279 279 357 496 496 496 
182 236 236 351 351 415 415 415 460 460 
159 159 
314 314 
449 
497 
408 408 
236 
45 45 161 413 413 413 
76 186 
1 1 5 5 98 420 
218 218 218 218 250 271 374 374 468 468 
255 255 255 
59 182 182 
41 41 41 
56 56 56 191 
344 344 344 
128 413 
280 280 280 314 314 384 435 467 467 
41 41 156 156 156 462 
184 
25 25 25 25 339 464 
271 271 
124 124 124 131 131 219 232 232 
17 17 314 413 413 
76 184 491 
41 41 41 
225 225 225 225 377 377 
346 
211 211 236 236 236 432 432 
22 497 
450 
75 75 75 383 383 
339 339 452 
184 184 307 307 
72 72 89 89 89 89 141 141 141 358 
280 280 308 308 449 449 
123 442 442 
159 
339 339 
101 101 170 170 170 267 267 267 
273 273 475 
126 
29 487 487 
5 5 5 273 273 472 
10 10 240 496 
39 159 159 166 227 227 
207 

290 290 
314 349 349 349 
305 305 
30 
184 184 
39 302 302 
31 31 120 120 120 315 336 489 
56 56 235 235 236 236 388 474 474 
184 
31 31 120 120 486 
51 354 
126 185 185 456 
399 399 399 399 
3 3 
243 243 243 413 413 
81 81 81 394 
100 197 197 265 265 357 367 431 431 431 476 
22 22 436 461 
160 160 
182 182 363 363 363 
193 413 413 
76 
134 134 271 354 
234 234 325 325 358 358 358 
88 
233 233 238 238 238 238 
347 347 
104 104 
5 86 354 354 354 
229 
159 
159 
