Nodes: 512, Edges: 1215
301 381 
441 441 
28 91 91 111 111 182 183 
271 271 493 493 
454 
34 34 48 48 88 198 225 225 225 255 255 273 273 354 354 354 400 400 441 443 443 458 475 504 508 
404 
271 327 327 
196 224 224 313 313 313 350 373 
271 
476 476 496 
264 264 264 
184 202 355 355 
76 76 
184 
182 182 444 
24 41 41 184 184 
390 
441 441 441 
104 
330 330 
31 354 354 354 
108 108 108 115 331 389 389 414 436 436 461 
171 
16 

158 158 408 408 
76 168 346 346 
2 178 183 183 
56 
180 180 222 
21 172 172 172 184 184 184 354 354 354 486 
184 184 184 
67 192 192 
5 5 
210 222 309 309 309 413 413 413 
106 372 372 
406 406 406 415 

159 163 166 166 219 231 231 241 302 330 330 330 402 402 405 405 477 477 485 485 
192 192 
16 16 85 85 137 137 151 151 151 156 324 324 354 445 450 450 492 492 
321 323 
193 
137 137 137 
413 439 439 
64 64 339 395 395 
76 346 
5 5 50 50 50 50 50 
236 236 236 
48 48 48 48 48 400 400 
490 490 490 
184 184 184 345 345 
225 225 
76 76 299 501 501 501 
93 195 195 236 236 
29 191 191 236 236 304 446 446 487 487 
415 415 
294 294 
444 444 
104 104 236 
81 81 359 359 
330 
383 383 463 463 
46 46 381 381 
193 193 193 416 
141 141 141 
33 192 192 281 347 347 347 
169 169 296 296 371 
236 344 344 
184 184 246 258 

89 325 325 358 358 466 466 
94 94 315 
413 413 
383 383 463 463 
13 13 27 47 54 54 107 107 109 109 184 186 199 199 207 208 208 208 229 229 229 242 245 245 292 299 314 314 322 322 328 328 328 346 346 353 354 354 360 360 413 423 423 423 440 440 456 
196 413 
456 
236 236 
314 314 418 418 
61 61 82 184 261 261 261 289 289 329 359 389 389 389 495 
81 121 142 143 143 143 329 329 329 389 389 
236 
85 85 348 
41 41 84 84 312 312 348 348 
198 198 386 465 508 
370 370 408 
5 
72 358 358 358 358 358 

2 2 
182 182 413 413 
55 
73 73 
418 418 418 
314 321 
290 290 
420 420 441 441 
462 462 462 462 
197 197 476 476 496 496 
140 195 195 378 378 378 
117 136 136 216 216 
146 379 379 379 425 
19 60 60 138 138 236 236 236 507 
106 106 184 184 184 190 
36 105 105 149 149 372 
76 76 
22 22 22 414 414 414 
76 76 
176 176 401 
2 2 182 182 340 340 
184 184 

367 
22 
177 177 184 
102 125 125 135 135 136 136 184 236 
364 364 
122 122 222 222 222 413 
489 
82 
119 119 
468 468 
232 232 454 454 
117 117 136 136 136 
491 491 
480 480 
220 220 413 413 448 448 448 
236 236 415 
177 177 389 389 

168 168 413 413 413 
145 
354 354 380 380 
117 117 
102 102 117 117 125 125 125 
41 41 44 44 44 184 184 368 
104 104 164 164 236 236 237 
294 381 
101 
66 66 66 358 358 413 413 
82 389 
82 82 82 217 217 

133 339 339 
103 
236 236 344 344 344 
236 236 236 304 
106 106 
248 248 339 
41 41 41 354 354 
213 213 213 292 292 292 364 364 364 

374 374 
413 494 494 494 494 
41 450 450 
276 
26 26 194 194 271 271 272 408 408 
39 188 188 188 219 219 330 330 330 402 402 402 428 469 477 510 510 510 511 511 511 
272 312 312 498 498 498 
413 413 413 439 439 
322 
39 
138 138 
329 
39 39 477 477 477 
220 413 413 
27 132 132 413 413 
68 68 371 371 374 
471 471 
23 290 290 
31 31 31 
344 
222 335 362 376 376 413 413 
407 407 407 413 413 
110 110 247 247 247 
116 116 130 130 300 300 300 415 415 
28 183 

30 30 222 222 
367 
2 15 15 92 92 111 111 220 220 316 340 363 363 404 404 413 413 444 444 
2 28 28 178 
12 14 16 16 31 31 31 32 32 32 52 52 52 70 70 76 81 105 105 105 112 112 116 117 137 137 213 213 221 236 236 236 246 258 260 260 260 267 267 279 279 284 289 291 291 292 292 315 315 324 338 345 354 354 355 366 396 409 409 409 415 415 426 426 451 456 456 465 465 484 490 
473 473 473 491 
76 245 245 361 440 440 440 
413 413 
159 159 159 477 477 

105 372 372 
56 56 236 236 236 267 285 285 304 
33 33 40 40 67 67 236 236 236 281 
43 65 65 65 286 286 362 362 413 479 479 500 
158 158 
55 55 101 101 236 236 267 471 471 
8 77 200 290 373 413 
100 100 496 496 
5 86 86 279 386 386 
76 76 337 
196 
236 236 236 415 
12 355 
271 
268 268 

274 274 
76 478 478 
76 76 76 
328 328 
35 309 309 
460 460 
233 
152 152 152 184 184 
215 314 314 314 
214 314 467 467 467 
102 102 
143 143 

39 159 159 232 274 274 402 
128 128 167 182 182 413 
184 
30 35 119 119 119 174 180 180 341 341 376 376 413 413 
329 329 
8 8 276 
5 5 5 53 53 259 259 377 393 393 393 419 419 441 458 458 
292 292 292 
305 343 343 343 392 392 392 477 477 482 482 
245 245 292 
76 76 76 295 295 
275 303 303 415 415 415 
39 39 
124 124 219 454 
212 271 271 271 296 296 310 310 310 375 375 505 505 505 
503 503 
487 487 487 
49 49 49 55 55 56 56 60 69 79 79 83 104 104 104 117 129 129 138 138 147 147 148 148 148 184 184 184 191 191 191 192 192 192 195 195 201 201 201 237 237 267 267 267 275 275 278 278 344 351 356 356 415 415 415 432 432 432 438 438 460 487 
138 236 236 
367 
268 268 342 405 
357 476 496 
39 
76 423 
311 413 413 413 494 
325 358 358 
76 76 186 186 228 228 
70 184 
176 176 176 288 288 401 401 
150 150 

374 401 401 417 417 442 442 
270 270 270 270 270 286 413 413 


283 283 283 415 415 
5 5 
273 354 354 
375 375 375 375 375 
70 184 409 409 
225 225 419 419 
184 184 184 324 
81 81 81 329 
364 410 
315 315 
11 11 11 334 334 385 
496 496 
271 271 
184 184 191 195 236 236 236 268 356 471 
204 204 239 239 267 285 
415 
251 251 251 251 251 
3 3 7 9 158 158 203 233 233 233 266 266 282 287 287 297 297 327 339 339 354 354 354 368 374 375 375 375 391 401 401 408 408 412 427 427 442 453 453 
158 160 
5 5 256 354 472 475 
206 206 219 219 402 402 402 405 405 405 
230 236 236 
157 224 
415 415 
236 236 460 460 460 460 
184 184 198 496 
308 308 449 467 
67 192 298 347 347 421 
271 427 427 
254 254 254 415 415 
184 
191 191 268 
193 193 251 382 382 413 413 
271 271 
247 247 
81 81 184 
97 97 171 171 196 480 
184 184 426 426 426 
76 152 152 152 184 184 226 226 226 228 364 364 410 
408 408 
58 58 139 397 397 
229 229 
68 68 233 233 425 425 
271 271 408 408 
281 347 
54 76 
177 177 177 
0 
39 485 485 
230 230 415 415 415 
56 148 191 
227 392 392 
370 370 370 408 
354 354 396 465 465 
280 280 467 467 467 
35 35 35 210 210 
233 233 233 
243 424 
85 85 160 160 
8 8 8 
76 76 80 80 96 214 214 214 215 317 319 349 349 354 384 384 384 413 413 418 418 429 429 434 434 449 449 455 455 467 481 481 
73 184 184 263 263 336 486 
182 
314 398 413 413 413 
413 413 413 
314 354 
396 
42 96 323 323 323 
76 76 162 
42 321 321 321 359 359 359 
41 41 184 260 
72 72 244 503 503 503 
358 358 
7 7 271 
76 76 76 209 209 
81 82 82 82 165 223 223 261 
20 20 39 39 39 62 159 159 159 369 428 
22 
407 413 
413 413 
264 264 385 385 
174 413 
315 486 486 486 
199 
184 415 415 415 446 
46 145 145 150 271 271 381 381 408 408 427 427 452 464 464 470 
111 111 182 
222 222 
239 
227 227 227 
69 69 147 147 147 173 236 447 447 
52 52 184 
27 27 47 76 76 459 459 
67 67 67 281 281 298 421 
84 85 85 
314 314 481 481 
8 
236 
402 402 
76 456 
5 5 5 21 21 21 31 31 31 41 76 76 134 134 151 151 184 184 256 256 271 271 271 273 307 307 314 319 411 411 450 502 502 502 508 
12 12 184 202 
236 236 267 
240 367 431 496 
72 72 89 89 89 89 89 141 141 244 244 326 326 413 413 466 466 466 503 503 
61 61 81 323 323 323 
76 76 
186 
174 193 193 413 413 413 
182 182 
118 118 152 152 152 262 292 292 410 
415 
184 
114 181 238 357 390 390 390 390 496 
137 271 401 
330 
87 87 306 306 306 
68 169 169 
36 36 106 190 190 
8 196 
154 154 169 250 271 417 417 442 442 
233 233 257 257 257 257 257 271 271 271 
174 174 222 222 
225 
101 101 101 
103 103 103 
134 134 
0 64 64 139 339 339 408 
286 286 413 413 
63 63 75 75 415 415 
314 314 314 449 
264 334 334 413 
86 198 198 


22 22 81 81 81 82 82 130 130 142 461 461 461 
17 367 367 367 367 455 455 455 455 
271 
227 227 227 305 305 
225 225 225 

46 46 
184 307 320 
294 294 
317 
445 445 445 
5 5 50 50 
110 247 247 250 250 271 271 368 
39 39 159 159 159 219 274 274 274 352 352 
427 427 427 
6 182 182 499 
39 39 239 274 274 274 
37 37 37 
175 175 175 332 
26 26 87 158 158 271 271 293 293 297 297 306 339 339 381 412 412 412 437 470 470 
184 184 184 258 258 
262 292 364 
354 354 
271 408 408 408 
35 35 35 45 74 74 76 77 92 92 119 128 128 132 132 132 141 141 155 161 161 161 167 167 168 168 174 174 175 175 182 182 187 187 193 196 220 222 222 243 243 243 251 251 286 286 314 314 317 317 317 318 318 318 332 333 333 335 358 358 362 362 362 382 382 385 439 439 448 500 500 500 
22 108 108 108 497 497 497 
37 57 57 129 177 177 184 184 201 230 230 230 236 236 236 254 254 269 277 277 283 283 303 303 303 338 338 338 365 383 383 432 463 
65 
250 250 374 374 
80 80 95 95 95 314 314 
225 225 259 259 
98 98 
281 347 

76 76 76 242 
311 
103 296 296 
184 184 291 291 291 
271 271 282 282 339 339 403 403 403 
159 330 
314 314 

357 496 496 
236 236 236 415 460 460 460 

314 314 
449 449 
22 22 
408 
236 236 
45 45 161 161 413 413 
76 76 186 186 186 
1 1 5 18 18 18 98 98 225 
250 250 271 374 374 468 
5 5 
15 59 59 182 182 
41 399 399 399 
56 56 338 
344 344 
128 128 128 413 
280 314 314 384 435 435 467 
41 41 156 156 354 
184 
339 464 
271 271 
4 124 124 232 
314 314 390 390 390 390 
76 78 184 184 353 462 462 462 462 491 

5 225 225 
346 346 
211 211 236 278 278 278 278 432 432 432 
22 389 389 389 
99 99 99 99 456 456 456 456 
63 63 75 75 415 
339 339 452 
86 184 184 307 307 
72 72 358 358 358 
215 215 215 280 308 308 308 314 449 
123 123 442 
159 511 511 
339 408 408 
170 170 195 195 267 
273 475 
185 185 185 
487 
5 273 472 
10 10 100 100 240 496 496 
39 39 159 166 166 166 188 188 227 227 
207 207 
193 193 
127 127 290 
314 314 349 349 
227 227 

184 
39 39 302 302 
31 315 336 336 336 
56 56 235 235 235 236 474 

120 
51 51 51 184 
126 126 185 456 
41 41 
3 3 
155 155 155 155 243 
81 
10 100 100 197 197 240 265 265 279 357 367 431 431 476 476 
414 414 414 
160 160 160 
404 
193 413 413 413 
54 54 54 
354 354 354 
234 234 325 325 325 358 358 
5 
233 233 233 

104 
5 86 354 

159 159 159 
159 159 159 469 469 
