Nodes: 512, Edges: 1215
301 381 
441 
28 28 91 111 111 111 182 183 183 189 
271 271 
454 454 
34 50 50 50 88 198 225 255 273 279 279 354 354 354 400 400 400 441 443 443 458 475 508 508 508 
404 
233 233 233 271 327 327 
196 196 224 313 350 350 373 373 
271 271 271 
476 476 496 

184 202 202 355 
76 76 
52 117 117 184 184 
182 182 182 316 444 
24 41 184 
390 455 455 
441 441 
104 104 
330 330 330 330 
31 354 
108 115 115 331 331 389 389 389 414 436 
171 171 290 290 
16 76 76 76 
408 
408 408 408 
76 346 346 
2 2 178 183 183 
56 56 
180 222 
21 184 184 315 315 315 354 354 486 486 489 489 
184 184 
67 192 
5 
210 210 222 222 222 309 413 
106 106 372 
406 415 415 415 
358 
62 159 159 163 166 166 231 231 241 330 402 405 405 405 477 477 485 485 
192 192 192 236 249 
16 85 99 99 137 151 151 156 160 184 184 324 354 354 354 399 399 450 450 492 492 
321 321 323 323 
193 193 
137 137 137 
76 76 413 
64 381 395 395 
76 76 346 346 459 459 
50 50 50 50 
236 
5 5 5 48 48 48 48 400 

14 184 345 
225 225 
76 76 299 501 501 501 
93 93 93 195 195 236 
29 29 191 191 236 446 446 487 487 
415 415 
294 294 397 397 
444 444 444 
104 104 104 236 
359 
39 241 241 241 330 330 330 
383 383 383 463 463 
46 
193 193 362 362 416 416 
141 
33 192 192 281 281 347 347 
169 169 169 371 371 
236 236 344 
184 258 
330 330 
89 325 325 358 358 466 
94 94 315 
413 
383 463 463 
13 13 24 24 24 27 45 45 47 47 54 54 107 107 109 162 162 184 186 186 199 199 207 208 208 229 242 245 245 245 292 299 299 314 314 314 322 322 346 346 346 353 353 354 360 360 413 422 440 440 456 456 478 509 509 
196 413 413 413 

236 
314 314 
82 184 184 184 261 289 329 389 389 394 394 495 
81 121 143 143 143 389 389 
236 236 236 
312 348 348 348 
41 160 160 160 312 348 348 
198 386 386 465 465 508 
306 370 408 408 
5 504 
72 358 358 358 
358 
2 
182 404 413 413 
55 55 55 
73 73 

314 314 314 321 321 321 
290 
420 420 
41 41 462 
197 476 496 496 
140 378 471 
117 136 136 216 216 
146 146 146 379 379 425 425 
19 19 60 60 60 138 138 236 507 507 507 
106 106 184 184 184 190 190 
36 36 105 105 149 190 
76 76 
22 414 414 414 
76 199 199 
130 130 130 130 176 176 247 247 247 401 
2 2 2 182 182 182 195 195 195 340 340 340 
184 184 

367 367 367 
22 22 
177 177 177 184 184 184 415 
14 14 102 125 135 135 135 136 136 136 184 184 236 
364 
222 413 413 
486 486 486 489 489 
82 143 143 143 

468 
232 232 232 387 454 454 
117 136 136 
185 185 491 
480 
413 413 448 

110 110 110 110 389 
454 454 
168 413 413 
145 145 
380 380 
117 117 117 
102 102 117 117 117 125 125 
41 44 44 44 184 184 368 368 
104 104 164 164 164 236 236 
294 381 381 381 
101 320 320 
66 358 413 

82 82 82 121 121 121 217 
282 
133 133 339 
103 103 103 
236 283 
236 236 236 236 304 304 
106 250 
248 248 
41 41 354 354 
213 213 292 
325 
374 374 374 
413 494 494 494 
41 450 
276 
194 194 
39 39 188 205 219 219 219 227 227 305 330 330 330 402 402 428 428 433 433 469 469 469 477 477 477 510 511 
41 85 85 85 272 312 312 
413 439 439 
76 76 
39 
138 138 138 
329 
39 39 477 477 
220 413 413 
132 413 413 
68 68 68 371 371 374 
471 
23 23 290 

344 344 
222 222 335 335 376 376 376 
407 413 413 
110 110 247 247 
116 116 116 269 300 415 415 
28 183 

30 
367 
2 15 15 15 92 111 111 111 220 220 363 363 363 404 413 413 444 444 444 
2 2 28 28 178 495 
12 14 14 16 31 31 32 32 41 41 52 70 76 81 81 81 105 105 105 112 112 116 116 116 117 117 137 137 236 236 246 246 246 258 258 260 260 267 279 284 284 289 291 291 292 292 307 307 315 315 324 324 338 338 345 345 355 366 366 396 409 415 415 415 426 426 451 451 451 456 484 484 488 490 490 
126 126 473 473 491 
76 76 245 440 440 
413 413 413 
159 477 
2 
105 105 106 372 
56 56 236 236 267 267 268 268 304 304 446 446 
33 40 40 40 67 67 236 236 281 
43 43 65 65 286 358 358 358 362 362 500 
158 158 
55 55 111 111 111 236 267 267 267 471 471 
8 8 77 200 200 290 290 373 413 413 
100 240 496 496 496 
5 86 386 386 508 508 
76 76 109 109 207 337 337 337 337 
196 196 
236 236 415 415 415 
12 12 355 355 
271 
267 268 
159 
274 
76 199 478 478 478 
76 76 
328 328 328 
35 35 309 
460 460 
233 
152 152 
215 
214 314 467 467 467 
102 102 
143 
271 271 
159 159 159 232 274 402 402 454 
167 182 182 413 413 

30 35 35 35 119 174 174 314 376 376 413 413 483 483 
329 
8 276 276 276 313 313 350 
5 53 53 259 259 377 393 393 419 441 441 458 458 
292 
159 159 305 343 343 343 392 392 482 482 482 
245 245 
76 295 295 509 509 
236 275 275 303 303 415 
39 39 
124 124 124 219 
7 7 7 212 238 238 271 271 296 296 310 374 375 505 
503 503 503 
487 487 
40 49 55 56 60 69 69 79 83 83 83 104 117 138 138 147 148 148 148 148 184 184 191 191 192 192 195 201 201 230 237 237 237 267 267 275 275 278 344 351 351 356 356 415 415 432 432 432 438 460 487 
236 236 236 
233 233 
405 
197 476 496 
39 62 62 62 
76 423 
311 311 311 413 494 
325 358 358 
76 76 76 186 228 228 
184 184 184 
110 110 110 176 176 288 288 
150 150 408 408 
40 
149 401 401 417 417 442 
270 270 286 286 413 

330 330 
283 283 415 415 
5 
273 273 354 354 354 
375 375 
70 184 184 
225 225 419 419 419 419 
184 184 
81 329 329 
364 364 410 
315 315 
334 385 385 
496 
271 271 
184 191 191 195 195 195 204 236 236 268 268 356 356 
191 191 204 267 267 
177 415 415 
251 251 
3 3 7 9 9 9 203 218 218 233 233 266 266 282 287 287 287 297 327 339 339 354 354 368 374 374 375 391 401 401 401 408 408 408 412 442 442 453 
160 
5 256 256 354 354 472 475 475 475 
206 219 402 402 405 405 
230 230 236 236 
157 224 224 224 
415 415 
236 460 460 460 
5 5 184 496 
308 449 449 467 
67 67 192 347 
144 271 427 
147 254 254 415 
184 184 

193 251 251 382 382 382 413 
271 271 271 
247 247 
81 184 
23 23 97 171 196 196 480 
184 184 426 426 
76 152 184 184 226 364 364 410 
408 
58 58 139 397 397 408 408 
229 229 
233 233 425 425 
271 408 408 
347 347 
54 76 76 413 
177 
0 339 

230 230 415 
148 148 191 191 
159 227 392 
87 370 370 408 408 
184 184 396 396 465 
280 
35 210 
233 
243 243 243 
84 85 160 160 
8 224 224 
76 76 76 80 80 96 96 96 215 222 317 317 319 349 354 384 384 398 398 413 418 418 449 449 449 481 481 
31 31 31 73 184 184 263 263 336 486 486 486 
15 
314 314 398 398 398 413 
413 413 413 
314 354 
140 140 
42 42 96 96 96 323 
76 76 
42 42 321 359 
41 184 184 459 
72 72 153 244 
358 358 
7 7 271 
209 209 209 
81 165 223 261 261 
20 20 20 20 39 62 62 62 71 71 159 159 159 253 253 369 369 369 428 428 430 
22 22 
407 407 413 413 
413 
264 385 413 413 
174 174 413 
315 486 486 
199 199 199 199 
184 184 415 415 
145 271 271 301 381 408 408 408 427 427 452 452 452 453 470 470 
111 111 111 


227 227 227 
69 173 173 236 447 
52 184 184 
27 27 47 47 76 76 76 
67 67 281 298 298 421 421 506 506 506 
84 84 84 85 85 
314 
8 8 224 
236 236 415 
402 
76 76 
5 5 5 21 31 31 41 41 41 76 151 151 256 256 256 271 271 273 273 314 319 411 450 462 490 502 502 502 508 508 508 
12 184 202 202 
236 236 267 267 
367 367 431 496 496 
38 72 72 89 89 89 90 141 193 193 193 244 244 326 326 466 466 466 503 503 503 
61 323 
76 76 

65 65 193 193 413 
182 182 182 
118 262 262 292 292 410 410 
415 415 
184 184 
114 114 114 181 357 357 390 390 390 390 
137 137 271 401 
330 330 330 
87 306 306 
68 68 169 169 
36 190 
8 8 196 
154 154 154 169 233 271 271 408 408 417 442 442 442 
233 257 257 271 
174 174 174 222 222 
225 
101 
103 103 
134 134 
0 46 139 139 139 339 395 395 395 408 408 
286 286 286 413 
63 63 63 75 415 463 463 463 
314 314 449 449 
264 264 334 413 
86 86 198 198 
124 
487 
22 22 22 81 81 82 82 130 461 461 461 497 497 
17 367 367 367 367 455 455 455 
271 
227 227 305 
225 225 
81 81 495 
46 46 381 381 381 
184 307 307 
58 58 294 294 
314 314 317 317 317 
41 41 445 445 445 
5 5 5 50 
110 250 250 271 271 271 368 
39 159 159 219 219 274 274 352 
427 427 427 
6 92 182 
39 39 39 239 274 274 
37 
175 332 332 413 413 
25 26 26 26 87 87 248 248 271 271 271 293 294 294 297 297 306 306 339 339 339 374 374 381 381 412 470 470 
184 
262 292 364 364 
354 
271 408 
35 45 74 76 77 77 77 92 92 119 119 128 128 132 132 141 155 161 167 167 168 168 175 175 182 182 187 187 187 196 196 220 220 222 222 243 251 286 299 314 317 318 318 318 332 332 333 334 334 335 362 382 385 407 407 448 448 455 455 500 
22 108 108 108 497 497 
37 37 37 57 57 116 177 177 184 184 184 201 201 201 230 236 236 254 254 269 269 277 277 283 303 338 338 351 365 365 383 432 432 463 463 
65 65 
250 250 374 
314 314 
225 259 259 259 259 
98 98 441 441 441 
347 347 
76 
242 

103 103 296 296 
184 184 291 291 
282 339 339 403 403 403 
159 159 330 330 

330 
357 496 496 496 
236 236 236 415 415 460 460 
159 159 

449 
22 

236 
161 161 
76 76 186 186 
1 5 18 18 225 225 420 420 420 
250 271 271 374 374 374 468 468 
5 5 456 
15 59 59 59 182 182 182 
399 399 399 
56 56 191 191 
344 
128 413 413 
280 280 314 314 314 384 384 435 467 
41 41 156 354 462 
184 184 184 
339 339 339 464 
271 339 
4 4 124 124 131 131 219 
17 17 390 390 390 413 413 
76 76 184 443 462 462 491 491 

5 225 225 
47 47 324 
211 211 236 278 278 278 432 432 
389 389 389 497 
99 354 450 456 456 
63 63 75 75 383 383 383 415 415 
452 
86 86 307 
72 358 358 358 
215 215 215 280 449 
123 442 442 
159 159 159 511 
339 339 408 408 
101 170 195 195 
273 475 475 475 
185 185 
487 487 
5 273 273 273 472 472 472 
10 10 100 240 496 496 496 
39 39 159 159 159 166 166 188 
76 207 207 207 

127 290 
314 314 
227 227 227 
222 222 
184 184 
39 39 
31 31 120 120 120 315 315 315 336 336 489 489 489 
56 56 235 235 236 388 474 474 
184 
31 31 120 120 486 486 486 
184 184 354 
126 185 456 456 
41 41 

155 155 155 243 
81 183 394 
10 100 100 197 197 197 240 265 279 357 357 431 431 431 476 476 476 
389 389 414 414 461 


193 413 
54 54 54 
354 354 354 
234 234 234 358 358 358 
88 
233 
347 347 347 
104 104 104 
5 5 5 86 198 198 354 354 354 
76 76 229 229 
159 
159 469 
