Nodes: 512, Edges: 1215
301 381 381 381 
441 441 
28 91 91 91 111 111 111 182 182 182 183 189 
271 
454 454 454 
34 48 50 50 88 88 184 198 198 225 273 273 279 441 441 475 508 
404 404 
233 271 271 327 
196 196 224 313 350 350 373 
271 271 
476 476 496 
264 
184 184 184 202 202 355 
76 
52 117 
182 182 316 444 

390 455 455 
441 441 

330 330 
31 354 354 354 
108 108 108 115 331 389 389 414 414 414 436 436 
171 171 171 290 
76 
408 
158 408 408 
76 76 76 346 
2 178 178 
56 56 
222 
21 172 184 184 315 354 354 486 486 489 489 


5 
210 222 309 413 413 
106 106 372 
415 415 
358 
62 62 159 159 166 166 219 219 231 241 241 302 302 330 330 402 402 477 485 485 
192 192 236 236 249 
85 85 85 99 99 137 137 151 156 156 160 184 324 324 354 399 399 445 450 450 492 
321 321 321 

137 137 
76 439 439 
64 339 381 381 395 
76 346 459 459 
5 50 50 50 
236 
5 5 48 48 48 400 400 400 
490 490 
14 184 184 184 345 345 
225 
76 76 299 299 501 
236 236 236 
29 29 236 236 304 446 446 
415 
294 294 397 
444 444 444 
104 104 236 
81 359 359 
39 39 241 330 
383 463 463 463 
46 381 381 
362 416 
141 141 141 
192 192 281 281 347 
169 169 169 296 296 371 
236 236 344 344 344 
184 184 258 
330 
325 325 466 466 466 
94 94 94 94 315 315 
413 413 
383 383 383 463 
13 24 27 27 27 45 47 54 54 107 107 162 162 162 184 186 196 199 199 207 208 208 208 228 229 242 245 245 292 299 299 314 322 322 328 328 346 346 346 353 354 354 360 360 413 423 423 440 440 440 456 478 478 478 509 509 509 
196 413 413 
456 
236 
314 418 418 418 
61 82 82 82 113 261 261 329 329 329 389 389 389 394 394 394 495 
81 81 81 121 142 142 143 143 329 329 
236 
85 85 312 
41 41 41 84 84 160 160 160 312 312 348 348 
198 198 198 386 465 465 508 508 
306 370 
5 5 504 504 
358 358 358 
358 358 358 
2 2 2 
182 182 404 404 413 413 

73 73 73 73 315 315 
418 418 
314 314 321 321 321 
171 290 290 
420 441 441 
41 41 457 462 462 462 462 
197 197 476 496 496 496 
140 140 195 195 195 378 378 378 471 
117 136 216 216 216 
146 379 379 379 425 
60 60 138 236 236 507 
106 184 184 184 
36 36 105 149 149 149 190 190 372 372 
76 76 
22 22 22 414 
199 
130 176 247 247 247 401 
2 2 2 182 182 195 195 195 340 340 340 
184 184 
81 

22 
177 177 177 184 184 415 415 
14 102 125 135 136 184 184 184 236 

122 122 222 
489 
82 143 143 
119 119 
468 468 
232 232 232 387 387 387 454 
117 136 
185 491 
480 
220 220 220 220 413 413 448 
415 415 
110 177 
454 454 454 
168 413 413 413 413 
145 145 
354 380 
117 
102 117 125 
41 41 44 44 184 184 184 368 368 
104 236 236 237 252 
381 381 
101 101 320 320 320 
66 66 66 358 413 413 
82 82 389 389 
82 82 121 121 217 217 217 
282 282 282 
133 133 339 339 
103 
236 283 344 
236 236 
106 106 106 250 417 417 
248 248 339 408 408 
41 354 
213 213 292 292 364 
325 

413 494 494 
41 41 
233 233 276 
26 194 194 271 271 271 
39 39 188 219 219 219 227 227 231 305 305 330 402 402 428 433 433 469 469 469 477 477 510 511 511 511 
41 85 85 85 272 312 312 312 498 498 
439 
76 76 76 322 322 


329 329 329 
39 39 477 
220 220 413 413 
132 413 413 
68 68 68 371 374 
471 
23 23 23 97 290 290 
31 
344 
222 222 335 335 362 376 376 413 
407 413 
110 247 247 
116 116 116 130 269 300 300 300 415 415 415 
28 28 183 183 

222 222 
367 367 367 
2 2 2 15 15 92 92 111 111 220 340 340 363 363 404 404 404 413 
2 178 178 
5 12 12 12 31 31 41 52 52 52 70 70 76 105 105 105 112 112 116 116 117 117 117 137 137 137 213 221 236 246 260 260 267 267 279 279 284 284 284 289 289 291 291 292 307 307 338 345 345 345 354 355 355 396 396 415 426 426 426 451 451 451 456 465 465 465 484 484 488 488 490 490 
126 473 473 491 
76 245 440 
413 413 
159 477 
2 
106 106 372 
236 236 236 267 267 267 268 268 285 285 304 446 
40 40 67 67 236 236 281 281 
358 358 362 362 413 500 
158 158 
101 101 101 111 111 111 236 236 267 471 471 
8 8 76 77 290 290 413 413 
100 100 476 496 496 
5 5 86 86 86 508 
76 76 109 207 337 337 337 337 337 

236 236 415 
12 12 355 355 355 
271 
267 267 267 268 268 


76 199 478 478 478 
76 76 76 
328 328 
35 309 
460 460 
233 233 
152 152 184 
215 215 314 314 
214 214 314 467 467 467 
102 102 102 
143 143 143 
271 271 
39 39 159 159 159 232 274 402 402 402 454 454 
128 128 128 128 167 167 182 413 413 
184 
30 35 119 174 174 180 180 314 341 376 376 376 413 413 
329 329 329 
8 276 276 313 313 350 
5 53 259 393 393 419 441 441 458 458 
292 292 292 
159 159 305 343 482 482 482 
76 245 292 
76 295 295 509 
275 303 415 415 
39 159 
124 124 124 219 454 454 
7 157 157 212 212 238 238 271 296 310 375 505 505 
503 503 
487 487 
40 40 49 55 55 55 56 56 60 69 69 79 83 104 104 117 138 138 147 148 148 184 191 191 191 192 192 195 195 201 201 237 267 267 275 275 275 278 344 344 351 351 356 356 415 415 415 432 438 438 460 460 487 487 487 
138 236 
233 233 
342 
476 
39 39 62 
76 423 
494 
325 358 358 
76 76 186 228 
184 
110 110 110 176 176 288 401 401 
150 150 408 
40 
149 401 401 
270 270 270 286 413 
138 
330 330 
283 283 415 

273 273 354 354 
375 
70 409 
225 261 419 419 
184 184 324 
81 81 259 329 
364 364 364 410 

11 334 334 385 
496 
271 271 
184 184 191 191 191 195 204 204 204 236 236 268 268 268 356 471 
191 191 204 204 267 267 267 285 
177 415 
251 251 251 
3 7 7 9 9 158 158 158 203 218 218 233 266 266 282 282 287 339 354 374 374 374 375 375 375 401 408 408 427 427 442 442 
160 
5 5 256 256 354 354 472 
219 402 402 405 405 405 
230 236 236 236 
157 224 224 
415 
236 460 460 
5 184 184 496 
308 449 
67 67 192 192 347 421 
144 144 144 271 271 427 
147 254 254 415 
184 184 184 
191 191 268 
251 382 382 382 413 413 
271 
247 
184 184 
23 97 97 171 171 196 196 480 480 
184 184 426 
76 152 152 184 226 226 226 228 364 364 364 410 410 
408 408 
58 58 397 408 408 408 
229 229 
68 68 233 425 
408 
347 
54 54 76 76 413 413 413 
177 177 177 
0 
39 39 485 485 
230 415 
56 191 
159 159 227 
87 370 408 
184 184 354 396 396 396 465 
280 467 467 
35 210 
233 
424 
84 85 85 160 160 160 
8 224 224 
76 80 96 96 214 214 215 222 317 319 349 354 354 384 384 398 398 413 413 418 418 429 434 434 449 449 455 467 481 481 
31 73 73 94 94 336 486 
15 
314 413 413 413 
413 413 
314 
140 140 140 
42 42 42 96 96 96 323 
76 76 162 162 
321 359 
41 41 260 
72 72 153 244 503 503 
358 358 358 
7 
76 76 209 209 
81 81 81 82 82 165 165 165 223 223 223 261 
20 20 39 39 62 71 159 253 253 428 428 428 
22 
407 407 407 
413 413 
264 264 385 413 413 413 
174 174 413 
315 486 486 
199 199 199 199 199 
184 415 
46 145 145 150 271 381 381 381 408 408 427 452 452 453 464 
111 111 111 182 182 
222 
239 
227 
69 69 69 147 173 236 236 
52 52 184 184 184 
27 47 76 76 76 459 459 459 
67 281 298 421 421 506 506 506 
85 85 
314 481 481 
8 8 224 
236 236 432 432 
402 402 482 
76 456 456 456 
21 21 21 31 31 41 76 76 134 151 184 256 256 271 273 273 307 314 314 411 411 411 450 450 462 462 490 502 508 
12 184 184 202 202 202 
236 236 267 
431 496 
38 89 89 89 90 90 90 141 193 193 244 244 326 326 326 413 413 466 503 
61 61 323 
76 76 

65 174 193 193 413 413 
182 182 
152 262 262 262 292 292 292 410 
415 415 

181 181 181 390 390 496 
137 137 

87 306 
68 169 
36 106 106 190 
8 
169 271 271 271 408 408 417 442 442 442 
233 257 271 271 271 
174 174 222 222 222 

101 101 101 
103 103 103 
134 
0 0 0 46 46 64 64 139 139 339 339 339 395 395 395 408 408 
286 286 286 413 
63 75 75 75 415 415 415 432 463 
314 314 449 449 
264 334 413 413 
86 
124 124 124 
487 487 487 
22 22 81 81 81 142 142 461 461 461 461 497 
17 367 367 455 455 455 


225 225 
81 81 81 495 495 
46 381 381 381 
184 184 307 307 307 
58 294 
314 314 
41 41 445 445 445 445 
50 50 50 
110 247 247 250 250 271 
39 39 159 159 219 219 219 274 274 352 352 
427 
6 6 92 92 182 182 182 
274 274 274 

175 332 332 332 413 
25 26 26 150 150 248 271 271 293 293 294 294 294 297 306 339 339 374 374 381 381 412 412 437 437 470 470 470 
258 
262 292 292 364 
354 354 354 
408 408 
35 35 74 74 76 77 77 92 92 128 128 132 132 132 132 141 141 155 167 167 168 168 174 175 182 187 187 193 196 196 220 220 222 222 251 286 286 299 299 299 314 314 317 317 317 318 318 333 333 334 334 334 335 358 358 362 362 382 385 385 407 439 439 448 448 455 455 500 500 
22 22 22 108 497 497 497 
37 37 57 116 116 129 129 177 177 177 184 201 230 230 236 236 236 254 269 277 283 303 338 365 365 383 383 383 432 432 463 463 463 
65 
149 149 374 
80 80 80 95 95 314 314 
225 259 259 
98 441 441 
281 347 347 

76 76 242 
311 
103 296 
184 184 184 291 
271 271 282 339 403 
159 330 330 330 
314 

357 496 
236 351 351 383 415 415 460 460 
159 159 
314 314 
449 449 
22 22 
408 408 
236 236 470 
45 45 161 413 413 
76 76 76 186 
1 1 5 5 18 18 98 98 225 225 420 420 
271 271 374 374 374 468 468 468 
456 
15 59 59 59 
41 399 399 399 399 
56 56 191 

128 413 413 
280 314 314 384 384 435 435 467 467 
41 41 354 354 462 
184 184 184 
339 339 464 
339 
4 4 4 124 131 131 131 219 219 232 232 
17 17 314 390 390 390 413 413 
76 78 184 353 353 353 443 462 462 462 491 
99 
225 225 
47 47 346 346 346 
211 211 236 236 278 278 432 432 
389 389 389 389 497 
99 99 99 99 354 354 450 456 456 456 
63 63 63 75 383 415 415 415 
339 452 
86 86 184 184 184 307 
72 72 72 358 
215 215 215 308 308 314 449 449 
123 123 442 442 442 
159 159 159 511 511 
408 408 408 438 
101 170 195 195 267 
273 475 475 
185 185 
487 487 487 
5 472 472 
10 10 100 197 240 496 
39 159 159 166 188 
76 76 76 207 207 207 

127 290 290 
314 314 349 349 
227 227 227 352 

184 184 
39 39 302 302 
31 31 315 336 336 489 489 
235 235 236 236 236 388 388 388 474 474 474 
184 184 
31 31 120 486 486 
51 51 184 184 354 
126 185 456 
41 

155 155 243 
81 394 394 
10 100 100 100 197 197 265 279 357 367 431 476 
389 414 414 414 461 
160 160 

193 413 413 
54 
354 
234 234 325 325 358 
88 88 
233 233 
347 347 347 
104 
5 86 86 198 354 
76 76 76 229 
159 
159 159 159 469 469 
