Nodes: 512, Edges: 1215
301 381 381 
441 441 441 
28 28 91 91 111 182 189 
271 271 493 
454 454 
34 34 34 48 88 88 105 184 184 198 255 273 273 279 279 400 441 441 443 443 458 475 475 504 508 
404 404 
233 271 271 327 327 327 
224 313 313 350 350 373 373 373 373 
271 271 
476 476 476 476 496 
264 264 
184 202 355 355 355 
76 76 
52 117 184 
182 182 182 316 444 444 
24 41 41 184 
390 455 455 
441 
104 104 
330 330 330 330 
354 354 354 354 
108 108 115 115 331 389 389 436 436 
171 171 171 290 
16 76 76 

158 158 
76 76 168 346 346 
2 2 178 178 183 
56 56 
180 180 222 
172 315 315 315 354 
184 184 
67 67 67 192 192 
5 5 5 
222 309 309 413 413 
106 372 372 
406 415 
358 358 
62 159 159 163 166 166 219 219 231 231 241 241 267 302 302 302 330 405 405 405 477 477 485 485 485 485 
236 249 249 
16 16 85 99 137 137 151 156 156 160 184 184 354 354 445 445 450 450 492 
323 
193 
137 
76 76 76 413 413 439 
64 64 339 339 339 381 381 395 
76 346 346 346 459 
5 50 50 
236 236 
48 48 400 400 400 
490 490 490 
14 184 184 345 345 
225 225 225 
501 501 
93 93 195 236 
29 29 191 191 236 236 236 304 304 446 446 487 
415 
397 
444 444 
104 236 
81 81 359 
39 241 241 330 330 
383 463 463 463 
46 46 381 
193 362 416 416 

33 33 33 192 192 281 281 347 347 
169 296 296 
236 236 344 344 344 
184 246 246 258 258 
330 
89 325 358 358 466 466 
94 94 315 
413 413 
463 463 
13 13 24 24 27 27 45 45 45 47 107 107 107 109 184 186 186 196 196 199 199 207 208 228 228 229 242 242 242 245 292 299 299 314 322 322 328 328 346 346 353 354 354 354 360 413 422 423 423 423 440 440 456 456 478 478 509 509 509 
196 413 413 
456 
236 236 
314 
61 61 82 184 184 261 261 289 359 389 389 389 394 394 495 
81 121 121 142 142 142 143 143 389 
236 236 
85 312 312 348 
41 84 160 160 312 312 348 
198 386 465 465 465 508 508 
306 306 306 408 408 
5 5 504 504 504 
72 358 358 358 
358 
2 2 
182 404 404 
55 55 
73 73 315 315 
418 418 
321 321 
171 171 290 
420 420 441 
41 462 462 
476 496 
140 195 378 471 471 471 
117 117 136 136 136 216 
146 146 379 379 379 379 425 425 
19 19 60 138 138 138 236 236 507 507 507 
5 106 106 184 190 190 
36 105 105 190 190 372 
76 76 76 
22 22 414 
76 199 199 
176 176 247 247 401 
2 182 195 195 195 340 340 340 340 
184 184 

367 
22 22 
177 177 177 177 184 184 415 
14 102 102 125 136 136 136 184 184 236 236 
364 364 
122 222 413 413 
486 489 489 
82 82 143 143 
119 

232 232 454 454 
117 136 136 
185 491 491 
480 
220 413 448 448 
236 415 415 415 
177 177 389 
454 
168 413 
145 145 145 145 
354 380 380 

102 102 102 117 117 117 125 125 
41 41 44 184 184 368 368 
104 104 104 164 164 236 236 236 
294 381 381 
101 320 
358 358 413 
82 82 82 389 389 
82 82 121 121 217 217 

133 133 133 133 339 339 
103 103 
236 236 344 
236 236 236 236 304 304 304 
417 
248 248 
41 354 
213 213 292 292 292 364 
325 
374 374 374 
413 413 
41 41 

26 26 271 408 408 408 
39 39 205 205 205 219 219 219 219 227 227 231 231 305 330 330 428 428 428 433 433 469 469 469 477 477 510 511 511 
41 85 85 272 312 498 
439 439 
322 322 
39 
138 138 
329 329 
39 39 477 477 
220 413 413 
27 132 
68 296 371 371 
471 471 
23 23 23 97 97 290 
31 

222 335 362 376 376 413 413 
407 413 413 
110 110 247 247 247 
116 116 116 116 130 130 283 283 300 
28 28 183 

30 30 222 
367 367 
2 15 15 15 92 111 220 340 404 413 413 444 
28 178 
5 5 12 14 16 32 32 41 41 52 52 70 76 81 81 105 112 112 116 116 117 117 137 137 213 221 236 236 246 246 258 258 260 260 267 267 279 284 289 289 291 291 292 292 292 307 315 315 315 324 338 338 345 345 354 354 355 366 396 409 409 415 415 426 426 451 451 456 456 465 465 484 488 490 490 
126 473 473 491 
76 76 440 

477 477 
2 
105 105 106 106 372 372 
56 56 236 236 267 267 267 268 268 304 
33 33 67 67 236 236 281 281 281 
43 65 286 286 358 358 362 479 479 

55 101 111 111 111 236 267 267 471 471 
76 76 77 200 200 200 290 350 350 373 413 
240 476 496 
5 86 
76 76 109 109 207 207 337 337 
196 196 196 
236 415 
12 355 501 
271 
267 
159 159 159 
274 
76 199 199 478 
76 
328 
309 309 
460 460 

152 152 184 
215 215 314 314 314 
214 214 467 
102 
143 143 
271 
39 39 159 159 159 159 232 274 402 402 
128 167 182 413 413 
184 
30 35 119 174 180 341 376 376 376 413 413 483 483 
329 329 329 
8 276 276 313 313 350 350 
53 53 53 259 259 377 458 458 
292 292 292 
159 159 305 305 305 343 343 343 482 482 
76 76 245 245 292 
76 295 509 509 
236 275 275 303 303 415 415 
39 39 159 159 
124 124 219 454 
7 271 271 296 310 310 310 374 375 375 505 
503 
487 487 487 
40 49 49 55 56 56 56 60 69 69 79 79 83 83 104 104 117 117 129 138 138 138 147 147 148 148 148 148 184 184 191 191 192 192 195 201 230 267 278 278 344 351 351 356 415 415 415 432 438 438 460 487 487 


268 268 268 268 342 
197 476 476 476 496 
39 39 62 62 
76 76 76 
311 413 413 494 494 
325 325 
76 228 228 
70 70 184 184 
110 110 176 176 176 288 401 401 
150 150 408 408 408 
40 40 
374 374 374 401 417 442 442 442 
270 270 270 286 286 

330 
283 415 415 
5 
273 354 354 
375 
70 70 184 184 409 409 
225 225 419 419 419 419 
184 184 
81 81 
364 410 
315 
11 11 334 385 385 
496 
271 271 
39 184 184 191 191 191 195 195 204 236 268 268 356 356 471 
191 191 239 239 239 239 267 267 
415 
251 251 251 
3 3 7 7 9 9 158 203 218 233 233 266 266 282 282 282 287 287 297 297 339 339 354 374 374 374 375 391 391 401 401 408 408 408 412 412 427 427 442 453 
160 
5 5 256 354 472 475 
206 219 402 402 402 405 405 405 405 
230 230 
224 224 
415 
236 236 460 460 
5 5 184 496 496 496 
308 308 449 449 467 467 467 
67 67 192 192 192 298 298 298 421 
271 271 271 427 427 427 
177 177 254 415 415 
184 

193 193 251 251 382 382 382 382 413 
271 271 
247 
81 184 184 
23 97 171 196 
184 184 426 
76 152 152 152 184 184 184 226 226 226 228 364 410 410 
408 
139 397 397 397 408 408 
229 
68 68 169 233 425 
271 271 408 
281 281 281 347 347 
76 76 413 413 
177 
0 339 
39 39 39 
230 230 415 
56 56 148 148 148 191 
159 227 227 227 392 
87 87 87 370 370 370 408 408 
184 354 354 396 396 465 
280 280 467 
35 35 210 210 
233 233 233 
243 424 
84 84 85 85 160 
8 8 224 224 
76 80 214 214 214 317 317 319 319 384 384 398 413 413 418 418 418 429 434 434 449 449 455 481 
31 31 31 73 94 94 184 184 184 263 336 486 486 
15 
314 314 
413 
314 314 354 354 
140 396 
96 96 323 323 
76 76 162 162 
42 321 321 359 
184 
72 153 244 244 503 503 503 503 
358 358 
7 7 7 
76 76 209 
165 165 223 223 223 
20 20 20 20 39 62 62 71 159 159 253 369 428 428 
22 
407 413 413 
413 
264 385 413 
174 413 
315 486 
199 199 
184 184 415 415 415 
46 46 46 145 145 271 271 301 381 381 381 408 408 427 427 452 452 452 453 464 
111 111 111 111 182 
222 
239 
227 227 227 
69 69 69 147 236 447 447 447 
52 52 184 184 
27 27 47 47 47 76 76 459 459 
67 67 298 298 421 506 506 506 
84 85 
481 481 481 
8 8 196 196 224 224 
236 236 432 
402 402 
76 456 456 
21 21 21 21 31 41 41 76 76 76 134 151 184 184 256 256 271 273 307 307 319 319 450 450 462 490 490 502 502 508 508 
12 12 12 184 202 
236 267 267 
496 496 
38 38 72 72 89 89 89 90 141 141 193 193 326 326 466 503 
61 81 323 
76 

65 174 193 413 413 413 

118 118 152 262 292 410 
415 415 
184 
114 181 181 390 390 496 
137 137 
330 
306 306 306 
169 169 
36 36 106 190 190 
8 8 8 8 196 
154 154 154 233 250 250 250 271 271 271 408 408 417 
233 233 257 271 
174 174 222 222 222 
225 
101 
103 103 103 103 
134 134 
0 0 46 46 64 139 139 339 339 339 395 395 408 408 408 
286 286 286 286 413 
63 415 415 432 463 
314 314 
264 264 334 413 
86 

487 487 
22 22 81 81 81 82 130 142 142 461 461 461 497 
17 367 367 455 455 
271 271 
305 

81 81 495 
46 381 381 
184 307 307 320 
58 294 294 294 
314 
445 445 445 445 
5 50 50 50 
110 247 247 250 271 271 
219 219 274 274 274 352 352 
427 427 
6 6 92 92 182 
39 39 39 274 274 274 274 
37 
175 332 413 
87 87 158 158 158 248 248 248 271 271 271 293 294 294 297 306 306 339 339 374 374 381 381 381 412 437 437 470 470 470 
184 184 258 258 
262 292 292 364 

271 271 408 
35 35 45 45 74 74 76 77 77 119 119 128 132 141 155 155 167 167 174 174 175 175 182 182 196 220 220 222 222 243 243 286 299 299 314 314 318 332 332 333 334 335 362 362 362 382 385 407 439 439 439 448 455 500 500 
108 497 497 497 497 
37 57 116 129 129 129 184 184 201 230 230 236 236 236 254 254 269 277 283 283 303 338 338 338 365 365 383 383 
65 65 
149 250 374 
95 95 314 314 314 
259 259 259 259 
98 98 
281 347 
76 
76 76 76 
311 
103 103 296 
184 184 291 
271 271 282 282 282 339 339 403 403 
159 159 159 330 330 
314 

496 496 496 
236 351 383 460 460 
159 159 
314 314 

22 22 
408 408 
236 236 
45 161 161 413 413 413 
76 76 186 
1 1 1 5 5 18 98 
250 250 250 271 468 468 
5 5 
15 15 59 59 182 
41 41 399 399 399 399 
56 56 
344 344 344 
128 128 413 
280 280 314 314 467 467 467 
41 41 354 354 462 462 462 
184 184 
339 339 339 
271 339 
4 4 124 124 131 232 
17 17 314 390 390 413 
76 76 78 184 184 353 353 491 491 

5 225 225 
47 346 346 
211 211 236 278 278 432 432 
389 389 389 497 497 497 
99 99 354 450 450 450 
63 63 63 75 75 383 
339 
86 86 86 184 184 307 
72 72 358 
215 280 280 280 308 449 449 449 
442 442 
159 159 159 511 511 511 
408 408 408 
101 101 101 170 170 195 195 267 
273 475 475 
185 185 
487 487 487 487 
5 5 273 472 472 
10 10 10 10 100 197 240 240 240 496 
39 39 159 159 166 166 188 188 
76 76 207 
193 193 
127 
314 349 349 349 
227 227 
222 222 
184 
39 39 39 39 
120 315 315 336 489 489 489 
56 235 235 235 236 236 388 388 474 474 474 474 
184 
120 120 486 486 486 
51 51 51 184 184 354 354 
126 126 185 456 456 
41 
3 
243 243 
81 394 
10 100 197 240 265 279 279 279 357 357 367 431 431 431 476 
389 414 414 414 414 461 461 461 
160 

413 413 
54 54 202 
354 354 
234 325 325 325 325 358 
5 88 88 88 
233 
347 347 347 
104 104 104 
5 86 86 354 354 
76 76 76 229 229 
159 
159 159 469 469 469 
