Nodes: 512, Edges: 1215
381 381 

28 28 91 91 111 182 182 183 183 183 189 189 
271 493 493 
454 
48 48 88 88 184 198 198 225 225 225 255 273 273 273 279 279 354 354 400 400 441 441 443 504 508 508 
404 
233 233 271 271 271 
196 224 350 373 373 373 373 
271 271 
476 476 
264 264 
184 184 184 202 202 202 355 355 
76 
117 117 117 
182 444 444 
24 41 41 184 
390 455 455 455 
441 441 
104 
330 330 330 
31 31 354 
108 108 108 115 115 115 331 331 331 389 389 414 414 436 436 461 
171 171 290 290 
16 76 
408 408 
158 158 408 408 
76 76 76 346 346 346 
2 2 183 183 
56 56 
180 222 
21 21 172 172 184 184 315 354 354 486 489 489 
184 184 
67 67 192 192 

210 210 222 222 222 309 309 413 413 
106 269 372 
406 415 415 
358 358 
62 62 159 159 163 219 241 302 302 402 405 405 477 485 485 
192 192 192 236 236 249 249 
16 16 85 99 137 137 137 156 160 324 324 354 354 354 445 445 445 450 450 450 492 
321 321 
193 193 
137 
439 
64 339 339 381 395 395 395 
76 346 459 459 459 
5 5 50 50 50 
236 236 
48 48 48 400 400 400 

184 184 345 345 
225 
76 299 299 501 
93 93 195 195 236 236 
29 29 191 191 236 236 304 304 446 446 487 487 487 
415 
294 397 397 

104 104 104 236 236 236 
81 81 359 
39 39 241 330 330 
463 463 
46 381 
193 193 193 416 416 
141 141 
33 33 192 192 281 347 347 347 
169 169 296 296 371 371 
236 236 236 344 
184 246 
330 330 
89 89 89 325 358 466 466 466 
94 94 94 94 
413 
383 463 463 
13 24 27 27 27 47 54 107 107 162 184 184 186 186 186 196 199 207 207 208 208 208 228 229 242 292 299 299 322 346 346 353 353 353 354 354 360 360 413 456 478 
196 413 413 

236 
418 
61 61 82 82 82 113 184 184 184 289 289 329 329 329 389 389 394 495 495 
81 81 81 121 143 143 143 329 329 389 389 
236 236 
312 312 348 348 
41 160 160 312 
198 386 386 465 465 465 
306 408 408 
5 5 504 504 
72 72 72 358 
358 358 
2 2 
182 182 404 413 413 413 
55 55 
73 73 73 73 315 
418 418 
314 314 314 321 321 321 
171 171 171 290 290 
420 420 441 441 
41 462 
197 496 496 
140 140 195 378 378 471 
117 117 136 216 
146 146 146 425 425 
19 60 60 60 138 236 236 
106 106 184 184 184 190 
36 105 105 149 149 149 149 190 372 372 
76 76 
22 22 22 414 414 
199 199 
176 176 176 247 401 401 401 
2 195 195 195 
184 
81 
367 367 
22 22 22 
184 184 415 
14 14 14 102 102 125 125 125 135 135 136 136 136 184 236 236 
364 
222 222 413 
489 
82 143 

468 468 468 
232 387 
117 117 117 
491 491 
480 480 480 
220 220 413 
236 415 415 
177 177 
454 
168 168 413 413 
145 
354 354 380 
117 117 
102 117 117 117 
41 41 41 44 184 184 368 368 368 
104 164 164 237 
294 381 381 
101 101 320 
66 66 358 358 413 
389 389 
82 82 82 121 217 
282 282 
133 339 339 339 
103 103 103 
236 236 283 344 
236 236 236 304 304 
106 106 106 106 
339 408 408 
354 354 
213 213 213 213 292 292 364 364 
325 325 
374 
413 413 494 494 494 494 
41 450 450 
233 
26 26 194 271 272 408 
39 39 188 205 205 219 219 219 227 227 231 231 231 305 305 330 402 428 428 433 469 469 477 477 477 510 510 511 511 
41 85 85 272 272 312 312 498 
413 439 439 
76 322 322 322 
39 
138 138 
329 
477 477 
413 413 
132 132 413 413 
68 68 179 371 371 371 371 
471 471 471 
23 23 97 97 97 290 
31 31 
344 344 344 
222 335 362 413 
407 413 413 
110 110 110 247 247 
130 130 283 283 300 300 300 415 
183 183 
169 
30 222 483 
367 
2 2 15 92 92 220 316 340 340 363 363 404 404 413 444 444 
2 2 2 28 28 178 178 
5 12 12 12 16 31 31 32 32 52 52 70 76 76 81 81 81 105 105 105 112 116 116 117 137 137 221 236 236 246 246 258 258 260 267 279 284 284 284 289 289 291 291 292 307 315 315 324 324 338 338 345 345 345 354 355 355 366 415 451 451 456 456 465 465 465 488 488 
473 473 473 491 491 
76 76 76 245 245 361 440 
413 
159 
2 2 
105 106 
56 56 236 236 236 267 268 285 285 304 304 446 
33 33 40 40 40 67 67 236 236 236 281 281 
43 43 65 65 65 286 313 358 358 358 413 479 500 500 
158 
55 55 101 111 111 111 236 236 236 267 267 471 471 
8 76 77 200 200 290 290 350 413 413 
100 476 
5 5 86 279 
76 109 109 337 337 337 337 
196 196 
236 
12 12 12 355 
271 
267 267 268 
159 159 
274 274 274 
76 76 478 
76 76 76 
328 
35 35 309 309 
460 
233 233 
152 152 152 152 
215 314 314 314 
214 314 314 467 467 
102 
143 
271 271 
39 159 159 159 232 232 274 402 402 454 
128 128 182 413 413 
184 
30 35 35 35 119 119 174 180 314 341 341 376 376 376 483 483 
329 
8 276 276 276 313 313 350 350 
5 5 5 53 259 259 393 393 441 441 441 458 458 
292 
159 159 305 305 343 477 482 
76 245 
76 295 295 
236 236 275 275 303 415 415 
159 159 159 
124 219 219 454 454 
7 7 157 212 212 238 271 271 310 310 374 375 375 505 505 
503 503 503 
487 487 487 
40 40 49 49 55 55 56 56 60 60 60 69 69 69 79 83 83 104 104 117 117 129 147 147 148 148 148 184 184 191 191 191 192 192 192 195 195 195 201 230 230 237 278 278 278 344 344 356 356 356 415 415 415 415 432 432 432 438 438 438 460 460 487 
138 236 
233 
268 342 405 405 
496 
39 62 
76 
311 413 413 
325 325 358 358 
186 186 228 
70 184 184 
110 176 176 288 288 401 401 
408 408 
40 40 
374 374 401 401 401 417 442 442 
270 270 270 286 286 413 

330 

5 
273 273 273 354 354 

184 184 409 409 
225 225 419 419 419 419 
184 324 
329 329 329 
364 364 410 410 
315 315 
11 11 334 334 385 385 
496 496 
271 271 
184 191 195 195 204 204 268 356 356 356 471 
191 204 239 267 
36 
251 251 251 
3 7 7 7 9 9 158 203 218 218 233 233 266 266 282 287 287 297 339 354 354 374 374 374 375 391 401 408 412 427 427 442 442 453 453 
158 160 160 
5 5 5 256 256 256 354 354 472 472 475 475 
206 206 206 219 402 402 405 
230 230 
224 224 224 
415 415 
236 236 236 
5 5 184 198 496 
308 467 467 467 
67 192 192 298 347 347 
144 144 271 427 427 
147 177 177 415 
184 184 184 
191 191 
193 251 251 382 382 382 413 413 
271 271 
247 247 
81 81 184 184 
23 23 97 97 171 196 196 480 
184 184 426 426 
76 152 152 184 226 364 364 410 

58 139 397 408 408 
229 229 
68 68 425 
271 408 408 408 
281 347 347 
54 54 76 76 413 
177 177 177 
339 339 
39 39 485 
230 415 
56 56 148 148 191 191 
159 159 227 227 392 392 
87 370 408 
184 354 396 465 
280 467 467 467 
35 35 210 210 
233 233 
243 
84 84 85 160 160 
193 224 224 
96 96 96 214 214 214 215 215 222 317 317 319 349 349 354 354 384 398 413 413 413 418 429 429 429 434 449 449 449 467 467 467 
31 94 184 184 263 263 336 336 336 486 486 486 
182 
314 314 413 413 
413 413 413 
314 
140 
42 42 96 96 96 323 
76 162 162 162 
321 
41 41 184 184 260 
72 153 153 244 244 503 503 503 
358 

209 
81 81 81 82 82 165 223 261 261 261 
20 20 20 62 62 71 71 159 253 369 369 428 428 430 
22 22 22 
407 413 
413 413 413 
264 264 385 385 413 
174 413 413 
315 315 315 486 486 
199 199 199 199 
184 184 415 
46 46 145 145 145 150 271 301 301 381 381 381 408 427 427 452 452 452 453 464 464 470 470 
182 182 
222 222 
239 
227 
69 147 173 173 173 236 236 447 
52 52 184 184 184 
27 27 27 47 76 76 459 
67 67 67 281 281 298 298 421 421 506 506 
84 84 
314 314 481 481 
8 196 224 224 
415 432 
402 402 
76 76 76 
5 5 21 31 31 41 41 41 76 76 134 134 151 151 184 256 256 271 271 273 273 307 314 314 411 411 411 450 462 462 490 490 502 
12 12 184 184 202 
236 236 236 267 267 267 
367 367 431 496 
38 38 72 89 90 90 141 141 193 193 193 244 244 326 413 413 466 466 503 
61 
76 76 
186 
174 413 413 
182 182 
118 152 152 262 262 292 292 410 

184 
114 114 181 357 357 390 390 496 496 
137 137 137 
330 330 
306 
68 68 169 169 169 169 
36 106 106 
8 8 8 8 
154 233 250 250 271 271 271 408 417 442 
233 233 271 
222 222 222 

101 101 

134 
0 0 46 64 139 139 339 339 339 395 395 408 408 
286 286 286 413 413 
75 415 415 432 
314 449 449 449 
264 264 334 334 413 
86 86 
124 
487 
22 22 81 81 82 82 142 142 461 461 497 
17 367 367 455 455 455 
271 
305 305 
225 225 
81 495 495 
46 46 46 381 381 
307 
58 58 294 
314 
445 445 
5 5 50 50 50 
110 110 110 247 247 250 250 250 271 
39 159 219 219 274 274 352 352 
427 
6 92 182 182 
39 39 239 239 274 
37 
175 332 413 413 
25 25 26 26 87 87 150 150 158 248 248 271 294 294 297 297 297 306 339 374 381 381 412 470 470 
258 258 
262 262 292 364 
354 354 354 
271 408 
35 35 74 76 77 77 92 92 92 119 128 132 132 141 155 155 161 167 167 168 168 174 175 175 182 187 193 196 196 220 220 243 243 251 286 286 299 314 314 314 317 317 318 318 318 332 333 333 333 334 335 335 358 358 362 362 382 382 385 407 407 439 455 500 500 500 
22 22 108 108 497 497 
37 37 57 116 129 129 177 184 230 230 236 236 236 236 277 277 283 303 338 351 383 383 432 432 432 463 463 
65 65 
250 374 
80 95 95 314 
259 259 259 259 
98 98 441 
347 347 



103 103 296 
291 291 
271 271 282 282 339 339 403 
159 159 330 330 
314 314 314 
330 
357 496 496 
236 236 236 351 383 415 415 415 460 
159 
314 

22 22 

236 236 236 
45 161 161 413 
186 
5 5 18 18 98 98 225 225 225 420 
250 250 271 271 374 468 468 
5 456 
15 15 182 182 
41 41 41 399 399 
56 56 191 
344 

314 314 314 384 384 384 467 467 
41 41 41 156 156 354 462 462 
184 184 
339 339 339 464 
271 271 339 
4 131 219 232 232 
17 17 17 390 390 390 413 
76 184 184 443 462 491 

225 225 
47 47 47 346 
211 236 236 432 
22 389 389 497 
99 354 354 450 450 456 
63 63 75 75 415 415 
339 339 452 
86 86 86 184 184 184 307 
72 72 72 358 358 
215 215 280 280 280 308 308 308 314 314 314 449 449 
123 123 123 442 442 
159 159 511 511 
339 339 408 408 
101 170 170 170 195 195 267 
273 273 
185 185 185 
487 487 487 487 
273 273 
10 10 197 496 496 
39 159 159 159 166 166 227 
76 207 
193 
127 127 127 290 
349 349 
227 
180 222 222 

39 39 302 
31 315 315 315 336 336 489 489 
56 56 56 235 235 235 236 388 474 474 474 474 
184 184 
31 31 120 486 486 
354 354 
126 126 185 185 456 
41 
3 3 
155 155 155 155 
81 81 394 394 
100 100 240 265 265 279 357 367 367 431 431 476 476 
389 414 414 461 
160 

193 193 413 413 413 
54 
354 
234 234 234 325 325 325 358 
5 88 88 
233 233 
347 347 

5 5 

159 159 
159 159 469 469 
