Nodes: 512, Edges: 1215
381 381 
441 441 
28 91 91 111 182 182 183 183 189 189 189 
271 271 271 493 
454 454 
34 48 88 88 105 184 184 198 225 225 255 255 273 273 279 279 354 443 475 504 504 508 
404 404 
233 233 271 327 327 327 327 
313 313 350 373 373 373 
271 
476 476 476 476 496 
264 264 264 
184 184 355 

117 117 184 
182 316 444 444 
24 41 41 41 
390 455 455 
441 441 
104 104 104 
330 
31 354 354 354 
108 331 414 414 436 461 461 
290 290 
16 
408 408 
158 408 
76 168 346 
2 178 183 183 
56 
180 180 222 222 
21 172 184 184 315 315 354 486 489 489 
184 184 
67 
5 
210 210 222 222 309 413 
106 372 372 
406 406 415 415 
358 
62 159 159 166 166 219 219 219 231 231 241 267 267 302 302 330 330 330 402 402 405 477 485 485 485 485 
192 192 236 236 236 249 
16 16 16 99 137 137 151 151 160 184 184 184 324 354 399 445 450 492 492 
321 
193 193 193 
137 137 137 
76 439 439 
64 381 395 
76 76 459 
5 50 50 
236 236 
48 48 
490 
184 184 345 345 345 
225 225 
76 76 299 299 501 
93 93 93 195 236 236 236 
29 191 191 236 304 487 487 
415 
294 294 294 397 
444 444 
104 236 236 236 
81 81 359 359 359 
39 241 330 330 
383 383 383 463 463 
46 381 381 
193 193 362 416 
141 141 
33 192 192 192 347 347 
169 296 371 
236 344 344 
184 184 246 258 258 
330 330 330 
89 89 325 325 358 358 358 466 466 466 
315 

383 463 463 
27 45 47 47 54 54 107 109 184 186 186 186 196 196 199 199 207 208 228 242 242 242 245 245 292 292 299 322 328 328 346 346 353 353 354 360 422 423 440 440 456 478 509 509 509 
196 413 413 
456 
236 236 
314 418 
61 61 82 82 113 184 184 261 261 289 289 329 329 329 389 389 394 394 394 495 495 495 
81 81 121 142 142 143 143 143 389 389 389 
236 236 236 
85 312 348 348 
84 160 160 312 312 348 
198 386 465 465 465 508 
306 306 370 408 408 
5 5 504 
72 72 358 358 358 
358 358 
2 2 
182 182 404 413 413 
55 55 55 
315 315 
418 
314 314 321 321 321 321 
171 171 290 290 290 
420 420 441 441 
41 462 462 
197 476 476 496 
140 140 140 195 471 
117 136 136 216 216 
146 379 379 425 
19 19 19 60 138 236 507 
5 106 184 184 190 190 
36 105 149 190 190 372 
76 
22 414 
76 199 199 
176 176 247 247 401 401 401 
2 182 182 195 195 340 340 
184 
81 
367 367 367 

177 177 184 415 
14 14 102 125 135 135 136 184 184 184 236 
364 364 
222 222 222 413 413 413 
486 486 489 
82 143 143 
314 
468 
232 232 232 232 387 387 454 454 
117 
185 185 185 
480 480 
220 220 220 220 220 413 413 
236 415 
389 
454 
168 413 413 413 
145 145 145 
354 354 
117 117 
102 102 117 
41 41 44 44 44 184 368 368 368 
104 164 236 236 236 237 252 
381 381 
101 101 101 320 
66 66 358 413 413 
82 82 389 
82 82 82 121 121 217 217 

133 133 133 339 339 
103 
236 236 283 344 344 
236 236 236 236 
106 
248 339 408 
41 41 354 354 
213 213 213 292 292 364 
325 325 
374 
413 413 494 494 494 494 494 
450 450 
233 276 
26 194 194 271 408 408 
39 39 188 188 205 205 205 219 219 227 231 231 257 305 330 330 402 402 428 428 433 469 477 477 510 510 510 511 
41 85 85 312 312 498 498 
439 439 


138 
329 329 
39 39 477 477 477 
220 413 413 
27 132 413 413 
68 371 371 374 

97 97 
31 
344 344 
222 222 222 335 335 376 376 413 413 413 
407 413 
110 110 247 
116 116 283 283 300 300 415 415 415 
28 183 183 

30 30 483 
367 367 
2 2 15 92 92 111 111 220 316 340 340 363 444 444 444 
2 2 28 28 178 178 
5 5 12 12 14 31 31 32 32 41 41 41 52 52 70 70 76 81 81 105 105 112 116 117 117 117 137 213 221 221 236 236 246 258 258 260 267 279 279 279 284 289 291 291 292 307 315 324 324 324 338 338 354 354 355 355 366 396 396 409 409 415 415 451 456 456 456 465 465 484 484 484 488 490 
126 126 126 473 473 473 491 491 
76 76 76 245 245 361 440 440 440 
413 
159 159 477 
2 2 2 
105 105 106 106 372 
56 56 236 236 267 267 285 304 446 
40 40 67 67 67 236 236 281 281 281 
43 43 43 65 65 286 358 362 362 413 413 500 500 
158 158 
55 101 111 111 236 236 267 267 
76 76 77 200 200 290 290 290 350 350 373 373 373 
100 240 496 
5 86 
76 76 109 109 207 207 337 337 337 337 
196 196 
236 236 415 
355 355 501 
271 
267 267 268 
159 159 159 
274 274 274 274 
76 199 199 478 
76 
328 328 
35 35 
460 
233 
152 152 152 184 
215 314 
214 314 314 467 
102 102 
143 143 
271 271 
39 39 39 159 159 232 232 274 274 454 454 
128 128 128 128 128 167 182 
184 184 
30 30 35 35 119 119 119 174 174 174 314 341 341 341 376 376 413 413 483 
329 329 
276 276 313 313 350 350 
5 5 53 53 259 377 377 419 419 441 441 458 
292 292 
159 305 305 343 392 392 477 477 477 482 482 
76 292 
295 295 295 509 509 
236 275 415 
39 39 159 159 
124 124 124 124 219 219 454 
7 7 157 212 238 238 271 296 296 374 374 375 375 
503 
487 487 
40 40 40 49 49 55 55 55 56 60 60 60 69 79 79 83 83 83 104 117 129 138 138 138 147 147 148 148 148 148 184 184 191 191 192 192 195 195 201 201 230 237 267 267 267 275 278 344 344 344 351 351 415 415 415 415 432 460 460 487 487 
138 236 
233 233 367 
268 268 342 342 405 
197 476 496 
39 62 
76 76 76 
311 413 494 
325 325 325 358 358 
76 76 186 186 
70 184 
110 110 176 288 401 401 
150 408 408 
40 
374 374 442 
270 270 270 413 413 413 
138 
330 330 330 
283 415 415 415 
5 5 
354 354 
159 375 375 
70 70 184 184 409 409 
225 419 419 419 419 
184 
81 81 329 
364 364 410 
315 315 
11 11 11 334 
496 
271 271 271 
39 39 184 191 191 195 195 204 204 236 236 236 268 268 268 471 
204 239 239 267 267 267 
415 
251 251 251 
3 3 3 7 9 158 203 218 218 233 266 266 266 282 287 297 339 354 374 374 375 375 391 391 391 401 401 408 408 412 427 442 453 

5 5 354 354 472 472 475 
206 206 206 206 219 219 402 402 405 
230 236 
157 224 224 
415 415 
236 
5 5 184 184 184 496 
308 449 467 467 
192 192 192 347 347 421 421 
271 427 427 427 
147 177 177 254 415 415 
184 
191 
193 382 382 382 413 413 
271 
247 
81 81 184 
23 23 97 97 97 196 196 196 480 480 480 
184 184 
76 76 152 152 184 226 226 228 364 
408 408 
58 58 58 397 397 397 408 
229 229 229 
68 233 233 425 
271 408 408 
347 
54 54 76 413 413 
177 177 

39 39 485 485 
415 415 
56 191 
159 227 227 392 392 392 
87 87 370 408 408 
184 354 396 465 465 
280 467 467 467 
35 

243 
84 85 85 160 160 
8 8 224 224 
80 96 96 122 214 215 215 222 317 317 319 319 349 349 354 384 413 418 429 429 429 434 434 449 455 455 467 481 481 
31 31 73 94 94 184 263 263 336 486 
15 182 
314 314 398 413 413 413 
413 413 
314 314 354 
140 396 
42 96 96 96 96 323 
76 
321 
41 184 184 184 
72 72 153 153 244 244 244 503 503 503 503 503 
358 358 358 
7 7 7 7 
76 76 209 209 
81 81 81 165 165 223 223 261 
20 39 39 39 62 62 71 71 71 159 159 253 253 253 369 428 430 
22 
407 413 
413 413 413 
264 385 385 413 
174 174 413 
315 
199 199 199 199 
184 184 415 
145 145 150 271 381 381 381 408 408 408 452 452 464 464 470 
111 111 182 182 
222 222 222 
239 239 
227 
69 69 147 147 173 173 236 236 236 447 447 447 
52 52 52 
27 76 76 459 459 459 
67 67 281 281 298 421 506 
84 84 85 
314 314 481 
8 196 196 224 224 
236 236 432 
402 
76 76 
5 21 21 21 31 41 76 134 134 151 151 184 184 256 256 271 273 273 307 314 319 411 450 450 462 490 490 502 502 508 508 
12 184 184 202 202 

367 367 431 496 496 
38 72 72 72 89 89 89 90 90 141 193 244 244 326 326 326 413 413 413 503 503 
61 61 61 
76 
186 
65 193 193 413 413 413 
182 
118 118 152 262 262 292 
415 
184 
114 114 114 181 181 238 357 357 496 496 
137 137 137 401 
330 
87 306 
68 169 169 
36 36 106 190 
8 8 8 196 196 196 
154 169 233 233 250 250 271 271 442 442 
233 233 257 257 271 271 
174 174 222 222 
225 225 

103 103 

0 0 46 64 64 139 139 339 339 339 395 395 408 408 
286 286 286 413 
63 63 63 75 415 415 432 
314 449 449 449 
334 334 413 413 
86 
124 124 
487 487 487 
81 81 82 82 82 130 142 461 461 
17 455 455 
271 271 271 
227 227 305 305 305 

81 81 81 495 495 
46 381 381 
184 184 307 320 
58 294 294 294 
317 
41 445 

110 110 110 247 247 271 271 368 
39 39 159 159 274 274 352 
427 427 
6 6 92 499 
39 239 274 
37 37 
175 332 
25 25 26 87 87 150 158 158 248 248 271 271 293 293 294 297 297 306 306 339 339 339 381 381 437 437 470 470 
184 184 258 258 
262 
354 
271 
35 77 77 92 92 119 119 119 128 128 132 132 132 141 141 155 155 167 167 168 168 174 174 174 175 187 193 193 222 222 243 251 251 251 286 286 299 299 314 317 317 317 318 318 332 333 333 333 334 335 358 358 358 362 362 362 382 385 385 448 448 
22 22 108 497 
37 37 57 116 129 177 177 177 184 184 201 230 236 236 236 236 254 254 254 269 277 277 283 283 303 303 338 365 383 383 432 432 432 463 
65 

80 95 314 
225 225 259 259 259 259 
98 98 441 441 
281 281 347 
76 
76 

103 296 

271 282 282 282 403 403 
159 159 330 
314 314 314 
330 
357 496 496 
236 351 383 415 415 415 460 460 
159 
314 314 
449 
22 
408 408 

45 45 161 161 
76 76 186 186 186 
1 1 18 18 98 98 225 225 420 420 
250 271 374 374 468 468 
5 
15 15 59 59 182 182 182 
41 399 
191 
344 344 344 
413 413 
280 314 384 384 384 435 467 467 
41 156 156 354 354 462 
184 
339 339 464 464 464 
271 
4 4 124 124 131 219 219 232 
17 17 314 314 390 390 
76 78 184 184 184 462 462 462 491 

225 
47 346 346 346 
211 236 236 432 432 
22 22 389 389 
99 99 354 450 456 456 456 
63 63 75 75 415 
339 339 452 452 452 
86 86 86 184 184 307 307 
72 72 72 
215 280 280 308 308 308 314 449 449 
123 442 442 
159 511 
339 408 408 
101 267 
273 273 475 475 475 
185 185 185 
487 487 487 
5 273 472 472 472 
10 10 10 10 100 100 240 496 496 
39 159 159 166 166 166 188 227 227 227 
76 207 

127 127 290 290 290 
314 314 349 
227 227 
180 222 
184 184 184 
39 39 39 39 302 302 
31 120 120 315 489 489 489 489 
56 56 235 235 236 236 388 388 388 474 474 474 
184 
31 31 120 486 486 486 486 
51 184 354 354 
185 185 456 
41 41 
3 
155 155 155 155 155 243 
81 81 81 394 394 
10 100 197 240 265 279 357 357 367 367 431 431 476 476 
414 
160 160 
404 
193 193 
54 202 
354 354 
234 325 325 325 325 325 358 358 
5 5 88 

347 
104 
5 86 354 354 
76 76 76 229 229 
159 159 159 
159 469 
