Nodes: 512, Edges: 1215
301 381 381 381 
441 
28 28 111 111 182 183 189 
271 271 493 493 
454 454 
34 34 48 48 48 50 50 88 184 184 198 225 225 273 273 354 400 400 400 441 441 441 443 443 458 504 508 508 
404 
233 233 271 271 327 
196 224 313 313 350 

476 476 
264 264 
184 202 
76 76 76 
117 117 184 
182 182 444 
41 41 41 184 184 
390 455 455 455 
441 441 441 
104 
330 
31 354 354 
108 108 108 115 331 331 389 389 414 436 436 
171 290 
76 
408 408 
408 408 408 
76 346 346 
2 2 178 178 183 183 

180 222 222 
21 172 184 184 315 315 354 354 486 486 486 489 
184 184 
67 192 192 192 
5 5 
210 222 309 309 
106 106 269 372 
406 415 
358 358 
62 62 159 159 163 166 166 231 241 241 241 330 330 330 405 405 405 477 477 485 485 485 485 
236 236 236 249 
16 16 16 85 85 99 137 151 156 156 160 160 160 184 324 324 354 354 399 445 445 450 450 450 492 492 492 
321 321 321 
193 193 
137 137 
76 76 413 413 439 439 
339 381 395 
76 76 346 346 459 459 
5 5 5 50 50 
236 
5 5 48 48 400 400 

184 345 345 
225 225 
76 76 299 299 299 501 501 
93 93 195 195 236 236 
191 236 236 304 304 446 
415 
294 294 397 
444 444 
104 104 236 
81 81 359 
39 39 241 241 241 330 
383 383 463 463 
381 381 381 
193 362 416 416 
141 
33 192 281 
169 296 296 371 
236 344 344 
184 
330 330 
89 325 358 358 466 
94 315 
413 413 413 
383 463 
13 13 13 24 27 45 45 47 47 54 54 107 109 109 109 162 184 184 186 196 196 199 207 208 208 228 229 229 242 245 299 314 322 328 328 346 346 353 353 354 354 413 422 423 423 456 478 478 509 
196 413 413 

236 236 
314 314 418 
61 61 82 113 184 261 261 329 329 359 389 389 389 394 
81 121 121 142 143 143 143 329 389 389 389 
236 236 
85 85 312 312 312 348 
41 41 84 84 160 160 312 312 348 
198 198 386 386 
306 306 370 408 408 
5 504 
72 358 
358 

182 182 404 413 413 
55 55 
73 315 
418 418 418 
321 321 321 321 
171 171 171 290 290 
441 441 
41 462 462 462 
197 476 496 496 
140 140 195 378 378 471 
117 117 117 136 136 216 216 
146 379 379 379 
19 60 60 138 236 236 507 
106 106 184 184 184 190 
36 36 105 105 149 149 190 
76 
22 22 22 414 414 
76 76 76 199 
130 176 247 247 247 
2 2 182 182 195 195 340 340 340 340 
184 184 184 
81 
367 367 367 
22 
177 177 177 415 
14 14 102 102 102 135 136 136 184 184 184 236 236 
364 364 364 
222 413 413 413 
486 486 489 489 
82 82 143 143 

468 468 
232 232 232 232 387 454 454 
136 136 136 
185 185 491 491 491 
480 480 480 
220 220 413 
415 415 
110 389 
454 454 
168 168 413 413 
145 145 
354 380 380 380 
117 
102 102 117 117 125 125 125 
41 44 44 184 184 184 368 368 
104 164 164 236 252 
381 381 
101 101 320 
66 358 358 358 413 413 
82 389 389 
82 82 82 121 121 
282 282 282 
133 133 
103 
236 236 236 283 344 344 
236 236 236 304 
106 106 417 
248 408 
41 354 354 
213 213 292 292 292 364 
325 
374 374 374 
413 413 413 494 494 
41 41 450 450 
233 233 276 276 
194 194 271 271 408 408 
39 39 188 188 188 205 205 205 219 219 227 231 305 305 330 402 402 428 433 469 469 469 477 510 511 
41 41 41 85 85 272 312 498 498 
413 439 
76 322 322 
39 
138 138 
329 329 
39 39 477 477 
220 413 413 413 
132 132 413 
68 179 371 
471 471 
23 97 97 97 290 290 290 
31 
344 344 
222 335 335 335 376 376 413 413 
407 407 413 413 
110 247 247 
116 116 116 283 300 415 415 
28 28 183 
169 
30 222 
367 367 
2 15 15 92 92 111 111 363 363 363 404 404 413 444 444 
2 28 28 178 
5 5 12 14 16 16 31 31 32 32 41 52 70 76 76 81 105 105 105 112 112 112 117 117 117 137 137 137 213 221 236 236 246 258 258 258 260 260 260 267 279 284 284 289 289 291 291 307 307 315 315 315 324 324 338 345 354 355 355 366 396 415 415 415 426 426 426 451 451 451 456 456 465 465 465 484 484 488 490 
126 126 473 473 491 
76 245 245 361 440 440 

159 159 159 477 
2 
105 106 372 
56 236 236 267 268 268 268 285 285 304 304 446 
33 33 33 67 281 281 281 
43 43 65 286 286 358 362 413 479 500 500 
158 158 
55 55 101 111 111 236 267 471 
8 76 76 77 200 200 200 290 350 350 373 413 413 
100 240 476 496 496 
5 86 86 279 386 386 386 508 508 
76 109 207 207 207 337 
196 196 196 
236 236 415 415 
12 355 355 
271 271 
267 268 
159 159 159 
274 
76 199 199 199 478 
76 76 
328 
35 
460 
233 
152 152 184 
215 
214 314 314 467 467 
102 102 

271 271 
159 159 232 232 232 274 402 402 402 454 
128 128 167 413 413 
184 
30 30 35 119 174 180 314 314 341 341 376 413 413 
329 
8 276 313 313 350 350 
5 5 53 53 259 377 377 393 393 393 441 458 
292 292 292 
159 305 305 305 305 343 343 392 392 392 477 482 482 
76 245 
76 76 295 295 509 509 
236 303 415 
39 159 
124 124 124 124 219 219 219 
7 7 157 157 212 238 271 271 271 296 296 296 310 310 310 374 375 375 505 
503 
487 
40 40 40 49 55 55 56 56 60 69 79 79 83 83 104 104 117 117 138 147 147 147 148 148 148 184 184 191 191 195 201 201 230 237 237 267 275 275 278 344 344 351 351 356 415 415 415 432 438 460 460 460 487 
236 236 
233 
268 268 268 268 342 
197 476 
39 39 39 62 62 62 
76 423 
311 413 413 494 494 
325 
76 186 186 228 
184 
110 110 110 176 176 288 288 
150 408 
40 
374 374 401 401 442 
270 270 270 270 270 286 286 
138 
330 330 
283 

273 273 354 
375 
184 184 184 
225 419 419 
184 184 184 
81 81 329 
364 364 410 410 
315 315 
11 11 334 
496 
271 
184 191 195 204 236 268 356 356 356 471 471 
191 191 191 204 239 239 239 239 267 
36 415 415 
251 251 251 251 251 
3 3 7 7 158 158 203 203 218 218 233 233 233 266 282 287 287 297 297 327 339 354 368 374 374 375 375 375 391 391 391 401 401 408 408 412 427 427 442 442 453 
160 
5 5 256 256 354 354 472 472 
206 219 402 402 405 405 405 405 
236 236 
157 157 224 
415 415 
236 460 460 
184 198 
308 308 308 467 
67 192 192 192 298 347 347 421 421 
144 144 144 271 427 427 
147 177 254 415 415 
184 184 
191 191 
193 193 251 251 382 382 
271 271 
247 247 
184 184 
23 97 97 171 171 171 196 480 
184 184 426 426 
152 152 152 226 226 226 364 364 364 410 
408 408 408 
58 58 397 397 
229 229 
68 68 233 233 233 425 425 
271 271 408 408 
281 347 347 
54 54 54 76 413 
177 
0 339 339 339 
485 
230 415 
56 56 148 191 191 
159 159 227 227 227 227 392 392 
87 87 370 408 
184 184 354 396 465 465 
280 280 280 
35 35 
233 233 233 
243 424 
84 84 84 85 85 160 
8 8 224 224 
76 80 80 215 215 222 222 317 349 349 354 354 384 384 384 398 398 413 413 429 429 434 434 449 449 455 455 467 467 467 481 
31 31 73 94 184 184 184 263 263 336 336 336 486 486 

314 398 398 413 
413 
354 354 
140 
42 42 42 96 96 96 96 323 323 
76 162 162 
321 321 359 359 
41 41 184 184 
72 153 244 
358 358 358 
7 271 
76 76 209 
81 81 82 165 165 223 261 
20 39 39 39 62 71 71 159 253 253 369 369 369 428 428 430 
22 22 
407 407 407 413 
413 413 
264 385 385 385 413 
174 174 174 413 
315 315 315 
199 
184 415 
46 271 301 301 301 381 408 427 452 452 464 464 464 470 
111 111 111 111 
222 222 
239 
227 227 
69 69 147 147 173 173 236 236 447 447 447 
52 52 184 
27 27 47 47 76 76 
281 281 298 298 421 421 506 506 
84 85 
314 314 481 
8 196 196 224 224 
236 236 432 432 
402 
76 76 456 
5 21 21 31 31 41 41 76 76 134 151 151 184 256 271 273 273 307 314 314 319 319 411 411 411 450 462 462 490 490 502 508 
184 184 202 202 
236 267 267 267 
367 496 
38 38 72 72 89 90 141 141 141 193 326 326 326 466 503 
61 81 323 323 

186 
65 193 413 413 
182 182 182 
118 118 118 152 262 262 292 292 292 410 
415 
184 
114 114 114 181 181 357 390 390 390 496 496 
137 137 271 
330 330 330 
87 306 
68 169 
36 190 
196 
154 154 154 233 250 250 271 271 417 442 442 
233 233 257 271 271 271 
174 174 222 
225 225 
101 101 
103 103 103 
134 134 134 
0 0 0 46 64 64 64 139 139 339 395 408 408 408 
286 286 413 413 
63 63 75 415 415 432 432 463 463 
314 314 314 449 
334 334 334 
86 86 198 198 198 
124 
487 487 
22 22 81 81 81 82 82 82 130 142 142 461 461 
17 367 367 367 
271 271 271 
227 227 227 305 305 
225 225 225 
81 495 495 
46 381 
184 307 
58 294 294 
314 314 317 317 
41 445 445 
5 5 5 50 50 
250 250 271 271 
159 159 219 219 219 274 274 352 

6 92 182 182 
39 39 39 274 274 274 274 
37 
175 175 332 332 332 
25 25 26 26 26 87 87 150 158 158 248 271 271 293 293 293 297 297 306 339 381 381 381 412 412 437 470 

262 262 292 364 
354 354 354 
271 408 408 
45 45 74 74 74 76 77 77 92 92 119 119 119 128 132 132 141 141 155 155 155 161 167 167 167 168 174 174 175 175 182 193 196 196 220 220 222 222 243 243 299 314 314 317 318 332 333 333 334 335 362 362 382 382 439 448 448 455 455 500 500 
22 108 108 497 497 497 
37 57 116 129 129 177 177 184 184 184 201 201 230 236 236 236 269 269 277 277 283 283 303 338 365 383 383 432 432 463 463 
65 65 
149 374 
80 95 95 95 
259 259 
441 441 
281 281 347 347 
76 
76 76 242 
311 
296 296 
184 184 184 291 291 
271 271 282 282 339 
159 330 330 
314 314 
330 
496 
236 351 351 383 383 415 415 460 460 460 
159 
314 314 

22 22 
408 
236 470 
45 45 161 413 
186 186 
1 5 5 5 18 18 18 98 98 225 420 420 
250 271 271 374 374 468 468 
5 5 456 
15 59 59 182 182 
41 41 399 399 
56 191 
344 344 344 
413 413 
314 314 384 
41 41 41 156 156 354 462 
184 184 184 
339 339 464 464 
271 
4 4 124 124 131 131 219 
17 17 17 314 314 413 413 
76 184 184 353 443 462 462 462 462 491 

5 225 
47 47 
211 236 236 236 278 278 432 432 432 
389 389 497 497 
99 99 99 354 354 450 456 456 456 456 
63 63 75 383 383 415 415 
339 339 339 452 452 
184 184 184 307 307 
72 358 
215 215 280 314 314 314 
123 123 442 442 
159 159 159 
339 408 438 
101 170 170 195 267 267 
273 273 475 
185 185 
487 487 
472 
10 10 100 197 240 496 496 
39 39 159 166 166 188 227 
76 76 207 
193 
127 127 127 290 
314 349 
227 227 

184 184 
39 39 39 39 302 
31 31 31 120 120 315 315 
235 236 388 388 474 474 
184 
31 120 120 
184 354 354 
126 126 126 185 456 
41 41 41 
3 3 
155 155 243 243 
394 394 
100 100 197 197 265 357 367 367 431 476 476 
414 414 414 461 461 
160 160 

193 193 413 413 
54 54 
354 
234 358 
5 88 
233 
347 347 
104 
5 5 198 198 354 
76 229 229 
159 
159 
