Nodes: 512, Edges: 1215
381 
441 441 441 
28 28 91 111 182 182 182 183 
271 271 493 493 
454 454 
34 34 48 48 50 50 88 88 105 184 184 198 198 225 225 255 273 273 273 279 279 354 354 354 400 400 441 441 441 443 443 475 475 504 508 508 
404 
233 233 327 
196 224 224 313 313 350 373 373 

476 476 476 476 
264 
184 202 355 355 355 
76 76 76 
52 117 117 184 

24 41 41 41 41 

441 441 441 
104 
330 330 
31 354 354 354 
115 115 331 389 414 414 
290 290 290 
16 76 
408 408 
158 408 
76 168 346 346 346 
2 2 178 178 183 183 
56 56 56 
180 180 222 
21 172 172 184 184 315 315 354 354 486 486 
184 184 
67 67 192 192 
5 5 
210 210 222 222 309 413 413 413 
106 372 372 372 
406 406 415 

62 159 159 163 163 166 166 231 231 402 402 405 477 477 
192 236 236 236 249 
16 16 16 16 85 85 99 99 99 137 137 156 156 160 160 184 324 354 354 399 445 445 450 450 492 492 492 
321 321 323 
193 193 
137 137 
439 439 
64 64 339 381 395 
76 346 346 346 
5 5 50 50 50 

5 5 48 48 48 400 
490 
14 184 345 345 
225 225 225 
76 76 299 299 299 
93 195 236 236 
29 29 29 191 191 191 236 304 304 446 
415 
294 294 294 397 397 
444 
104 236 
81 359 
39 241 241 330 
383 
46 46 381 
362 362 416 416 416 
141 141 
33 33 192 192 281 281 281 347 347 347 
169 169 169 
236 236 344 344 
184 258 258 
330 330 330 
89 89 325 325 466 466 
94 94 94 315 315 

383 383 463 
13 13 13 24 27 47 54 54 107 107 109 109 162 184 184 186 186 196 196 196 199 199 207 208 208 229 229 242 245 245 292 299 314 322 328 346 353 354 354 360 360 360 413 423 423 423 440 440 440 456 478 509 
413 

236 
314 314 
61 113 184 184 261 359 359 389 389 389 394 394 394 495 
121 121 142 143 143 329 329 
236 236 236 
85 85 312 348 
41 41 84 84 160 160 312 312 348 
198 198 198 386 386 465 465 
306 306 306 370 370 408 408 
5 5 504 
72 72 358 

2 
182 404 
55 
73 73 73 315 
418 418 418 
321 321 321 321 
171 171 290 290 
420 
41 41 41 462 462 
197 476 496 496 
140 195 378 471 
117 136 216 216 
146 146 146 379 379 379 425 425 425 
19 60 138 138 236 236 236 507 507 
5 106 106 106 184 
36 105 105 105 149 372 
76 76 

76 76 199 199 
130 176 176 247 401 
2 182 195 195 340 340 340 340 
184 184 
81 
367 
22 22 
177 177 184 
14 14 102 135 135 136 136 136 184 184 236 236 
364 364 
122 222 
486 489 
82 82 
119 314 
468 468 
232 232 232 387 387 454 454 

185 185 491 491 
480 480 
220 220 448 448 
236 415 
110 177 177 
454 454 
413 413 
145 145 145 
354 354 380 380 380 
117 117 
102 117 117 117 
41 41 44 44 184 368 368 
104 104 164 236 236 237 252 
294 381 381 
101 320 320 
66 66 358 413 413 
82 389 
82 82 217 
282 282 
133 133 133 339 339 
103 103 103 
236 236 344 344 
236 236 236 304 389 
106 250 417 
248 248 339 408 
354 354 
213 292 292 364 364 
325 
374 374 
413 494 494 
41 41 450 450 
276 374 
26 194 271 408 
39 39 188 188 205 219 231 305 305 330 402 402 428 433 469 477 510 510 510 511 
41 41 85 85 272 272 312 312 312 498 498 
413 439 439 439 
76 322 
39 39 
138 
329 
39 39 477 
220 220 220 413 413 
27 413 
68 68 68 179 371 371 371 
471 471 471 
97 97 290 290 
31 31 

222 222 335 335 413 413 
407 407 407 413 413 413 
110 110 247 247 
116 116 130 130 283 283 283 300 415 415 
28 28 183 
169 
30 30 222 222 483 
367 367 
2 2 2 92 111 220 220 340 363 363 404 413 413 413 444 444 
2 28 28 178 
5 5 12 14 31 31 32 32 41 52 70 76 76 81 81 105 112 112 116 117 117 137 213 221 221 236 246 258 258 260 267 267 279 289 289 292 307 315 315 315 324 324 338 338 345 345 354 354 354 355 366 366 409 415 426 451 465 465 465 484 488 488 490 490 
126 126 473 473 491 491 
76 76 245 440 440 
413 
159 159 477 

372 
56 56 56 236 236 267 267 267 268 285 304 446 
33 33 40 67 67 236 236 236 281 
43 43 286 358 358 413 479 500 500 
158 
55 101 111 111 236 236 267 267 
8 76 76 76 200 290 290 290 350 373 413 
100 
5 5 86 86 86 279 386 386 508 
76 76 109 109 207 337 
196 
236 415 415 
12 355 501 
271 271 
267 267 
159 
274 274 274 274 
76 199 478 
76 76 
328 328 328 
35 35 309 309 
460 
233 233 233 
152 184 
215 215 314 314 314 
214 214 314 467 
102 102 
143 

159 232 274 274 402 454 
128 128 167 167 167 182 182 413 413 
184 184 
30 35 35 119 174 174 180 180 341 341 376 376 413 413 413 483 
329 329 
8 8 276 276 276 350 
5 5 53 53 53 259 377 377 441 441 458 458 458 458 
292 
305 305 305 392 392 482 482 482 
245 
76 76 295 295 509 
236 275 275 303 303 415 
39 39 159 
124 124 124 219 
7 7 212 212 212 238 271 296 310 310 374 375 505 505 
503 
487 487 487 
40 40 40 55 55 56 60 69 69 79 83 83 83 104 104 104 117 117 129 138 138 147 147 148 148 148 184 191 191 192 192 192 195 195 201 230 237 237 237 267 275 275 275 278 278 344 344 344 351 351 356 356 415 415 415 415 432 432 438 438 487 487 
138 236 236 236 
233 
342 342 405 405 
357 476 476 
62 62 
76 
311 413 413 413 
325 358 358 
76 76 186 228 
184 
110 176 176 288 288 288 401 
150 150 408 
40 
149 374 401 401 417 
270 270 413 413 
138 
330 
283 283 283 
5 
273 273 354 354 354 
375 375 375 
70 70 184 184 409 409 
225 419 419 419 
184 324 
81 329 
364 364 410 410 
315 315 
11 385 385 385 
496 496 
271 271 
184 184 191 191 191 195 195 204 204 236 268 268 356 471 471 471 
191 267 267 
415 415 
251 251 
3 3 158 203 203 233 266 266 282 282 282 287 287 327 339 374 374 374 375 375 391 401 408 408 412 412 427 442 442 453 
160 160 
5 5 5 256 256 354 472 472 475 475 
206 206 206 206 219 219 402 402 402 405 405 405 
230 230 236 236 236 
157 224 224 224 
415 
236 236 460 460 460 
5 5 184 198 496 496 496 
449 449 467 467 
67 67 67 192 298 347 421 421 
144 144 271 271 271 427 427 
177 177 177 254 254 254 415 

191 
193 382 413 
271 271 
247 247 247 
184 184 
23 23 23 97 97 171 171 196 196 196 480 480 
426 
76 152 152 184 226 364 364 410 
408 408 408 
58 58 58 139 397 397 
229 229 
233 425 425 
408 408 408 
281 347 
54 54 54 76 413 
177 
339 
485 485 
230 230 415 415 
56 56 148 191 
159 159 227 227 227 392 
87 87 87 370 370 370 408 408 
184 354 396 465 465 
467 467 
35 210 210 
233 233 
243 
84 85 85 160 160 160 
8 8 
76 80 80 122 214 214 214 215 317 317 319 319 349 349 349 354 354 384 398 413 413 418 418 418 429 429 429 434 434 449 449 449 449 455 467 481 481 
31 31 73 73 94 184 184 184 263 263 486 486 

314 314 398 398 
413 413 
314 314 354 354 354 
140 140 396 
42 42 96 96 96 96 
76 162 
42 359 359 
41 184 184 260 
72 72 153 244 503 503 

7 271 
76 209 209 209 
82 82 165 223 223 261 
20 20 62 71 71 71 159 253 428 428 
22 
407 407 413 413 413 
413 413 
385 385 413 
174 174 
486 486 
199 
184 184 415 415 
46 145 145 150 271 301 381 381 381 408 408 427 464 470 
111 111 111 111 182 
222 222 
239 239 

69 69 147 147 236 236 236 447 
52 52 184 184 
27 27 27 47 47 47 76 459 459 459 
67 67 67 281 298 421 421 506 506 
84 85 
314 314 314 
8 196 224 
236 236 415 432 432 432 
402 402 402 
76 456 456 456 
5 5 5 21 21 21 31 31 41 41 76 76 134 134 151 151 184 184 184 256 256 256 273 307 314 314 319 319 319 411 411 450 462 462 490 502 502 508 
12 12 12 184 202 
236 236 267 
240 431 431 496 496 
89 141 193 193 244 244 413 413 466 
61 81 81 323 323 
76 76 76 

65 65 413 
182 182 
118 118 152 152 262 262 292 292 410 410 
415 
184 184 
114 181 181 390 496 
137 137 401 

87 87 306 306 306 
169 169 169 
36 36 36 106 190 
8 8 196 
154 154 157 233 250 271 271 271 408 408 442 442 
233 257 257 257 271 271 
222 222 
225 225 
101 
103 103 103 
134 134 134 
0 46 64 139 139 339 339 339 395 408 408 408 
286 413 
63 75 75 415 415 463 
314 449 449 449 
264 264 264 334 334 413 
86 86 198 198 
124 124 
487 487 
22 81 81 81 142 148 461 461 461 497 497 
367 455 455 455 
271 
227 227 305 

81 81 81 495 
46 381 
307 320 
58 58 294 294 
314 317 317 
41 445 445 
5 5 50 
110 247 250 250 271 368 
39 39 159 159 219 274 274 274 352 352 352 
427 
6 92 182 499 
39 239 239 274 274 274 
37 37 
175 175 175 332 332 413 
25 25 26 87 87 150 158 248 271 271 293 293 293 297 297 297 306 306 339 339 374 374 381 381 381 412 437 437 470 
184 258 258 
262 262 292 364 364 
354 354 
271 271 408 
35 35 35 76 77 132 132 141 141 155 161 167 167 168 174 174 175 175 175 182 182 182 187 193 196 220 220 222 222 222 243 243 243 251 251 286 299 314 314 318 318 332 332 332 333 333 334 358 358 362 382 385 407 439 439 448 455 455 500 
22 22 497 
37 57 129 177 177 184 201 201 230 236 236 236 236 269 269 277 283 303 303 338 338 351 365 383 383 432 463 463 
65 65 65 
149 250 
95 95 95 314 314 314 
259 259 259 
98 441 441 441 
281 281 347 347 

76 76 76 

103 103 103 296 296 
184 291 
271 282 282 339 403 
159 330 330 
314 314 314 

357 357 496 496 496 
236 236 351 351 351 415 460 460 
159 
314 314 
449 449 

408 408 
236 236 
45 45 161 161 161 413 413 
76 76 76 186 186 
1 1 1 5 5 5 18 18 18 225 225 420 420 420 
271 271 374 374 468 468 
5 5 
59 182 182 
41 41 399 399 
56 191 
344 
128 128 413 
280 280 314 314 314 314 384 384 384 435 435 467 
41 41 156 156 354 462 462 
184 
464 464 
271 
4 4 124 124 131 131 219 
314 390 390 390 413 413 
76 353 353 353 462 462 462 462 491 491 

225 225 225 225 
346 346 346 
211 278 278 278 432 432 
389 389 389 497 497 
99 99 354 354 450 450 456 456 456 456 
75 383 415 415 
339 452 452 
86 86 184 184 184 307 307 
72 72 358 
215 280 280 308 308 314 449 
123 123 442 442 
159 511 511 511 
339 408 
101 170 170 170 267 267 267 
273 273 475 
185 185 
487 487 487 
5 5 273 273 472 
10 10 10 10 100 240 240 496 
39 39 159 166 188 
76 207 
193 
127 127 290 290 
314 314 
227 227 227 
180 222 
184 
302 302 
31 31 120 315 315 336 336 489 489 489 489 
235 235 235 236 236 388 388 474 474 474 
184 184 
120 486 486 486 486 
51 184 184 354 
126 126 185 185 456 456 
41 41 41 
3 3 
155 155 
81 394 
100 100 265 265 279 279 279 357 357 367 431 431 431 476 
389 389 414 461 461 
160 160 
404 
193 193 413 
202 
354 354 
234 325 325 
5 88 
233 233 
347 347 
104 104 
5 5 198 354 
76 229 
159 159 159 
159 469 469 469 
