Nodes: 512, Edges: 1215
381 381 
441 441 441 
91 91 182 182 183 183 189 
493 
454 454 
34 48 48 48 50 88 105 184 184 198 198 225 225 255 255 279 354 400 475 504 504 

233 271 271 271 327 327 327 
196 224 224 313 313 373 373 373 
271 271 
476 476 496 
264 
202 355 355 
76 
52 117 117 
182 444 
41 41 184 
390 455 455 455 
441 441 441 
104 
330 330 330 330 330 
31 354 354 354 354 
108 108 108 115 115 331 331 331 389 389 414 414 436 436 461 
171 290 
76 76 
408 408 408 
158 158 408 
76 76 76 168 346 346 
178 183 183 
56 
180 
21 172 184 184 315 354 486 486 489 
184 184 
67 192 
5 
222 309 309 413 413 413 
106 372 372 
406 415 
358 358 358 
62 159 219 219 231 241 302 330 330 405 405 477 477 485 485 485 
192 192 236 249 249 249 
16 16 85 99 99 99 137 137 156 156 156 160 184 354 354 445 445 445 450 450 450 492 492 
321 
193 193 193 
137 137 
76 413 439 
64 64 381 395 
76 76 76 459 
5 5 5 
236 236 
5 
490 490 
14 184 345 345 345 
225 
76 299 
93 93 93 236 236 
29 191 236 236 236 304 304 446 446 487 

294 397 397 
444 444 
104 104 236 
81 81 359 359 359 
39 241 241 241 330 
383 383 463 463 
46 46 381 
362 416 
141 141 141 
33 192 192 281 281 347 
169 296 296 
236 344 344 344 
184 246 246 246 258 
330 330 
89 325 325 358 466 466 
94 94 94 94 315 

463 463 
13 24 24 27 27 27 45 47 47 47 54 107 109 109 162 162 184 196 199 199 207 207 207 208 208 228 229 229 242 245 245 292 299 314 314 322 322 322 328 328 346 353 354 354 360 413 422 423 423 440 456 478 478 
196 413 413 413 

236 
314 314 314 418 418 
61 61 82 82 82 113 184 184 184 261 261 289 329 329 329 359 359 394 394 394 495 495 495 
81 81 81 121 121 121 143 143 329 329 389 389 389 
236 236 236 
85 312 348 348 
41 84 160 312 348 348 
386 386 386 465 465 
306 306 370 370 408 408 
5 504 
72 358 358 
358 358 
2 2 
182 182 404 404 404 
55 55 55 
73 73 73 73 315 315 
418 
314 
171 290 290 
420 420 441 
41 41 41 462 462 
197 197 197 476 496 
140 195 378 471 471 471 
117 136 136 216 216 216 
146 146 379 379 425 425 
19 60 60 138 236 236 507 507 
5 106 106 184 184 
36 105 105 190 190 372 
76 
22 22 22 
76 76 199 
130 130 130 176 176 176 247 401 401 
182 182 195 195 340 340 340 
184 
81 
367 367 367 
22 22 
177 177 177 177 184 184 415 
14 14 102 125 135 135 136 184 236 
364 364 364 
122 122 222 222 413 
486 
82 82 82 143 143 
119 119 
468 468 
232 387 387 387 454 
117 136 
185 185 491 

220 413 413 448 448 448 
415 415 415 
110 110 110 
454 
168 413 413 413 
145 
354 
117 117 
102 102 117 125 
41 41 44 44 184 184 368 
104 164 164 164 236 252 
381 381 
101 320 320 
66 66 66 358 358 358 413 

82 82 121 121 217 217 
282 
133 339 339 
103 103 
236 236 236 283 344 344 
236 236 236 236 304 304 
250 417 
248 248 339 408 408 
354 
213 213 292 292 364 
325 
374 374 
413 413 494 
41 41 41 
276 276 
26 26 194 194 194 271 271 408 408 408 
39 188 188 205 205 205 219 219 231 257 305 305 305 330 402 428 433 469 469 477 477 510 510 511 
41 85 272 272 312 498 
413 413 439 
76 76 

138 138 138 
329 329 329 
477 
220 
27 132 413 
68 296 371 
471 471 
23 97 290 
31 
344 344 344 
222 222 335 376 376 376 413 
407 407 
110 110 110 
116 116 116 116 269 283 300 415 415 
28 183 183 

30 222 222 483 

2 2 15 92 92 111 111 220 316 363 413 444 444 
2 2 28 28 178 178 
5 5 16 31 31 32 32 41 52 70 76 81 81 81 105 105 112 116 116 117 137 137 213 221 236 236 236 246 246 258 258 260 260 267 279 284 284 284 289 291 291 292 292 307 315 315 338 355 355 366 366 396 409 409 415 426 426 426 451 451 456 456 465 484 484 484 488 490 490 
126 126 473 491 491 
245 245 440 
413 413 
159 159 477 477 477 
2 
106 106 372 372 
56 236 236 236 267 267 267 285 285 304 446 
33 40 40 67 67 236 236 281 281 
43 43 43 286 358 362 362 413 413 500 
158 158 158 
101 111 111 236 236 267 267 471 471 
8 76 77 200 290 290 350 350 373 373 373 
100 100 100 240 476 496 
5 5 386 508 
76 76 109 207 207 337 337 337 
196 
236 415 
12 355 
271 271 
267 268 
159 159 159 
274 274 274 
76 76 76 199 199 478 478 
76 76 
328 328 328 
309 
460 460 
233 233 233 
152 152 184 
215 314 314 
214 314 467 467 
102 102 102 
143 143 
271 271 
39 39 159 159 232 232 274 274 402 454 454 
128 167 182 413 413 413 
184 
35 119 119 174 174 180 180 314 314 314 341 376 413 413 483 483 483 
329 
8 8 276 276 313 
5 5 53 259 259 259 377 377 393 419 419 441 441 458 
292 292 
305 305 305 343 343 392 392 477 477 482 482 482 482 
76 245 
76 76 295 295 509 509 
303 303 415 
39 159 
124 219 219 454 
7 212 212 212 271 271 271 296 296 310 310 374 374 
503 503 
487 
40 49 49 55 55 56 56 56 60 69 79 83 83 83 104 104 117 138 147 147 147 148 148 148 148 184 184 184 191 191 191 192 192 195 195 201 237 267 267 275 275 278 278 344 344 344 351 351 356 356 415 415 415 415 415 432 438 460 460 487 487 
236 

268 268 342 
197 476 476 
39 62 62 62 
76 423 
413 
325 
76 76 186 186 228 
70 70 70 184 184 
110 288 288 401 401 
150 150 408 408 
40 40 40 
149 374 401 417 417 
270 270 270 286 413 
138 
330 
283 283 
5 5 
273 273 354 
159 375 375 375 
70 184 184 409 
225 225 225 419 419 
184 184 
81 81 329 329 
364 410 410 410 
315 315 315 
11 385 385 

271 271 271 
184 191 191 191 195 195 204 236 236 268 356 471 471 
204 239 239 267 
177 415 
251 251 251 
7 7 7 9 9 158 158 203 203 218 218 233 233 233 266 266 266 282 287 297 339 354 354 354 368 374 374 375 391 391 401 408 408 408 427 427 427 442 453 
160 160 
256 256 354 354 472 475 
206 206 206 219 219 402 405 405 405 405 
236 236 
157 157 224 224 
415 415 
236 236 460 460 460 460 
5 184 496 496 
449 449 449 467 467 
67 67 192 192 298 298 298 347 347 421 421 
144 271 427 427 
147 177 254 254 
184 184 184 
191 191 
193 251 382 382 382 413 413 
271 
247 247 
81 184 
23 97 97 171 196 196 480 
184 184 426 
76 152 152 184 184 226 226 364 364 410 410 410 
408 
58 408 408 
229 229 
68 68 169 233 233 425 425 
271 408 
281 281 281 347 347 
54 76 413 
177 
339 
39 485 485 
230 230 415 415 
56 56 148 148 191 
159 159 159 227 227 227 
87 87 408 
184 396 396 465 465 
467 
35 35 210 
233 233 

84 85 160 
8 8 224 
76 76 80 80 80 96 214 214 215 222 222 222 317 317 317 319 319 319 349 354 354 354 384 384 398 398 398 413 413 418 429 429 434 434 449 449 455 467 467 481 481 
31 73 94 94 184 184 263 263 263 336 336 486 486 
182 
314 314 314 398 413 
413 413 413 
314 314 314 354 354 
140 140 396 
42 
76 76 76 

459 
72 72 153 244 503 
358 358 
7 7 7 
76 76 209 209 209 
81 81 81 82 82 165 165 165 223 261 261 
20 20 20 20 20 39 39 62 71 71 159 253 369 428 428 428 430 
22 22 22 
407 413 413 
413 
385 413 
174 413 413 
315 315 486 
199 199 199 
184 415 415 446 
145 145 150 271 301 381 381 408 408 408 452 452 464 464 
111 111 111 
222 
239 
227 227 
69 69 69 147 147 173 173 173 236 236 236 447 447 
52 52 52 
27 27 76 459 
67 281 281 298 298 421 506 506 506 
84 84 85 85 
314 481 481 
196 196 
236 236 415 432 432 432 
402 402 482 
76 
5 21 21 21 21 31 41 41 76 76 134 151 256 271 271 271 273 273 314 314 314 319 319 450 462 462 490 490 502 502 502 508 508 
12 12 184 184 202 
236 236 267 
367 431 431 496 
38 38 38 72 89 89 90 90 141 141 141 193 326 326 413 466 503 
61 61 61 81 81 
76 

65 193 193 413 413 
182 
118 118 118 152 262 292 292 410 410 410 
415 415 415 
184 184 
114 114 114 357 390 390 390 496 496 
137 271 
330 
87 87 
169 
36 36 106 190 190 
8 8 8 196 196 196 
154 154 233 233 250 271 271 408 408 442 
257 257 257 271 
174 174 174 222 
225 225 
101 
103 103 

0 0 46 64 139 139 339 339 395 395 395 408 408 
286 286 286 413 413 
63 63 415 432 463 463 
314 314 
264 264 334 
86 86 86 198 
124 124 124 
487 
22 22 82 82 82 461 461 461 497 
17 367 367 367 455 
271 271 
227 227 
225 
81 81 81 495 495 495 
46 381 381 381 
184 307 307 320 
58 58 
314 314 314 317 
445 445 
5 
110 110 247 247 250 271 
159 219 274 352 352 
427 
92 92 92 
39 39 274 274 274 274 
37 
175 175 332 413 413 
25 25 25 26 87 87 150 150 158 158 158 248 248 271 271 271 293 294 294 297 306 339 339 339 374 374 381 381 412 437 437 470 
184 184 258 
262 262 262 292 292 292 364 364 364 

408 
35 35 35 45 76 77 77 77 119 128 128 132 132 132 141 155 155 161 161 168 174 182 187 187 193 193 220 220 220 222 222 243 251 286 286 299 314 314 317 318 318 318 332 332 333 334 335 335 358 362 362 382 382 407 407 448 455 455 455 500 
22 22 497 497 497 
37 116 129 129 129 177 177 184 201 230 236 236 236 236 236 269 277 277 303 303 338 338 351 365 365 365 383 432 432 463 463 
65 
149 250 250 
80 80 95 314 
225 225 259 259 
98 98 441 
281 281 347 
76 
76 76 242 

103 103 296 296 
184 184 184 291 
271 271 271 282 282 403 
159 330 330 330 
314 314 
330 
357 357 496 
236 351 351 351 383 415 415 460 460 
159 
314 314 

22 22 
408 408 
236 
45 161 
76 186 
1 1 1 18 18 18 98 225 225 420 
271 374 

15 59 59 182 182 
41 41 41 399 399 
56 56 191 338 
344 344 
128 128 128 413 
280 280 280 314 314 467 
41 41 41 354 462 
184 184 
339 339 464 
271 
4 4 124 131 219 219 232 
17 17 17 314 390 413 413 413 
76 184 184 462 462 462 462 491 491 

225 
47 324 346 
211 211 236 236 278 278 278 278 432 432 
22 389 389 389 497 497 
99 99 354 354 450 456 456 456 456 
63 63 75 75 383 383 415 415 
339 339 452 
86 86 184 307 307 
72 72 358 
215 215 280 280 308 314 314 449 
123 123 
159 159 511 
408 
101 101 101 170 170 195 195 267 267 
273 475 475 
185 
487 487 487 
5 273 472 472 
10 10 100 197 240 240 496 496 
39 39 159 159 166 188 188 188 227 227 
76 76 207 207 

290 
314 314 349 349 
227 227 227 227 352 
180 222 222 222 
184 184 184 
39 39 39 302 302 
31 31 120 315 315 336 489 489 489 489 
56 235 236 236 388 474 474 474 
184 
31 486 486 486 486 
51 51 184 184 354 354 
126 185 185 456 456 
41 41 
3 
155 
81 81 81 394 394 394 
10 100 197 279 279 357 367 367 431 476 476 
389 414 414 414 461 461 
160 

193 413 

354 354 354 
234 234 325 358 
5 5 88 

347 347 347 
104 104 
198 354 354 
229 229 
159 159 
159 469 
