Nodes: 512, Edges: 1187
381 
441 441 441 
28 28 28 91 111 182 182 183 183 
271 271 493 

34 48 48 50 88 88 184 225 255 273 273 279 354 354 354 400 400 441 443 443 443 504 504 508 
404 404 
233 271 271 
196 196 313 313 350 350 
287 287 287 
476 476 
264 
184 184 202 355 

184 184 
59 59 59 182 182 444 

390 455 
420 441 
104 
428 
31 
108 108 331 331 389 389 414 414 414 436 461 461 497 497 
290 290 
76 
408 
158 408 408 
76 346 346 346 
2 2 2 178 178 178 183 
56 56 56 
180 222 222 483 483 483 
21 172 172 184 184 279 279 279 315 315 315 354 486 489 
184 184 
67 67 192 192 
5 
158 210 413 
106 
57 406 415 
358 
159 159 159 163 163 219 231 231 241 302 302 330 402 405 477 485 485 485 
192 192 249 249 
85 99 137 151 156 160 160 184 184 184 324 324 354 354 354 399 457 457 492 492 
321 323 323 
193 
137 
413 413 439 
64 64 381 395 
76 78 346 346 346 
5 5 
236 
5 400 400 
484 490 490 490 
184 184 345 345 345 
225 225 
76 299 501 501 
93 195 195 236 
29 29 29 191 236 304 304 474 
37 415 
294 397 397 
15 15 15 444 444 
104 104 104 236 
81 359 359 359 

383 463 463 
46 46 395 
193 362 416 
141 
33 33 192 192 281 347 
169 169 179 179 296 296 371 371 371 
236 344 344 
184 184 184 258 258 
369 
325 325 358 466 466 
94 315 315 
413 448 448 
463 
24 27 47 54 78 78 78 96 96 96 107 107 162 184 186 199 199 207 207 207 208 208 228 229 229 245 245 245 245 292 295 295 295 295 299 299 299 314 319 319 319 319 322 328 346 413 413 423 423 440 440 456 478 509 509 
196 413 413 
47 76 76 76 
104 
314 418 418 418 
61 82 113 184 184 261 289 289 329 359 359 389 495 495 
81 121 142 165 165 165 389 389 
104 104 104 104 236 236 236 236 438 438 438 
85 312 312 312 348 348 348 
41 84 160 312 348 348 
198 198 198 198 508 508 
306 370 408 408 408 
5 5 
358 
325 
2 
182 182 404 404 404 413 
55 
73 315 315 
418 
76 76 76 
171 171 171 290 290 290 
420 420 441 441 441 
41 354 354 
476 496 496 496 496 
140 140 378 471 471 
136 136 216 216 
146 146 379 379 425 
19 60 60 60 79 83 83 83 83 138 236 237 507 507 
184 184 190 190 190 372 
36 190 190 372 372 
76 76 
22 22 414 
199 199 
176 247 247 401 401 401 
2 182 182 
184 184 
81 
367 367 

184 415 
125 125 125 135 135 184 184 236 
152 152 364 364 
122 122 222 222 222 413 
486 
82 143 
119 119 222 
468 468 468 
232 232 387 387 387 454 
117 117 117 136 136 136 
185 
480 
413 413 448 448 448 
236 415 415 415 

454 
168 168 

354 354 380 380 
117 117 
102 102 125 125 125 
41 44 184 
104 164 236 236 
381 381 
101 101 320 320 320 
66 196 196 358 
82 
121 217 217 
282 282 
339 339 
103 103 379 379 
236 344 
191 
417 
248 248 408 408 
41 354 
118 118 292 
325 325 325 
374 
413 413 
41 399 
233 233 276 276 425 425 425 
26 35 194 194 194 271 
39 39 39 188 188 205 227 231 305 330 330 402 428 428 469 477 510 511 
41 41 85 272 272 312 498 498 498 
413 413 439 439 
76 
39 39 
138 
82 82 82 329 
477 
413 413 500 
132 132 413 
68 68 233 233 296 296 425 
471 471 471 
97 97 97 290 290 290 480 480 480 
31 31 
344 344 
222 335 335 
187 187 187 
110 247 247 
300 300 415 415 415 
28 28 28 
68 68 
30 222 222 
367 367 
2 2 15 15 92 92 111 111 340 363 404 404 413 
2 2 28 
5 12 12 14 14 31 31 32 32 41 41 41 52 52 70 70 70 76 81 81 105 105 112 112 116 117 117 137 213 221 236 246 246 258 258 258 260 267 267 279 279 284 284 284 289 291 292 307 315 324 345 345 345 354 354 354 366 396 396 415 415 426 426 456 465 488 488 490 
126 491 
76 245 440 440 440 
175 175 175 413 413 
159 159 477 477 
351 
105 105 105 106 106 372 372 
56 148 236 236 236 285 285 304 446 446 446 
33 33 40 40 67 67 236 236 281 
43 65 251 251 251 286 358 362 362 413 413 479 500 
158 158 158 
55 55 236 267 267 471 
8 8 77 141 141 200 200 290 290 290 350 350 350 373 422 422 
496 496 
86 86 86 86 508 
76 76 109 109 314 314 
196 196 
236 236 236 415 
12 355 355 

267 267 268 268 
159 
405 405 
76 76 76 478 
76 76 
328 
35 309 309 
236 
238 238 238 238 310 310 
184 
215 314 314 
214 314 467 467 
102 102 
143 143 
271 
39 232 232 274 454 
494 
184 
30 30 119 119 119 122 174 180 180 314 341 376 376 376 413 413 483 483 499 499 
329 329 329 
313 313 350 
5 53 53 259 259 259 377 377 393 393 419 419 419 458 
292 
159 257 337 337 337 343 343 477 477 
76 245 
76 76 295 295 360 360 360 
275 303 303 406 406 406 415 
39 39 159 
124 124 219 219 390 390 454 454 454 
7 157 157 169 169 238 238 238 271 271 287 287 287 287 296 296 374 374 374 375 375 505 
503 503 
487 487 
49 55 56 60 69 83 83 83 83 104 117 129 138 138 147 184 191 191 191 192 192 195 201 201 201 211 252 267 267 267 275 275 278 283 283 344 351 415 415 432 432 460 460 487 487 
104 
212 212 212 212 233 233 233 
342 405 405 
279 476 476 496 496 
39 430 430 

311 311 413 413 424 424 494 494 
325 325 358 
76 76 76 76 186 228 
184 184 
110 110 176 176 288 401 
150 150 408 408 
40 40 
374 417 417 442 
193 193 193 286 286 413 
236 
330 330 
415 415 415 
5 
271 271 
227 305 305 305 337 
70 70 184 184 184 409 409 
225 225 225 367 
184 
81 329 329 
364 410 410 
315 315 
11 334 334 334 385 385 385 
496 496 

184 184 195 195 204 204 236 236 236 268 268 356 356 356 471 471 
204 204 267 267 

286 
3 3 7 7 158 218 233 233 256 256 282 282 297 297 327 327 327 339 354 354 374 375 391 391 401 401 408 408 412 412 412 427 427 442 442 442 453 453 
160 160 
5 5 354 472 472 
219 402 
230 236 236 
157 157 

236 
5 31 31 31 184 184 240 
308 308 435 449 467 
67 192 298 347 421 421 
144 144 271 271 427 
236 236 415 
184 184 184 
191 191 
193 251 251 270 413 413 
9 9 9 233 233 233 233 
247 
81 81 184 451 451 
23 23 97 97 97 171 171 171 196 196 196 480 
184 426 426 
76 152 184 226 364 364 410 410 

58 397 397 408 408 
76 76 76 76 229 229 
68 68 169 169 233 233 
271 271 
281 
54 76 76 76 413 
177 177 
339 339 
39 39 485 485 
230 230 415 415 415 
56 56 191 
159 257 257 257 343 392 482 
87 370 370 408 408 408 
184 354 354 465 
280 280 467 467 
210 210 
212 212 
243 243 
84 84 84 85 160 
8 8 224 224 
76 80 199 199 214 214 215 222 317 349 349 354 354 384 413 413 418 418 429 429 429 434 449 449 455 455 467 481 481 
31 31 31 73 73 94 94 184 263 263 336 336 486 486 
444 444 
314 398 413 413 
413 413 413 
76 76 76 76 
140 140 140 
42 323 323 
76 
42 42 321 321 359 359 
41 41 184 
72 72 90 153 153 153 244 244 358 358 
358 358 
271 271 271 
76 209 
81 165 223 223 223 261 261 
39 159 159 253 253 369 369 428 428 
22 22 
407 413 
413 413 
264 264 264 385 413 
174 174 413 413 494 
315 315 486 
227 227 227 257 
415 415 415 
145 145 271 301 301 381 408 408 427 427 452 464 464 470 470 
182 
222 
239 
227 227 305 
69 69 147 173 173 236 447 447 
52 52 52 184 184 184 
27 27 27 47 47 47 76 459 459 
67 281 421 421 421 506 506 
84 84 84 85 85 
314 314 
8 8 196 196 196 224 
189 236 356 432 
402 402 
456 
5 5 5 31 41 41 41 99 99 134 134 151 184 184 184 271 271 273 307 307 314 314 411 411 450 462 462 462 508 508 
12 202 202 
267 267 267 351 
367 431 496 496 496 
38 72 89 141 193 244 325 325 326 326 413 413 466 466 466 503 503 
61 61 61 81 81 323 323 
229 229 229 

65 193 193 413 413 
182 
118 118 262 292 292 
415 
184 
114 114 181 181 259 357 496 
401 
71 330 330 
87 306 306 
68 68 68 
105 106 106 190 190 
196 
154 233 233 233 250 271 408 417 417 417 
233 233 271 
222 222 222 
225 225 458 458 458 
101 
103 103 146 146 
134 134 
0 46 139 139 339 395 395 395 408 408 
413 413 
63 415 415 
314 449 449 
264 264 264 334 413 

124 124 124 
487 487 
22 22 81 82 82 497 497 
17 232 232 
271 271 
305 
225 225 
495 
46 64 381 381 381 
184 184 
58 58 294 294 
317 
41 156 
5 5 50 50 
110 110 110 247 271 271 368 
39 159 274 352 352 405 405 405 
427 
6 6 92 92 92 182 182 
39 206 206 239 239 402 402 402 
37 230 230 230 415 415 
332 413 413 413 
25 26 26 87 87 87 150 150 248 248 271 271 294 294 306 306 306 339 339 374 381 381 412 437 470 
258 258 
262 262 292 292 
354 354 
271 271 271 408 
35 45 45 74 76 76 77 77 92 119 128 128 155 155 161 161 167 167 168 182 187 187 193 193 222 222 243 243 251 286 286 299 314 314 317 317 318 318 318 332 333 333 334 335 335 358 358 362 362 382 382 385 407 407 407 439 439 448 448 494 494 500 500 
22 22 22 108 
37 57 116 129 129 129 177 177 177 184 184 201 230 236 236 254 254 254 283 303 303 303 338 338 338 365 383 383 406 406 432 460 463 463 
65 
149 250 250 374 374 374 
80 80 80 95 314 314 
225 225 225 
18 98 98 441 441 441 
281 281 347 347 347 
196 196 
76 76 
243 243 
103 157 157 157 169 
184 184 291 291 
271 271 282 339 339 403 
20 159 159 330 330 
314 314 314 
241 241 
357 
236 236 351 415 

314 
280 449 
22 
408 
83 83 83 
45 161 161 413 413 
76 76 186 186 186 
1 1 1 5 18 98 98 98 420 420 420 
250 271 271 271 468 
5 5 5 
15 59 59 316 316 
450 450 450 
191 191 191 
344 344 
74 74 128 128 128 413 413 
280 314 314 384 384 435 467 
354 445 445 445 462 
289 289 
339 464 
271 271 
124 131 219 232 232 232 
17 314 314 
76 184 353 491 491 
41 41 
225 377 377 377 
346 346 
236 236 415 
22 22 
354 354 354 450 
63 63 75 415 415 
339 339 452 
184 307 
72 72 358 358 358 
215 215 280 308 308 314 449 
123 123 123 442 
159 511 
339 339 408 
101 101 170 170 170 195 267 267 
273 273 475 

56 487 
472 
10 10 100 240 240 496 
39 159 166 188 188 227 227 
76 207 
193 
127 171 171 171 290 
314 314 
305 
30 30 30 222 222 
51 
39 39 39 302 302 
31 120 315 315 336 489 489 489 489 
235 235 236 236 388 388 474 
184 184 
31 486 486 486 486 
51 51 51 184 
185 456 456 
41 41 
3 
220 243 243 335 413 413 
81 81 394 
100 100 100 100 197 197 240 240 265 265 357 357 357 367 476 
22 22 389 389 
160 160 160 
222 222 
167 193 413 413 
54 54 

234 234 358 358 
5 5 
233 
347 347 
104 104 
5 86 86 198 354 354 
76 76 
159 
159 469 
