Nodes: 512, Edges: 1187
381 381 381 
441 441 441 
28 28 91 91 111 111 182 183 183 183 
271 271 493 
454 454 
34 34 48 50 50 88 88 184 184 198 225 225 255 279 279 279 354 354 354 400 400 400 441 441 443 443 475 504 508 508 
404 404 
233 271 271 
196 196 196 224 224 313 350 350 350 
287 287 287 287 

264 264 
184 202 355 355 
76 76 
117 117 
182 182 
184 
390 
441 441 


31 31 
108 108 108 331 389 389 414 436 436 461 497 
290 290 290 
76 
408 
158 
76 76 346 346 
2 2 178 183 183 
56 56 
180 180 180 222 483 483 483 
21 21 172 172 184 279 315 315 315 354 354 489 489 
307 
67 67 192 192 192 
5 5 
158 210 413 413 
106 
57 415 415 
358 358 
62 62 62 159 166 219 219 231 231 241 241 267 302 402 402 405 405 477 477 485 485 
192 236 249 249 
85 99 99 151 151 156 156 156 160 160 184 324 354 399 399 445 450 450 450 457 457 492 492 
321 321 323 323 323 
193 193 
137 137 
76 413 439 
64 381 
76 346 346 
5 508 
236 
5 5 400 

184 184 345 345 
225 225 
76 76 299 501 501 501 
195 195 195 236 236 236 
29 29 236 236 236 304 304 446 474 474 
37 415 
294 294 397 397 
444 
104 104 104 236 236 
81 359 359 359 
39 39 39 241 241 
383 383 383 463 463 
46 381 
193 193 362 416 416 
141 141 141 
33 33 192 192 281 347 
169 169 179 179 179 296 296 371 371 
344 344 344 
184 184 258 

325 325 358 466 466 
94 94 463 
448 448 
383 463 463 463 
13 13 24 27 27 45 47 54 54 78 96 96 107 109 186 186 186 199 199 199 208 228 229 229 242 245 245 245 245 292 295 295 295 314 314 314 319 322 328 328 328 361 413 413 423 423 440 478 509 
196 196 196 
76 
104 236 
314 314 418 418 418 
61 82 82 113 184 184 261 261 289 359 359 389 394 394 495 
81 81 121 142 143 143 165 165 165 389 389 389 
104 104 104 104 236 438 438 
85 85 312 312 
41 84 84 160 160 312 312 312 348 445 
198 198 198 
306 306 306 370 408 408 
5 5 504 

325 358 
2 2 
404 404 413 

73 73 315 
418 418 
76 76 
171 290 
420 420 441 
41 41 
476 496 496 
140 195 378 378 378 
117 136 216 
146 146 379 425 
60 60 60 79 83 83 83 83 138 138 236 236 237 237 507 507 
184 190 190 372 
36 190 372 372 372 
76 
22 22 22 414 
76 199 
176 247 401 401 401 
2 2 
184 184 
81 
367 367 367 

184 184 415 
14 14 102 125 125 125 135 184 184 236 236 
152 262 
122 222 222 413 
486 486 
82 143 143 143 
119 222 
381 468 
232 232 387 387 454 
117 117 117 136 136 136 
185 
480 480 480 
413 448 448 448 
236 236 415 415 415 

454 454 
168 
381 
380 380 
117 
102 125 125 125 
44 44 184 184 184 
104 104 164 236 236 
381 
101 320 320 
66 66 66 196 196 196 196 358 
82 389 389 389 
82 82 121 121 121 217 217 217 
282 
339 339 
103 103 
236 344 344 344 
191 
250 417 
408 408 408 
41 41 354 
118 292 

374 
413 413 
41 41 41 399 450 
233 276 276 425 
26 35 194 194 271 271 271 408 
39 188 188 188 205 231 231 305 330 330 330 402 402 428 433 433 469 469 477 477 477 510 511 511 
41 41 85 85 272 272 312 312 498 
413 
322 322 

138 
82 82 82 329 329 
39 477 477 
413 
132 413 
68 68 233 233 296 296 425 425 425 
471 471 
97 290 290 290 480 480 
31 31 
344 344 
335 335 
187 187 187 407 407 
110 247 
415 415 
28 
68 68 68 
30 30 30 222 
367 367 367 
2 15 15 220 220 340 340 363 363 363 404 404 413 444 
2 2 2 28 28 
5 5 12 16 31 41 52 52 70 70 81 81 105 112 112 116 116 117 117 137 137 137 213 213 213 221 236 236 246 246 258 258 258 260 267 284 289 289 289 291 291 307 315 324 324 338 338 338 345 345 354 354 354 355 355 355 396 396 409 409 415 426 426 465 465 
126 491 491 
76 76 76 245 245 440 
175 175 175 
159 159 159 477 477 477 
351 
105 105 106 372 372 
148 236 236 236 267 285 285 285 304 446 446 446 
33 33 33 40 67 67 281 281 
43 43 65 65 251 286 358 362 362 413 479 479 500 
158 158 
55 55 55 101 236 236 471 
8 8 8 77 77 77 141 141 141 141 200 200 200 290 290 290 373 373 373 413 413 422 
496 
5 86 86 86 386 386 508 508 
76 76 76 109 314 314 314 
196 196 196 
236 415 415 
12 355 
271 
267 268 
159 
405 405 405 
337 
76 242 
328 328 
35 232 309 

238 238 238 310 
184 184 184 488 
215 314 
214 314 314 467 
102 
143 143 143 
271 271 271 
39 39 232 402 402 402 454 
182 182 494 
184 
30 119 119 122 180 341 341 376 376 413 483 483 483 499 499 499 
329 329 
8 8 313 313 313 350 350 
5 5 53 53 259 259 259 377 377 393 458 458 

257 257 337 337 343 392 392 477 
76 245 
76 76 295 360 360 360 360 360 361 
236 236 236 275 275 275 303 303 406 406 406 415 
39 39 159 159 
124 124 210 219 390 390 454 
7 157 169 169 238 271 287 287 287 287 287 296 310 310 310 374 374 374 375 375 505 505 
503 503 
487 
40 49 55 55 55 56 56 56 60 60 79 83 104 104 117 117 129 129 138 138 147 184 184 191 191 191 195 195 201 230 230 230 252 252 252 267 267 275 278 283 283 344 344 415 415 415 432 432 460 487 487 
104 104 
212 212 212 233 
342 342 405 
279 279 279 476 476 496 496 496 
39 39 62 62 430 430 430 
76 208 
311 311 311 311 413 413 413 424 494 
325 325 325 358 358 
76 76 76 76 186 186 228 
184 184 
110 176 288 288 401 
408 
40 40 
149 374 417 442 
193 413 413 
236 236 236 
330 330 
283 283 283 415 415 
5 
271 271 273 
227 227 305 
70 184 184 184 409 409 
225 225 225 367 367 
184 
81 81 329 329 329 
118 364 410 410 
315 315 
11 11 334 334 385 385 
496 496 

39 184 191 204 236 236 268 356 356 
204 267 

286 286 286 
3 3 7 7 158 158 158 203 218 218 218 233 256 256 282 297 297 327 327 327 339 339 339 354 374 374 375 391 391 401 401 401 408 442 453 
160 160 
256 354 472 475 475 
402 402 
230 230 230 236 
157 157 
415 415 
236 
5 5 5 31 240 240 240 
308 435 449 449 467 467 
67 192 192 298 298 298 347 347 347 
144 271 
236 236 254 254 254 415 415 
184 
191 191 191 
193 270 270 270 413 
9 9 9 9 233 233 233 233 233 
247 247 
81 184 184 184 451 451 451 
23 23 23 97 171 171 171 196 196 196 480 480 
184 184 426 
76 152 364 364 410 

58 58 397 397 408 
76 76 76 229 509 
68 68 169 169 233 
271 271 408 
281 281 281 347 347 
54 

339 
39 485 485 
230 230 415 
56 56 191 
159 257 343 343 392 392 392 482 482 
87 87 87 370 370 
32 184 354 354 354 396 465 465 
280 467 
210 
212 233 233 233 
243 243 243 243 
84 84 85 85 85 160 160 
8 224 224 224 
76 76 76 80 80 199 199 199 214 215 215 349 384 384 398 413 413 418 418 429 429 429 434 449 449 449 455 467 467 481 481 
31 31 31 94 184 263 263 336 486 
444 
413 
413 
76 
140 140 
42 42 
76 162 162 
42 42 42 359 
41 184 184 
72 72 90 244 244 244 358 358 358 
358 
271 271 271 
76 76 76 209 209 
165 165 223 223 261 261 261 432 
159 159 159 253 253 
22 
407 413 413 
413 
264 264 385 385 413 
174 174 413 494 494 494 
315 486 
207 227 227 
184 184 184 415 
145 145 271 271 271 301 381 381 408 427 452 452 464 470 
182 182 
222 222 
239 239 
227 305 305 
69 69 69 147 147 147 173 173 236 236 447 447 447 
52 52 184 184 
27 27 47 47 
67 281 281 281 298 298 421 421 506 506 
85 
314 481 
8 8 8 224 224 
189 356 356 
402 402 
456 456 
5 5 5 31 31 41 151 184 184 184 271 273 307 307 307 411 450 490 490 508 508 508 
12 12 184 184 184 202 
267 267 351 351 
367 431 496 496 
38 38 72 90 141 193 244 244 325 325 325 326 413 466 500 503 503 503 
61 61 61 81 81 323 
229 229 229 229 229 
76 229 
65 193 193 413 413 
182 182 182 
262 292 292 


114 114 114 181 181 181 259 259 357 496 496 
401 

87 306 306 
68 68 
105 106 106 106 190 190 
196 196 196 
154 233 233 233 250 271 271 408 417 417 442 442 
233 233 271 
222 222 
225 225 458 
101 101 101 
103 
134 134 
0 0 0 46 64 123 133 139 339 339 395 395 408 
413 
63 63 63 75 415 
314 314 449 
264 264 334 334 413 413 
198 198 
124 124 
487 487 
22 22 81 82 82 82 142 142 142 497 497 497 
17 232 232 
271 271 
227 227 305 305 305 
225 
81 81 495 495 495 
381 381 
184 184 307 
58 58 294 294 
314 
41 41 156 
5 5 5 50 
110 110 110 247 271 271 271 368 
39 39 159 159 219 219 219 274 274 352 352 
427 427 
6 6 92 92 182 182 
39 39 206 206 206 239 
230 230 230 415 415 
175 175 332 413 413 413 
25 87 87 150 150 150 158 248 271 294 297 339 374 381 437 437 470 
184 184 258 258 
262 262 292 
354 

35 35 45 76 76 92 119 128 155 155 161 167 168 182 193 196 196 222 243 243 243 251 251 286 314 314 317 318 332 332 333 334 335 358 362 362 382 385 385 407 407 407 439 439 448 448 448 455 455 494 494 
22 108 
37 37 57 116 129 129 129 177 177 184 201 201 230 236 236 236 254 254 277 277 283 283 303 338 383 406 406 432 432 460 460 460 460 463 463 
65 65 
149 250 374 374 
80 80 80 95 95 314 314 

98 98 441 441 
347 347 
196 
76 76 
243 
103 157 169 169 169 
184 184 291 
339 403 403 
159 
314 314 314 
241 241 241 
357 496 
236 236 329 415 415 
159 159 
314 
280 
22 22 
408 408 
83 83 
45 413 413 
76 186 
1 1 1 5 5 18 18 98 420 420 
250 271 374 374 468 468 468 
5 5 
59 182 316 
41 85 450 450 
56 191 191 191 
344 344 344 
74 74 128 128 128 413 413 413 
280 280 314 314 314 384 467 467 
41 41 41 156 354 445 445 462 462 
289 289 289 
339 339 464 464 
271 
4 4 124 131 131 219 232 
314 413 413 
353 353 491 491 
41 41 
225 225 377 

236 415 415 415 415 
22 497 
450 450 
63 63 73 75 75 75 415 415 
339 452 452 
184 184 307 307 
72 72 358 
215 280 280 308 314 314 449 449 
123 442 442 442 
159 159 511 
339 408 
170 170 195 
273 
491 
56 56 487 487 
5 273 273 
100 240 240 496 
39 39 159 159 159 166 166 188 188 188 227 
76 
193 193 
127 127 127 171 171 290 290 
314 314 349 
305 305 
30 30 30 222 222 222 

39 39 302 302 
120 120 315 336 489 489 
235 236 236 388 388 474 474 
213 
31 31 486 486 
354 354 
185 185 456 456 473 
41 41 
3 
220 243 335 335 335 413 413 
81 394 394 394 
100 100 197 240 240 240 265 265 357 357 367 367 431 476 
22 389 389 389 461 
160 
222 222 222 
193 358 
54 54 54 

234 234 358 358 358 
5 88 
233 233 
347 347 
104 104 
5 5 48 198 198 354 354 354 
76 295 
159 
159 159 469 
