Nodes: 512, Edges: 1187
381 381 
441 
28 28 28 91 111 183 183 183 
271 271 493 
454 454 
34 34 34 48 50 88 88 184 198 198 198 225 225 255 279 354 354 400 400 443 504 508 508 
404 
233 271 
196 196 196 224 313 350 
287 287 287 

264 
184 184 202 202 202 355 

117 117 125 184 
59 182 182 
184 
390 455 
420 
104 104 104 
428 428 428 
31 
108 331 331 389 414 414 414 414 436 436 436 461 497 
290 290 290 290 
76 
408 408 
158 408 
346 
2 2 2 178 183 183 
56 56 56 
180 222 222 483 
21 172 184 184 279 279 315 315 315 354 354 486 486 486 489 489 
184 
67 67 192 192 
5 5 5 
158 158 158 158 210 210 
106 106 
57 406 406 415 
358 
62 62 159 159 159 166 219 231 241 241 241 302 302 330 330 402 405 405 477 
192 236 249 249 
85 99 99 151 156 160 160 160 184 184 184 324 324 354 354 354 450 450 450 457 457 492 
321 323 323 
193 
137 
76 76 413 413 439 439 
339 381 381 395 395 
76 76 346 346 
5 
236 
5 400 
490 490 
184 184 345 
225 225 
76 76 299 501 
93 195 236 236 
29 29 29 191 191 236 236 236 304 304 304 446 487 
37 
294 397 397 
15 444 444 
104 104 236 236 
81 81 81 359 
39 39 241 
75 383 383 463 463 463 
381 381 395 
193 193 362 
141 141 
33 33 192 281 281 281 347 
169 169 179 179 296 296 371 371 
236 344 344 
184 246 258 

325 358 466 466 
94 94 315 
413 448 448 448 
63 463 463 
24 45 45 47 47 54 54 78 96 96 107 107 162 162 162 184 184 186 186 186 196 199 208 228 228 228 242 242 245 245 245 292 292 295 295 295 299 299 299 299 314 314 319 328 346 346 353 353 353 354 361 413 423 423 440 456 509 509 
196 196 413 413 413 
76 
104 236 236 
314 314 418 418 418 
61 61 61 82 82 113 113 113 184 184 184 289 289 329 359 359 359 389 394 495 495 495 
81 81 121 121 142 142 143 165 165 165 389 389 
104 104 236 236 236 438 438 438 
85 312 312 348 348 
41 84 160 160 160 312 312 348 
198 198 508 508 
306 306 306 370 370 
5 5 

358 
2 
182 404 404 413 413 413 
55 
73 73 
418 418 418 
76 76 
171 
420 420 420 441 
41 41 354 354 354 
476 496 496 496 
195 378 378 378 471 
117 136 216 
146 146 379 379 379 425 
19 19 19 60 60 79 83 83 138 138 237 237 507 507 
184 190 190 
36 36 372 
76 76 
22 
199 
176 176 247 247 401 
2 182 182 
184 184 
81 81 81 
367 367 
389 
184 415 415 415 
14 14 102 125 125 135 135 184 184 
152 152 152 
122 122 222 413 413 413 
486 486 486 
82 82 143 143 
119 119 222 222 
468 
232 232 387 387 454 454 
14 117 117 136 136 136 136 
185 185 185 491 491 
480 480 
413 413 448 
236 236 236 415 415 

454 454 
168 
381 381 
354 380 
117 117 
102 125 125 125 125 
44 184 184 
104 104 164 164 236 236 
381 
320 
66 66 196 196 358 
82 82 389 
82 121 121 217 217 
282 
339 339 339 
103 103 
236 344 344 
191 304 304 
417 
248 248 
41 354 
118 118 118 292 
325 
374 
413 413 
41 399 450 450 
233 425 
26 35 35 35 35 194 194 194 271 271 
39 39 39 188 188 188 205 205 205 227 227 227 231 231 305 330 402 402 428 428 433 433 433 469 469 477 477 510 
41 41 41 85 85 85 272 272 498 
413 439 439 439 
76 76 76 322 

138 138 
82 82 82 
39 477 477 

132 
68 68 233 296 296 425 425 
471 471 
97 290 290 290 480 480 480 480 480 
31 
344 344 
222 335 
187 187 407 
110 110 247 
300 300 300 415 415 415 415 
28 183 183 
68 68 
30 222 222 222 
367 367 
15 15 92 111 111 220 220 363 404 413 413 444 444 499 
2 2 2 28 28 178 178 
5 12 12 14 16 31 31 32 41 41 41 52 52 70 76 76 81 81 81 105 112 112 116 117 117 137 137 213 213 221 221 236 236 236 246 246 258 260 267 267 279 279 289 291 307 307 324 324 338 338 345 345 345 354 354 354 355 355 355 366 366 409 409 415 415 415 426 456 456 465 484 484 488 488 490 490 
126 126 126 491 
76 76 76 245 245 245 440 440 
175 175 413 413 
159 159 159 477 

105 105 372 372 372 
56 56 148 236 236 236 267 446 446 
33 33 40 67 236 236 281 281 281 
43 65 65 251 251 251 251 286 358 358 362 413 413 413 479 479 500 500 
158 158 158 
55 101 236 236 471 471 471 
8 8 8 76 77 77 141 141 200 200 290 290 290 350 373 373 413 413 422 
496 
5 5 5 86 86 386 386 508 
76 109 207 314 
196 196 
236 236 415 
12 12 12 355 355 
271 
267 267 268 268 
159 159 159 

199 478 478 478 
76 
328 
35 35 309 309 
236 
310 310 310 
184 184 488 
215 215 215 314 
214 214 214 314 467 
102 
143 143 
271 271 
39 274 274 402 402 402 454 454 454 
182 182 494 494 494 
184 184 
30 30 119 122 122 174 180 180 180 314 314 341 341 376 376 376 413 413 483 499 499 
329 329 
8 313 313 313 350 350 
5 5 53 53 259 259 377 377 393 393 458 
292 
159 159 159 257 337 337 343 343 343 392 392 477 
76 76 76 245 245 
295 295 360 360 360 
236 236 275 275 303 303 303 406 415 415 415 
39 159 159 
124 124 390 390 454 
7 157 169 271 271 287 287 287 296 310 374 374 375 375 505 505 
503 
236 487 487 
40 49 55 55 56 56 56 60 60 69 79 79 83 83 83 129 129 129 138 138 147 184 184 184 191 191 191 192 192 195 195 201 201 211 230 230 235 237 237 237 252 252 252 267 267 275 278 278 283 344 344 351 415 415 432 438 460 487 487 
104 104 236 236 236 

342 
476 
39 39 39 62 430 430 430 
76 76 
311 311 311 311 424 494 494 
325 358 358 
76 76 76 186 186 186 228 228 
70 184 184 
110 110 176 288 401 
150 150 408 
40 40 
417 417 442 442 442 
193 193 193 193 286 413 
236 236 236 
330 330 
283 283 
5 
271 271 271 
227 305 337 
70 184 
225 225 367 367 441 
184 
329 
364 410 

11 334 385 385 385 
496 496 

184 184 191 204 204 236 236 268 356 
204 204 267 
415 415 

3 3 7 158 158 203 218 218 233 233 256 256 256 282 297 327 327 339 354 354 354 374 375 391 391 401 401 408 412 412 427 427 442 442 453 453 453 
160 160 
354 475 475 
219 219 402 402 
230 230 236 

415 415 
236 236 
5 31 31 184 184 
308 308 435 435 435 449 467 
67 67 67 192 192 192 298 298 347 347 347 421 
144 271 427 427 
236 254 254 415 


193 251 413 413 413 
9 9 9 233 233 233 
247 
81 81 184 451 451 
23 23 23 23 171 171 171 196 196 196 480 
184 426 
76 76 152 226 364 364 410 410 
408 
58 397 397 408 408 
76 76 76 229 229 
68 68 169 169 233 
271 
281 281 347 347 347 
54 76 76 76 76 413 413 413 
177 177 177 
339 339 339 
39 39 485 
230 230 230 415 415 
56 56 56 148 148 
159 257 343 343 392 392 392 482 482 
87 87 87 370 370 408 
184 184 354 
280 280 
210 210 
212 212 212 233 
243 243 243 243 
84 84 85 85 
8 224 224 224 
76 76 80 80 199 214 215 222 222 317 317 317 384 398 398 413 413 413 418 429 429 434 449 449 455 455 467 467 481 
31 31 31 73 336 336 486 
444 444 
314 314 314 398 413 
413 413 
76 354 354 
140 
42 323 323 
162 
42 42 321 321 359 
41 41 184 184 
72 153 244 358 358 358 

271 271 
76 209 
81 223 223 261 
39 39 159 253 253 369 
22 22 
407 413 
413 
264 413 413 
174 413 413 413 494 494 494 
315 315 486 
227 227 257 
184 184 415 
46 145 145 145 271 301 301 301 381 381 408 408 427 452 452 464 

222 222 
239 
227 227 227 305 305 
69 69 147 147 173 173 236 236 
52 184 184 184 
27 47 47 76 76 459 459 459 
67 281 281 281 298 298 298 421 506 506 
84 84 85 
481 481 481 
8 196 224 224 
236 356 356 432 
402 402 
76 76 76 
5 5 31 31 41 41 41 76 99 99 99 134 151 184 184 184 271 271 271 273 307 319 319 411 411 462 490 502 508 
12 184 184 184 202 202 
267 351 351 
367 496 496 
38 72 90 141 193 193 244 244 325 325 325 413 466 466 466 503 
61 81 81 81 323 
229 229 229 
76 
65 193 413 
182 
262 292 292 

184 184 
114 114 181 181 259 259 357 496 496 
401 
330 
87 87 306 306 
68 68 
106 190 190 190 
196 196 
154 233 233 271 408 442 442 
233 233 271 
222 222 222 
225 225 
101 101 101 
103 103 103 
134 
0 0 46 46 64 64 133 133 139 339 339 395 408 
413 
63 63 
314 
264 264 264 413 413 413 
198 198 
124 124 
487 487 
22 81 82 82 115 142 497 497 
17 232 232 
271 271 
227 227 305 305 305 
225 225 
81 495 495 
46 46 64 381 

58 58 294 294 
314 314 317 
156 
5 5 50 
110 247 271 271 368 
39 159 159 219 219 219 274 274 352 352 405 
427 
6 92 92 182 
39 39 402 
37 37 230 415 415 415 
175 332 413 413 413 
25 25 26 248 271 293 294 294 306 339 339 374 381 412 470 470 470 
184 184 
262 292 292 
354 354 
271 271 408 
45 45 74 76 77 77 77 92 92 92 119 119 119 128 128 155 155 161 182 182 187 187 193 193 193 196 196 222 222 251 286 286 286 299 299 299 314 314 314 317 318 318 332 333 334 334 335 335 335 358 362 382 385 385 385 407 407 407 439 448 448 455 455 455 500 500 
22 22 22 22 
37 116 116 116 129 129 177 177 177 177 184 184 184 201 230 230 230 236 236 269 269 277 277 283 303 303 338 406 406 406 432 460 460 463 

149 250 250 
80 80 80 95 95 95 314 

18 98 98 98 441 
281 347 
196 
76 76 
243 
103 157 169 169 
184 291 
271 271 282 282 339 403 
20 20 20 159 159 
314 314 
241 241 241 
496 
236 351 415 
159 159 159 
314 
280 280 280 
22 22 22 

83 83 83 236 
45 45 161 161 161 413 
76 186 186 
1 98 259 420 
250 250 250 271 271 374 374 468 
5 
59 59 182 182 316 316 
450 
56 191 191 

74 74 74 128 413 413 
280 314 314 467 
41 41 41 156 156 445 462 
289 289 
339 339 
271 271 271 
4 4 124 124 131 131 219 219 219 232 
17 314 314 413 413 413 
76 184 184 491 491 491 
41 41 
225 
346 346 346 
236 415 415 
22 497 497 
354 450 
63 63 63 75 75 415 
339 
184 
72 72 358 358 358 
215 280 314 314 449 
123 442 
159 159 511 511 511 
408 408 408 
101 170 170 195 195 195 
475 475 
491 

273 273 472 472 
100 240 496 
39 159 159 166 166 188 227 
207 207 207 
193 193 
127 127 171 171 171 171 171 290 
314 349 349 349 
305 305 
30 222 
184 184 
302 
31 31 31 120 120 120 315 336 489 
56 235 235 236 236 388 388 
184 184 213 
31 31 486 
51 51 184 184 354 
126 126 185 456 456 456 473 
41 
3 
220 220 220 243 243 335 335 335 
81 81 81 394 394 
100 100 100 197 265 265 357 357 367 367 431 476 
22 389 389 461 461 
160 
182 222 222 
193 193 413 413 
54 
354 
234 358 
5 
233 233 
347 347 
104 104 
5 5 86 86 198 354 
76 76 
159 
469 469 469 
