Nodes: 512, Edges: 1187
133 381 381 
441 
183 183 189 189 
271 493 493 
454 454 
34 48 50 88 88 88 184 198 225 225 255 255 273 279 354 400 441 441 443 443 475 504 504 504 508 
404 404 404 
233 271 271 
196 196 224 224 313 313 350 
287 287 287 
476 476 
264 264 
184 184 202 355 355 
76 76 
117 117 184 184 
59 59 59 444 
184 184 184 
455 
441 
104 104 104 
428 428 
31 31 
108 115 331 331 389 389 414 436 436 461 461 497 497 497 
290 290 

408 
158 158 
76 346 346 346 
183 183 
56 56 
180 222 483 
21 21 172 172 184 184 279 279 279 299 315 315 486 486 486 489 
184 307 
67 192 192 
5 
158 158 158 158 210 222 413 
106 106 
57 415 
358 
62 62 62 62 159 163 163 219 231 231 231 241 241 267 302 302 330 330 402 402 402 405 405 
192 192 236 236 236 249 
85 99 99 151 151 156 160 184 184 324 399 450 457 457 492 492 
321 323 323 323 
193 193 
137 
76 439 439 
64 339 381 395 395 
76 76 346 346 
5 
236 
5 

184 184 345 345 
225 
76 501 
93 93 195 236 236 
29 29 191 304 446 474 474 474 487 
37 415 415 
294 294 
15 15 15 
104 104 236 236 
81 81 359 
39 39 39 39 241 241 
383 383 383 463 463 
46 381 381 381 
193 362 362 416 
141 141 
33 192 281 281 347 347 
169 169 179 179 296 296 371 
236 236 344 344 
184 184 184 246 258 258 
369 
358 466 466 
94 94 315 463 
413 448 448 448 

13 13 27 45 47 47 54 78 96 96 96 96 96 107 109 109 162 162 162 184 186 186 196 196 199 199 199 208 208 228 228 229 229 242 245 245 245 292 295 295 295 299 299 299 299 314 319 319 319 322 328 328 328 346 346 353 354 354 361 413 440 456 456 478 478 509 509 
196 413 413 
76 
104 
314 314 
61 61 82 113 113 184 261 289 389 389 389 
81 121 143 165 165 
104 104 236 236 236 236 438 
85 312 312 348 
41 84 160 160 312 312 348 348 
198 198 508 508 508 
306 306 370 370 408 408 
5 5 5 
358 358 


182 182 404 404 413 413 
55 55 
73 73 
418 
76 76 76 76 76 398 
171 171 171 290 290 
420 441 
41 41 354 354 
476 476 496 496 496 
140 140 195 195 378 471 
117 117 117 136 136 216 216 
146 379 379 425 425 
19 19 19 60 60 79 83 83 236 236 237 237 237 
184 190 372 
36 36 190 190 190 372 372 372 
76 
22 
76 76 199 199 
176 401 401 401 
182 182 182 
184 184 
81 81 
367 367 
22 
184 415 
14 14 102 102 102 125 125 135 135 135 184 236 
152 152 364 364 
122 122 222 222 413 
486 486 
82 143 
119 119 222 
381 468 468 
232 232 309 387 387 454 
117 117 136 136 
185 491 
480 480 
448 
236 236 236 415 415 
497 
454 
168 168 168 
0 
354 354 380 380 
117 117 117 
102 102 125 125 
44 184 
164 164 164 236 

101 101 320 
66 66 196 196 358 358 358 
389 389 
82 121 217 217 

339 
103 379 379 379 
344 
191 191 304 304 
250 417 417 
248 408 408 408 
41 41 354 
118 118 292 292 
325 325 
374 374 

41 354 450 450 
233 276 276 425 
26 26 35 35 35 35 194 194 271 271 271 408 
39 188 188 205 227 231 305 330 402 402 433 433 469 477 477 510 511 511 
41 85 85 272 312 312 312 498 498 
413 
76 76 76 322 
39 39 
138 138 138 
82 82 329 
477 477 
500 
132 132 132 
68 68 233 233 296 296 425 425 425 425 
471 471 
97 97 97 480 480 
31 31 

222 222 335 335 
187 187 187 407 407 
110 247 247 
415 415 
183 
68 68 
30 222 222 222 
367 
92 92 111 111 111 220 363 404 413 413 444 444 
2 2 28 28 178 
5 12 12 14 14 16 16 16 31 31 32 41 41 52 52 70 70 70 76 81 105 112 112 116 117 137 221 221 236 236 246 246 258 258 260 267 267 279 284 284 289 289 291 292 307 315 324 338 338 345 345 345 354 354 355 366 366 366 396 409 415 415 426 465 484 490 
126 491 
76 76 245 245 245 440 
175 175 175 413 
159 159 477 
2 2 351 351 351 
105 106 106 106 372 372 
56 148 148 236 236 236 267 267 268 268 285 304 304 
33 33 40 40 67 236 281 281 281 
43 43 65 251 251 251 251 286 358 362 362 413 413 413 479 479 479 
158 158 
55 101 101 236 236 267 471 471 
8 8 76 76 77 141 141 200 200 290 350 350 373 413 422 422 
496 496 
5 86 86 386 508 508 508 
76 76 76 109 109 207 314 314 314 
196 196 
236 236 415 415 
12 355 355 
271 
267 268 
159 

199 337 478 
76 76 
328 328 
35 309 309 

238 238 310 
488 
215 
214 467 
102 102 
143 143 
271 
39 232 274 274 274 402 454 454 
182 494 494 494 
184 184 
30 35 119 119 122 174 174 180 180 180 314 341 341 376 413 483 499 499 499 
329 329 
8 8 313 313 350 350 
5 5 53 259 259 377 393 393 393 419 458 458 458 
292 
159 257 337 337 337 337 392 392 477 
76 76 245 245 
76 76 295 360 360 360 360 360 
259 275 275 303 406 406 406 415 
39 39 39 159 
124 124 219 390 390 454 454 
7 157 169 169 238 238 271 287 287 296 296 296 310 374 375 505 505 
503 503 
236 
40 40 40 49 55 55 60 60 69 69 83 83 83 83 104 104 117 129 129 129 138 184 184 191 191 191 192 195 195 201 201 235 237 252 267 267 275 275 275 278 344 344 351 415 415 415 460 487 487 
104 104 104 236 
212 212 233 233 
342 342 405 
279 279 279 279 476 496 496 496 
39 39 62 62 
76 
311 494 
325 325 358 358 358 
76 76 76 186 186 186 228 228 
70 184 184 
176 176 288 401 
150 408 408 
40 
149 417 442 442 
193 193 193 193 286 
236 
330 330 
283 283 
5 5 
271 271 273 273 
227 305 305 305 337 
70 70 184 184 409 
225 225 230 367 441 
184 
81 329 
410 410 410 
315 
11 11 334 385 
496 496 
493 
39 184 184 191 191 195 204 236 236 268 356 471 471 
191 191 204 267 
415 415 
286 286 286 
3 7 7 158 158 158 203 218 233 256 256 282 297 297 327 327 339 339 339 354 374 374 375 391 401 401 408 408 427 427 442 453 
160 
5 256 256 354 354 472 472 
219 219 219 402 
230 230 236 236 236 
157 157 
415 415 
236 
5 31 31 31 184 240 240 240 240 
308 308 435 435 435 449 467 467 
67 67 192 192 192 298 298 347 421 421 
271 427 427 
254 254 415 
184 184 
191 
193 251 270 270 270 413 
9 9 9 233 233 
247 
81 184 184 451 451 451 451 451 
23 23 97 97 196 480 
184 426 426 
76 152 152 184 226 364 410 410 
408 
58 58 408 408 
76 76 76 229 509 
68 68 169 169 233 233 233 
271 271 408 408 408 
281 281 347 347 
31 76 76 76 76 413 

339 
39 39 485 485 
230 415 415 
56 148 148 191 191 
159 257 257 257 392 392 482 482 
87 87 408 
32 184 354 354 396 396 465 
280 280 467 
124 210 210 
212 233 
243 
84 84 85 85 160 160 160 
8 8 224 224 
76 80 80 199 199 199 222 317 349 349 349 354 384 398 398 398 413 413 418 429 429 434 434 434 449 455 455 467 467 467 481 
31 31 73 184 263 336 486 
444 
314 398 398 413 413 
413 
76 76 76 354 
140 
42 323 
76 162 
42 42 42 321 359 359 359 
41 184 
153 153 244 244 358 358 
358 
271 271 
76 76 76 209 209 
165 223 223 261 432 
39 39 159 253 253 369 428 428 
22 22 
413 413 

264 385 385 413 
174 174 413 413 494 494 494 
315 486 486 
207 227 227 227 227 257 
184 184 415 415 415 
46 145 271 271 271 301 381 408 408 427 427 452 452 464 464 464 470 470 

222 222 
239 239 

69 69 147 236 236 447 
52 52 184 184 184 
27 27 27 47 47 76 76 459 459 
67 67 281 298 298 421 421 506 506 
84 85 85 
314 314 314 481 481 
8 196 196 224 224 
189 189 189 236 356 356 356 
402 402 
76 456 456 456 
5 76 76 99 99 134 134 151 156 184 184 271 273 273 307 307 314 319 411 462 462 490 502 502 508 508 508 
12 12 184 202 202 
267 351 351 351 
367 367 431 496 
38 72 89 89 141 141 141 193 244 244 244 325 325 326 413 466 466 500 503 503 
61 323 323 323 
229 229 229 229 229 
76 
65 65 193 193 413 413 
182 
118 118 292 
415 415 415 
184 184 184 
114 114 181 259 357 357 496 496 
401 
71 330 
87 87 
68 
105 106 106 106 190 190 
196 
154 154 233 271 271 408 408 408 417 442 
233 271 
222 
225 
101 
103 103 146 146 146 
134 134 
0 0 46 64 64 64 123 339 395 408 
413 413 
63 63 63 415 
314 449 
264 334 334 413 
198 
124 124 
487 
22 22 81 81 81 142 142 497 497 
232 232 
271 
227 227 305 305 
225 225 225 
495 
46 46 381 
184 307 307 

96 314 314 314 317 317 
41 
5 
110 110 110 247 271 271 368 
39 39 39 159 159 219 274 352 352 405 405 
427 427 
6 6 6 92 92 182 
39 39 239 402 402 
230 230 230 415 
175 175 413 
25 87 87 150 150 150 158 248 248 271 271 293 294 294 297 297 297 306 339 339 374 374 374 381 412 437 437 470 
184 258 
262 262 262 292 292 
354 
408 
35 74 76 77 77 92 92 119 161 182 182 187 193 193 193 196 222 286 299 314 314 317 317 318 332 332 334 335 335 358 362 362 382 382 385 407 439 439 439 448 448 448 494 500 
22 
37 57 57 116 129 129 177 177 184 184 201 201 230 236 236 236 269 269 277 277 283 303 303 338 338 338 365 365 365 383 406 460 460 460 463 
65 
149 149 250 374 
95 314 
225 
98 441 441 
281 281 347 347 
196 196 


103 103 157 169 169 169 169 
184 291 291 
271 271 282 282 339 339 403 403 
20 20 330 330 
314 314 

357 496 496 
329 
159 159 
314 314 314 
280 280 280 449 
22 22 
408 408 
83 
45 45 413 413 413 
76 186 
1 5 5 18 98 259 420 420 
250 250 271 374 468 468 468 
5 5 
15 182 182 316 
450 450 450 450 
56 
344 
74 74 74 128 413 413 413 
280 314 384 435 467 
41 156 156 445 445 445 445 462 462 462 
289 289 289 289 289 
339 339 464 464 
271 
4 4 124 131 219 219 232 232 
17 314 314 
76 76 353 353 353 491 491 
41 41 
225 225 225 
346 346 
236 415 415 415 
22 22 497 
354 354 450 450 450 
63 63 73 415 
339 339 339 452 452 
184 307 
72 72 358 358 
215 280 280 308 314 314 314 449 
123 123 442 442 442 
159 511 511 511 
339 339 408 
101 170 170 195 195 267 267 
273 273 475 475 475 
491 
56 56 56 
5 472 472 472 
10 10 100 100 240 496 496 496 
159 159 166 166 188 227 
76 76 207 
193 193 193 
127 127 171 171 290 
314 349 349 
305 305 
30 222 
184 
302 302 
31 31 31 120 120 315 336 336 489 489 
56 236 236 388 
213 
31 486 486 
184 354 
126 185 456 456 473 
41 41 
3 3 266 
220 220 220 243 335 335 335 413 
394 
100 100 100 197 197 240 240 240 265 265 357 367 367 431 431 476 476 476 
22 22 22 130 389 389 461 
160 160 
222 222 222 
167 358 413 
54 
354 354 
234 234 358 358 
5 5 5 
233 233 
347 347 

5 86 86 86 198 198 198 354 354 354 
76 76 295 
159 
159 159 469 469 469 
