Nodes: 512, Edges: 1187
381 381 
441 
28 28 91 91 111 182 182 182 183 183 
271 493 
454 454 
34 48 48 50 88 88 88 88 184 184 198 198 225 225 255 255 255 273 273 279 354 354 354 400 400 441 441 443 443 443 475 475 504 504 508 
404 404 404 
233 233 271 
196 224 313 313 350 350 350 
287 
476 476 476 
264 264 
184 184 202 202 355 
76 76 
117 117 125 
59 59 59 182 
184 184 

420 
104 
428 
31 
115 331 331 389 389 414 414 436 436 461 461 497 
290 290 290 
76 
408 408 
158 158 408 
76 76 
2 2 178 178 178 183 183 183 
56 56 
180 180 222 483 
21 172 172 184 315 354 486 489 
184 307 
67 67 67 192 
5 
158 158 210 222 
106 106 
57 406 
358 358 
62 159 159 163 166 219 219 219 302 302 330 402 402 477 485 
192 192 249 249 
85 85 99 137 151 151 156 160 160 184 324 324 324 354 354 399 450 450 457 457 492 492 
321 323 323 323 
193 193 
137 137 
76 76 413 413 439 
64 339 339 381 381 395 
76 76 346 346 346 
5 5 508 
236 236 236 
5 400 400 
490 490 
184 345 345 345 
225 225 
76 299 501 501 
93 195 
29 29 191 191 236 236 446 446 474 487 487 
37 415 
294 294 397 
15 15 15 444 
104 104 236 236 
81 81 81 359 359 
39 241 
383 383 463 
46 381 381 395 
193 193 362 
141 
33 33 33 192 281 281 281 347 
169 169 179 179 371 371 371 
236 236 344 344 
184 184 258 

358 358 466 
94 94 315 315 315 
413 448 448 448 
383 463 463 463 
13 13 24 27 27 45 45 47 47 54 78 78 96 109 109 186 196 196 196 199 199 199 207 207 208 208 208 228 228 229 229 229 242 245 245 292 292 295 295 295 295 299 299 314 322 322 322 328 328 346 346 354 361 361 413 440 478 478 509 509 
196 413 
76 76 
104 236 236 
314 314 418 
61 61 61 82 82 184 184 184 261 261 289 329 359 394 495 495 495 
81 81 121 143 143 165 389 389 
104 104 236 236 236 438 438 438 
85 85 348 
41 41 84 84 160 312 312 312 
198 508 
306 370 408 408 
5 5 5 5 504 
358 
325 358 
2 2 
182 182 404 404 413 
55 
73 73 315 
418 418 418 
76 398 
171 290 
441 441 
41 354 
476 476 496 
140 195 195 378 378 471 
117 136 136 136 216 216 
379 
19 60 60 79 83 83 138 236 236 237 237 237 
184 184 190 190 
36 36 190 190 372 372 


76 76 199 199 
176 247 247 401 401 401 401 
2 182 182 


367 367 367 
22 389 
184 415 
14 14 102 125 125 135 135 184 236 236 
152 152 364 
122 222 222 222 

82 
119 222 

232 232 232 387 387 
14 117 117 136 136 136 136 
185 185 491 
480 480 
413 448 448 448 
236 236 415 415 
497 
454 
168 168 
381 
380 380 
117 117 
102 102 102 125 125 125 125 
41 44 44 184 
104 164 164 236 236 
381 
101 320 320 
66 196 196 358 
389 389 
82 82 217 

339 
379 
236 236 344 344 344 
191 191 304 304 

248 248 
41 41 354 354 
118 118 
325 325 

413 413 
41 354 399 
233 233 276 276 425 
26 26 35 35 194 194 271 408 
39 39 188 188 205 205 227 231 231 305 305 402 428 428 433 469 477 477 511 511 
41 41 85 272 312 312 312 498 498 
413 
322 322 322 
39 
138 138 
82 329 329 
39 477 
413 500 
132 132 413 413 413 
68 68 233 296 296 425 425 
471 471 
97 290 480 480 480 480 
31 31 
344 
222 222 222 335 
187 187 187 187 187 407 407 
110 247 247 
300 415 415 
28 28 28 183 
68 68 
30 30 222 222 

2 2 2 15 92 92 111 111 220 220 340 363 404 404 413 413 444 444 499 499 
2 2 28 28 28 178 
5 5 12 12 16 16 31 32 41 52 70 70 81 81 81 105 105 116 117 137 213 221 236 246 246 260 260 267 279 279 284 289 291 291 307 307 345 345 354 354 354 355 366 366 366 396 396 409 415 415 426 456 465 465 484 488 490 
126 126 491 491 491 
76 245 245 
175 175 175 175 175 
159 159 477 477 477 
351 
105 105 106 106 372 372 
56 56 148 148 236 236 267 268 285 285 304 304 446 
33 40 40 67 236 236 236 281 
43 43 65 65 251 251 251 251 362 413 479 
158 158 
55 101 101 236 267 471 
8 76 76 76 77 141 141 290 290 290 350 350 413 413 413 422 
496 496 
5 5 86 386 508 
76 76 76 109 109 207 314 314 314 
269 
415 415 
12 12 355 
271 271 
267 
159 159 
405 
76 76 199 478 478 
76 76 76 
328 328 
35 309 
236 
238 238 238 310 310 
184 488 
215 215 314 314 
214 214 314 467 
102 102 
143 
271 271 271 
39 39 39 232 274 402 402 454 
182 182 494 
184 
30 35 119 119 119 122 174 174 174 180 180 314 341 341 376 376 376 413 413 483 483 499 499 499 
329 329 
8 313 313 
5 5 53 53 259 377 393 393 393 419 458 458 
292 292 
159 257 257 343 392 392 
76 76 
76 76 76 360 360 360 
275 303 303 406 406 406 415 415 415 
159 159 
124 124 124 219 390 390 454 454 454 
7 7 157 157 169 238 238 271 287 296 296 310 310 374 374 505 505 
503 503 503 
236 
49 49 49 56 56 60 60 69 69 79 79 83 83 83 104 104 117 117 129 129 138 138 147 147 184 191 191 192 192 192 195 211 235 237 237 237 252 252 267 267 267 275 278 278 278 283 283 344 344 351 351 415 415 432 432 460 460 487 
104 104 104 236 236 236 
212 212 212 233 233 
342 405 405 
279 279 279 279 279 476 476 496 496 
62 430 430 430 
76 
311 311 413 413 424 
325 325 325 358 358 
76 76 186 186 
184 184 
110 110 176 176 288 401 
150 150 408 408 408 
40 40 
374 442 442 
193 193 193 193 413 413 
236 236 
330 330 330 
283 415 415 415 
5 5 5 
271 271 271 
227 227 305 305 
70 409 409 
225 367 367 
184 184 
81 81 329 
364 
315 315 
11 11 334 334 334 385 
496 496 

184 191 195 204 236 236 236 268 471 
191 267 
200 415 415 
286 
3 7 158 203 203 218 218 218 233 256 256 256 282 282 297 327 327 339 339 374 375 375 375 391 391 401 408 408 408 412 427 427 442 442 453 
160 
5 5 354 354 472 472 
219 402 
230 236 
157 157 
415 
236 236 236 
5 184 184 240 240 240 240 240 
308 308 435 435 467 467 467 
67 67 67 192 298 347 421 
271 271 427 427 
236 236 254 415 415 
184 
191 191 
270 413 413 
9 233 
247 
81 184 451 451 
23 23 23 97 171 196 196 196 
184 184 426 426 426 
76 76 226 226 364 364 410 410 410 
408 408 408 
58 58 397 397 408 408 
76 76 76 76 
169 169 233 233 
271 408 408 408 
281 
54 76 76 413 
177 
339 
39 39 485 
230 230 415 
148 148 191 191 
159 159 257 257 343 343 392 392 482 482 482 
87 370 
32 184 184 354 396 396 465 465 
280 280 467 467 
210 
212 212 233 233 
243 243 
85 85 85 160 160 160 
8 8 224 224 
76 80 80 199 199 199 214 214 215 222 317 349 349 349 354 384 398 413 418 418 429 429 434 434 449 449 449 455 455 467 467 481 481 
31 73 73 73 94 263 263 336 
444 
314 413 413 
413 413 413 
354 
140 140 
42 323 
76 76 76 162 162 162 
42 42 42 321 359 359 
41 41 41 
90 153 153 244 244 244 358 358 358 
358 358 358 
271 271 
76 76 209 209 
81 165 165 223 223 261 
39 253 253 253 369 428 428 
22 22 
407 413 413 
413 413 
264 264 264 385 385 
174 413 494 494 494 494 
315 486 486 

415 415 415 
46 46 145 271 271 301 381 381 381 427 427 452 470 470 
182 
222 222 
239 
227 305 305 
69 69 147 147 147 173 236 236 447 447 447 
52 52 52 184 184 
47 47 47 76 76 459 
67 281 421 421 421 506 506 
84 
314 314 314 481 481 
8 8 8 196 196 
189 236 236 356 356 356 432 

456 
5 5 5 31 41 41 76 99 151 151 156 184 184 184 273 273 307 314 319 411 411 450 450 462 462 462 490 490 502 502 502 508 508 
12 184 202 
351 351 351 
367 431 496 496 
38 38 72 72 89 90 141 244 244 325 325 325 326 326 326 413 413 466 500 503 503 
61 61 81 323 323 
229 229 229 
76 76 
65 193 413 413 
182 
118 262 292 292 

184 184 184 
114 114 114 259 259 357 496 496 
401 401 
330 
87 306 
68 68 68 
106 106 190 190 

233 233 250 271 408 408 417 417 442 442 
271 271 271 
222 222 222 
225 458 458 
101 101 
103 146 
134 134 
0 0 46 46 64 64 133 139 339 339 339 395 408 
413 413 
63 63 75 415 415 432 432 432 
314 449 
264 334 334 413 
198 
124 124 
487 
22 22 82 82 115 142 142 497 497 
232 232 
271 271 
227 227 305 305 
225 225 225 
81 495 495 495 
46 64 381 
184 184 307 307 
58 294 294 
96 314 
41 156 
5 5 50 50 
110 110 110 110 247 271 368 368 
39 39 159 219 219 274 405 
427 
6 6 6 92 92 182 182 
206 239 239 402 
37 230 230 230 415 
175 175 332 413 413 413 
25 25 26 87 87 158 248 248 248 271 271 271 293 293 293 294 294 297 297 297 374 374 381 412 412 412 437 470 470 470 
184 258 258 
292 292 292 
354 354 
271 408 408 408 
45 45 74 76 77 92 128 155 155 161 167 168 168 168 182 182 193 196 196 196 222 222 243 243 251 251 286 286 299 314 317 317 318 318 318 332 332 333 333 335 358 358 362 362 382 382 385 407 407 407 439 439 448 494 494 500 
22 22 
57 116 129 129 177 177 184 184 201 201 230 230 230 236 236 254 254 254 269 269 277 283 283 303 338 338 338 383 383 406 432 432 432 460 460 460 463 463 

374 374 
80 95 95 95 314 314 
225 
18 441 
281 347 347 347 
196 

243 
157 169 169 
184 291 291 291 
271 271 282 282 339 339 403 
20 159 159 330 330 
314 314 
241 241 241 
357 496 496 496 
236 236 351 383 383 383 415 415 415 
159 
314 314 
280 280 449 
22 22 
408 
83 83 83 
45 413 413 
76 
1 5 5 98 98 420 
250 250 271 271 374 374 468 468 
5 5 5 
59 182 182 316 
450 450 450 
56 56 191 
344 344 344 
74 74 74 128 128 128 413 
314 314 314 384 435 467 467 467 
41 41 354 354 445 445 445 
289 289 
339 
271 
4 4 131 219 232 232 232 
314 314 
184 353 491 491 
41 41 
225 225 377 377 
346 
236 236 415 415 415 
22 22 
354 354 354 
63 75 75 75 415 415 

184 184 307 307 
72 358 
215 280 280 280 308 308 314 314 449 449 449 
442 442 
159 
339 339 408 408 408 
101 170 170 195 267 
273 273 
491 
56 487 487 487 
5 5 
10 10 10 100 100 240 240 496 496 
39 159 159 166 188 188 188 
76 76 207 207 
193 
127 127 171 171 171 171 
314 314 349 349 
305 305 305 
30 222 222 
184 
39 302 
31 336 336 489 
56 56 236 388 474 474 474 
184 213 
31 486 
51 51 184 354 354 
126 185 185 185 456 456 473 
41 41 
3 
220 335 335 335 335 413 413 
81 81 81 394 394 394 
100 197 197 240 240 265 265 357 357 367 367 431 431 431 476 476 
22 130 389 389 
160 160 
182 182 222 222 222 
167 358 413 
54 54 
354 354 354 
234 234 234 358 358 
5 5 88 
233 233 
347 347 

5 48 86 198 354 354 
76 76 

159 159 
