Nodes: 512, Edges: 1187
133 381 381 381 
441 
28 28 91 91 111 111 182 182 183 
493 493 
454 
34 34 88 88 88 88 184 198 198 225 225 225 255 255 255 279 354 354 400 400 441 443 443 504 504 508 508 
404 404 404 
271 271 271 
196 196 224 313 350 350 
287 287 287 287 
476 
264 
184 184 184 202 355 
76 
117 117 
59 59 59 182 182 
184 
390 455 
420 441 
104 104 
428 
31 
108 108 108 331 331 414 414 414 414 436 461 461 497 497 
290 290 
76 
408 
158 408 
76 76 76 346 346 
2 2 178 178 183 183 
56 
180 180 180 222 222 483 
21 172 184 184 184 279 279 315 354 354 486 489 
307 
67 67 67 192 192 
5 5 
158 158 158 158 158 210 413 413 
106 
406 415 415 415 
358 358 
62 62 159 159 163 163 166 166 219 219 231 231 241 267 302 302 330 330 402 402 405 477 477 485 485 
192 192 192 236 249 249 
85 85 99 99 99 137 151 151 156 160 160 160 184 184 324 324 354 354 399 399 445 457 457 492 492 
321 323 323 323 323 
193 
137 137 
413 413 
64 339 339 381 395 
76 78 346 346 346 

236 
400 400 400 
490 490 
184 345 345 345 
225 
76 76 299 501 
93 93 195 236 
29 236 236 304 446 474 474 474 487 

294 294 397 
15 15 15 444 
104 104 236 
81 81 359 
39 39 241 241 
75 383 383 383 383 463 
46 381 381 395 
193 193 193 362 362 
141 141 141 
33 33 33 192 192 281 281 281 347 347 
169 169 179 179 296 371 371 
236 236 344 
184 184 246 246 258 

325 358 358 466 
94 315 
413 448 448 
63 383 
13 24 27 27 27 47 54 54 78 96 107 109 109 109 162 162 184 196 199 199 207 207 228 229 229 242 245 245 245 292 292 295 295 295 299 299 299 314 314 322 328 328 346 346 353 353 361 413 413 413 440 440 456 456 478 478 509 509 509 
196 413 
47 76 
236 

61 61 82 82 113 184 289 289 289 329 329 359 389 389 394 495 495 
81 81 121 142 142 143 143 143 165 165 389 
104 104 104 236 236 438 438 438 
85 312 348 
41 41 84 312 
198 198 198 508 508 
306 306 370 408 408 408 
5 5 5 5 504 504 


2 2 
182 182 404 413 
55 55 
73 315 
418 
76 398 
171 
420 441 441 
41 41 41 354 354 
476 476 476 496 496 496 
140 140 195 195 378 378 471 
117 136 136 136 216 216 
146 146 379 
19 19 60 60 83 83 83 138 138 138 236 236 237 237 237 507 
184 184 190 190 372 
36 190 190 190 372 372 
76 
22 22 22 414 
76 76 76 199 
176 247 247 247 401 401 
2 2 182 182 182 
184 184 
81 

389 
184 184 415 415 
14 14 102 125 125 125 135 184 236 
152 152 364 364 364 
122 122 222 413 413 413 
486 
82 143 143 143 
119 119 222 
468 
232 232 454 454 
117 117 117 136 136 136 
185 491 
480 
413 448 448 448 
415 
497 

168 168 
0 381 381 
380 
117 
102 102 102 125 125 125 
41 44 44 184 184 
104 104 104 164 236 
381 
101 101 
66 66 66 196 196 358 358 
82 82 389 
82 82 82 121 121 121 217 217 
282 282 
339 339 
103 103 379 379 
236 236 344 344 
304 
250 250 417 
248 248 408 408 
41 41 354 
118 118 292 292 
325 325 

413 413 413 
41 399 450 
233 233 276 425 425 425 
26 35 35 35 35 35 194 194 271 271 408 
39 39 188 205 205 227 231 330 330 330 402 402 428 433 433 469 477 477 510 510 
41 41 41 272 272 312 498 
413 439 439 
76 76 322 322 322 
39 39 
138 
82 82 329 
39 39 
413 413 
132 132 413 
68 68 233 233 233 296 425 
471 471 
97 480 
31 
344 344 
222 335 
187 187 407 407 
110 247 247 
300 300 415 415 415 
28 28 183 
68 68 
30 30 30 222 
367 
2 2 15 15 92 92 111 111 111 220 340 363 404 404 413 444 444 444 
2 28 28 178 
5 12 12 12 16 31 31 31 41 41 52 70 70 76 81 105 105 112 112 116 116 117 137 137 236 236 246 258 260 267 279 279 284 284 284 289 289 289 291 307 315 324 338 345 345 345 354 354 355 355 396 409 409 409 415 415 415 426 465 465 484 488 490 490 
126 491 491 491 
245 245 245 
175 175 
159 477 477 
351 
105 105 106 106 106 372 372 
236 267 285 304 446 446 
33 33 40 40 40 67 67 236 236 281 281 281 
43 65 65 65 251 251 251 286 362 362 413 413 413 479 500 
158 158 
55 101 101 236 267 
8 8 76 77 141 141 200 290 290 350 373 373 413 413 413 422 422 
496 496 
5 5 86 86 86 386 386 508 508 
76 76 109 207 207 314 
196 269 
236 415 415 
12 355 355 355 
271 271 271 
267 267 268 
159 159 
405 405 
76 76 199 199 478 478 

328 328 
35 309 
236 
238 238 238 310 310 

215 314 314 
214 314 314 467 
102 102 
143 143 
271 271 
39 39 402 454 
182 494 494 

30 30 119 122 174 180 309 341 341 341 376 376 376 376 413 483 499 499 
329 329 
8 313 350 
5 5 5 53 259 259 259 377 377 393 419 419 458 458 458 
292 292 
159 257 337 337 343 392 392 477 
76 245 
76 76 295 295 360 360 360 361 
275 275 303 303 406 406 406 406 415 415 
39 39 159 
124 124 390 390 454 
157 157 169 169 169 238 238 271 287 287 287 296 296 310 374 374 374 375 505 
503 
236 487 487 
40 49 55 56 56 60 69 69 79 83 83 104 104 117 138 147 147 184 184 191 192 192 195 201 211 235 237 237 237 252 252 267 275 275 278 344 415 415 432 487 487 
104 104 104 236 236 236 
212 212 212 233 233 
342 342 405 405 405 
279 279 279 279 476 496 
39 62 62 430 430 430 
76 
311 413 424 424 494 494 
325 325 358 358 358 
76 76 76 186 186 186 228 
70 70 184 
110 110 110 176 176 288 288 401 401 
150 150 408 408 
40 40 
149 149 374 374 417 417 442 
193 193 193 286 286 413 413 
236 236 

283 
5 5 5 
271 271 273 
227 305 
70 184 409 
225 225 225 367 
184 
329 
410 
315 
11 334 385 385 
496 

39 184 191 195 204 204 236 268 356 471 471 471 
204 267 
200 415 

7 7 7 158 158 203 203 203 218 218 233 256 256 297 297 327 327 339 354 374 374 375 391 391 401 401 401 408 408 412 412 427 453 453 
160 160 
256 354 354 472 472 475 
402 
230 230 236 236 
157 

236 
5 31 31 184 184 240 240 240 240 
308 308 435 435 435 449 449 449 467 
67 67 67 192 192 192 298 347 347 421 421 
144 144 427 427 
254 
184 184 184 
191 
193 251 251 413 
9 9 9 9 233 233 233 
247 247 
81 81 81 184 184 184 451 451 451 
23 23 196 196 
184 426 
76 76 152 152 226 226 364 364 410 410 410 
408 
58 58 397 397 408 408 
76 76 76 229 229 
68 169 233 233 
271 271 408 
281 347 
54 76 76 76 413 413 
177 177 
339 339 339 
39 39 485 
230 230 415 
56 148 191 
257 343 343 343 392 392 482 
87 87 370 370 370 408 408 
32 184 354 465 
280 280 467 
210 222 
212 212 233 
243 
84 85 160 
8 224 
76 76 199 214 214 215 215 317 317 349 384 398 413 418 418 429 434 434 434 449 455 455 455 467 467 
31 73 94 184 263 336 336 486 
444 444 
314 314 398 413 413 
413 413 
354 

42 323 
76 162 162 162 
42 42 42 42 321 359 359 
41 41 184 
72 153 153 244 244 358 
358 358 
271 271 
76 76 209 209 
81 81 165 223 223 261 
39 39 159 159 159 369 369 428 
22 22 
407 413 
413 413 413 
264 385 385 385 413 
174 413 413 494 494 
315 315 486 486 
227 227 
184 
46 46 145 145 271 301 301 301 381 381 408 408 427 452 452 452 464 464 470 
182 
222 222 222 
239 239 
227 305 305 305 
69 147 147 173 173 236 447 
52 52 52 184 184 184 
27 27 47 47 47 76 76 459 459 459 
67 67 281 281 298 421 421 506 506 
84 
314 481 481 481 
8 8 196 224 
189 356 432 
402 402 
76 76 456 456 
5 5 31 31 41 41 99 99 151 184 184 271 273 273 307 319 411 462 462 490 502 502 508 508 
12 184 184 202 202 202 
267 351 
367 367 431 431 
38 38 72 72 141 141 244 244 244 325 326 326 413 466 466 466 500 
61 81 323 323 
229 229 229 
76 229 
65 65 193 193 413 
182 
118 118 118 292 292 
415 415 

181 259 357 357 496 496 
401 401 401 
330 330 
87 306 306 306 
68 68 
105 106 106 190 190 
196 196 
233 233 233 250 250 271 271 408 408 417 442 
233 271 
222 222 222 222 
225 225 458 458 
101 101 
103 146 146 
134 
0 0 0 46 64 64 133 133 139 339 339 408 408 
413 
63 63 63 63 75 415 432 432 432 
314 449 449 
264 264 334 334 334 413 
198 198 


81 81 82 115 142 497 497 
17 232 232 
271 271 
227 227 305 305 
225 
81 495 495 
46 64 
184 
58 294 294 
96 314 317 
41 41 156 
5 5 50 50 50 
110 110 247 247 271 271 271 368 368 368 
39 39 159 159 219 274 352 352 405 405 
427 
6 6 6 92 182 182 
39 206 206 239 239 239 402 402 
37 230 230 230 230 415 415 415 
175 175 332 413 
25 26 87 87 87 150 150 158 248 248 271 271 293 294 294 297 306 306 339 339 374 374 381 381 412 437 437 470 
184 184 184 258 
262 292 292 292 
354 
271 271 408 
35 35 45 45 74 76 76 76 77 92 119 119 119 128 155 155 155 161 167 167 168 182 193 193 193 196 196 196 222 243 251 251 286 299 299 314 317 317 318 318 332 333 333 333 334 335 335 358 362 382 385 407 439 448 448 455 455 500 
22 22 22 22 108 
37 37 37 116 116 129 177 177 177 184 184 184 201 201 230 230 236 236 269 303 365 365 383 406 406 406 432 460 460 463 

149 250 250 374 
95 314 314 
225 225 
18 98 441 441 
281 281 347 347 
196 196 

243 243 
157 157 157 169 
184 291 
271 282 282 339 403 
20 159 330 
314 
241 241 241 
357 357 496 
236 351 383 383 383 415 
159 159 
314 314 314 
280 280 280 
22 
408 408 
83 83 83 
161 161 413 
76 76 
1 5 18 98 98 420 420 
250 374 468 468 
5 5 
59 182 182 182 316 316 
41 
56 191 191 
344 
74 74 128 128 128 413 413 
280 280 280 314 384 384 467 467 
156 462 
289 289 289 
339 339 339 464 464 
271 271 
4 124 124 219 232 
17 314 314 314 413 413 
76 76 353 353 491 491 491 
41 41 
225 225 225 377 377 
346 346 346 
415 415 
22 22 497 497 
354 354 450 
63 415 
339 339 452 452 
184 184 307 
72 358 358 358 
215 280 308 314 314 449 449 
123 442 442 
159 511 511 
339 408 
101 170 170 267 267 267 
273 273 
491 
56 56 56 487 
273 
10 100 100 100 240 496 496 496 
39 39 159 159 188 188 227 
76 76 207 207 
193 
127 171 
349 349 349 
305 
30 222 
184 
39 39 302 
31 120 315 336 336 489 489 
56 235 235 236 236 474 
184 
31 486 486 
51 51 184 184 354 
126 185 185 185 456 456 456 473 
41 41 
3 3 
220 220 243 243 335 335 
81 81 394 394 
100 100 100 197 197 240 265 367 367 431 476 476 476 
22 22 130 389 389 461 461 
160 
222 222 
193 358 413 
54 
354 354 
234 
5 5 88 88 
233 
347 347 
104 
5 5 86 86 198 198 354 354 
76 76 76 
159 159 
469 469 
