Nodes: 512, Edges: 1187
133 381 
441 441 
28 28 91 111 111 182 182 183 183 

454 454 454 
34 34 48 48 50 50 88 88 88 88 184 184 184 198 225 225 225 255 273 279 279 354 354 354 400 400 441 443 504 504 508 508 508 
404 404 
233 271 271 
196 224 224 313 
287 287 287 287 287 
476 476 
264 264 
184 184 202 355 355 
76 76 
117 184 184 
59 59 59 444 

390 455 
441 441 
104 104 
428 428 
31 31 31 
115 331 331 389 414 414 436 436 461 461 461 497 497 497 
290 290 

408 
158 408 
76 346 346 
2 2 178 178 183 183 183 
56 56 
180 222 222 222 483 
21 21 21 172 184 184 279 279 279 315 315 315 354 354 486 486 489 
307 
192 192 
5 5 
222 
106 
57 415 415 
358 
62 62 62 159 159 163 166 166 231 241 241 302 330 330 330 402 402 402 405 477 477 477 485 485 
192 236 236 249 
99 99 137 137 151 156 160 160 184 324 354 354 399 450 450 450 457 492 492 
321 321 323 323 

137 137 
76 76 76 109 
339 381 
76 76 78 346 
5 5 
236 236 
5 5 
490 490 
184 345 
225 225 
299 501 501 
93 93 195 236 236 
29 29 191 191 236 236 446 474 487 487 
37 415 415 
294 397 397 
15 15 15 
236 
81 81 359 359 359 
39 39 39 241 241 
75 383 383 463 463 
381 381 
193 193 362 362 416 416 416 
141 141 
281 281 347 
169 179 296 296 296 371 371 371 
236 236 236 344 344 344 
184 246 258 
369 
325 325 358 358 
94 315 315 
413 448 
63 383 383 463 
13 13 27 45 45 45 47 47 78 78 78 96 96 107 109 109 162 162 162 184 186 186 196 196 196 199 199 208 208 228 229 245 245 292 292 295 295 295 299 299 299 314 319 319 322 322 328 328 328 346 346 353 361 413 423 423 440 440 456 456 509 509 
196 413 
47 76 76 76 
104 236 
314 314 
61 61 82 113 113 184 184 261 261 261 289 289 329 329 359 359 389 394 
81 121 142 142 142 143 143 165 165 165 165 
104 104 236 236 236 438 438 438 
85 85 85 348 348 
84 84 84 160 160 160 312 312 312 348 
198 198 198 508 
306 306 370 408 408 
5 5 5 5 
358 358 
325 358 358 
2 
182 182 404 404 413 413 
55 55 
73 315 315 
418 
76 76 398 
171 171 290 290 
420 420 441 441 
41 41 354 354 
476 476 496 496 
140 140 195 195 378 378 
136 216 
146 146 379 379 425 425 425 
19 19 79 83 83 138 138 138 236 236 237 237 237 507 507 
184 184 184 190 
36 190 190 
76 
414 
45 76 76 
176 176 247 401 401 
2 2 182 182 182 
184 
81 81 
367 
22 
184 
14 125 184 184 184 236 236 
152 152 152 364 
122 122 222 222 413 
486 486 
82 143 143 
119 119 222 222 
468 
232 232 387 454 
117 136 136 136 
185 185 491 491 
480 480 
413 413 413 448 
236 236 415 415 
497 
454 454 
168 
0 381 381 
354 354 354 380 380 380 

102 125 125 125 
41 41 44 44 
104 104 104 164 164 236 236 
381 
101 101 320 320 
66 66 196 196 196 196 196 358 
82 82 82 389 
82 82 121 121 217 217 217 
282 
339 339 
103 103 379 
236 236 344 
191 191 191 304 304 
250 250 417 
248 248 248 408 
41 354 354 354 
118 118 118 292 292 
325 
374 374 

41 399 
233 276 276 425 425 425 425 425 
26 194 194 194 271 271 408 
39 39 188 188 188 205 205 205 227 231 330 330 402 402 428 428 433 477 510 511 
41 41 85 85 85 272 272 312 312 498 498 
413 413 439 
76 76 76 322 322 
39 
138 138 
82 82 82 82 329 
39 39 
413 413 
132 
68 233 233 425 425 

97 97 290 290 480 480 480 480 
31 
344 344 
222 222 222 

110 110 247 247 247 
300 415 
28 28 183 183 183 
68 
30 222 222 
367 
2 2 92 92 111 111 111 340 340 363 363 363 404 404 413 444 444 
2 2 28 28 28 178 178 178 
5 5 5 12 12 14 14 31 31 41 52 70 76 81 81 105 105 105 112 116 117 117 117 213 213 221 236 236 236 246 258 258 260 260 260 267 267 267 279 279 291 307 315 315 324 324 338 338 345 345 354 354 354 396 409 409 415 415 415 426 465 484 484 488 488 
126 126 491 
76 76 245 440 440 
413 413 
159 159 159 477 
351 351 351 351 
105 106 106 372 372 
56 56 148 148 148 236 236 267 267 285 285 304 304 446 
33 33 40 236 236 281 
65 65 251 251 358 358 362 413 413 479 500 
158 158 158 
55 101 101 236 236 267 471 
8 76 76 76 77 141 141 141 141 141 290 290 350 350 350 373 373 413 413 413 422 422 
496 496 
5 86 86 86 386 508 
76 76 207 314 314 314 314 
269 
236 415 415 
12 355 

267 268 268 
159 159 159 
405 405 
199 478 478 
76 76 242 
328 328 
309 
236 
238 238 238 310 310 
184 184 488 
215 314 
214 314 314 467 
102 
143 143 143 
271 271 
232 274 402 
494 
184 
30 30 30 35 119 119 122 122 174 174 174 180 180 309 314 341 341 376 376 376 413 483 483 499 499 

8 8 313 350 
5 5 5 53 53 259 377 377 393 393 419 
292 
159 257 337 337 343 343 392 392 477 477 
76 
76 295 295 
236 275 303 303 406 406 415 415 
39 159 
124 124 219 390 390 390 390 454 454 
7 157 169 169 238 238 271 287 287 287 296 296 310 310 374 374 375 375 505 505 
503 503 503 

40 40 49 49 55 55 56 56 60 69 69 69 79 83 83 83 104 104 117 117 129 129 138 138 147 147 184 184 184 191 191 192 192 195 195 201 211 230 252 267 267 275 275 278 278 283 283 283 344 344 351 351 415 415 432 432 460 
104 104 104 
212 212 212 233 233 
342 342 405 
279 279 476 496 496 
39 39 62 62 
208 
311 413 494 
325 358 358 
76 76 186 
70 184 
110 176 176 176 288 288 401 401 
150 150 150 408 408 
40 
149 149 374 417 442 
193 193 413 413 413 
236 
330 330 
283 283 415 415 
5 
271 273 
227 305 305 
70 184 184 409 409 409 
225 367 441 
184 184 184 
81 81 81 329 
364 410 
315 315 315 
11 11 334 334 385 385 

493 
184 184 184 191 191 195 204 236 236 268 268 356 
204 204 267 267 
200 415 415 

7 7 158 158 218 218 233 256 282 282 282 297 297 327 327 327 339 339 354 354 374 374 375 375 391 401 408 408 412 412 427 427 442 453 
160 160 
5 256 354 472 475 
219 
230 236 236 
157 157 
415 415 
236 236 
5 5 31 31 31 184 184 240 240 
308 435 435 449 449 467 467 
67 67 192 298 298 347 421 
144 271 271 271 427 427 427 
236 236 236 254 254 415 415 415 

191 191 
413 413 
9 9 9 9 9 233 233 233 
247 247 
81 81 451 
23 23 97 97 171 171 196 196 480 480 
184 426 
76 76 152 152 226 364 364 410 
408 
58 397 397 408 
76 76 76 229 229 509 
68 68 68 233 233 
271 271 
281 281 
54 76 76 76 413 413 
177 
339 
39 
230 230 415 415 415 
148 148 191 191 
257 257 343 343 343 392 482 
87 87 370 408 408 
32 184 354 354 465 465 465 
280 
210 222 
212 212 233 233 
243 
85 85 85 160 160 
8 224 
76 80 80 199 199 199 199 214 215 215 222 317 317 349 349 349 354 384 398 398 413 418 418 429 434 434 449 449 449 455 467 467 467 
31 31 31 73 73 94 94 184 184 263 263 263 336 336 
444 444 
314 314 398 398 413 413 413 
413 
76 76 354 
140 140 
42 42 323 
76 76 162 162 
42 42 321 359 
41 184 184 
72 72 90 153 244 358 358 
358 358 
271 271 271 
76 76 76 209 209 
81 81 165 261 
39 39 39 159 159 253 253 369 428 
22 22 
413 413 
413 413 
264 264 385 385 
413 413 494 494 494 494 
315 315 486 486 
227 227 
184 184 415 
46 145 145 271 271 301 381 408 408 427 452 452 464 464 464 
182 182 
222 222 
239 239 
227 227 305 305 305 
69 69 69 147 173 173 236 236 447 447 
52 184 184 
27 27 47 76 76 
67 281 421 506 506 
84 84 85 
314 314 314 481 
196 196 196 224 
189 189 189 189 236 236 356 356 432 432 432 
402 402 402 
76 456 456 456 
5 5 5 31 31 41 41 99 99 134 134 134 151 151 151 184 184 184 271 271 273 307 307 314 319 411 411 450 490 490 502 508 
12 12 202 
267 351 351 
367 
38 72 72 89 89 90 90 141 193 193 244 244 325 325 326 326 413 466 503 503 
61 61 61 81 81 323 

76 
65 65 193 
182 182 182 
118 262 292 292 
415 

114 181 259 357 496 

71 330 
87 306 
68 68 68 
190 190 
196 196 
154 154 233 233 250 271 271 417 442 442 442 
233 233 271 271 
222 222 222 
225 225 458 458 
101 101 
103 103 146 
134 134 134 
0 46 64 64 133 133 139 339 395 395 408 408 
413 
63 63 75 75 415 415 432 
314 449 
264 264 334 334 413 413 413 
198 
124 
487 487 
22 81 142 497 497 
17 232 232 232 232 
271 
227 227 305 
225 225 
81 495 
381 381 
184 
58 58 294 294 
96 314 314 317 317 
41 156 
5 5 
110 110 247 247 271 
39 39 39 159 159 219 352 352 352 405 405 405 
427 
6 6 92 92 182 182 
39 206 206 239 402 402 402 
230 230 
413 413 413 
25 26 87 87 150 158 248 248 271 271 293 294 306 306 339 339 381 381 412 437 437 470 
184 184 258 258 258 
262 292 
354 354 
271 271 408 
74 76 77 92 92 119 128 128 128 161 161 167 167 182 187 187 193 193 196 196 196 222 243 251 251 251 286 286 299 299 314 317 317 317 318 332 332 333 333 335 335 358 382 385 385 385 407 407 407 439 439 448 455 494 494 
22 22 108 
37 37 57 57 129 129 177 184 184 184 201 201 230 230 236 236 254 254 269 269 277 277 283 283 283 303 303 303 338 365 383 383 432 432 460 460 460 463 
65 65 65 
149 250 374 
95 314 314 
225 
98 98 441 
281 347 
196 196 
76 76 

103 103 103 157 157 157 157 157 169 169 
184 291 
271 271 282 282 282 339 403 
20 20 159 159 330 
314 

496 
236 236 351 351 351 383 415 415 
159 
314 314 
280 280 449 
22 22 
408 408 
83 83 83 
161 413 413 
76 76 186 186 
1 1 5 18 18 98 98 259 420 
250 271 374 374 374 
5 
15 182 182 316 316 
450 450 
56 191 
344 344 
74 128 413 
280 280 314 314 314 384 435 467 467 
41 41 41 354 445 445 462 
289 
339 339 464 464 
271 
4 4 4 124 131 131 232 232 
17 314 413 
76 76 353 353 353 491 
41 
377 377 

236 415 415 415 
22 22 22 497 
450 
63 63 75 415 
339 339 339 452 452 
184 307 307 307 
358 
215 280 280 314 314 314 449 449 
123 
511 
408 
195 
273 475 

56 487 487 
273 472 
10 10 100 100 240 496 496 
39 39 39 159 188 227 227 
207 207 
193 
127 127 171 171 171 171 290 290 
349 
305 
30 222 222 
184 184 
39 39 
31 31 120 120 336 336 489 489 489 
56 56 388 388 474 474 
184 184 213 
31 486 486 486 
51 51 354 354 
126 126 185 456 
41 41 
266 
220 243 335 335 335 335 413 413 
394 
100 100 197 197 240 240 367 431 476 476 
22 22 22 130 389 389 461 
160 160 
222 222 
193 
54 54 
354 
234 234 234 358 358 
5 5 
233 233 
347 347 
104 104 
5 5 5 86 198 354 
76 76 295 
159 
159 469 
