Nodes: 512, Edges: 1187
133 381 381 
441 
28 28 91 182 182 183 183 183 
271 493 493 493 
454 454 
34 48 48 50 50 50 184 198 198 225 255 255 273 279 279 354 354 441 441 441 443 443 504 504 508 508 
404 404 
233 233 271 
196 196 224 313 313 350 
287 287 287 

264 264 264 
184 202 355 355 

117 117 184 
59 59 59 59 182 182 444 
184 184 
390 
420 441 441 
104 104 104 
428 428 428 
31 31 31 
108 331 331 331 389 414 436 436 461 461 461 497 497 
290 290 
76 
408 408 408 
408 408 
76 76 76 346 346 
2 2 178 178 183 183 183 
56 
180 222 222 483 483 
21 21 21 172 184 279 279 315 354 354 486 486 486 
184 307 
67 192 
5 
222 413 
106 106 
415 
358 
62 62 62 159 159 163 166 166 166 219 231 302 330 330 330 402 402 405 477 485 485 
192 192 
85 99 99 151 160 184 184 184 324 354 399 445 450 450 450 457 492 492 
321 321 323 323 323 
193 
137 137 137 
76 413 413 413 439 439 
64 339 339 381 395 
76 346 346 346 
5 5 508 

5 5 5 400 400 
484 490 490 
184 184 345 345 345 
225 225 
501 501 
93 93 195 195 195 236 236 
29 191 191 236 236 304 446 446 474 474 487 487 
415 
294 294 397 397 
15 15 15 15 444 
104 236 236 236 
81 81 359 
39 39 39 
75 383 463 463 463 
46 381 381 381 395 
193 193 362 416 416 
141 141 
33 192 192 192 281 281 347 
169 169 179 296 
344 344 344 
184 184 184 
369 
325 358 466 466 
94 315 
413 413 448 448 448 
63 383 463 
24 27 27 27 45 47 78 78 96 96 107 107 162 162 162 184 184 186 186 196 199 199 207 207 208 228 229 242 242 245 245 292 292 295 299 299 314 319 319 319 328 328 346 346 346 353 353 354 354 361 413 440 440 440 456 456 478 478 478 509 509 509 
413 
76 76 

314 314 418 
61 61 82 82 113 184 184 261 289 289 289 329 329 329 359 389 389 394 495 
81 81 121 142 142 142 143 143 165 165 165 389 389 389 
104 104 104 104 236 236 438 438 
85 85 312 348 
41 84 84 312 312 348 
198 198 508 508 
306 370 370 408 408 408 
504 

325 
2 
182 182 404 404 413 
55 55 
73 315 315 
418 
76 76 398 
171 171 290 290 
420 420 420 441 
41 41 354 
476 476 496 496 
140 195 378 471 
117 136 136 
146 379 379 425 
19 19 19 60 83 83 83 83 138 236 236 237 507 
190 
36 36 372 372 372 
76 76 
22 
199 
176 247 401 
182 182 

81 
367 367 

415 
14 14 102 125 135 184 184 
152 152 152 152 364 364 
122 
486 
82 143 
119 

232 232 309 387 387 454 
117 136 
185 185 491 491 491 
480 480 480 
413 413 448 448 
236 415 415 415 
497 
454 454 
168 168 
0 381 381 
354 354 
117 
102 102 125 
44 44 44 184 
104 164 164 236 236 

101 320 
66 66 196 196 196 358 
82 82 82 
82 82 121 
282 282 
339 339 
103 379 
236 236 344 
191 191 304 
417 417 
248 408 
41 354 354 
118 118 118 118 292 
325 325 325 
374 374 
413 413 
354 399 
233 233 276 276 425 425 
194 271 408 
39 39 188 188 205 205 227 227 305 330 402 428 428 428 433 433 469 477 510 510 510 511 
41 312 498 498 
439 
76 76 76 322 322 322 
39 
138 138 
82 82 82 
39 39 39 477 
413 500 
132 132 413 
68 68 233 233 233 296 296 425 425 
471 471 
97 97 290 
31 
344 
222 335 494 
187 
110 247 
300 300 415 415 
28 28 183 183 183 
68 
30 222 
367 367 
2 2 15 15 92 92 111 111 220 340 340 363 363 413 444 444 499 499 
2 2 2 28 28 28 178 178 178 
5 12 14 16 16 31 32 41 41 41 52 52 70 70 70 76 76 81 81 117 117 137 221 221 221 236 236 246 246 258 258 258 260 260 267 279 279 284 289 289 291 291 292 307 315 315 324 324 338 345 354 354 354 355 366 396 409 409 415 415 426 426 456 484 488 490 
126 126 
76 76 245 245 245 440 440 
175 413 
159 159 477 477 

105 372 
56 56 148 148 236 236 236 267 267 268 268 285 304 446 
33 40 40 67 67 67 236 236 281 281 281 
43 65 65 251 251 286 358 362 413 500 500 
158 
55 55 55 101 236 236 267 267 471 471 
8 8 76 141 141 141 200 200 290 290 290 350 350 373 373 413 422 
496 496 
5 5 86 86 386 386 508 508 508 
76 76 109 207 314 314 
196 196 269 
236 236 415 
12 355 
271 
267 268 
159 159 

76 76 199 337 478 
76 
328 328 
232 309 
236 
238 238 238 310 310 

215 314 
214 314 314 467 467 


271 
39 232 274 402 402 454 454 
182 494 494 494 
184 184 184 
30 30 35 174 180 314 341 341 376 376 413 483 483 499 499 
329 329 
8 313 313 350 350 
5 53 53 259 377 419 419 
292 
159 159 257 257 337 337 343 343 343 392 477 477 477 
76 245 
76 360 360 360 360 361 
236 275 275 406 406 415 415 
39 
124 124 210 219 390 454 454 
7 7 157 157 169 169 169 238 238 238 271 287 287 296 296 310 374 374 375 505 505 
503 
236 487 
55 55 56 56 60 60 60 83 83 104 104 129 138 138 147 147 184 184 191 191 191 192 192 195 195 201 201 211 230 235 252 267 267 267 275 283 283 344 344 351 351 351 415 415 415 432 432 438 460 487 487 487 
104 
212 212 212 233 233 233 
342 
279 476 476 496 496 
430 430 
76 76 
311 311 413 413 424 424 494 494 
325 325 
76 76 186 186 186 228 
184 184 
110 176 288 401 401 
150 408 408 

374 374 417 417 417 442 442 442 
193 193 286 286 413 413 
236 
330 
283 
5 5 
271 271 271 271 
227 227 305 305 
184 184 184 409 
225 367 367 367 441 
184 184 
81 329 329 329 
364 410 410 
315 
11 11 11 334 334 334 
496 

184 191 191 195 195 204 236 236 236 268 471 471 471 
191 191 204 267 
200 415 
286 
3 7 158 203 218 233 256 256 256 256 282 297 297 297 327 339 339 354 374 374 375 375 391 391 391 401 408 408 412 412 427 427 442 442 453 453 

5 354 354 472 475 475 475 
219 402 402 
230 230 236 
157 157 
415 415 

5 5 31 31 184 184 240 
308 308 308 435 435 449 449 467 467 
67 67 192 192 192 298 347 421 
144 144 271 427 
236 236 254 415 415 415 
184 
191 
193 251 251 270 413 413 413 
9 9 9 233 233 
247 
81 81 81 184 184 451 451 451 451 
23 23 97 97 171 196 196 196 480 480 
184 184 426 
76 76 152 184 226 364 364 410 
408 408 
58 58 397 397 408 
76 
68 169 169 233 233 
271 271 271 408 408 408 
281 347 347 347 
76 76 
177 177 
339 
39 485 
415 415 
56 148 191 
159 257 257 343 343 392 392 482 482 482 
87 370 370 408 408 408 
32 184 354 354 396 396 
280 280 280 467 467 
124 210 
212 212 233 
243 243 
84 85 85 160 
8 8 224 224 
76 80 80 199 199 214 215 215 222 317 317 349 349 354 384 384 384 398 398 398 413 413 418 418 429 434 434 434 449 449 467 467 481 481 
31 73 94 94 184 184 263 486 
444 444 
314 314 398 413 
413 413 
76 76 76 354 
140 
42 42 323 
162 162 162 
42 42 42 321 359 359 
41 184 184 
72 90 153 153 153 244 244 358 358 358 358 

271 
76 76 209 209 
81 81 81 223 223 261 261 261 
39 39 39 159 253 
22 22 22 
407 413 413 
413 
264 264 264 385 385 413 413 
174 413 413 494 494 

207 227 227 
184 415 
46 46 145 145 271 271 301 408 427 427 452 464 470 470 470 
182 182 
222 222 
239 
227 227 227 305 305 
69 69 69 147 173 236 236 447 447 
52 52 52 184 
27 27 47 47 47 76 76 76 459 459 
67 281 298 298 298 421 506 506 
84 85 
314 314 
8 196 196 224 224 
236 236 236 356 356 432 
402 
76 76 456 456 
5 5 31 31 41 76 76 99 134 134 151 151 156 184 184 184 271 273 273 307 307 314 319 411 411 450 450 490 502 502 508 
12 12 184 202 
351 351 
367 367 431 431 496 
38 72 141 193 325 325 325 325 413 413 413 503 
61 81 323 323 
229 229 229 229 
76 229 
65 193 413 413 
182 182 
118 118 262 292 292 
415 
184 
114 114 181 181 259 259 259 357 357 496 496 
401 
71 
87 87 306 306 

106 106 106 190 
196 196 
154 154 233 233 250 250 271 271 417 417 442 442 
233 271 271 
222 222 
225 458 
101 
103 103 146 

0 0 46 64 64 64 133 133 395 395 408 
413 
63 75 415 415 432 
314 314 314 449 
334 334 413 413 413 
198 198 
124 124 
487 
22 81 81 82 82 82 497 
17 232 
271 271 271 
227 305 305 

81 495 495 495 
46 64 381 381 
184 307 307 
58 58 294 294 
96 314 314 314 317 
41 156 
50 50 
110 247 247 271 368 
39 39 159 219 219 274 274 352 405 405 
427 
6 6 92 92 
39 402 402 
230 230 415 
332 413 413 
25 25 25 26 26 87 87 87 150 158 248 248 271 271 293 293 294 297 297 297 306 306 306 339 381 412 412 412 437 437 470 
184 184 258 
262 262 292 
354 354 
271 271 408 408 408 
35 45 45 45 74 74 76 77 92 128 128 155 155 167 168 182 187 193 196 222 243 243 251 251 286 286 286 314 314 317 318 318 332 332 333 334 334 335 335 358 358 358 362 362 382 385 385 385 407 407 439 439 448 448 448 455 455 500 
22 
37 57 116 129 129 129 177 177 184 184 201 230 230 236 236 236 269 277 277 283 283 283 303 303 338 365 383 383 406 432 460 460 460 460 
65 65 
149 149 250 250 250 374 374 
80 95 314 314 
225 225 
18 98 98 98 441 441 
281 347 
196 

243 243 
103 157 157 169 169 
184 184 291 
271 271 282 339 339 403 
20 20 20 159 159 159 
314 
241 241 
357 357 496 
236 236 351 383 415 
159 159 
314 314 314 
280 280 
22 22 
408 408 
83 83 236 
45 45 161 413 413 
76 76 76 186 186 
1 5 5 5 18 18 98 259 420 420 
250 250 250 271 271 374 374 468 468 
5 5 
15 59 182 182 316 316 
41 
56 56 191 
344 344 
74 74 74 128 128 413 413 413 
280 280 314 314 384 467 
41 41 41 354 354 462 462 
289 289 289 289 
339 464 464 464 
271 271 
4 4 124 131 131 219 219 232 232 
413 413 
76 76 184 353 353 491 
41 
377 
346 346 
236 415 415 415 415 
22 22 22 497 497 
450 450 
63 63 63 75 
339 452 452 452 

72 72 
215 215 280 280 308 308 314 314 449 
442 442 
159 511 
339 339 339 408 
101 170 170 195 195 267 267 267 
273 475 475 475 
491 
56 56 487 487 
273 273 273 472 472 472 
100 100 240 240 496 496 
39 159 166 188 188 227 227 227 
76 76 76 207 

127 127 127 290 290 
314 314 
305 305 305 
30 30 222 222 
51 184 
39 39 302 
31 31 31 120 315 489 489 489 
56 56 235 236 236 236 388 474 474 
184 
486 486 486 
51 51 184 354 
126 126 126 456 473 
41 41 
3 3 3 
174 220 220 220 243 243 335 335 
81 394 394 394 
100 100 197 197 240 240 265 357 367 367 431 476 476 
22 22 130 389 461 461 
160 160 
182 182 222 222 
167 193 193 413 
54 54 
354 354 
234 358 
5 5 88 
233 233 
347 347 
104 
5 5 48 86 86 198 198 198 354 
76 76 76 
159 159 159 
159 469 
