Nodes: 512, Edges: 1187
133 381 
441 
28 28 28 91 91 111 111 182 182 182 183 183 
271 271 493 493 

34 50 88 88 184 184 198 225 255 255 273 279 279 354 441 441 441 443 443 475 475 475 504 504 508 

233 271 271 
196 196 196 224 313 350 
287 287 287 287 
476 
264 
184 202 202 
76 
117 125 184 184 
59 59 59 182 182 182 
184 184 
390 
441 
104 
428 428 
31 
108 108 331 389 389 389 414 414 414 436 436 461 461 461 497 
290 290 
76 
408 408 
408 
76 346 
2 2 2 178 178 183 183 183 
56 56 
222 222 222 483 
21 172 172 184 184 279 279 279 315 315 489 489 
184 307 
67 67 67 192 192 
5 
158 158 210 210 222 413 
106 106 
57 406 406 415 415 
358 358 
62 62 62 159 159 159 163 163 166 166 219 231 231 241 302 302 302 330 330 402 477 477 
192 192 236 249 249 
85 85 85 99 99 99 137 137 151 156 156 160 160 184 324 354 399 399 450 457 457 492 492 
321 321 323 323 323 
193 
137 137 
76 413 413 439 
64 64 381 395 395 
76 78 346 346 346 346 

236 236 
5 400 400 
490 490 490 
184 184 345 345 
225 
299 501 501 
93 93 195 195 195 236 
29 29 191 236 304 487 487 487 
37 415 
294 294 
15 15 15 
104 104 104 236 
81 
39 39 39 241 241 
383 383 383 463 463 
46 46 381 381 395 
193 193 362 416 416 

33 33 33 192 192 281 281 347 
169 169 169 371 
236 344 344 
184 184 246 258 258 

325 358 
94 315 
413 448 448 448 
383 463 463 
13 24 27 45 47 78 96 96 96 107 107 109 162 162 162 184 186 186 196 207 207 208 208 208 228 228 242 245 245 245 295 295 295 299 299 314 322 322 328 346 346 346 353 353 361 413 423 440 440 456 456 456 478 509 509 
196 413 413 
47 76 
104 236 
314 418 
61 82 82 113 113 184 184 289 329 359 389 389 389 495 
81 81 121 121 143 143 143 165 165 165 165 389 389 
104 104 104 236 236 236 236 438 
85 85 312 312 348 348 348 
41 41 41 84 84 160 312 312 348 348 
198 198 198 198 508 
306 306 370 408 408 408 
5 5 504 

325 358 
2 2 
182 182 182 404 404 404 413 413 
55 55 
73 315 315 

76 76 76 
171 290 
420 441 
41 41 41 354 354 354 
476 496 496 496 
140 140 195 195 378 378 471 
117 136 136 136 216 216 
146 146 379 379 425 425 425 
19 60 60 60 79 83 83 83 138 236 237 237 507 
184 190 190 190 372 
36 36 190 372 
76 76 
22 22 
76 199 199 
247 247 401 401 
2 2 182 
184 
81 81 

389 
184 415 
14 102 125 135 184 236 
152 152 152 262 364 
122 222 222 222 413 413 
486 486 
82 82 143 143 143 
119 222 
381 468 
232 232 232 309 387 454 
14 117 136 136 136 
185 185 
480 480 
413 413 448 448 448 
236 415 415 

454 454 454 

0 381 
354 354 
117 
102 102 102 125 125 125 
41 41 44 44 184 184 
104 164 164 236 236 
381 381 381 
101 101 
196 358 358 358 
389 389 389 
82 82 82 121 121 121 217 217 
282 
339 339 
103 103 379 379 
344 344 
191 304 304 304 
250 250 417 417 
408 408 
41 354 354 
118 118 118 292 292 
325 
374 374 
413 
41 41 354 399 450 450 
233 233 276 425 425 
35 35 
39 39 39 188 188 205 205 227 231 231 305 305 330 402 402 428 428 433 477 477 477 510 510 510 511 
41 41 85 272 272 312 498 
413 413 
76 76 76 322 
39 39 
138 138 
82 82 82 82 
39 39 477 
413 413 413 500 
413 413 
68 68 68 233 296 
471 
97 290 290 480 480 480 
31 31 
344 
222 335 335 494 
187 187 
247 247 247 
300 300 
28 28 183 183 

222 
367 367 
2 2 2 15 15 15 92 92 92 111 220 220 340 363 363 404 404 413 413 
2 2 28 28 28 178 178 
5 5 12 14 14 16 16 31 31 32 41 52 52 70 70 76 81 81 105 112 116 117 137 137 213 221 221 246 246 246 258 267 279 284 284 289 289 289 291 292 307 307 315 315 324 324 338 345 354 354 355 366 366 409 409 415 415 415 426 426 465 465 488 490 490 490 
126 126 491 491 
76 76 245 245 245 440 440 440 
175 175 413 
159 159 477 477 
351 
105 105 105 106 372 
56 148 236 236 267 267 268 268 285 285 285 304 446 446 
33 33 40 40 67 67 236 236 281 
43 65 65 251 286 358 413 413 479 500 

55 55 55 101 101 236 267 267 471 
8 8 8 76 77 141 200 200 200 290 290 373 373 413 422 
496 496 
5 86 86 86 86 386 386 508 
109 109 207 
196 196 196 
415 415 
12 12 
271 
267 268 
159 159 
405 405 
76 76 199 
76 76 76 
328 
35 35 

238 238 238 310 310 
184 488 
215 215 314 
214 214 314 467 
102 102 
143 143 
271 
39 232 274 274 402 402 402 454 454 
182 182 494 
184 184 
30 30 30 35 119 119 119 122 174 180 314 314 341 376 376 376 376 413 413 483 499 499 499 
329 
8 313 313 350 350 350 
5 53 259 259 393 393 419 458 
292 
159 257 257 337 337 343 343 343 392 392 477 
76 76 
295 360 360 361 
236 259 303 406 406 406 406 415 415 
39 39 159 159 
124 124 124 219 390 390 390 390 390 454 454 
7 157 157 169 238 238 271 271 287 296 296 310 374 375 505 505 505 
503 
236 487 
40 49 49 55 56 60 69 79 83 83 83 83 104 117 129 138 138 191 191 192 192 195 230 235 237 237 252 267 267 267 275 275 283 283 351 415 415 415 432 460 487 487 487 
104 104 236 236 
212 212 212 233 233 
342 405 405 
279 476 476 496 496 
39 62 62 430 
76 
311 311 311 311 413 424 424 494 494 494 
358 358 
76 76 76 186 186 186 
70 184 184 184 
110 110 176 176 176 288 288 

40 40 
149 149 374 417 442 
193 286 413 
236 
330 
283 283 415 
5 5 
271 271 273 
227 227 337 
70 70 184 409 409 
225 225 230 441 

329 329 
118 364 410 
315 315 
11 385 385 385 
496 496 
493 
184 191 191 195 195 204 236 236 236 268 356 471 471 
191 191 204 267 
415 

3 3 7 7 203 218 233 233 256 256 282 282 297 297 327 327 339 354 354 354 374 374 375 375 391 401 401 408 412 427 427 442 442 442 453 
160 160 
5 256 354 475 
219 219 402 402 
236 236 
157 
415 

5 5 31 31 31 184 240 
308 435 435 435 449 449 449 467 
67 67 192 298 298 347 421 421 
144 271 271 427 427 
236 236 254 254 415 415 415 
184 184 
191 191 191 
193 251 413 413 413 
9 9 9 9 233 
247 247 
81 184 184 184 451 451 451 
23 23 97 171 171 196 196 480 
184 426 426 
152 152 184 226 364 410 410 
408 408 408 
58 58 408 
76 76 76 229 509 
169 233 233 
271 271 408 
281 281 347 347 
54 76 76 413 413 
177 177 
339 339 
39 39 39 485 485 
230 415 
56 148 148 148 191 
159 159 343 343 392 482 482 
87 87 370 408 408 
32 184 184 396 396 465 465 
280 467 467 
124 
212 212 233 
243 243 243 243 
84 84 85 85 160 
8 224 224 
76 80 214 215 222 222 317 317 349 349 349 384 384 384 398 398 413 418 429 429 449 455 455 455 467 467 467 481 481 
31 31 73 94 94 184 184 263 263 486 486 
444 
314 314 413 
413 413 413 
354 354 

42 42 323 
76 76 162 
42 42 42 321 359 359 
41 184 184 
72 90 153 358 358 
358 358 
271 271 
76 209 
81 223 261 261 432 
39 39 159 253 369 369 428 428 428 
22 
407 407 413 413 
413 
385 413 413 
174 174 413 413 494 494 

227 227 257 
184 415 415 
145 145 271 301 301 381 381 381 408 408 408 427 452 464 464 470 470 
182 
222 
239 
227 227 227 305 305 
69 69 147 147 173 447 
52 52 184 
27 47 47 47 47 76 76 76 459 459 
67 281 298 298 421 421 506 506 506 
84 84 84 85 85 
314 314 314 481 
8 224 224 224 
189 236 356 356 432 
402 
76 76 456 456 
5 41 99 99 99 134 134 151 151 156 184 184 271 271 271 273 319 319 411 450 490 502 508 
184 
267 351 351 
367 367 431 496 
38 38 72 90 141 141 141 193 244 244 325 325 326 326 413 413 466 503 
81 323 323 
229 229 
76 229 
65 413 
182 182 
118 262 292 
415 
184 184 
181 181 357 357 496 496 
401 401 401 
330 330 
87 306 
68 
105 106 190 
196 196 
154 154 233 250 271 271 408 408 408 417 417 442 442 
233 271 271 
222 222 222 222 
458 
101 101 
103 103 146 146 

0 46 64 64 123 133 139 139 139 339 339 339 395 395 
413 413 413 
63 63 63 75 415 415 415 432 432 
314 314 314 
264 264 264 334 
198 198 
124 
487 
22 22 22 81 81 81 82 82 115 142 142 142 497 497 
17 232 232 232 232 232 
271 
227 227 305 
225 225 
495 495 
46 46 64 381 381 
307 307 

314 314 
41 41 156 
50 50 
110 110 271 271 368 368 368 
39 159 159 219 219 219 274 274 352 405 
427 427 
92 92 92 182 182 
206 206 239 239 402 
37 37 230 230 230 230 
332 332 413 413 413 413 
25 25 26 87 87 87 150 150 271 293 293 293 294 297 306 306 339 339 339 374 374 374 412 437 470 
184 184 258 258 
262 292 292 
354 
271 408 
35 45 45 74 76 77 77 92 92 119 119 128 128 155 161 161 167 167 167 168 168 182 182 187 193 193 196 222 222 243 251 286 286 286 299 299 314 317 318 318 318 332 332 333 334 334 335 335 358 358 362 382 382 382 407 407 407 407 448 448 455 494 500 
22 22 22 
37 37 57 116 129 129 184 184 184 201 201 230 230 236 236 236 254 269 277 283 283 283 303 338 338 365 383 383 383 432 460 460 460 463 
65 65 
149 149 250 374 374 
80 314 
225 
98 441 441 
281 281 347 347 
196 
76 
243 243 
103 103 103 157 157 
184 184 291 291 
271 271 282 282 339 403 403 
20 20 159 159 330 330 330 
314 314 
241 
357 496 496 
236 329 351 383 383 415 
159 

280 280 280 
22 22 
408 
83 
45 
76 76 186 186 186 
1 5 5 5 18 98 259 420 420 
250 271 271 271 374 374 468 468 
5 5 
316 
450 450 
191 191 
344 
74 74 74 128 128 128 413 413 
280 280 280 314 467 467 
41 156 156 354 445 445 462 
289 289 289 
339 464 464 464 
271 
124 131 131 131 219 219 232 232 
314 314 314 413 
76 76 76 353 353 491 491 
41 41 
225 377 
346 346 
236 415 415 415 
22 22 22 497 497 
450 
63 63 75 75 415 
339 339 452 452 452 
184 184 307 307 
358 
215 280 308 308 314 314 314 449 449 
123 442 442 
511 511 
339 339 408 
101 170 195 267 267 
475 
491 

5 5 5 273 472 
10 100 240 240 496 496 496 
39 39 159 159 159 166 188 188 227 
76 
193 
127 127 171 171 171 290 
314 314 349 
305 305 
30 222 

302 302 
120 120 315 315 489 489 
56 56 56 235 236 236 236 388 
184 213 
31 31 486 486 
51 51 51 184 184 184 354 
185 185 456 456 473 
41 41 
3 3 266 
174 220 243 243 243 335 335 413 
81 394 394 
100 100 100 197 197 240 240 265 265 357 367 367 431 431 476 476 476 
22 389 389 461 461 
160 
222 222 222 
167 193 413 
54 54 
354 
234 358 
5 5 88 
233 233 233 
347 347 347 
104 
5 86 198 354 
76 76 295 
159 159 159 
159 469 469 
