Nodes: 512, Edges: 1187
381 381 381 
441 
28 91 91 111 182 182 183 183 189 
271 271 271 493 493 493 
454 454 
34 48 50 88 88 88 184 198 255 273 279 279 354 354 400 400 400 441 443 475 475 504 508 508 
404 
233 233 233 271 271 
196 196 224 224 313 313 350 350 
287 287 
476 476 476 
264 
184 184 202 202 355 355 
76 
117 117 
59 59 59 59 182 

390 390 455 455 455 
441 
104 104 
428 428 
31 31 31 
108 331 331 389 414 497 497 
290 290 290 290 
76 76 76 
408 
158 
76 346 346 346 
2 178 183 
56 56 56 
180 180 222 222 483 483 483 
21 21 21 184 184 279 279 279 279 315 315 354 486 489 
184 
67 67 192 192 192 
5 
158 158 158 210 222 413 
106 106 
415 415 
358 358 
62 159 163 163 166 166 219 219 231 231 231 302 330 330 330 402 402 405 477 477 485 485 485 
192 192 236 236 249 249 
85 85 99 99 137 151 156 156 160 160 184 324 324 354 354 445 450 450 450 492 
323 
193 193 
137 137 137 
76 109 413 439 
64 64 381 381 395 395 395 
76 76 78 346 346 
5 
236 
5 400 
484 490 490 
184 
225 
76 501 501 501 
93 195 195 236 
29 29 29 191 191 191 236 446 474 487 

294 397 397 
15 15 15 15 
104 104 236 
81 359 359 
39 241 241 241 
383 383 463 463 
46 46 381 
193 193 362 416 
141 
33 33 192 192 192 
179 179 179 296 
236 344 344 344 
184 246 246 258 258 

325 325 325 358 358 466 466 
94 94 315 315 
413 448 448 
383 463 463 
13 24 24 24 27 45 47 47 54 78 78 96 96 96 107 109 109 162 184 186 186 186 199 199 207 207 208 208 228 229 229 229 242 245 245 245 295 299 314 314 314 319 319 322 328 346 346 346 353 353 353 354 413 413 423 423 423 440 456 478 478 509 509 
196 196 
47 76 76 
104 236 
314 314 418 418 
61 82 82 82 184 184 289 329 359 389 389 389 394 495 495 
81 81 81 121 121 142 142 143 143 165 165 165 165 389 389 389 
104 104 104 104 236 236 236 438 438 438 
85 312 348 348 348 
41 41 84 160 312 348 348 445 
198 508 508 508 
306 370 408 408 
5 5 5 504 504 
358 358 
358 
2 2 
182 404 404 413 413 
55 
73 73 315 315 
418 
76 76 76 398 
171 171 290 290 
420 441 
41 41 354 354 
476 496 496 496 
140 195 378 471 471 471 
117 
379 425 425 425 
19 19 60 60 79 83 83 83 83 138 236 236 237 237 507 507 
184 190 190 
36 36 372 372 
76 
22 414 
45 76 76 199 199 
247 401 401 401 
2 
184 

367 367 
389 
184 415 415 
14 14 102 125 125 135 184 184 236 236 
152 152 364 
122 122 122 222 222 413 413 
486 486 
82 82 143 143 
119 119 119 222 
468 468 
232 387 
117 117 136 136 136 
185 185 
480 480 
448 
236 
497 
454 454 
168 
381 
354 354 380 380 
117 
125 125 125 
41 44 44 44 184 
104 164 236 
381 
101 320 
66 196 196 358 
82 82 
82 82 121 121 217 
282 
339 339 339 
379 379 
236 344 
191 304 304 
250 417 417 
248 408 408 
41 354 
118 118 292 292 
325 325 325 
374 
413 413 
41 41 399 
276 276 425 425 
26 35 35 35 194 194 271 271 408 408 
39 188 188 188 205 205 205 227 227 231 231 305 330 330 330 428 433 433 433 469 477 510 511 511 
41 41 85 272 272 272 312 312 312 
413 439 439 439 
76 322 
39 39 
138 
82 82 82 82 329 
39 39 477 
413 413 500 
132 413 
233 425 425 425 425 
471 471 
97 97 290 480 480 480 480 

344 344 344 
222 222 222 222 280 335 
187 187 187 407 
247 247 
300 415 415 415 415 
28 183 
68 68 68 
30 30 222 
367 367 367 
2 2 15 92 220 220 340 363 363 404 413 413 444 444 444 499 
2 2 28 178 
5 12 12 31 31 32 41 52 70 76 81 81 105 112 116 117 117 137 213 213 221 221 221 236 246 258 258 258 260 267 267 279 289 291 292 292 292 307 315 324 338 338 338 345 345 354 355 355 366 366 396 396 409 409 415 456 465 465 484 484 488 490 490 490 
126 126 491 491 
76 76 76 245 245 440 
175 175 175 413 413 
159 159 159 477 477 477 
2 
105 105 372 
56 56 56 148 236 236 267 268 285 285 304 
33 33 33 40 40 67 67 67 236 281 281 
43 43 65 65 251 358 358 362 413 413 479 479 500 
158 158 
55 55 101 236 236 267 471 471 
8 8 77 77 141 141 200 200 200 290 290 290 350 350 373 413 413 422 
496 
5 86 386 386 386 508 
76 76 109 109 314 
196 196 196 
236 415 
12 12 355 355 

267 268 
159 159 159 
405 
76 76 
76 76 
328 328 328 
35 309 
236 
238 238 238 310 310 310 
184 184 
215 215 215 314 
214 214 214 314 467 467 

143 
271 271 
39 39 232 232 274 274 402 
182 182 494 494 494 
184 184 184 
30 30 35 119 119 122 174 174 174 174 180 314 376 376 376 413 413 483 483 499 499 499 
329 329 
8 8 313 350 350 350 
53 259 377 393 419 458 458 458 
292 
159 159 337 392 392 392 477 477 
76 
76 76 76 295 295 360 360 360 361 
236 275 303 406 406 415 415 
39 39 39 159 159 
124 219 219 390 454 
7 7 7 169 271 287 287 287 296 296 296 310 310 374 374 375 505 

236 487 
40 40 49 55 56 60 69 79 83 83 83 104 104 117 117 129 138 147 184 191 191 192 195 195 201 211 230 235 237 237 237 252 252 267 267 275 278 283 283 283 344 351 351 415 415 415 432 432 460 487 487 
104 104 236 236 236 
212 212 212 
342 342 342 405 405 405 
279 279 476 476 496 496 
62 62 62 430 
76 
311 311 311 413 424 424 494 494 
358 358 
76 76 76 186 186 
70 70 184 
110 176 176 288 288 401 401 
150 408 408 408 
40 40 
149 417 442 442 
193 286 286 286 413 413 413 
236 236 
330 
415 415 
5 
271 271 273 
305 337 
70 70 184 184 184 409 
225 367 367 367 
184 
329 
410 410 
315 
11 334 385 385 
496 

184 184 191 195 204 236 236 268 268 
191 204 267 267 
415 415 
286 286 
3 3 3 7 7 158 158 218 218 233 256 256 282 282 297 297 327 327 327 339 354 374 374 391 391 401 401 401 408 408 408 427 427 442 453 453 
160 160 160 
5 256 354 472 475 
219 219 402 
230 236 
157 157 
415 415 415 
236 
5 5 31 31 31 31 184 240 240 
174 308 435 435 435 449 449 449 467 
192 192 298 421 421 
144 271 271 427 427 
236 236 236 

191 191 
251 251 251 270 270 413 413 
9 9 233 233 233 
247 247 
81 184 451 
23 23 23 23 97 97 171 196 196 196 480 480 
184 426 
152 152 184 184 184 226 364 410 410 
408 408 
58 397 397 408 408 
76 229 229 509 
68 233 233 233 
271 271 408 408 408 
281 347 
76 413 
177 
339 339 
39 485 
230 415 415 415 
148 148 191 
159 257 343 343 482 482 
87 370 370 408 
184 354 396 465 
280 467 467 
210 
212 212 212 233 233 
243 243 243 
84 85 160 160 160 
8 8 224 
76 76 76 80 80 199 214 215 222 317 349 384 384 413 418 429 429 434 434 455 467 481 
31 31 73 73 94 94 184 263 336 486 486 
444 
314 398 413 413 413 
413 
76 76 
140 
323 323 
76 162 
42 321 321 359 
41 41 184 
72 72 72 153 153 153 
358 358 
271 271 271 
76 209 209 209 
81 165 223 223 261 
39 39 39 159 159 159 253 369 369 428 
22 22 
407 413 
413 413 
264 385 413 413 
174 494 494 494 
315 
227 257 
184 184 184 415 415 
145 145 145 271 301 301 381 381 408 427 427 452 464 464 464 470 
182 

239 239 239 
305 305 
69 69 69 147 173 173 173 236 447 447 
184 184 
27 27 27 47 47 76 76 76 
298 421 506 
84 84 84 85 85 
314 
8 8 196 196 224 224 224 
236 236 356 356 
402 
76 76 76 456 456 
5 5 31 41 41 76 99 99 134 134 151 184 271 273 307 411 411 411 450 462 462 462 490 490 502 508 508 
12 12 184 184 202 202 
351 351 
367 431 496 496 
38 38 72 72 89 89 90 141 193 193 244 244 326 326 413 466 466 500 503 503 
61 61 81 323 
229 229 229 
229 
65 193 413 
182 182 
118 292 
415 415 415 
184 184 
114 114 181 181 181 259 259 259 357 496 
401 401 401 
330 330 
87 306 306 

106 106 190 
196 
154 233 233 271 271 417 417 417 442 442 442 
233 
222 222 222 
225 458 458 
101 
103 146 146 
134 134 
0 0 0 46 46 64 133 139 339 339 395 408 408 408 
413 413 
63 63 75 415 
314 314 449 
264 264 334 413 
198 198 198 
124 
487 487 
22 81 81 81 82 82 82 115 497 497 
17 17 232 
271 271 
227 227 227 
225 
81 495 495 
46 46 46 381 
184 184 307 
58 58 294 294 
96 317 
156 
5 5 5 50 
110 110 110 247 247 271 271 271 368 368 368 
39 39 219 274 352 405 405 405 
427 
6 92 92 182 
39 206 239 239 239 402 402 402 
230 230 415 
175 332 413 413 413 
25 87 87 150 150 158 158 248 248 248 271 271 271 293 293 294 294 297 297 297 306 339 381 381 381 412 437 470 
184 184 258 
262 262 292 292 
354 354 354 
408 
35 45 74 76 76 92 92 119 119 155 155 161 167 167 168 182 182 187 187 193 193 196 196 222 222 243 251 251 251 286 286 299 314 317 317 317 318 332 333 333 334 334 358 362 382 382 385 407 407 407 439 439 448 448 448 455 455 494 494 500 
22 108 
37 37 116 116 177 177 177 177 184 201 230 230 236 236 236 254 254 269 269 277 277 277 303 303 303 338 338 365 365 365 383 406 432 460 460 460 463 463 
65 
149 149 250 374 374 374 
80 80 95 314 
225 
98 441 
281 281 347 
196 
76 76 76 
243 243 
103 103 103 157 157 169 169 169 169 
291 
271 271 282 282 339 339 403 
20 20 159 330 
314 314 
241 
357 496 496 
236 236 415 
159 159 159 
314 314 
280 280 280 449 

408 
83 83 83 
45 161 161 161 413 413 
76 186 
1 5 18 98 420 
250 250 271 374 374 374 468 468 468 
5 
182 182 182 316 
41 85 450 450 450 
56 
344 344 
74 74 128 413 413 413 
280 280 280 384 435 467 467 
41 41 41 354 445 445 445 
289 
339 464 
271 271 
4 4 131 131 232 
17 17 17 314 413 413 
76 184 353 353 491 

225 225 225 377 377 

236 415 415 415 
497 497 
354 354 354 
63 63 75 75 415 415 
339 339 339 452 
184 184 307 
72 72 358 358 
215 215 280 308 308 314 449 449 
123 123 442 442 442 
159 
339 408 
101 101 101 170 170 195 195 
273 475 

56 487 
5 5 273 472 
10 10 10 100 240 240 496 
39 39 159 166 188 188 188 227 227 
76 76 
193 193 
127 127 171 171 171 171 290 290 
314 
305 305 
30 30 30 222 222 
51 184 184 
39 39 39 302 
31 120 120 315 315 489 
56 235 236 236 388 388 474 
184 
31 486 
51 51 184 184 184 354 354 
185 185 456 
41 
3 3 3 
220 220 220 243 243 335 335 335 413 413 
81 81 394 394 
100 100 100 197 240 240 265 357 357 367 431 431 476 
22 22 130 389 389 461 461 

182 222 222 222 
167 193 358 413 
54 54 54 
354 
358 358 
5 88 88 
233 
347 
104 104 
5 5 86 86 86 198 354 354 
76 76 295 
159 
159 159 
