Nodes: 512, Edges: 1187
133 
441 
28 111 111 182 182 182 183 183 183 
271 493 
454 454 
34 34 48 50 88 88 88 184 198 198 225 225 279 354 354 354 400 441 441 443 475 504 504 508 508 
404 404 404 
233 233 233 271 271 
196 196 224 224 350 
287 
476 476 476 
264 264 
184 184 202 202 202 355 355 355 

117 117 184 
59 
184 184 
390 455 
420 

428 
31 31 
108 108 331 331 389 389 389 414 414 436 436 461 461 461 497 
290 290 
76 76 
408 
158 158 408 
346 346 
2 178 178 183 183 
56 56 
222 222 
21 21 172 184 184 315 315 354 354 354 486 486 486 489 489 
184 
67 67 192 
5 5 
222 222 
106 106 106 
406 415 415 415 
358 358 
62 62 159 163 163 166 219 231 241 330 402 402 405 405 405 477 
192 192 236 236 249 249 249 
85 85 99 99 137 156 160 160 160 324 354 354 399 450 450 450 457 492 
321 323 323 
193 193 
137 
76 76 76 413 413 439 439 
339 339 395 395 
76 78 346 346 346 346 
5 
236 236 
5 
484 490 
345 
225 225 225 
76 299 
93 93 93 195 195 195 236 236 
29 29 191 191 191 236 236 304 304 304 446 446 487 
415 
294 294 397 397 
15 
236 
81 
39 39 241 241 
463 
395 
193 362 416 416 
141 
33 33 192 192 192 281 347 347 347 
179 179 296 296 371 
236 344 
184 184 246 258 258 

325 358 358 466 
94 94 94 315 315 
413 
383 463 
24 24 45 45 45 47 54 78 78 96 96 96 107 107 107 109 162 162 184 184 184 186 186 199 199 199 207 207 208 228 229 229 242 245 245 245 245 295 299 299 299 299 314 314 319 319 319 319 319 322 322 322 328 328 328 353 353 354 354 361 413 413 423 423 456 456 509 509 
196 
47 76 76 
236 236 
314 314 418 
61 82 82 113 184 184 184 261 261 289 289 329 329 359 389 394 495 495 
81 81 142 143 143 389 389 
104 104 104 236 236 438 
85 85 85 312 312 348 
41 41 84 84 84 160 348 348 
198 198 508 
306 306 306 370 370 408 408 
5 5 5 504 
358 358 
358 358 

413 413 
55 55 55 
73 73 73 315 315 
418 418 
76 76 76 398 
171 171 290 
420 420 441 
41 41 354 354 354 
476 476 496 496 496 
140 140 140 195 195 195 378 378 
117 117 136 136 216 216 
146 146 146 379 425 425 
83 83 83 138 236 236 236 237 237 507 507 507 
184 184 190 372 
36 36 36 372 372 
76 76 76 
22 22 414 414 
76 199 
247 247 401 
2 2 182 182 182 

81 
367 

184 415 415 
14 14 102 102 125 125 125 135 135 184 184 236 236 236 
152 364 364 
222 222 222 413 
486 486 486 
143 143 
222 
468 
232 309 387 387 387 454 
117 117 117 136 136 
185 491 
480 480 
413 413 448 


454 
168 168 
0 
354 354 380 380 380 
117 117 
102 102 125 125 
41 44 184 
104 164 164 236 

101 101 101 320 320 
66 196 196 196 358 
82 389 389 
82 82 121 121 217 
282 
339 339 
103 103 103 
236 236 344 
191 304 304 
250 250 417 417 
248 248 248 408 408 408 

118 292 292 
325 325 
374 
413 
41 354 399 450 
233 233 276 425 425 
26 26 194 194 271 271 
39 188 188 205 227 231 231 231 305 330 402 402 428 428 428 433 469 469 469 477 477 510 510 511 
41 41 41 85 272 272 312 
413 413 439 439 439 
76 76 322 
39 39 
138 138 
329 
39 
500 
132 132 413 
233 233 233 296 296 425 425 425 
471 
97 97 290 480 480 480 
31 

222 222 335 335 335 
187 187 187 407 407 
247 
300 300 415 415 
28 28 183 183 
68 68 
222 
367 
2 2 2 111 111 111 220 340 340 340 363 404 404 413 413 444 444 499 
2 2 2 28 28 178 178 
5 12 12 14 16 16 31 31 32 70 70 76 76 76 81 81 81 105 105 116 117 117 137 213 213 221 236 236 236 258 267 267 284 284 289 289 291 291 292 307 324 338 345 345 354 355 355 355 366 366 366 396 396 415 415 415 426 456 465 484 488 490 490 
126 491 491 
76 76 245 245 440 440 440 
175 175 175 
159 159 477 

105 372 
56 56 56 148 236 236 304 446 
33 40 40 67 67 67 236 281 281 
43 43 65 251 251 251 251 286 362 362 362 413 
158 158 
55 55 55 101 101 101 236 236 267 267 267 471 
8 8 77 141 141 141 200 290 350 350 350 373 373 373 413 422 
496 496 496 
5 5 86 86 386 508 508 
76 76 76 109 207 314 
196 
236 415 
12 12 12 355 355 
271 271 
267 268 268 
159 
405 
76 76 199 478 478 
76 242 
328 
309 309 

238 310 
184 184 
215 314 314 
214 314 467 
102 102 
143 

39 232 274 402 454 
182 494 494 
184 
30 30 35 35 119 119 119 122 174 174 180 309 314 341 341 341 376 376 376 413 499 499 499 

8 8 313 350 350 
5 5 53 53 53 259 377 377 393 393 419 419 458 458 
292 
159 257 337 337 337 343 392 
76 336 
76 76 295 360 360 360 360 360 361 
236 236 275 275 303 406 415 415 
39 159 159 159 
124 219 390 390 390 454 
7 7 7 157 157 169 169 169 238 271 271 287 287 287 296 296 296 310 374 374 375 375 375 505 
503 503 
487 
40 40 49 49 55 55 56 56 60 69 79 79 83 83 104 104 104 117 117 117 138 147 147 184 184 184 191 191 192 195 195 201 230 230 237 237 252 252 267 267 275 275 275 278 278 283 344 351 415 415 432 432 438 460 460 487 
104 104 236 236 
212 233 
342 342 
279 476 476 476 496 496 
39 62 62 430 430 430 
76 208 
311 413 424 494 494 
325 325 325 358 358 
76 76 76 76 186 186 
70 
110 110 176 288 288 401 
150 150 150 
40 40 40 
149 149 417 442 
193 193 193 193 413 
236 236 
330 330 
283 415 

271 271 271 
227 305 305 337 
70 70 184 409 409 
225 367 

81 81 329 329 
364 410 
315 
11 11 334 385 
496 496 
493 
184 184 195 195 195 204 236 236 268 268 471 
204 204 267 267 
415 415 415 
286 286 
3 7 7 158 158 203 203 233 233 256 256 256 282 297 327 327 339 339 339 354 354 354 374 374 375 375 375 391 401 408 408 412 412 427 442 442 453 453 
160 160 
354 354 472 475 
219 
230 230 236 236 236 
157 
415 
236 236 
5 240 
308 308 308 435 435 435 449 467 467 
67 192 192 298 298 347 347 421 421 421 
144 271 427 427 
236 254 415 
184 184 

193 270 270 413 
9 233 233 233 
247 247 
81 81 184 184 451 451 451 
23 23 97 171 196 480 
184 184 426 426 
152 152 184 226 364 364 364 410 410 410 
408 408 408 
58 58 408 
76 229 509 
68 68 169 169 233 233 233 
271 408 
281 281 347 347 
54 76 76 76 76 413 
177 177 


230 415 415 
56 56 56 148 148 191 
159 257 257 343 343 343 343 392 392 392 482 482 482 
87 87 87 370 408 
184 354 354 354 396 465 465 
280 280 280 467 467 
124 210 210 222 
212 233 
243 
84 84 160 
224 
76 76 80 80 199 214 214 215 222 349 349 354 384 384 398 413 413 418 429 429 434 449 449 455 467 467 481 481 481 
31 31 73 73 94 94 263 
444 444 
398 398 413 
413 
76 76 76 76 76 354 354 354 
140 140 
42 323 
76 76 76 162 
42 42 321 359 359 359 
41 184 
72 153 153 244 244 244 358 358 
358 
271 271 
76 76 76 209 
81 81 165 261 261 
39 159 253 253 369 369 369 428 
22 22 
413 
413 413 
264 385 385 385 413 
174 174 174 413 494 494 494 
228 486 
227 227 227 257 
184 415 415 
46 46 145 145 271 271 271 381 381 408 408 408 427 427 427 452 452 470 470 470 
182 182 182 
222 222 222 
239 239 
227 305 305 305 305 
69 147 236 447 447 
52 184 184 
27 27 47 47 47 47 459 459 459 
67 67 67 281 281 298 298 421 421 421 506 
84 85 85 
314 314 481 481 
8 196 196 196 224 224 
236 356 356 356 432 432 
402 
76 76 456 
5 5 5 31 31 31 41 41 76 76 99 99 99 134 134 156 184 271 271 271 273 273 307 307 307 314 319 319 319 411 411 450 450 462 502 508 508 
12 12 12 184 184 184 202 202 
351 351 351 
367 496 496 
38 38 72 72 89 89 90 90 141 244 244 325 325 326 413 413 466 466 500 503 503 503 
81 323 323 323 
229 229 229 229 229 
76 229 
65 193 193 193 413 
182 
118 118 262 292 292 292 
415 
184 184 184 
114 181 259 357 496 496 
401 401 
330 330 330 
87 87 306 
68 
105 106 106 190 
196 196 196 
154 233 233 271 271 442 
233 233 233 271 271 271 
222 222 222 
225 225 458 
101 101 
103 
134 134 134 
339 339 395 395 408 
413 413 
75 415 415 432 432 
314 314 449 449 
264 334 334 334 413 
198 
124 124 124 
487 487 
22 22 22 81 82 82 142 142 497 497 
17 232 232 232 
271 
227 305 305 305 
225 225 
81 495 495 
46 46 64 381 381 
184 184 307 
58 58 
96 314 317 317 
41 156 
5 
110 247 271 368 368 
39 39 159 159 219 352 
427 427 427 
6 6 6 182 182 
39 39 39 206 
37 230 415 415 
175 175 
25 26 87 87 150 150 150 271 271 293 293 293 294 297 306 339 339 339 381 412 437 470 470 
258 258 
262 292 292 292 
354 354 
271 271 408 
45 45 74 76 76 92 92 119 128 128 155 161 161 168 182 182 193 196 222 243 251 286 299 314 314 317 318 332 333 333 334 335 358 358 362 382 382 385 439 439 439 448 448 448 500 
22 22 108 108 
37 37 37 57 116 116 177 177 184 184 184 201 230 230 236 236 254 269 269 269 277 283 303 303 338 338 365 383 383 406 406 432 460 460 460 463 463 
65 65 
149 149 250 
80 95 95 314 
225 225 
18 98 98 441 
281 281 281 347 347 347 
196 
76 76 
243 
103 103 157 157 169 169 169 
184 291 291 
271 282 282 339 339 339 403 403 403 
20 159 159 159 330 
314 314 
241 241 241 
496 496 
236 236 351 351 383 383 415 
159 
314 
280 280 280 449 
22 22 
408 
83 236 
45 45 161 161 161 413 413 413 
186 186 186 
1 5 5 98 420 
250 271 271 374 468 468 468 
5 
182 182 316 316 
450 450 450 450 
56 56 191 
344 344 
128 413 413 413 
280 314 314 384 384 435 467 467 
41 41 41 156 354 354 445 445 445 445 462 462 
289 289 289 
339 339 
271 271 
4 4 124 131 219 232 
17 314 
76 76 184 353 491 491 
41 
225 225 377 
346 346 346 
236 236 415 415 415 
22 22 22 497 497 
354 450 450 
63 75 415 415 

184 307 307 
72 358 358 
215 280 280 308 308 314 314 449 449 
123 442 442 442 
159 159 159 511 511 
339 339 339 408 408 
170 195 267 
273 475 475 

487 487 
5 273 472 472 
10 10 10 100 100 240 240 240 496 496 
39 159 159 188 
207 207 

127 127 171 171 171 290 
314 314 314 349 349 
305 305 305 

51 184 

31 31 31 120 120 120 336 489 489 
56 235 236 388 388 474 474 
184 
31 31 486 486 
51 184 184 
126 185 185 456 456 
41 
3 266 
220 220 243 243 335 335 335 
81 81 394 394 
100 100 100 197 197 197 240 240 265 265 357 357 367 367 431 431 476 476 
22 389 389 461 461 

182 222 222 222 
167 358 413 

354 
234 234 358 358 358 
5 5 88 
233 
347 
104 104 104 
5 5 86 198 198 354 354 
76 76 295 
159 159 
159 469 469 
