Nodes: 512, Edges: 1187
133 381 381 
441 
28 28 91 91 91 111 182 183 183 
271 493 493 
454 454 
34 34 48 50 50 88 184 198 225 225 255 273 273 400 441 441 504 508 508 508 
404 
233 233 233 271 271 
196 196 224 224 224 313 313 350 350 
287 287 287 287 
476 476 476 
264 264 
184 202 202 355 355 

117 117 117 125 184 184 
59 59 59 59 182 182 444 
184 
390 455 455 
441 
104 104 
428 428 
31 
108 108 115 331 389 414 414 461 497 
290 290 
76 
408 
408 408 
76 346 346 
2 2 178 183 183 
56 56 56 
180 180 222 222 483 483 
21 172 172 184 184 279 315 354 354 486 486 486 489 

67 67 192 192 
5 5 
158 210 222 
106 106 106 
406 415 415 
358 358 358 
62 62 62 159 159 159 166 166 219 219 241 302 302 330 330 402 402 405 405 477 477 485 485 
192 192 249 
85 99 137 137 156 156 156 160 184 184 324 324 354 450 450 492 492 
321 321 321 323 
193 193 
137 
76 76 413 439 
64 339 339 339 381 395 395 
76 78 346 346 
5 508 
236 236 236 
5 5 400 
484 490 490 
184 184 184 
225 
76 299 501 501 
195 236 
29 29 29 191 191 191 236 236 304 446 446 446 474 487 

294 294 397 397 
15 15 15 15 444 
104 104 236 236 
81 81 359 359 359 
39 39 39 241 241 
383 463 463 
46 381 381 
362 
141 
33 33 192 192 281 281 281 347 347 
169 169 169 179 179 296 296 371 371 
236 236 236 344 344 
184 184 184 258 258 258 

325 325 325 358 358 358 466 466 
315 315 315 
413 448 448 
463 463 
24 27 45 45 47 54 78 78 107 162 184 186 196 199 207 208 208 228 229 242 245 245 245 292 292 295 299 299 299 314 314 314 319 319 322 328 346 361 413 423 456 478 509 509 
196 196 413 
47 76 76 
104 
314 314 418 418 
61 61 82 82 82 113 113 113 184 261 289 329 329 359 389 389 394 495 495 495 
81 81 81 121 143 143 165 165 389 
104 104 104 236 236 236 438 438 
85 312 312 348 
41 84 160 312 312 312 348 348 445 
198 198 198 508 
306 370 408 
5 504 504 
358 358 
358 358 
2 2 2 
182 404 404 413 413 

315 315 315 
418 418 418 

171 290 290 
420 420 441 441 441 
41 354 
496 496 496 
140 140 195 195 471 
117 136 216 216 
146 146 425 425 
19 19 60 60 79 83 83 83 138 138 138 236 236 237 237 507 
184 184 372 
36 36 36 190 190 372 
76 
22 22 
199 
176 247 401 401 401 
2 182 182 
184 184 184 
81 81 81 
367 367 367 
22 
184 415 
14 14 14 102 125 125 125 135 135 184 184 236 
152 152 152 364 364 
413 413 
486 486 
82 143 
222 
468 468 
232 232 232 387 454 
14 117 117 117 136 136 
185 491 491 491 
480 
448 
236 415 
497 
454 454 
168 168 
0 
354 354 380 380 380 
117 117 
102 125 125 
41 41 44 184 184 
104 104 104 164 164 236 
381 381 
101 101 320 320 320 
66 196 196 358 
389 
82 82 121 217 217 217 
282 282 
339 339 
103 103 379 379 
236 344 344 
191 304 
250 250 250 417 417 
248 248 408 
354 354 
118 118 118 
325 
374 
413 413 413 
41 41 41 354 
233 233 233 276 425 
35 194 271 408 408 
39 39 39 188 188 205 227 227 231 231 305 330 330 402 402 428 428 433 469 469 477 510 510 510 511 511 
41 85 272 272 272 312 312 498 498 
413 413 439 439 439 
76 322 322 322 

138 138 
82 82 329 329 
39 39 477 477 
413 
132 132 413 413 413 
68 68 68 233 233 296 296 425 
471 
97 290 480 480 480 480 
31 31 
344 344 344 
222 222 222 280 335 494 
187 187 407 407 
110 247 247 
415 415 
28 183 
68 68 
30 30 222 222 222 
367 367 
2 15 15 92 111 111 220 340 404 404 413 413 444 444 499 499 
2 2 28 28 178 
5 12 14 14 16 31 31 41 41 52 52 52 70 70 70 76 81 105 105 112 112 112 116 117 117 137 137 213 213 221 246 258 258 258 260 267 267 279 284 289 289 289 291 291 292 307 307 315 324 338 338 345 354 354 354 355 366 396 396 396 409 409 415 415 426 426 426 456 456 465 465 484 484 488 490 490 
126 491 491 
76 245 245 440 
175 175 413 413 413 
159 159 477 
351 
106 106 372 
56 56 56 148 236 236 267 267 285 285 304 304 446 
33 33 40 40 67 67 236 236 281 
43 43 251 251 286 358 358 362 362 479 
158 
55 101 101 236 267 267 267 471 
8 8 76 77 77 141 141 200 290 290 290 350 373 373 413 422 
496 
5 86 86 86 386 508 508 508 
76 109 207 314 314 
196 
415 
12 12 355 355 

267 268 268 268 
159 
405 405 
76 199 337 337 478 478 
76 76 242 
328 328 
35 232 
236 
238 238 238 310 
184 184 

314 467 
102 102 
143 143 143 
271 
39 39 274 274 402 454 
182 494 
184 
30 30 35 122 174 174 174 180 180 180 314 314 341 376 376 376 376 413 413 499 499 499 
329 
8 8 8 313 350 350 
5 5 53 377 377 393 419 419 419 458 
292 292 
159 159 343 343 392 392 392 
76 245 
76 360 360 
236 275 275 275 303 303 303 406 406 415 415 415 
159 159 
124 124 124 210 454 454 
7 7 7 157 157 157 169 169 238 238 271 271 271 287 287 296 296 296 310 310 310 374 375 375 505 

236 
49 49 49 55 56 56 60 60 69 69 69 83 83 83 104 104 117 129 138 147 191 191 192 192 195 211 230 235 237 252 267 267 267 278 278 283 283 283 351 415 415 487 487 
104 104 236 
212 212 212 233 233 
342 405 405 
279 279 279 279 279 476 476 496 
39 62 62 430 430 430 430 
76 208 
311 311 311 311 413 424 494 
325 325 
76 76 76 186 186 228 
184 
110 176 176 288 401 401 
150 150 408 408 408 
40 
149 149 149 374 442 
193 193 413 
236 
330 
283 283 415 
5 
271 271 271 271 273 
305 337 
70 70 70 184 184 184 409 
367 367 441 
184 
81 329 
410 
315 315 315 
11 11 334 334 
496 

184 184 191 191 195 195 195 204 236 236 236 268 268 356 471 471 
204 204 204 267 267 
415 415 
286 286 
3 7 7 158 218 233 233 233 256 256 256 256 282 282 297 297 327 327 339 339 339 354 374 375 375 375 391 391 401 408 408 408 412 427 427 442 453 
160 160 160 
5 5 256 354 472 472 472 
219 219 402 402 
230 230 230 
157 
415 
236 236 
31 184 240 240 240 240 240 
174 308 308 435 435 435 435 449 449 467 
67 67 67 192 347 421 421 421 
144 144 271 271 427 427 
236 236 236 254 254 415 
184 
191 191 
193 270 270 413 
9 9 9 9 233 233 
247 
81 184 184 184 451 451 451 
23 23 97 97 171 196 196 196 480 
184 184 426 426 
76 76 184 226 226 410 410 410 410 
408 408 
58 58 397 408 408 
76 509 
68 68 169 169 233 233 233 
271 271 
347 
54 76 76 76 

339 
39 39 485 485 
230 230 230 415 415 
56 148 191 191 
159 257 
87 370 370 408 
184 184 396 465 
280 280 467 467 

212 233 233 233 
243 243 243 243 
84 84 85 85 85 160 160 
8 8 224 
76 76 76 80 80 199 199 215 222 222 317 317 317 349 349 349 354 398 413 413 418 418 429 429 429 434 434 449 449 455 467 467 467 481 
31 73 73 73 94 94 94 184 263 263 263 336 336 336 486 
444 
314 314 314 398 413 
413 413 413 
76 76 354 354 354 
140 140 140 
42 42 42 323 
76 162 162 162 
42 321 359 359 
41 41 184 
72 72 72 153 244 244 358 
358 358 
271 271 
76 209 209 
81 81 165 165 223 261 
39 39 159 159 253 369 369 
22 
407 413 413 
413 
264 264 385 385 413 413 
174 413 494 494 494 
315 315 315 486 
207 207 257 
184 184 415 415 
46 46 46 145 145 271 271 271 301 381 381 381 408 408 427 427 452 464 464 470 
182 
222 
239 
227 227 
69 69 147 147 173 173 173 
184 
27 27 47 47 76 459 459 
67 67 281 298 421 421 421 506 506 
84 85 85 
314 314 314 
8 8 196 224 224 
189 236 356 356 356 432 
402 
456 
31 31 41 99 134 134 151 151 156 184 184 184 271 273 314 319 319 319 411 450 450 462 462 490 502 502 508 508 
12 12 184 202 202 
267 351 351 351 
431 496 
38 38 38 72 72 72 89 89 90 90 141 193 193 325 326 326 413 466 503 503 
61 61 61 81 323 323 
229 229 
76 
65 193 193 413 413 

118 118 
415 415 
184 
114 114 114 181 181 259 259 496 496 496 
401 401 
330 330 
87 306 306 
68 68 
105 106 190 
196 196 
154 233 250 271 408 442 442 
233 233 271 271 271 
222 222 222 222 
225 225 458 458 

146 146 
134 134 134 
0 0 46 64 64 139 139 339 339 339 395 
413 413 413 
63 415 415 415 
449 
334 334 
198 
124 
487 
22 81 81 82 142 497 
17 
271 271 
227 227 227 
225 
81 495 
46 46 381 
184 184 184 307 
58 58 294 
314 317 

5 50 
110 110 110 247 247 271 368 368 
39 39 159 159 219 274 274 352 405 
427 427 
6 92 92 182 182 
39 39 206 206 239 239 402 
37 230 230 415 415 
175 175 332 413 413 413 
25 26 26 87 150 158 158 248 248 248 271 271 271 293 293 294 294 306 339 339 374 412 412 412 437 
184 184 258 
262 292 292 292 292 
354 
271 408 408 408 
45 74 76 77 92 92 119 119 155 155 155 161 161 167 168 168 168 182 182 187 187 187 196 222 222 243 251 286 314 314 317 318 318 318 332 332 333 334 334 335 358 362 362 382 382 382 407 407 407 439 448 448 455 455 494 
22 22 
37 37 116 129 177 177 184 184 201 230 230 230 236 236 254 269 269 277 283 303 303 338 338 365 365 383 383 383 406 406 460 463 463 

149 149 
80 80 95 95 95 314 314 
225 225 225 
98 98 441 
281 281 281 347 347 347 
196 
76 
243 
103 103 157 169 
184 184 184 291 291 
271 271 282 282 339 339 403 403 
20 20 159 159 
314 314 314 
241 241 241 241 
357 496 
351 
159 
314 314 
280 280 280 280 449 

408 
83 83 
45 161 161 161 413 
186 
1 5 5 18 98 98 98 259 420 
250 271 374 374 468 468 

15 59 182 182 316 
85 450 450 
56 56 56 191 

74 74 128 413 413 
280 280 314 314 384 435 467 467 
41 41 354 354 445 445 462 462 
289 289 289 
339 464 
271 
4 4 124 131 131 219 232 232 
17 17 314 413 413 
76 184 184 353 491 491 

225 377 377 
346 346 
415 
22 497 
354 354 450 450 
63 63 75 75 415 415 
339 339 452 
184 184 307 
72 72 358 
215 280 308 308 314 314 314 449 449 
123 123 442 442 
159 159 511 511 511 
339 
101 170 195 267 267 
273 273 273 475 

56 
472 
10 10 10 240 240 496 496 
39 39 159 166 166 188 
76 207 207 
193 
127 171 171 171 171 290 
314 

30 30 
51 184 184 
39 39 302 302 
31 31 31 120 120 315 336 
56 236 236 388 
184 
31 
51 51 184 184 354 
126 126 126 185 185 456 456 
41 41 
3 3 
174 220 243 335 335 335 413 
81 81 81 394 
100 100 100 197 240 265 357 367 367 367 431 476 476 
22 130 389 461 
160 160 
182 182 222 222 222 

54 54 
354 354 
358 358 
5 88 88 
233 
347 347 
104 
5 5 5 48 86 198 198 198 354 354 
76 76 295 
159 159 159 
159 159 469 469 469 
