Nodes: 512, Edges: 1187
381 381 
441 
28 28 91 91 111 111 182 183 183 
271 271 493 493 
454 454 454 
34 34 48 50 88 88 184 198 198 198 225 225 225 255 255 273 273 354 354 400 441 443 475 475 504 504 508 508 
404 404 
233 271 271 271 
224 313 350 350 
287 287 
476 

184 184 202 202 355 355 355 
76 76 
184 
59 59 59 182 182 
184 184 
390 455 

104 
428 428 
31 
115 331 389 389 414 414 436 461 461 497 497 497 
290 290 

408 408 
158 158 408 408 
76 346 346 
2 2 178 183 183 
56 56 
180 180 180 222 483 
21 172 172 172 184 184 279 279 279 315 486 486 489 489 
184 
67 192 192 
5 5 
158 158 158 413 

57 406 406 415 
358 
62 62 62 62 159 159 163 163 163 166 219 219 231 241 241 302 302 330 330 330 402 405 405 477 485 485 
192 192 192 236 236 249 
85 85 85 99 99 137 156 160 160 160 184 354 399 445 450 450 457 457 492 
321 321 321 323 323 323 
193 193 
137 137 
76 413 413 439 
339 395 395 
76 78 346 
5 508 
236 
5 400 400 400 
484 490 490 
345 

76 76 299 501 501 
93 93 195 195 236 236 
29 29 191 191 191 236 236 236 446 446 474 474 474 487 
37 415 
294 397 
15 15 15 444 
104 104 236 236 
81 81 81 359 359 
39 39 39 39 241 
75 383 383 463 
381 381 
362 362 362 416 
141 
33 192 192 192 281 281 
169 169 179 179 179 296 296 371 
236 236 344 344 
184 246 258 

325 358 466 
315 
413 448 
63 
13 13 27 45 47 54 54 78 96 96 107 107 184 184 186 186 186 196 199 207 208 229 245 245 245 245 292 292 292 295 295 295 299 299 299 299 314 314 319 319 322 328 328 346 353 353 354 361 413 423 423 456 456 456 478 509 509 
196 196 
47 76 
104 
314 418 418 
61 61 61 82 82 82 113 113 184 289 289 289 329 359 389 389 394 495 495 
81 81 81 121 142 142 142 143 165 165 165 165 389 389 
104 236 236 438 438 
85 85 85 348 348 348 
41 41 41 84 84 84 160 312 312 348 
198 198 198 198 
306 306 306 370 408 
5 5 504 
358 358 

2 2 
182 404 413 
55 55 
315 
418 
76 76 398 
171 
420 441 441 
41 41 354 354 
476 476 476 496 496 
140 195 378 378 471 471 
136 216 
146 146 379 425 425 425 
19 60 60 79 83 236 237 507 
184 190 372 
190 
76 76 
414 
199 
176 247 247 247 401 401 401 401 
2 2 182 
184 184 
81 81 
367 367 
22 
415 415 415 
125 125 135 135 236 236 
152 152 152 262 364 
122 122 222 413 
486 486 
82 143 143 
119 119 222 222 
381 468 468 
232 232 232 387 387 
117 117 136 136 
185 185 185 491 
480 480 
448 
236 236 415 415 

454 454 
168 168 

354 
117 117 
102 125 125 
41 44 44 184 184 
164 236 236 236 
381 
101 320 320 
66 196 196 196 196 358 
82 82 82 
82 121 121 217 217 
282 282 282 

103 103 379 379 
236 344 
191 191 304 
250 417 417 
248 248 408 
354 354 354 
118 118 118 292 

374 374 
413 
41 
233 276 425 425 425 
26 26 35 35 35 194 271 271 408 408 
39 39 188 188 227 227 227 231 330 330 330 402 428 433 469 469 469 477 477 510 511 511 
41 41 41 85 272 272 312 312 498 
413 413 439 439 439 
322 
39 39 39 
138 
82 82 82 82 329 329 329 
39 477 
413 413 
132 132 413 
68 68 233 233 233 425 425 425 
471 471 471 
97 290 480 480 480 480 
31 31 31 
344 
222 335 335 335 494 
187 187 
110 247 247 
300 300 415 415 415 415 
28 183 183 
68 68 68 
30 30 30 222 222 222 
367 
2 15 15 92 111 220 340 340 363 363 363 404 413 413 413 444 444 444 499 
2 2 28 28 178 178 
5 12 12 14 16 16 31 31 32 41 70 76 76 81 105 112 112 137 137 213 221 221 221 236 246 258 258 260 260 267 267 279 284 291 292 307 307 315 315 315 324 324 338 345 345 354 355 355 366 366 366 396 396 396 409 415 415 415 426 426 456 465 465 484 484 488 490 
126 126 126 491 
76 76 76 245 245 440 440 
175 175 413 
159 159 
351 351 351 
105 106 372 372 
56 56 56 148 148 236 268 285 285 304 304 304 446 446 
33 33 40 40 40 67 67 67 236 236 281 
43 43 251 251 251 251 286 286 358 358 362 413 479 
158 
55 55 101 236 236 236 471 
76 77 77 141 141 141 141 200 200 200 290 350 373 373 413 413 413 422 
496 
5 5 5 86 86 86 86 386 386 508 
76 109 207 314 314 314 
196 196 196 
236 415 415 
12 12 355 355 
271 271 
267 267 

405 
76 199 478 478 
76 242 
328 328 328 
232 
236 
238 238 238 310 310 
184 488 
215 215 314 314 
214 214 314 314 
102 
143 143 
271 
39 39 232 274 274 274 402 454 454 
182 494 494 494 
184 184 184 
30 119 122 122 174 180 180 180 314 314 376 376 413 413 483 483 499 499 499 
329 329 329 
8 313 313 350 
5 5 5 377 377 393 393 458 458 
292 292 292 
159 159 159 257 337 337 343 392 392 392 477 477 

76 360 360 360 
236 236 236 275 275 275 406 406 406 415 415 
39 159 
124 124 124 210 219 390 390 454 454 454 
7 157 169 169 169 238 271 271 287 287 296 310 375 375 505 
503 
487 
40 40 49 55 55 56 56 56 60 60 69 69 83 83 104 117 117 129 129 138 138 138 147 184 191 192 192 195 195 195 201 211 230 230 230 237 252 252 267 267 275 278 283 344 344 344 351 351 351 415 415 415 432 432 438 460 
104 236 
212 212 212 233 
342 342 405 405 
279 279 279 279 476 476 496 496 
39 39 62 430 430 430 
208 
311 311 311 424 494 494 494 
325 325 
76 76 76 76 186 186 
70 184 
110 110 110 176 176 288 288 401 
150 150 408 
40 
149 374 374 417 417 442 
193 193 193 193 286 413 
236 236 
330 
283 283 415 415 415 
5 5 
271 271 
227 305 
70 184 184 409 
367 367 441 
184 184 
329 329 
118 364 410 410 
315 
334 385 
496 496 496 
493 
184 184 204 204 236 236 268 356 
191 267 
415 
286 286 286 
3 3 7 7 7 158 158 203 203 218 233 233 256 256 282 282 297 327 327 339 354 354 374 374 401 408 408 412 427 442 453 453 453 
160 160 
5 5 354 472 472 475 475 
219 219 219 402 
230 230 230 236 
157 
415 
236 
31 31 31 184 240 240 240 240 
308 308 435 435 449 449 449 467 467 
67 67 192 298 347 421 
144 144 144 271 271 427 427 
236 254 254 415 
184 
191 191 
193 193 251 270 270 270 413 
9 9 233 233 
247 247 
81 81 81 451 
23 23 171 196 
184 426 
76 76 76 152 184 226 226 226 364 364 410 410 410 
408 
58 397 408 
76 76 76 509 
68 68 233 
271 408 408 
281 347 347 
54 76 76 76 76 413 413 
177 177 
339 
39 39 485 

148 191 191 191 
257 343 343 343 392 482 482 
87 87 87 370 370 370 408 
184 184 354 354 396 465 
280 280 467 

212 212 233 
243 243 243 
85 85 160 160 
8 224 224 
76 76 80 199 199 199 214 214 215 215 222 222 349 349 354 354 384 398 413 413 418 418 434 434 449 449 449 455 467 467 481 
31 73 94 184 184 184 263 336 336 486 
444 444 
398 413 413 
413 413 413 
76 76 
140 140 
42 42 42 323 
76 162 
42 42 42 321 359 359 
184 184 
72 244 244 358 358 

271 271 
76 76 209 209 209 
81 165 165 165 223 223 223 261 261 432 
39 39 39 159 159 159 253 369 369 428 
22 
413 
413 
264 385 413 413 
174 174 174 413 494 494 
315 315 
227 227 
184 415 415 
46 271 301 381 381 408 408 427 427 452 464 470 
182 182 

239 239 
227 305 305 305 
69 69 147 173 236 236 236 447 
52 184 184 
27 27 47 76 459 
281 298 298 421 506 
84 84 84 85 
314 314 481 481 
8 8 196 224 
189 189 189 236 236 236 356 356 
402 402 402 
76 76 456 456 456 
5 5 41 76 99 99 134 151 151 151 184 271 271 273 307 307 314 314 411 450 450 462 490 490 490 508 508 
12 12 12 184 184 202 202 
267 351 351 
367 431 496 496 496 
38 72 89 89 141 193 193 325 325 413 413 466 500 503 503 
61 61 81 323 323 
229 229 229 
76 
65 65 65 193 413 
182 182 182 
118 262 292 292 
415 
184 184 184 
114 114 181 259 259 357 496 496 
401 401 401 
330 330 
87 306 306 306 
68 
105 190 190 
196 196 
154 154 250 250 271 271 408 408 442 
233 233 
222 222 
225 225 458 458 458 
101 101 
103 146 146 

0 0 64 64 123 139 339 339 408 408 408 
413 413 
63 63 415 415 
314 449 449 
264 334 
198 198 
124 124 
487 
22 22 81 81 82 82 497 497 
17 232 232 

227 227 227 305 
225 225 
81 495 
46 46 
184 184 184 307 
58 294 
96 314 317 
41 
5 50 50 50 
110 110 110 110 247 271 368 368 368 
39 159 219 274 352 352 352 405 405 

6 6 92 182 
39 39 206 239 239 402 402 
37 37 230 230 230 415 415 
413 413 
25 25 26 26 87 150 158 158 248 271 271 293 294 297 297 306 339 339 374 374 381 381 381 412 437 470 
184 258 
262 262 292 292 292 
354 
271 408 
35 45 45 74 76 92 119 155 161 161 167 167 168 182 182 182 187 193 196 196 196 222 222 251 286 299 299 314 314 317 317 318 318 318 332 333 334 334 335 358 358 362 382 382 407 407 439 439 448 448 448 455 494 494 
22 22 108 
37 57 116 116 116 129 129 177 177 177 177 184 184 184 201 201 230 230 236 236 236 254 254 254 269 277 283 338 338 365 383 383 406 406 432 460 463 463 
65 
149 149 250 250 
80 80 95 314 314 

98 441 441 
281 347 
196 
76 76 
243 
103 103 103 157 157 157 169 169 169 
184 184 291 
271 282 282 339 339 
20 20 159 330 

241 241 241 
357 496 496 
236 236 329 415 
159 
314 314 
280 280 449 
22 
408 
83 83 236 
45 161 161 161 413 413 
186 186 
1 5 98 98 259 420 420 
250 271 374 468 
5 
59 182 182 182 316 316 
41 450 450 450 
56 56 191 191 
344 
74 128 413 413 413 
280 280 280 314 314 314 384 384 435 467 467 467 
41 41 354 354 445 445 445 
289 
339 464 464 
271 271 271 
4 4 4 131 131 219 219 232 232 232 
17 314 413 
76 76 76 184 353 353 353 491 491 
41 41 
225 225 377 377 377 
346 
236 415 
22 22 497 497 497 
354 
63 415 415 
339 452 452 
184 184 307 
72 358 
280 280 308 314 314 449 449 449 
123 123 442 
159 159 159 511 511 
339 408 
101 101 170 170 170 195 
273 273 475 
491 
56 56 56 
5 5 273 273 472 
10 100 100 100 240 240 496 496 496 
39 159 159 166 227 227 
76 207 207 
193 
127 127 171 171 171 171 
314 349 349 
305 305 
30 222 222 
51 184 184 
39 39 302 
31 31 120 120 315 489 
56 235 388 
184 213 
31 31 486 
51 51 184 354 354 354 
126 185 456 456 473 
41 
3 3 266 
174 220 220 220 243 243 243 335 335 413 413 
81 81 394 
100 100 197 240 240 265 265 265 357 357 357 367 367 431 431 476 476 476 
22 22 22 389 389 461 461 461 
160 
182 222 222 222 
358 
54 54 

234 358 358 
5 5 88 
233 
347 
104 
5 5 48 198 354 354 
76 76 295 
159 
159 159 469 469 
