Nodes: 256, Edges: 376
190 236 
105 158 232 232 
153 
81 
14 18 18 32 32 138 208 208 
26 26 38 42 50 81 81 94 98 103 108 108 117 117 123 126 126 133 136 136 141 142 159 165 196 203 221 238 244 248 248 254 
212 
41 97 124 124 203 203 
168 215 228 247 


134 134 172 172 
227 
37 37 
4 18 47 51 138 139 139 146 152 152 163 180 208 
26 231 231 
89 93 
66 84 
4 4 14 61 61 63 80 80 80 152 152 186 
62 62 
98 166 166 
45 52 52 140 140 153 228 

192 192 
223 223 
153 
5 5 15 33 44 44 59 59 67 70 84 84 98 175 196 213 231 

88 191 

64 175 175 182 196 230 239 
104 157 157 
4 4 
26 37 37 37 39 39 39 122 122 185 211 222 

53 81 81 

13 13 33 33 33 122 122 134 169 219 
5 42 42 42 
33 33 33 134 
203 
7 
5 38 38 38 81 243 
195 245 245 
26 26 59 59 150 150 
21 148 153 
56 56 56 221 221 
14 152 
152 152 

5 123 254 
14 
21 21 
35 81 
127 
121 238 238 238 
46 46 46 181 
93 154 
203 
26 26 44 44 
76 152 206 250 
18 18 206 
19 19 
18 90 137 
30 196 196 
81 93 
17 
26 

223 223 
26 249 
131 228 

134 
199 203 
147 171 203 205 205 205 217 217 
60 
122 
89 93 93 93 

18 18 18 
3 5 5 35 35 42 53 65 93 93 125 162 173 173 173 176 176 238 
197 197 
113 113 113 177 177 
17 26 26 100 109 183 189 255 
128 128 
92 203 203 218 
237 253 
28 203 
16 78 93 
63 242 242 
121 238 
86 218 
16 57 65 78 78 78 81 81 89 111 154 154 176 224 224 
5 112 243 243 

127 144 200 200 240 240 240 
7 226 226 
5 20 26 166 209 209 

84 109 109 194 
145 
234 
5 
31 152 
1 
145 

5 5 
84 100 100 194 194 198 216 
153 
93 
94 
83 83 83 177 204 246 246 

253 253 
203 203 
5 5 

152 152 152 
155 155 170 170 206 206 
55 91 238 
33 33 37 37 77 210 
5 50 
7 7 
81 
5 5 
54 96 144 144 187 189 189 189 216 229 229 
85 85 228 228 


71 228 

5 227 227 227 
11 11 37 39 73 

5 5 
63 
4 14 
14 14 
21 21 
5 
5 
203 
96 127 127 
101 106 246 
14 152 
75 
45 
203 
44 44 
228 
14 14 18 18 47 48 48 60 104 119 119 119 146 157 225 
2 21 25 45 110 179 
57 93 93 241 241 
120 120 206 206 

31 31 152 
1 164 164 
5 


81 
14 
158 158 232 
5 203 
20 20 98 209 209 
173 173 
8 
37 
120 120 174 206 206 
75 
11 11 
81 81 81 167 167 176 
170 
26 30 30 196 
81 81 93 173 
83 83 113 

153 
14 
56 
30 
84 
228 228 
33 
18 
127 

84 127 127 127 
0 236 236 
28 205 
23 23 
237 237 253 253 
100 109 109 
43 204 204 
5 26 30 64 64 175 
82 82 
109 
74 
96 96 229 


5 7 7 40 58 74 75 86 86 88 116 116 143 149 165 220 220 251 251 252 
113 195 195 
75 75 75 191 
60 61 120 120 155 155 170 170 

4 4 14 
98 98 166 166 
122 
33 
6 222 222 
26 
252 
8 
109 127 
75 75 233 
86 92 
37 
203 203 
5 46 46 227 
33 212 212 
24 24 69 69 
93 93 
152 
97 97 
12 133 133 133 221 
8 21 71 128 128 131 151 184 184 
127 127 200 
30 
15 15 26 
1 1 164 
217 
102 
243 
0 190 190 
87 193 193 
5 55 55 55 81 91 121 
30 
96 96 96 
154 154 
90 90 
42 94 94 235 
5 
43 43 
113 113 145 
8 
5 5 
70 
60 
203 203 
203 214 
87 115 115 193 193 
5 50 
84 
