Nodes: 256, Edges: 376
18 18 18 190 190 190 
105 105 105 158 164 164 164 232 
153 153 
81 81 
14 138 208 208 
42 46 50 50 56 81 98 108 114 117 117 136 136 141 142 159 159 196 203 221 221 234 238 238 243 248 
212 212 
86 97 124 130 203 203 
168 215 247 
182 182 

134 134 172 172 172 
227 227 
37 
4 18 47 47 51 138 146 146 146 152 163 180 
26 207 207 207 231 
78 89 93 95 95 95 
66 66 66 
0 0 0 14 60 60 61 63 63 80 80 90 152 186 

98 98 98 166 
52 52 71 71 140 140 153 228 
43 
192 
223 
81 
15 59 67 70 72 72 117 117 141 196 213 231 
110 
88 88 191 
191 205 
123 175 182 196 230 230 230 239 
157 

39 122 134 185 211 211 

53 81 81 
203 203 
13 122 134 134 134 169 
42 
33 
203 203 

5 38 243 
22 245 
59 
148 148 
5 221 
14 14 152 152 
245 
84 84 
5 5 123 254 254 
14 61 137 
21 21 
35 

238 238 
5 181 227 
93 154 241 
245 245 251 252 
26 44 
18 18 76 152 206 206 206 236 250 
18 51 

18 18 90 90 137 242 
196 196 196 196 

17 17 17 
26 

223 
26 122 122 210 249 249 
21 21 228 
26 26 
134 
156 156 
147 147 171 203 233 233 
60 

16 89 93 93 93 

18 18 
3 3 5 25 35 35 93 93 125 162 173 176 176 
197 
177 204 204 
49 49 100 109 109 127 183 183 189 255 255 255 
128 128 128 
7 92 203 203 
237 237 253 
28 28 
16 78 93 
18 63 63 206 206 
121 121 238 238 
86 203 
16 57 78 78 78 81 81 89 111 176 176 201 201 224 224 
112 243 
16 16 16 
200 229 229 240 
7 226 226 
5 20 20 20 166 209 213 237 
251 251 
84 109 109 194 194 198 198 
145 


129 129 129 152 
1 1 1 
145 204 
119 119 
5 
84 84 100 100 
27 
93 
94 
204 246 
5 
253 253 
203 203 
5 5 26 26 

107 107 152 
155 170 206 
91 91 
33 37 70 70 
30 50 161 161 161 
7 
81 

84 144 144 187 216 229 229 
85 85 85 228 
104 104 104 
7 

222 

11 11 33 37 37 37 73 
175 175 
5 5 
51 63 
4 14 

21 21 
5 26 
5 159 
203 
127 127 
101 106 204 
14 14 14 152 152 223 223 
75 75 
45 45 153 
233 

228 228 
14 18 47 47 60 104 119 146 146 163 223 225 
2 2 21 148 179 228 
57 241 241 241 
120 206 
74 74 
31 
1 164 
5 5 142 

123 123 123 
81 
14 152 
1 1 1 158 
203 
20 98 

8 
37 
120 206 
75 205 205 205 
11 11 11 
81 176 176 
206 
30 135 135 196 
81 81 93 93 173 173 
83 

153 
14 
56 
9 9 30 196 196 
84 84 
228 
33 
18 
127 

84 
0 0 0 236 236 
28 29 205 205 205 
23 
237 237 253 
100 100 
204 
5 26 30 64 64 64 64 175 182 182 
82 
100 100 

96 229 229 229 
93 93 

5 7 7 36 36 40 40 75 86 86 92 116 116 143 165 220 
83 83 106 113 145 195 245 
29 171 171 171 191 191 191 
60 60 60 90 90 120 155 170 174 
15 15 15 
4 4 
98 
70 
33 33 
6 6 222 
26 98 
252 252 
8 
127 
233 


203 
5 5 46 227 
132 212 
24 69 146 146 152 
93 93 
152 
97 97 
12 12 56 221 
21 71 128 151 151 153 184 
96 96 127 127 200 200 200 
30 30 30 
15 26 
1 
75 75 149 217 
5 

60 190 190 
87 87 98 193 193 
5 5 55 55 91 91 
30 
96 
57 154 154 154 
63 
5 42 94 

43 48 58 58 204 
113 
8 
5 
70 70 
60 
58 99 99 
58 214 214 
87 115 115 193 
50 50 
84 84 84 
