Nodes: 256, Edges: 376
190 236 
21 21 105 158 158 164 164 164 232 
153 153 
81 
14 18 18 208 208 
42 42 50 56 81 94 98 102 103 103 114 114 114 114 117 123 123 126 136 142 142 165 203 221 227 234 234 244 248 254 
212 
41 74 86 97 97 124 124 130 203 203 203 218 218 
168 215 
182 
14 
134 134 172 172 
227 
33 
4 10 47 47 138 146 146 152 163 208 208 
26 207 
78 93 95 
66 84 
4 4 60 63 90 90 152 180 186 192 206 

98 98 
1 1 52 52 71 131 131 140 228 


223 223 223 
153 153 
15 33 33 44 44 59 59 62 62 72 87 108 108 117 141 175 213 237 

165 165 165 
205 
64 64 196 230 230 239 239 


13 26 26 39 44 134 197 
137 
53 81 81 
203 203 
150 219 219 219 
42 
33 
203 203 
7 
5 5 38 
245 
26 26 33 59 150 150 188 
148 148 153 
221 221 
14 14 
152 245 245 

5 123 254 254 254 

21 21 
35 81 
127 
121 121 
5 181 181 
154 154 241 241 
214 245 252 
26 26 44 
18 76 152 250 250 250 
206 
26 26 
18 90 242 242 
30 30 196 196 
81 81 93 93 
17 


223 223 
77 122 210 210 249 
21 247 
26 
134 
7 86 156 203 
203 233 233 233 
60 
70 
16 89 93 93 
111 111 111 
137 
3 5 35 35 53 65 65 93 93 125 153 162 173 176 176 251 
197 
113 
17 100 109 109 109 127 127 183 189 255 255 
128 
7 74 92 203 218 218 218 
26 237 253 
203 203 203 
78 93 93 
18 18 63 206 242 
238 
86 
16 65 65 78 78 81 81 89 89 111 111 154 176 201 
5 112 243 
16 
127 229 240 240 
7 7 130 
5 20 20 166 209 209 237 
251 251 
84 109 194 198 

5 203 
5 5 
129 152 152 
1 
145 204 
119 119 152 
26 26 
84 84 84 100 127 194 194 194 198 198 216 
153 
79 79 79 93 93 
94 
83 145 246 246 246 
5 5 5 5 
253 
203 
5 26 234 234 
188 188 
107 107 152 
155 155 155 170 170 206 
55 55 238 238 
70 210 
5 5 50 161 161 196 196 
7 7 
81 
5 
54 84 84 96 109 144 187 189 
85 228 
104 
7 97 
21 21 
222 
227 
11 11 33 73 
175 
5 
34 80 202 202 
14 

21 
26 
5 5 
149 149 203 221 
127 
106 113 204 246 
14 14 152 223 

45 45 153 
143 143 
37 44 44 

14 18 48 60 104 104 107 119 146 157 163 
2 2 25 25 45 81 110 148 179 
57 57 93 241 
120 120 120 206 
74 203 
152 
1 1 164 

251 251 
123 123 
81 238 
14 152 
1 1 1 158 232 
5 28 28 28 203 
98 
173 173 173 
8 
222 
120 120 174 
205 
11 11 
81 167 167 167 
170 
26 135 196 
81 81 93 


153 
18 
56 56 
9 196 
84 
228 

18 
127 
44 118 118 
84 127 
0 
205 
18 
237 237 253 
100 109 109 109 
245 
30 64 64 123 123 175 182 
33 82 
100 109 109 

229 229 
93 
137 137 
5 7 7 7 36 36 40 40 74 75 86 88 88 88 102 116 143 156 165 220 220 
106 145 245 
29 171 191 
18 61 90 120 155 
15 
4 4 14 14 
98 98 
70 70 122 

6 
26 237 
58 
8 241 
109 
233 
7 7 86 86 86 
37 37 37 
203 203 
5 46 46 143 
132 169 
24 24 24 69 69 146 



5 12 133 
21 128 184 
96 200 200 
30 30 

1 164 
75 75 75 217 
5 5 117 117 

0 
26 87 98 193 193 213 
91 121 121 162 
30 30 
96 96 
57 57 154 215 
63 63 90 
94 
5 
43 48 48 58 195 204 
113 113 113 145 
71 
5 
70 
60 60 60 
81 99 99 160 160 
58 
87 115 193 
5 50 50 50 
84 84 
