Nodes: 256, Edges: 376
18 190 
153 164 232 

81 81 
14 14 32 32 208 
26 46 50 50 68 81 81 81 98 102 103 117 126 133 133 133 136 141 141 142 142 159 159 178 178 203 203 221 227 243 244 244 248 248 254 
212 
41 41 86 97 130 203 203 
71 168 168 228 


134 172 172 
227 227 
33 33 37 
4 4 18 32 32 138 146 146 152 163 208 
26 207 207 231 231 
89 95 
66 
0 14 61 63 63 63 80 80 80 80 90 186 186 206 206 

98 166 
45 45 71 71 131 131 131 140 140 153 228 
43 
192 
223 223 
81 81 81 
5 15 33 44 44 67 67 72 84 87 98 98 108 117 122 141 175 175 175 175 175 196 196 213 231 237 

191 
191 205 
64 230 230 239 
104 
4 4 14 14 
13 13 26 37 37 39 39 44 44 122 134 185 185 197 211 

53 53 
203 203 
13 33 33 122 134 169 219 219 
42 42 
33 33 73 134 134 
203 203 
7 7 
38 38 243 
22 
26 26 33 33 150 150 188 188 
21 21 153 
5 
152 
245 245 245 

5 5 123 254 


35 35 81 

121 238 
181 
93 154 154 
152 245 245 252 

76 152 206 206 250 250 
18 206 

18 18 18 90 90 137 202 202 242 
30 175 175 
81 81 
17 
26 26 
5 
223 
77 210 249 
8 21 21 228 
26 
39 134 
203 203 
171 171 205 205 233 
60 
70 122 
89 93 93 
111 
18 18 18 18 137 
3 3 5 5 5 25 25 25 53 65 65 93 125 160 162 162 173 176 176 
197 
113 177 204 
26 100 109 109 109 127 127 183 255 255 255 255 255 
128 128 
7 92 203 
26 237 253 
203 
16 78 93 
18 63 63 242 
121 238 
86 
57 78 78 81 89 111 154 201 224 
112 112 243 243 
16 
127 200 229 240 240 
7 130 226 
5 20 26 26 209 209 237 
251 
84 109 194 194 
145 
5 
5 
31 152 

145 
119 119 
26 126 126 
84 84 84 100 194 
153 
79 93 
94 94 
83 145 177 204 246 246 246 

253 
203 203 
5 26 
188 188 
107 107 152 
155 206 206 
55 91 238 238 
26 33 37 77 210 210 
50 161 161 

81 
5 108 108 
84 84 96 144 144 144 187 189 216 229 229 
85 85 228 

7 97 
21 21 21 
222 222 
5 5 5 227 227 
11 33 37 39 39 73 
175 
5 
63 80 
14 

21 21 
5 5 26 
5 5 159 159 

127 127 127 
101 106 113 246 246 246 
14 14 152 


203 
44 44 
228 
14 47 58 60 104 119 146 157 225 
1 21 45 110 179 
57 57 93 241 
120 
203 
152 

5 5 142 142 
81 
123 123 
81 81 
14 
1 232 

20 209 
173 173 
8 8 
37 
206 
75 75 
11 11 
81 167 167 
206 
26 26 26 26 26 64 64 135 196 
81 81 
83 113 
5 5 
153 

56 
196 
84 
228 
33 33 
18 18 
127 
44 44 118 118 
127 
0 236 
28 29 205 205 
23 
237 253 253 
100 100 109 

26 26 175 182 
33 82 


96 229 229 
93 
63 63 
5 5 7 7 36 36 40 40 74 74 86 88 116 116 149 156 220 251 
83 113 245 
29 75 75 191 191 
18 18 60 60 61 120 120 170 174 
15 15 
4 14 
98 98 166 
70 122 122 
33 
6 222 222 
26 237 
252 
241 
127 


37 37 
203 
5 
132 132 212 212 
24 24 69 
93 
152 
97 
5 12 12 133 133 
8 21 71 128 151 184 
96 127 127 200 200 
30 30 
15 15 26 
1 164 
75 

243 
190 
26 87 98 193 213 
55 91 121 121 
30 
96 96 
154 215 
63 90 
5 42 94 94 235 
5 5 
48 48 48 58 58 204 
113 113 113 145 145 145 

5 5 
70 
60 60 
99 203 
58 214 
87 115 193 193 
5 50 
84 84 84 84 84 
