Nodes: 256, Edges: 376
18 18 190 190 236 
105 153 158 164 164 
153 
81 81 
18 18 32 32 138 208 208 
26 38 42 42 46 50 68 81 94 94 98 98 102 102 103 103 114 114 114 117 123 123 126 126 126 136 142 143 143 159 178 178 196 221 221 221 227 234 243 244 248 
212 212 
69 86 124 130 218 
71 168 215 
182 182 

134 134 134 172 
227 227 
33 37 
18 32 138 139 139 152 152 180 208 
26 207 207 231 
78 78 89 95 
66 66 84 84 
0 0 4 4 14 60 61 61 61 63 80 180 186 192 192 206 
62 62 
98 98 166 
52 131 151 228 

192 192 


5 15 33 44 44 44 59 62 62 67 67 67 70 70 72 72 87 87 98 108 108 122 237 
110 

191 205 
175 182 182 196 196 230 239 239 239 
104 157 157 
4 4 14 
13 26 37 39 44 44 197 222 222 222 

81 
203 203 
13 33 122 134 134 134 169 169 219 219 219 
5 42 42 
33 


5 5 38 38 243 
195 
26 26 26 33 33 150 188 188 
148 148 153 153 
5 56 56 221 

58 152 245 245 
84 
5 123 254 254 

21 
81 81 
127 
238 
46 46 181 
241 241 
48 104 104 152 214 245 
26 
18 76 152 236 236 250 250 
18 18 18 
19 19 26 26 
18 137 137 202 242 242 
175 175 
81 93 
17 17 
26 26 26 
5 
7 223 
26 26 122 
8 247 
26 26 
134 
203 
147 203 205 217 217 233 
60 
122 122 
16 16 93 93 93 
111 111 
18 137 
3 3 5 35 53 53 65 93 93 173 173 176 
84 
177 177 204 
17 17 49 82 109 109 109 127 183 
128 128 128 
7 
26 26 237 

16 93 93 
242 242 
121 238 

65 78 78 78 81 81 89 89 201 224 224 224 
5 5 112 112 112 
16 
229 229 240 240 240 240 

5 5 20 20 26 166 166 209 213 237 237 
251 
109 109 194 198 198 198 
145 
5 5 234 
5 5 
31 58 58 129 152 
1 
204 
119 152 152 
26 26 126 
84 84 84 100 100 127 194 198 216 
27 
79 79 
94 94 94 
145 145 177 177 204 246 
5 5 5 
253 253 
203 
5 234 

107 152 
155 155 206 
91 238 238 
26 37 70 77 77 210 210 210 
5 5 50 161 161 196 
7 

5 5 5 108 
54 84 109 144 144 187 
85 85 85 228 228 
104 
7 
21 

227 
11 11 11 37 37 37 73 
175 
5 
63 63 80 202 
4 14 
14 14 


5 159 159 
5 5 
127 127 
101 113 113 204 246 
223 
75 
45 45 153 153 

44 
21 228 
14 14 48 58 60 104 107 107 119 157 157 163 
1 2 45 45 148 148 179 179 228 
241 241 
120 120 206 206 

31 31 152 152 
1 164 
5 142 142 

123 123 

152 
1 1 158 232 

20 98 98 209 209 
173 173 
8 
37 37 
206 

11 
81 81 167 167 176 

30 64 64 135 
81 173 
83 83 113 113 
5 5 
153 153 
14 18 
56 
9 9 30 30 196 
84 
228 

18 
127 
44 44 

0 0 
29 205 
18 18 23 23 

100 109 
43 
5 30 30 123 182 
33 
100 100 100 109 255 

229 229 
93 
63 137 
36 36 74 75 116 
83 106 113 145 
29 75 191 
18 120 155 155 170 
15 15 
4 4 14 
98 166 166 
122 122 122 

6 6 222 
98 
58 
8 
109 
75 75 233 
7 
37 37 37 

5 5 5 46 227 
33 33 33 212 
69 146 
93 93 93 


5 12 12 133 221 
21 128 128 151 153 184 
96 96 200 200 
30 
15 
164 
75 217 
5 102 117 

0 60 60 
26 87 98 98 
55 91 121 121 
30 30 30 
96 96 96 96 
57 57 154 154 
63 63 90 90 
5 42 
5 
48 48 58 
113 145 
71 
5 

60 60 
99 

115 115 
50 50 
198 
