Nodes: 256, Edges: 376
18 190 236 236 
21 21 105 105 158 158 164 232 232 

81 81 81 
18 138 138 
26 38 38 38 42 42 50 68 94 103 103 103 108 114 114 159 165 178 196 196 221 238 238 243 248 248 

41 74 97 97 124 130 203 
168 215 228 247 
182 
14 
134 172 172 172 172 
227 
33 37 37 
10 18 32 47 47 51 51 138 138 139 139 139 152 152 163 163 180 180 
26 26 207 231 231 
89 93 95 
66 66 66 84 
0 4 14 61 63 80 90 180 186 192 206 
62 
98 166 
1 1 71 131 131 131 151 153 228 228 

192 192 192 
223 
81 81 
5 15 15 59 62 62 70 72 72 87 98 98 108 108 196 213 213 231 237 
110 

191 
64 123 175 196 230 239 239 
157 
14 
13 39 134 185 222 
137 137 
53 53 53 81 81 81 

13 13 122 134 219 219 219 
5 5 5 42 
33 73 
203 
7 
5 5 38 243 
195 245 245 
59 150 150 188 
148 
56 56 221 
14 14 
152 
84 
5 123 254 254 254 
14 14 137 

35 35 35 81 
127 

46 46 181 181 227 227 
154 241 
203 214 
26 44 
152 250 250 
18 206 
19 26 26 
18 90 90 90 137 137 202 
30 175 175 
81 
17 17 17 

5 

26 77 210 249 
21 131 
26 26 
39 
7 86 203 
203 233 233 
152 
70 122 
89 93 93 

18 
3 3 3 25 25 35 35 35 53 65 93 93 160 160 162 173 176 176 176 
84 197 197 197 
177 204 
17 49 82 100 109 127 127 183 189 255 255 
128 128 
74 203 218 
26 253 
203 
16 78 93 
18 63 63 63 206 242 
121 121 238 

16 78 78 81 81 89 111 154 154 176 201 224 
5 112 112 243 
16 
144 240 240 
7 7 130 226 
20 26 26 166 166 209 237 
251 
84 109 109 194 198 198 


5 5 5 
129 152 
1 1 
145 145 204 
119 152 
5 26 26 126 
84 100 100 194 198 198 198 216 216 
27 
93 
94 94 
145 204 204 246 
5 5 
253 253 253 
203 

188 
107 
155 155 206 
91 91 238 238 238 
37 77 210 
30 50 161 161 161 
7 

108 
54 84 84 144 144 187 189 189 229 
85 85 228 
104 
7 97 
21 21 21 71 228 
222 
227 227 
11 33 37 
175 

34 34 51 63 63 202 
4 4 14 14 
14 14 14 


159 
149 
96 127 127 
106 106 113 246 246 246 
152 152 
205 
45 153 153 153 
143 
44 44 
21 228 228 
14 14 48 60 76 104 107 146 146 223 
21 148 148 148 
57 93 93 241 
120 120 
199 203 203 203 
31 
1 1 164 
5 142 
81 81 
123 123 123 
81 
14 14 
1 158 232 232 
5 
20 98 98 209 209 
173 
8 

174 206 206 
205 
11 11 11 11 
81 167 
170 
30 64 64 135 
81 81 81 93 
83 
5 

14 14 18 
56 56 
9 196 196 
84 
228 
33 
18 
127 
44 118 
84 127 127 
0 
29 205 
18 23 23 23 
253 253 
100 109 
43 204 204 245 245 
5 5 26 30 182 182 
82 82 82 
100 100 109 109 109 
156 
229 
93 
63 137 
7 40 58 74 75 86 88 116 156 156 156 220 252 
83 106 113 113 195 195 
147 171 191 
18 61 90 120 170 170 
15 

98 166 166 
70 122 


26 26 
58 
8 241 
109 109 
233 233 
86 
37 37 37 
203 
5 46 227 227 227 
33 132 
24 152 
93 

97 
12 56 56 133 133 221 221 221 
8 21 21 128 131 151 151 184 
127 200 
30 
15 15 26 
1 1 164 164 
75 75 217 217 


0 0 
26 98 
5 5 91 121 121 121 
30 30 
96 96 
57 154 215 
90 
5 42 94 

43 43 195 195 
113 145 145 145 
8 
5 5 
70 
60 60 
99 
203 
87 115 115 115 193 193 
50 50 50 
84 84 
