Nodes: 256, Edges: 376
190 190 
21 21 105 105 153 158 158 158 164 232 
153 153 
81 81 81 
32 
42 46 46 56 68 81 81 81 102 103 103 108 114 114 114 117 117 117 123 126 126 126 133 141 143 143 159 159 165 178 196 196 203 203 221 243 244 244 248 254 
212 212 212 
74 86 97 97 97 124 124 203 203 203 218 218 
168 168 215 215 215 228 228 247 247 

14 
134 172 
227 
33 33 33 
10 18 32 47 51 139 139 146 146 
26 207 207 207 231 231 
78 93 93 93 95 
66 66 66 84 
14 63 80 80 80 80 80 90 186 206 206 
62 
98 98 166 166 
1 1 45 71 131 131 140 153 
43 

223 223 
81 
15 59 70 72 84 84 87 98 108 117 141 175 175 196 



175 182 182 230 239 239 

4 14 
13 13 13 37 39 39 134 185 211 222 
137 
53 53 81 
203 203 
33 134 134 134 150 219 219 219 219 
42 42 
33 33 


5 38 38 
22 195 195 245 
150 
21 148 
5 5 56 221 221 
14 152 152 
245 245 
84 
123 
14 137 

35 35 81 
127 127 
121 121 121 238 238 
5 46 181 181 227 
154 241 
214 
26 
206 236 236 
206 206 
19 
18 90 90 137 137 202 202 242 
175 175 196 
81 
17 17 17 

5 
223 223 
26 122 
21 228 
26 

7 156 203 203 203 
171 205 217 233 

122 122 
16 93 

18 18 18 18 18 
3 3 3 5 5 5 25 35 53 65 93 93 125 160 162 162 176 176 238 238 251 
84 197 
113 113 113 177 
17 26 26 49 82 100 109 127 127 183 183 189 189 255 
128 128 128 
7 203 203 218 
26 253 

93 93 93 93 
18 63 63 206 242 242 
121 238 
203 203 
16 16 16 78 81 81 89 89 89 89 111 111 154 154 201 
112 
16 
127 127 240 240 
7 7 7 226 226 
20 20 26 209 209 213 
251 251 
84 109 194 
145 
5 234 
5 5 
129 129 152 
1 1 
145 
119 152 
5 26 126 126 
84 100 194 198 198 216 

93 93 
94 
83 83 83 177 177 177 
5 5 5 
253 253 
203 203 
5 5 5 26 
188 188 
107 152 
155 155 170 170 206 
55 55 55 91 
70 77 77 
5 50 161 
7 7 
81 
5 5 5 108 108 
54 54 84 84 96 96 144 144 189 229 
85 85 85 
104 104 

21 21 
222 
5 
11 33 37 37 37 
175 

34 51 63 63 

14 14 
21 
5 26 
159 
5 5 221 221 
127 127 
101 106 204 246 
14 14 223 223 
205 
45 

37 44 
228 228 
47 47 104 107 119 157 157 225 225 
1 2 2 21 179 
57 93 93 
120 120 206 
74 
152 152 
1 1 1 
5 5 142 
81 251 
123 
81 81 238 238 

1 232 232 232 
5 
20 20 209 209 
173 
8 8 

120 120 206 
75 205 
11 
167 

26 26 30 64 64 135 196 196 
81 81 
83 113 113 113 
5 
153 

56 56 
30 30 196 
84 84 
228 
33 
18 

118 118 
84 84 127 
0 0 236 


253 
100 109 
43 43 
5 5 26 64 175 175 182 
82 
109 109 

229 
93 
63 63 
5 5 7 7 7 36 36 74 74 74 86 86 92 92 116 116 252 
145 
75 147 171 
18 18 60 61 61 90 120 155 170 
15 15 15 

98 98 166 166 

33 
6 6 6 222 
98 
58 
8 8 8 
109 
75 233 
7 7 86 
37 37 37 37 

5 46 46 143 143 227 
33 132 212 
24 24 69 69 146 146 

152 152 
97 97 
12 56 221 
8 8 71 151 151 184 
127 200 
30 
15 15 
1 164 164 164 
75 217 
102 

60 60 190 

55 55 81 81 91 162 162 
30 30 
96 96 
57 
63 90 90 
5 
5 5 
43 48 48 
145 
8 8 
5 


81 99 99 160 
203 
87 115 115 193 
5 
84 
