Nodes: 256, Edges: 376
190 236 
21 105 153 158 158 232 232 

81 81 81 
14 138 138 208 208 
38 38 42 42 46 50 50 68 81 94 98 102 103 108 117 117 123 133 133 136 136 136 141 142 143 143 196 203 203 221 227 234 238 243 244 248 
212 
41 41 74 97 97 124 130 203 203 218 218 
215 247 

14 14 
134 172 

33 
4 10 10 18 18 32 47 47 51 138 138 139 139 146 152 152 208 208 
207 207 231 
78 89 89 93 
66 66 66 66 
14 14 60 61 63 80 80 80 90 152 152 152 180 192 192 

98 98 
1 52 52 52 71 131 131 140 151 153 228 

192 
223 223 

33 44 44 59 70 72 117 122 122 122 141 175 175 196 231 237 
110 
88 

64 110 175 182 196 239 
104 157 157 
14 
13 26 37 37 39 122 134 185 185 197 197 211 
137 
53 53 81 81 
203 203 
33 33 122 134 134 134 219 219 
5 5 
33 134 134 
203 203 
7 7 
5 5 243 
195 245 245 
26 26 59 150 

5 56 56 
14 14 
152 152 245 245 
84 
5 5 123 254 254 254 
14 61 
21 21 21 
35 35 81 
127 127 
238 
46 46 181 227 
93 154 241 
152 252 252 252 
26 44 
18 76 152 206 250 
18 51 206 

18 90 137 192 202 242 242 
30 196 196 
81 81 93 
17 17 17 17 

5 
223 223 
26 122 210 249 
21 228 
26 

7 203 
171 203 217 233 
60 
122 122 
16 
111 
18 18 18 137 
3 3 3 5 35 35 53 65 65 93 160 162 173 173 176 176 203 251 

113 177 204 204 
49 127 127 183 189 255 255 255 
128 
92 92 203 203 
253 
28 165 165 
16 16 93 93 
18 63 206 242 
238 
86 86 
16 57 65 81 89 89 201 201 
5 112 243 243 

127 144 200 240 
7 7 226 
5 20 20 166 209 213 213 
251 
109 109 194 194 

5 234 
5 
31 152 
1 
145 204 
119 119 152 
5 126 
100 100 127 127 194 198 
27 30 
79 
94 
83 177 204 246 

253 

5 5 26 234 
188 188 
107 107 152 152 
170 206 206 

26 26 26 33 37 70 77 77 210 
5 50 196 
7 

108 
54 54 84 84 96 109 109 144 187 187 189 
85 228 228 228 

7 
21 21 228 228 
222 
5 5 
11 33 37 37 37 39 39 
175 
5 5 5 
34 63 80 
4 4 14 14 
14 14 
21 
5 26 
5 159 159 159 
5 5 221 221 
96 127 
106 204 
14 152 152 223 

153 
203 
44 
21 228 
14 14 18 18 18 48 48 58 60 104 107 119 119 146 146 163 225 
1 21 148 179 
57 241 
206 
203 203 203 
31 31 
1 1 164 
142 142 142 
81 

81 238 
152 
158 232 232 232 
88 88 
98 209 
173 173 


120 174 174 
75 
11 
81 81 167 167 
170 170 206 
26 26 30 135 196 
81 81 
83 113 

153 
18 
56 
30 196 196 
84 

33 33 

127 127 
118 118 
84 127 
0 236 
205 
18 18 23 63 
237 
100 100 109 
43 
5 26 30 64 64 123 175 182 182 
33 33 
109 

96 229 229 
93 93 
63 
5 5 7 7 36 36 40 40 74 75 81 86 86 149 156 156 156 
83 83 106 113 145 
191 
60 61 90 120 120 155 174 
15 15 
4 4 14 14 
98 166 
70 122 
33 
6 222 222 
98 98 
252 252 
8 

75 233 
7 7 
37 37 

5 143 143 227 
132 212 212 
24 24 69 69 146 

152 
97 
5 56 221 
21 71 128 128 128 131 131 151 
200 200 

15 26 
1 1 164 164 164 
75 217 
5 102 117 

0 190 
26 193 
5 55 91 162 
30 
96 
57 154 
63 63 90 
5 42 94 94 
5 
43 43 48 48 
113 
8 
5 
70 
60 
81 99 
58 58 58 214 214 
87 115 
50 50 50 
84 84 84 
