Nodes: 512, Edges: 1199
46 64 395 395 
225 225 225 441 441 
111 183 183 
271 493 493 
454 
34 34 48 50 50 88 88 184 184 198 198 225 225 255 273 279 279 354 354 400 441 441 475 504 508 508 

271 271 
196 224 313 350 350 350 
271 
476 476 476 
264 
184 202 202 355 

117 117 117 184 184 
182 182 327 444 
184 
390 455 455 
277 277 
104 
428 428 
31 31 
108 108 108 331 331 414 461 497 497 
171 171 290 
76 76 
452 452 
158 158 408 
76 346 346 
111 178 178 
474 
180 180 180 222 222 483 
21 21 172 172 315 315 315 354 486 
184 
67 67 192 192 
5 5 
210 210 210 210 222 222 309 309 413 413 
106 
324 324 406 415 
89 89 89 89 
62 62 62 159 163 163 163 166 166 219 231 241 241 267 302 330 330 402 405 477 477 485 485 485 
236 236 249 249 
85 85 99 137 151 151 156 156 156 160 160 184 324 324 354 354 354 399 399 445 445 445 450 450 457 457 
321 323 
193 

76 76 413 413 413 439 
0 64 301 301 301 339 339 381 381 395 
346 346 
5 
236 236 
5 5 400 400 
490 
184 184 345 
393 
76 501 
195 195 195 236 
191 236 236 304 304 446 446 474 474 487 
415 415 
294 397 397 397 
444 444 444 
236 236 236 
359 
39 39 39 330 330 330 369 430 430 430 
463 
0 46 381 381 
193 413 416 416 
141 
33 33 192 281 347 347 347 
169 287 287 296 296 371 
236 344 
184 184 246 
330 
325 325 358 358 466 466 466 
94 94 315 315 

383 435 463 
24 24 27 45 45 54 78 78 107 107 107 109 162 184 184 184 186 186 196 196 199 208 228 228 229 229 242 242 245 292 292 292 299 299 314 314 322 322 322 328 328 346 353 353 354 354 413 423 423 440 440 456 501 501 509 509 
119 196 413 
76 76 
236 236 
314 418 
82 82 82 113 113 184 261 289 329 329 359 389 389 394 394 394 495 495 
81 81 81 121 121 121 142 142 143 329 329 329 389 389 389 
236 237 237 
85 85 312 312 348 
41 41 84 84 160 160 312 312 312 
198 198 386 386 386 508 
306 408 408 
5 5 504 504 
38 38 38 38 128 128 358 466 
358 358 

404 413 
236 236 236 236 
73 73 315 
418 

171 171 290 
420 420 441 
41 256 
197 197 476 476 496 
140 471 471 
117 117 136 136 136 216 216 
146 379 379 425 425 425 
19 138 236 237 237 507 
106 106 184 184 190 190 
36 105 105 190 372 
76 76 76 
22 22 22 115 115 115 
76 199 
176 176 176 247 401 
2 28 182 182 182 

81 81 
181 181 360 367 
108 108 108 
184 184 184 415 484 
14 14 14 102 102 125 125 135 136 136 136 184 184 236 236 
364 364 364 
77 122 122 222 413 413 
486 489 489 
82 82 82 143 143 
119 119 222 

387 387 454 454 454 
117 117 136 136 
185 185 473 491 491 491 
480 
89 89 413 413 448 448 448 
236 415 
389 
240 
168 168 
381 381 
380 502 502 
117 
102 102 102 117 117 117 125 125 
41 184 184 
104 236 

101 320 320 378 378 
66 413 413 466 466 466 
82 82 389 
82 121 121 217 
282 
339 
103 379 

191 191 304 
250 
248 306 306 408 
41 41 354 354 
384 384 384 
325 
374 

41 41 41 450 
233 276 276 
26 26 194 271 271 408 408 408 
39 188 205 205 231 231 305 330 330 330 392 402 402 428 428 428 433 433 477 510 510 511 511 
41 41 85 85 272 312 312 
413 439 439 439 
76 322 
39 39 39 
300 300 
317 317 329 
39 39 
413 
132 132 413 413 
68 233 296 
471 471 471 
23 23 97 97 290 
31 31 
344 344 344 
335 335 376 413 
407 407 413 413 
110 110 110 247 
283 415 
28 28 183 183 183 
287 
30 30 30 222 222 
114 114 
15 15 111 111 111 220 220 340 363 404 413 413 499 499 499 
2 2 178 178 178 
5 5 12 14 14 16 32 41 52 52 70 70 76 76 76 81 105 105 116 116 116 117 117 137 137 213 213 221 236 246 246 258 258 267 279 279 284 284 289 289 291 292 292 292 307 307 307 315 315 324 345 354 354 354 355 355 355 366 396 409 409 409 415 415 426 451 456 465 465 465 484 484 488 490 
126 126 491 491 
76 76 245 245 440 440 
413 413 
159 477 510 
404 
105 105 106 372 
56 148 148 236 267 285 304 
33 33 67 236 236 236 281 281 281 
43 65 286 358 362 362 413 479 479 500 500 
158 
55 55 55 236 236 267 267 471 
8 76 76 77 200 290 290 290 350 350 350 373 373 422 422 
100 100 496 496 
5 5 86 86 386 
76 109 
196 
415 
12 12 355 355 
271 271 271 
268 
159 159 
405 405 
337 478 478 
76 
328 328 
35 35 35 35 
460 
233 233 310 310 
184 184 
314 314 
314 467 
102 102 
143 
271 271 442 442 
39 274 274 402 402 454 454 
182 182 413 413 413 
184 
30 30 35 35 119 122 180 180 314 413 483 483 483 
329 
8 313 350 
1 1 1 5 5 259 259 377 377 377 393 393 393 419 441 441 441 458 458 458 458 
292 
305 305 343 392 
76 76 
76 76 295 295 295 509 509 509 
236 236 275 275 275 415 415 415 
39 159 159 
454 
157 169 212 212 238 238 271 296 310 310 374 374 375 375 505 505 
503 503 
487 
40 40 49 49 55 56 56 60 60 60 69 79 79 83 93 93 93 93 104 117 117 129 138 184 191 192 192 192 195 195 230 230 237 237 267 275 278 278 283 283 344 351 351 356 356 415 415 415 432 432 438 438 460 487 487 
83 83 104 104 236 236 
233 233 505 505 505 505 505 
342 342 405 
131 476 496 
39 39 
76 76 
311 311 413 413 413 424 424 
325 325 358 
76 186 186 
70 184 184 
110 176 288 288 401 401 
150 
40 40 
149 374 417 417 417 417 442 
286 286 286 413 413 

330 330 
277 277 
5 443 443 
99 273 273 273 354 354 391 
392 
184 184 409 
225 225 

81 329 
364 410 489 
315 
11 334 334 
496 496 
271 
39 184 191 195 195 236 471 471 
204 
415 415 415 

3 7 7 9 158 158 203 203 203 218 218 233 266 282 282 287 287 287 297 339 339 354 374 374 375 391 401 401 408 408 412 412 412 427 442 442 453 453 502 502 
160 
5 256 256 256 354 472 472 475 
219 219 352 402 
230 230 230 236 
157 157 
18 18 254 254 415 
236 236 
5 5 184 184 431 431 
308 449 467 467 
67 192 192 192 298 298 347 347 421 421 
144 271 271 
177 236 236 303 303 303 344 344 415 415 415 
184 184 
191 
193 251 251 251 413 413 
68 68 179 271 271 271 
247 247 
81 184 184 
23 97 171 196 196 196 480 480 480 
184 426 426 
76 76 76 184 184 184 226 410 410 
408 
58 397 397 399 
229 229 229 
68 68 169 233 425 425 
271 408 
281 281 347 
76 76 413 413 
164 164 
46 46 46 
39 485 485 
283 283 283 415 415 
56 56 148 191 
159 227 227 392 392 482 
87 150 150 370 370 
184 184 184 354 462 
280 467 467 
35 35 
212 212 233 233 
243 243 
84 84 85 85 85 160 160 348 348 348 
8 224 
76 76 80 214 214 215 222 317 317 319 349 349 354 384 398 398 413 413 418 429 429 434 434 455 467 467 467 481 481 
31 31 31 73 73 94 184 184 263 336 336 336 
444 
165 165 314 314 398 398 413 
413 413 
314 
140 140 
42 323 
76 76 76 162 
42 321 
37 37 41 41 184 
72 72 153 244 244 358 358 503 503 503 
358 358 
15 
76 76 209 209 
81 81 82 82 82 165 223 261 
39 39 62 62 62 71 159 159 159 253 253 369 428 428 
22 22 
413 413 413 

264 264 385 385 385 413 
174 174 413 
315 315 315 486 
207 
415 415 415 
46 46 145 271 271 381 381 408 408 427 452 452 452 464 464 470 470 
182 

239 239 
227 
69 173 173 173 236 283 283 447 
52 184 
27 27 47 47 76 459 
67 67 67 281 281 298 421 421 421 506 506 
84 312 312 312 
314 314 481 481 
8 8 8 196 196 196 224 
236 236 432 432 
274 
76 76 456 456 
5 5 31 41 41 41 76 76 151 151 184 184 184 256 256 271 273 307 314 411 411 450 450 462 462 490 490 502 502 502 508 
12 184 184 184 202 202 
236 236 
367 367 367 431 431 496 496 
72 72 89 90 90 193 244 325 325 326 326 413 466 466 503 503 
61 81 
114 

193 193 
182 499 499 499 
118 118 118 262 410 
415 
184 
114 357 357 357 496 496 
401 401 
62 330 
306 306 
68 
106 190 
196 196 
154 233 233 250 271 271 408 417 417 442 
233 233 271 
174 
225 225 225 458 458 
140 140 
103 103 146 
134 
46 46 64 64 133 133 339 339 395 408 
413 
75 415 415 432 432 463 
152 152 152 314 449 449 
334 334 334 413 413 
86 86 86 198 
124 124 
487 
81 81 82 82 82 130 142 497 497 
17 
256 271 
159 227 257 305 305 
53 225 225 225 
81 81 81 495 495 495 
0 0 46 381 
184 
58 58 58 294 294 
314 314 317 317 
41 41 294 492 
5 50 50 
110 247 247 271 271 368 368 
39 159 159 219 219 274 405 
427 
92 182 189 
39 206 206 239 402 
37 
175 175 413 
26 87 87 150 158 158 158 271 271 293 297 339 339 374 381 412 437 437 470 
184 184 184 258 
262 292 292 364 
354 354 
271 271 271 408 
35 35 45 45 45 65 76 77 92 119 119 128 128 141 141 161 167 168 168 174 175 175 182 182 187 187 193 220 220 220 222 243 243 243 251 251 286 286 299 299 314 314 317 318 318 332 332 332 334 335 358 382 385 385 407 439 439 448 448 455 494 500 
22 
37 57 57 116 129 177 184 184 201 230 230 230 236 236 236 269 269 269 277 283 283 283 303 303 338 338 338 365 383 383 432 432 463 463 
65 65 
250 250 250 250 374 374 
80 95 314 
225 
98 98 441 
281 281 347 347 347 
196 196 
76 76 
243 243 
103 103 103 296 296 
184 291 291 
271 339 403 
20 20 159 159 159 330 330 
314 314 
62 62 62 
279 279 357 357 496 496 
236 236 351 351 383 383 415 415 460 
159 159 
314 314 
75 

408 408 
236 236 
45 161 161 161 413 413 
76 76 186 186 
1 1 5 5 98 225 225 225 420 
218 218 250 271 271 374 
255 255 
15 59 59 59 316 
41 41 41 
56 56 
344 
128 128 128 413 413 
280 384 384 467 
41 41 156 354 354 462 462 462 
184 
25 25 339 339 339 464 464 
271 271 
4 124 124 124 219 219 232 
17 17 314 413 
76 184 353 353 491 491 
41 41 
225 225 225 225 377 377 
346 
211 236 432 
22 497 497 
307 354 354 450 450 450 
63 75 383 415 415 
339 339 452 452 
184 184 184 
72 72 72 89 141 141 141 358 358 
215 280 280 308 308 314 314 314 449 


339 339 408 
101 101 170 170 170 195 267 267 
273 273 475 
126 
29 56 56 
5 273 472 
10 10 10 100 100 240 
39 39 159 188 
207 207 
193 193 
127 290 290 290 
314 314 349 349 
305 
30 222 222 222 
116 184 184 
39 39 39 302 302 
31 120 336 489 489 
56 235 236 236 388 
184 
120 120 262 486 486 
51 184 354 354 
126 126 126 185 185 456 456 
399 
3 3 
413 
81 81 394 394 394 
100 197 197 240 265 265 357 357 367 367 431 431 
22 22 389 389 461 461 

182 182 182 363 363 363 
193 193 413 
54 76 76 
134 134 271 271 354 354 354 
234 234 325 325 325 358 358 
5 88 88 
233 233 238 238 238 238 238 
347 347 
104 
5 5 86 354 
76 76 229 229 229 
159 159 188 
159 159 
