Nodes: 512, Edges: 1199
46 46 46 46 395 
225 225 225 441 
91 91 111 111 189 189 
271 271 493 493 493 
454 
18 18 34 34 34 48 50 50 88 184 225 273 273 279 279 354 354 400 441 441 475 504 508 
404 404 
233 233 271 271 271 
224 313 313 350 350 350 
271 
476 
264 264 
184 

184 
182 327 444 444 
184 184 
390 
5 5 277 277 277 277 
104 104 104 
428 
31 
108 108 108 115 115 331 414 461 461 497 497 
171 290 
76 76 
452 452 
158 158 408 
76 76 346 346 
63 63 178 178 183 183 
474 
222 222 483 
21 184 184 315 315 315 354 354 486 486 489 489 489 
184 184 184 
67 67 192 192 
5 5 5 
210 210 210 309 309 413 413 
106 106 
324 324 324 406 
89 358 
62 62 159 163 163 166 166 219 231 231 241 267 267 267 302 402 402 402 405 405 477 485 485 485 
192 192 192 236 249 
85 85 99 99 137 151 156 156 156 160 184 184 324 354 354 399 399 445 450 457 457 457 

193 193 193 

76 413 439 
0 0 0 0 64 301 301 301 339 381 381 395 
346 346 346 
5 
236 
5 5 
490 
184 184 184 

76 76 76 299 299 299 
195 195 
191 236 236 236 304 446 446 487 487 
415 
397 
444 
236 236 
81 81 
39 39 241 241 241 369 369 430 
28 28 383 463 
46 381 381 
193 413 416 416 
141 141 
33 33 192 192 281 281 347 347 
169 169 169 287 287 371 
236 344 344 344 
184 246 246 246 258 258 
330 
325 325 358 358 358 466 
94 94 
413 413 

24 24 27 27 45 54 54 54 78 78 109 109 162 186 186 199 199 207 207 208 228 228 228 229 229 242 242 242 245 292 299 314 314 322 322 322 328 328 346 346 361 413 413 423 423 423 440 440 456 456 478 501 501 509 
119 119 119 413 413 
76 76 
107 236 
314 418 
61 61 82 113 184 184 184 261 261 289 359 389 389 394 495 495 495 
81 121 142 143 143 329 329 389 
236 236 237 237 237 
85 85 85 312 348 
41 41 84 84 84 160 160 
198 198 198 386 386 508 508 508 
306 408 
5 504 504 
38 358 466 466 
358 358 358 
2 2 
413 413 413 
236 236 236 
73 73 315 315 
418 
314 314 
290 
420 441 
41 41 450 
197 197 476 496 496 
140 140 195 471 471 
136 136 216 
146 146 379 379 
19 19 19 138 236 237 507 507 507 
106 106 106 184 184 184 190 190 
36 36 105 105 105 190 190 372 372 
79 
22 22 22 115 115 115 414 414 
76 76 199 
247 401 401 
2 2 
184 184 
81 
181 181 367 
22 22 108 108 108 
184 184 
125 125 135 136 136 236 236 

77 77 77 222 413 413 
486 489 
82 143 143 143 
222 
468 468 
387 454 454 454 
117 117 136 170 
185 185 473 491 
480 
413 413 448 448 
236 236 415 415 

240 240 454 
168 
381 381 
380 380 380 502 502 
117 
102 102 117 117 125 
41 184 
104 164 236 236 236 
381 381 
101 101 320 
66 66 358 358 413 466 466 
82 389 389 
82 82 121 121 121 217 217 
282 282 
339 339 
103 103 
173 236 
191 191 304 
250 250 
248 248 248 306 306 306 408 408 
41 354 
292 384 

374 374 374 
413 413 
41 41 41 450 
233 276 
26 26 194 194 194 271 271 408 408 408 
39 188 188 188 205 227 231 257 330 402 428 433 433 469 477 477 477 510 511 511 511 
41 85 85 272 272 312 498 
413 439 439 
76 322 
39 39 
138 300 300 
317 317 317 
39 39 477 

132 413 
68 68 68 233 233 296 296 
125 471 471 
23 290 290 

147 344 
222 222 335 335 335 376 376 376 
407 413 
247 
283 300 415 415 
28 28 183 183 
287 287 287 
222 
114 114 
15 220 220 220 340 363 363 413 413 444 499 
28 28 178 178 
5 12 14 16 16 31 31 32 32 32 41 41 52 52 52 70 81 81 81 105 105 105 112 112 116 116 137 213 213 213 221 236 236 246 246 246 258 258 267 279 279 284 284 284 289 291 291 307 345 345 354 354 354 355 355 366 396 409 415 415 451 465 484 484 488 488 490 490 
126 126 491 
76 76 245 245 440 440 440 
413 
159 159 159 
2 2 
105 105 106 106 372 372 
56 148 148 236 236 267 267 267 268 268 285 285 304 446 446 
33 33 40 40 40 67 67 236 281 281 
43 43 43 65 286 286 413 413 479 479 500 
158 158 158 
55 55 101 236 236 236 267 471 471 
200 290 290 350 350 373 413 422 422 
100 100 496 496 
86 86 86 386 386 
76 76 109 207 
196 
415 415 
355 
271 271 
267 267 268 
159 

76 76 199 337 478 
76 
328 
35 35 35 
460 460 460 
233 310 
184 184 184 
215 215 314 314 
214 214 314 314 314 
102 
143 143 
271 271 442 
39 232 274 402 
182 182 182 413 
184 
30 30 119 122 174 174 180 341 341 341 413 413 483 
329 
8 313 313 350 350 
1 1 1 5 259 259 393 393 419 441 458 458 458 
292 292 
159 305 305 305 343 343 392 477 
76 76 76 245 245 
76 76 295 295 509 
236 275 415 415 
39 39 159 
219 454 
7 7 157 169 169 212 271 271 296 310 310 374 374 375 375 505 505 505 505 
503 503 503 
487 487 
40 49 56 56 56 60 60 69 79 83 83 93 93 93 104 117 117 129 129 138 138 138 147 184 184 191 191 192 195 195 195 230 237 237 267 275 278 278 283 283 283 351 351 415 415 415 432 438 487 
83 83 83 104 236 236 
505 
342 342 405 405 405 
131 131 496 496 496 
39 62 62 62 
76 76 76 478 
311 413 413 413 424 424 494 494 
325 325 358 358 
76 186 186 228 228 
70 70 70 184 184 184 
110 176 288 288 401 
150 150 150 408 408 408 
40 
149 149 374 374 374 417 417 417 
413 

330 330 
283 283 415 
443 443 443 443 
273 273 354 354 
159 392 392 
70 70 184 184 409 
225 225 
426 
81 81 329 329 329 
364 410 410 
315 
11 11 334 334 334 
496 496 
271 271 271 
39 39 39 184 191 191 191 195 204 204 236 268 268 356 356 471 471 471 
191 191 204 267 267 
415 415 
286 
3 3 7 7 7 9 158 158 203 203 218 218 233 233 266 266 266 282 287 297 297 327 327 339 354 354 374 374 375 391 391 391 401 401 408 408 408 412 427 427 442 442 453 502 502 
160 160 
5 5 256 256 354 354 472 472 475 
219 
230 236 
157 
18 18 18 18 
236 236 
5 5 184 184 431 431 
308 308 449 449 449 467 467 
67 67 192 192 298 298 347 347 421 421 
144 144 271 427 427 427 
177 236 236 236 254 254 303 344 344 344 415 415 415 
184 184 184 
191 191 
193 193 270 413 413 
68 68 179 179 179 271 
247 247 
81 184 
23 97 171 171 196 196 480 480 
184 184 426 
76 152 226 226 364 364 410 410 

397 397 399 408 408 
229 229 
169 169 233 425 425 425 
271 271 408 
281 281 347 
54 54 54 76 
164 164 177 
46 46 46 
39 485 
283 415 
56 148 191 
227 227 227 392 392 482 482 
87 150 150 150 370 370 370 370 408 
184 354 462 465 465 
280 280 467 
35 35 
212 233 233 
243 
84 160 348 348 348 
8 8 224 224 
76 76 80 96 96 214 214 215 215 215 317 349 354 384 384 384 398 398 413 413 418 418 429 434 434 449 449 449 455 455 455 467 467 481 
31 31 31 94 94 263 336 336 486 
444 444 
165 165 165 314 398 413 413 

354 354 
140 
323 323 
76 76 76 162 
321 321 359 359 
37 37 37 41 
72 72 244 244 503 
358 358 358 
15 271 271 
76 76 209 
82 82 223 261 261 261 
71 159 253 253 369 369 369 369 369 428 
22 
407 407 407 413 
413 
264 264 264 385 413 413 
174 174 174 413 
315 315 486 486 
207 
415 415 
46 145 145 271 381 381 381 408 408 427 452 452 464 464 470 
182 
222 222 222 
239 239 
227 227 
69 69 69 173 283 283 283 447 447 
184 184 
27 27 47 47 47 76 76 
67 67 281 281 298 421 506 506 506 
84 312 312 312 
314 481 
8 8 8 196 196 224 224 
236 236 432 432 
402 402 402 
456 456 
5 5 31 31 41 41 151 184 184 184 256 256 271 271 273 273 307 314 319 319 411 450 450 462 490 502 508 508 508 
184 184 202 
267 267 
367 367 367 431 431 431 
38 72 72 72 89 90 90 90 141 141 244 244 326 326 326 413 413 466 503 503 
81 323 323 

76 
413 413 
182 182 499 499 499 
262 292 292 
415 
184 
114 357 357 357 496 496 
401 401 
62 62 330 330 330 330 330 
306 306 306 306 
68 
106 106 190 190 
196 
154 154 154 233 233 250 250 250 271 271 408 408 417 442 442 442 
233 233 271 
174 174 174 
458 

103 103 
134 134 134 
46 46 64 64 133 133 139 139 339 339 339 395 408 

63 415 432 432 463 463 
152 314 314 314 
334 413 413 413 
86 86 198 198 
124 
487 
81 81 82 142 142 497 
17 
271 271 271 
227 257 257 305 305 
225 225 
81 495 495 
0 46 381 
184 
58 294 294 
314 314 317 
41 41 294 492 492 492 492 
5 
110 110 247 271 271 368 368 
39 39 39 159 219 352 352 352 405 405 
427 427 
6 6 
39 39 239 239 239 402 402 
37 
175 332 332 332 413 413 
26 87 150 150 158 158 158 248 248 248 271 271 271 294 294 297 306 339 339 374 374 381 412 412 437 470 
184 258 
262 262 292 292 
354 
271 408 408 
35 35 45 65 74 74 76 76 77 77 92 92 92 119 119 128 128 141 155 155 161 168 175 182 182 187 193 193 196 220 222 222 243 243 243 251 286 286 314 314 317 317 332 333 334 334 335 358 358 362 362 385 385 385 407 407 439 439 439 448 455 455 494 500 
22 108 108 
57 129 129 177 177 184 184 201 201 230 230 236 236 236 254 269 269 283 283 283 303 338 338 365 383 432 432 463 
65 65 
250 250 250 374 
80 95 314 314 
225 
98 441 441 441 
281 281 347 
196 196 
76 76 76 
243 243 
296 296 296 
260 291 
271 271 282 282 282 339 403 403 
20 159 330 
314 
62 
279 279 357 357 357 496 
236 351 351 383 383 415 415 460 460 
159 159 
314 314 
449 

408 
236 
45 161 161 413 413 413 
76 76 186 186 186 
1 5 5 98 225 420 420 420 
218 271 271 374 374 374 
255 255 255 255 
15 15 59 182 316 316 
41 
56 56 191 191 
344 344 
128 128 413 
280 280 280 314 314 314 435 467 467 467 
41 99 156 354 354 462 462 
184 
25 25 339 339 464 464 
271 
4 124 124 124 131 232 
314 314 314 413 413 
76 76 353 353 491 491 
41 41 41 
225 225 225 377 

211 211 211 432 432 
22 22 497 497 
307 354 450 450 
63 383 383 415 
339 339 452 452 
184 307 307 
72 89 89 141 141 358 
280 280 308 314 314 449 449 449 
123 123 
159 
339 408 
101 101 170 170 195 195 267 267 267 
273 273 475 
126 
29 487 487 
5 273 472 
10 100 496 496 
39 159 159 159 166 227 
76 207 242 
193 193 
127 290 290 
314 349 
305 305 
30 222 
184 184 
39 39 39 302 
31 31 120 315 336 336 489 
56 56 235 235 236 388 474 474 
184 184 
31 31 31 120 486 
51 184 184 354 
126 185 456 456 
399 399 399 399 
3 3 3 
243 243 413 
81 81 81 394 394 
100 100 197 197 240 240 240 265 265 367 367 431 476 476 
22 22 389 461 461 
160 
182 363 363 363 
193 413 
76 76 
134 134 271 271 354 
234 234 234 325 358 358 
5 88 88 
233 233 233 233 238 
347 347 347 
104 104 104 
5 86 86 86 354 354 354 
76 229 
159 
159 159 159 
