Nodes: 512, Edges: 1199
46 46 395 
225 225 225 225 225 441 441 
91 183 
271 271 

18 18 18 18 18 34 34 48 50 88 88 184 184 198 225 225 225 273 273 279 279 354 354 400 400 441 475 475 475 504 
404 404 
233 271 271 
196 224 224 313 350 350 
271 271 
476 
264 264 
355 
76 76 
117 184 
182 182 444 
184 184 
390 455 455 
5 5 5 5 5 277 
104 104 
428 428 
31 
108 108 108 108 115 115 331 331 331 414 461 461 497 497 497 
171 171 290 290 
76 76 
452 452 
158 158 408 
76 346 
63 63 63 178 178 183 183 
474 
180 180 222 222 483 483 
21 172 172 172 184 184 184 315 354 354 486 486 486 489 
184 
192 192 
5 5 
210 210 222 222 309 309 309 413 413 413 
106 106 106 
324 324 406 406 415 
89 89 89 89 358 
62 62 159 159 163 163 166 166 219 219 219 231 241 241 267 267 267 330 402 402 405 477 477 485 485 
192 192 192 236 236 
85 137 137 151 156 156 156 160 160 184 184 324 354 354 399 445 445 450 450 450 457 457 457 
321 321 321 323 
193 193 

76 413 413 
0 0 64 301 301 339 339 381 381 381 395 
346 346 346 346 
5 
236 236 
5 400 400 
490 490 
184 184 345 345 
225 393 
76 76 299 299 501 
195 195 195 
191 236 236 304 304 446 446 487 487 487 
415 
294 294 397 397 397 

104 104 236 236 
81 359 359 
39 39 241 241 369 369 369 430 
28 28 28 383 463 
46 381 
193 193 413 416 
141 141 
192 281 281 347 
169 371 371 
236 236 236 252 344 
184 184 184 246 258 258 
330 330 330 
358 
94 94 315 
413 413 
463 463 
13 13 24 24 27 45 54 54 78 109 109 184 186 186 196 196 207 208 208 208 228 229 242 245 292 292 299 299 314 322 322 322 328 346 346 353 360 361 413 440 456 456 456 501 
119 119 119 119 196 413 413 
76 
236 236 
314 418 418 
61 82 82 113 113 113 261 261 289 329 329 359 359 389 389 394 495 
81 81 121 142 142 143 143 329 329 389 389 389 
236 237 
85 312 312 348 
41 84 
198 198 198 
306 306 306 
5 5 504 
38 38 38 38 128 358 358 466 
358 
2 189 
182 404 413 
236 
73 73 315 315 
418 418 
314 
290 290 
420 420 441 441 
450 
197 197 197 496 496 
140 140 140 195 195 471 471 471 
136 136 216 493 
146 146 379 425 
19 19 60 60 138 237 507 
106 184 184 190 190 
36 36 36 105 190 372 372 

22 22 22 22 115 115 
76 76 199 
247 247 247 401 

184 184 
81 81 81 
181 181 181 367 367 
22 22 108 108 
484 
14 125 135 135 136 136 184 184 236 236 236 
364 364 
77 77 77 77 122 122 222 222 
486 489 
82 143 
119 119 222 
468 468 468 
387 387 454 
117 136 136 
185 473 491 491 
480 480 480 
89 413 413 413 448 448 
236 236 415 415 
389 389 389 
240 240 240 454 
168 
381 
380 380 502 502 502 
117 117 
102 102 117 117 125 125 
41 41 184 
104 164 236 236 
381 381 381 
101 101 101 320 320 378 378 378 
66 66 358 413 466 
82 82 389 
82 82 121 217 217 
282 
339 339 
103 103 379 379 
236 236 236 
191 
250 
248 248 306 306 306 408 
41 354 354 
292 384 
325 
374 374 
413 
41 41 41 450 
276 276 
26 26 194 194 194 271 271 271 408 
39 39 188 188 188 205 227 231 231 305 330 392 402 402 428 433 433 469 469 469 477 511 
41 41 272 498 
413 439 439 
322 
39 39 
138 300 
317 
39 39 477 477 477 
220 
132 413 
68 233 296 
471 471 
23 23 290 290 
31 31 31 
344 
222 335 335 335 376 376 413 
407 407 407 413 413 413 
247 247 
283 283 300 300 
28 28 183 
287 287 
30 30 222 222 
114 114 114 
15 15 92 220 220 220 340 340 340 363 363 413 413 444 444 499 499 
2 28 28 178 
5 5 14 16 16 31 31 31 32 41 41 52 52 70 70 70 76 105 105 112 112 117 117 137 213 213 221 236 258 258 258 267 279 279 279 289 289 291 291 292 307 307 315 315 315 324 324 345 345 345 354 354 355 355 366 366 366 396 396 409 415 415 426 451 451 465 465 484 484 488 488 488 490 490 
126 491 491 
76 76 245 440 
413 413 
159 159 159 510 
91 
105 105 106 372 372 372 
56 148 236 236 267 285 304 304 446 446 446 
33 33 40 40 40 67 281 
43 43 65 65 286 286 286 362 413 479 500 
158 158 158 
55 55 55 101 101 236 267 267 267 
8 76 76 77 200 200 290 290 290 350 350 350 373 413 413 422 422 422 
100 100 100 496 
5 86 86 86 386 
109 207 
196 196 
236 415 
355 355 
271 
267 267 268 
159 
405 405 
76 199 337 337 478 
76 76 76 
328 328 
35 35 
460 460 460 
310 310 310 
184 184 
215 215 314 
214 214 314 314 314 467 
102 
143 143 
271 442 442 
39 39 39 232 274 274 402 402 454 454 
167 182 182 182 
184 
30 30 35 35 119 119 122 174 180 180 314 341 341 376 413 413 413 483 483 
329 
8 8 313 313 313 350 
1 1 1 1 1 5 5 5 53 259 259 377 393 419 441 458 
292 292 
159 305 343 343 477 477 477 
76 361 
76 509 
236 236 275 275 303 415 415 
39 159 159 
219 454 
7 169 271 296 310 310 375 375 375 505 505 
503 
487 
40 40 49 49 56 56 60 60 69 69 69 79 79 83 93 117 117 117 129 129 138 138 147 147 147 184 191 191 195 201 230 230 237 267 267 267 275 278 283 283 351 356 415 415 415 432 432 438 460 460 460 487 487 
83 104 236 
505 505 505 505 
342 342 342 405 405 
131 131 131 476 476 496 496 
39 39 62 62 
76 478 
311 311 424 424 494 494 
325 325 
76 186 
70 
110 110 110 176 176 288 288 401 
150 150 293 408 

149 374 417 417 417 442 442 
413 
69 
330 330 
283 283 415 415 
443 443 
273 273 273 354 354 354 
392 392 
70 70 184 184 184 409 
225 225 

81 81 329 
364 410 410 
315 315 
11 11 334 
496 496 
271 
39 39 39 184 191 195 195 195 204 204 236 236 236 268 356 356 471 471 471 
204 267 
415 
286 
3 3 7 7 9 9 158 158 158 203 218 233 266 282 282 287 287 297 297 327 327 339 339 354 374 375 375 401 401 408 412 427 427 453 502 502 502 502 
160 
5 5 256 256 256 354 354 354 472 472 475 475 
219 219 
230 230 236 
157 157 
18 
236 
5 5 184 184 184 431 431 
308 449 449 
67 67 192 347 421 
144 271 271 427 
177 177 236 236 254 254 303 303 303 344 344 415 415 415 

191 
193 193 193 270 413 413 
179 179 271 271 
247 247 
81 184 184 
23 23 97 97 171 171 196 196 196 480 480 
184 184 426 426 
76 76 152 184 226 226 364 410 410 
248 408 
58 58 408 408 

169 233 425 425 425 
271 271 408 408 
347 
54 54 76 76 413 
164 177 177 
46 46 
485 485 485 
230 283 283 283 415 
56 56 191 191 
159 227 392 482 482 482 
87 87 87 150 150 150 370 408 408 
184 184 354 396 396 396 465 
280 467 
35 35 35 
212 212 212 233 233 
243 243 
84 84 348 348 348 
8 224 224 224 
76 80 96 214 215 215 215 222 317 317 349 384 384 398 413 413 418 418 429 429 429 434 449 449 449 455 467 467 481 481 
31 73 94 94 184 184 184 263 263 336 336 336 486 486 
444 444 
165 314 314 398 413 413 
413 413 
354 
140 140 
42 42 42 323 323 323 
76 76 76 162 
42 321 321 321 359 
37 37 41 184 184 
153 244 244 358 503 503 
358 
271 271 
76 209 209 
81 81 82 82 223 261 
39 71 71 71 159 253 253 369 369 
22 22 22 
407 413 
413 
264 385 385 385 413 
174 174 174 
315 315 315 486 486 
207 207 
415 415 
46 46 145 145 271 271 381 408 408 427 452 452 452 464 470 470 
182 182 182 
222 222 
239 239 239 
227 227 
69 173 283 283 447 447 447 
52 52 184 184 184 
27 47 47 47 47 76 76 459 459 
67 281 298 421 506 506 
84 312 312 312 
314 481 481 
8 8 196 196 196 224 
236 432 432 
402 402 
76 456 456 
5 5 31 31 41 41 151 151 184 184 256 256 256 271 273 273 273 307 319 411 450 450 462 462 490 490 502 508 
12 184 184 202 202 
236 267 267 
367 431 431 431 496 496 
38 72 89 89 90 141 325 326 413 413 466 466 503 503 503 
61 61 81 81 323 
76 
76 228 
193 
182 182 
118 118 262 292 410 
415 
184 184 184 
114 114 357 496 

62 62 62 330 330 
306 
68 68 
106 106 190 190 190 
196 
154 154 250 271 408 408 417 417 
233 233 233 271 271 
174 174 222 
225 458 458 
140 140 140 
103 146 146 
134 134 
46 46 46 64 133 139 139 139 339 395 
413 413 
63 415 432 463 463 
152 314 314 
334 334 334 413 413 413 
198 
124 124 
487 487 
81 81 82 82 82 130 130 130 142 497 
17 

159 257 257 305 
53 225 
81 495 
0 46 381 
184 184 307 307 307 
58 58 58 
314 317 
41 492 492 492 
5 5 50 50 
110 247 271 271 
39 39 159 159 219 219 352 352 405 
427 427 427 
6 6 92 
39 206 206 239 239 402 
37 37 
175 175 175 332 413 413 
26 150 158 248 271 293 294 294 297 297 306 306 339 339 374 374 412 437 437 470 
184 258 
262 262 292 292 364 
354 
271 408 
35 35 35 45 45 65 74 74 76 77 77 92 128 128 128 141 155 161 168 174 175 175 175 182 182 187 187 193 196 196 222 222 222 251 286 286 299 314 314 317 317 318 318 332 333 334 358 358 382 382 385 385 385 407 407 439 448 494 494 500 500 
22 
37 57 129 129 184 184 201 230 230 236 236 236 254 254 269 283 283 283 303 338 338 365 383 432 463 463 
65 
250 250 250 374 374 
80 80 95 95 314 314 
225 
98 98 441 441 441 
281 347 
196 196 196 

243 243 
103 296 296 296 
184 291 291 
271 271 282 339 403 403 403 
20 20 159 
314 314 314 
62 
279 279 357 357 357 496 
236 236 351 351 383 415 460 460 
159 159 
314 
449 
497 
408 408 
236 
161 161 413 
76 186 
1 1 5 98 98 225 420 420 420 
218 218 250 250 
255 255 
15 182 182 316 316 
41 41 
56 56 191 191 191 
344 344 344 
128 128 413 
280 280 314 314 314 435 467 467 467 
41 41 41 99 156 354 354 462 462 
184 184 
25 25 339 339 339 464 464 
271 
124 131 219 219 232 
17 17 314 
76 76 76 353 353 491 491 
41 41 41 
225 377 377 
346 346 
211 211 211 236 236 236 432 432 
22 22 497 
354 354 450 450 
63 75 75 383 383 415 415 
339 452 452 
184 184 307 
89 141 358 358 
215 308 314 314 449 449 449 
123 123 123 
159 159 159 
339 339 408 
101 101 101 170 170 267 267 267 
273 273 
126 
29 487 
5 5 5 273 273 
10 240 240 
39 39 159 166 166 166 227 227 227 
207 242 
193 
127 127 127 290 290 
314 314 349 349 
305 305 305 
30 30 222 222 
116 184 184 
39 39 302 302 302 
31 31 31 120 315 315 336 336 489 489 
56 56 56 235 236 236 388 388 474 
184 184 184 
31 120 486 486 
51 51 184 184 354 354 
126 126 185 185 456 456 
399 399 399 
102 
243 243 413 413 
81 394 
100 100 197 240 240 265 265 357 357 367 431 
22 22 22 389 436 461 
160 
182 182 
193 413 413 
54 76 
134 134 134 271 271 271 271 354 
234 325 325 358 358 358 
5 88 
233 233 238 238 238 238 
347 347 
104 
354 
229 
188 
159 
