Nodes: 512, Edges: 1199
395 395 
225 225 441 
91 111 111 183 189 
271 493 
454 454 
34 34 48 50 88 88 184 184 184 198 225 225 255 255 273 273 279 279 354 400 441 475 475 504 504 508 508 
404 
233 233 233 271 271 
196 224 313 313 350 350 

476 476 
264 264 
184 202 202 202 355 
76 76 
117 117 117 135 184 184 
182 
184 184 184 
390 390 455 
277 277 
104 104 

31 31 
108 108 115 331 331 414 461 461 497 
171 171 290 

452 452 452 452 
158 408 
76 76 346 
63 63 178 
474 
180 180 222 222 483 483 483 
21 21 172 172 184 184 315 354 354 486 486 489 
184 184 
67 67 192 
5 5 
210 210 222 222 309 309 
106 106 106 
324 324 406 406 415 415 415 
89 89 89 89 
62 159 163 163 163 166 219 219 231 231 241 241 302 302 330 402 402 405 477 485 
192 192 192 236 249 249 249 
85 99 137 137 156 156 160 184 184 324 354 354 399 399 445 450 450 457 457 
321 321 321 323 323 
193 193 

76 76 413 413 413 439 439 
64 301 301 301 339 339 381 381 395 
346 346 346 346 
5 
236 236 
5 400 400 400 
490 490 
184 345 
225 225 393 
76 299 299 501 
195 236 
191 191 191 236 236 236 304 304 304 446 446 446 474 487 487 487 
415 415 
294 294 

104 104 236 236 
81 81 359 359 359 
39 330 330 369 369 369 430 
28 28 383 383 463 463 463 
46 381 381 
193 193 193 416 416 
141 141 
33 33 192 192 281 
169 287 287 287 296 296 371 
236 344 344 
184 246 246 258 
330 330 
325 325 358 466 
94 94 315 

383 463 463 
13 13 27 27 45 45 54 78 78 107 109 162 162 184 184 186 186 196 196 196 199 199 207 207 228 228 229 245 292 292 299 299 314 314 322 322 322 328 328 346 346 353 360 413 440 440 440 456 478 478 509 
196 
76 76 
236 236 
314 418 
61 61 113 184 261 261 289 289 289 329 329 329 359 389 394 394 495 495 495 
121 142 142 143 143 329 329 389 389 
237 237 237 
85 85 312 312 348 348 
41 84 84 160 160 312 312 312 
198 386 386 386 508 
306 306 408 408 408 
5 5 
38 38 38 38 128 128 128 358 466 
358 
2 
182 404 404 404 
236 236 236 
73 73 315 315 
418 

171 290 
420 420 441 
41 256 
197 476 476 496 496 
140 140 195 195 471 471 
117 117 117 136 136 
146 146 379 379 379 425 425 
19 19 60 60 236 236 237 507 
106 106 106 184 190 
36 36 36 105 105 105 190 372 372 
76 
22 22 115 115 414 
76 
176 176 247 247 247 401 401 
2 2 
184 
81 
181 181 367 
22 108 108 
415 484 
14 14 14 102 102 102 135 135 136 136 184 236 
364 364 
122 122 222 222 222 413 413 
489 
82 143 
119 119 222 222 222 
468 468 468 
387 454 454 
136 136 
185 185 185 491 491 491 
480 480 
89 89 89 413 
236 415 
389 389 
240 240 240 240 454 
168 168 
381 
502 502 502 
14 117 117 
102 102 117 117 125 125 
41 41 184 184 
164 164 236 
381 381 381 
101 101 320 378 378 378 378 378 
66 66 413 413 466 466 466 
82 82 389 
82 82 121 217 217 
282 282 
339 
103 103 379 379 
236 236 236 
191 191 304 304 
250 250 
248 248 248 306 306 306 408 408 
354 
292 292 364 
325 
374 
413 413 
41 41 450 450 
233 276 276 
26 194 194 271 271 408 408 408 
39 188 188 188 205 227 227 231 257 305 330 392 428 428 433 433 469 469 477 510 510 510 511 
41 85 85 272 312 498 498 
413 439 
76 76 322 
39 39 39 
138 138 300 
317 317 317 317 
39 477 
220 220 
132 132 413 
68 233 
471 
23 23 97 290 290 
31 31 

222 222 335 335 413 413 
407 413 413 
110 110 247 247 
283 283 283 300 300 300 415 415 415 
28 183 
287 
30 30 222 222 
114 114 
15 92 363 363 404 404 413 444 499 499 499 
2 178 
5 5 5 12 14 14 16 16 16 31 31 32 32 41 41 52 70 76 76 81 105 112 117 137 137 213 213 213 221 236 236 246 258 258 258 279 284 284 289 291 291 307 324 338 338 338 345 354 354 354 355 355 366 366 396 409 409 415 415 426 451 456 465 465 465 484 484 484 488 488 490 490 
126 126 126 491 491 
76 76 245 440 440 
413 
159 159 159 510 
2 404 
105 106 372 372 
56 56 56 148 148 236 236 285 285 446 
33 40 40 40 67 67 236 236 281 
43 43 65 65 65 286 358 362 362 413 413 479 479 500 500 
158 158 
55 101 101 236 236 267 267 267 471 471 471 
8 76 76 76 77 200 290 290 290 350 413 413 413 
100 496 
5 86 386 386 
76 76 207 
196 
236 236 236 415 
12 12 12 355 355 355 

268 268 
159 
405 405 
76 76 199 337 337 337 478 478 

328 328 
35 35 
460 
233 233 310 310 
184 184 184 
215 215 314 
214 214 314 467 467 

143 143 
271 271 442 442 442 
39 39 232 232 232 274 402 454 454 
167 167 413 413 
184 
30 30 35 35 119 119 119 122 122 122 174 174 180 180 341 341 413 483 
329 329 
8 350 350 
1 1 5 5 53 53 259 259 377 377 393 419 419 441 441 458 458 
292 292 292 
159 159 305 305 305 305 343 343 392 392 477 
76 76 245 245 
76 295 295 509 509 
236 275 275 303 415 415 
39 39 159 
219 219 219 454 
7 7 7 157 169 212 212 238 271 271 296 296 310 310 375 505 505 505 
503 503 
487 
40 49 49 55 56 56 56 60 60 69 79 79 93 93 93 104 104 117 129 138 147 147 147 184 184 191 191 192 192 195 195 201 201 201 230 237 237 237 267 275 278 278 283 283 344 356 415 415 415 432 432 432 460 487 
83 83 83 104 236 236 236 
233 505 505 505 505 
342 405 405 
131 131 131 131 476 496 496 496 
39 39 
478 
311 413 424 424 424 494 
325 
76 186 228 228 
70 70 184 
110 110 110 176 176 288 288 401 401 
150 150 150 293 408 408 
40 40 40 
149 149 417 442 442 
286 286 413 

330 
277 283 415 
5 5 443 443 
99 273 354 
159 392 392 392 392 
70 184 184 184 
225 225 
426 
81 81 329 329 329 
364 364 410 
315 
11 11 334 334 
496 
271 
195 195 195 236 356 356 471 
204 204 
415 
286 286 
3 7 7 158 158 218 218 233 233 266 282 287 297 327 327 339 339 354 374 374 391 401 401 408 408 408 412 427 427 453 453 453 502 502 
160 
5 5 256 354 475 
219 352 402 
230 230 236 
157 157 
18 18 254 415 
236 236 
5 5 184 
308 
67 192 298 298 347 347 421 421 
144 144 271 427 
177 177 177 236 236 254 344 344 344 415 
184 184 
191 191 
193 251 251 270 270 413 
68 68 68 179 271 
247 247 
81 81 81 184 
23 97 171 171 196 196 196 480 480 480 
184 184 426 
76 76 152 152 226 226 226 364 
248 408 
58 58 397 397 408 408 
229 229 
68 68 233 233 425 425 
271 408 408 408 
281 281 
54 54 76 76 413 
164 177 177 177 
46 46 46 
39 39 485 
230 
56 56 56 148 148 
159 227 227 227 227 392 482 482 482 
87 87 150 150 150 370 370 408 408 
184 396 396 
280 467 467 
35 35 
212 212 233 233 
243 
84 84 85 85 85 160 348 348 348 
8 8 
76 76 80 214 215 319 349 354 398 418 418 429 429 434 434 434 449 449 455 455 467 467 481 
31 73 94 94 263 336 336 486 486 486 
444 
165 165 165 165 398 413 
413 
314 
140 
42 42 42 323 323 
76 76 76 162 
42 42 321 321 359 
37 37 41 184 
72 72 153 244 358 503 503 
358 
271 271 
76 76 209 209 
81 81 81 82 82 223 223 261 261 261 
39 62 62 71 71 159 253 369 369 369 369 428 
22 22 
407 407 413 413 
413 413 
264 264 385 385 385 385 413 
174 174 413 413 
315 315 
207 207 207 
184 184 184 415 
46 46 145 271 271 381 381 408 408 452 464 470 

222 222 
239 
227 227 
69 69 236 283 283 283 447 447 447 
52 184 
27 47 47 47 47 76 76 459 459 
281 281 421 421 421 506 
84 84 312 312 312 
314 481 481 
8 8 196 224 224 
432 
274 402 402 
76 456 
5 31 31 41 41 151 184 184 184 256 271 273 314 411 450 450 462 462 490 490 502 502 502 508 
12 184 184 202 202 202 
236 267 267 
367 431 496 
72 89 90 193 325 326 466 466 503 
61 61 61 81 323 
76 

193 193 413 
182 182 499 499 499 
118 118 152 262 262 292 
415 
184 184 
114 357 496 496 
401 401 
62 62 62 330 330 330 330 
306 306 
68 
106 106 190 190 

154 271 271 408 408 442 442 
233 

225 225 458 458 
140 140 140 140 140 
103 103 103 146 146 

46 46 64 64 133 139 139 139 339 339 395 395 408 408 
413 
63 63 75 415 415 415 432 432 463 463 463 
449 
334 334 334 334 413 413 413 
86 86 86 198 198 
124 
487 487 
81 82 82 130 130 142 497 
17 17 
271 
159 227 227 257 257 257 257 305 
53 225 
81 81 495 495 
0 0 46 381 381 
184 307 307 
294 294 
314 317 
41 41 492 
5 50 50 50 
110 110 247 247 271 271 368 368 
39 39 219 274 352 352 405 
427 
6 92 92 92 182 182 189 
39 206 206 239 239 402 
37 37 
175 332 332 413 
26 87 87 87 150 150 158 158 158 248 248 271 271 271 293 294 294 297 297 297 306 306 339 339 374 374 381 381 412 470 
184 184 
262 
354 
271 408 
45 45 45 76 119 119 128 141 141 155 155 161 168 174 174 175 175 182 187 193 193 196 196 196 220 220 222 243 251 286 299 317 318 332 332 333 333 334 335 335 362 382 385 385 385 407 439 448 448 455 494 494 500 500 
22 108 
37 37 37 57 57 116 129 177 177 177 184 184 201 230 230 236 236 236 254 269 277 283 338 365 383 383 383 432 432 463 463 
65 65 
250 
80 95 314 314 
225 225 
98 98 441 441 
281 281 347 347 347 


243 243 243 
103 103 296 296 
184 260 291 
271 271 282 403 
159 159 330 
314 314 
62 
357 496 496 
236 236 236 351 383 383 415 415 460 
159 159 
314 314 314 

497 


45 45 161 413 
76 76 76 186 186 
1 5 98 225 225 420 420 
218 218 218 250 250 374 374 468 468 468 
255 255 
182 316 
41 
56 56 56 191 
344 344 344 
413 413 
314 314 384 467 
41 41 156 156 354 354 462 
184 
25 25 25 25 339 464 464 
271 271 271 
4 4 124 124 131 219 219 232 
17 314 314 413 
76 184 353 491 
41 41 
225 225 377 377 
346 346 
211 236 432 
22 22 
354 354 450 
63 63 63 75 75 383 383 383 415 415 
339 452 452 
184 184 184 
72 89 141 141 141 358 358 
215 215 308 308 314 314 449 
123 123 123 442 442 442 
159 159 
339 408 
101 101 170 195 195 195 267 
475 

29 56 487 487 
5 5 273 472 
10 10 100 100 240 496 
39 159 166 227 
76 76 207 207 242 
193 193 
127 127 290 290 290 
314 349 349 
305 305 305 
30 30 30 222 
116 184 184 184 
39 302 
31 31 315 315 315 489 
56 56 56 235 236 388 388 474 474 
184 184 
31 120 486 
51 51 184 184 354 354 
126 126 126 185 185 456 
399 
3 
243 413 413 
81 81 81 394 394 
100 100 197 240 240 240 265 357 367 367 431 431 476 
22 389 436 
160 160 
182 182 182 363 363 363 
193 193 413 413 
54 
134 134 134 271 271 354 354 354 
234 234 325 325 358 
5 5 
233 233 233 238 238 238 238 
347 
104 
5 5 86 354 
76 229 229 
159 159 159 188 
159 
