Nodes: 512, Edges: 1199
46 46 46 46 395 395 
225 225 441 
91 111 189 
271 493 493 
454 454 
18 18 34 34 48 48 50 50 50 184 184 184 225 255 255 279 279 354 354 354 400 400 441 441 504 508 
404 
233 233 271 271 
196 224 224 224 313 350 
271 271 
476 476 
264 264 
184 202 355 355 355 
76 76 
117 184 184 184 
182 182 327 327 444 444 
184 
390 390 455 
5 5 277 277 277 277 
104 104 
428 428 
31 31 
108 108 108 108 115 115 115 331 331 331 414 414 414 461 497 
171 290 
76 
452 452 452 
158 408 408 
76 346 
63 63 178 189 

180 180 222 483 
21 21 172 184 184 315 315 354 486 486 489 
184 184 
67 67 192 192 
5 5 
210 222 309 413 413 
106 
406 415 415 415 
89 89 89 358 
62 159 159 163 166 219 231 231 241 241 267 267 302 302 330 330 402 402 402 405 405 477 485 
192 192 192 236 236 236 249 249 249 
85 85 85 99 137 137 151 151 151 156 160 160 184 184 324 354 354 399 399 445 445 457 457 
321 323 323 
193 193 

413 413 439 439 439 
0 0 0 0 64 301 339 339 381 381 381 395 
346 346 346 346 
5 5 

5 5 5 400 
490 490 490 
345 345 
393 
76 76 299 
195 
191 191 191 236 236 236 304 304 446 474 474 487 487 487 
415 415 415 
294 397 
444 
104 104 236 
81 81 81 
39 330 330 369 369 430 
28 28 383 463 
46 381 381 
193 193 416 416 

33 33 192 281 281 347 347 
169 169 287 296 296 371 
236 252 
184 246 246 246 258 258 258 
330 330 
325 325 358 
94 94 315 315 315 
413 413 
383 435 463 
13 13 24 27 54 54 78 107 107 109 162 184 196 196 199 199 207 208 228 228 229 229 242 245 292 299 314 314 322 322 322 346 346 361 423 423 440 456 456 456 478 501 509 509 509 
119 119 119 196 
76 
236 236 236 

61 61 61 82 82 113 261 261 289 289 329 329 359 389 394 394 
81 81 121 142 142 143 329 389 389 
236 237 
85 85 85 312 
41 41 41 84 84 84 160 160 312 312 
198 198 198 386 386 386 508 508 
408 408 

38 38 38 128 128 358 
358 358 358 
2 
182 404 413 413 
236 236 
73 73 


171 171 290 290 
420 
41 450 
197 476 496 
140 140 195 195 471 471 
117 117 136 493 
146 146 379 425 425 
19 19 60 60 138 138 236 237 507 507 
106 184 184 184 190 190 
36 105 190 372 372 372 
76 76 
22 22 22 22 115 115 336 414 414 
76 199 
176 176 176 247 401 
2 182 
184 
81 
181 181 181 367 
22 22 22 108 108 
184 415 415 484 
14 102 102 125 125 125 135 135 136 136 184 184 184 236 
364 364 364 
77 77 77 122 122 222 413 
486 486 486 489 489 
82 143 143 143 
119 119 
468 
387 387 454 454 
117 117 117 170 
185 185 473 491 

89 89 413 448 
236 415 415 
389 389 
240 240 240 454 454 
168 
381 381 
380 380 502 502 
117 117 
102 117 117 
41 41 184 184 
104 104 164 164 164 236 236 236 
381 
101 101 320 378 378 
413 413 
82 82 389 389 
82 121 121 121 217 217 
282 
339 339 339 
103 103 379 379 
236 236 236 
191 191 304 304 
250 250 
248 306 306 306 
41 41 41 354 354 
292 292 384 384 
325 325 325 
374 
413 413 
41 
233 276 276 
26 194 194 271 408 408 
39 39 188 188 188 227 227 257 305 305 402 433 433 433 469 477 477 510 510 511 511 511 
41 41 85 85 272 
413 413 413 439 439 
76 322 322 
39 
138 138 138 
317 
39 
220 220 220 413 413 413 
132 413 
68 68 233 
125 471 
23 97 97 290 290 
31 
344 344 
222 335 335 376 413 
407 413 
110 110 110 247 
269 300 415 415 
28 183 183 183 
287 287 287 287 
30 30 222 222 
114 114 114 
15 15 92 111 220 220 340 340 363 404 413 413 444 499 499 
178 178 178 
5 5 5 12 14 14 14 16 31 31 32 32 41 41 70 76 105 105 105 112 116 117 117 117 137 137 199 213 221 221 236 236 236 246 246 246 258 258 267 267 267 279 284 291 291 307 307 338 338 345 345 354 354 354 355 355 355 366 366 366 396 409 409 409 415 426 451 456 456 465 484 484 488 488 490 490 
126 126 491 491 491 
245 440 
413 413 
159 159 159 510 
2 28 404 
105 105 106 372 372 
56 56 56 148 148 236 267 285 304 
33 33 40 40 40 67 236 281 281 
43 43 65 65 286 358 358 362 362 413 413 479 479 479 500 500 
158 158 
55 101 101 236 236 236 267 267 471 471 
8 76 76 77 200 200 200 290 290 290 350 373 413 413 
100 496 496 
86 86 86 386 
76 76 109 184 
196 196 196 
236 415 
12 355 
271 
268 268 268 

405 
76 337 337 478 
76 
328 328 
35 
460 460 
233 233 310 310 
184 
215 314 314 
214 314 314 314 

143 143 
271 442 
39 232 274 274 402 402 
167 167 167 182 182 413 
184 184 
30 35 119 174 180 180 314 314 341 341 376 413 413 413 483 483 
329 329 
8 8 8 313 313 313 350 
1 1 5 259 259 377 393 419 419 441 441 441 458 458 458 458 
292 292 292 
159 159 305 305 305 343 392 392 477 477 
76 76 245 
76 76 295 295 295 509 509 509 
236 236 415 415 
39 39 
219 454 454 
7 7 157 169 212 212 271 310 310 505 505 
503 503 503 
487 487 
40 40 40 56 56 56 60 69 79 79 79 83 93 93 104 117 129 138 138 138 147 147 147 184 184 184 191 192 195 195 195 201 230 230 237 237 237 267 267 275 275 278 283 283 344 344 351 351 356 356 356 415 415 415 432 432 432 460 
83 104 236 236 236 
505 505 
342 405 405 
131 131 131 476 496 
39 39 
76 478 
311 413 424 424 494 
325 358 358 
76 186 228 
70 70 70 184 184 184 
110 176 288 401 
150 293 408 
40 40 40 
149 149 374 374 417 417 417 417 
270 286 286 413 413 413 
69 
330 330 
277 277 283 283 415 
5 5 443 

159 392 392 
70 70 70 184 184 409 
225 225 

81 81 329 

315 315 
11 11 334 

271 271 
39 39 184 184 184 191 195 195 236 236 268 356 356 471 
204 204 204 267 
177 415 415 
251 286 
3 7 7 9 9 158 203 218 233 266 266 282 287 327 354 374 374 375 375 391 408 408 408 412 427 442 442 453 453 502 502 
160 
354 472 472 472 475 475 
219 219 352 402 
236 236 
157 157 
18 18 18 18 254 254 415 415 
236 
5 5 184 431 
308 308 467 467 
67 67 192 192 347 347 347 421 
144 271 427 427 
236 236 254 254 303 303 303 344 344 415 415 415 
184 
191 
193 251 251 270 413 
68 179 179 179 179 271 
247 
81 81 
23 97 97 171 171 196 196 196 480 480 
184 184 426 426 
76 152 152 226 226 226 364 364 410 410 
248 408 
58 397 408 408 
229 229 229 
68 68 
408 408 
347 347 
54 76 413 413 413 
177 
46 
39 39 485 485 
283 283 283 415 
56 56 148 148 191 
159 159 227 227 227 392 392 482 482 
150 150 150 370 370 408 408 
184 184 354 396 396 465 465 
280 280 467 
35 
212 212 233 233 
243 
84 85 85 348 348 348 348 
8 224 224 224 
76 76 214 214 215 215 215 222 222 317 317 319 319 319 349 349 354 384 384 398 398 398 413 413 413 418 418 429 434 449 455 467 467 481 481 
31 31 73 73 73 263 263 336 486 486 

165 314 314 398 413 413 413 
413 413 
314 314 314 
140 
42 323 323 
76 76 76 162 162 
42 42 321 321 
41 
72 72 153 153 153 244 358 358 503 503 
358 
15 15 271 
209 209 
81 81 82 223 223 261 
39 39 62 62 71 71 253 253 369 428 
22 22 22 
407 407 413 413 413 
413 
264 385 385 
174 174 413 
108 315 486 486 
207 207 
184 184 415 415 
46 46 145 145 145 381 381 408 408 427 427 427 452 464 464 470 
182 182 
222 222 
239 
227 
173 173 236 236 283 283 
52 52 184 184 
27 47 47 47 47 76 76 459 459 459 
67 67 281 281 281 298 298 421 421 506 506 
312 312 312 312 
314 314 481 481 
8 196 224 
236 236 
274 402 402 402 

5 5 5 31 41 41 151 151 184 184 184 271 273 307 314 462 490 490 502 502 502 
12 12 12 184 184 184 202 
236 236 236 267 267 
367 367 496 
38 72 89 90 90 90 193 193 244 244 325 325 326 413 413 466 466 503 
81 

76 
193 193 413 413 
182 499 499 
118 118 118 292 292 410 
415 
184 184 184 
114 357 357 496 496 
401 401 401 
62 62 330 
306 306 
68 
106 106 106 190 190 
196 
154 250 250 271 271 408 417 442 442 
271 271 
174 222 
225 458 
140 140 
103 146 146 
134 134 
46 46 46 64 64 133 133 139 339 339 395 395 395 408 
413 413 
63 75 415 463 
152 152 314 314 449 449 
334 334 413 413 
86 86 86 198 
124 124 
487 487 
81 82 82 130 130 142 142 
17 17 
271 
227 227 257 257 305 305 
53 225 
81 81 495 
0 0 46 381 381 381 
184 307 307 
58 294 
314 314 314 317 
41 41 492 492 
5 5 50 
110 247 368 368 368 
39 39 39 159 219 219 274 352 352 352 405 405 
427 427 
6 92 182 189 
39 39 206 239 239 402 402 
37 
175 332 332 
26 26 87 87 158 158 248 271 271 271 293 294 294 297 297 306 306 339 339 374 381 412 412 412 437 470 
184 184 184 258 
292 292 364 

271 408 408 408 
35 35 45 45 74 74 92 92 119 128 141 141 155 155 161 161 161 167 167 167 168 174 175 182 182 187 187 193 193 196 196 220 222 222 222 243 251 251 251 286 299 299 299 314 314 314 317 317 317 318 318 332 332 332 333 335 358 358 362 362 382 382 385 385 439 448 455 455 494 494 500 500 
22 22 22 108 108 
37 37 37 57 57 57 116 116 129 129 177 177 184 201 230 230 236 236 236 254 269 269 277 277 283 283 283 303 338 338 365 383 432 
65 65 
250 250 250 250 374 
314 314 
225 225 
98 441 441 441 441 441 
281 347 347 

76 76 
243 243 
103 103 
184 291 291 
271 282 282 339 339 339 403 403 
20 20 330 
314 
62 
279 496 
236 236 236 415 460 
159 159 159 
314 
75 449 449 

408 

45 45 45 161 161 413 
76 186 
1 5 5 225 225 225 420 420 420 420 420 
218 271 271 374 374 468 468 
255 
15 15 59 182 
41 41 
56 

128 413 
314 384 384 435 435 
99 462 462 
184 
25 25 25 339 464 464 
271 271 
4 4 124 124 131 131 232 232 
17 314 413 413 
76 76 76 184 184 491 491 
41 41 
225 225 225 225 377 
346 346 346 
211 211 236 432 
22 497 497 
354 450 450 
63 75 383 
339 339 452 452 
184 307 307 
358 358 
280 280 308 314 314 
123 442 442 
159 
339 408 
101 101 170 195 195 267 
273 273 273 475 475 475 
126 
56 56 487 
273 273 472 472 472 
10 10 100 240 496 
39 159 159 227 227 
76 207 242 
193 193 193 
290 290 
314 314 349 349 
305 305 
30 222 222 
116 184 184 
39 302 302 
31 31 120 120 120 315 315 336 336 489 489 489 
56 56 56 235 235 388 388 474 
184 184 
31 120 120 486 486 486 
51 51 51 184 184 354 354 
126 185 185 185 456 456 
399 399 
3 3 102 
243 413 413 
394 
100 197 197 240 357 367 367 431 476 
22 461 461 

182 182 363 363 
193 193 413 413 
76 
134 134 271 271 354 354 354 
234 234 234 325 325 358 
5 
233 233 238 238 
347 347 
104 104 
5 86 86 
76 76 76 229 229 229 
159 159 188 
159 159 159 
