Nodes: 512, Edges: 1199
46 46 46 46 395 395 395 
225 441 
91 91 111 183 189 189 
271 493 493 
454 454 454 
18 18 18 34 48 184 198 225 225 225 255 255 273 273 279 279 354 354 400 400 441 475 475 475 504 504 508 508 
404 404 404 
233 233 233 
196 196 224 313 313 350 
271 
476 
264 264 264 
184 184 184 202 355 

117 117 184 
182 182 182 327 444 444 
184 184 184 
390 455 
5 5 5 277 
104 104 
428 428 
31 31 
108 108 115 115 331 414 414 497 497 
171 290 290 
76 76 
452 452 452 
158 408 408 
76 76 
178 183 183 
474 
180 222 483 483 
21 21 172 184 315 354 486 489 489 489 
184 
67 67 67 192 192 192 
5 
210 210 222 309 
106 106 106 
324 406 415 
89 89 89 
62 62 62 159 159 163 166 219 219 231 241 241 267 267 302 302 302 330 330 330 402 402 405 405 477 477 
192 236 236 249 249 
44 85 99 137 137 151 156 156 160 160 160 184 324 354 354 399 399 445 445 450 457 457 
321 323 323 
193 
41 
413 413 439 439 
0 0 0 0 64 301 301 339 339 381 381 381 395 395 
346 346 
5 
236 236 
400 
490 

225 
76 299 
236 236 236 
104 191 191 236 236 236 304 446 474 474 
415 415 
294 294 397 397 397 
444 444 
104 236 236 236 
81 81 359 
39 39 39 241 330 369 369 369 430 430 
383 
46 381 
193 193 413 416 
141 141 
33 33 33 192 192 347 
169 169 169 287 371 
236 236 344 344 
246 258 258 
330 
358 466 
94 
413 
383 463 
24 24 27 27 54 78 107 107 107 162 162 184 184 196 196 196 207 207 207 208 208 228 228 229 229 242 242 242 245 292 299 322 322 322 328 346 353 353 360 361 361 413 413 413 423 423 440 440 456 478 478 509 509 
119 119 119 119 413 
76 
236 
314 314 418 418 
61 61 82 113 184 184 261 261 289 329 359 389 389 394 394 495 
81 121 121 142 143 389 
236 237 237 237 
85 312 348 
41 84 160 312 312 312 
198 386 508 508 508 
306 306 408 
504 504 
38 38 38 128 358 466 
358 
2 2 189 
182 
236 
73 315 
418 
314 
171 171 290 
420 441 441 441 
41 450 
197 476 476 496 
140 195 471 471 
117 216 493 
146 146 146 379 379 379 425 425 
19 19 56 60 138 236 237 237 507 507 
106 106 106 184 190 190 
36 36 36 105 105 105 190 
76 76 76 
22 22 115 414 

176 247 247 401 401 
2 182 

81 
181 360 367 367 
22 22 108 389 
184 184 184 415 415 
14 14 102 135 136 184 236 
364 364 364 
77 77 77 77 122 122 222 413 413 
486 486 489 
82 82 143 143 
119 119 222 
468 
387 387 387 454 454 454 
136 136 136 170 
185 185 473 491 491 491 
480 
89 413 448 
236 236 415 415 
389 
240 240 454 
168 
381 381 381 
380 380 502 502 502 
117 
117 125 125 125 
41 41 
104 236 236 
381 
101 320 320 378 378 378 
66 66 413 466 466 466 466 466 
82 389 
82 121 121 217 217 217 
282 282 282 
339 
103 103 103 379 379 379 
236 
191 304 304 
250 250 250 
248 248 306 306 306 306 408 
41 354 
292 384 
325 
374 
413 
41 41 450 
233 276 276 
26 194 194 271 408 408 
39 39 205 205 227 227 231 231 257 305 330 402 402 428 428 428 469 469 477 477 510 510 511 511 511 511 
41 41 41 85 272 272 272 312 312 498 498 
413 439 439 
76 76 322 
39 
300 300 
317 317 317 
39 477 
220 220 413 413 413 
132 
68 68 68 233 296 296 
125 471 
23 97 97 290 290 
31 

222 222 222 376 413 413 
407 407 413 413 
110 247 247 
283 283 300 415 415 
28 183 
287 287 287 
30 222 
114 
15 15 15 92 111 340 340 363 404 404 413 413 499 499 
2 28 28 178 
5 12 12 12 14 16 16 16 31 32 41 76 76 81 81 105 116 116 116 117 199 213 221 236 236 258 258 267 267 279 279 284 284 289 289 291 292 292 307 324 338 338 345 354 354 355 366 396 396 409 409 415 415 415 426 451 465 465 465 488 490 490 490 
126 126 491 491 491 
245 245 440 
413 413 
477 477 
2 2 91 
105 105 106 372 372 372 
56 56 148 236 236 236 267 285 304 446 
33 33 33 40 67 67 236 281 281 
43 65 65 286 358 362 413 413 479 479 500 500 500 
158 158 
101 267 267 267 471 471 
8 8 76 76 76 200 290 290 290 350 350 373 373 373 413 422 422 
100 496 496 
5 86 386 
184 
196 
236 236 415 415 415 
12 355 355 
271 271 
267 
159 159 
405 405 
76 76 76 337 337 478 478 
76 76 
328 328 
35 35 
460 460 
233 310 
184 
314 
314 314 467 467 
102 
143 143 143 
271 442 442 442 442 442 
39 39 232 274 274 402 454 
167 167 413 413 
184 
30 35 119 122 174 174 174 180 268 314 341 341 341 376 376 413 413 413 483 
329 329 
8 313 313 350 350 
1 5 5 5 53 259 259 377 393 419 419 419 441 458 458 458 

159 159 305 305 305 305 343 343 343 392 392 477 
76 76 
76 76 295 509 509 509 
236 236 303 415 
39 159 159 
219 454 454 
7 7 7 157 169 212 238 271 271 296 296 310 310 374 374 375 375 375 505 505 505 505 
503 503 
487 487 
40 40 49 49 55 55 55 56 56 56 60 60 60 69 69 79 83 93 104 117 129 129 138 138 147 184 184 191 191 191 192 201 201 230 230 237 237 267 267 275 275 278 283 283 344 351 351 415 432 432 438 438 438 487 487 
83 83 83 104 104 236 236 
233 505 505 505 505 505 
342 405 405 405 
131 131 476 476 496 
39 39 62 
76 76 76 
494 
325 325 358 
76 186 186 
70 
110 110 176 176 288 288 288 401 
150 150 293 408 
40 40 
149 149 149 374 374 417 417 417 417 417 442 
270 286 286 413 

330 
277 277 283 415 415 
5 5 443 443 443 
354 
159 392 392 392 
70 70 184 184 409 409 
225 225 
426 
81 81 329 
364 410 
315 
11 11 11 334 334 
496 
271 271 
39 39 184 184 191 195 195 195 204 236 236 356 
222 
415 
251 
3 9 158 203 203 218 233 233 266 266 282 282 287 287 297 339 339 354 374 374 375 391 401 401 401 408 412 427 427 427 442 453 453 502 502 502 502 
160 160 160 
5 5 354 354 472 472 475 
219 219 
236 236 
157 157 
18 254 254 415 
236 
5 5 184 184 431 431 
308 467 467 
192 192 298 347 347 421 
144 144 144 271 271 427 427 427 
177 177 236 236 254 303 303 303 303 344 415 415 
184 184 
191 
193 251 251 413 413 
68 179 179 179 271 271 
247 247 247 
81 184 184 
23 23 97 171 171 196 196 196 480 480 
184 426 426 
76 152 184 184 364 364 410 
248 408 
58 58 397 399 408 
229 
169 169 233 233 425 425 425 
271 408 
281 
54 76 413 
164 164 177 
46 46 
39 39 39 485 
230 283 283 283 283 415 415 
56 148 148 191 
159 227 227 227 227 482 482 
87 87 150 150 150 150 370 408 408 
184 354 396 396 465 465 
280 467 467 
35 
212 233 233 

84 85 85 85 160 160 348 348 348 
8 8 224 224 
80 80 96 214 215 215 222 317 317 349 349 384 398 413 413 429 429 429 434 449 449 455 455 467 467 481 
31 94 263 336 
444 444 
165 165 165 314 314 398 413 
413 413 413 
354 354 354 
140 140 
42 323 323 
76 76 76 162 
42 42 321 321 359 359 
37 41 184 
153 244 244 358 503 503 
358 
15 
76 209 209 
81 223 223 261 
39 39 39 62 71 159 253 369 369 369 428 
22 
407 407 413 
413 413 413 
264 264 385 385 413 413 413 
413 413 
315 486 
207 207 
184 184 
46 46 145 271 271 381 381 408 427 427 452 464 464 470 
182 182 
222 222 222 
239 
227 227 227 
69 69 236 283 447 447 447 
184 
47 47 76 459 
67 281 281 421 
84 312 312 312 
314 314 481 481 
8 196 196 224 224 
236 236 
402 
76 76 456 
5 5 31 41 41 151 184 184 256 271 273 273 307 319 319 319 411 450 450 450 462 462 502 502 508 508 
12 184 202 202 
267 
367 367 367 431 431 431 
72 89 90 193 244 325 326 413 413 413 466 503 503 503 
61 81 323 323 
76 114 
76 76 
193 413 413 
182 499 499 
118 118 118 262 292 292 410 
415 
184 
114 114 357 357 357 496 496 496 

62 62 62 330 330 330 
306 
68 
190 190 190 
196 196 196 
154 233 233 250 250 271 271 408 417 442 
233 233 233 271 
174 222 222 
225 
140 140 140 
103 103 103 146 146 146 
134 134 
46 46 46 64 133 133 133 139 339 339 395 408 
413 413 
63 75 432 463 
152 314 
334 334 413 413 413 
86 198 
124 124 124 
487 487 487 
81 81 82 115 130 142 497 497 
17 
271 
227 227 257 257 257 
225 
81 81 495 495 
0 0 0 46 46 381 
184 184 307 307 
58 58 58 294 
314 317 
41 41 294 492 492 492 
5 5 50 
110 110 247 271 271 271 
39 39 159 159 219 352 405 405 
427 427 
6 6 6 182 182 
39 39 206 206 239 239 239 402 402 
37 
175 175 332 332 413 413 
26 26 87 150 158 158 248 271 293 294 297 306 306 339 374 381 437 470 
184 184 258 258 
262 292 364 
354 
271 
45 45 65 74 76 76 76 77 119 119 128 141 155 161 167 167 167 174 174 175 175 182 182 187 187 193 193 196 220 220 222 222 222 251 286 286 299 314 314 317 318 318 318 332 333 333 333 334 334 334 335 335 358 358 358 362 362 382 382 385 385 385 407 407 448 455 494 500 
22 22 108 
37 57 57 116 116 129 129 177 177 184 184 184 201 201 201 230 236 254 254 269 277 283 283 303 303 365 432 432 432 463 463 
65 
250 250 250 250 250 374 
80 80 95 
225 225 225 
98 441 441 441 441 
281 347 
196 196 
76 76 

103 103 296 296 296 
184 260 291 291 
271 271 271 282 282 282 339 339 403 403 
20 20 159 159 159 330 
314 314 314 
62 62 
279 279 357 357 357 496 
236 236 383 415 415 415 460 460 

314 
449 

408 
236 236 236 
45 45 161 161 
76 76 186 
1 5 98 98 98 225 420 420 420 420 
218 218 218 218 218 250 271 374 468 468 468 
255 255 255 
15 15 59 59 316 316 
41 41 
56 191 
344 344 344 
128 413 
314 314 435 467 467 
41 99 156 354 354 354 462 462 
184 
25 25 25 339 464 464 464 
271 271 
4 4 4 124 124 124 131 219 232 232 
17 314 314 413 
76 353 491 491 
41 41 
225 225 225 
346 
211 211 432 432 
497 
354 354 450 450 
75 383 415 415 
339 339 452 452 452 
184 184 184 307 307 
72 89 141 141 141 141 141 358 
215 215 280 280 308 308 314 314 449 449 
123 442 442 442 
159 159 
339 408 
101 101 170 195 195 
273 273 475 
126 
29 56 56 487 487 487 
5 5 5 273 472 
10 100 100 240 240 496 
39 39 159 159 166 188 188 227 
76 76 207 207 
193 193 
127 290 290 
314 349 349 
305 305 
30 30 222 

302 
31 120 120 336 489 
235 235 236 236 388 388 388 474 474 474 
184 
31 31 31 120 486 
51 184 184 184 
126 126 126 185 185 185 456 456 
399 399 399 
3 3 102 
243 413 
81 394 394 
100 197 197 240 265 367 367 367 431 476 
22 22 389 389 461 
160 160 
182 182 363 363 
193 193 193 413 

134 134 134 271 271 271 271 354 354 
234 234 325 325 358 358 358 
5 5 88 88 
233 233 233 233 238 238 238 238 238 

104 104 
5 5 86 86 86 354 354 
76 76 229 229 229 
159 159 
159 159 159 159 
