Nodes: 512, Edges: 1199
46 46 46 395 
225 225 441 
91 111 111 183 183 189 
271 493 
454 
18 34 34 34 48 48 50 50 88 88 88 184 225 225 225 255 255 273 273 273 279 279 354 354 400 400 441 441 475 504 508 508 
404 
233 233 271 271 
196 196 224 313 350 350 
271 271 
476 476 476 
264 264 
184 355 355 
76 76 
117 117 117 184 184 184 
327 327 
184 
390 390 455 455 
5 277 277 
104 104 
428 428 
31 31 
108 108 108 115 331 331 461 461 497 
171 171 171 290 290 290 
76 76 
452 452 452 
158 158 408 
76 346 346 
63 111 178 183 
474 
180 222 222 483 
21 21 184 184 184 315 354 354 486 486 489 
184 
67 192 192 192 
5 5 5 
210 222 222 222 309 309 309 413 
106 106 
324 324 324 406 406 415 415 
89 
62 62 62 159 159 159 166 219 219 219 231 231 241 241 267 267 302 302 330 330 402 405 405 
192 192 236 236 249 249 
44 85 85 137 156 156 156 160 184 184 354 354 354 445 450 457 
323 323 323 
193 
41 
76 413 
0 0 0 64 301 301 301 339 381 381 
346 346 346 
5 5 
236 236 
5 5 400 400 400 
490 490 
184 345 
225 225 
299 501 
195 
104 191 191 191 236 236 304 446 446 474 474 487 487 487 
415 415 415 
294 294 397 397 
444 
104 236 
81 359 359 
39 39 39 241 241 241 330 330 369 369 430 
28 383 463 463 
46 381 
193 193 413 416 
141 
33 192 281 281 281 347 347 
169 169 169 287 287 296 371 
236 252 344 
184 184 246 246 246 258 

325 325 358 466 
94 94 315 315 315 
413 413 
383 
13 13 24 24 27 45 78 78 109 109 109 162 162 196 199 199 207 207 207 208 228 228 228 229 229 245 299 299 299 314 314 322 322 322 346 346 353 353 353 360 413 423 423 440 456 456 478 501 509 
119 119 119 119 196 196 413 
76 76 
236 
314 314 418 418 
61 82 82 113 113 113 184 261 289 289 289 329 359 359 389 389 389 394 394 495 495 
81 81 121 142 142 143 389 389 389 
236 236 237 
85 85 348 
41 41 84 84 160 312 
198 198 198 386 508 508 
306 306 408 
5 5 5 504 504 
38 128 128 358 466 
358 358 358 
2 189 
182 182 404 413 
236 
73 73 315 
418 418 
314 317 
171 171 290 290 
420 441 441 441 
256 
197 476 496 496 
140 195 471 
117 136 136 216 
379 379 425 
19 19 56 60 138 236 236 237 237 507 507 
106 106 184 190 190 
36 36 105 105 190 372 372 

22 22 22 115 336 414 414 
76 76 76 
176 247 247 247 401 401 
2 2 28 
184 184 
81 81 81 
181 181 181 360 367 
22 108 389 
184 184 415 
14 14 14 102 125 125 135 136 184 
364 364 
77 77 77 77 122 222 413 
486 489 489 
82 143 
119 222 
468 468 
387 387 387 454 454 
117 117 136 136 136 170 
185 473 
480 480 
89 89 413 448 448 
236 236 
389 
240 240 240 240 454 
168 
381 381 381 
380 380 502 502 502 502 
117 
102 102 117 125 125 125 
41 184 
104 164 236 
381 
101 320 378 378 
66 358 466 466 
82 82 389 389 
82 121 217 
282 282 
339 339 

236 236 
191 304 
250 250 
248 248 248 306 306 306 306 408 408 
354 
292 384 384 
325 325 325 
374 
413 413 413 
41 41 41 450 450 
276 
26 26 271 271 408 408 408 
39 39 39 188 188 205 205 205 227 231 231 257 305 305 305 392 428 433 433 469 477 510 510 511 
41 85 272 272 498 498 
439 
76 76 

138 300 

39 477 
220 413 
132 413 413 413 
68 68 68 233 296 
125 471 471 
23 23 23 97 97 290 290 

344 344 344 
222 222 222 413 
407 407 407 413 413 
110 247 247 
269 283 283 415 
28 183 
287 287 287 
30 222 222 222 
114 114 114 
92 92 220 220 220 340 363 404 413 444 444 444 499 499 499 
2 2 28 178 
5 12 14 14 14 16 31 31 31 32 41 41 52 70 70 81 105 112 112 116 116 117 137 213 213 213 246 246 258 267 267 267 279 284 284 284 289 289 289 291 291 307 315 315 324 324 338 338 354 354 354 355 355 366 366 396 409 409 415 415 415 426 451 451 465 465 484 484 488 488 490 
126 491 491 
245 440 440 
413 413 
159 159 477 510 
2 91 
105 105 106 372 372 
56 56 56 148 267 267 285 304 304 446 446 
33 33 33 40 40 67 236 281 281 
43 65 65 286 286 286 358 358 358 362 362 413 413 413 479 479 500 

55 101 236 267 471 
8 8 76 77 77 200 290 290 290 413 413 422 422 
100 496 
86 86 86 386 386 
76 76 207 207 
196 
236 236 415 
355 355 355 
271 271 

159 159 159 
405 405 
76 76 76 199 199 337 337 478 478 478 
76 
328 
35 
460 460 
233 310 310 
184 184 184 
215 314 
214 
102 
143 
271 442 
39 39 39 274 402 454 454 
167 182 182 182 413 413 

30 30 35 35 35 119 122 174 174 174 180 180 180 314 413 483 
329 
8 350 350 
1 1 5 5 5 53 53 259 377 377 393 419 419 458 
292 292 
159 305 305 343 343 392 477 477 
76 76 76 
76 76 295 509 
236 275 303 303 303 415 415 
39 39 159 159 
454 454 
7 7 169 212 238 238 271 271 271 296 310 310 310 374 374 375 375 505 505 
503 503 
487 487 487 
40 40 49 49 56 56 60 69 79 83 83 93 104 104 129 129 138 147 147 192 195 201 201 230 237 237 267 275 275 275 278 278 278 283 283 283 344 344 415 415 415 432 432 438 438 460 487 
83 104 104 236 236 
233 233 505 505 
342 342 405 405 405 
131 131 131 131 496 496 
39 39 62 62 62 
478 
311 413 413 424 424 494 
325 325 
76 186 
70 70 70 184 184 
110 110 110 176 176 288 401 401 
150 150 150 408 408 408 
40 40 
149 149 417 417 442 
286 413 413 
69 
330 
277 277 283 415 415 
5 5 443 443 443 443 
99 273 354 354 354 
159 392 
70 184 
225 
426 
81 329 
364 364 410 
315 
11 11 334 
496 
271 271 
39 39 184 184 184 191 191 195 236 268 471 
267 
177 415 
286 286 
3 7 7 9 9 158 158 203 203 218 233 233 233 266 266 282 287 287 297 327 327 339 339 354 354 375 375 391 408 408 412 427 427 427 442 442 502 502 
160 160 
5 5 5 256 354 354 
219 352 402 
230 236 236 236 
157 
18 18 254 254 415 415 
236 236 236 
5 5 184 431 431 431 
308 308 449 449 449 
67 67 67 192 192 298 298 347 347 347 421 421 
144 144 271 427 
177 177 236 236 236 254 303 303 344 344 415 415 415 
184 184 184 
191 
193 193 193 251 270 270 413 413 
68 68 179 179 179 271 271 
247 
81 81 81 184 184 184 
23 23 23 97 97 171 171 196 196 196 480 480 
184 184 426 426 426 
152 226 226 364 364 410 
408 
58 58 397 397 399 408 408 
229 
68 169 233 425 
271 408 408 
281 281 
54 76 76 76 413 413 
164 
46 46 46 
39 39 485 485 
230 230 230 283 283 415 415 
56 148 191 191 
159 159 159 227 227 392 482 482 
87 87 150 150 150 150 370 370 370 408 408 
184 354 396 465 465 
280 280 
35 35 35 
212 212 233 233 233 
243 
85 348 348 348 348 
8 
76 76 80 80 96 214 222 317 317 317 349 349 349 398 398 398 413 413 413 418 418 418 434 434 449 455 455 467 481 481 
31 73 73 73 94 184 184 263 336 486 486 
444 444 
96 314 314 314 
413 413 
354 354 
140 
323 323 
76 76 76 
42 42 42 321 321 359 359 
37 37 37 184 184 
72 72 153 153 153 244 244 503 503 
358 358 358 
15 15 271 271 
209 
81 223 261 
39 39 62 62 253 369 369 369 369 369 
22 22 
407 413 413 

264 385 385 385 413 
413 413 
108 315 486 
207 207 
184 184 415 415 415 
46 145 145 271 271 381 381 408 408 452 464 464 470 
182 

239 239 
227 227 
69 173 173 173 236 236 283 283 447 
52 
27 27 47 47 47 76 76 459 459 
67 67 281 281 281 421 506 506 
84 312 312 312 312 
314 314 314 481 481 
8 8 224 224 
432 432 
274 402 
76 76 76 456 
5 5 31 31 41 41 41 151 184 184 184 256 256 256 271 271 273 273 307 319 319 411 450 462 462 490 502 502 502 508 508 508 
12 12 184 184 202 202 202 

367 367 431 431 431 496 496 
72 89 90 90 90 141 193 193 193 326 326 326 413 466 503 503 503 
61 61 81 81 323 323 
76 114 

193 193 413 
182 499 499 
118 118 262 262 292 292 410 410 
415 
184 184 
114 357 357 496 
401 401 
62 62 330 330 330 330 330 
306 306 306 
68 
106 106 190 190 

154 233 233 408 442 442 
233 233 271 271 

225 225 458 458 
140 140 
103 103 
134 134 
46 46 64 133 133 133 139 339 339 395 408 
413 413 
63 75 415 
152 152 
334 334 334 413 413 
86 198 198 
124 124 124 
487 
81 81 81 82 82 82 115 130 142 142 497 
17 17 
271 
159 227 257 305 
225 
81 81 495 495 
0 381 
184 307 
58 58 294 294 
314 314 314 
294 492 492 492 
5 5 50 50 50 
110 110 247 247 368 368 
39 219 274 352 405 
427 
6 92 182 
39 39 206 206 239 239 239 402 
37 37 
175 175 175 332 413 413 413 
26 87 150 150 158 158 158 248 248 248 271 271 293 294 294 297 297 306 306 339 339 374 381 412 412 437 437 470 
184 184 
262 292 364 364 
354 
271 408 408 
35 45 65 74 74 76 77 92 119 128 155 155 155 167 168 168 168 174 175 175 182 187 187 193 193 193 196 196 220 220 222 243 243 251 251 286 286 299 299 314 314 314 318 318 332 332 334 335 335 358 362 382 382 385 385 407 407 407 439 448 455 494 494 500 500 
108 108 
37 37 57 57 57 116 177 184 184 184 201 230 230 236 236 236 254 254 269 277 277 283 283 283 303 303 338 338 338 365 383 432 432 463 
65 
250 250 
80 80 95 95 314 314 314 
225 225 
98 441 441 441 
281 281 347 
196 196 
76 76 
243 243 
103 296 
184 260 291 291 291 
271 271 271 282 403 
20 20 159 

62 
279 279 279 357 357 357 
236 236 351 351 415 415 460 
159 159 
314 314 
449 

408 408 
236 236 
161 413 
76 186 186 
1 5 5 98 98 98 420 420 420 
218 250 271 271 374 374 468 
255 255 255 255 
59 182 182 182 316 316 
41 
56 56 191 191 
344 
128 128 413 
280 280 280 314 435 467 
41 156 156 354 462 462 
184 184 
25 25 25 339 464 464 

4 124 124 131 219 219 232 232 
17 17 314 314 413 
76 76 353 491 
41 
225 377 377 
346 346 
211 211 236 432 
22 22 497 
354 354 450 450 
63 63 415 
339 339 452 452 
184 184 307 307 
72 89 141 141 358 
314 449 
123 123 442 
159 
339 408 
101 170 170 195 267 
475 475 
126 
29 56 56 487 487 487 
5 472 472 
10 10 10 100 496 
159 166 188 227 227 
76 207 207 207 242 
193 193 
127 127 290 290 
314 314 349 349 
305 305 
30 222 
184 184 
302 302 
31 31 120 315 315 336 489 489 
56 56 56 235 235 235 236 388 474 474 474 
184 184 
31 120 120 486 486 
51 51 184 354 
185 185 456 
399 399 399 
3 
243 413 413 
81 81 394 394 
100 100 197 240 240 265 357 357 367 476 
22 389 461 
160 160 
182 182 182 363 363 
193 413 413 
54 76 
134 134 134 134 271 271 354 354 354 
234 234 325 325 358 358 358 
5 88 88 
233 233 238 238 
347 347 
104 104 
5 5 86 86 354 354 354 
76 229 
159 159 188 
159 
