Nodes: 512, Edges: 1199
46 46 46 64 395 395 395 
225 225 441 441 
111 189 
271 271 493 493 493 
454 454 
18 18 18 18 34 48 50 50 50 88 88 88 184 184 198 225 225 255 255 273 273 273 279 354 354 400 400 441 475 475 504 504 
404 404 
233 233 271 
224 224 313 313 350 350 
271 
476 476 
264 
202 202 355 355 
76 76 
117 184 
182 182 327 327 444 444 
184 
390 390 455 455 
5 5 5 5 277 277 277 
104 104 
428 428 

108 115 414 414 461 461 461 497 497 497 
171 171 290 290 
76 76 
452 452 452 
158 158 408 408 
76 76 346 
111 178 178 183 189 
474 
180 222 222 222 483 
172 184 315 315 354 354 354 486 489 489 

67 192 192 192 
5 
210 210 210 222 309 309 413 413 

324 324 324 415 
89 89 358 
62 62 159 159 159 163 166 166 231 231 241 267 267 302 302 302 330 330 402 402 405 477 477 477 485 485 485 
192 236 236 236 249 249 249 
85 85 85 99 151 151 160 160 184 324 324 354 354 399 399 445 445 450 457 
321 321 323 
193 

413 439 439 
0 0 0 64 301 339 339 339 381 381 395 
346 346 
5 

5 5 5 400 400 
490 
184 184 345 345 
225 
76 299 501 
195 195 
191 191 236 236 304 446 446 446 474 487 487 
415 
294 294 397 397 
444 444 
104 236 
81 81 359 
39 39 241 369 369 430 430 
383 463 463 
0 46 
193 416 
141 141 
33 192 192 281 281 347 
169 287 287 287 296 371 
236 252 344 344 
184 184 246 258 258 
330 
325 358 358 466 
94 315 315 
413 
463 
13 13 24 24 27 27 54 107 107 107 162 184 184 186 196 199 199 199 207 207 208 228 228 229 242 242 245 245 292 292 299 314 322 322 346 346 353 354 354 360 360 360 361 361 413 423 423 440 440 456 456 456 478 478 501 509 509 
119 196 413 413 

107 236 
314 418 418 
61 61 82 82 82 113 184 261 261 289 329 329 359 359 389 394 495 
81 81 81 121 121 142 143 143 389 
236 236 236 237 237 
85 85 
41 41 41 84 84 160 160 312 
198 198 198 386 386 508 508 508 
306 306 408 408 
5 5 5 504 
38 38 128 128 466 466 
358 358 358 
189 
182 404 413 
236 236 
73 315 315 
418 
317 
171 171 290 290 290 
420 441 441 441 
41 256 
197 197 197 476 496 
140 195 195 471 471 
117 136 216 216 
146 146 379 379 425 
19 19 60 138 236 236 237 237 507 
184 190 190 
190 372 
76 76 76 79 
22 414 
199 199 207 
176 247 
2 28 182 182 

81 
181 181 181 181 367 
22 
184 415 484 
14 102 125 135 184 184 184 236 236 
364 364 
77 122 122 413 413 
486 489 489 
82 82 143 
119 119 222 222 
468 468 
387 387 454 454 454 
117 136 136 
185 185 
480 480 
89 89 413 448 448 
236 415 
389 
240 454 454 454 

381 381 381 
380 502 502 502 
117 
102 125 125 
184 184 
104 236 
381 381 
101 320 378 378 378 378 
66 66 358 413 466 466 466 466 466 
82 
82 82 121 217 
282 282 
339 339 339 
103 103 379 379 
173 236 236 
304 304 
250 
248 248 248 306 306 306 408 
41 41 354 354 
364 364 384 
325 325 325 
374 
413 
450 450 
276 276 
26 26 194 194 271 408 
39 39 39 188 188 188 188 205 205 227 227 231 257 305 428 428 433 469 477 510 511 511 
41 41 85 85 272 312 312 498 498 498 
413 413 413 439 439 
76 322 
39 
300 300 300 300 
329 329 
39 39 477 477 
220 220 413 

68 233 233 296 296 296 
471 471 
23 23 97 97 290 290 
31 
147 344 344 
222 222 413 
407 413 413 413 
110 247 247 247 
269 283 415 
28 28 
287 287 287 287 
30 
114 114 114 114 
15 15 92 111 111 340 404 404 499 499 
28 
5 5 14 16 31 41 52 52 70 70 76 76 81 105 116 117 117 117 137 137 199 213 221 221 236 236 236 246 246 267 267 267 279 291 291 291 292 292 315 315 324 338 345 345 354 355 355 366 396 396 409 415 415 415 426 426 426 451 451 451 456 456 484 484 488 490 490 
126 126 491 491 
76 245 245 440 

159 159 159 159 477 
2 28 91 
105 105 106 372 372 372 
56 56 236 236 267 267 285 285 446 
33 33 33 40 67 67 236 281 281 
43 65 286 286 362 413 413 413 479 479 479 
158 158 
55 55 101 101 236 236 267 267 471 
76 77 200 200 290 350 350 373 413 413 422 422 422 
100 100 100 496 
5 86 86 86 386 386 386 
76 76 76 109 109 184 207 
196 196 
415 
12 12 355 355 
271 271 271 
267 
159 159 
405 405 405 
76 76 109 199 337 478 478 
76 
328 328 
35 35 35 
460 460 
233 310 310 
184 
215 
214 314 314 314 467 
102 102 
143 
271 271 442 442 
232 232 274 402 402 454 454 454 
167 167 413 
184 184 
30 30 30 35 122 122 174 174 341 341 376 376 413 413 413 483 483 
329 329 
8 8 313 313 350 350 
1 1 5 5 53 259 377 393 393 419 419 458 458 

159 159 305 305 343 343 392 477 
76 76 245 361 
76 295 509 
236 303 303 415 
39 39 159 
219 219 454 
7 7 169 169 212 238 238 271 271 296 296 375 505 505 

487 487 
40 40 40 56 56 60 69 79 83 83 83 93 93 104 104 117 117 129 138 147 147 184 184 184 191 191 192 195 195 230 237 237 267 275 278 283 344 344 351 351 356 356 415 415 432 438 438 460 487 
83 83 104 104 236 236 
233 233 505 505 505 
342 342 405 405 
131 476 476 496 496 496 
39 62 
76 76 478 
311 311 413 424 494 494 
325 358 
76 76 186 186 228 
70 184 184 
110 176 176 176 288 288 288 
150 150 150 408 
40 40 40 
149 374 417 417 417 417 442 
270 286 286 413 413 413 
69 
330 330 
277 277 277 277 
5 5 443 443 
99 273 354 354 354 
159 392 392 
70 70 
225 
426 
81 81 329 329 
364 
315 315 
11 334 
496 496 
271 
39 39 184 184 184 191 191 195 195 204 236 356 356 471 

177 
251 286 286 
3 3 7 9 158 203 203 203 218 218 233 233 266 282 282 287 287 297 297 297 339 339 339 354 354 374 374 375 391 391 391 401 401 408 412 412 412 427 427 427 442 453 502 502 502 502 
160 
5 5 5 256 354 354 472 475 475 
219 352 402 
236 
157 157 
18 18 18 254 254 254 254 415 
236 
5 184 431 
449 467 
67 67 192 192 298 347 421 
144 144 271 271 427 
177 236 303 415 415 415 

191 191 
193 193 251 251 270 270 413 413 
68 68 68 179 179 179 179 271 271 
247 247 247 
81 
23 23 97 97 97 171 171 196 480 
184 184 184 426 426 
76 76 184 184 364 364 410 
408 
58 58 397 397 399 408 
229 
68 169 169 169 233 233 425 425 
271 271 271 408 
281 347 347 
54 76 413 
164 164 164 164 
46 
39 39 39 485 485 
230 230 283 415 415 
56 148 148 
159 227 227 392 392 482 482 482 
87 87 150 150 150 370 370 370 408 408 408 
465 465 
467 467 
35 35 
212 212 
243 243 
85 160 160 348 348 
8 8 224 224 
76 80 215 215 215 317 317 317 319 349 349 354 354 384 398 413 418 429 429 434 434 449 455 455 467 481 
31 31 73 73 94 94 184 184 263 263 336 486 

96 314 314 314 398 398 413 413 
413 413 
314 354 354 
140 
42 42 323 323 
76 76 162 
42 321 321 359 359 
37 37 37 41 41 184 
72 153 153 153 244 358 358 503 
358 358 
15 15 
209 209 
81 81 165 165 223 223 261 261 
39 39 71 253 253 369 428 

407 407 
413 
264 385 385 385 413 413 
413 413 
315 486 
207 
184 
46 46 46 145 145 145 271 271 271 381 381 408 408 408 427 427 452 452 464 
182 
222 222 
239 239 
227 227 
69 69 173 173 236 236 447 
52 52 184 184 
27 47 47 76 76 459 
67 281 298 298 421 421 506 
312 312 
314 314 481 
8 8 196 196 224 224 
236 236 432 432 
274 402 
76 456 456 
5 5 31 31 31 41 41 76 76 151 151 184 256 256 256 271 271 273 273 314 314 319 319 411 450 450 462 490 502 502 502 508 
12 12 184 184 202 202 
236 236 267 267 
367 367 431 496 
38 72 72 90 90 90 141 244 325 325 326 326 466 503 503 503 503 503 
61 81 81 323 323 
76 76 76 
76 76 228 
193 413 413 
499 499 499 499 499 
118 118 152 152 262 292 292 410 
415 415 
184 
114 357 357 496 496 496 

62 62 330 
306 306 306 
68 
106 190 190 190 
196 
154 250 271 271 408 417 417 
233 271 
222 222 
225 458 
140 140 140 140 
103 103 146 146 
134 
46 46 133 133 133 139 139 339 339 395 395 395 
413 413 
63 415 415 432 463 463 
152 314 449 
334 334 334 413 413 
86 86 198 198 198 
124 124 
487 487 
81 82 130 497 
17 17 
271 271 271 
227 257 257 305 305 
225 225 
81 495 495 495 
0 0 0 46 381 381 381 
184 184 
58 58 294 294 
314 317 317 
41 41 294 492 492 
5 5 50 50 
271 271 
39 39 219 219 274 352 
427 427 
6 6 92 182 182 
39 206 206 206 239 239 

175 332 332 
26 26 87 87 150 158 248 271 293 294 297 306 306 306 339 339 339 374 437 437 437 470 470 470 
184 
292 364 
354 
271 271 271 
35 35 45 74 76 77 77 92 119 119 128 141 155 161 161 161 167 174 175 175 175 193 193 193 196 196 220 222 222 222 243 251 251 251 286 286 299 314 317 317 318 318 333 334 334 335 335 362 362 382 382 385 385 439 439 448 448 455 455 494 494 500 500 500 
22 22 108 
37 57 116 129 177 184 184 184 201 230 236 236 277 283 283 283 303 303 365 365 383 383 432 432 432 463 
65 
250 250 250 250 374 374 
80 80 95 314 
225 225 
98 441 441 
281 347 347 
196 196 196 
76 76 
243 
103 296 296 
184 184 184 260 291 291 
271 271 271 282 339 339 403 403 
20 20 159 159 330 
314 314 
62 62 
279 357 496 
236 351 351 383 415 415 415 460 460 
159 
314 314 

497 
408 408 408 
236 236 
45 45 161 161 413 413 
76 76 186 
1 1 5 98 98 98 420 420 
218 218 250 271 468 468 
255 255 
15 15 59 59 
41 41 
56 56 56 191 
344 
128 128 413 413 
280 314 384 467 467 
41 156 156 354 354 462 
184 184 184 
25 25 25 339 339 464 464 
271 
4 4 124 124 124 131 131 131 219 219 219 232 
17 17 314 314 413 413 
76 76 76 184 184 353 353 491 491 491 
41 
225 225 377 
346 
211 211 236 432 432 
22 22 22 497 497 
354 450 
63 63 75 383 383 415 
339 452 452 
307 307 
72 89 89 141 141 141 141 141 358 
215 280 308 308 314 449 449 
123 123 442 442 
159 
408 408 408 
101 101 170 170 195 267 
273 475 

29 56 
5 5 273 273 472 
10 10 100 240 240 496 496 
39 39 39 159 166 166 188 227 
76 76 207 207 242 
193 193 193 
127 127 290 
314 349 
305 305 305 
30 222 222 
116 184 184 
39 39 39 302 302 
31 120 315 336 489 
56 56 235 235 236 388 388 
184 
31 31 120 120 486 
51 184 184 354 
185 185 456 456 456 
399 399 
3 3 3 
243 243 413 413 
81 394 394 394 
100 197 240 240 240 265 265 357 367 367 367 431 476 476 
22 22 22 389 436 461 461 
160 160 160 
182 182 363 363 363 363 363 
413 413 413 
54 76 
134 134 134 271 271 271 271 354 354 354 
325 358 358 358 358 358 
5 5 88 
233 233 238 238 238 
347 
104 
86 86 86 354 
76 76 229 
159 
159 159 
