Nodes: 512, Edges: 1199
46 46 46 395 395 
225 225 225 441 441 
91 183 183 189 
271 493 493 
454 454 
18 18 18 18 48 50 50 50 88 88 184 184 184 225 225 273 279 354 400 441 441 475 475 504 504 508 508 508 
404 
233 271 271 271 
196 196 224 224 313 313 313 350 
271 
476 
264 264 264 
184 202 355 
76 
135 184 184 
182 182 327 327 444 444 444 
184 184 
390 455 455 455 
5 5 5 5 277 
104 104 
428 
31 31 31 
108 108 108 331 331 331 414 414 414 461 461 497 497 
171 171 290 290 
76 76 
452 452 452 452 
408 
76 346 346 346 
63 183 183 189 
474 
180 180 483 
21 21 21 172 172 184 315 315 354 486 486 486 489 489 489 
184 184 
67 67 67 192 

210 210 222 222 309 309 413 
106 106 106 
324 406 415 415 
89 89 358 
62 62 159 159 159 163 163 166 219 219 231 231 241 267 267 267 302 330 402 402 405 477 485 485 485 
236 236 236 249 249 249 
44 85 85 137 137 151 151 160 160 160 354 354 399 399 445 445 450 457 
321 323 323 
193 
41 
76 413 439 439 439 
0 0 0 64 339 339 381 381 381 395 
346 346 
5 
236 236 
5 5 5 

184 345 345 
225 225 
76 76 299 501 
195 195 195 236 
191 236 236 236 304 304 446 474 487 
415 415 
294 294 294 397 397 
444 444 
104 104 236 
81 81 359 359 
39 39 241 330 369 430 430 
28 383 383 383 463 
46 381 
193 416 416 
141 141 
33 33 33 192 281 281 281 347 
169 287 287 296 
236 236 252 344 344 344 
184 184 246 246 246 258 258 258 

325 358 358 466 
94 94 94 315 
413 413 413 
383 463 463 463 
13 24 24 27 45 54 54 78 78 107 109 109 186 196 196 199 199 207 207 208 208 208 228 229 229 242 245 292 299 299 314 322 328 328 328 346 354 360 360 456 456 456 478 478 509 509 
196 196 413 
76 76 
107 236 
314 314 314 418 
61 61 82 82 113 113 184 289 289 329 389 389 389 394 
81 81 121 121 143 143 143 329 329 389 389 389 
236 236 237 
85 85 312 348 348 
41 41 84 84 160 312 
198 198 198 386 386 508 508 
408 408 
5 5 504 504 
38 38 358 466 

2 
182 182 404 404 404 413 
236 236 236 
73 73 73 315 315 315 
418 418 418 
314 317 
290 290 
420 420 441 
450 
197 476 496 496 
140 140 195 195 195 
117 136 216 
379 379 425 425 
19 19 60 60 138 138 138 236 237 237 507 507 
106 184 184 190 
36 36 36 105 190 190 372 372 372 
76 79 
22 22 22 115 115 336 414 
76 76 199 199 
176 247 401 
182 
184 184 184 
81 81 
181 181 181 367 367 
108 108 
184 415 415 415 
102 125 125 125 135 136 184 184 236 
364 364 
122 122 413 
486 486 489 489 
82 82 
119 119 222 
468 468 468 
387 454 454 
117 117 117 136 170 
185 185 
480 
413 413 448 448 
236 
389 
240 240 240 240 454 
168 168 
381 381 381 
380 380 380 502 
14 117 
102 117 125 
41 41 
104 104 104 164 236 236 
381 381 
101 101 320 378 378 378 
66 66 358 358 413 413 466 466 
389 389 
82 82 82 217 217 217 
282 282 
339 339 339 
379 379 
173 236 236 236 
191 304 304 304 
250 250 250 
306 408 
41 41 354 354 
292 292 364 

374 374 
413 
450 450 
233 276 
194 271 408 408 
39 39 39 188 188 205 205 227 227 231 257 305 330 402 402 428 428 428 433 469 477 511 
41 41 41 85 272 272 312 312 498 498 498 
413 439 439 
322 
39 39 
138 300 300 
317 317 
39 477 477 477 
220 413 
132 132 413 
68 233 233 296 
125 471 
23 23 290 290 
31 31 
147 344 344 
222 335 413 
407 407 
110 247 247 
269 283 300 
183 183 
287 287 287 
30 30 222 
114 114 114 
15 15 92 92 111 220 340 363 404 413 413 499 
2 2 28 28 178 178 
5 5 5 12 14 14 16 16 31 32 32 52 70 70 81 105 105 112 112 112 116 117 117 213 213 236 236 246 246 258 258 267 267 279 284 289 289 289 291 292 307 307 315 324 324 324 338 345 354 354 355 366 366 409 409 409 415 415 415 451 451 451 465 465 484 488 490 
126 126 491 491 
76 245 245 440 440 
413 
159 159 477 510 
2 28 
105 106 106 372 372 
56 148 236 236 236 267 267 285 285 285 304 446 446 446 
33 67 236 236 281 
43 65 286 358 362 362 413 479 500 
158 
55 55 55 101 101 101 236 236 267 267 267 471 471 
8 8 76 76 77 77 200 350 373 422 
100 496 
86 86 86 386 386 
76 76 109 109 207 207 
196 
236 236 415 415 
12 355 355 355 
271 271 

159 159 
405 405 405 
76 76 199 199 337 337 478 478 
76 76 76 
328 328 
35 35 
460 
233 233 233 310 310 310 
184 184 
215 314 314 
214 314 314 314 467 467 
102 
143 143 143 
271 442 442 
39 39 274 402 454 
167 182 413 

35 35 122 174 180 314 341 341 376 376 413 413 483 483 
329 
8 8 313 313 313 350 350 350 
1 1 1 5 5 53 53 259 259 393 419 419 419 441 441 458 
292 292 292 
159 159 305 343 343 392 
76 245 245 
76 76 295 295 509 509 
236 236 275 275 415 
39 39 159 
454 454 
7 157 169 169 212 212 212 238 271 310 310 375 375 505 505 505 
503 503 
487 
40 40 40 49 49 55 56 56 56 60 69 69 79 83 83 93 93 93 104 117 129 138 138 147 147 147 184 184 191 191 191 192 192 195 195 201 201 230 230 237 267 267 275 278 278 283 283 344 344 356 415 415 432 438 438 438 
83 104 104 236 
233 505 
342 342 405 
131 131 131 131 476 496 
39 62 
76 478 
311 413 413 424 424 494 
325 325 325 358 358 
76 186 186 228 228 
70 70 70 184 184 
110 176 176 288 288 401 
408 
40 40 40 
149 149 149 374 374 417 417 417 417 442 442 
286 286 286 413 413 
69 
330 
283 283 415 
443 443 
354 
159 392 392 
70 70 70 184 184 
225 225 
426 
329 329 329 
364 410 410 
315 315 
11 11 11 334 334 334 
496 
271 271 
39 39 39 184 184 191 191 195 195 195 236 236 268 268 356 471 
267 267 
177 415 415 
286 
3 7 7 7 9 158 203 203 218 233 266 266 282 282 282 297 297 339 354 354 374 374 391 401 401 408 408 408 412 427 427 442 442 442 453 453 453 502 
160 160 
5 354 472 475 
219 402 
230 230 236 
157 
18 415 
236 236 
5 184 431 431 
308 449 449 467 
67 67 67 192 421 
144 144 271 271 271 427 427 427 
177 236 236 254 254 303 303 303 415 415 
184 
191 191 191 
193 251 251 251 270 413 413 
68 68 179 179 179 
247 247 
81 81 184 184 184 
23 23 97 97 171 171 480 480 
184 426 426 
76 152 152 184 226 226 226 364 364 
408 
58 58 58 408 408 
229 229 
68 169 425 425 
271 271 
347 347 
54 76 76 413 413 
164 164 177 

39 485 485 
283 283 283 415 415 
56 56 148 148 148 191 
159 227 392 392 482 482 
150 370 370 370 408 408 
184 184 354 396 396 465 
280 
35 35 
212 212 212 233 233 
243 
84 85 160 160 348 348 348 348 
8 8 8 224 224 224 
76 80 80 80 96 214 214 215 215 215 222 317 317 317 319 319 349 349 349 354 384 384 398 413 413 418 418 429 434 449 449 455 455 467 467 481 
31 31 73 94 94 94 184 263 263 336 336 486 486 
444 444 
96 165 165 314 314 314 398 
413 413 
314 314 
140 
42 323 323 
76 162 
42 42 321 321 359 359 
37 184 184 184 
72 244 244 244 
358 
15 15 
76 76 76 209 209 
81 82 82 223 261 261 261 
39 62 159 253 369 369 428 
22 22 22 
407 407 413 
413 413 
264 264 264 385 
174 413 413 
108 315 315 486 486 486 
207 207 
184 415 415 415 
46 46 145 145 145 271 381 381 408 408 427 427 452 452 464 464 470 470 
182 
222 222 
239 239 
227 227 
69 69 69 173 173 236 236 447 447 
52 52 184 
27 27 27 47 47 76 459 
67 298 298 421 421 421 506 506 
84 84 312 312 312 312 
314 314 314 481 481 
8 196 224 224 224 
432 432 
402 
456 456 
5 31 41 41 76 151 151 184 184 256 271 271 273 307 314 411 411 462 490 502 502 
12 184 202 202 202 
236 267 
367 431 431 496 
38 72 72 89 141 141 193 244 244 326 413 413 466 466 466 503 503 503 
61 61 323 323 
76 76 

193 193 413 
182 499 499 499 499 
118 118 152 262 292 292 410 410 
415 415 
184 184 
114 114 357 496 
401 
62 330 330 
306 306 306 

106 106 106 190 190 
196 
154 154 250 250 271 271 408 417 417 442 
233 233 
222 222 

140 140 140 
103 103 146 146 
134 134 134 
46 46 46 64 133 133 133 139 139 339 339 395 
413 413 
63 63 63 75 463 463 
314 314 449 449 449 
334 413 413 413 
86 86 198 198 
124 
487 
81 81 81 82 82 82 130 142 142 
17 
271 
227 257 257 305 305 
225 
81 495 495 
0 0 46 381 
307 307 
58 58 
314 317 
41 41 492 492 492 492 
5 
110 247 271 271 368 
39 39 159 159 219 274 352 405 405 
427 
6 92 92 92 182 
39 206 206 206 239 402 402 
37 
175 175 332 332 413 
26 87 87 150 158 158 248 271 271 271 293 294 294 306 306 339 339 374 412 412 437 470 470 
184 184 184 
262 262 364 364 
354 354 
271 408 408 
35 45 74 74 74 77 92 119 128 128 141 141 155 161 167 168 174 182 182 187 193 220 222 222 243 243 251 251 286 286 299 299 314 314 318 318 332 333 333 335 335 358 358 362 382 382 385 385 385 407 439 448 448 455 494 
22 22 22 108 
37 37 57 57 116 116 116 184 184 184 201 201 230 236 236 254 269 269 277 283 283 303 303 338 338 338 365 365 432 432 463 463 
65 65 
250 250 250 250 374 374 
80 95 95 95 314 314 
225 225 225 
98 98 441 441 441 
281 347 347 347 
196 

243 243 
103 103 296 296 
260 291 291 
271 271 282 282 282 339 339 403 
20 159 159 159 330 
314 
62 62 
279 279 357 357 
236 351 351 415 415 460 460 
159 
314 
449 

408 
236 236 236 
45 45 45 161 161 413 
186 186 
1 1 5 5 98 225 225 420 420 420 
218 218 250 250 271 271 271 374 468 468 468 
255 255 
15 15 15 59 59 316 316 
41 41 
56 191 191 191 
344 344 
128 128 413 413 
280 280 314 314 384 384 384 435 
41 99 156 156 
184 184 184 
25 25 25 25 339 339 
271 271 271 
4 4 124 124 131 219 232 232 
17 17 17 314 314 413 
76 76 76 353 353 491 491 
41 
225 
346 
211 432 432 
22 22 497 497 
354 
63 75 75 75 383 383 415 415 
339 339 
184 184 307 
72 89 141 141 358 358 358 
215 215 280 314 314 
123 123 123 442 442 442 
159 
339 339 408 408 
170 195 195 267 
273 

29 56 487 487 
5 5 273 
10 100 240 496 496 496 
39 159 166 166 166 188 
76 76 207 207 242 
193 
127 290 290 
314 349 349 
305 305 
30 222 222 
184 
39 39 39 302 302 
31 31 31 120 120 315 315 336 336 336 489 489 
56 235 388 474 474 
184 
31 31 31 120 120 486 486 
184 354 
185 185 456 456 
399 399 399 399 
3 3 
243 413 
394 394 
100 100 197 240 265 357 367 476 476 476 
22 22 461 461 
160 160 160 
182 363 363 363 363 
193 
54 
134 271 354 354 
234 234 358 358 358 
5 5 88 88 
233 233 233 238 
347 347 
104 104 
5 5 5 86 86 
76 76 229 229 
188 
159 
