Nodes: 512, Edges: 1199
46 46 395 395 
225 225 225 441 
111 183 189 189 
271 
454 
18 18 34 34 48 48 50 88 88 184 184 198 198 198 225 225 255 255 255 279 279 354 354 354 441 508 
404 404 404 
233 233 233 271 
224 224 224 313 350 350 
271 
476 

184 184 184 202 355 
76 
117 135 184 
182 182 182 327 444 444 
184 
455 
5 5 
104 104 
428 
31 31 
108 331 331 461 497 497 
171 171 290 290 

452 452 452 452 
158 408 408 
76 76 346 
63 178 178 183 

180 222 222 483 
21 21 172 172 184 184 184 315 315 354 354 354 486 489 

67 192 
5 5 
222 222 309 309 413 
106 106 
324 324 324 406 
89 89 89 358 
62 159 159 159 166 166 219 219 231 267 267 302 302 330 330 405 477 477 477 485 485 
192 192 236 236 
99 156 156 160 160 160 324 354 354 354 399 445 445 450 457 457 
321 321 321 323 323 
193 193 

76 76 413 439 
0 0 64 64 301 301 301 339 381 381 381 
346 346 346 
5 5 
236 236 
5 400 
490 490 490 
184 184 345 345 
225 
76 76 299 
195 236 236 
191 236 236 304 446 446 446 474 487 
415 415 415 
294 294 397 397 
444 444 444 
104 236 236 
81 359 359 
39 241 241 330 369 369 369 430 430 430 
28 383 383 463 463 463 
46 46 381 381 
193 413 
141 141 
33 192 192 192 281 281 
169 169 287 287 287 296 
252 344 344 
184 184 258 
330 330 330 
325 325 358 
315 315 
413 413 
383 463 463 
13 27 27 45 45 54 54 78 78 107 107 107 109 109 162 162 184 184 184 186 186 196 196 199 199 207 208 208 228 228 229 229 242 245 245 292 292 299 299 314 314 322 328 328 346 353 354 354 360 360 361 413 413 423 423 440 456 456 478 478 501 509 
119 119 119 196 
76 76 
236 
418 
61 82 82 82 113 113 184 261 261 289 289 329 329 329 359 389 389 394 394 495 495 
81 81 81 121 329 329 329 389 389 
236 236 
85 85 312 312 348 348 348 
84 84 160 160 312 312 312 
198 198 386 386 508 
408 408 
5 5 504 504 
38 38 38 128 358 466 
358 
189 
182 413 413 
236 236 236 236 236 
315 315 

314 314 317 
171 171 290 
420 420 441 
41 450 
476 496 
140 140 471 471 
117 117 216 216 
146 379 379 379 
19 19 60 138 236 237 237 507 507 
106 106 106 184 184 190 190 
36 36 105 105 105 190 372 372 372 
76 76 76 
22 115 336 414 
76 76 199 207 
176 247 401 401 
2 182 182 
184 184 
81 81 
181 181 360 367 367 
108 
184 184 415 415 
14 102 102 125 135 135 136 184 236 
364 364 
77 77 77 122 122 222 413 
486 489 
82 143 143 
119 119 222 222 
468 
387 454 454 
117 
185 473 491 
480 
89 413 413 448 
236 236 236 415 415 
389 389 
240 454 454 
168 168 

502 502 502 
14 117 117 
117 
184 184 
104 164 236 236 236 
381 381 
101 101 320 320 378 378 
66 66 358 358 413 413 466 466 
389 389 
121 121 217 
282 282 282 
339 
103 379 379 
236 
191 304 
250 250 250 
248 248 248 306 306 306 408 
354 354 354 
292 364 364 384 384 384 
325 
374 374 

41 41 450 
276 276 276 
26 194 408 408 
39 39 39 188 227 231 305 305 392 402 433 433 469 477 511 511 
41 41 41 85 85 272 272 312 312 498 
413 
76 76 

138 300 
317 317 317 
39 39 477 477 
220 413 413 
132 132 
68 68 233 296 
471 
23 23 97 97 290 
31 31 
344 
222 222 335 335 335 376 376 
407 413 413 413 
110 247 
283 300 415 415 
28 28 183 
287 287 287 
30 222 222 
114 114 
15 15 15 92 111 111 220 220 220 340 340 363 404 413 413 444 444 499 499 499 
2 28 178 
5 5 12 12 12 14 16 31 31 31 52 52 70 70 76 76 76 81 105 105 112 112 116 116 117 137 137 221 221 236 246 246 258 258 267 267 279 279 284 284 289 291 291 292 307 307 315 324 338 345 345 354 355 355 366 366 366 409 409 415 415 426 426 456 456 465 465 484 484 484 488 488 490 
126 491 491 
76 76 440 
413 
159 477 510 
2 2 91 404 
105 105 106 372 372 372 
56 148 236 236 236 267 285 304 446 446 446 
33 40 40 67 67 67 236 236 281 281 
43 43 65 286 286 358 358 362 362 362 413 413 413 479 479 500 500 
158 
55 267 267 267 471 471 
76 76 77 200 200 373 373 413 422 
496 
5 5 5 86 86 386 386 
76 76 109 
196 196 
236 236 
12 355 355 355 
271 271 
268 268 268 

405 405 
76 109 478 478 478 
76 76 


460 
233 233 310 310 310 

314 314 314 
314 467 
102 102 
143 
271 271 442 442 
39 39 232 232 402 454 454 
167 182 182 182 413 
184 184 
30 30 35 35 119 122 122 174 174 180 180 314 341 341 376 413 413 413 
329 329 
8 8 8 313 350 350 
1 1 1 5 5 53 259 377 393 419 419 441 441 441 458 458 458 
292 
159 305 305 343 392 392 477 477 477 
76 76 245 245 245 
76 76 295 509 
236 275 275 275 415 415 
39 159 
219 219 454 454 
7 7 7 169 212 212 238 271 271 296 296 310 374 375 375 375 505 
503 503 
487 
40 40 49 49 55 55 56 56 60 60 79 83 83 93 93 93 93 93 104 117 129 129 129 138 138 138 147 184 191 191 191 192 192 201 201 230 237 237 267 275 278 278 278 283 283 283 344 415 415 415 432 438 487 487 
104 104 236 236 
233 505 505 505 505 
342 342 405 
131 496 496 
62 62 
76 478 
311 311 413 424 424 494 494 
325 325 358 358 358 
76 76 228 228 228 
184 184 
110 176 288 288 401 401 
150 150 150 293 408 408 

149 149 149 374 374 417 417 417 
270 286 286 
69 
330 330 
277 283 415 
5 5 5 443 443 
354 354 354 391 
392 392 392 392 
70 184 184 409 
225 

81 81 329 
364 364 364 410 410 
315 
334 334 
496 
271 
39 39 184 184 191 195 195 195 236 356 356 471 
204 204 204 
415 415 
251 286 
3 7 9 203 203 218 218 233 233 266 282 282 287 287 297 297 327 339 354 354 374 375 391 391 401 401 401 408 408 408 412 427 427 442 442 442 453 502 502 502 502 
160 160 
354 472 475 
352 402 
230 230 230 236 
157 157 157 
254 415 
236 236 236 
5 5 184 184 431 431 431 
308 308 449 449 467 
67 67 192 192 298 298 347 347 421 421 421 
144 144 144 271 271 427 
177 236 236 236 254 303 303 415 415 415 
184 184 
191 
193 193 251 251 270 413 413 413 
68 68 68 179 179 179 271 271 
247 247 
81 81 184 
23 23 97 171 480 
184 184 426 426 426 
76 76 152 184 226 364 364 410 410 410 
248 408 
58 58 397 397 399 408 408 
229 
68 169 233 233 425 
271 271 408 
281 281 347 347 347 
54 76 76 413 
164 177 
46 46 46 
39 39 485 485 
283 283 415 415 
56 148 191 
159 159 227 227 482 482 
150 150 150 370 370 370 370 408 
184 184 354 354 396 462 
280 280 467 467 
35 35 
212 212 212 233 
243 243 
84 84 85 85 85 160 160 348 348 
8 224 
76 76 96 96 214 214 214 215 222 317 317 319 319 349 349 413 413 418 418 434 434 449 449 449 455 455 467 467 467 481 481 481 
31 31 73 73 94 94 184 263 336 486 486 486 
444 444 444 
96 165 165 165 314 314 398 398 413 413 
413 
314 314 
140 140 
42 42 42 323 323 
76 
42 42 321 321 359 359 359 
37 37 37 41 184 
72 72 153 244 244 358 358 503 503 503 
358 
15 271 
76 76 
81 81 81 82 82 82 223 223 261 
39 39 62 71 71 71 253 253 369 369 428 
22 22 
407 407 413 
413 413 
264 264 
174 174 174 413 
108 315 486 

184 415 
46 145 271 381 381 408 408 427 452 452 464 464 464 470 470 
182 182 
222 222 
239 239 
227 
69 69 173 236 447 447 
52 52 184 184 
27 47 47 47 76 459 
281 281 298 298 298 421 421 421 
84 84 84 312 312 
314 314 
8 8 224 224 
432 
274 402 402 
76 456 
5 5 5 31 31 31 41 41 41 76 76 151 151 151 184 256 256 256 271 271 273 307 307 411 462 490 502 502 508 508 508 
12 184 184 202 202 202 
267 267 
367 367 431 496 496 
38 72 89 90 141 141 193 193 244 244 244 325 325 326 413 466 503 503 503 503 
61 61 81 323 323 323 
76 76 114 
76 
193 193 193 413 
182 499 499 499 499 
118 118 152 152 262 262 262 292 292 410 
415 415 
184 184 184 
114 114 357 357 496 496 496 
401 401 
62 62 62 330 330 
306 306 306 306 

106 106 106 190 190 190 
196 196 
154 154 233 250 250 271 408 417 442 442 442 
233 233 233 271 
174 174 222 
225 458 
140 140 
103 103 103 146 146 

46 46 46 64 64 139 139 339 339 395 395 408 
413 
63 63 75 415 432 463 
152 152 152 
413 
86 86 198 198 
124 
487 
81 81 82 82 130 130 142 142 497 497 

256 271 271 
159 227 227 257 257 257 257 
225 
81 81 
0 0 381 381 
307 
58 58 294 294 
317 317 
41 294 492 492 
50 
110 110 247 247 271 271 271 368 368 
159 219 274 352 352 405 405 

6 6 6 182 189 
39 206 206 239 402 402 
37 
175 332 332 413 413 
26 26 87 87 150 158 158 248 248 271 271 271 293 294 294 297 306 339 339 374 381 412 437 437 470 
184 184 258 
262 262 292 292 292 364 
354 
271 408 
35 45 65 74 74 76 76 92 92 119 128 128 141 141 161 167 167 175 175 175 182 182 187 193 193 193 196 220 222 222 222 243 286 286 286 299 314 314 317 317 318 332 333 333 335 358 362 382 385 407 407 439 439 439 448 448 455 494 494 494 500 
108 
57 57 57 116 116 129 129 177 177 184 184 230 230 236 236 236 254 269 269 277 283 283 283 303 303 338 365 365 383 432 432 

250 250 250 374 
80 314 314 
225 225 
98 98 441 441 441 
281 281 281 347 347 347 
196 
76 76 
243 243 
296 
184 184 291 291 291 
271 271 282 339 
20 330 

62 62 62 
279 279 279 357 496 
236 351 383 415 415 460 460 
159 159 
314 314 
449 

408 408 
236 
45 413 413 413 
76 186 
1 5 98 225 225 225 420 420 420 
218 218 271 271 271 374 374 374 468 
255 255 
15 15 59 59 59 182 182 316 316 316 
41 41 
56 56 56 191 191 191 
344 344 
128 413 413 
280 280 314 314 314 435 
41 99 156 

25 25 25 25 339 339 464 464 
271 
4 124 124 131 131 219 219 232 232 
17 314 314 413 
76 76 184 184 353 491 
41 41 
225 225 225 377 
346 
211 432 432 
22 497 497 
307 354 
63 63 63 75 75 383 
339 339 339 452 452 
184 184 
89 141 141 358 
215 280 308 308 314 314 314 
123 442 
159 
339 339 408 
101 101 170 195 195 267 
273 475 
126 
56 
273 472 
10 100 496 496 
39 39 39 159 166 166 188 227 227 227 
76 76 207 207 207 242 
193 193 
127 290 
314 314 314 
305 305 
30 
184 184 184 
39 39 302 302 
31 120 315 315 315 336 489 489 
56 235 236 236 388 
184 184 
31 120 486 486 
51 51 51 184 354 
126 185 185 456 
399 399 

243 243 413 413 413 
81 81 
100 197 240 240 265 357 357 367 367 367 431 476 476 
22 22 389 389 461 461 
160 
182 182 182 363 363 363 363 
193 193 413 
76 
134 134 134 271 271 271 271 354 354 
234 234 325 325 325 358 358 358 358 
88 88 
233 238 238 238 238 

104 104 
5 86 354 354 354 
76 229 
188 
159 159 
