Nodes: 512, Edges: 1199
46 46 46 46 395 395 
225 225 441 
91 111 
271 493 493 493 
454 454 454 
18 18 18 34 48 48 50 50 88 88 184 198 225 255 273 273 279 354 400 441 441 475 475 504 508 508 
404 404 404 
233 271 
196 196 196 224 224 224 313 313 313 350 350 350 
271 

264 264 
184 184 355 
76 76 
117 117 117 135 
327 327 327 444 444 
184 184 
390 390 455 
5 5 5 
104 104 104 
428 428 
31 31 31 
108 108 108 108 108 115 331 414 414 461 461 497 497 
171 290 290 
76 76 
452 
158 408 408 
76 76 346 346 
63 63 178 183 183 189 

180 222 222 222 483 483 483 
21 21 21 172 184 184 315 354 486 486 486 489 489 
184 184 
67 67 192 192 192 
5 
210 210 222 222 309 413 
106 
324 324 324 406 
89 89 358 
62 159 159 163 166 219 267 267 267 302 302 330 330 402 402 405 477 477 485 
192 192 249 249 
44 85 85 99 137 160 184 324 354 354 399 399 445 445 450 450 457 457 
323 
193 
41 
76 413 413 439 
0 0 0 0 64 64 301 339 381 381 395 
346 346 
5 5 
236 
5 5 400 400 

184 184 184 
225 
76 76 76 299 501 
195 195 236 
236 474 487 487 

294 294 397 397 
444 
236 
81 
39 241 330 330 369 430 430 
28 28 463 463 
46 46 381 381 
193 413 
141 141 
33 33 192 192 281 347 
169 169 287 287 287 296 296 371 
236 236 344 344 
184 246 246 258 258 258 
330 330 
325 325 325 358 466 
94 94 315 315 
413 
383 383 463 463 
13 13 24 24 27 27 45 54 54 54 78 78 107 109 109 109 162 162 186 186 196 199 199 199 207 208 229 242 242 242 245 245 245 299 299 314 322 322 322 328 328 346 346 346 353 413 413 423 440 478 478 501 501 509 509 
119 119 119 119 413 413 
76 76 
236 
418 418 
61 82 82 113 184 261 261 289 289 329 329 359 359 359 389 389 389 394 394 394 495 
81 81 121 142 142 143 143 329 389 389 
237 237 237 
85 85 85 312 312 348 
41 41 84 84 84 160 160 312 312 
198 198 198 198 386 
408 408 408 
5 5 504 504 504 
38 38 358 466 466 
358 358 
2 
182 182 404 413 
236 236 
73 73 315 
418 
314 
171 171 290 
420 441 
41 256 
197 476 476 
195 471 471 
117 136 216 216 
146 379 379 425 
19 19 19 138 236 507 507 
106 106 184 190 190 190 
36 105 105 190 190 190 372 372 
76 
22 22 22 22 22 115 115 414 
76 76 76 199 199 199 207 
247 401 401 
2 182 182 
184 184 
81 
181 181 181 181 367 367 367 
22 108 108 389 
415 415 415 
14 14 14 102 125 135 136 136 236 236 
364 364 364 
77 77 77 77 122 122 222 
486 486 489 489 
82 143 143 
119 119 
468 
387 387 454 454 
117 136 136 
185 473 491 
480 480 
413 413 448 
236 415 415 415 
389 
240 240 240 454 
168 
381 381 
380 380 502 502 502 
14 117 
102 117 117 125 125 
41 
104 164 236 
381 381 
320 378 378 378 378 
66 66 358 358 413 413 466 466 466 
82 82 389 389 389 
82 82 121 121 217 217 217 
282 
339 
103 379 379 
236 236 
191 304 304 
250 250 
248 248 306 306 306 
354 
292 364 364 
325 
374 
413 
450 
276 
26 194 194 271 271 408 
39 39 188 188 188 188 205 227 227 227 231 231 305 305 330 330 392 402 402 428 433 433 469 469 477 477 510 511 511 511 
41 85 85 312 498 498 
413 413 439 439 439 
76 76 322 
39 
138 300 300 300 
317 
39 
220 220 413 
132 413 
68 68 233 
471 
23 97 97 290 290 
31 
344 
222 335 376 376 376 413 
407 
247 
269 283 300 415 
28 183 183 
287 287 287 287 
30 222 222 
114 114 114 114 
92 92 111 111 220 220 340 404 404 413 413 499 499 
28 28 178 178 
5 12 12 16 16 31 31 32 32 41 52 52 52 70 81 105 112 112 213 213 213 221 221 236 246 246 246 258 267 267 279 279 284 289 289 289 291 291 292 292 292 324 324 338 345 354 354 355 355 396 409 409 415 415 415 426 426 451 451 451 456 465 465 484 484 490 
126 491 491 
76 76 245 245 
413 
159 159 159 159 477 477 
28 
105 105 105 106 106 106 372 372 
148 236 236 267 268 268 285 304 304 304 446 
33 33 33 40 40 67 67 236 236 236 281 281 
43 65 286 286 358 362 362 479 500 500 
158 158 
55 55 101 236 236 267 267 267 471 471 
8 8 8 76 200 200 290 290 290 350 350 350 373 373 413 
100 
5 86 86 86 86 386 
76 76 76 109 109 109 207 207 
196 196 
415 

271 
267 268 268 
159 
405 405 
76 109 199 199 478 
76 
328 328 328 
35 35 

233 233 310 310 310 
184 184 184 
215 314 314 314 
214 314 314 314 
102 102 
143 143 143 
271 442 
39 232 274 274 402 402 454 
167 167 182 182 413 413 
184 184 
30 30 30 35 35 119 174 180 180 341 341 413 413 483 
329 
8 8 8 313 350 350 350 
1 1 5 53 259 259 377 393 393 419 441 441 458 458 
292 292 
159 159 159 305 305 343 392 477 477 
245 361 
76 295 295 509 509 
236 236 275 303 415 415 
159 159 
219 
7 169 212 212 271 271 271 296 310 505 
503 
487 487 
49 55 56 60 69 69 79 93 93 104 117 117 129 138 147 147 184 191 191 192 192 192 195 195 230 230 237 267 267 267 278 278 283 283 344 344 356 415 432 432 432 438 438 460 460 487 487 
83 83 83 236 
505 505 505 505 
342 342 
131 131 131 476 496 496 
62 
76 76 76 
311 311 311 413 424 424 494 494 
325 358 
76 76 76 186 186 228 
70 70 184 184 184 
110 176 288 288 
150 150 293 408 
40 40 
149 149 374 417 417 417 417 442 442 
270 286 286 413 413 

330 330 
277 415 415 415 
5 443 443 443 443 443 
99 273 273 354 354 354 391 
392 392 
70 70 70 184 
225 225 
426 
81 81 329 
364 364 410 410 410 
315 
11 11 334 334 
496 
271 
39 39 39 184 184 191 195 195 195 204 236 236 236 268 356 356 471 
191 191 204 204 267 
177 415 415 415 
251 286 
3 7 9 158 158 203 218 233 233 233 266 287 287 339 339 339 354 375 375 375 391 401 401 408 408 412 427 427 442 502 

5 5 256 256 354 354 472 472 472 475 475 
219 219 352 402 
230 
157 
254 
236 236 
5 184 184 431 431 431 431 
308 449 449 449 467 
67 192 192 298 298 298 347 421 
144 427 427 427 
177 236 236 303 415 415 
184 
191 
193 193 251 251 270 413 413 
68 68 68 179 179 179 179 271 271 
247 247 
81 81 184 184 184 
23 23 97 171 171 196 196 196 480 480 
184 184 426 
152 184 184 184 226 226 364 364 410 410 
248 
58 58 397 397 408 408 
229 229 
68 68 233 425 425 
408 
281 281 281 347 
54 76 76 413 413 413 
164 164 164 177 
46 464 
39 39 485 
230 283 415 
148 148 191 191 191 
159 159 227 227 482 
150 150 150 370 370 370 408 408 
354 396 396 465 465 
280 467 467 
35 
212 212 212 233 
243 243 243 
84 84 85 85 160 348 
8 8 8 224 
76 96 214 214 214 215 215 215 317 349 349 384 384 384 413 413 413 418 418 429 429 434 434 449 467 
31 73 73 94 263 486 486 
444 444 
165 314 398 413 413 413 
413 413 413 
354 
140 
323 323 
76 76 76 162 
42 321 321 359 
37 37 37 41 184 184 
72 72 72 153 244 503 503 
358 358 
15 15 15 
76 76 209 209 209 
81 81 82 223 261 
39 39 62 62 71 71 159 159 253 253 369 369 428 428 
22 

413 413 
264 264 385 385 
174 413 413 413 
486 486 486 

184 
46 145 271 271 271 381 381 381 408 427 427 452 452 464 464 470 470 470 
182 
222 222 
239 239 
227 
69 69 173 236 236 447 447 
184 
27 27 47 47 76 76 76 459 459 459 
67 281 298 421 506 506 506 
84 312 
314 314 481 481 
8 8 8 196 196 196 224 224 224 
432 432 
274 402 
76 
5 31 41 41 151 184 184 256 256 256 271 273 273 307 319 411 411 411 450 450 450 462 490 502 502 502 508 
12 184 184 
236 267 267 
367 367 431 496 496 
38 72 89 90 90 141 141 193 244 326 326 413 413 466 466 466 503 503 503 
81 81 81 323 

228 
193 193 413 413 
499 499 499 
118 118 118 152 152 262 262 292 292 410 410 
415 

114 114 114 357 357 496 496 
401 
62 330 330 
306 306 306 
68 
106 106 190 190 
196 196 
154 250 408 408 417 417 442 442 
271 271 271 
174 174 174 
225 
140 140 140 140 
103 103 146 146 
134 134 
46 46 64 64 133 133 139 139 339 339 339 408 

75 75 415 415 432 
314 314 314 
334 334 413 
86 198 
124 124 
487 487 
81 81 81 82 82 115 130 142 142 142 497 
17 17 
256 271 
159 227 257 257 
225 225 
81 81 81 
0 0 46 
184 307 307 
58 58 294 294 
317 
41 41 492 492 
5 50 50 
110 110 271 271 368 
39 39 159 159 219 219 274 352 405 
427 427 427 
6 6 6 92 182 182 
39 206 206 402 
37 
175 413 413 
26 26 87 87 87 158 248 271 271 294 294 297 306 306 339 374 374 381 412 412 412 437 437 437 470 
184 184 
262 262 262 292 292 364 364 
354 354 354 
271 408 408 408 
35 45 45 65 74 76 76 77 77 92 128 128 141 141 155 161 161 167 168 174 182 182 187 196 220 220 222 222 243 251 251 286 286 299 299 299 314 314 314 317 317 317 318 318 318 333 333 335 335 335 358 358 362 362 385 407 407 439 439 439 448 455 494 494 500 500 
22 22 108 
116 116 116 129 129 129 177 184 184 184 201 230 230 236 254 254 254 269 269 269 283 283 303 365 383 383 432 432 463 

250 250 250 250 374 374 
80 80 95 314 314 
225 
98 441 441 441 441 
281 347 

76 
243 243 
103 296 296 
184 184 260 291 
271 271 282 282 282 339 339 403 403 403 
20 20 159 330 330 
314 314 
62 62 
279 279 279 279 357 496 496 
236 236 236 351 351 383 415 415 
159 159 
314 314 

497 
408 408 408 
236 236 
45 161 161 161 413 413 413 
76 
1 5 5 98 225 225 420 420 420 420 
218 250 250 271 374 374 468 
255 255 255 255 255 
15 15 59 316 316 
41 41 
191 
344 344 
128 413 
280 280 280 314 467 
41 41 156 354 354 354 462 462 
184 184 184 
25 339 339 464 464 464 

4 4 4 124 124 131 219 
17 413 
184 491 491 491 
41 41 
225 225 
346 346 346 
236 236 
22 22 497 497 497 
354 450 450 
63 63 75 75 415 
301 339 339 452 452 452 
184 184 307 307 
72 89 89 141 141 141 358 358 358 
280 308 308 314 449 
123 442 
159 159 
339 339 339 408 
101 101 170 195 195 267 
273 273 273 475 
126 
56 487 487 
5 5 273 273 472 
100 100 240 496 
39 39 159 159 188 188 227 227 
76 76 207 
193 
127 127 290 290 
349 349 
305 
30 30 30 222 
184 184 
39 302 
31 31 31 120 120 315 315 336 336 336 489 489 
56 56 235 235 236 236 388 388 474 474 

31 31 120 120 486 486 
184 354 
126 185 185 456 456 456 
399 399 
3 3 3 
243 243 413 413 
81 
240 240 265 357 357 367 367 431 431 476 
22 22 389 436 461 461 461 
160 160 
182 182 363 363 363 
193 193 413 413 
54 76 76 
134 134 134 271 354 354 354 
234 325 325 358 358 358 
5 88 88 88 
233 238 238 238 238 
347 347 347 
104 104 
5 5 354 
76 76 229 229 
159 
159 159 159 
