Nodes: 512, Edges: 1199
46 46 395 395 395 395 395 
225 225 225 225 441 441 
91 183 189 189 
271 271 493 493 
454 454 
18 18 18 34 34 48 48 50 88 88 184 184 198 225 255 255 255 273 273 279 279 354 354 354 400 441 475 504 508 508 
404 404 
233 233 233 271 271 
196 224 313 313 350 
271 
476 476 
264 
184 202 355 355 
76 
117 135 184 
182 182 
184 
390 390 455 455 
5 5 5 277 277 277 
104 
428 428 
31 31 
108 108 115 331 331 414 414 414 461 461 497 497 
290 290 
76 76 76 
452 452 
158 158 408 
76 76 76 
63 63 63 178 178 178 183 189 
474 
180 222 483 
21 21 172 172 172 184 184 315 315 354 354 486 486 489 
184 184 
67 192 192 
5 5 
210 210 222 413 413 
106 
406 415 415 
89 89 358 
62 159 159 163 163 166 166 219 241 267 267 302 330 330 330 402 402 405 477 477 477 485 485 485 
192 192 236 236 236 249 
44 85 99 137 151 156 156 160 184 324 354 354 399 399 457 457 
321 321 323 
193 193 193 
41 
76 413 413 439 
0 0 64 301 301 339 381 381 395 
346 
5 5 
236 236 236 
5 400 400 
490 
184 345 345 
393 
76 299 501 
195 195 236 
104 191 236 236 304 304 446 474 474 487 487 
415 
397 397 
444 444 
104 104 236 236 
81 81 359 359 
39 330 330 330 430 430 
28 28 28 383 463 
46 381 381 
193 193 413 416 416 

33 192 192 347 347 
287 287 287 371 371 
236 236 252 344 
184 246 258 
330 330 330 
325 325 358 358 466 466 466 
94 315 315 315 
413 413 
383 463 
13 24 24 24 27 27 27 45 54 78 107 109 109 162 162 184 184 186 196 199 207 207 207 208 208 228 228 229 242 242 245 299 322 328 328 346 353 353 360 360 360 413 423 423 440 440 456 456 456 478 478 501 509 509 
119 119 119 196 196 196 413 
76 
236 
314 418 
61 61 82 113 113 113 261 261 329 329 359 359 389 389 394 394 495 495 
81 121 121 143 143 
236 236 
85 85 312 312 312 348 
41 84 84 160 160 160 312 312 
198 198 386 386 508 508 508 
306 408 408 408 
5 5 504 504 504 
38 38 358 466 466 
358 
2 189 
404 404 413 
236 236 
73 
418 418 
314 317 
171 171 171 290 290 

41 
197 476 476 496 
140 195 195 195 471 471 
117 117 136 136 136 216 216 216 
146 146 146 379 379 379 425 425 425 
19 56 60 60 138 138 138 236 237 237 507 
106 106 184 184 184 190 190 190 
36 105 105 190 190 372 372 372 
76 
22 22 115 115 115 414 414 
76 76 199 199 199 
176 247 401 
182 

81 81 81 
181 181 367 367 
22 108 108 108 
184 184 415 
14 102 102 125 125 135 135 136 136 184 184 184 236 236 
364 
77 77 77 222 222 413 
486 
82 82 143 
222 222 

387 387 454 454 
117 117 136 
185 185 185 491 491 
480 
448 
236 
389 389 389 
240 454 454 454 

381 381 
502 502 502 502 
14 117 117 
102 102 102 117 117 125 
41 184 184 
104 104 104 236 236 

101 320 378 378 378 
413 413 466 
389 389 389 
82 82 121 
282 282 
339 
103 103 103 379 379 
173 236 
191 191 304 304 
250 250 
248 306 306 306 408 
41 354 
292 

374 
413 413 
41 41 450 
233 276 276 
26 26 271 271 408 
39 39 188 188 205 205 227 231 305 330 392 433 433 469 469 477 477 477 511 
41 85 85 85 272 272 312 312 
413 413 439 439 
76 76 322 322 
39 39 
300 300 300 
317 317 317 
39 39 477 
220 220 220 413 413 
413 
233 296 
471 
97 97 97 290 290 
31 31 31 
147 344 
222 335 335 376 413 413 413 
413 413 
110 
269 283 283 300 300 
28 28 28 183 183 

30 222 222 
114 114 
15 15 111 220 340 363 404 413 444 499 
2 28 178 178 
5 5 12 14 16 31 31 32 32 41 52 70 76 76 105 105 105 116 116 117 117 117 137 137 213 213 221 221 236 236 236 246 258 267 279 279 284 284 289 291 292 292 292 315 324 338 338 345 345 354 354 354 355 355 355 396 409 409 409 409 415 415 415 426 426 426 465 465 484 488 488 490 490 
126 126 126 491 491 
76 245 440 440 
413 413 
159 159 
2 2 28 91 
105 105 105 106 106 372 372 
56 148 148 236 236 267 267 285 285 304 304 446 
33 33 40 40 67 67 236 236 236 281 281 
43 43 43 65 65 286 286 286 358 358 362 362 413 479 500 

55 55 101 101 101 236 267 267 471 
8 76 77 77 77 200 290 290 290 350 350 373 413 413 422 422 
100 496 496 
5 86 86 
76 109 109 109 207 
196 
415 
12 355 355 
271 
267 267 267 
159 159 
405 405 
76 76 76 199 337 337 478 
76 76 
328 328 328 
35 35 
460 460 
233 233 233 310 
184 184 
215 314 
214 314 314 467 
102 102 102 

271 442 442 
39 232 274 274 402 454 
167 167 167 182 413 
184 184 
30 35 119 119 122 122 174 180 180 268 268 314 341 341 376 376 413 413 483 483 
329 329 329 
8 313 313 350 
1 1 1 1 5 259 259 377 377 377 393 393 419 441 441 458 458 
292 292 292 
159 305 305 343 343 392 477 477 477 
76 76 245 
76 295 295 509 509 
236 275 415 
159 
219 454 454 
7 7 7 157 169 212 212 212 238 271 296 296 310 310 310 374 375 505 505 505 505 
503 
487 
40 40 40 49 49 49 55 56 56 60 60 69 69 79 83 83 93 93 104 117 117 129 138 138 147 184 184 184 191 191 192 192 192 195 230 237 237 237 267 267 267 275 278 278 278 283 283 344 351 351 356 356 415 415 432 438 460 487 
104 104 236 236 236 
233 
342 342 
131 476 496 
39 
76 76 478 
311 311 413 413 413 424 424 494 494 
325 325 358 
76 186 228 
70 184 
110 401 401 
150 408 408 
40 
149 149 374 374 417 417 417 442 442 

69 
330 
277 277 415 415 415 
5 5 5 443 443 443 443 
273 273 354 
392 392 
70 184 409 
225 225 
426 
81 81 
364 364 410 489 

11 334 334 334 
496 496 
271 271 271 
39 39 184 191 191 195 195 204 204 204 236 236 236 356 471 471 471 
222 222 
177 
286 
3 3 7 7 9 158 158 203 218 233 266 266 266 282 287 287 297 327 374 374 374 375 375 375 401 408 408 412 412 427 427 427 442 453 502 502 502 
160 160 
5 5 256 256 354 354 354 472 475 475 
219 219 352 
230 236 
157 157 
18 18 18 254 254 415 
236 236 236 
5 5 184 184 431 431 
308 449 449 467 467 467 
192 192 298 347 421 421 421 
144 144 271 427 427 
177 177 236 236 303 303 303 344 344 344 415 415 415 
184 184 
191 191 
193 193 193 270 413 
68 68 68 271 271 

184 
23 23 97 97 171 171 196 196 196 480 480 
184 426 
152 184 184 184 226 226 226 364 410 410 
408 
397 397 408 408 
229 229 
169 233 233 
271 408 408 
281 347 
54 76 413 
164 164 164 177 177 
46 46 
39 485 
283 283 283 
56 56 148 148 191 191 
159 227 227 392 482 482 
87 150 150 150 370 
462 465 
280 467 

212 233 233 233 
243 243 
84 84 84 85 85 160 160 348 348 
8 8 224 224 
80 96 214 215 215 222 317 349 349 349 384 413 418 429 434 434 449 449 467 481 481 
31 31 73 73 73 184 336 336 486 486 
444 
96 165 165 165 314 398 398 413 413 413 
413 413 
354 354 
140 
42 42 323 323 
76 162 162 
42 321 321 359 359 
41 184 
72 72 244 244 
358 358 
271 
76 76 209 209 209 
81 81 223 223 223 
39 39 39 62 62 62 71 71 71 159 253 369 369 428 428 
22 22 
407 407 413 
413 
264 264 264 385 385 385 413 
174 174 413 
315 315 486 486 
207 207 
184 184 415 415 
46 145 381 381 408 427 427 427 452 452 452 464 464 464 470 470 470 
182 
222 222 
239 239 
227 227 
69 173 236 283 283 283 447 447 447 
52 52 184 184 
47 76 
67 67 281 298 
84 312 312 
314 314 314 481 481 
8 196 196 224 
236 236 
274 402 402 402 
76 76 456 456 
5 5 5 31 31 41 41 151 184 184 184 256 273 273 273 319 319 411 411 450 450 462 490 490 490 502 502 502 508 508 
12 12 184 184 184 202 202 
236 236 267 
367 367 367 496 496 
38 72 72 89 90 193 193 244 326 326 413 466 466 466 
61 61 81 81 323 323 
76 76 76 

193 193 413 413 
182 499 
118 262 262 292 410 410 
415 

114 114 357 357 357 496 496 
401 401 
330 330 
306 
68 68 
106 106 106 190 190 
196 
154 233 250 250 271 271 271 408 408 408 442 
233 271 271 271 
174 222 222 
225 225 225 458 
140 140 140 
103 103 103 146 146 

46 46 64 64 133 133 339 339 395 395 408 
413 413 
63 75 415 463 463 
314 449 
334 334 334 413 413 413 
86 86 
124 124 
487 
81 81 130 130 130 142 142 142 
17 17 

159 227 257 257 305 
53 225 225 
81 81 495 
0 0 0 0 0 46 381 381 
184 
58 58 294 294 
317 317 
41 41 492 
5 50 50 
110 247 247 271 368 368 
39 39 219 352 352 352 405 405 405 
427 427 
6 6 92 92 182 
39 206 206 402 402 402 
37 
332 332 413 
26 87 87 87 150 158 248 248 271 271 293 294 294 297 297 339 374 374 374 381 412 470 
184 184 184 184 258 
262 292 292 364 364 
354 354 
271 271 408 
35 35 45 45 65 74 74 76 77 92 119 141 141 155 155 161 161 167 167 168 174 174 174 175 175 182 187 187 193 196 196 220 222 222 243 243 243 286 299 314 317 317 317 318 318 332 333 334 335 358 362 362 382 382 385 385 385 407 439 448 448 455 455 494 500 
22 22 22 108 108 
37 37 57 116 184 184 184 201 230 236 236 254 254 254 277 283 283 283 338 338 365 383 432 432 463 
65 65 
250 250 250 
80 95 95 314 
225 
441 441 441 441 
281 281 281 
196 196 
76 76 
243 243 
103 103 103 
184 184 184 260 291 
271 271 271 282 282 339 339 339 403 403 
20 20 330 330 
314 
62 62 
279 279 496 496 496 
236 415 415 460 
159 159 
314 314 
449 449 


236 
45 161 161 413 
76 76 186 186 
1 1 5 225 225 420 420 420 420 
218 218 250 250 271 374 468 468 
255 255 255 255 
59 59 182 316 

56 191 
344 344 344 
128 413 413 
280 280 314 314 384 435 435 467 
156 354 354 462 462 

25 25 339 339 339 464 464 464 
271 
4 4 124 124 131 131 131 219 232 232 
17 17 413 413 
76 76 76 353 353 491 
41 41 
225 225 377 

211 211 236 432 
22 22 497 497 497 
307 354 450 450 
63 75 383 383 415 
339 339 339 452 452 452 
184 184 307 
72 72 72 89 89 141 358 358 358 
215 280 280 280 308 314 449 
442 442 
159 159 
339 339 339 408 
101 101 170 195 267 267 267 
273 475 475 

29 56 56 487 487 487 
5 273 273 472 472 
10 10 100 100 240 496 
39 39 39 159 159 159 166 227 227 227 
76 76 207 242 
193 
127 290 290 
314 314 349 349 
305 305 
30 222 222 
184 
39 39 39 302 
31 31 120 315 315 336 336 
56 56 235 236 388 474 474 474 
184 184 
31 262 
51 184 184 354 354 354 
126 126 185 185 456 
399 
3 3 
243 243 413 
81 81 394 
100 197 197 240 265 265 357 357 367 367 431 431 431 476 
22 22 461 461 461 

182 363 
193 413 
54 76 
134 134 134 134 271 271 271 354 354 354 
234 
5 88 88 88 
233 233 233 233 

104 
5 5 86 86 86 354 354 
76 76 229 229 

159 
