Nodes: 512, Edges: 1199
46 46 46 64 395 395 
225 225 441 
91 91 111 111 183 183 183 189 
271 271 
454 
18 18 18 18 34 34 48 48 50 50 88 88 184 198 225 225 255 273 273 400 441 441 475 504 
404 404 
233 233 271 
196 224 313 350 350 
271 

264 264 264 
184 184 355 355 
76 76 
135 184 184 
182 182 327 327 444 444 
184 184 
455 455 
5 5 5 5 277 
104 
428 428 
31 
115 115 115 331 331 461 461 497 497 
171 290 290 

452 452 
158 158 408 
76 76 346 
63 111 178 183 189 
474 
180 222 222 483 483 
21 172 172 184 354 486 489 
184 184 
67 67 192 
5 5 
210 222 222 222 309 309 413 
106 
324 406 406 406 415 
89 89 358 
62 159 159 163 166 166 219 219 231 231 241 241 267 267 267 302 302 330 330 402 402 405 405 405 477 485 485 485 
192 192 236 236 249 
44 85 85 85 99 99 137 151 156 156 156 160 324 324 354 354 445 450 450 
323 
193 193 193 
41 
76 76 413 439 439 
0 0 0 301 301 301 339 381 381 381 
346 346 
5 5 
236 236 
5 5 400 

184 184 345 345 345 
393 
76 76 299 299 299 

191 191 236 304 304 446 474 474 
415 415 415 
294 294 397 
444 444 
104 
81 81 359 359 359 
39 241 241 241 330 330 330 369 369 430 430 430 
28 463 
0 381 381 381 
413 416 
141 141 
33 33 192 192 192 281 347 
169 169 287 287 287 296 371 
236 236 252 344 
184 184 246 

325 358 358 466 
94 94 315 315 
413 
383 383 383 463 463 
13 13 27 27 45 45 54 54 78 78 107 109 109 109 162 184 184 186 196 196 196 199 207 208 208 228 228 228 229 229 229 242 242 245 245 292 299 299 314 322 322 322 328 328 346 353 354 354 360 361 413 413 440 456 456 501 509 509 
119 119 196 413 
76 76 
236 236 
314 418 418 418 
61 61 82 82 82 113 113 184 184 261 289 359 389 394 495 495 
81 81 81 121 121 142 142 143 143 143 329 389 389 
236 236 237 
85 312 348 348 348 
41 41 41 84 160 312 
198 198 386 386 508 
306 306 408 408 
5 5 504 
38 38 128 358 358 
358 358 
2 2 
182 404 404 404 413 413 
236 236 236 
73 73 
418 
314 
171 290 

41 41 
197 476 476 
140 
117 136 136 493 
146 146 146 379 425 
19 60 138 236 237 237 237 507 507 
106 184 190 
36 105 190 190 372 
76 
115 414 
76 76 76 199 199 
176 176 176 247 401 
2 2 28 182 
184 184 
81 81 
181 367 367 
22 22 22 108 
184 415 484 
102 125 135 136 184 236 236 
364 
77 77 122 122 122 222 
486 486 486 489 
82 82 143 143 143 
119 119 119 222 
468 
387 454 454 
117 136 
473 491 491 
480 
89 413 413 413 448 448 
236 236 415 415 
389 
240 240 240 240 454 
168 

380 380 502 502 
14 117 
102 102 117 125 
41 184 
104 164 164 236 236 
381 381 
101 320 320 320 378 378 
66 66 358 466 466 
82 82 389 389 
82 82 82 121 121 121 217 
282 
339 339 
103 103 103 379 
236 
191 191 304 
250 250 
306 306 306 
41 354 
292 364 384 384 
325 
374 374 
413 
41 41 41 450 450 
233 276 
26 26 194 194 271 408 
39 39 188 188 188 205 205 205 227 227 257 330 428 428 428 433 433 433 469 469 477 477 477 510 510 511 511 511 
41 85 272 272 312 498 498 498 
413 439 439 
76 322 
39 
138 138 300 300 
317 317 
39 39 477 477 
220 413 
132 413 413 413 
68 68 233 233 
471 471 
23 97 290 290 
31 31 

222 335 335 376 413 
407 407 407 413 413 413 
110 110 110 247 
269 283 415 415 
28 183 
287 287 287 
30 222 222 
114 
15 15 92 111 220 340 363 363 404 413 444 444 499 499 
2 2 2 28 178 
5 12 12 14 14 16 16 31 32 32 52 52 70 70 76 76 81 81 105 112 112 116 117 137 213 221 236 236 236 246 258 267 267 279 284 289 291 307 338 338 345 345 354 354 354 355 366 396 396 409 409 409 415 415 426 426 451 465 488 490 490 
491 491 
76 245 245 440 440 
413 413 
159 159 159 477 510 
2 28 
105 106 106 372 
56 56 148 148 236 236 267 267 285 285 446 446 
33 40 40 67 67 67 236 236 236 281 
43 43 43 286 358 358 362 362 413 413 479 500 
158 158 
236 267 471 
8 76 76 76 77 200 290 373 413 413 413 422 
100 496 496 496 
5 86 86 386 
76 109 109 207 207 
196 
236 236 236 

271 271 
267 267 268 
159 159 159 
405 405 
76 199 199 337 337 478 
76 76 
328 
35 
460 460 
233 233 310 310 310 
184 
215 215 314 314 314 
214 214 314 314 467 

143 
271 442 442 442 
39 39 232 232 232 274 402 402 454 454 
167 182 413 
184 
30 30 35 35 35 119 122 174 180 180 314 314 341 341 341 376 376 413 413 
329 329 
8 350 350 
1 1 5 5 259 259 259 377 377 377 393 419 419 441 458 458 
292 292 
159 159 343 392 392 477 477 477 
76 76 76 245 361 
76 76 76 295 295 295 509 
236 236 275 303 415 
39 39 
219 219 219 
7 7 157 169 169 212 212 238 238 271 271 296 296 310 310 374 374 375 375 505 505 505 
503 
487 
40 40 49 49 56 69 69 79 79 83 83 93 93 93 104 117 117 129 129 138 138 147 184 184 184 191 191 192 192 192 195 201 201 201 230 230 237 237 267 267 275 278 283 283 351 351 356 415 415 432 432 432 438 438 460 487 487 
83 104 104 104 236 236 
233 233 505 505 505 
342 342 342 405 
131 131 131 131 476 496 496 
39 39 62 62 62 
76 76 
311 413 413 424 494 
325 325 325 358 
76 76 186 186 228 
70 184 
110 176 288 401 401 
408 
40 
149 149 374 374 417 417 417 417 442 442 
270 413 413 
69 
330 
283 283 415 
5 443 443 443 
354 
159 392 392 392 392 392 
184 
225 225 225 

81 329 329 
364 364 410 
315 
11 11 11 

271 
39 39 39 184 184 191 191 195 204 204 236 236 356 356 356 471 471 
204 
177 415 415 415 
251 286 286 
3 3 7 9 158 203 203 218 233 233 266 282 287 287 287 297 297 339 354 374 374 374 375 375 391 391 401 401 408 408 408 412 427 427 427 442 442 442 453 453 502 502 502 502 502 
160 160 
5 5 354 354 354 472 472 475 
219 402 
230 236 
157 
18 415 
236 
184 431 431 
308 467 467 467 
67 192 298 347 421 421 421 
144 271 427 427 
177 236 236 254 254 303 303 344 344 344 415 415 415 
184 
191 191 
193 270 270 413 413 
68 68 68 179 179 179 271 271 271 
247 
81 184 
23 23 97 171 171 196 480 
184 426 426 
76 152 226 226 364 364 410 410 
408 
58 58 397 397 408 408 
229 229 229 
68 233 233 425 425 
271 271 408 408 
281 347 
54 54 54 76 76 413 413 
164 164 
46 46 46 
39 39 485 
230 283 283 415 415 
56 56 148 
392 392 482 
87 87 150 150 150 370 370 370 408 408 408 
184 396 465 
280 467 467 
35 35 
212 212 212 233 233 
243 
84 85 160 348 348 348 
8 
76 80 96 214 214 214 215 215 222 222 319 319 354 384 413 418 418 429 434 434 449 449 449 455 455 467 467 481 481 
73 73 263 336 336 336 486 486 
444 444 444 
165 165 398 413 
413 
314 314 354 
140 140 140 
323 
76 76 76 162 
42 321 359 
37 41 41 
72 153 244 244 244 358 503 503 503 
358 358 
15 15 
76 76 209 
82 223 223 261 261 
39 39 62 62 62 159 253 369 369 369 369 428 
22 22 
407 407 413 413 
413 413 413 
385 385 385 385 413 413 
174 174 413 413 
315 315 315 486 486 
207 207 
184 184 415 415 
46 145 145 271 381 381 427 452 452 464 464 470 
182 
222 222 222 
239 239 239 
227 
69 283 283 283 447 447 
52 52 52 184 184 
27 47 47 76 459 
67 281 298 421 421 506 506 506 
84 84 84 312 312 312 
481 
8 8 224 224 
236 236 432 432 
402 402 402 
76 456 456 
31 41 41 76 76 151 184 184 184 256 271 273 273 273 314 319 450 450 450 462 490 490 502 502 508 
12 12 184 
236 267 267 267 
367 367 431 431 496 496 
38 72 72 89 89 90 90 141 193 193 244 325 326 326 466 466 503 503 
61 61 61 81 323 
76 
76 228 
193 193 413 
182 182 499 499 
118 152 262 262 292 292 410 
415 
184 
114 114 357 357 496 496 
401 
62 62 330 330 330 330 
306 306 306 
68 
106 190 
196 
154 154 233 233 250 250 271 271 271 408 408 442 442 
233 233 271 271 
174 222 222 
225 225 225 
140 140 
103 146 
134 134 
46 46 46 64 64 64 139 139 339 339 395 408 408 
413 
75 75 75 415 463 463 
152 152 314 449 
334 334 334 334 413 
86 86 198 
124 
487 
81 82 82 130 142 142 497 

271 271 
227 227 257 257 257 257 257 305 305 
53 225 
81 495 495 
0 0 381 
184 184 307 
58 294 294 
317 
492 492 492 492 492 
5 50 
110 247 247 271 271 368 
39 39 219 219 274 352 352 352 405 
427 427 
6 6 92 92 92 182 
39 39 39 206 206 239 402 
37 37 37 
175 175 175 332 332 413 413 413 
26 87 87 158 248 271 271 271 293 294 294 297 297 306 306 306 374 374 381 381 412 437 437 470 470 
184 184 184 
262 292 292 364 

271 408 
35 45 65 74 76 76 77 92 92 128 128 128 155 161 167 168 168 168 174 175 175 175 182 187 187 193 193 196 196 196 220 222 222 243 243 251 251 286 286 299 299 314 317 318 332 332 333 333 333 334 334 335 335 362 382 385 407 407 407 439 455 455 494 500 500 
108 
37 57 57 57 116 129 129 177 177 184 184 230 236 236 254 269 269 269 277 283 283 283 303 303 338 338 365 383 463 
65 
250 250 250 250 
80 80 80 95 314 314 
225 225 
441 441 
281 281 281 347 347 
196 

243 
103 296 296 
184 184 291 291 
271 271 271 282 282 339 403 403 
20 20 159 159 159 330 
314 
62 62 62 
279 279 357 357 496 
236 236 236 351 351 460 460 
159 159 159 
314 314 
449 
497 
408 408 
236 236 
45 45 161 161 413 
76 186 186 
1 5 5 225 420 420 
218 218 218 250 250 271 271 271 374 374 468 468 
255 255 255 
15 15 59 59 182 182 316 316 316 
41 
56 191 191 
344 344 
128 128 
314 314 314 384 435 467 467 
41 41 156 156 354 354 354 462 462 
184 
25 25 339 339 
271 271 
4 124 124 131 219 219 
17 17 314 314 413 413 
76 76 353 353 491 491 491 

225 225 
346 
211 211 236 432 432 
22 22 497 497 
354 450 450 
63 75 75 383 383 415 
339 339 
184 307 
72 141 141 358 358 
215 280 280 280 308 308 314 314 449 449 
123 442 442 
159 159 
339 408 408 
170 170 195 267 267 
273 273 475 475 
126 
29 56 56 487 
5 273 472 472 
100 100 240 496 
39 159 159 159 166 166 188 227 227 227 
207 
193 
127 290 
314 314 349 
305 
30 30 
116 
39 39 39 302 
31 120 120 120 315 315 336 336 489 489 
235 236 236 388 474 
184 
31 120 486 486 
184 184 354 354 
126 126 185 185 456 456 456 
399 399 399 399 399 
102 
243 413 
81 81 394 394 
197 197 197 240 240 357 357 367 367 431 476 
22 22 389 436 461 461 
160 160 160 
182 182 363 363 
193 413 413 
76 
134 134 271 271 271 271 271 354 354 
234 325 325 325 358 358 
5 88 
233 233 233 238 238 238 
347 347 347 
104 104 
86 354 
76 76 229 
159 159 188 
159 159 159 
