Nodes: 512, Edges: 1199
46 395 395 
225 441 
91 91 111 189 
493 493 493 
454 454 
18 34 34 184 184 198 198 225 225 255 255 273 279 354 354 400 441 441 475 508 508 
404 404 
233 233 
196 196 224 224 313 350 
271 
476 476 
264 
184 184 184 202 355 
76 76 
117 135 
182 182 327 444 
184 
390 390 455 455 455 
5 277 
104 104 
428 428 
31 
108 108 108 115 115 331 331 414 414 414 497 497 
171 171 290 

452 452 
158 158 408 
76 76 346 346 
63 63 63 178 183 
474 
222 222 483 
21 172 184 184 184 315 315 354 354 354 486 486 489 489 
184 184 184 
192 
5 5 
210 210 222 309 309 413 413 
106 106 
324 324 406 415 
89 89 89 
159 159 163 163 163 166 166 219 231 231 241 267 302 302 330 330 402 402 405 405 477 477 
192 236 249 249 
99 151 151 156 160 160 184 324 445 450 450 457 
321 321 323 323 
193 193 

413 413 439 439 
0 64 301 301 301 339 339 339 381 395 395 
346 346 

236 
400 
490 
184 184 345 345 345 
225 
76 299 
195 195 236 
191 236 236 236 446 474 474 474 487 
415 415 
294 294 397 397 
444 
104 236 
81 359 
241 330 430 430 
28 28 28 383 463 
46 381 
193 413 416 
141 141 
192 192 281 281 281 347 
371 371 371 
252 344 344 344 
184 246 
330 330 330 
325 325 358 358 466 
315 
413 413 413 
383 383 
13 13 27 27 54 78 107 107 109 109 162 162 184 184 186 186 186 196 196 199 199 207 207 207 208 208 228 229 229 229 242 242 242 245 245 292 299 299 299 322 322 328 328 353 360 360 361 413 440 440 440 456 456 478 478 478 501 
119 119 413 413 
76 
236 236 

61 82 82 184 184 184 261 261 289 289 329 329 359 389 389 394 394 
81 81 121 121 142 143 143 143 329 389 
237 
85 85 312 312 312 348 
84 84 160 160 312 312 
198 198 386 508 508 
408 408 
504 504 
38 38 38 128 128 128 128 358 358 466 466 
358 358 
2 2 
182 413 413 413 
236 236 236 
315 315 
418 418 418 
314 317 
171 171 290 290 
420 420 441 441 
41 
197 197 476 496 496 
140 140 195 195 471 
136 216 216 
146 146 379 425 425 
19 19 60 138 236 236 237 507 
106 106 106 184 184 190 190 
36 36 105 105 105 190 190 190 372 372 
76 76 
22 22 22 414 414 
76 76 199 207 
176 247 247 401 401 
2 182 182 
184 184 

181 181 181 181 360 367 367 
22 22 389 
184 184 415 
14 125 125 136 136 184 236 236 
364 364 
77 77 122 222 413 
486 489 489 
82 82 143 
119 222 222 
468 
387 387 387 
117 117 136 136 
185 491 
480 480 480 
89 89 89 89 413 413 
236 415 
389 389 
240 240 
168 
381 381 
380 380 380 502 
14 
102 117 117 125 125 

104 236 236 
381 381 
101 101 320 320 378 378 
66 66 358 413 
82 
82 82 82 121 217 217 
282 
339 
103 103 379 379 379 

191 304 304 

248 306 408 408 
41 41 354 
292 384 384 

374 
413 413 
41 450 
276 
26 26 194 271 271 408 408 
39 39 188 188 188 227 227 227 231 231 231 257 305 305 330 402 402 428 428 469 477 477 510 510 510 511 
41 41 85 85 272 312 312 312 498 
413 439 
76 76 322 
39 39 39 
300 300 
317 
39 39 477 477 
220 413 413 
132 413 
233 233 296 296 
471 
23 23 97 97 290 290 
31 
344 344 
222 335 335 376 413 
407 407 413 413 
110 247 247 
283 300 300 300 415 415 
28 183 
287 287 287 
222 
114 114 114 114 
15 15 92 111 111 220 340 340 363 363 404 404 413 444 444 499 499 
28 178 
5 5 12 12 12 16 31 31 31 32 32 32 41 52 52 70 76 76 81 81 81 105 105 112 112 116 116 117 213 221 221 221 236 236 246 246 258 267 267 279 279 284 284 284 289 289 291 292 292 292 307 307 307 315 315 324 324 324 338 338 338 345 354 354 354 355 355 355 366 396 409 409 409 415 415 415 426 426 451 451 451 465 465 465 484 488 488 488 
126 491 491 
76 76 76 245 245 440 
413 413 
159 159 159 477 510 
2 
105 105 106 106 106 372 372 372 
56 148 236 236 267 268 285 304 304 446 446 
33 40 67 67 236 236 236 281 281 
43 43 65 286 286 358 362 362 362 413 479 479 479 500 500 
158 
55 55 101 101 236 267 471 471 
8 8 76 76 200 200 290 290 290 350 350 350 373 373 413 413 
100 100 496 496 496 
5 5 86 86 386 
76 76 109 207 
196 196 
236 415 
12 355 355 
271 271 
267 267 268 

405 
76 76 76 109 199 337 337 337 478 478 
76 76 
328 328 
35 35 
460 460 
233 233 233 310 310 310 
184 
215 314 
214 314 467 467 
102 102 
143 143 
442 442 442 442 
39 232 402 454 454 
167 182 413 
184 184 184 
30 30 35 119 122 122 174 180 376 376 413 
329 
8 8 350 
1 5 5 53 259 259 377 377 377 393 419 419 441 458 458 458 
292 292 292 
159 159 159 305 305 343 392 392 
76 245 361 
76 76 76 295 
236 236 303 303 415 415 415 
39 39 159 159 159 
219 454 
7 7 169 169 212 212 212 271 271 296 296 310 310 374 375 375 375 505 505 
503 
487 487 487 
40 49 55 56 56 56 60 79 79 93 93 93 104 104 117 117 129 138 138 184 184 191 191 192 192 192 195 201 230 230 237 237 267 267 267 283 283 283 344 344 351 351 356 415 415 432 432 432 438 438 487 
83 104 236 236 
505 505 
342 405 405 
131 131 476 496 496 
39 62 
76 76 76 478 
311 413 413 424 494 
325 325 358 358 
76 76 186 186 228 
70 184 184 
110 110 176 176 288 401 401 
150 408 
40 40 
374 417 417 417 442 442 
270 286 286 413 
69 
330 330 330 
277 277 415 415 
5 5 443 443 
273 354 354 354 
159 392 392 
184 
225 225 
426 
81 81 329 329 
364 364 410 489 
315 
11 334 

271 271 271 
39 184 184 191 195 204 204 236 236 236 268 268 356 
191 204 267 267 
415 
251 286 286 
9 158 158 203 203 233 233 266 266 266 282 282 287 287 297 297 327 339 339 354 354 374 374 375 375 375 401 401 408 408 408 427 427 427 453 453 502 502 502 502 
160 
5 256 354 354 472 472 475 
402 402 

157 
18 254 254 415 

5 184 184 431 
308 308 449 449 467 
67 67 67 192 192 298 421 
144 271 271 427 427 427 
177 236 236 236 303 303 303 344 344 344 415 415 
184 184 184 
191 
193 193 251 251 270 270 413 413 
179 179 179 271 271 
247 
81 81 184 184 
23 97 97 171 171 196 196 196 480 
184 
76 152 184 184 184 226 226 226 364 364 410 410 

58 58 397 408 408 
229 
169 169 233 233 425 425 
271 271 408 408 
281 347 347 
54 76 76 76 413 
164 164 177 177 177 
46 46 46 464 
39 39 485 
230 230 283 283 283 415 
148 148 191 191 
159 159 227 227 482 482 
150 370 370 408 408 
184 184 184 354 396 465 465 
280 280 467 
35 35 
212 212 212 233 233 
243 
84 84 84 85 85 160 160 160 348 
8 
96 214 215 317 319 354 384 384 413 413 413 418 418 418 429 429 434 434 434 455 467 467 481 481 
31 31 73 94 94 184 184 263 336 336 486 486 
444 444 444 
96 165 314 398 413 
413 413 413 
314 354 354 354 
140 140 
42 42 323 
76 76 162 
42 42 321 359 359 
37 37 41 184 184 184 
72 72 244 244 358 503 
358 
15 271 
76 76 209 209 
81 81 82 223 261 261 
39 39 62 71 71 71 159 253 253 253 369 369 428 428 
22 22 
407 413 413 
413 413 
264 385 413 413 
174 174 413 
315 315 486 
207 207 207 
184 184 184 415 415 
46 46 46 145 271 271 381 381 381 408 408 408 452 452 464 464 470 
182 182 

239 
227 
69 69 69 173 173 236 236 283 283 283 447 
52 52 52 184 
27 27 47 47 459 459 459 
67 298 298 421 421 421 506 
84 312 
481 
8 196 196 196 224 
236 236 432 432 432 
402 
76 456 456 
5 5 31 31 31 151 184 184 184 256 256 256 271 271 273 273 307 314 319 319 319 411 490 502 502 502 508 
12 184 184 184 202 202 
236 267 
367 367 431 496 496 
72 72 89 89 90 90 141 193 244 244 325 326 413 466 466 503 503 503 
61 81 323 323 
76 76 114 
76 228 
193 193 193 413 
182 182 499 499 499 499 
118 118 262 262 292 292 410 410 
415 415 415 
184 
114 114 357 357 496 496 496 
401 
330 330 
306 306 
68 68 68 
106 106 190 190 190 
196 196 
154 233 250 271 271 408 417 417 442 442 442 
233 233 233 271 271 271 
174 222 222 
225 225 225 458 
140 140 
103 146 146 146 
134 134 134 
46 64 133 133 139 139 339 339 339 395 408 
413 
63 75 75 415 415 432 463 
152 152 314 314 
334 
86 198 
124 124 124 
487 
81 81 82 115 130 130 
17 17 

227 227 257 257 
225 
81 81 495 495 
0 0 46 46 381 
184 307 
58 58 294 
317 
492 
5 50 
110 110 247 247 271 271 368 
39 39 159 159 219 274 274 352 405 405 
427 427 
6 6 182 182 
39 39 206 239 239 402 402 
37 
175 175 332 413 413 413 
26 87 87 150 150 158 158 248 271 271 271 294 294 297 297 306 306 339 339 339 374 381 412 437 437 437 470 
184 184 184 
262 292 292 364 364 
354 
408 
35 35 45 45 65 74 74 74 76 77 77 92 92 92 119 128 128 141 155 155 161 167 167 168 174 175 175 182 187 187 193 196 196 220 222 243 243 251 286 286 299 314 314 314 317 318 318 318 332 332 333 333 334 334 335 358 362 382 407 407 407 439 448 448 448 455 455 494 494 494 500 
22 22 22 108 108 
37 57 57 116 129 177 177 184 184 184 201 230 230 230 236 236 254 254 269 277 283 283 303 338 338 365 365 365 383 383 432 463 
65 
250 250 250 374 374 
95 95 95 314 314 314 
225 225 
98 98 441 441 
281 347 347 347 


243 
103 103 296 296 
184 184 260 
271 271 271 282 282 282 403 403 
20 20 159 159 330 330 
314 314 
62 62 
279 357 496 
236 236 236 351 351 351 383 415 

314 314 314 
449 449 
497 
408 408 408 
236 236 
45 45 161 413 
76 76 76 186 
1 5 5 98 98 225 420 420 
218 218 218 218 250 250 374 374 374 468 468 
255 255 
15 59 182 182 316 316 316 
41 
56 191 191 
344 
413 413 413 
280 280 435 435 467 
41 41 156 462 462 
184 184 184 
25 25 339 339 464 464 
271 271 
4 4 219 219 232 
17 17 17 314 413 413 
76 76 353 353 491 491 491 
41 
225 225 225 377 
346 346 346 
211 211 
497 
450 450 
63 383 415 
301 339 339 452 452 
184 184 184 307 307 
72 89 89 358 358 
215 215 280 308 314 314 449 
123 442 442 
159 
339 408 
101 170 195 195 
273 273 475 475 

29 56 56 56 
5 273 472 472 
10 10 100 240 496 496 
39 39 159 159 166 166 188 
76 76 76 207 207 242 
193 193 193 
127 127 127 290 
314 314 349 
305 305 
30 
184 
302 
31 31 120 315 315 336 489 489 
56 235 235 235 236 388 
184 184 184 
31 31 120 120 262 486 486 
51 354 
126 185 185 456 456 456 
399 
3 3 3 
243 413 413 413 
394 394 
100 100 197 197 197 240 240 357 357 367 367 367 431 476 476 
22 22 436 461 
160 
182 182 363 363 363 363 
193 193 413 
76 
134 271 271 271 271 354 354 354 
234 325 358 358 358 
88 88 
233 233 238 238 
347 
104 
5 5 86 86 354 

159 159 159 188 
159 
