Nodes: 512, Edges: 1199
46 46 46 395 395 
225 225 225 441 
91 111 183 183 189 189 
271 271 
454 454 
18 48 48 50 50 88 88 184 184 225 225 255 255 273 273 279 354 354 354 400 400 441 475 475 504 504 504 508 
404 404 
233 
196 224 313 313 350 350 350 

476 476 
264 264 
202 202 355 
76 76 76 
117 117 184 184 
182 327 327 444 
184 184 
390 390 390 455 
5 277 
104 
428 428 
31 
108 108 108 115 115 331 414 414 461 497 497 
171 171 290 290 

452 452 452 
158 408 
76 346 
63 63 63 63 111 178 183 

180 180 222 222 222 483 
21 172 184 184 315 315 315 354 486 486 489 489 489 
184 184 
192 192 

210 210 222 222 309 413 413 413 
106 106 
324 324 324 406 415 415 
89 89 89 358 358 
159 159 163 163 163 166 166 219 219 219 231 231 231 241 267 302 330 402 402 402 405 477 485 485 
192 192 192 236 236 249 249 
44 85 85 99 99 137 151 151 151 156 156 160 184 184 354 354 399 399 399 450 450 457 
321 321 323 323 
193 
41 
76 413 439 
0 0 0 301 301 339 381 395 
346 346 
5 5 
236 236 
5 5 400 400 

184 184 345 
225 225 393 
76 76 299 299 
195 195 
104 191 236 446 474 474 487 
415 415 
294 294 397 397 

104 104 236 236 236 
81 81 359 359 359 
241 241 330 369 
28 28 28 28 383 383 463 
381 381 
193 416 416 
141 
192 192 192 281 281 347 
169 287 287 287 296 371 371 
236 236 236 344 344 
184 246 258 
330 330 
325 358 358 466 
94 94 94 
413 
383 463 463 
13 13 13 27 45 54 54 78 78 107 107 109 162 184 186 186 186 196 199 199 199 207 208 208 208 228 228 228 229 229 242 242 242 245 245 245 292 299 299 314 314 322 322 346 346 353 353 353 360 361 361 413 413 423 423 440 456 456 501 509 509 
119 119 196 196 196 
76 76 
236 
314 314 314 418 
61 61 82 82 113 113 184 184 261 261 289 329 359 389 389 394 495 
81 81 121 121 142 143 143 329 329 
236 236 237 
85 85 312 348 
41 41 84 84 160 312 
198 198 198 386 386 508 
306 306 408 408 408 
5 5 504 
38 38 38 358 466 
358 
2 189 
182 413 413 
236 236 236 
73 73 73 315 
418 418 418 
317 
171 290 
441 441 441 
41 41 256 
197 476 476 
140 195 195 471 
117 136 136 136 216 493 
146 379 379 425 425 
19 56 60 60 138 236 237 237 
106 106 184 190 
36 36 105 105 190 372 372 
76 76 
22 22 22 115 
76 199 199 199 207 
176 176 247 401 401 
2 28 
184 
81 81 
181 360 367 367 
22 22 108 389 
184 184 484 
14 14 102 125 135 135 136 136 
364 364 
77 77 122 222 222 222 413 
486 486 486 489 
82 82 143 
119 222 222 
468 468 
387 387 454 454 
117 136 
185 185 473 
480 480 
413 413 448 448 
236 415 
389 
240 240 240 454 454 454 
168 
381 
380 502 502 502 
117 117 
102 102 102 117 117 125 
41 184 184 
104 164 164 236 
381 381 
101 320 320 378 
66 413 466 466 466 466 
82 389 
82 82 121 217 
282 
339 339 339 
103 379 
236 
191 191 191 304 304 304 
250 
248 306 408 
41 41 41 354 
292 364 
325 
374 

41 41 450 450 450 
233 276 
26 194 194 271 
39 39 188 188 188 205 227 227 227 231 231 257 305 305 330 330 428 433 433 477 477 510 511 511 511 
41 85 272 272 312 312 498 498 
413 413 413 439 439 
76 322 322 
39 39 39 
138 138 300 300 300 
317 317 317 
39 39 477 477 
413 413 
132 413 
68 296 296 
471 
23 23 97 290 
31 
344 344 344 
222 222 335 376 
407 407 413 413 
110 110 247 
269 283 300 300 415 
28 183 183 
287 287 287 287 
30 30 222 222 
114 
15 92 220 220 340 340 340 363 404 413 413 413 444 444 444 499 499 
2 2 28 178 178 
5 5 14 14 16 16 31 31 32 32 41 41 52 52 70 76 81 81 105 112 116 116 137 137 213 213 213 221 221 236 246 258 258 267 279 284 284 289 289 291 292 307 307 307 315 324 324 338 338 345 345 354 354 355 366 366 409 409 415 415 415 426 451 465 465 465 484 488 490 
126 126 491 491 491 
76 76 76 245 245 440 
413 
159 159 159 477 
2 2 91 
105 106 372 372 
56 148 148 148 236 236 267 268 268 285 304 446 
33 33 40 40 40 67 67 67 236 281 281 
43 65 286 286 358 358 362 413 413 479 479 
158 158 
55 55 101 101 236 236 267 471 471 
8 76 77 77 77 200 200 290 290 350 350 373 373 413 413 422 422 
100 
86 86 86 386 386 
76 76 76 109 109 109 
196 196 
236 415 
12 12 355 

267 268 
159 
405 
76 109 337 337 337 478 478 
76 76 76 
328 328 
35 35 
460 460 460 
233 310 
184 184 184 
215 314 314 
214 314 467 467 
102 
143 
271 442 442 442 
39 39 39 232 274 402 
182 182 413 413 
184 184 
30 30 30 35 35 119 119 119 122 122 174 174 180 180 314 314 341 341 376 376 413 413 483 
329 
8 313 350 350 
1 1 1 5 5 53 53 259 259 377 377 393 393 419 419 441 458 
292 
159 159 159 305 305 343 343 392 477 477 477 
76 76 76 245 245 361 
76 76 295 509 509 
236 275 415 
39 39 39 159 159 
219 
7 157 212 238 238 271 271 310 374 375 505 505 

487 487 487 
40 40 49 49 56 60 60 60 69 69 69 79 83 83 93 93 93 104 129 138 147 184 191 191 192 195 195 201 230 237 267 267 275 275 278 278 283 344 344 351 351 415 415 415 432 432 438 438 460 487 487 
83 104 104 236 
233 233 505 505 505 
405 
131 131 131 476 476 496 
39 62 62 
76 76 76 478 
311 311 413 413 494 494 
358 
76 76 76 186 186 228 228 
70 184 
110 176 401 401 401 
150 293 408 408 
40 40 
149 374 374 417 417 417 442 442 
270 286 413 


277 415 
5 5 443 443 
99 
159 392 392 
70 184 184 
225 225 
426 
81 81 329 329 
410 410 
315 315 
11 11 334 334 
496 496 496 
271 271 
39 184 191 195 204 236 236 268 356 471 
191 191 204 267 
177 415 415 
251 
3 3 158 218 233 233 266 266 282 282 282 287 297 339 339 354 374 374 374 375 391 391 401 401 408 412 427 442 453 453 502 502 502 502 
160 160 
5 5 472 472 475 
219 
230 236 236 
157 
18 254 415 
236 236 
5 184 431 431 431 431 
308 308 449 467 467 467 
67 67 192 192 298 298 347 
144 271 271 271 427 427 
177 236 303 303 303 303 303 344 344 415 415 
184 184 
191 
193 193 251 413 413 
68 68 68 179 179 179 179 271 

81 184 184 
23 23 97 171 196 196 480 480 
184 426 426 
76 152 184 226 364 364 410 
248 
58 58 397 408 408 
229 
68 169 169 425 425 
271 
281 281 347 
54 54 76 76 413 413 
164 164 164 177 177 
46 46 464 
39 485 485 485 
283 283 283 283 283 
148 148 148 191 
159 159 227 227 392 392 482 
87 87 150 370 370 408 408 
184 184 184 354 396 396 465 465 
280 280 467 467 
35 
212 233 
243 243 
84 85 160 160 348 348 348 348 348 
8 8 224 
76 76 80 80 80 214 214 215 222 222 317 317 398 398 398 413 413 418 418 429 434 434 449 449 449 455 467 467 481 
31 31 31 94 184 263 263 336 336 486 
444 
96 165 165 165 314 314 413 413 
413 413 413 
354 354 
140 140 
42 42 323 323 
76 76 162 162 
42 42 321 321 359 359 
37 37 37 184 184 
72 153 358 503 

15 15 
209 209 
81 82 82 223 261 261 
39 62 71 71 159 159 369 369 369 369 369 428 
22 
407 407 413 413 

264 264 385 413 
174 413 
315 315 486 
207 207 207 
184 184 415 
46 145 145 145 271 271 381 408 452 452 464 464 464 470 470 
182 182 182 
222 222 

227 227 
69 69 173 173 173 236 236 283 283 447 
52 184 184 
27 47 47 76 76 459 459 
67 281 298 421 421 421 506 
84 312 312 312 312 312 
481 
8 8 8 196 196 224 224 
236 236 
402 
76 76 76 456 456 
5 5 5 31 41 41 151 184 184 271 307 319 319 450 462 462 462 502 502 508 508 508 
12 184 202 
267 
367 367 367 496 
38 38 72 72 89 90 193 193 244 325 413 466 466 503 503 503 
61 61 61 81 323 323 
76 114 
76 76 228 
193 
182 499 499 499 499 
118 118 152 292 292 410 410 
415 415 
184 184 
114 114 357 357 357 496 496 496 
401 
62 330 330 330 330 330 
306 306 
68 68 
106 106 190 190 
196 196 
154 233 250 250 271 271 271 417 417 417 442 
233 271 
174 222 222 
225 225 458 
140 
103 103 146 
134 
46 64 64 133 139 139 339 395 395 
413 413 
63 63 75 415 463 463 463 

334 413 413 413 
86 86 198 198 
124 124 
487 487 
81 81 115 130 142 497 497 497 
17 17 17 
271 271 
227 257 257 305 305 
53 225 225 
81 495 
0 0 46 381 381 
307 307 
58 58 294 
314 314 314 
41 41 41 492 492 
5 5 50 50 
110 110 247 247 247 271 271 368 
39 39 39 219 352 405 405 
427 
6 6 182 
39 206 239 402 402 
37 
175 175 332 332 
26 87 87 87 150 248 248 271 294 294 306 306 339 412 412 437 437 470 470 
184 184 
262 262 292 364 364 

271 408 408 
35 35 35 45 74 76 76 92 92 119 128 128 141 161 161 161 167 167 168 175 175 182 182 182 187 193 193 196 196 220 220 222 222 243 243 251 286 286 299 299 314 314 317 317 318 318 318 332 332 334 335 358 382 382 385 385 385 439 439 439 448 448 455 494 494 500 500 500 
22 22 
37 37 57 57 129 177 184 184 184 201 230 236 236 236 254 269 269 277 283 283 338 365 365 383 432 432 
65 65 
250 250 250 374 374 374 
80 95 95 95 314 314 
225 225 
441 441 441 
347 347 347 
196 196 
76 76 

103 103 296 296 
184 260 291 291 
271 282 282 403 
20 20 159 330 
314 

279 279 279 279 496 496 
236 236 415 415 460 460 460 
159 159 
314 314 
449 449 
497 
408 408 
236 236 
45 161 161 413 413 413 
76 186 
1 5 98 98 98 225 420 420 420 
218 218 218 250 250 271 374 468 468 
255 255 
15 182 182 182 316 

56 191 
344 
128 128 413 413 
280 314 314 314 435 435 
41 41 156 156 156 354 462 462 
184 
25 25 25 339 339 464 464 
271 271 
4 4 124 124 131 131 131 
17 314 413 
76 76 353 353 
41 
225 377 
346 346 
211 211 211 236 432 432 432 
22 497 
354 354 354 450 450 
63 75 75 383 383 383 
301 339 339 339 452 452 
184 184 184 307 307 
72 89 141 141 141 141 358 358 
215 215 280 280 280 308 308 314 314 
123 123 442 442 

339 339 408 408 
101 170 195 195 267 
273 273 475 
126 
56 56 487 
5 5 273 472 
10 10 100 100 240 240 496 
39 159 159 166 166 188 227 227 227 
207 207 242 
193 193 
127 127 290 290 
314 349 
305 
30 222 
116 184 
39 39 302 302 302 
31 31 120 120 120 315 336 489 489 489 
56 235 235 235 236 236 388 388 474 
184 
31 31 31 120 486 486 486 
184 
185 185 185 
399 399 
102 
243 243 413 413 
81 394 
240 265 265 265 357 367 367 367 431 431 476 
22 22 389 389 389 436 461 
160 160 
182 182 363 363 363 363 
413 413 413 
76 
134 134 134 271 271 271 271 354 354 
325 358 358 358 
5 5 5 88 
233 233 238 238 238 
347 

5 86 354 354 354 
76 76 229 229 
159 
159 159 159 
