Nodes: 512, Edges: 1199
46 46 64 395 395 395 
225 
111 183 189 189 
271 271 493 
454 454 454 
34 34 48 48 50 50 50 88 88 184 184 198 198 225 225 225 255 255 273 279 354 354 354 400 400 400 475 504 504 508 
404 
233 233 271 271 
196 196 224 224 313 350 
271 
476 476 
264 264 
184 184 202 202 355 355 355 
76 76 
117 135 184 
182 182 182 327 444 
184 184 
390 390 390 455 
277 
104 104 
428 428 
31 31 
108 108 108 108 115 115 331 414 414 461 461 497 497 
171 171 290 
76 76 76 
452 
158 408 408 
76 76 346 346 
111 178 178 183 189 
474 
180 180 222 222 222 483 483 
21 21 172 172 184 184 184 315 315 354 486 486 489 489 489 

67 192 192 192 
5 5 
210 210 222 309 309 309 413 

324 324 406 406 406 
89 89 89 89 358 358 
62 159 159 159 163 163 219 219 231 231 231 241 241 241 267 267 302 302 330 405 477 485 485 
192 192 236 236 
85 85 137 137 151 156 156 160 160 184 324 324 354 354 399 399 399 445 450 457 457 457 
323 323 323 
193 193 193 

76 413 439 
0 0 64 301 301 381 381 395 395 
346 346 
5 5 
236 236 
5 5 5 400 400 400 
490 490 
345 
225 225 393 
76 299 299 501 
195 236 
104 191 191 236 446 474 474 474 487 487 
415 415 
294 294 294 397 397 397 

104 236 236 236 
81 81 81 359 
39 330 369 369 430 
383 
0 46 381 
193 193 193 416 416 

33 192 281 281 347 
169 287 287 287 287 296 296 371 
236 252 344 
184 184 246 246 258 
330 330 
358 358 466 466 
94 315 315 
413 413 
383 383 463 
13 13 24 24 24 27 27 45 54 78 78 107 107 107 109 162 162 162 184 186 186 199 199 207 207 207 208 228 229 229 245 245 292 292 299 314 314 322 322 328 328 346 346 353 360 360 361 361 413 413 413 423 440 456 456 478 501 509 509 
119 119 119 196 196 413 
76 76 
107 
314 314 314 
61 61 61 82 82 82 113 184 261 261 289 329 329 359 359 394 
81 81 81 121 121 121 142 143 143 143 329 
236 237 237 
85 85 312 312 348 348 
41 41 84 84 160 312 312 
198 198 
306 408 
5 5 504 
38 38 38 38 128 358 358 466 466 466 
358 358 
189 
404 
236 
73 315 
418 418 
314 
171 171 290 290 
420 441 441 
256 450 
197 197 197 476 496 496 496 
140 140 471 
117 117 136 136 
146 379 425 
19 19 56 60 138 138 236 236 237 237 507 507 
106 190 
105 190 190 372 
76 76 76 79 
22 22 22 22 115 414 414 
76 199 
176 176 247 247 247 401 
2 28 182 182 182 
184 184 
81 
181 
22 22 108 389 
184 184 415 415 415 
14 102 102 125 135 135 136 184 184 184 236 236 236 
364 
77 77 77 122 222 413 413 413 
489 489 
82 82 82 143 143 143 
119 222 222 
468 468 
387 387 387 454 454 
117 136 136 136 
491 491 491 
480 480 
89 413 413 448 448 
236 415 

240 240 240 240 454 454 454 
168 
381 
380 380 380 502 502 
14 117 117 
102 102 117 125 125 125 
41 41 184 
104 104 164 236 236 236 
381 381 
101 101 320 320 378 378 378 
358 358 413 466 466 
82 389 
82 82 82 121 121 121 217 217 217 
282 282 282 
339 339 
103 379 379 
173 236 
191 304 
250 
248 248 306 408 408 
41 
292 364 384 384 384 

374 374 
413 413 
41 41 450 
233 
26 271 408 
39 39 39 205 205 227 231 231 231 305 330 330 330 402 402 428 433 433 433 469 469 477 477 510 510 510 511 
41 41 85 272 272 312 312 498 
413 439 439 439 
76 76 76 
39 39 
138 300 300 
317 317 329 

220 220 413 413 413 
132 413 
68 233 296 296 
471 471 
23 23 97 97 290 290 
31 31 
147 344 344 
222 335 335 376 413 
407 407 413 413 
110 110 247 247 247 
269 300 
28 28 
287 
30 30 222 222 
114 
15 15 15 111 111 111 340 340 363 404 404 413 432 444 444 499 499 
2 28 
5 5 12 12 14 16 16 31 31 31 41 70 70 76 81 112 112 116 116 117 117 117 137 213 221 236 246 258 267 267 279 279 284 289 291 291 307 307 315 315 338 338 345 354 354 355 355 366 366 409 409 409 415 415 426 426 484 484 484 488 488 488 490 
491 491 
76 76 245 245 440 
413 
477 510 
2 2 28 91 404 
105 106 106 372 
56 56 148 236 236 267 285 285 285 304 304 446 446 
33 33 33 40 40 67 236 236 236 281 281 281 
43 43 43 65 65 65 362 413 479 

55 236 267 471 471 
8 8 77 77 200 290 290 290 350 350 350 413 413 
100 100 100 496 
5 5 86 86 386 386 
76 76 109 
196 
236 415 415 
12 12 355 

267 267 267 
159 159 
405 405 405 
76 76 76 337 478 
76 
328 328 
35 35 
460 
233 233 310 310 310 
184 
215 215 215 
214 214 214 314 467 467 467 

143 143 143 
442 442 442 442 
39 39 232 274 274 402 454 454 454 
167 167 413 413 
184 
30 30 30 35 119 122 122 174 180 180 268 268 314 314 341 376 413 483 483 
329 329 
8 8 313 
1 5 5 5 53 53 259 259 377 393 393 393 419 419 419 441 441 441 458 
292 
159 392 477 477 
76 245 361 
76 76 295 509 509 
236 236 275 275 415 415 
39 39 39 159 159 159 
219 454 
7 7 157 169 212 212 238 271 271 271 296 310 310 310 374 374 375 375 505 505 505 
503 503 
487 487 
40 40 49 49 55 56 60 60 60 69 83 93 104 104 117 117 117 129 138 138 138 147 184 191 191 192 192 192 195 201 230 230 237 237 237 267 267 275 351 351 351 356 356 356 415 415 432 438 438 487 487 
83 83 104 104 236 236 236 
233 505 505 
342 342 405 405 
131 131 131 131 476 496 496 496 
39 39 39 

311 311 413 413 494 494 
325 358 358 
76 76 186 186 228 
70 70 184 
110 110 110 176 176 176 288 401 
150 150 408 

149 417 442 442 442 
286 413 
69 
330 330 
283 283 415 
5 5 443 443 443 
99 273 354 354 391 

70 184 409 
225 225 
426 
81 81 329 329 
410 410 
315 315 
11 11 334 334 334 
496 

39 39 184 184 191 195 204 204 204 236 236 356 
222 222 
177 415 415 

3 3 7 7 9 158 233 233 233 282 282 297 339 339 354 374 374 374 375 375 391 401 401 401 408 412 412 427 442 453 453 502 502 502 
160 160 
5 256 354 354 472 472 472 475 
219 219 402 
230 230 236 

18 415 

5 184 184 431 431 431 
308 308 467 467 
67 67 192 192 192 298 298 347 421 421 
144 144 144 271 271 427 427 427 
254 254 303 303 303 344 344 415 415 
184 
191 191 191 
251 413 
68 68 68 68 179 
247 
81 184 
23 97 97 171 171 196 196 196 480 480 
184 184 426 
76 76 152 226 364 410 
408 408 
58 58 58 397 408 408 
229 
68 68 169 169 233 425 
271 408 408 
281 281 347 
54 54 76 413 
164 164 177 
46 46 
39 39 485 
283 283 283 415 415 415 
148 191 191 
159 392 482 482 482 
87 150 370 408 408 
184 184 354 396 396 465 
280 280 467 467 
35 35 35 
212 212 212 233 233 233 
243 243 
84 84 85 85 160 160 348 348 348 
8 224 
76 76 80 80 80 96 215 222 222 317 398 413 413 413 418 429 429 434 449 449 455 455 455 467 467 481 
31 31 73 73 94 184 184 263 263 336 336 486 486 486 
444 444 
165 165 314 398 398 413 413 
413 
354 
140 140 
323 
76 76 
42 42 42 321 359 
37 37 41 41 
244 358 358 
358 
15 
76 76 209 209 
81 81 82 165 223 223 261 261 
39 62 71 71 159 159 159 253 253 369 369 369 369 428 428 
22 
407 413 413 
413 
264 264 264 385 385 
174 174 413 
315 315 
207 
184 184 415 415 
145 145 271 271 381 408 427 427 452 452 464 464 
182 182 
222 
239 239 

69 173 173 283 283 447 447 
52 184 
27 27 47 47 76 76 459 
67 281 298 506 
84 84 312 312 312 
481 481 
8 196 196 196 
236 236 236 432 
402 402 
76 456 456 456 
5 5 5 31 41 41 184 184 256 256 271 273 273 307 319 411 411 450 490 502 502 502 508 508 
12 12 12 184 184 202 
236 236 236 267 
367 431 431 496 496 
38 38 72 72 89 89 90 90 141 141 244 244 325 325 326 413 413 466 503 503 
61 81 81 323 
76 76 
76 76 228 
193 413 413 
182 499 499 
118 152 292 410 

184 184 
357 496 496 
401 
62 62 330 330 330 330 
306 
68 
106 190 

154 154 233 233 271 271 271 408 408 408 417 417 442 442 
233 233 271 271 
174 222 
225 
140 140 140 
103 146 146 
134 134 134 
46 46 64 133 139 139 339 395 408 
413 
63 75 75 415 432 432 432 463 463 463 
152 152 152 
334 334 413 413 
198 198 
124 124 124 
487 487 
115 142 497 497 497 
17 17 17 
256 271 
227 305 
53 225 225 225 
81 495 495 
0 0 0 46 46 381 
307 307 
58 58 58 294 
314 317 317 
41 41 41 492 492 
5 5 5 50 50 50 
110 247 271 271 271 368 
159 159 219 274 352 352 405 405 
427 427 
6 92 182 182 189 
39 206 206 206 239 239 402 402 
37 37 37 
175 175 332 413 
26 26 87 150 150 158 248 271 293 293 294 294 297 297 306 306 339 374 374 374 381 412 437 470 
184 184 184 258 
262 262 292 364 
354 354 
271 271 408 
35 45 74 74 76 76 76 77 119 119 119 128 128 141 155 155 161 167 167 167 168 174 175 175 182 187 193 196 196 220 220 222 243 243 251 286 299 314 314 314 317 317 318 332 332 333 335 358 358 362 362 382 385 385 407 439 448 455 455 494 494 500 500 
22 22 108 108 
57 57 116 116 116 129 184 184 201 201 230 230 236 236 254 269 269 277 283 283 303 303 303 338 338 383 432 463 
65 65 
250 374 374 
95 95 314 
225 225 225 
98 441 441 
281 281 

76 

103 296 
184 184 260 291 
271 282 282 282 339 339 403 403 
20 20 159 330 330 
314 314 
62 
279 279 279 357 357 496 496 
182 236 351 383 383 383 415 460 
159 159 159 
314 


408 
236 236 
45 161 161 161 413 
76 186 
98 98 225 225 225 420 420 
218 218 218 218 250 250 250 271 374 374 
255 255 255 
15 182 182 316 316 
41 
56 191 191 
344 344 
128 128 413 
314 314 467 467 467 
41 99 156 354 

25 339 339 464 464 
271 271 
4 4 4 124 124 131 131 131 219 219 219 232 
17 314 314 314 413 413 
76 76 353 353 353 
41 41 41 
225 
346 
211 432 
22 22 497 497 

75 383 383 383 415 
339 339 452 452 
307 
72 72 89 89 89 141 141 358 
215 215 215 280 280 308 308 314 314 449 449 449 
123 123 
159 159 
408 
101 170 170 195 195 
273 273 273 475 

29 56 56 56 487 487 
5 273 472 
10 10 100 240 496 496 496 
39 159 159 188 227 227 
76 207 
193 
127 127 290 290 
314 349 349 
305 305 305 
30 30 222 222 
184 184 184 
39 39 302 
31 31 315 315 315 489 
56 56 235 235 236 236 388 388 474 474 
184 184 184 
31 31 31 120 120 486 
51 51 184 354 
126 126 126 185 185 
399 399 
3 
243 243 413 413 
394 394 
100 100 100 197 240 240 240 265 357 357 367 367 431 431 476 476 476 
22 22 389 389 389 461 461 
160 
182 182 363 363 
413 413 
54 76 
134 134 271 271 271 354 354 354 
234 234 358 358 
5 5 88 
233 233 233 238 238 
347 
104 104 
5 354 354 
76 76 229 229 
159 159 159 188 
159 
