Nodes: 512, Edges: 1199
46 46 46 395 395 
225 225 225 225 441 
91 111 189 
271 271 493 
454 
18 18 18 34 48 48 50 50 88 88 184 184 198 198 198 225 225 225 255 279 279 441 441 441 504 504 508 508 
404 404 404 
233 233 233 271 
196 224 224 350 350 
271 
476 476 
264 264 
184 202 355 
76 
117 117 117 184 184 
182 182 182 444 444 
184 184 
390 455 
5 5 5 277 277 277 
104 
428 
31 
108 108 108 108 115 331 414 461 461 497 
171 290 290 290 
76 76 
452 452 452 
408 
76 346 346 
63 63 178 183 
474 
180 222 222 483 483 
21 172 184 184 184 354 486 486 486 
184 184 
67 67 67 192 192 
5 
210 222 309 309 413 
106 106 
324 324 406 
89 89 358 358 
159 159 159 163 166 219 231 231 231 241 241 267 267 267 302 330 330 330 402 405 405 477 485 485 
192 192 236 236 249 249 
44 99 137 151 151 156 160 160 184 324 324 354 354 399 450 450 457 457 
321 323 323 
193 
41 
76 76 76 413 439 
0 0 0 64 301 301 339 381 
346 346 346 
5 5 
236 236 
5 5 400 
490 
184 184 345 345 

76 
195 195 236 
104 191 191 191 236 236 236 304 446 446 446 474 474 487 
415 415 
294 294 294 397 397 

104 236 
81 81 359 359 
241 330 330 369 369 430 430 
28 28 383 383 
46 381 381 381 
413 416 416 
141 141 141 
33 33 33 192 192 281 347 347 347 
287 287 296 296 371 
236 236 344 344 
184 184 246 246 258 258 258 
330 
325 358 
94 315 

383 383 463 
13 24 24 27 45 45 45 54 78 107 107 109 109 196 196 196 199 199 207 207 207 208 208 208 228 229 229 242 242 245 292 299 299 314 314 322 322 328 328 346 354 360 361 413 413 423 440 440 456 478 501 509 509 
119 196 
76 
236 
314 314 314 418 
61 61 82 82 82 113 184 184 261 261 289 289 289 329 359 359 389 394 394 394 495 
81 81 81 121 142 143 143 389 389 
236 237 237 237 
85 312 312 348 
84 160 
198 198 198 386 508 
408 408 
5 5 504 504 
38 38 128 358 358 466 

2 189 
182 404 413 413 
236 236 
73 315 
418 
314 317 
290 290 
420 420 441 
41 256 
197 197 476 496 496 
140 195 195 195 
117 136 216 216 216 493 
146 146 425 
19 56 60 138 138 237 237 507 
106 106 184 190 190 190 
36 36 105 105 190 190 372 372 
76 76 
22 22 22 22 336 414 414 
76 76 199 199 
176 176 247 401 401 
2 182 182 
184 
81 
181 181 181 
22 
184 184 415 415 415 484 
14 14 14 102 125 125 135 136 184 184 184 236 236 
364 364 
77 122 222 222 222 413 413 
486 489 
82 143 
119 222 222 
468 
387 454 454 
117 117 136 136 136 
185 185 473 491 491 
480 
89 413 413 448 
236 415 415 
389 
240 454 454 
168 
381 381 
380 380 502 502 502 
117 
102 117 125 125 125 
41 184 
104 104 164 164 236 236 
381 381 381 
101 320 320 378 378 378 
66 66 66 358 413 466 
82 389 
82 82 121 217 217 

339 
103 103 
236 236 236 
191 304 
250 
248 306 306 306 306 
41 41 354 
364 364 
325 
374 374 374 
413 413 
41 
233 233 276 
194 271 408 
39 39 39 188 188 188 188 205 205 227 227 231 257 305 330 330 392 428 428 433 469 477 510 511 511 511 
41 41 85 272 312 312 312 498 
413 413 439 439 
322 
39 
138 138 300 300 300 
317 317 
39 477 477 
220 220 
132 413 
233 296 
471 471 471 
23 290 290 290 
31 
344 344 344 
222 335 335 376 376 
413 
110 110 247 
283 283 415 415 
28 183 183 
287 287 287 
30 222 
114 114 114 
15 15 15 92 111 111 220 220 340 340 340 363 404 404 404 413 413 499 
28 178 178 
5 5 12 14 14 16 16 31 31 31 32 32 41 52 52 70 70 81 81 105 112 116 116 117 117 117 137 213 213 221 221 221 236 236 236 246 258 267 267 267 279 279 284 284 284 289 291 292 307 315 315 315 324 324 338 338 345 354 354 355 366 366 366 396 409 415 415 415 426 426 451 456 465 465 484 488 490 
126 126 491 491 
440 
413 
159 159 159 159 
2 91 404 
105 105 105 106 106 372 372 372 
56 56 56 148 236 267 267 268 285 304 304 446 
33 33 40 40 67 67 236 236 281 281 281 
43 286 286 358 362 362 413 413 479 479 500 500 
158 
55 55 101 101 101 236 236 267 471 471 
8 76 76 76 77 200 200 290 290 290 350 373 373 413 413 422 
100 100 
5 5 5 86 86 86 386 386 
76 76 109 109 
196 196 
415 415 
12 355 355 355 
271 
267 268 
159 159 
405 
76 76 76 337 337 478 478 
76 76 76 
328 
35 

233 310 310 310 
184 184 
215 215 215 314 
214 214 214 314 314 467 467 
102 102 102 
143 143 
271 271 442 442 442 442 
39 232 232 274 274 274 402 402 
167 167 182 182 413 
184 184 184 
30 30 35 119 119 119 122 122 174 180 314 341 376 413 413 483 
329 329 
8 8 313 313 
1 1 1 1 5 5 5 259 259 377 377 441 441 458 
292 292 
159 159 305 305 305 392 477 477 
76 245 361 
76 76 295 509 509 
236 236 275 415 
39 39 39 159 
219 219 
7 7 7 157 157 169 212 238 238 271 296 310 310 310 374 374 374 375 505 505 505 505 
503 
487 
40 40 49 49 55 56 56 56 60 69 69 79 83 93 93 117 117 129 138 138 147 147 147 184 184 184 191 192 192 195 195 230 230 237 237 237 267 267 275 278 283 283 344 344 351 415 415 432 432 432 438 438 460 460 487 487 487 
83 83 83 104 104 236 236 236 
233 233 505 505 
342 342 405 
131 476 496 496 496 
39 39 62 
76 76 
413 413 413 424 494 494 
325 325 325 358 358 
76 228 
70 70 184 
110 176 288 288 401 401 
150 408 408 
40 40 
149 374 374 374 417 417 417 417 
286 286 413 

330 330 
277 277 415 415 415 
5 443 443 
99 273 354 354 354 391 
159 392 392 392 392 
70 70 70 184 
225 225 
426 
81 81 329 329 
410 489 
315 
11 11 334 
496 
271 271 
39 39 39 184 184 184 191 191 195 204 236 236 268 268 356 356 
191 204 267 267 
415 

3 3 7 9 158 203 218 218 233 266 266 287 297 297 327 339 339 339 354 374 374 375 375 375 391 391 401 401 408 408 412 412 412 442 442 453 502 502 502 
160 
256 354 354 354 472 472 475 
219 219 219 402 
230 236 
157 
18 18 18 254 254 
236 
5 5 184 184 431 431 431 431 431 
308 308 449 467 467 
67 192 192 192 298 347 347 
427 427 427 
177 177 236 236 303 303 303 344 415 
184 184 184 
191 
193 193 251 251 413 413 
68 68 179 179 179 271 
247 247 
81 81 81 184 
23 23 23 97 97 171 171 171 196 196 196 480 480 
184 426 
76 184 226 226 364 410 
408 408 
58 58 58 397 397 397 399 408 408 408 
229 
68 68 169 233 425 
271 271 408 408 
281 347 347 
76 76 413 
164 164 164 
46 46 464 
39 485 485 
283 283 283 
56 148 191 191 
159 227 227 227 392 482 482 
150 150 150 150 370 408 408 
184 396 465 
280 280 467 
35 35 
212 212 212 233 233 233 

84 84 160 160 160 348 348 348 
224 224 
76 76 80 80 80 96 214 215 215 222 317 317 317 349 384 384 398 398 413 413 418 429 429 434 449 449 455 467 481 481 481 
73 94 184 184 184 263 486 486 
444 444 
96 165 165 314 314 314 398 413 413 
413 

140 140 
42 323 
76 76 162 
42 42 321 359 
37 37 41 41 184 184 
72 153 244 244 244 503 
358 
271 
76 76 209 
81 223 223 261 261 
39 39 39 62 62 71 159 159 253 253 369 369 369 428 428 428 
22 
407 413 413 413 
413 413 
264 385 413 
174 174 
108 486 486 486 
207 207 
184 184 415 
46 145 271 271 271 381 381 381 408 408 427 452 464 470 
182 182 182 
222 
239 239 

69 69 173 173 173 236 236 283 447 447 
52 52 184 
27 27 47 47 47 76 459 
67 67 67 281 281 298 298 421 421 506 506 
84 312 312 312 
314 481 481 481 
8 8 196 
236 432 432 
402 402 
456 
31 41 41 76 151 184 184 256 256 256 271 273 273 273 411 450 450 462 462 490 490 502 502 502 508 
12 184 202 202 202 
267 267 
367 431 496 496 
38 38 72 89 89 141 193 244 244 326 413 413 466 466 503 503 503 
61 61 81 81 323 
76 
76 228 
193 193 
182 499 499 
118 118 152 152 292 410 
415 415 
184 184 184 
357 496 496 
401 
62 62 330 330 330 
306 
68 
106 106 190 190 190 
196 196 
154 154 154 233 233 233 250 250 250 271 271 408 408 442 442 
233 271 271 271 
174 174 222 
225 225 
140 140 140 

134 134 
46 64 64 64 133 133 139 139 139 339 339 339 395 395 395 408 
413 413 413 
63 63 75 75 415 432 463 463 
314 314 449 
334 413 
86 198 198 
124 

81 82 82 130 142 497 497 
17 
256 271 271 
159 227 257 257 257 257 305 

81 81 81 495 
0 0 381 381 381 
184 307 
58 58 294 294 294 
314 314 317 
41 294 492 492 492 
50 
110 110 247 247 271 271 368 
39 219 219 274 352 352 405 405 405 
427 
6 6 6 92 182 182 182 189 
39 39 206 239 402 402 402 
37 
332 413 413 
26 87 87 158 248 248 271 271 293 293 294 294 294 297 297 306 306 339 339 374 374 381 437 437 
184 
262 292 364 
354 
271 271 271 
35 45 65 76 76 92 92 119 119 128 128 141 155 155 161 161 168 175 182 182 187 193 193 196 196 220 222 222 243 243 243 251 286 286 299 314 314 317 317 318 332 332 332 333 333 334 358 358 382 382 382 385 407 407 448 448 448 455 455 494 494 494 500 500 500 
22 108 108 
57 57 116 116 116 129 129 177 177 184 184 184 201 201 230 236 236 254 254 254 269 283 338 365 365 383 432 432 463 
65 65 
250 250 250 250 
80 95 314 

98 98 441 441 441 
347 347 
196 
76 
243 
103 296 
184 184 260 291 
282 282 282 339 403 
20 159 159 330 330 330 
314 314 
62 62 
279 279 279 279 279 357 
236 236 236 351 351 383 415 415 460 
159 
314 

497 
408 408 
236 236 
45 161 161 
76 76 186 
1 5 5 5 98 225 225 420 420 420 
218 218 218 218 271 271 374 374 468 
255 255 
15 15 316 316 

56 56 56 191 
344 344 
128 413 413 413 
280 314 314 384 467 467 467 
41 41 354 354 462 462 462 
184 
25 25 25 339 
271 
4 124 124 131 131 
17 314 413 413 
76 184 353 491 491 
41 41 
225 
346 
236 236 432 
22 22 
354 354 450 450 450 
75 383 383 415 
301 339 
184 184 307 
89 141 358 358 
215 215 280 280 308 314 449 449 449 
123 442 
159 
339 
170 170 170 195 195 
273 273 475 
126 
29 56 56 487 
273 472 
10 10 100 240 496 496 
39 159 166 166 227 227 
76 207 207 
193 193 
127 290 290 
314 314 314 349 349 349 
305 305 
30 30 222 
116 184 
39 39 302 302 
31 31 31 120 315 315 336 336 336 489 
56 235 236 236 236 474 
184 
120 262 486 
51 184 354 354 
126 126 185 185 456 456 
399 399 399 
3 102 
243 243 413 413 413 
81 394 
100 100 240 240 240 265 357 357 367 367 476 476 
22 389 389 436 
160 
182 363 363 
193 193 413 413 413 
76 
134 134 134 271 271 271 354 354 354 
234 325 358 358 358 
5 5 88 88 
233 233 233 233 238 238 
347 347 
104 
5 5 86 354 
76 76 229 229 
159 
159 159 159 
