Nodes: 512, Edges: 1199
46 46 46 46 395 395 395 395 
225 441 441 
91 183 183 189 189 
271 271 493 
454 
18 34 48 48 48 50 184 184 198 225 225 225 255 273 273 273 279 279 354 400 400 441 441 475 475 504 504 508 
404 
233 233 
196 196 224 224 224 313 313 313 350 350 
271 
476 
264 
184 184 202 202 355 355 
76 
184 184 
327 327 327 327 
184 184 
390 390 390 455 
5 
104 
428 
31 31 
108 108 108 108 115 115 331 331 414 
171 171 290 290 
76 76 
452 452 452 452 
158 408 408 
76 346 346 
63 178 183 
474 
180 222 222 483 483 
21 21 172 184 184 315 315 354 354 486 486 489 
184 
67 67 192 
5 
210 222 309 309 413 
106 106 106 
324 324 406 406 
89 89 89 358 
62 62 62 159 163 163 166 219 241 267 267 302 330 330 330 402 405 405 477 477 485 
236 249 
85 85 99 151 156 156 160 160 184 184 354 354 399 399 445 445 445 450 457 457 457 
321 321 323 323 
193 

76 413 413 439 439 
0 0 0 0 64 301 301 301 339 339 381 381 381 395 
346 346 346 
5 5 5 
236 
5 400 400 
490 
184 345 
225 
76 76 299 299 299 501 
195 195 
191 236 236 304 304 304 474 487 487 487 
415 
294 294 294 397 397 

236 
81 359 
39 39 39 241 241 330 369 369 430 430 
28 383 383 
46 381 
193 413 416 416 416 
141 141 
33 33 192 192 192 281 347 
169 169 169 287 371 371 
236 236 344 344 344 
184 246 246 258 258 
330 330 
325 325 358 358 358 
94 94 
413 413 
383 463 
13 24 24 27 45 54 54 78 78 78 162 162 184 184 184 186 186 196 199 199 199 207 208 228 228 229 229 229 242 242 245 245 292 292 299 299 299 314 314 322 322 328 328 346 353 353 354 360 361 413 413 413 456 456 478 478 501 501 509 509 
119 119 119 196 196 413 
76 76 76 
236 236 
314 314 418 418 
61 113 184 289 359 389 394 394 394 
121 142 329 329 329 
236 236 237 237 
85 85 85 312 312 348 348 
41 41 84 84 84 160 160 312 312 312 
198 386 508 508 508 
306 408 408 
504 
38 38 38 358 466 
358 
2 189 
404 404 413 413 
236 236 236 
73 73 315 315 
418 
314 
171 290 
420 441 441 441 
41 
476 476 476 496 496 496 
195 471 
117 117 136 216 
146 379 
19 138 138 138 236 507 507 
106 106 184 184 184 190 190 
36 36 36 105 105 190 372 372 

22 22 22 22 115 115 336 
199 207 
176 247 401 
182 182 
184 
81 
181 181 367 
22 22 108 108 
184 415 415 484 
102 102 125 135 136 184 236 
364 
77 77 77 122 222 222 413 413 413 
486 489 
82 
119 
468 468 
387 387 454 
117 136 
185 185 185 491 491 
480 
413 448 448 
236 236 
389 389 389 

168 168 168 
381 
380 502 502 
117 
102 117 125 
184 184 
104 104 104 236 236 236 
381 381 
320 
66 66 358 466 466 466 466 466 
82 389 
217 217 
282 
339 
103 379 379 
236 
191 191 304 
250 250 
248 306 306 408 
41 354 
292 292 364 
325 325 
374 374 374 
413 413 
41 41 450 450 
233 233 276 276 276 
26 194 408 
39 188 188 205 227 231 305 305 305 330 330 392 402 402 402 428 428 428 469 477 477 510 510 511 511 511 
41 41 85 85 272 272 312 312 498 
413 439 439 
76 76 322 
39 39 

317 317 
39 477 477 
220 220 413 
132 132 132 413 413 
68 68 68 233 233 296 296 
471 471 
23 23 97 290 290 
31 
344 
222 222 335 376 376 413 413 
407 407 
110 247 247 
269 300 300 415 415 
28 183 
287 
30 222 222 
114 114 
111 111 220 220 340 340 340 363 404 413 444 499 
2 2 28 178 
5 5 12 12 14 14 16 16 31 31 32 41 41 52 70 76 76 76 81 105 105 105 112 116 117 137 137 236 236 246 246 267 267 267 279 279 279 284 284 289 289 291 292 292 307 307 324 324 338 345 354 354 354 355 366 366 366 396 409 409 415 415 426 426 451 451 465 484 484 484 488 490 490 
126 126 126 
76 76 245 440 
413 
159 159 477 
2 2 91 
105 105 106 372 372 
56 148 148 236 267 267 268 304 446 
33 67 67 67 236 236 281 
43 65 286 362 362 413 413 413 479 479 500 500 
158 
55 55 101 236 267 471 471 
8 8 76 77 77 200 290 350 350 350 373 373 413 413 413 422 422 
496 496 496 
5 86 386 386 
76 76 76 109 207 
196 
236 415 415 
12 12 355 355 
271 271 271 
267 267 268 268 
159 

76 109 199 337 478 
76 
328 328 328 
35 
460 
233 233 310 310 

215 314 
214 314 314 467 
102 
143 143 
271 442 442 442 442 
39 232 274 402 402 454 
167 167 182 182 413 413 

30 30 35 119 119 174 174 180 180 314 341 413 413 483 
329 329 
8 8 8 313 350 
1 5 5 5 53 259 259 377 393 393 393 419 419 419 441 441 458 458 
292 292 292 
159 305 343 392 477 477 
76 76 245 245 361 
76 76 76 295 509 
275 
159 
219 454 454 454 
7 7 157 157 169 169 212 212 238 271 271 296 310 310 374 374 375 375 505 505 505 

487 
40 49 56 56 60 69 69 79 79 83 83 93 93 93 104 117 129 129 138 138 138 147 184 184 191 192 192 195 201 237 267 275 275 278 278 283 283 344 344 351 356 415 415 415 432 432 438 460 487 487 
83 83 236 
233 505 505 505 
342 342 405 405 405 
476 496 496 
39 62 62 
76 76 478 
311 311 413 413 424 424 424 494 494 
325 325 358 
76 76 186 228 228 
70 70 184 184 
110 176 176 288 288 401 401 401 
150 408 408 
40 
149 149 374 374 374 417 417 417 417 442 442 
270 286 413 

330 330 
277 277 277 277 415 
5 443 443 443 443 
273 354 354 
392 392 
70 70 409 409 
225 225 

329 329 
364 364 410 
315 
11 334 
496 496 
271 271 
39 39 184 184 184 191 191 195 204 204 236 268 356 
191 204 204 267 
177 415 415 415 
251 
3 3 9 203 203 203 218 233 233 266 266 282 287 297 327 339 354 374 374 374 375 375 391 391 391 401 401 401 408 412 427 427 442 453 502 
160 160 
5 5 5 256 354 354 472 475 
219 402 402 
230 236 236 
157 157 157 
254 254 254 254 415 
236 236 
5 5 184 184 184 431 431 
308 308 308 449 
67 192 298 298 298 347 347 
144 271 427 
236 236 303 303 303 344 344 415 415 
184 184 

193 251 413 413 
68 179 271 
247 247 
81 184 184 
23 23 97 171 171 196 480 
184 426 
76 76 152 152 184 184 226 226 226 410 410 
408 
58 58 58 397 397 399 408 
229 
169 169 233 425 
271 408 408 
281 281 281 347 347 
54 54 54 76 76 76 413 413 
177 177 
46 46 46 464 
39 485 
283 283 283 415 415 
56 56 56 148 191 
159 159 159 227 392 482 482 
87 150 150 370 370 370 408 408 
184 184 354 396 465 465 
280 280 280 467 
35 35 
212 212 233 233 
243 243 
84 84 85 85 85 160 160 348 348 348 
8 8 8 224 
76 76 80 80 96 214 215 215 222 317 317 319 349 384 398 398 413 418 429 429 434 434 449 455 455 455 467 467 467 481 
31 31 94 94 263 336 336 486 486 486 
444 444 
165 165 314 314 413 413 
413 413 
314 354 
140 
42 42 323 
76 76 162 
42 42 321 359 359 
37 37 184 184 
72 72 153 153 244 244 358 358 503 503 
358 358 358 
15 15 15 15 271 
76 76 209 209 209 
82 82 82 223 223 261 261 
39 39 39 62 71 71 159 159 253 253 369 369 369 369 369 428 428 
22 22 
407 413 
413 
264 385 385 413 413 413 
174 413 
108 315 315 486 
207 
184 415 415 415 
46 46 145 271 381 381 381 408 452 464 470 470 
182 182 182 
222 
239 239 
227 
69 69 69 173 236 236 283 283 447 447 447 
52 184 
27 27 47 47 47 76 
67 281 281 298 298 421 421 506 506 
84 84 312 312 312 
314 481 481 
8 8 196 196 196 224 
236 432 
402 402 402 
76 76 456 456 
5 31 31 41 41 76 151 184 184 184 256 256 271 273 273 307 319 411 411 450 450 462 462 502 502 508 508 
12 12 184 202 202 
236 267 
367 431 431 496 
38 72 72 72 89 90 141 244 325 325 326 326 326 413 413 466 466 466 503 503 
61 81 323 323 
76 
76 228 
193 193 413 413 413 
182 499 499 499 
118 152 262 262 410 410 
415 415 415 
184 184 184 
114 357 496 496 496 
401 
62 62 330 330 330 330 330 
306 306 306 
68 68 
106 106 190 190 
196 196 
154 154 154 233 233 250 250 250 271 271 271 408 408 408 417 417 442 442 
233 233 271 271 
174 174 
225 

103 146 146 
134 
46 46 46 64 133 139 139 339 339 339 395 
413 
63 63 75 415 
314 449 
334 334 413 
86 198 198 
124 124 
487 487 
81 130 130 130 142 497 
17 17 17 
271 271 271 
159 227 257 257 305 
225 225 225 
81 81 81 495 
0 0 0 0 46 381 
184 307 
58 58 294 294 
314 314 
41 41 294 492 
5 5 50 50 
110 247 247 247 271 271 271 368 
39 159 159 159 219 219 274 274 352 352 352 405 
427 427 
6 92 92 182 
39 39 239 239 239 402 
37 37 
175 175 332 413 
26 26 87 87 150 158 248 248 271 293 294 297 297 306 306 339 374 374 374 412 437 470 
184 184 258 258 
262 292 292 364 364 
354 354 
271 408 
35 45 45 65 74 74 76 76 76 77 92 92 119 119 119 128 155 155 161 167 168 168 174 174 182 187 193 193 193 196 196 196 220 220 222 222 243 243 251 286 286 299 299 314 317 317 318 318 332 333 334 334 334 335 358 358 362 362 362 382 385 407 448 448 494 494 494 500 500 500 
22 
57 116 116 177 177 184 184 201 201 236 236 236 254 269 269 269 277 283 283 303 303 338 338 338 365 365 365 383 463 463 463 
65 65 65 
250 250 250 250 374 374 
80 80 95 314 
225 225 225 
98 441 441 441 
347 347 
196 196 

243 243 243 
296 
184 184 291 
271 271 282 403 403 
20 159 159 159 330 330 
314 314 
62 62 
279 279 357 357 496 496 
236 236 351 460 460 460 

314 314 
449 

408 
236 
45 45 161 161 
186 
1 1 5 5 98 98 98 225 225 420 420 420 
218 218 218 218 250 250 271 374 374 468 468 
255 255 255 255 
182 316 316 
41 41 41 
191 
344 344 344 
128 128 413 413 
280 314 384 435 467 
41 156 156 354 354 462 462 462 
184 184 
25 25 25 25 339 464 
271 
4 124 219 232 232 232 
17 314 314 314 
76 76 353 353 
41 41 41 
225 225 

211 236 432 432 432 
497 
354 354 450 450 450 
75 415 415 415 
301 339 452 
184 307 307 
89 141 141 141 141 141 358 358 358 
215 308 314 314 314 449 
123 123 442 442 
159 
339 339 408 
101 170 170 195 195 
273 475 475 

29 56 487 487 
5 5 273 472 472 
10 100 100 100 240 
39 39 159 159 166 166 188 227 227 
76 76 207 242 
193 193 
127 290 
314 349 349 
305 305 
30 30 222 
116 184 184 184 
39 302 
31 31 120 315 315 315 336 489 
56 56 56 235 236 236 388 388 474 474 
184 
31 120 486 
51 184 184 
126 126 
399 
3 
243 243 413 413 413 
394 
100 100 100 197 197 197 240 240 265 265 357 367 367 367 431 431 
389 461 
160 
182 363 363 363 
193 193 413 413 413 
54 76 76 
134 134 271 354 354 
325 325 358 358 
5 5 88 
233 233 233 238 238 238 
347 347 
104 104 
5 86 86 86 354 354 
76 76 229 
159 159 
159 159 159 
