Nodes: 512, Edges: 1199
46 46 46 395 395 
225 225 225 441 
91 111 
271 493 
454 
18 18 18 18 18 34 34 48 48 88 184 184 184 198 225 225 255 255 273 273 279 279 354 354 354 400 400 400 441 475 475 508 508 
404 
233 233 271 271 271 
196 196 224 224 350 350 

476 476 
264 

76 76 
117 135 184 184 
182 182 182 327 444 
184 
390 390 455 455 455 
5 5 5 5 5 277 
104 104 
428 
31 31 
108 108 108 115 331 331 414 414 461 497 497 
171 290 
76 76 
452 
158 
76 76 76 346 346 
63 63 178 178 183 183 189 
474 
180 180 222 483 
21 21 172 172 184 184 315 315 354 354 486 486 489 489 
184 184 
67 67 192 
5 5 
222 309 413 413 

324 324 406 406 
89 89 89 89 358 
62 62 159 159 159 166 166 219 231 231 241 267 267 267 302 302 302 330 402 402 405 477 485 485 
192 192 236 236 249 249 249 
44 99 137 137 151 151 156 160 160 160 184 324 324 324 354 399 445 457 
321 321 323 
193 193 193 
41 
76 76 413 413 439 
0 0 0 64 64 301 301 301 301 301 339 381 395 395 
346 346 
5 5 
236 236 236 
400 
490 490 
345 345 345 
225 225 
76 76 299 501 501 
195 236 236 
104 191 191 236 236 236 446 474 487 487 
415 415 415 
294 294 294 397 397 
444 444 
104 104 236 236 
81 81 81 359 359 
39 39 241 241 241 330 330 369 369 369 430 430 430 
28 28 383 463 463 
46 46 381 381 
193 416 416 416 
141 141 
33 33 192 192 192 281 281 347 
287 287 287 287 287 296 296 371 
236 236 236 344 344 
246 258 
330 
325 325 358 358 466 
94 315 315 
413 413 
383 383 463 
13 13 24 24 27 27 27 45 45 54 54 78 78 107 107 109 162 184 184 186 196 196 199 199 207 207 208 208 228 229 229 242 245 292 292 299 322 322 322 322 328 328 328 354 361 361 423 440 440 456 478 478 478 501 509 509 509 
119 196 196 196 413 
76 76 
236 236 236 
314 314 418 418 
61 61 61 82 82 113 184 261 289 329 359 359 389 394 495 495 495 
81 81 142 389 389 
237 237 
85 312 312 348 
84 160 312 312 
198 198 508 
408 408 
5 504 
38 38 38 38 128 466 
358 358 
2 189 
182 404 
236 236 236 236 
73 315 315 
418 
317 
171 171 290 290 
420 441 
41 256 
197 197 476 476 496 
140 140 195 195 471 471 471 
136 216 216 
379 379 425 425 425 
19 19 56 60 60 138 138 236 236 237 237 507 507 
106 106 106 184 184 184 190 
105 105 105 190 190 372 372 372 
76 76 
22 22 22 115 115 115 414 
76 199 
176 176 176 401 401 
2 182 182 
184 
81 
181 181 181 
22 108 108 108 
184 184 415 415 415 484 
14 125 136 184 184 184 236 236 

77 122 222 413 413 413 
486 489 489 
143 143 
119 222 
468 468 
387 387 454 454 454 
117 136 136 
185 473 
480 
89 413 413 448 448 
236 236 236 415 415 
389 
240 240 240 454 
168 168 168 
381 381 
380 380 380 502 502 502 
14 
102 117 125 125 
41 41 184 
104 104 236 236 
381 381 381 
101 101 320 378 378 
66 66 358 358 413 413 413 466 466 466 
82 389 389 389 
121 121 217 
282 
339 
379 379 
236 236 
191 191 304 
250 250 
248 248 306 306 
41 41 


374 374 374 
413 413 
41 450 450 
233 276 276 276 
26 194 271 408 408 
39 39 39 188 188 188 188 205 227 227 231 231 305 305 402 402 428 428 433 433 469 469 469 477 477 510 510 511 511 
41 41 41 85 272 498 
413 413 439 
76 322 322 

300 300 300 
329 329 
39 39 477 
220 220 
132 132 132 413 
233 
471 
23 97 97 290 290 
31 31 
344 344 344 
222 222 222 335 376 376 376 
413 413 413 
110 110 110 247 247 
283 283 415 
28 28 183 183 
287 287 287 287 
30 30 222 
114 114 114 
15 15 15 92 111 111 340 340 340 363 363 404 404 413 444 444 499 
28 28 178 178 
5 5 5 14 14 16 31 31 32 32 41 76 76 81 105 105 105 112 116 116 117 117 117 137 199 213 213 221 236 236 236 246 246 258 258 267 267 267 279 279 284 289 289 291 338 338 345 354 354 396 409 409 409 415 415 415 426 426 451 456 465 484 488 490 
126 491 491 
76 245 245 245 440 

159 159 159 159 477 510 
28 91 
105 106 106 372 372 
56 56 148 148 236 236 236 267 285 285 304 304 446 
33 40 40 67 67 67 236 281 
43 43 43 65 286 358 358 362 362 413 479 500 500 500 
158 
55 101 101 236 267 267 471 471 
8 8 76 76 77 77 77 200 350 350 373 413 413 422 
100 100 496 496 
5 86 86 386 386 
76 76 109 184 
196 
236 236 
355 355 
271 
267 
159 
405 405 
76 76 337 337 337 478 478 
76 76 
328 


233 310 
184 184 
215 314 
214 467 
102 102 
143 
442 
39 402 402 454 
167 167 413 413 
184 
30 35 119 122 174 174 174 180 268 268 314 314 341 341 376 413 413 
329 
8 8 313 350 
1 1 1 5 5 53 53 259 259 259 377 393 419 419 441 441 458 458 
292 292 
159 159 305 305 305 343 343 477 477 
76 
76 76 295 509 
236 236 303 303 415 415 
39 39 159 159 
454 454 
7 7 157 169 212 271 271 296 296 310 310 374 374 375 375 505 505 505 505 
503 503 503 
487 487 487 
40 40 49 49 49 55 55 56 56 56 60 60 69 69 69 79 79 79 93 93 93 93 104 104 117 117 129 129 129 138 138 147 147 184 184 184 191 191 191 192 195 201 201 230 230 237 237 267 267 275 275 275 278 283 283 344 344 344 351 415 415 438 460 460 460 487 
83 83 104 104 236 236 
505 505 
342 342 405 
131 131 131 476 476 
39 62 62 62 
76 
413 413 413 424 494 494 494 
325 325 325 358 358 
76 186 186 186 
70 184 184 
176 176 288 401 401 
150 150 293 408 
40 40 40 
149 149 374 417 
270 286 286 286 413 

330 330 
277 415 
5 5 443 443 443 443 
99 354 391 
392 392 392 392 
70 184 184 409 
225 225 225 

81 329 329 
364 410 410 489 
315 
11 334 334 334 
496 
271 271 
39 39 39 184 184 184 191 195 195 204 236 236 356 356 471 
222 222 
415 
251 
3 7 7 7 158 203 233 233 266 266 282 287 297 339 339 339 354 374 374 375 375 391 401 401 408 408 408 427 427 442 453 453 453 502 
160 
5 5 354 354 354 472 472 472 475 
402 
236 236 236 
157 157 157 
18 254 415 
236 
5 5 184 184 431 431 431 
308 449 449 
67 67 192 298 298 347 347 421 421 
144 271 
177 177 236 236 303 303 344 344 344 415 415 415 
184 
191 191 
193 251 251 251 413 
68 68 68 68 68 179 179 179 179 271 
247 
81 184 184 
23 97 97 171 171 480 480 
184 426 426 
76 76 226 226 364 364 
248 408 
58 58 58 397 397 408 408 
229 
68 68 233 233 425 425 
271 408 
281 281 347 
54 76 413 
164 164 164 
46 46 46 46 46 
39 39 39 485 
230 230 283 283 415 
148 191 191 
159 159 227 227 227 392 482 482 
150 150 370 370 
354 465 465 
280 
35 
212 233 233 

84 84 85 85 348 348 348 
224 
80 80 214 222 222 317 317 317 349 349 349 384 384 384 398 398 413 413 413 418 429 434 434 455 455 467 467 467 481 
31 31 73 73 94 94 263 336 336 486 486 486 
444 444 444 
96 314 314 314 413 413 413 
413 
354 
140 
42 42 
76 76 76 76 162 162 
42 359 359 
37 37 41 41 41 
72 72 244 244 244 503 503 
358 358 
15 
76 76 76 209 
81 165 165 223 261 261 
39 62 62 71 253 253 369 369 428 
22 22 
407 
413 413 
264 264 264 385 385 413 
174 413 413 
315 315 486 
207 207 207 
184 184 415 415 
46 145 271 271 271 381 381 408 408 427 427 452 452 452 464 470 470 
182 182 182 
222 222 
239 239 
227 227 
69 69 173 173 173 236 236 236 283 283 283 447 447 
52 52 52 184 
27 27 47 47 459 459 
67 281 281 298 421 421 506 506 
84 312 312 312 
314 314 314 481 
8 8 196 196 224 
236 432 432 432 
402 402 
456 
5 5 5 31 31 41 76 184 184 256 271 273 273 273 307 319 450 450 462 490 490 502 502 508 
202 202 
267 267 
431 431 
38 72 72 90 90 141 141 193 193 244 244 326 326 413 413 466 466 466 503 503 
61 61 81 81 323 323 

76 76 
193 193 413 413 
182 182 499 499 499 
262 292 292 
415 415 

496 496 
401 
62 62 62 330 330 
306 306 
68 
106 106 106 190 190 
196 
154 154 154 233 233 250 271 271 408 417 417 442 442 
233 233 271 271 
174 174 174 222 
225 458 
140 140 
103 103 146 146 
134 134 134 
46 64 64 133 133 139 139 139 339 339 395 395 408 

63 75 75 415 415 463 463 
314 314 314 
334 334 413 413 
198 198 
124 124 
487 487 
81 82 82 130 142 142 142 497 497 
17 17 
256 271 
257 257 257 257 305 
225 
81 495 
0 0 46 46 381 381 
184 
58 58 294 294 
314 314 
41 
5 5 5 50 
110 110 247 247 271 271 368 
39 39 159 159 219 219 274 352 352 405 405 
427 427 427 
6 92 182 182 
39 206 206 239 402 402 
37 37 
332 
87 87 158 158 248 271 271 271 293 294 294 297 339 339 374 381 437 437 470 470 
184 184 184 258 
262 262 


35 35 45 45 74 74 77 119 119 119 128 128 141 141 141 155 155 161 161 168 175 175 175 182 193 196 196 220 220 222 222 243 243 243 251 286 299 314 314 314 317 317 317 318 333 333 334 335 335 358 358 362 362 385 385 448 455 494 494 494 500 500 500 
22 22 108 
57 57 57 116 116 116 129 129 177 184 184 184 230 230 236 236 254 269 277 283 283 283 303 338 338 365 365 383 383 463 
65 65 65 
250 374 374 
80 80 95 314 
225 225 
98 441 441 
281 281 347 347 
196 
76 
243 
103 103 103 296 296 
184 184 291 291 
271 271 339 339 403 403 403 
20 159 159 330 
314 
62 62 62 
279 279 279 357 357 496 
351 351 351 460 
159 159 
314 314 
449 
497 
408 408 
236 
45 161 
76 76 186 
1 5 98 225 225 420 420 
218 271 374 374 468 
255 255 255 255 
15 59 59 182 182 316 316 316 
41 
56 191 
344 344 
128 128 413 
280 280 435 467 467 
156 156 354 354 462 462 
184 
25 339 339 339 464 464 
271 271 271 
4 124 124 124 131 219 232 232 
17 17 17 314 314 413 
76 184 353 491 
41 
225 225 377 
346 346 
236 236 236 432 
22 497 
354 450 450 
63 63 75 383 383 415 
339 452 452 
184 307 307 
72 89 141 141 141 358 358 358 
215 314 314 314 449 449 
123 123 442 
159 159 159 
339 339 408 408 
101 101 101 170 195 195 267 
273 273 273 475 
126 
29 56 487 487 
5 5 273 472 
10 10 100 100 240 240 496 496 
39 159 159 166 188 227 227 
76 76 76 207 207 
193 
127 290 290 
314 349 
305 305 
30 
116 184 
39 39 302 
31 31 120 315 315 315 336 
56 56 235 235 235 236 388 388 474 474 
184 
31 31 120 120 262 
51 51 184 354 354 
185 185 456 

3 
243 243 243 413 413 413 
81 81 81 394 
100 197 197 265 367 367 431 476 476 
22 22 389 389 436 461 
160 
182 363 363 363 
193 193 193 413 413 413 
54 54 76 
134 134 134 271 354 354 
234 234 234 325 325 358 358 
88 
233 233 233 233 238 238 
347 347 
104 104 
5 5 86 354 
76 76 76 229 
159 159 188 
159 159 
