Nodes: 256, Edges: 626
18 18 18 190 236 
153 153 164 164 
153 153 
81 81 81 
14 14 14 18 18 32 32 32 138 138 208 
38 38 42 42 50 56 56 68 68 68 81 81 94 94 102 102 102 108 114 114 117 123 123 123 126 126 126 126 133 133 133 136 136 141 142 143 143 165 165 178 203 203 203 221 221 234 243 244 244 244 248 254 
212 212 212 212 
41 86 86 86 97 124 130 130 203 218 
81 81 141 168 215 215 228 247 
182 182 
14 14 14 
134 134 134 134 172 172 172 
227 227 
33 33 33 37 37 37 
4 4 4 10 10 10 18 32 47 47 51 138 139 139 146 146 152 152 152 163 163 163 180 180 208 208 
26 26 207 207 207 207 231 
78 89 93 93 95 95 95 
66 66 66 84 
0 0 0 4 4 14 60 60 61 61 61 63 80 80 80 80 90 152 152 180 186 
62 62 62 
98 98 166 166 
52 52 52 71 71 71 71 131 131 131 140 140 140 151 153 153 228 228 228 
43 
192 192 192 
223 
153 
15 15 33 33 44 44 59 62 70 70 72 84 87 98 122 196 196 213 231 231 237 
110 
88 88 165 
205 205 
64 175 196 230 230 230 239 239 239 
157 157 
4 4 4 14 
13 13 13 26 26 39 39 44 44 122 134 185 185 197 197 211 222 222 
137 

203 
13 13 13 122 134 134 134 169 219 219 219 
5 5 42 
33 33 134 
203 203 
7 
5 5 38 81 81 
22 195 195 245 
26 26 33 33 59 188 188 
148 148 153 153 
56 56 56 56 221 221 221 
14 14 152 
152 152 245 245 245 
84 84 
5 123 254 
14 61 
21 21 21 
81 81 
127 127 
121 121 121 238 
5 5 46 46 46 46 181 227 227 
154 241 241 
104 104 152 152 203 203 203 214 245 251 251 251 
26 44 
18 18 76 76 152 152 206 236 250 250 250 
18 18 18 51 206 206 206 
19 19 19 26 
18 90 137 137 192 202 
30 175 196 
81 
17 17 17 

5 5 5 
223 
26 26 122 122 210 210 210 249 
21 21 21 21 
26 
134 
156 156 199 203 
147 203 205 205 217 233 
60 60 152 
122 
16 89 93 93 93 
111 
18 18 18 18 137 137 
3 3 3 5 5 8 8 42 42 53 53 65 125 153 153 160 160 162 162 162 176 176 203 203 228 228 238 238 238 251 
197 197 197 
113 113 177 204 
17 26 49 49 100 100 109 127 127 183 183 189 255 255 
128 128 128 
7 7 7 92 92 92 203 203 218 
26 237 237 
28 28 165 165 203 
16 78 93 93 93 
18 63 242 
121 121 121 238 238 
86 86 86 203 218 
16 16 78 78 78 89 89 89 111 111 154 154 176 176 201 224 
5 5 243 243 243 
16 16 16 
127 127 200 200 229 240 240 
7 130 130 
20 20 26 166 166 209 209 209 237 237 
251 251 
84 84 109 109 109 194 194 198 
145 
5 5 5 234 

58 58 129 152 
156 
204 204 204 
119 119 119 152 152 
5 126 126 126 
84 100 100 100 127 127 127 194 194 194 198 216 
27 
79 93 93 

83 83 145 145 177 177 177 204 204 204 246 246 
5 5 
253 253 253 
203 
5 234 234 
188 
107 107 107 152 152 
155 155 155 170 170 206 
55 55 55 91 91 91 238 238 
26 33 37 70 70 77 
5 5 5 50 161 161 
7 
81 
5 5 5 5 108 108 108 
54 54 84 84 96 96 109 109 109 144 144 144 187 187 187 216 229 229 
85 85 85 228 
104 
7 7 97 97 
21 21 21 
222 222 
5 5 5 227 227 
11 11 11 11 33 37 37 37 39 73 
175 175 175 
5 5 
34 63 63 80 80 202 202 
4 4 14 
14 14 
21 21 21 
5 8 
5 159 
5 5 149 221 221 
127 127 127 
101 113 113 204 246 246 246 246 
14 14 152 152 152 223 223 
75 
45 45 153 153 
143 203 203 

21 228 228 228 
14 14 14 18 18 47 48 48 58 58 60 60 76 104 107 107 119 119 146 146 146 157 157 163 163 223 223 
1 1 2 2 21 21 25 45 45 81 81 148 148 179 179 179 228 228 228 
57 93 93 176 176 241 241 241 
120 120 120 206 
74 74 105 199 203 
31 31 152 152 
164 164 
142 
81 81 
123 123 
81 81 81 238 238 
14 14 14 152 152 
1 1 158 158 232 
5 5 28 88 88 203 
20 20 98 98 209 
173 173 
8 
37 
120 120 174 174 206 206 
205 205 205 
11 11 11 
167 167 176 
170 170 206 206 206 
30 64 135 135 135 
81 81 93 93 154 154 173 
83 113 113 113 
5 
153 153 153 
14 14 18 
56 
9 9 196 
84 84 
228 
33 33 
18 
127 127 127 
44 44 118 
84 
0 236 236 

23 23 23 63 
253 253 
100 100 109 109 109 
43 43 204 204 204 245 245 
26 26 30 64 182 
33 33 82 82 82 
100 109 255 
74 156 
96 96 229 229 229 229 
93 
63 137 137 
5 5 5 7 36 40 40 58 58 58 74 75 81 81 86 86 88 92 116 149 149 156 165 251 251 252 
83 106 106 106 113 113 113 145 195 195 195 
29 29 75 75 171 171 171 
60 61 61 61 120 155 170 170 174 174 174 
15 15 15 15 
4 14 14 
98 98 98 166 
70 70 70 
33 
6 6 6 6 222 222 
26 237 
58 
8 8 241 
109 127 
75 233 
7 86 92 
37 37 37 
251 251 
5 5 46 46 46 143 143 227 227 
33 33 132 132 212 212 
24 69 146 146 152 152 
93 


12 12 56 56 133 133 221 221 
8 21 21 21 81 81 128 151 151 151 153 153 153 184 
96 127 127 200 200 200 200 
30 30 30 
15 26 26 
164 
75 217 
5 102 117 117 

0 60 190 190 
26 87 87 98 98 213 
55 81 81 81 91 91 121 121 162 162 
30 30 30 
96 96 
57 57 154 154 154 215 
90 
5 94 94 94 
5 5 5 
43 48 48 48 58 195 195 
113 113 145 145 145 145 
8 
5 
70 
60 60 60 
58 58 58 81 99 99 203 203 220 220 
203 
115 115 115 193 193 
5 50 
84 84 198 
