Nodes: 256, Edges: 626
18 18 236 236 
21 21 105 153 158 164 164 232 
153 153 
81 81 81 
14 32 32 208 208 
38 38 38 42 42 42 46 50 56 56 68 81 81 81 102 102 103 103 103 108 114 117 123 126 126 126 142 142 142 143 159 165 165 165 178 203 203 221 221 227 234 243 243 244 248 
212 212 212 212 
41 74 74 86 86 97 97 124 124 203 203 218 
71 71 81 168 168 168 215 228 228 228 
182 182 182 
14 14 
134 134 172 
227 
33 
4 10 10 18 18 18 51 138 138 139 139 146 152 163 163 163 180 
26 26 26 207 207 231 
78 78 95 95 
66 66 66 84 84 
0 0 14 14 14 60 61 61 63 63 80 80 80 80 90 90 152 152 152 186 186 192 192 206 206 
62 62 
98 98 166 
1 1 52 52 71 131 131 140 140 153 153 228 228 


223 
81 153 153 
15 15 15 33 44 62 62 70 70 84 84 84 87 87 98 98 98 122 122 122 141 141 175 175 196 196 213 231 237 237 237 
110 
88 88 165 165 165 
191 
64 175 230 239 239 239 
157 
4 4 
13 26 37 37 39 39 44 44 122 122 122 185 185 197 197 211 211 211 222 222 
137 137 
53 53 53 
203 203 203 
33 33 122 134 134 150 169 219 219 219 219 219 
5 5 5 42 42 
33 33 73 134 134 
203 
7 
5 5 5 38 38 81 243 243 
245 
26 33 33 59 150 188 188 
148 153 153 
5 56 56 56 56 221 221 221 221 221 
152 
58 152 
84 
5 123 254 254 254 
14 
21 21 
35 35 35 81 81 81 
127 
121 121 121 238 238 
5 5 46 46 46 46 181 181 227 
93 93 93 154 154 
48 104 104 152 203 203 203 214 245 245 245 251 252 252 252 
44 
18 76 152 152 206 206 236 236 250 250 
18 18 
19 19 26 26 
18 18 90 90 137 137 192 202 242 242 
30 175 196 196 
81 81 81 93 93 
17 17 17 

5 
223 223 223 223 
26 26 77 122 210 249 
8 8 21 131 228 247 247 

39 
7 7 86 156 203 203 
147 171 203 203 205 217 217 217 
60 152 
70 122 122 
16 16 89 
111 111 
18 18 18 18 137 
3 3 3 5 5 5 8 25 42 53 53 53 65 65 65 93 93 93 125 153 153 160 160 162 162 173 176 203 203 228 228 238 238 251 
84 197 197 
113 177 204 204 
17 17 26 26 26 49 82 100 100 109 109 127 127 189 189 189 255 255 
128 128 
7 7 74 92 92 92 203 203 
26 26 
28 28 165 203 203 203 
78 93 93 93 
18 18 63 63 206 242 242 242 
121 238 238 238 
86 86 86 203 218 
57 57 57 65 65 81 81 81 89 89 89 111 154 176 176 201 201 224 
112 112 243 
16 16 
127 127 200 200 229 229 229 240 240 240 
7 7 130 226 226 
20 20 26 26 26 166 209 209 213 213 237 237 237 
251 
84 84 109 194 198 
145 145 
5 5 203 203 234 
5 5 5 
58 58 129 129 
1 
145 145 145 204 
119 119 119 
5 126 126 
84 84 100 127 198 216 216 
27 153 153 
79 79 93 
94 94 
83 145 177 177 177 204 204 246 246 246 
5 
253 253 253 
203 
5 234 234 234 
188 188 188 
107 107 107 152 152 
155 155 155 155 170 206 206 
55 55 55 91 238 
26 26 26 33 33 33 37 70 77 77 210 
5 50 161 161 
7 7 
81 
5 5 5 108 108 203 
54 84 84 96 96 109 144 144 144 187 187 189 216 216 229 229 229 
85 85 228 228 228 
104 104 
97 
21 21 71 
222 
227 
11 11 37 37 39 39 
175 

34 34 63 63 80 202 
14 14 
14 14 
21 21 
26 26 
5 5 5 
5 203 203 203 
127 127 127 
101 101 106 106 106 113 204 246 246 246 
14 223 
75 
45 153 
203 
37 44 
228 228 
14 18 18 18 47 48 58 60 60 76 119 119 157 157 163 163 223 225 225 225 
1 2 2 21 21 25 25 45 45 81 81 110 110 148 179 179 228 228 228 
57 57 93 241 241 241 241 
120 120 120 120 206 206 
74 199 203 203 
31 152 152 
1 164 164 
5 
81 81 
123 123 
81 81 238 
14 14 14 152 152 
1 1 158 158 232 232 232 
5 5 5 28 28 28 88 203 203 
20 98 209 
173 173 
8 8 8 
37 
120 174 174 206 206 
75 205 
11 
81 167 167 176 176 
170 170 206 
26 26 30 64 135 196 
81 93 93 173 173 
83 113 113 113 
5 
153 153 
14 
56 56 
9 9 9 196 196 

228 228 
33 33 
18 18 
127 127 
44 44 118 118 118 
84 84 84 127 
236 236 
29 205 205 
18 18 63 
237 
100 
204 245 245 
26 26 64 64 175 182 182 
33 33 82 82 
100 109 
156 
96 96 229 
93 93 
63 137 
5 5 7 7 36 36 36 40 58 58 58 74 74 75 75 81 81 86 86 88 88 88 92 102 102 116 126 143 143 143 149 156 156 165 165 220 220 220 251 252 
83 83 106 113 113 145 195 245 
75 171 191 191 
18 18 60 60 90 120 120 155 155 170 170 174 
15 15 
4 4 
98 98 166 
70 122 
33 33 33 
6 6 6 6 222 222 
26 98 98 237 
58 252 252 
8 
109 109 127 127 
75 75 75 233 233 233 
7 92 
37 37 37 37 37 
203 203 203 251 
5 5 46 46 46 46 46 227 227 227 235 
33 33 132 212 212 
24 69 69 69 69 146 152 
93 
152 152 152 
97 97 
5 12 56 133 221 221 221 
8 8 8 21 21 71 81 81 128 128 128 151 151 153 153 153 184 184 
96 96 96 127 127 127 200 
30 
15 26 
1 164 164 164 
217 217 217 
5 102 117 117 117 
221 
0 0 60 60 190 190 
26 26 26 98 98 98 193 213 
55 55 81 81 91 91 91 121 162 
30 30 30 
96 96 96 
154 154 154 154 
63 63 90 90 90 
5 5 42 42 94 
5 
43 58 58 58 195 195 204 
113 113 113 145 145 145 
71 71 
5 
70 
60 60 
58 81 99 203 220 
58 58 58 203 214 214 
115 115 115 
50 50 50 
84 84 
