Nodes: 256, Edges: 626
18 18 18 190 190 236 236 
21 105 153 153 158 158 164 164 232 232 
153 
81 81 81 81 
14 14 32 138 138 208 208 
38 42 42 68 68 98 98 102 103 103 103 108 114 114 114 117 117 126 126 126 133 133 136 136 136 141 141 142 142 143 165 165 165 165 178 178 178 203 203 221 221 227 227 234 243 243 243 244 254 
212 212 
41 74 86 86 86 97 97 124 124 130 130 203 203 
71 81 81 131 168 168 215 228 228 247 247 
182 182 
14 14 
134 134 172 172 

33 33 
4 4 10 10 18 18 32 47 51 51 51 139 139 146 152 163 163 180 208 
26 207 207 207 207 231 
78 89 93 95 95 
66 66 84 84 84 
0 0 0 14 14 60 60 61 61 63 80 80 80 90 152 152 152 180 186 206 206 
62 62 
98 166 166 
1 45 45 45 52 52 71 71 71 71 140 140 140 151 153 153 228 228 

192 192 
223 223 223 223 223 
81 81 153 153 
15 33 33 44 44 59 62 67 67 70 70 72 72 72 84 122 122 196 231 231 


191 205 205 
64 64 175 182 182 196 196 196 230 239 239 
104 157 157 157 
4 14 
13 13 26 26 37 39 39 39 44 44 134 185 185 185 211 222 222 
137 
53 53 81 
203 203 
33 122 134 134 134 169 169 219 
5 42 
33 33 33 73 134 
203 
7 
5 5 38 81 
195 195 245 
26 26 33 33 59 150 188 188 188 
21 21 21 
56 56 56 221 
14 152 
58 152 245 245 
84 
123 123 254 254 254 
14 14 14 
21 21 
35 35 81 81 81 
127 127 127 
121 121 238 
46 46 46 181 
93 93 154 154 241 241 241 
48 104 104 104 152 203 203 214 245 252 252 252 
26 44 
18 18 76 152 152 152 206 236 250 250 250 
18 18 206 206 
19 19 26 
18 90 90 137 202 202 242 242 
30 30 175 175 175 196 196 196 
81 93 
17 17 
26 26 
5 5 
223 223 223 223 
26 26 210 210 249 
8 21 21 21 21 228 228 
26 26 26 
39 
7 156 156 156 203 203 203 
171 203 203 205 217 233 233 233 
60 152 
122 122 
16 89 93 93 93 93 
111 111 
18 18 18 137 
3 3 3 3 8 8 25 25 35 42 53 53 53 65 93 93 125 153 153 162 162 176 176 176 203 228 228 228 238 251 251 
197 197 197 197 
113 177 177 204 
17 17 17 26 49 109 127 183 183 183 189 255 
128 128 128 
7 7 7 92 92 92 218 218 
237 237 237 253 
165 
16 78 93 93 93 
18 63 63 206 206 242 242 
121 121 121 238 238 238 
86 86 86 203 
16 57 57 65 78 78 78 78 81 81 89 89 89 111 154 176 176 224 
112 112 243 243 243 
16 16 
127 127 144 200 229 229 240 240 240 240 240 
7 7 130 130 226 226 226 
5 5 20 166 209 209 213 213 237 
251 
109 109 109 194 194 198 198 
145 145 145 
5 203 203 203 234 
5 5 5 
31 58 58 58 129 
1 
145 145 204 204 204 
119 119 119 152 
5 126 
84 100 100 100 127 127 194 198 198 198 216 216 
153 153 153 
79 79 93 
94 94 
83 145 145 177 204 204 204 246 246 246 
5 5 5 
253 253 253 253 253 
203 
5 5 234 
188 188 
107 107 107 
155 155 170 170 206 
55 55 91 91 91 238 238 
26 26 37 77 77 210 
50 50 161 161 
7 7 
81 
5 5 5 108 
54 54 54 84 96 96 109 109 144 144 144 187 187 189 189 216 216 229 
85 85 85 228 
104 
7 7 97 97 
8 228 
222 222 
5 5 227 227 227 
11 11 33 37 37 37 39 
175 
5 5 5 
34 63 80 
4 4 
14 14 
21 21 21 
5 5 
5 5 159 159 
5 203 221 
96 127 127 127 
101 101 101 106 106 113 113 204 204 246 246 
14 152 223 

153 
203 
44 
21 228 228 
14 18 18 18 47 48 58 60 60 60 76 107 146 157 163 223 223 223 225 
1 1 2 21 21 25 25 81 81 110 110 110 148 179 179 228 228 228 
57 57 93 176 176 176 241 
120 120 206 
74 74 74 203 
31 31 31 152 
1 1 164 164 
142 142 
251 251 
123 123 
81 81 238 238 238 
14 14 152 
1 1 158 158 232 
5 5 5 5 88 
20 20 98 209 
173 
8 8 
37 37 222 
120 120 206 206 
75 205 205 
11 11 
167 176 
206 
30 64 64 64 135 196 
81 81 81 93 93 154 154 154 173 
83 83 113 
5 5 5 
153 153 
14 18 
56 
9 9 30 30 196 
84 84 84 
228 
33 33 33 
18 
127 127 
44 44 44 118 118 
84 127 127 
0 0 236 236 
29 205 
23 23 
237 253 
100 100 109 
43 43 204 204 204 245 245 
26 30 30 30 64 64 64 175 182 
82 82 82 82 
100 100 109 109 109 

96 229 229 229 

63 63 
5 5 7 7 36 36 40 58 58 74 74 74 75 75 81 92 102 102 102 116 143 149 156 251 251 251 252 252 
83 106 106 106 113 113 113 145 145 195 195 195 245 
29 29 75 171 171 191 
18 18 60 61 61 90 90 120 155 170 170 174 
15 15 15 15 
4 4 14 
98 98 166 
70 70 122 
33 
6 6 222 222 
98 98 
58 
8 
109 109 127 127 
75 233 233 
86 86 
37 
251 251 
5 5 46 143 227 227 227 
33 33 132 132 169 212 212 
24 24 24 24 24 69 69 69 69 146 152 152 152 
93 
152 
97 97 97 
5 5 133 133 133 221 221 221 
8 8 21 21 71 71 81 81 81 128 131 151 151 153 153 153 184 
96 96 127 200 200 200 
30 
15 26 26 
1 1 164 
75 75 75 217 217 
5 102 117 

0 0 60 190 190 
87 87 87 98 193 
55 81 91 91 91 121 121 162 162 162 
30 30 
96 96 96 96 96 
57 57 57 154 
63 63 90 90 
5 5 5 94 94 94 
5 
43 48 48 58 195 195 204 
113 113 113 145 145 
8 8 

70 
60 60 60 
81 81 99 160 160 203 203 203 220 220 
58 58 58 203 203 
87 115 115 115 115 115 193 
5 50 50 50 
84 
