Nodes: 256, Edges: 626
18 18 18 190 190 190 236 236 236 
21 105 105 105 153 153 158 158 164 164 164 232 232 232 
153 153 
81 81 
14 14 18 18 32 32 138 138 208 208 
38 42 50 50 50 56 68 81 102 102 102 103 108 114 114 114 117 117 117 123 123 126 126 126 126 136 136 136 142 143 165 165 178 178 203 203 221 221 221 227 227 234 234 238 238 238 243 243 244 244 248 254 
212 212 212 212 
41 41 41 69 86 86 97 97 97 124 130 203 218 
71 71 71 81 81 131 168 168 215 228 228 
182 182 
14 
134 134 172 172 172 172 
227 227 
37 37 
4 4 10 18 18 18 32 32 47 138 138 146 152 152 163 163 163 180 208 208 
26 207 207 207 207 231 231 231 
78 78 78 89 
66 66 84 84 
0 0 0 4 4 14 14 14 60 60 61 61 63 63 80 80 80 80 90 90 152 152 180 186 186 192 206 
62 
98 166 166 
1 45 45 52 52 71 131 131 140 140 153 228 228 

192 192 
223 223 223 223 
81 81 153 153 
15 33 44 59 62 67 70 72 84 87 87 98 98 122 122 196 213 231 237 
110 
88 88 165 
205 205 
64 182 196 230 239 239 239 239 
104 157 
4 4 14 14 
26 37 37 37 39 39 39 44 122 134 185 185 185 197 211 211 211 222 
137 
53 53 81 81 
203 203 
13 13 33 33 33 122 134 134 134 134 150 219 219 219 219 219 
5 42 
33 33 33 73 134 
203 203 
7 7 7 
5 38 81 81 243 
195 195 195 245 245 
26 33 150 188 188 188 
21 21 148 
56 56 
14 152 
152 245 245 245 
84 84 84 
5 5 5 123 254 254 

21 21 
35 35 81 
127 127 
121 238 
5 46 46 181 181 
93 93 154 154 241 241 
104 104 152 214 245 251 251 252 252 
26 
18 18 76 152 206 
18 18 
19 26 
18 18 137 137 202 202 242 
30 175 175 175 196 196 196 
81 81 
17 17 
26 
5 
7 223 223 223 
26 77 122 122 122 210 249 249 
8 8 8 21 228 247 247 
26 
39 134 
203 203 203 
147 171 171 203 203 205 205 205 233 233 233 
60 
70 122 
16 16 16 89 93 93 
111 111 
18 18 18 18 137 
3 3 5 8 8 25 25 35 35 42 42 53 65 65 93 153 153 153 160 160 160 162 173 173 176 176 176 228 228 238 238 251 251 
197 197 
113 113 177 177 204 204 
17 17 26 49 49 49 100 109 109 109 127 127 183 183 189 189 255 255 255 

7 7 92 92 218 
26 26 237 237 237 253 
28 28 165 165 203 
16 78 93 93 93 
18 18 206 242 
121 238 238 
86 86 203 
57 57 78 78 81 89 89 89 111 154 176 176 201 224 
112 243 243 

127 127 127 200 229 229 240 
7 7 7 130 130 226 226 226 
20 26 26 166 209 213 237 
251 251 251 
84 109 109 109 194 198 

5 5 5 203 234 
5 
31 58 58 129 152 152 152 
1 1 1 
145 204 204 
119 119 119 152 
5 
84 84 84 100 100 100 127 127 194 194 198 198 198 216 216 216 
27 153 153 
79 79 93 
94 
83 83 145 177 177 204 246 246 
5 5 5 
211 253 253 253 
203 
5 5 5 234 
188 188 188 
107 107 107 152 152 
155 155 170 170 206 206 
55 91 238 238 
26 26 33 37 70 70 70 77 142 210 
5 5 50 161 161 
7 

5 5 5 5 203 
54 54 84 84 96 96 96 109 109 144 144 144 187 189 216 229 229 
228 228 228 
104 
7 97 97 
8 21 21 228 
222 
227 
11 11 33 37 37 37 37 39 73 
175 175 
5 5 5 
34 63 63 80 202 
4 4 14 14 

21 21 

5 122 159 159 
5 149 203 203 221 
127 127 127 
106 113 204 204 246 246 246 
14 
75 205 
45 153 153 
143 203 233 
37 44 
228 
14 14 18 18 47 48 58 60 104 104 104 107 119 119 157 163 163 223 225 
1 1 2 2 21 25 25 81 81 81 110 110 148 148 179 228 228 
57 57 93 241 241 
120 120 206 
199 199 
31 152 
1 1 164 
142 142 
81 81 81 251 
123 123 
81 238 238 238 
14 14 14 152 152 
1 1 1 158 232 
5 5 28 88 88 203 203 
20 20 98 209 209 
173 
8 8 

120 120 174 206 
75 75 205 205 
11 11 11 11 
81 81 167 176 176 
170 206 206 206 
64 64 64 135 135 196 
81 81 81 93 93 173 173 
83 83 113 113 
5 5 
153 
14 18 
56 56 
9 9 30 196 196 
84 84 
228 
33 33 33 
18 18 
127 
44 44 44 118 118 118 
84 84 127 
0 0 0 236 236 
205 
18 23 23 
237 237 237 
100 109 109 
43 43 43 204 245 245 
26 30 64 64 64 175 182 182 
33 82 82 
100 109 109 109 
156 156 
96 229 229 
93 
63 63 137 
5 5 7 36 36 40 40 74 74 74 75 75 88 92 102 116 126 143 143 149 165 165 220 220 251 251 
83 83 106 106 113 145 145 195 245 
29 29 75 75 75 147 171 171 191 
18 60 90 120 120 155 170 174 174 174 
15 15 15 15 
4 4 14 14 
98 166 166 
70 122 
33 33 33 115 
6 6 6 6 222 
26 98 237 
58 252 
8 
109 109 109 127 
233 233 
7 86 
37 37 37 37 37 
203 203 251 251 
5 5 5 143 227 227 227 
33 132 212 
24 24 24 24 69 69 69 152 
93 
152 
97 97 97 
5 5 12 12 133 221 221 221 
8 8 21 21 71 81 81 128 128 128 131 151 153 153 184 
96 96 127 127 200 200 
30 
15 15 15 26 
1 1 1 164 
75 75 75 149 217 217 
5 5 102 117 
243 
0 0 0 190 190 
26 87 87 87 98 193 193 193 213 
5 5 5 55 81 81 91 91 121 121 162 162 162 
30 30 30 30 
96 
57 57 154 154 
63 90 
5 5 42 94 94 235 
5 5 
43 43 48 48 48 58 195 195 204 
113 113 145 145 145 
71 71 
5 
70 70 

58 58 81 81 99 99 99 160 203 203 220 220 
58 58 214 
87 115 115 115 
5 50 50 
84 84 84 
