Nodes: 256, Edges: 626
18 18 18 190 236 
21 21 105 105 153 158 158 164 164 232 
153 153 
81 81 81 81 
18 18 32 138 138 208 208 
38 38 42 42 46 46 56 68 68 68 81 81 94 102 102 103 103 108 114 114 114 114 117 123 126 126 133 136 136 142 142 159 159 165 165 178 178 203 203 203 221 221 227 234 234 238 243 243 243 248 254 254 
212 212 212 
41 41 86 97 97 124 124 130 130 203 203 203 
71 81 81 81 131 168 215 228 228 228 247 247 

14 14 
134 134 134 134 172 172 172 172 
227 227 
33 37 
10 10 18 18 32 32 47 51 139 139 146 146 152 163 163 180 180 208 208 
26 26 207 207 231 
78 89 93 93 95 
66 84 84 
0 0 0 4 4 14 14 60 60 61 61 63 63 80 80 80 90 152 186 192 192 206 206 206 
62 
98 98 166 166 
1 1 45 45 52 52 52 131 131 140 153 153 228 

192 192 192 
223 
81 153 153 
15 15 33 33 44 59 59 62 62 67 72 72 72 87 98 98 122 141 175 175 196 196 213 231 231 237 

88 88 165 165 191 
191 
182 182 196 196 196 230 239 239 239 239 
104 
4 14 14 
13 26 26 37 37 39 39 39 39 44 44 122 134 185 185 211 222 
137 137 
53 81 
203 
13 33 33 122 122 134 134 219 219 219 219 
5 5 42 42 42 
33 33 33 33 134 134 
203 203 
7 7 
5 5 38 38 38 81 243 
195 195 195 245 
26 33 33 59 59 59 150 150 188 188 188 
21 21 148 148 153 153 
5 5 221 221 221 
14 
152 245 245 245 

123 254 254 
14 
21 21 21 
35 81 81 81 
127 
121 121 238 238 
5 181 227 
93 154 241 241 
104 152 152 152 203 214 214 245 245 245 252 252 252 
26 26 44 44 44 
18 18 76 152 206 206 236 236 236 250 250 250 
18 18 
19 26 26 
18 18 137 202 202 242 242 242 
196 196 
81 93 93 
17 
26 
5 5 5 

77 122 122 122 210 210 210 249 249 249 
8 131 228 247 
26 26 26 

156 199 203 203 
171 171 171 203 205 205 205 233 
60 
70 122 122 122 
16 93 93 
111 111 
18 18 18 137 
3 3 3 3 5 5 8 8 8 25 35 42 53 53 53 65 93 153 160 160 162 162 173 173 176 176 176 203 203 228 238 238 
197 197 197 
113 113 113 177 177 177 204 204 204 
17 17 100 100 109 127 127 183 189 189 255 255 255 
128 128 
7 92 92 92 203 218 218 
26 237 237 237 253 253 
28 28 203 203 
16 93 93 
18 206 206 242 242 
121 121 238 238 
86 86 86 203 218 
16 16 57 65 65 78 78 81 89 89 111 111 111 154 154 176 176 201 201 224 224 
5 112 112 243 243 
16 
127 127 127 144 200 229 229 240 240 240 
7 7 130 130 226 226 
20 20 26 26 166 166 213 237 
251 
84 84 109 109 109 198 198 

5 5 234 234 
5 5 
31 58 129 129 152 152 
1 1 
145 145 145 204 
152 152 
5 126 126 
84 100 100 100 127 127 194 194 198 198 216 216 216 
153 
79 79 93 93 93 
94 94 
83 83 83 145 204 204 204 246 246 
5 5 5 5 
253 253 
203 203 
5 234 
188 188 
152 152 
170 170 170 
55 55 91 91 
26 33 37 37 70 70 70 77 77 77 210 
5 50 161 161 
7 7 

5 5 108 108 203 
54 84 84 96 96 96 109 109 144 144 144 187 189 189 216 216 229 229 
85 85 228 228 
104 104 
7 7 97 97 
8 21 21 71 228 228 

5 227 227 
11 11 11 11 33 37 37 39 39 
175 175 
5 5 
34 34 63 80 
4 4 
14 14 
21 
26 
5 5 
149 149 203 221 
96 127 127 127 
106 106 106 113 204 204 204 246 246 246 
14 14 152 152 152 223 223 
205 
45 45 153 
143 143 203 
44 44 

14 18 48 58 58 58 60 104 104 107 107 119 119 146 146 146 157 157 163 225 225 
1 2 2 21 21 25 25 45 45 81 110 148 179 179 228 228 
57 93 93 176 176 241 
206 206 
74 199 199 
152 152 
1 1 164 164 
5 5 
81 81 251 
123 123 
81 81 238 
14 14 152 
1 1 158 158 232 232 
5 5 28 28 203 203 
20 20 98 98 209 

8 

120 120 120 174 206 
75 75 75 205 
11 11 11 11 
81 81 176 176 176 
170 206 206 
26 26 135 135 196 
81 81 81 93 93 154 154 173 173 173 
83 83 83 
5 5 
153 153 
14 14 
56 
30 30 196 196 
84 
228 228 
33 33 
18 
127 
44 44 44 118 118 
84 84 127 127 
0 
28 29 205 
18 18 23 23 23 
237 237 237 253 
109 109 
43 43 43 204 204 245 245 
26 26 30 30 30 64 64 175 182 182 
82 82 82 
100 100 109 109 
74 156 156 
96 229 
93 93 
63 63 
5 5 5 7 7 7 36 40 40 58 74 74 75 81 81 86 88 88 92 116 116 126 143 149 165 165 220 251 251 
83 83 83 106 113 113 113 145 145 145 195 195 245 245 
75 75 75 147 171 191 
18 18 18 60 60 90 90 155 155 170 174 174 
15 15 
4 4 14 14 
166 
70 70 70 122 
33 
6 6 6 222 
26 98 
58 58 252 252 
8 
109 109 109 127 127 
233 
86 86 92 
37 37 37 37 
203 251 251 251 
5 5 46 46 46 143 227 227 227 
33 212 
24 146 146 
93 93 
152 152 
97 97 
5 12 12 56 133 133 221 221 221 
8 8 8 21 71 81 128 128 131 131 153 153 184 184 
96 96 127 127 200 
30 
15 26 26 
1 164 164 
75 217 
5 5 102 102 117 
243 
0 60 60 60 
26 87 87 87 98 193 193 193 
5 55 55 81 81 91 91 162 
30 30 30 30 
96 96 96 
57 57 154 
63 63 63 90 90 
5 5 5 42 94 94 235 

43 48 48 48 58 58 58 195 195 204 204 
113 113 145 145 145 
8 8 71 
5 
70 70 70 
60 60 60 
99 160 203 203 220 220 220 
58 58 58 214 214 
87 87 115 115 193 
5 5 50 50 
84 84 84 
