Nodes: 256, Edges: 626
18 18 190 190 236 236 236 
21 105 105 105 153 153 158 158 164 232 232 
153 153 
81 81 
14 32 138 138 208 
26 38 38 38 46 56 56 68 68 81 81 94 98 103 103 108 108 108 114 114 114 114 123 126 126 133 133 136 142 143 143 143 159 165 165 165 165 178 178 203 203 221 221 221 227 243 243 248 248 254 
212 212 
41 41 86 97 97 124 203 203 203 
71 71 71 81 81 81 131 168 168 215 215 215 228 228 228 247 247 
182 
14 
134 134 134 172 
227 
33 37 37 
4 10 51 51 51 138 138 139 139 139 146 163 163 180 208 208 208 
26 207 207 231 231 
78 93 95 95 95 
66 66 66 84 84 
0 0 60 60 60 61 61 61 63 80 80 80 90 152 152 180 186 186 192 206 
62 62 62 
98 166 
1 52 52 71 71 131 131 131 151 228 
43 
192 192 
223 223 223 223 
81 81 153 153 
5 15 33 33 62 62 67 67 67 70 70 72 72 87 87 87 98 98 98 108 175 196 196 196 231 231 

88 165 
205 205 
175 182 196 196 230 230 
157 
4 
13 26 26 37 37 39 39 39 39 44 122 134 185 197 222 
137 137 137 
53 81 
203 
13 13 33 33 122 122 134 134 134 150 169 169 169 219 
5 5 5 42 42 
33 33 33 33 73 134 134 
203 
7 7 
38 38 243 243 243 
22 195 245 
33 59 150 150 188 188 
148 153 153 
5 56 221 221 
152 152 
152 245 245 245 
84 
123 254 
14 14 14 
21 21 
35 81 81 81 
127 127 
121 238 238 238 
5 5 46 181 181 181 227 227 
93 93 154 154 241 
152 214 251 251 252 252 252 
44 
18 18 18 76 76 152 152 250 
18 18 18 206 
19 19 19 26 26 
18 90 90 137 137 192 202 202 242 242 
175 175 196 196 196 196 
81 81 93 93 
17 17 17 
26 26 26 
5 5 
223 223 223 
26 26 210 249 
8 8 8 21 21 228 228 247 247 
26 26 
39 
86 156 156 199 203 
171 171 203 203 205 205 217 233 
60 60 152 
122 122 
16 89 93 93 93 
111 
18 18 18 137 137 
3 3 5 5 8 8 8 25 25 35 53 53 53 65 65 93 93 125 153 153 160 162 162 173 173 173 176 176 228 228 238 251 
197 197 197 197 
113 177 177 177 177 204 
17 17 49 100 100 100 109 109 127 183 183 189 189 255 255 
128 128 128 
7 74 92 92 203 203 218 218 
26 26 26 237 253 
28 165 165 
78 93 93 
18 63 63 206 242 
121 121 
86 86 203 
16 57 57 65 65 78 78 78 81 81 89 89 111 111 154 154 176 176 201 201 224 
5 112 112 112 243 
16 16 16 
127 144 200 229 240 240 240 240 
7 7 130 130 226 226 
5 20 26 26 26 166 209 237 237 237 
251 251 
84 84 84 109 109 194 194 198 198 
145 145 
203 203 234 234 
5 5 
129 152 152 
1 1 1 
145 145 145 204 
119 119 152 
5 5 5 26 126 
84 84 100 100 127 194 194 198 198 198 
153 
79 93 93 
94 94 94 
83 145 177 177 246 246 
5 5 5 5 
253 
203 203 

188 188 
107 107 152 
155 155 170 206 206 
55 91 91 238 
33 37 37 77 77 
5 50 161 161 
7 
81 
5 5 108 203 
54 54 84 96 109 144 144 187 187 189 216 216 229 229 
85 85 85 228 228 228 
104 
97 97 
8 21 21 21 228 
222 222 
5 5 227 227 
11 11 11 33 37 37 37 39 39 
175 175 175 
5 
34 34 34 63 63 80 80 202 202 202 
4 4 14 14 
14 14 14 


5 159 159 159 
5 5 5 203 
96 127 127 
101 101 106 106 106 113 204 204 246 246 246 246 
14 152 223 223 223 

45 153 153 
203 233 
37 44 44 
21 228 228 
18 18 47 47 48 58 60 60 76 104 104 107 119 146 157 157 163 163 223 223 
1 1 2 2 25 25 45 45 81 81 110 148 148 179 179 228 228 
57 57 93 93 176 176 241 241 
120 120 206 206 
74 74 199 203 203 203 
31 152 152 
1 1 164 164 
5 142 142 142 
81 251 251 
123 123 
81 81 238 
14 14 152 152 
1 158 158 232 232 
5 5 5 5 28 88 88 203 
20 98 209 
173 173 
8 8 
37 37 37 
120 174 174 206 206 206 
75 75 205 205 
11 
81 81 81 167 167 176 176 
170 170 206 
26 30 64 64 135 135 135 196 196 
81 81 93 93 154 154 173 173 
83 83 83 83 113 113 
5 5 
153 153 
14 18 
56 56 56 
9 30 196 196 196 
84 84 
228 228 228 
33 
18 18 
127 127 
44 44 118 118 
84 84 127 
0 0 236 
205 
18 23 23 63 
237 237 253 
100 100 109 109 
43 204 204 204 245 245 
26 26 26 30 30 64 64 64 64 175 175 182 182 182 
33 82 82 82 82 
100 100 109 109 109 255 
74 156 
96 229 229 229 229 
93 93 
63 63 137 137 137 
5 5 7 7 7 36 40 74 75 75 86 86 92 102 102 116 116 126 143 149 156 156 156 165 251 
83 106 145 145 195 195 195 245 245 
29 29 75 75 171 171 191 
18 61 90 120 120 155 155 170 170 170 174 
15 15 
4 14 14 14 
98 166 
70 

6 6 222 

58 252 252 
8 8 8 
127 127 
75 233 233 233 
86 86 
37 

5 5 5 46 46 227 227 235 
33 132 132 212 
24 24 24 24 69 69 69 146 146 146 152 152 
93 

97 97 
5 12 56 56 133 133 221 221 
8 8 8 21 71 71 81 81 128 128 128 131 151 151 153 153 184 184 184 
96 127 127 200 200 200 200 
30 30 
15 15 26 26 
1 1 164 164 
75 149 217 217 217 
102 102 
221 243 
0 0 0 190 
87 98 98 98 193 193 
55 55 55 81 121 162 

96 96 96 96 
57 154 154 
63 63 90 
5 5 42 42 42 94 235 

43 48 48 48 195 195 204 204 
113 113 145 145 145 145 
8 8 71 71 
5 5 
70 
60 
58 58 81 99 99 160 160 203 
58 58 58 214 214 
87 115 193 
5 50 
84 84 198 
