Nodes: 256, Edges: 626
18 18 190 190 190 
21 21 21 105 153 153 153 158 164 164 164 232 
153 153 
81 81 81 
14 18 32 32 138 208 208 
38 38 42 42 46 50 56 68 68 81 81 94 103 108 114 114 123 123 133 133 136 141 142 142 143 143 159 165 165 178 178 203 203 203 221 221 221 227 248 254 
212 212 212 212 
41 86 86 86 97 124 130 130 218 218 
71 71 81 131 168 168 215 215 228 228 228 247 
182 
14 14 14 
134 134 134 134 172 172 172 172 172 
227 227 227 
33 37 37 37 
4 10 10 10 18 32 47 47 47 51 51 51 138 138 139 146 146 152 152 163 163 180 180 208 208 208 
26 26 207 207 207 231 231 231 
78 78 78 89 93 93 93 95 95 
66 66 
0 0 4 14 60 61 63 63 80 80 80 80 80 152 152 180 186 186 186 192 206 
62 62 
98 98 166 166 
1 1 1 45 45 52 52 52 71 71 71 131 131 131 131 151 153 153 228 228 
43 
192 
223 223 
81 81 
15 15 33 33 44 44 44 59 62 67 67 72 72 84 87 87 87 98 98 117 117 117 122 122 175 213 231 237 

88 
205 
64 182 182 196 196 230 239 239 239 
157 
4 4 14 
13 26 26 37 37 37 39 39 39 44 44 122 122 134 185 185 197 211 222 
137 137 
53 53 81 81 
203 
13 13 13 33 33 33 122 122 134 134 134 134 134 169 169 219 219 219 
5 5 42 
33 33 33 134 134 
203 
7 
5 5 38 81 243 
22 195 216 245 
26 26 26 33 33 150 188 
21 21 148 153 153 
5 56 56 56 56 221 221 221 
14 14 14 
58 152 245 
84 84 
5 123 254 254 254 
14 14 14 
21 21 21 
35 35 81 81 
127 127 127 
121 121 238 238 
5 46 46 46 46 181 227 
93 154 154 241 241 241 
48 104 104 152 203 203 214 214 245 251 252 252 252 
26 
18 152 206 206 236 236 250 250 250 250 
18 229 
19 19 26 
18 18 90 137 137 192 202 202 242 
30 196 196 
81 93 
17 17 
26 26 
5 5 
223 223 223 223 
122 210 210 249 
8 8 21 21 21 131 228 228 247 247 
26 26 
134 
86 156 199 203 203 
147 147 171 203 203 217 233 
152 
122 122 
16 16 16 89 93 
111 111 
18 18 18 18 18 137 137 
3 3 3 5 5 8 25 25 35 35 42 53 53 65 93 153 160 160 162 162 173 176 176 203 228 238 251 251 
197 197 197 
113 177 177 177 204 204 
26 49 49 183 183 189 189 255 255 255 
128 128 128 
7 7 7 74 92 92 203 203 218 
26 26 26 237 237 237 253 
28 203 
16 78 93 93 93 
63 206 242 242 
121 238 
86 86 
16 16 16 57 65 78 81 89 89 89 111 111 154 176 176 201 201 224 224 
5 112 243 243 
16 16 
127 229 240 240 240 
7 130 130 130 226 226 226 
20 20 26 26 209 209 213 
251 251 
194 194 198 198 198 
145 
234 
5 
58 58 129 152 
1 
145 145 204 204 
119 152 152 152 
5 126 126 126 
127 216 216 216 
153 
79 79 93 93 
94 
83 145 177 177 204 204 246 
5 5 
253 253 253 253 
203 203 203 
26 26 26 
188 188 188 
107 
155 155 155 155 170 206 
55 55 91 238 238 
26 26 33 33 37 37 70 77 77 
5 5 50 161 161 196 
7 

108 108 108 203 
54 54 54 96 109 144 144 144 187 187 229 229 
85 85 85 228 228 
104 
7 7 97 97 97 
8 21 21 21 21 71 

5 5 227 227 
11 11 11 11 33 37 37 37 37 37 39 39 73 
175 175 
5 
34 34 63 63 80 80 202 
4 14 14 
14 

5 
5 5 159 
5 5 149 221 221 
127 127 127 
101 106 106 113 246 246 246 246 
14 14 152 152 152 223 223 
75 75 
45 153 
143 203 233 
44 
21 228 228 
14 14 18 18 48 58 60 76 104 107 107 107 146 146 146 157 157 163 163 223 223 223 225 225 
1 1 1 2 2 21 21 45 45 81 110 148 228 
57 57 93 176 176 176 241 241 241 241 
120 120 120 120 
74 199 203 
31 152 152 
1 164 164 164 
5 142 
81 81 251 251 
123 123 
81 81 238 
14 14 152 152 
1 1 1 158 158 158 232 232 
5 5 203 
20 20 209 209 
173 173 
8 8 
37 37 
120 174 174 206 206 
75 205 
11 11 11 11 11 
81 167 167 176 176 
170 170 206 
26 135 135 
81 81 93 93 154 154 154 173 173 
83 83 83 113 113 
5 5 

14 14 18 
56 
9 30 30 196 196 196 
84 84 
228 228 
33 33 
18 18 18 
127 127 
44 118 118 118 
84 84 
0 0 0 236 236 
205 205 205 
18 23 63 
237 253 253 
100 100 
43 204 204 204 245 245 
30 30 64 64 123 182 182 182 
33 82 82 82 
100 100 100 
74 156 
229 
93 93 
63 63 137 
5 5 5 36 40 58 58 74 74 75 75 81 86 86 88 116 116 116 126 149 156 165 220 251 251 
83 83 106 106 113 113 195 195 195 245 245 
29 171 191 191 191 
18 60 60 90 120 170 170 174 
15 15 15 
4 4 14 14 14 
98 98 166 166 
70 70 
33 
6 6 6 6 222 
26 98 
58 58 252 252 
8 8 241 
43 109 109 109 
75 233 
7 7 86 
37 37 37 
203 
5 5 5 46 46 46 143 143 227 227 235 
33 212 
24 24 69 69 69 69 146 146 152 152 152 
93 93 
152 152 
97 97 97 
5 12 12 12 56 133 133 221 221 
8 8 8 21 21 71 71 81 128 128 151 151 153 184 184 
61 96 127 127 200 
30 
15 15 15 26 
1 164 164 
75 149 217 
102 
221 
60 60 190 190 
26 87 87 87 193 
55 55 81 91 121 121 162 
30 30 30 
96 96 96 
57 57 57 154 154 154 154 215 
63 90 90 
42 94 94 

43 48 58 195 195 204 204 
113 145 145 145 145 
8 71 71 
5 
70 
60 60 60 60 
58 81 81 99 99 160 160 203 203 
58 58 58 214 214 
87 115 115 115 115 193 193 
5 50 50 50 
84 84 84 
