Nodes: 256, Edges: 626
190 190 236 236 
21 105 105 153 153 158 158 164 232 
153 153 
81 81 81 81 81 
18 18 32 138 138 138 208 
26 38 38 42 42 46 46 50 50 56 68 68 81 81 81 94 98 102 103 108 108 114 114 114 117 123 126 126 133 133 133 136 136 141 141 142 143 143 143 165 165 165 165 178 203 203 221 221 227 227 234 234 238 243 243 244 244 248 
212 212 212 
41 41 74 86 86 97 97 130 130 130 203 203 
71 71 71 81 168 168 215 215 228 228 228 247 
182 182 
14 
134 134 134 172 172 172 
227 
33 33 37 37 
10 18 18 32 51 51 138 138 138 139 146 152 152 163 163 180 180 208 
26 26 231 231 
78 78 89 89 93 93 93 95 95 
66 66 84 84 
4 4 14 14 60 60 61 61 61 63 63 80 80 80 90 152 186 192 206 
62 62 
166 
1 45 52 52 52 71 71 131 140 140 153 153 228 

192 192 
223 223 223 223 
81 153 
5 15 15 33 33 33 44 44 59 62 62 62 67 72 87 87 98 98 141 196 196 196 213 237 237 237 

88 165 165 

175 182 196 196 196 230 239 
157 157 
4 14 
13 13 26 26 26 37 39 39 39 44 44 44 122 185 185 197 211 211 222 222 
137 
53 81 
203 203 
13 13 33 122 122 122 134 134 169 169 169 219 219 219 219 219 
5 5 42 42 
33 33 33 134 134 
203 203 
7 7 
5 5 38 38 81 243 243 243 
195 195 195 216 
26 26 33 33 33 59 59 150 150 188 188 
21 148 153 153 153 
5 5 56 56 221 221 221 221 
152 
58 152 152 152 245 245 

5 5 254 254 254 
14 14 137 
21 21 21 
35 
127 
238 238 238 
5 46 46 181 181 227 
93 154 241 241 241 241 
48 104 104 152 152 152 214 251 252 252 
26 44 44 
18 18 76 152 152 206 236 250 
18 18 18 206 
19 19 26 26 26 
18 18 90 90 90 137 137 192 242 
175 175 175 196 196 196 
81 81 93 
17 17 
26 
5 5 
223 223 223 
77 122 122 122 210 210 249 249 
8 8 8 21 21 228 
26 

7 86 156 156 199 
147 171 171 203 203 205 205 217 217 233 233 
60 
70 122 
16 16 89 
111 111 
18 18 18 
3 3 3 3 3 5 5 5 8 25 35 42 65 65 93 93 125 153 153 160 162 173 176 176 176 203 203 228 238 251 251 
197 197 197 197 197 
113 113 177 177 177 177 204 204 204 
17 17 109 109 127 189 189 255 255 255 255 
128 128 
7 7 74 203 218 218 
26 26 237 237 253 
28 165 165 165 
16 16 78 93 93 93 93 93 
18 63 63 63 206 242 242 
121 238 
203 218 
16 16 16 57 65 81 81 89 89 89 89 89 111 154 154 154 176 176 201 224 
5 112 243 
16 16 
127 127 200 200 229 240 240 
7 7 130 130 226 226 
5 26 26 166 209 209 213 237 237 
251 251 
109 194 194 198 198 
145 
5 203 
5 
58 58 129 
1 1 
145 145 204 
119 119 152 152 
5 5 126 
84 84 100 127 127 194 194 194 198 198 216 216 
153 153 
79 79 93 
94 
83 83 145 145 177 204 204 246 
5 5 5 
253 
203 
5 234 234 234 
188 188 
107 107 152 
155 155 155 155 170 206 
91 238 
33 37 37 37 70 70 70 77 210 210 
5 161 161 

81 
5 5 108 
54 84 96 96 109 109 144 144 144 187 187 189 189 216 216 229 
85 85 228 228 
104 
7 7 7 97 97 
21 
222 
5 5 5 227 
11 11 11 37 37 39 39 

5 5 
34 51 63 63 202 202 
4 4 4 14 14 14 
14 
21 21 
5 5 26 
5 159 159 
5 5 5 149 149 149 203 203 221 
127 127 127 
101 106 106 113 113 204 204 246 246 246 246 
14 152 
75 
45 153 153 
143 143 143 
44 44 
228 228 
14 14 18 47 48 48 48 58 58 58 60 60 107 107 119 146 157 157 157 223 225 
1 1 2 2 21 21 25 45 45 45 81 81 110 110 148 148 179 228 228 228 
57 93 93 93 176 241 241 241 
120 120 120 120 
74 74 
31 31 152 152 152 
1 1 164 164 
142 142 
81 251 
123 123 
81 238 238 238 
14 14 
1 158 158 232 
5 5 5 5 28 28 88 88 88 203 203 
20 98 209 209 
173 173 173 
8 8 
37 37 37 
120 174 206 206 
75 75 205 205 
11 11 11 
81 167 167 167 176 
170 206 206 
30 64 64 64 196 196 
81 81 81 93 93 154 173 
83 83 83 83 113 
5 
153 
14 14 
56 56 
9 9 30 196 

228 228 228 
33 33 
18 
127 127 
44 44 118 118 
84 84 127 127 
0 0 
205 205 
18 23 23 63 
237 253 
100 100 109 109 109 
43 43 43 204 204 204 245 
26 26 26 30 30 30 64 64 64 175 175 182 
33 82 82 82 82 82 
100 100 109 109 
74 
96 96 229 229 229 
93 
137 137 
5 5 7 7 36 36 40 40 75 75 81 81 86 92 102 116 143 143 165 165 220 
83 83 83 106 113 113 145 145 195 195 195 245 
75 75 171 171 191 191 
18 60 61 90 120 170 170 174 174 

4 14 
98 98 166 166 
70 70 122 122 
33 33 
6 6 6 222 222 222 
26 98 237 
58 252 252 
8 8 
43 109 109 127 127 
75 75 233 233 
86 86 92 
37 37 37 37 37 
203 
5 5 46 46 46 46 143 227 
33 33 132 212 212 212 
24 24 24 24 69 69 69 152 
93 
152 
97 97 
5 5 12 56 133 221 
8 8 8 21 71 81 128 128 151 151 153 153 153 184 184 184 
96 127 200 200 200 
30 
15 15 
1 164 
75 75 217 217 
5 5 117 117 117 
243 
0 0 60 
26 26 26 87 87 98 98 193 213 
5 55 55 55 81 91 121 162 162 162 
30 
96 96 
57 57 57 57 154 154 154 
63 90 90 
5 5 42 42 42 94 235 
5 5 
48 48 195 204 
113 145 145 145 145 
8 
5 
70 70 
60 
58 81 81 99 99 160 
58 58 214 214 
87 115 193 
50 50 50 
84 84 84 84 
