Nodes: 256, Edges: 626
18 190 190 
21 153 153 158 158 164 
153 
81 81 81 81 
14 14 18 18 32 138 208 208 
26 26 26 38 42 42 46 46 56 56 68 81 94 98 102 102 108 108 108 114 114 123 126 126 126 133 133 136 136 136 141 141 142 142 143 143 159 165 165 178 196 203 203 221 221 227 227 234 234 238 243 244 244 244 248 248 254 
212 212 
41 41 41 86 86 97 97 124 130 130 203 203 203 218 218 
168 168 215 228 228 228 
182 182 

134 134 134 172 172 
227 
33 33 37 
4 4 47 47 51 138 138 138 139 139 146 163 163 180 180 208 
26 26 207 207 207 231 
78 78 78 89 89 93 93 95 95 95 
66 66 66 84 84 84 
0 4 4 61 61 61 63 80 90 90 90 152 186 192 206 206 
62 62 
98 98 166 166 
1 45 45 45 52 52 71 131 140 140 153 153 153 228 228 228 
43 
192 192 
223 223 223 223 
81 81 
5 5 5 15 15 33 33 59 62 67 67 70 84 84 87 98 98 108 141 175 175 175 196 196 213 231 231 237 237 237 
110 
88 165 

64 64 175 182 182 182 196 196 196 239 239 
157 157 157 
4 
13 13 26 26 37 39 39 39 44 122 122 122 134 185 197 197 197 211 222 222 222 
137 
53 53 53 81 
203 203 203 
13 33 134 134 169 169 219 219 219 219 
5 42 42 
33 33 33 73 134 134 
203 203 
7 7 7 
5 5 38 38 81 81 243 
22 245 245 
33 150 188 188 188 
21 21 21 148 148 153 153 
5 5 56 221 
14 14 152 152 
245 245 
84 84 84 
123 254 254 
14 61 
21 21 
35 35 35 81 
127 127 
121 238 238 
5 5 46 181 181 227 227 
93 93 154 241 
104 104 203 245 251 252 252 
26 
76 152 206 206 250 250 
18 18 18 51 206 206 206 
19 19 26 
18 90 90 137 192 202 202 242 242 
30 30 175 196 196 
81 81 81 93 
17 17 17 
26 26 
5 
223 223 223 223 
26 77 122 210 210 249 249 
21 228 247 

39 134 
156 156 
147 147 171 171 203 203 217 217 233 233 
60 
70 122 122 
16 16 16 89 93 93 93 
111 
18 137 137 
3 3 3 3 5 25 25 35 42 42 53 65 65 65 93 93 125 162 162 162 173 176 176 176 203 203 228 228 238 238 238 
84 197 197 197 
113 177 177 177 177 204 204 
17 17 17 26 26 49 49 49 82 100 109 109 127 127 183 183 189 255 255 255 255 
128 128 128 
7 7 92 92 203 203 218 218 218 
26 237 237 253 
28 165 165 
16 16 78 93 93 93 93 
18 18 18 63 63 206 242 242 242 
121 121 238 238 
86 86 203 
16 16 57 57 65 78 78 78 81 81 89 89 89 89 111 154 176 176 201 224 224 
5 112 112 243 243 243 
16 16 16 
127 127 144 200 229 240 240 240 
7 7 130 226 226 
5 20 20 26 26 209 209 209 
251 
84 109 109 109 194 194 194 
145 145 
5 5 203 

58 58 129 129 
156 
145 204 
119 119 152 152 
5 5 5 26 126 126 126 126 
84 84 100 100 100 127 127 194 198 216 216 
27 
79 93 
94 94 
83 145 177 204 246 246 
5 5 
211 
203 203 
234 234 234 234 
188 188 
107 107 152 152 
170 170 206 
55 91 91 238 238 238 
33 33 33 70 77 77 
5 50 161 161 
7 
81 
5 5 5 108 108 108 108 203 203 
54 54 84 84 96 96 109 109 144 144 187 189 
85 85 85 228 
104 104 
7 7 97 
21 228 
222 222 
5 5 
11 11 11 33 37 37 39 39 73 
175 175 
5 5 5 
34 63 80 80 202 202 
4 14 14 14 
14 14 
21 21 
5 5 26 
5 5 159 159 159 
5 5 149 149 149 203 221 221 
96 127 127 
101 101 106 113 204 204 204 246 246 246 
14 152 152 223 
75 75 205 
45 45 153 
143 143 143 
44 
228 228 228 
18 47 47 60 107 107 119 119 146 146 157 163 223 225 225 
1 1 2 21 21 21 45 45 148 179 228 
57 93 176 241 241 
206 
74 74 105 199 199 
31 31 31 152 
1 1 164 
5 142 142 142 
251 251 
123 123 
81 81 81 238 238 238 
14 14 152 
1 158 232 
5 5 28 88 88 203 
20 20 209 209 209 
173 
8 8 
37 37 222 
120 120 174 174 206 206 
75 75 205 205 
11 11 
81 167 176 176 
170 170 206 206 
26 26 26 30 64 135 135 196 
81 81 81 93 93 154 173 173 
83 83 83 83 113 
5 
153 
14 14 
56 56 
9 9 30 30 30 
84 84 

33 
18 
127 
44 44 44 118 118 
84 127 
0 0 236 236 

18 23 23 63 
237 253 253 
100 100 100 109 
204 204 245 245 245 
5 26 26 30 30 30 64 64 175 
33 33 33 82 82 82 
109 255 
156 156 
96 229 229 229 
93 
63 63 137 137 
5 5 7 7 7 36 36 36 40 40 58 75 75 81 81 86 86 92 102 116 116 126 126 143 165 220 220 220 251 251 
83 83 106 113 145 145 145 195 195 245 
147 171 171 
18 18 60 60 61 61 61 90 120 155 170 170 174 174 
15 15 15 
4 4 14 
98 98 98 166 166 166 
70 70 
33 115 
6 6 
26 237 
252 252 
8 
109 109 
75 75 
7 7 86 86 86 
37 37 37 37 
203 203 203 251 
5 5 46 143 143 227 227 
33 33 33 132 132 169 
24 24 24 24 69 69 69 69 146 152 
93 93 
152 152 
97 97 
5 5 12 56 56 221 221 
8 8 8 21 21 21 71 81 81 128 131 151 151 151 153 
96 200 200 200 

15 26 26 
164 
75 75 
5 5 117 117 117 117 

190 190 
26 26 26 87 87 193 213 
5 55 55 81 81 81 91 91 121 121 121 162 162 162 
30 30 
96 96 96 
57 154 154 
63 63 90 90 90 
5 42 94 94 94 
5 5 5 
43 43 48 48 58 195 195 195 204 
113 113 145 145 145 
71 
5 5 
70 70 
60 60 
58 99 160 160 203 203 220 
58 58 214 214 
87 193 193 
5 50 50 
84 84 84 84 198 
