Nodes: 256, Edges: 626
18 18 190 236 
21 153 153 158 158 158 164 232 232 
153 
81 81 81 81 
14 14 18 18 32 138 138 208 
26 38 38 42 42 46 50 56 56 68 68 68 81 94 102 102 103 103 114 114 117 117 123 123 126 133 133 136 136 136 142 142 143 143 165 165 178 196 196 203 203 221 221 221 227 227 227 234 238 238 243 243 244 248 248 254 254 
212 212 212 
41 41 86 124 130 203 203 218 
71 71 131 168 215 228 228 247 247 247 
182 182 
14 14 
134 134 172 172 172 172 172 
227 227 227 
33 33 37 37 
4 4 10 10 18 18 32 32 47 47 51 138 139 146 152 180 208 208 208 
26 26 207 207 231 231 231 
78 78 78 89 93 95 95 
66 66 66 84 84 
0 0 4 4 14 14 60 60 60 61 61 63 80 80 80 80 90 90 152 152 152 192 192 206 206 
62 
98 98 166 
1 45 45 52 52 131 140 151 153 228 228 228 

192 
223 223 223 223 223 
81 
5 15 15 33 33 33 62 62 62 72 72 87 98 98 98 175 175 196 213 231 231 237 237 237 

88 88 165 165 

64 64 175 175 182 230 230 239 239 
104 157 157 
4 14 14 
13 13 26 26 26 37 37 39 39 39 44 44 122 134 134 197 197 211 222 
137 137 
53 81 
203 203 
13 13 33 33 122 122 134 169 219 219 219 
5 5 42 42 
33 33 33 134 
203 
7 7 
5 5 38 38 243 
195 245 
33 33 59 59 59 150 188 188 
21 21 148 153 
5 56 56 56 221 
14 14 152 152 
152 152 245 245 
84 
5 123 123 254 254 
14 
21 21 
35 81 81 
127 127 
121 121 238 238 
5 5 46 46 46 181 181 181 227 227 
154 154 241 241 241 241 
104 152 152 203 203 214 214 245 251 252 252 
44 44 44 
18 18 18 76 152 152 236 250 250 250 250 
18 18 206 
19 26 26 26 
18 90 90 90 137 202 202 242 242 242 
30 30 196 196 
81 81 93 93 
17 17 17 

5 5 5 
223 223 223 
122 122 210 249 249 
8 8 228 228 247 247 247 
26 26 

86 156 156 199 203 203 
147 171 217 217 233 
60 
122 122 
16 16 16 89 89 93 93 93 
111 111 
18 18 18 18 137 137 
3 3 3 3 5 25 35 53 53 65 65 93 93 125 160 160 160 162 162 173 173 173 176 176 228 238 251 251 
197 197 197 197 197 
113 177 177 204 
17 17 49 100 100 109 109 109 127 127 183 183 189 189 255 255 
128 128 128 
7 74 92 92 92 92 203 203 218 218 218 
26 253 
28 28 165 203 
16 78 78 93 93 
18 18 63 63 63 206 242 242 
121 121 238 238 238 
86 86 86 86 
16 65 65 78 78 78 81 81 89 89 111 111 154 154 176 176 176 201 
5 112 243 243 
16 16 
127 144 200 200 229 240 240 240 
130 130 226 226 226 
20 20 26 26 26 166 209 209 213 237 
251 251 251 
84 84 109 109 194 194 
145 
5 5 203 234 
5 5 
31 58 129 152 

145 145 204 204 204 
119 152 
126 
84 84 84 100 100 127 194 198 198 216 216 
153 153 
79 79 93 93 
94 
83 145 177 177 204 204 204 
5 5 
253 253 253 
203 203 
5 5 
188 188 
107 152 
155 155 155 155 170 170 206 206 
55 55 91 91 238 238 
33 37 37 70 70 77 77 210 
5 5 50 50 196 
7 
81 
5 108 
54 54 84 84 96 109 144 144 144 144 187 189 189 189 216 216 229 
85 85 85 228 228 
104 
7 97 97 
8 21 228 228 

5 5 227 227 227 
11 11 33 33 37 39 
175 175 
5 5 5 
34 34 63 80 80 202 202 
4 4 14 
14 
21 

5 5 
5 5 149 203 203 
96 127 127 127 127 
101 106 106 113 204 246 246 246 
14 152 152 223 
75 205 
45 153 
143 
44 
21 228 
14 18 18 18 47 47 48 48 58 58 60 60 104 107 119 146 146 157 163 163 225 225 225 
1 1 2 21 45 110 110 148 179 228 228 228 
57 57 93 93 176 176 241 241 241 
120 120 120 120 
74 74 199 199 203 
31 31 152 
1 1 1 164 

81 81 81 251 251 

81 81 
152 152 
1 158 232 232 
5 5 28 28 88 203 203 
20 98 209 209 
173 173 
8 
37 222 
120 120 174 206 206 
75 
11 11 11 11 11 
81 81 81 167 167 
170 206 206 
26 26 30 30 135 135 196 196 
81 81 93 93 93 154 154 
83 83 113 113 
5 
153 
14 
56 56 56 
9 9 30 196 196 
84 84 
228 228 


127 
44 44 118 118 
84 84 127 127 127 
0 236 236 
205 
18 18 23 
237 
100 100 109 
43 204 204 245 
5 5 26 64 64 123 175 175 182 182 
33 33 82 82 82 82 82 
109 109 255 
74 156 156 
96 96 229 229 229 229 
93 
63 63 137 137 
5 5 7 7 36 36 40 58 58 74 74 86 86 88 102 116 116 143 143 156 165 165 251 252 
83 106 106 106 113 113 113 145 195 195 245 
147 191 
18 18 61 90 120 120 170 170 174 174 
15 15 
4 14 14 14 
98 98 166 166 
70 122 
33 
6 6 6 222 
26 98 237 
58 58 
8 
109 109 127 127 
75 75 233 233 
7 86 86 86 
37 37 37 
251 251 
5 5 5 46 227 227 
33 169 212 
24 24 24 24 24 69 69 69 146 

152 152 152 
97 97 97 
5 5 5 12 12 12 56 56 133 133 133 221 221 
8 8 21 21 21 71 71 81 128 128 131 131 151 153 153 153 184 184 
96 127 200 200 200 200 
30 30 
15 15 15 26 26 
1 1 164 164 
75 217 217 
5 102 

0 60 190 190 
26 26 26 98 193 213 
5 5 55 55 81 91 91 91 121 121 
30 30 
96 96 96 
57 57 57 57 154 154 154 
63 63 63 90 90 
5 5 42 94 94 
5 
43 48 48 58 195 204 
145 145 145 
8 8 8 71 71 71 
5 5 
70 70 
60 60 60 60 
58 81 81 99 99 99 160 160 203 220 220 
58 58 203 
87 115 115 115 
5 5 50 50 
84 84 198 
