Nodes: 256, Edges: 626
18 18 190 190 236 236 236 
21 21 21 153 153 158 164 164 164 232 232 
153 153 
81 81 
14 18 18 32 32 138 208 208 
38 38 38 42 42 46 50 50 56 68 81 94 94 102 102 108 108 114 114 114 126 133 136 142 142 143 143 159 159 165 203 203 221 221 221 227 227 227 238 238 243 244 244 248 248 248 
212 212 212 212 
86 86 97 97 124 124 124 130 203 218 218 
71 71 81 81 81 168 215 215 215 
182 182 
14 
134 134 134 172 172 172 172 
227 227 
33 33 37 
4 10 18 18 18 32 32 32 47 51 138 138 138 139 146 152 163 163 163 180 208 208 
26 26 207 207 207 207 231 
78 93 95 95 
66 66 84 84 
0 0 4 4 14 14 14 60 60 61 61 63 63 80 80 90 152 152 180 186 186 186 192 206 206 
62 62 
98 98 166 166 
1 1 1 45 45 52 71 71 71 131 131 140 153 153 228 228 228 

192 
223 223 223 
81 81 153 
15 15 33 33 44 44 59 59 62 67 67 70 84 87 98 98 98 141 141 175 196 213 231 231 237 237 

88 165 
191 205 
64 182 182 182 196 196 196 230 239 239 
104 157 
4 4 14 14 14 
13 13 26 26 37 37 37 39 44 122 122 122 134 185 185 211 222 
137 137 
53 53 53 81 81 
203 
13 33 33 33 122 122 134 134 169 169 219 219 219 
5 5 5 42 42 42 
33 134 
203 

5 5 38 38 38 81 243 243 
195 195 245 
26 26 33 150 150 188 188 188 
21 21 148 148 153 153 
5 56 56 221 221 221 
14 152 152 
152 152 245 245 245 245 

5 5 123 123 254 254 254 
14 61 137 
21 
35 35 35 81 81 81 
127 127 127 
121 121 238 238 
5 46 46 181 181 227 227 227 
93 93 154 241 
104 104 152 203 245 245 245 252 252 
26 26 
18 18 76 152 206 206 236 250 
18 18 51 206 206 
19 19 26 
18 18 90 202 202 242 242 
30 196 
93 
17 17 
26 26 
5 
223 223 
26 77 210 249 
8 8 21 21 21 131 228 247 247 

134 
86 156 156 199 203 203 
147 171 203 205 217 217 217 233 233 233 
60 
70 
16 89 93 93 93 
111 111 
18 18 137 
3 3 5 8 8 8 25 25 35 35 42 53 53 53 93 93 93 153 160 162 173 176 176 203 228 238 238 251 251 251 
84 197 
113 113 177 177 177 177 204 204 
17 17 26 82 109 109 109 127 127 189 255 255 255 255 
128 
7 7 74 92 92 92 92 203 203 218 218 
26 237 237 253 
28 165 203 203 
78 93 93 93 
18 63 206 206 206 242 242 
121 121 238 238 
86 86 86 86 
16 57 57 65 78 78 78 81 81 81 89 89 89 111 111 154 176 176 201 201 224 224 
5 5 112 243 
16 16 
127 127 144 200 229 
7 7 130 130 226 226 
20 20 26 26 26 166 213 237 
251 251 
109 194 198 
145 145 
5 5 203 203 

31 58 58 129 129 152 

145 145 145 204 
119 152 
5 5 
84 84 84 100 194 198 198 198 216 216 216 216 
153 153 
79 79 93 93 
94 
83 83 177 177 204 204 246 246 
5 5 5 
253 253 
203 203 203 
234 234 234 234 
188 188 188 
107 152 152 152 
155 155 170 206 206 
55 55 91 91 238 
33 33 33 37 37 210 
50 50 161 196 
7 7 7 

5 
54 54 54 84 84 96 96 144 144 187 187 187 189 189 
85 228 228 
104 104 
7 97 97 
21 21 71 228 
222 
5 
11 11 11 33 37 37 39 73 
175 175 
5 
34 34 51 80 202 
4 14 14 14 
14 
21 
26 26 
5 5 
5 5 149 149 203 203 221 
96 127 127 
101 101 106 106 106 204 204 246 246 246 
14 152 223 223 223 
75 
45 45 153 153 
143 143 203 
44 44 
228 
14 18 18 47 47 48 48 58 60 104 107 119 119 119 146 157 157 163 163 223 
1 1 2 2 21 21 25 45 45 81 110 110 148 148 179 228 228 228 
57 93 176 241 
120 120 
74 74 199 203 
31 152 152 
1 164 164 
5 5 
81 251 
123 
81 238 238 238 
14 14 14 152 152 
1 1 1 158 158 232 232 232 
5 28 88 203 203 203 
20 20 98 209 209 
173 173 
8 
37 37 222 
120 174 206 206 206 
75 205 205 
11 11 11 11 
81 167 167 176 176 
170 206 
26 135 135 
81 81 93 93 154 173 173 
83 83 83 83 113 113 

153 
14 18 
56 56 
9 9 30 30 30 196 196 196 

228 228 
33 33 
18 18 18 
127 127 127 
44 44 44 118 118 118 
84 127 127 
0 0 236 236 236 
29 205 
18 23 
237 253 
100 109 
43 43 204 204 204 245 245 
26 30 30 30 64 123 182 182 182 
82 
100 109 109 109 
74 156 
96 229 229 
93 93 
63 63 137 
5 5 7 36 40 58 74 74 75 81 86 86 88 88 102 102 116 116 116 143 143 149 156 165 165 165 220 252 
83 83 106 113 113 145 145 195 195 195 245 
29 75 171 171 191 
18 18 60 60 61 61 90 90 90 120 120 170 170 170 174 
15 15 15 15 
4 4 14 14 
166 166 
70 122 
33 
6 6 6 6 222 
26 98 
252 
8 8 8 241 
109 109 109 109 
75 75 75 233 233 
7 7 86 86 
37 37 37 
203 
5 5 5 46 46 46 143 227 227 235 
33 132 169 212 
24 24 24 69 69 146 146 146 152 
93 93 

97 97 
5 5 5 12 12 56 56 56 221 221 
21 21 21 71 81 128 128 131 151 153 153 153 184 184 
96 200 200 
30 
15 26 26 
1 1 164 164 164 
75 75 75 217 217 
117 117 117 117 
221 243 
0 0 0 60 190 190 190 
26 26 87 87 98 193 
5 5 55 55 81 81 91 91 121 162 162 162 
30 30 

57 154 215 
63 63 90 90 
5 42 42 94 235 
5 5 
43 48 48 48 48 58 58 58 195 195 204 
113 113 145 145 145 
71 71 
5 5 5 
70 
60 
81 81 81 99 99 160 
58 58 203 214 
87 115 115 193 
50 50 50 
84 84 84 84 
