Nodes: 256, Edges: 626
18 18 18 18 18 236 236 
21 105 105 153 153 153 158 158 232 232 232 
153 153 

14 14 18 18 32 208 208 
38 38 38 42 42 46 46 50 50 68 68 68 81 81 94 94 102 102 103 103 114 114 114 117 123 123 126 133 133 136 136 136 142 143 143 159 165 178 203 203 203 221 221 221 227 234 238 243 243 248 248 
212 212 
41 41 86 86 97 124 124 130 130 130 203 203 203 218 218 
81 141 228 228 247 
182 
14 14 
134 134 134 134 172 172 172 172 
227 
33 33 37 37 
4 4 10 10 18 32 32 47 51 138 138 139 146 152 152 152 163 180 208 208 
26 26 26 207 207 207 231 231 231 
78 78 78 95 95 
66 66 66 66 84 
0 0 0 0 0 4 4 14 60 60 61 63 63 63 80 80 80 90 90 152 152 186 192 206 206 
62 
98 166 
1 71 71 71 131 131 131 140 153 228 
43 
192 192 192 
223 223 223 223 
81 81 153 153 
15 15 15 33 44 44 62 62 62 67 70 72 72 72 84 87 98 108 108 117 122 175 175 196 196 196 213 213 231 237 237 

88 165 165 165 
205 
64 175 182 196 196 196 239 239 
157 157 
4 14 14 
13 13 26 37 37 37 39 39 39 39 44 44 44 122 134 134 185 197 197 211 222 222 222 
137 
53 53 53 81 
203 203 
13 13 33 33 33 134 134 134 134 134 219 
5 5 5 42 42 
33 33 33 33 73 134 
203 203 203 
7 7 
5 5 38 38 81 243 
22 195 195 245 
26 26 33 33 33 150 150 188 
148 148 153 153 
5 5 56 221 221 221 
14 152 
152 152 152 
84 84 84 
5 5 123 123 123 254 254 254 
14 137 

35 35 35 81 81 
127 
121 121 238 238 238 
46 181 181 181 227 
93 241 
104 104 203 203 203 245 251 251 252 252 

18 18 76 76 152 152 152 206 236 250 250 250 
18 206 
19 26 26 26 
18 18 18 90 137 192 202 242 242 
30 175 175 196 196 
81 81 81 93 93 
17 17 17 17 
26 
5 5 5 
223 
26 122 210 249 249 
21 21 21 
26 26 26 
39 134 
156 156 199 203 203 
171 171 203 203 205 205 217 217 233 
60 60 
122 122 
16 16 16 89 93 93 93 
111 
18 18 18 137 137 137 
5 5 8 25 25 35 42 53 53 65 65 65 93 125 153 160 162 162 162 173 173 176 176 203 203 228 228 238 238 238 
197 197 197 
113 113 177 177 177 177 177 204 204 
17 26 49 49 49 100 100 109 109 127 127 183 183 189 255 255 
128 128 128 128 
7 7 92 92 203 203 218 
26 
28 165 165 165 203 
78 93 93 93 93 
18 18 63 206 206 242 
121 121 238 238 
86 86 203 218 
57 65 65 78 78 78 81 89 89 89 89 111 176 201 201 224 224 224 
5 5 112 112 243 
16 16 
127 200 200 229 229 240 240 
7 130 130 226 226 226 
20 26 166 209 209 213 213 237 
251 
84 84 109 194 198 198 198 
145 145 
5 5 203 234 
5 5 
58 58 129 129 
1 1 
145 
119 152 152 
26 26 
84 84 100 127 194 198 216 216 216 
153 
79 93 
94 94 
83 83 145 145 204 204 204 246 
5 5 5 
253 253 
203 
5 26 

107 152 152 
155 155 155 155 170 170 170 
55 55 91 91 238 
26 33 70 77 77 210 210 
5 5 50 50 50 161 161 161 
7 7 
81 
5 
54 84 84 96 109 144 144 187 187 216 216 229 229 229 
85 85 85 85 228 228 
104 104 
7 7 7 97 97 
21 21 21 228 
222 222 
5 5 
11 11 11 11 33 33 37 37 37 37 37 39 73 
175 
5 5 5 
34 51 63 80 80 80 202 202 202 
14 14 
14 
21 
8 
5 159 159 159 
5 5 149 203 221 
127 127 
101 101 106 113 113 204 204 246 246 246 
14 152 
205 
45 45 153 
143 
44 44 
228 
14 14 14 18 18 47 48 48 48 60 60 60 107 107 119 119 146 157 163 163 223 225 
1 1 1 2 2 21 25 25 45 45 81 110 148 179 179 179 228 228 228 
176 
120 120 120 120 206 
74 74 199 203 
31 31 152 
1 1 164 164 
5 142 142 142 
81 
123 123 123 
81 81 81 238 
14 152 152 
158 158 
5 28 28 28 88 88 88 203 203 203 
20 98 209 209 
173 173 


120 120 120 174 174 206 
75 75 205 
11 11 11 11 
81 81 167 167 176 176 176 
170 170 206 
26 26 30 64 64 135 196 
81 81 93 154 173 173 173 
83 83 83 83 83 
5 
153 153 153 
14 
56 56 56 
9 30 196 196 196 
84 84 
228 
33 
18 
127 127 
44 
84 
236 236 
205 205 205 
18 23 23 23 63 
237 237 253 253 
100 109 
43 43 204 245 
26 26 26 30 30 30 64 64 175 182 182 182 
33 33 82 82 82 
100 100 100 109 255 
74 156 
96 96 229 229 
93 93 
63 137 137 137 
5 5 5 7 7 7 36 36 40 40 40 58 58 58 74 74 75 75 81 81 86 86 88 92 102 116 143 156 165 165 165 220 220 251 252 252 
83 83 113 113 113 145 145 195 245 245 
29 75 75 147 171 191 191 191 
18 18 60 61 90 90 155 170 174 
15 15 15 
4 4 14 14 
98 98 166 166 
70 122 122 
33 
6 6 222 222 
26 26 98 98 
252 

109 109 109 127 127 
75 75 
7 7 86 92 
37 
203 203 251 
5 5 5 46 46 46 143 227 227 
33 33 33 132 132 212 212 
24 24 24 24 69 152 
93 93 93 
152 
97 97 97 
5 12 56 221 221 
8 8 21 81 81 128 128 131 151 153 153 153 184 
96 96 127 127 127 200 200 

15 15 15 26 
1 1 1 
75 
5 102 
243 
0 0 60 190 190 
26 26 98 193 193 
5 55 55 55 81 81 81 91 91 121 162 
30 30 
96 96 
57 
63 63 90 
5 5 42 94 235 

43 58 195 204 204 
113 145 145 145 
8 
5 5 
70 70 
60 60 60 
58 58 99 203 220 
58 58 203 203 214 
115 115 193 193 
50 50 50 
84 84 198 
