Nodes: 256, Edges: 380
60 236 236 236 
21 21 153 158 

81 
14 32 139 
12 12 12 46 46 50 50 68 98 103 117 117 123 136 136 142 178 178 181 207 221 221 221 227 235 254 
212 222 222 
74 74 74 86 86 97 124 130 203 218 
71 168 215 228 247 

51 

5 5 5 
33 
4 18 32 47 47 47 107 146 163 180 
26 
78 89 89 
84 
14 51 51 60 137 152 192 192 
62 
98 98 166 
1 1 52 65 140 153 184 184 228 228 
245 

152 152 152 225 
81 148 148 148 
15 33 59 62 67 67 72 84 87 98 117 122 122 141 185 207 231 231 231 
153 153 
165 
205 205 205 
64 182 196 196 230 
157 
4 14 
13 26 44 73 73 77 150 150 172 197 211 219 219 222 
137 
81 81 81 
203 203 
122 169 169 169 

134 
187 187 187 203 

162 
195 
33 59 172 172 188 222 
148 153 153 
5 5 
14 14 14 152 
58 58 
84 
5 5 159 159 159 
10 18 18 63 202 202 202 202 
21 
81 
127 
238 

93 
48 48 152 152 214 214 245 245 
26 44 
0 18 76 120 174 

19 26 
51 90 137 202 242 
30 
21 

26 26 
5 
223 223 223 
122 122 249 
8 131 228 247 
26 
33 33 
7 7 7 156 203 
171 171 233 
60 191 223 223 236 
33 210 210 210 
16 89 93 95 


3 25 35 35 35 53 93 148 153 153 160 176 203 203 228 228 251 251 

113 113 113 204 204 
17 26 49 100 109 183 189 
228 228 
7 7 218 218 218 
26 115 237 237 237 253 
165 203 
16 16 78 
63 154 206 206 242 
121 121 238 238 

57 78 81 111 111 154 176 176 176 224 224 241 
112 112 112 
78 
127 229 229 229 240 240 
7 
5 20 20 26 166 166 209 209 213 213 

84 109 194 194 


5 221 
152 

145 145 204 204 204 
14 119 152 
244 244 
84 100 
228 228 228 
93 93 
94 94 94 
83 83 83 145 145 177 177 204 246 246 
227 
87 
203 
5 5 26 
188 
107 152 152 152 
60 170 
91 91 238 
26 26 37 70 70 
5 161 161 196 196 
7 
251 
203 251 
54 96 187 187 216 


7 
71 228 


39 227 
175 175 
5 5 
18 34 63 202 

4 
21 
26 
5 
149 151 165 
240 
106 106 113 113 204 
14 152 152 

25 25 25 45 81 153 
143 203 203 
33 33 
143 
18 24 24 24 47 58 58 104 107 119 119 119 146 146 157 163 163 
1 21 27 27 45 45 81 81 148 228 
90 93 241 

74 199 203 203 
31 152 
1 164 
50 50 50 
81 
123 123 
42 
14 152 152 
158 232 232 232 
28 88 143 203 
20 98 98 209 

8 
37 37 37 
120 174 
75 75 205 
33 44 44 
176 
60 170 206 206 
135 135 196 196 
81 93 93 93 173 
113 113 
5 5 248 248 

14 
5 
30 
84 
21 21 
26 

40 40 40 127 127 
44 118 
84 

76 
18 18 
237 
100 100 255 
43 204 
30 30 123 123 175 175 239 239 
33 

156 


51 51 51 51 63 137 
7 36 36 40 74 81 81 88 116 126 149 149 156 156 165 251 251 252 
83 83 106 106 106 113 145 195 245 
29 29 29 171 
90 90 174 174 
5 26 

98 98 166 
77 77 77 
33 
6 222 222 
98 98 
58 58 
8 
127 

7 86 86 86 
33 33 
251 
5 5 5 103 
6 6 33 44 212 212 
69 69 69 76 76 
93 93 
24 

5 114 134 
8 21 21 71 81 81 85 85 110 110 110 131 153 
96 96 96 240 
30 
26 26 26 
164 164 164 
75 

5 
0 0 0 76 
87 87 87 193 253 
55 91 91 121 
196 196 
96 96 144 229 
93 154 
63 90 

108 108 
22 58 58 204 251 
113 113 
8 71 
178 178 
70 

81 81 125 126 203 203 220 245 
203 
87 237 
5 
194 
