Nodes: 256, Edges: 380
60 236 236 
21 105 105 153 158 164 164 
153 
153 153 
14 14 32 32 32 139 
26 42 42 50 94 94 103 108 108 114 123 123 133 142 142 178 221 227 227 227 234 234 234 243 243 243 254 
212 222 
74 74 97 124 124 130 203 218 
71 71 168 228 228 
182 182 

33 33 
227 
37 
4 4 18 18 32 47 47 47 51 138 138 146 146 152 163 180 208 208 
26 231 
78 78 89 93 
84 84 84 84 
14 14 137 152 186 192 206 
62 
98 166 
1 52 52 65 184 184 184 232 
245 245 
192 
152 
81 153 
5 15 33 33 59 59 62 62 67 72 84 108 122 185 196 
153 
165 
205 
64 64 175 182 182 196 196 196 230 230 230 

4 4 4 14 
11 11 26 26 37 44 46 73 73 77 77 172 197 211 

81 81 
203 
13 33 169 

134 
203 

5 5 
195 195 245 245 
33 59 150 172 188 188 222 222 
153 
33 
14 14 14 152 
58 58 152 
84 84 
5 159 159 159 159 
14 63 
21 21 
81 

121 238 
227 227 227 
79 93 
48 48 104 203 214 245 
26 26 44 
0 76 76 120 174 174 206 206 236 236 
138 
19 26 26 
51 137 242 
30 30 
21 

26 
114 114 
146 146 146 
210 210 
8 8 131 228 247 
26 
33 33 
7 7 156 203 203 
171 171 203 233 
60 60 191 223 236 236 236 236 
33 33 
16 16 93 95 95 95 
57 111 
137 137 
25 35 35 53 93 93 148 153 160 160 173 176 176 203 228 238 

113 
17 17 17 17 26 49 49 100 189 189 194 194 
228 
203 
115 115 237 237 237 253 
165 203 203 203 
16 
154 206 242 
121 121 238 

16 57 78 81 81 111 154 176 201 201 241 241 
5 5 112 243 
78 78 78 
229 229 
7 
20 166 166 209 237 
251 251 
84 


5 
58 129 152 
1 1 
145 
152 
5 5 26 244 244 244 

228 228 
79 93 
94 
83 145 177 
5 68 68 227 
87 87 


188 
137 152 152 152 
60 206 206 
55 91 91 
26 210 
5 5 161 161 
7 7 
251 
203 251 
187 229 
228 228 
104 
7 
71 228 

5 227 
39 227 227 
175 175 

18 63 80 80 119 148 202 
14 14 61 
4 


5 5 
165 

106 113 
14 14 69 69 69 152 152 

81 137 153 153 
203 203 
44 
153 
14 18 24 47 48 104 107 119 119 119 146 146 157 157 157 163 163 223 
1 2 3 3 25 27 45 81 148 148 151 179 228 
90 93 
206 
74 199 199 
152 152 152 
1 
50 50 50 50 
81 81 251 251 
123 123 
238 
14 152 152 
1 1 
28 88 143 203 203 
20 98 98 209 
173 
8 
37 
206 
75 75 205 
33 44 
81 167 176 
60 60 
30 135 135 196 196 
81 81 93 173 
113 204 
5 248 
153 
14 
203 
9 9 30 30 196 

21 21 21 228 
26 
18 
127 
44 44 118 
84 84 
236 
76 205 205 
18 23 
237 253 253 
84 84 255 255 
43 43 204 245 
26 30 30 30 175 175 182 
33 

156 156 

93 93 
137 
7 36 40 58 74 74 75 81 86 88 88 88 126 149 149 165 165 181 220 251 252 252 
177 195 245 
29 171 191 191 
18 60 60 90 120 120 155 170 

14 14 
98 166 
70 70 122 
33 
6 222 222 

58 



7 

203 251 
5 
6 44 44 212 212 
76 152 



5 5 5 12 56 56 56 114 133 134 134 
8 8 71 81 85 110 110 128 128 131 153 184 
96 96 127 240 
30 30 30 
15 
21 
75 
5 5 5 

0 0 60 60 76 76 76 76 190 
87 87 87 98 193 253 
55 81 91 162 

229 
93 93 
63 90 
5 5 5 94 
108 108 108 
22 22 43 43 58 195 204 

71 
178 


99 99 125 126 160 160 203 220 
203 203 
87 193 193 237 
5 
194 194 
