Nodes: 256, Edges: 380
60 60 236 236 236 
158 
153 
81 
32 32 32 139 139 139 139 208 
12 42 46 50 50 102 102 103 114 123 133 133 136 136 142 181 221 221 227 227 234 243 243 243 254 254 
222 222 
41 74 74 97 124 124 130 218 
71 81 81 168 215 
182 

33 33 33 197 
5 

18 32 107 138 152 163 180 180 
26 
78 89 93 
66 84 84 84 84 
14 51 51 60 90 90 90 152 152 192 206 
62 
98 98 166 
52 65 153 228 228 232 
245 245 
192 192 
152 152 
81 148 148 148 153 
15 33 59 62 67 72 82 82 82 108 117 207 231 237 
153 
88 165 165 

64 175 175 182 182 182 196 196 196 196 196 230 230 
152 157 
4 4 4 14 
11 11 11 26 44 73 73 73 77 77 134 150 150 150 172 197 211 219 222 
137 137 
81 
203 
169 185 

134 134 
187 
7 
5 
245 
33 59 150 172 
153 153 
5 
152 152 
152 152 

5 5 
18 18 202 
21 

127 
121 
227 
79 
104 152 203 214 214 245 
26 44 
0 0 18 76 174 174 206 236 

19 26 
90 137 137 242 
30 
21 81 81 
17 
26 
114 
146 223 223 
169 210 249 
8 131 228 
26 
33 33 33 
7 7 156 203 
203 217 233 233 
60 191 191 236 236 
33 33 
16 89 93 95 
57 111 111 

3 8 8 25 35 65 65 93 148 153 153 153 173 176 176 228 228 238 
26 26 26 
113 113 
17 17 17 17 100 127 194 194 

203 203 
115 237 237 237 253 
28 165 
16 78 
18 18 18 63 206 242 
121 121 238 
203 203 
16 78 81 111 111 171 176 176 224 224 224 241 241 

78 
127 127 144 240 
7 
20 20 122 209 209 237 

84 

5 5 
5 
58 129 152 


14 152 
26 244 
198 198 198 
228 228 228 
79 79 93 93 

83 83 177 177 204 
5 68 
87 
203 
26 
188 
137 152 
206 
55 91 91 238 238 
98 210 
5 161 161 
7 7 

203 251 251 
54 84 96 96 229 229 
228 228 
104 
7 
71 
222 
5 5 
33 39 39 
175 175 
5 5 
34 34 63 63 119 202 202 
14 
4 4 4 4 

178 
5 
149 149 165 203 203 203 
96 240 
204 
69 

25 25 25 81 153 
143 143 203 203 220 
33 33 33 44 
153 
14 18 18 24 24 31 47 47 48 48 58 104 107 119 157 163 223 223 
2 21 25 27 45 45 81 81 81 148 151 179 179 228 
176 176 

74 199 
31 152 
1 

251 
123 123 
238 238 238 
14 152 
232 232 232 
28 28 88 143 
20 209 209 209 
173 
8 
37 70 
206 
93 205 
33 44 
81 167 176 
60 60 206 206 
30 30 135 135 
81 81 93 93 154 154 173 
113 113 204 
141 248 248 248 248 
153 153 
14 14 
5 
9 30 30 30 196 

228 228 
37 

40 
118 
196 

76 76 205 
18 23 23 
237 237 237 253 253 
84 84 255 255 255 
204 245 
30 30 30 30 30 182 189 239 239 
11 33 
109 109 109 
156 
229 

51 137 137 
36 58 74 75 86 86 92 92 116 126 143 143 143 149 149 214 251 
113 145 177 195 245 
171 191 
18 60 90 120 170 174 174 250 
26 
4 
98 98 166 166 166 
70 122 
33 
222 222 

58 58 203 
8 

75 233 233 
7 
33 
149 251 
5 5 
6 6 33 132 212 212 
69 69 152 152 
93 93 93 


5 5 56 
21 21 71 81 81 110 110 110 128 128 153 184 184 
127 127 200 240 
30 30 
26 
21 164 164 164 
75 75 217 217 
5 

0 0 0 60 76 76 
26 87 87 87 98 193 193 193 
81 91 121 121 162 162 162 
196 196 
96 144 229 
93 93 
63 90 
5 5 5 
108 
22 22 43 58 195 204 


178 178 178 178 
70 
206 
126 126 160 203 220 

87 193 193 
5 5 
194 194 194 
