Nodes: 256, Edges: 380
60 
21 105 153 158 158 164 
153 
81 
14 14 32 139 
12 12 12 26 26 46 50 50 68 68 94 94 98 102 103 103 108 108 114 136 142 142 178 178 227 227 227 
222 222 
41 74 86 86 97 97 124 203 218 
71 81 168 215 228 247 247 
182 182 
14 14 
33 33 
5 5 5 

4 4 10 10 18 18 32 32 32 47 138 138 139 146 152 163 163 180 208 
26 231 
78 93 
66 84 
14 14 90 192 206 206 
62 
98 
1 52 65 65 140 153 184 
245 245 

152 
81 81 148 153 
5 5 15 44 59 62 82 82 98 108 117 122 122 141 169 196 207 237 
153 153 
165 

64 64 175 175 175 196 196 196 196 230 230 230 
152 157 
4 14 14 14 
11 11 46 134 219 219 222 
137 
53 53 81 

169 169 185 
42 
134 
203 
7 
38 162 243 
195 245 
26 150 172 172 188 
148 153 
5 33 
14 107 
58 58 152 
84 
5 5 159 159 159 
202 202 202 202 
21 
35 35 81 81 

238 

79 93 154 
48 48 104 203 203 203 214 
26 
0 76 120 174 174 174 236 

19 26 
90 90 242 
30 30 
21 21 81 224 
17 
108 
5 5 
223 
122 
8 131 131 228 


7 
171 171 203 203 205 217 217 233 
60 191 223 223 236 
210 210 210 
16 89 93 93 95 95 95 
57 
137 
3 8 25 25 35 53 53 65 93 148 153 153 153 160 162 173 176 176 203 228 251 
26 26 
113 204 
17 49 100 100 109 109 127 127 194 194 194 
228 228 
7 7 203 203 218 
237 237 237 237 253 
203 
78 
18 63 63 154 242 
121 238 
203 203 
16 57 78 78 81 176 201 224 224 241 
5 5 
78 78 78 
127 240 240 
7 7 130 130 
5 20 26 166 166 209 209 237 
251 251 
84 84 

5 234 234 
5 5 
58 129 129 152 152 
1 
145 
47 119 152 
5 5 26 67 244 244 244 244 
84 84 
228 228 228 


83 145 204 204 246 246 
5 


26 
188 188 
107 152 152 152 152 
60 170 170 170 206 206 
91 
26 26 70 
161 
7 
251 251 
251 251 
84 84 96 229 
228 
104 104 
97 97 
71 71 228 
222 
227 
33 39 
175 175 
5 
34 80 202 202 
14 14 
4 14 
21 
26 
5 5 
151 203 
240 
106 113 
14 152 

25 45 81 
203 203 
44 
143 153 228 228 228 
14 24 31 48 104 104 107 119 119 119 119 146 157 163 163 223 223 
1 2 21 25 27 27 45 81 81 81 151 228 228 
57 90 
206 
199 
31 152 
1 1 
50 50 50 
81 
123 
42 81 
14 14 152 152 
1 232 
28 
98 98 209 
173 
8 
26 37 37 
120 120 120 206 206 
75 75 
44 44 
81 167 176 
60 60 60 206 
30 30 30 135 135 196 196 
81 81 93 173 

5 5 248 

14 

9 9 196 196 

21 228 
37 


44 118 118 
196 

76 205 
18 
237 237 253 
84 84 84 255 255 255 
43 204 204 
26 30 30 30 30 175 175 182 182 189 


156 
229 
93 
51 51 51 51 137 137 
7 40 58 58 58 75 75 81 86 86 88 92 92 143 149 149 251 252 
83 113 113 195 195 245 
75 191 
18 18 120 120 155 170 170 174 250 
26 
14 
98 98 166 
77 77 77 

222 222 

58 
8 

75 75 
7 86 
33 33 


6 6 33 132 212 212 
69 76 76 152 152 
65 93 93 


5 5 5 133 
8 71 81 85 85 110 110 110 128 131 151 151 151 153 153 184 
127 200 240 240 240 
30 30 30 
15 
164 
75 
102 102 

60 76 
26 87 87 87 87 98 193 193 253 
55 91 

96 96 144 229 229 229 
93 
63 90 
42 
108 108 108 108 
22 22 43 204 
113 113 
8 8 
178 

206 
81 99 99 125 125 126 126 203 
203 
87 193 237 

194 194 194 
