Nodes: 256, Edges: 380
236 
21 153 158 

153 
32 32 32 139 139 208 
12 26 26 46 103 108 117 133 136 178 178 181 196 221 221 227 234 254 254 
222 222 222 222 
74 97 124 124 203 218 
71 71 71 71 81 168 168 215 215 228 247 
182 

33 33 33 
5 
33 37 37 
47 51 138 139 146 146 152 152 152 163 163 208 208 
26 26 
78 78 89 93 93 93 
66 84 
51 60 60 90 152 206 

166 
1 65 140 184 184 
245 

152 225 
81 81 148 148 
5 5 15 15 33 59 67 72 72 84 84 87 98 122 141 141 185 196 207 231 237 237 



64 64 175 182 196 196 196 230 230 
152 152 152 
4 4 4 202 
11 11 11 13 26 37 44 73 73 73 77 150 172 172 197 211 219 
137 
81 
203 203 
13 13 33 122 122 122 169 185 

134 134 
187 187 187 203 

81 243 
195 245 
33 59 59 150 172 188 222 

5 
14 
58 
84 
159 159 216 
14 18 202 

81 81 81 

121 121 238 238 
227 

48 104 203 203 214 214 245 252 252 252 
26 44 44 
18 18 76 120 152 174 174 
90 138 206 

90 202 
30 30 
21 81 
17 
26 
114 
146 146 223 223 
169 210 249 249 
8 8 8 8 228 228 247 
26 26 
33 33 33 
7 156 156 203 
171 217 233 233 
60 191 191 223 223 223 223 236 
33 210 
16 16 89 93 95 95 
111 
137 137 
8 25 25 35 42 53 53 53 65 148 153 153 162 173 173 203 228 228 238 251 251 

113 
17 26 26 49 109 194 
228 
203 203 
26 237 237 253 
165 165 203 203 
16 78 
18 61 63 154 242 242 
121 238 

16 16 16 78 111 111 154 171 176 176 224 224 241 
112 112 243 
78 78 
127 229 240 
7 130 
26 122 166 209 209 213 237 
251 251 



5 
58 129 

145 145 204 
119 
5 244 244 
84 198 198 
228 228 
79 93 93 
94 94 
83 145 177 204 246 
68 227 


5 
188 
107 
60 170 206 
55 55 91 238 238 
26 37 37 37 98 210 
161 161 
7 7 
251 251 
251 251 251 251 
96 229 229 

104 
97 
228 228 
222 
5 227 227 
39 39 
175 
5 
34 80 80 202 
14 61 
4 4 14 
21 
26 26 

149 165 217 
240 240 
106 106 113 
14 14 69 69 
171 
25 25 81 
143 
33 44 
153 
14 14 14 18 24 31 31 31 60 223 
1 3 81 81 151 179 179 228 
90 93 
206 
74 74 199 199 203 

1 164 
50 50 
251 
123 123 
81 
14 14 
158 232 232 
88 88 143 203 
20 98 209 
173 173 
8 8 
37 70 
120 206 
75 93 147 
33 33 44 
81 81 167 167 176 176 
60 60 206 
30 135 196 196 196 
93 93 173 173 
113 204 
5 5 248 
153 153 

5 
9 30 

21 21 
26 37 

40 40 40 
44 118 
196 
236 236 
76 76 205 

237 
84 255 
43 204 204 245 
5 26 30 30 30 175 175 175 189 239 
33 
109 109 
156 156 
229 229 

32 51 63 137 
7 36 36 40 58 58 74 81 86 86 88 88 156 165 220 220 220 
106 113 177 195 195 
191 
18 61 120 155 170 174 250 
26 
4 14 14 
98 98 166 
70 77 122 
33 
222 222 
98 
58 58 
8 8 
50 
75 143 
7 
33 
203 203 203 
5 5 
6 6 6 6 44 132 212 212 
69 69 76 76 76 76 152 
93 93 
24 

5 56 114 133 133 
8 71 71 81 81 85 110 110 131 131 153 
96 127 127 200 200 240 
30 30 
26 
164 164 
75 75 
5 

0 76 190 190 
26 26 87 87 98 193 253 
55 55 81 91 121 121 
196 
96 144 144 229 
93 
90 90 
42 94 
108 108 
22 43 58 195 
113 
8 71 
178 
70 70 
206 
81 81 99 99 125 125 126 126 126 126 160 
58 58 58 
87 237 
5 5 
194 
