Nodes: 256, Edges: 380
236 
21 21 105 164 

81 
14 18 139 208 208 
12 12 26 38 46 46 68 102 103 114 114 114 114 114 117 123 136 136 142 142 196 207 235 238 254 
212 212 222 
41 41 74 74 86 97 97 124 124 130 130 203 203 
71 168 215 228 228 228 247 247 
182 182 182 

197 
5 5 
33 37 
4 18 32 47 47 51 107 138 138 146 163 180 
26 231 
78 78 89 
84 84 
4 14 60 60 90 90 137 137 152 186 192 192 
62 
98 98 166 
1 1 52 65 153 153 184 184 228 
245 

225 
81 153 153 
5 15 44 44 44 59 67 82 82 87 87 117 141 185 196 207 207 231 237 
153 
88 165 165 

175 175 182 182 196 196 196 230 230 
152 152 
14 
13 77 134 197 197 
137 137 137 
81 
203 203 
13 122 169 169 
5 
134 
187 203 
7 7 
125 125 
195 195 245 245 
26 26 26 150 188 222 222 
148 148 
5 5 
14 14 
58 152 152 

159 
14 
21 
81 

121 
227 
93 154 
48 104 152 203 203 203 214 214 252 
26 
18 18 174 174 174 174 206 206 
206 206 
19 
90 202 

21 81 224 

26 
5 
146 146 223 
249 
8 131 228 228 247 


7 7 156 156 203 203 
171 203 203 217 217 233 233 
191 191 191 223 236 236 
33 
16 16 89 93 93 95 95 
111 
137 
3 25 35 53 65 93 148 153 153 176 203 228 
26 26 
113 204 
17 17 127 189 194 194 
228 
7 203 218 218 
26 26 115 237 237 253 
28 203 203 203 
16 78 
18 18 63 154 206 
121 238 

57 78 78 81 154 171 201 201 224 224 
112 
78 78 
144 144 229 229 240 240 
7 7 
20 20 166 166 209 209 213 213 
251 
198 198 

5 234 
5 
58 152 
1 
145 145 145 204 204 
14 
244 
183 183 198 
228 
79 
94 
83 145 145 177 
5 5 5 5 5 
87 
203 203 
5 26 
188 
152 152 
170 206 
55 91 238 238 
37 210 
5 161 161 
7 7 
42 42 251 251 
251 251 
84 229 229 
228 228 

7 7 
71 228 
222 

33 39 227 

5 5 
18 18 34 34 34 80 148 202 
14 14 
4 

26 178 
5 5 
149 149 151 203 
96 96 
106 106 106 113 113 204 
14 69 69 152 

45 45 81 137 
143 143 
44 
143 153 153 228 228 
18 31 31 48 48 58 104 119 119 146 157 163 163 163 223 
21 21 25 25 27 81 81 151 151 179 
57 90 93 241 241 
206 206 
74 74 199 199 203 203 203 
152 
164 
50 
251 
123 123 

14 152 152 152 
1 158 232 232 
28 28 
20 98 98 209 209 
173 
8 
37 37 
120 174 
75 93 205 

167 176 
60 60 60 60 170 
30 30 
81 173 
113 204 204 
141 248 
153 
14 

9 9 9 30 30 196 196 
109 109 
21 21 228 
26 
18 
40 
44 118 
84 

76 76 76 
18 18 
237 253 
84 84 255 255 
43 43 204 245 
5 26 30 30 30 182 182 239 239 
11 33 33 
100 100 109 
156 156 

93 93 
63 137 
7 7 36 36 40 58 58 58 74 74 75 75 81 86 88 88 88 116 116 143 156 156 156 220 251 252 
83 106 106 145 177 177 195 
171 
60 60 61 61 90 120 155 155 250 250 250 
5 26 26 
4 4 
98 98 166 166 
122 

6 6 222 
98 98 
58 58 
8 

75 75 
86 86 

203 

6 44 44 132 212 
69 76 152 
65 93 93 
24 

56 134 
8 8 8 21 71 71 81 85 110 128 128 131 151 151 184 
96 96 127 127 
30 30 
15 26 
164 164 
75 75 
102 
5 
0 76 76 
26 87 87 193 253 
5 91 121 121 
196 196 
96 96 
154 154 


108 
22 43 43 195 251 

8 8 71 
178 
70 
206 206 206 
99 125 125 126 126 160 203 245 
58 203 
87 193 237 
5 
194 194 
