Nodes: 256, Edges: 380
236 
21 105 158 158 
153 
153 153 
14 18 18 139 139 
12 26 26 26 38 68 94 94 114 114 133 142 142 178 181 221 235 254 254 
222 
74 74 86 97 97 124 130 203 203 218 226 
81 168 215 215 228 228 228 247 
182 
14 
33 197 
5 
37 37 
4 10 18 32 51 138 139 146 163 
26 
89 93 93 
66 84 
4 4 14 51 51 51 60 90 152 152 186 192 
62 62 
166 166 
1 52 65 65 65 65 140 140 184 184 184 228 228 
245 245 
192 192 
152 225 
81 
5 5 5 15 33 44 59 67 67 82 82 82 84 87 87 87 98 108 108 108 122 169 196 196 207 237 237 

88 88 88 
205 
64 175 175 182 182 182 196 196 
152 157 
14 202 
11 26 37 44 73 73 77 134 134 150 172 197 197 211 219 222 


203 
13 13 33 
5 
134 134 
203 

81 243 
245 
26 33 150 150 172 172 188 188 222 222 

77 

58 152 
84 
159 159 216 216 216 
14 18 18 18 63 202 
21 
81 
216 
121 238 238 

93 
48 214 
26 
18 152 174 206 206 
138 206 
19 19 
51 137 137 202 242 
30 
21 21 21 21 81 
17 
26 26 
5 
146 223 223 223 
122 122 249 
131 228 228 

33 33 
7 7 156 203 
171 171 203 203 205 233 233 
223 236 236 236 236 
33 46 
89 89 93 95 95 
111 111 

8 25 42 53 65 93 148 148 148 153 160 173 176 176 203 228 228 238 
26 26 26 
204 204 
17 26 49 100 109 109 127 127 189 189 194 194 194 
228 
7 203 
26 26 26 115 115 237 253 
28 28 28 
16 78 78 
18 206 242 242 
121 121 

16 16 57 78 81 171 201 201 224 224 241 
5 5 
78 78 
127 127 229 229 240 
7 7 
26 166 166 209 209 213 237 
251 251 251 
84 109 109 

203 234 
221 
129 152 
1 
204 204 

26 26 26 244 
84 84 100 100 198 198 
228 
79 79 

177 204 
5 5 
87 87 
203 203 


152 152 
170 206 
55 91 91 238 238 
26 70 70 210 210 

7 
251 251 
251 251 
84 84 96 96 229 229 

104 
7 
71 228 
222 
5 
33 33 39 39 
175 175 175 

63 63 148 202 202 
14 61 
4 4 14 
21 21 

5 5 
149 151 203 
240 
204 
14 69 

81 81 81 137 153 
143 203 
33 44 44 
143 228 
18 18 24 31 48 60 104 119 119 157 163 
2 3 3 81 148 228 228 
241 

74 199 199 199 203 203 
31 152 
1 1 164 164 
50 50 
81 


14 152 
158 158 232 
203 203 
20 20 98 98 209 209 
173 
8 
26 
120 174 206 
75 75 93 205 
33 44 44 
81 167 176 176 
60 170 206 206 
30 30 135 135 135 
81 81 173 173 
113 
5 248 


5 
9 30 30 30 196 
189 
21 21 21 228 228 

18 

44 44 
84 84 183 
236 
205 
18 23 23 
237 237 237 253 
84 84 84 
204 204 245 
26 26 30 30 182 
11 33 33 
109 109 
156 156 156 
229 
93 93 
32 51 63 137 137 
7 7 36 40 74 75 75 81 86 102 116 116 143 149 156 156 165 165 214 251 
83 83 106 106 113 145 195 195 
29 75 171 191 
60 60 61 90 120 170 174 174 250 250 
26 

98 98 166 166 
122 122 
33 

98 
58 203 
8 8 
50 50 50 54 

7 
33 

5 103 
6 33 44 44 132 
69 69 69 76 
93 93 
24 
7 

8 8 8 21 21 71 71 81 81 85 110 131 151 153 153 184 184 
96 96 127 127 200 240 


164 
75 75 
102 
5 
0 76 76 76 76 190 
26 26 87 98 193 193 193 253 
55 55 81 121 121 

96 144 229 
93 154 
63 90 90 
42 
108 
22 22 43 195 251 

8 
178 
70 
206 206 
99 99 99 125 125 126 126 203 245 

87 193 237 
5 5 

