Nodes: 256, Edges: 380
236 
21 21 105 158 
153 153 153 
81 81 153 153 
14 32 139 139 139 139 
12 42 46 50 68 103 108 114 123 133 142 142 178 221 221 227 227 227 243 243 
222 222 
41 41 74 86 203 218 218 226 
81 81 215 247 
182 
51 
197 
5 227 
37 
4 18 18 32 47 51 138 138 152 
26 231 

66 84 84 84 
14 14 60 90 137 186 192 206 206 

98 98 98 166 
1 1 52 65 140 153 153 184 184 228 


152 
81 81 81 148 148 148 
15 33 44 59 59 62 62 62 67 67 72 82 84 87 108 117 122 122 141 196 207 231 231 237 

88 88 165 

182 182 182 196 196 196 230 230 
152 
4 14 202 
26 37 46 73 77 77 134 134 150 172 197 211 219 222 222 
137 
53 81 81 
203 
13 33 169 185 

134 
187 203 203 
7 7 
5 125 
195 245 
26 150 188 
153 153 
5 33 
14 
152 152 152 
84 
5 
10 14 63 191 202 
21 
35 
127 
121 

93 
152 152 203 203 214 214 214 245 245 245 
26 26 
18 76 152 174 174 
206 
26 26 26 
51 137 137 242 

21 81 
17 
26 26 108 
5 114 
146 223 
122 210 210 
247 247 
26 
33 
7 203 
171 203 203 233 
60 191 223 223 223 236 236 
33 33 134 
89 93 93 95 95 95 

137 137 
3 3 8 8 25 25 25 35 35 65 93 148 153 160 173 176 251 251 
26 
113 
17 17 17 26 49 109 127 183 189 194 194 
228 
7 203 203 218 
26 115 237 237 237 253 253 
28 28 165 203 203 203 
78 
18 242 242 242 
238 

57 78 78 81 111 154 171 201 224 224 241 
112 
78 78 78 
127 144 144 229 240 

20 20 20 122 166 213 237 237 

109 194 
106 
234 
5 

1 
101 
119 152 
5 26 67 244 244 
84 100 127 183 183 198 198 
228 228 
93 
94 
83 145 177 177 204 246 
5 68 227 
87 
203 203 
26 
188 188 
107 152 152 152 
170 170 
55 238 
26 26 70 98 210 210 210 
5 161 

42 251 251 251 
251 
54 84 96 109 187 229 229 





5 
33 33 39 77 
175 

18 34 63 63 80 80 202 202 
14 14 
4 4 4 4 
21 
26 178 
5 5 
149 149 151 165 203 
96 96 
113 204 204 
69 152 152 
171 
25 25 25 81 153 
143 143 
33 44 
143 153 
14 24 31 48 48 48 58 58 60 107 119 119 119 146 146 157 223 
2 2 2 3 3 21 21 45 45 81 148 151 179 228 
93 176 
206 206 
199 199 199 203 
152 
1 164 

81 251 
123 


158 232 232 
28 88 143 
20 98 
173 173 

37 
120 120 174 206 
75 93 147 205 
33 
81 167 167 176 
60 60 170 206 206 
135 196 
81 154 173 
113 113 
5 141 248 248 
153 

203 
9 30 30 30 196 196 
84 109 109 
21 21 228 
37 
18 
40 127 
44 118 118 
84 196 
236 
51 76 
18 
253 
84 84 100 255 
43 204 204 
26 30 30 30 175 182 182 189 239 239 239 
11 33 
109 109 
156 156 156 
229 
93 
32 51 137 137 
7 36 40 40 58 58 74 75 75 86 86 88 88 88 116 116 143 156 181 251 252 252 
113 145 145 195 195 
171 
18 18 61 155 155 170 174 174 250 
26 


70 70 122 122 122 
33 

98 
58 58 58 
8 

233 
7 7 86 
33 
251 
5 5 
6 6 33 33 
69 76 76 76 152 
93 93 

7 
5 5 5 12 114 
21 85 110 110 153 184 
96 127 127 200 240 
30 30 
15 26 26 
164 164 
75 217 
102 

0 76 76 190 
26 87 87 87 98 98 253 
91 121 
196 196 196 
96 229 
93 
63 90 90 90 
5 5 
108 108 
43 58 58 58 
113 
8 71 71 
178 178 

206 
81 81 125 125 125 126 160 203 220 
203 203 
87 87 193 237 

194 
