Nodes: 256, Edges: 380
60 60 236 
21 21 105 158 158 164 
153 
81 153 153 153 
14 14 18 18 32 139 208 208 
12 12 12 12 68 98 98 103 108 108 114 123 136 178 207 221 227 235 244 254 
212 222 222 
41 41 74 97 203 218 218 
71 168 228 

14 
33 
5 5 5 5 
33 37 
4 4 10 18 32 47 47 47 51 51 138 138 138 146 180 180 208 
26 
78 
66 84 84 
4 4 14 51 51 60 60 90 90 206 206 

98 166 
1 1 45 52 65 140 140 153 153 153 184 228 
245 
192 192 192 
152 225 
81 81 148 148 
15 33 44 44 59 62 67 67 72 82 98 98 122 141 141 169 185 231 231 
153 
88 
205 
64 64 182 182 196 196 196 196 230 
152 
4 14 
11 13 26 37 73 150 150 172 219 222 
137 137 
53 53 81 
203 
13 33 169 185 
42 
134 

7 7 
38 
245 
26 26 172 222 222 
21 148 153 

14 14 14 
58 58 58 152 152 
84 
159 159 
14 14 18 18 
21 
35 35 81 

238 

154 
48 48 48 152 203 252 252 
26 
0 0 18 18 76 174 236 236 

26 
202 242 242 
30 30 
21 81 224 
17 
26 26 
5 114 
146 146 223 223 
122 210 210 249 
8 228 
26 
33 
7 156 156 156 203 203 
171 171 203 205 217 217 
60 223 223 223 236 

16 89 95 
111 

3 25 25 35 53 65 93 148 148 148 153 153 153 160 162 173 176 203 228 228 251 251 
26 
204 
17 17 49 100 127 183 189 194 194 194 
228 228 
203 
115 237 237 237 237 253 253 
28 203 203 
78 
18 18 206 242 

203 203 
81 111 176 176 201 241 
243 
78 
127 144 144 229 229 240 
7 130 130 
5 5 20 26 26 166 166 209 213 237 237 
251 251 
84 109 194 

203 203 
5 
129 152 
1 

152 
5 5 244 
100 
228 228 
79 93 

177 177 
5 68 
87 
203 

188 188 
152 152 152 
170 206 
238 
26 70 123 210 
5 122 161 

251 251 
251 251 251 
84 96 229 229 

104 
97 97 


227 227 
39 227 227 
175 175 
5 
34 34 148 202 
14 14 14 
4 
21 21 
26 26 
159 159 
151 203 
96 96 240 
204 204 
14 69 69 152 152 

25 25 45 81 81 81 137 153 
203 220 
33 33 
143 153 
24 31 48 48 58 104 107 119 119 119 146 146 157 223 
2 3 3 3 21 21 21 27 45 81 81 81 148 151 179 179 228 228 228 
57 176 241 
206 
74 74 74 199 199 203 203 
152 
1 1 164 164 
50 50 142 142 
81 
123 
81 

1 158 158 232 232 232 

20 98 98 209 
173 173 
8 
26 37 
120 206 206 206 
75 75 
33 44 
81 167 167 176 176 
60 206 
135 135 196 
81 93 93 154 173 173 
113 113 204 
5 248 248 
153 153 
14 14 
203 
30 30 
84 
21 228 
26 37 


118 118 
84 

205 205 
23 23 23 
253 253 
84 84 84 100 255 255 255 

30 30 30 30 175 239 


156 156 
229 229 
93 
63 137 
7 36 58 74 74 75 81 86 88 88 92 92 102 102 116 143 149 156 156 181 214 220 252 
83 145 145 177 
29 75 191 191 
18 18 90 120 155 170 170 170 174 250 250 
5 
4 4 14 
98 166 
70 70 122 

6 
98 
203 


75 75 
7 7 
33 
149 203 251 
5 
6 6 33 44 44 
69 69 76 76 76 152 
65 
24 

5 133 133 134 134 
8 21 71 81 81 85 85 110 110 153 153 153 184 
96 96 127 127 200 200 240 
30 
26 26 
164 164 164 


5 
0 60 60 76 
87 87 87 87 98 98 253 
55 121 
196 
96 144 229 
93 154 
63 63 90 
94 
5 108 
22 43 


178 178 
70 
206 206 
81 81 99 99 125 125 126 126 126 220 
58 58 203 
87 87 193 193 237 
5 
194 194 194 
