Nodes: 256, Edges: 380
60 236 
21 105 105 153 158 158 164 
153 

14 18 32 139 139 208 
12 26 46 50 50 68 68 68 94 94 98 103 108 114 117 117 123 136 142 178 221 221 227 227 227 235 243 254 254 
212 222 222 
41 74 74 97 97 124 203 218 
71 71 81 168 228 228 247 

14 14 
33 197 
5 

4 10 10 18 47 51 107 139 146 163 163 208 208 
231 
78 78 93 93 
66 84 84 84 
4 14 51 60 90 137 152 152 152 192 192 
62 
98 98 
1 45 45 65 140 153 184 184 228 

192 
152 152 152 225 
81 148 
5 33 44 44 44 59 62 62 72 82 84 84 87 98 108 117 117 117 122 141 196 237 
153 
88 165 165 

64 64 175 175 182 196 
152 
4 
11 26 44 73 134 150 172 211 211 219 
137 
53 81 81 
203 
122 169 185 

134 134 134 
187 
7 

245 
26 26 26 33 150 150 172 172 188 222 222 222 
21 21 148 
5 
14 152 152 
58 58 152 
84 
5 5 108 159 
14 18 191 202 

35 81 
216 
121 238 238 

93 154 154 
48 48 152 203 214 245 252 
26 
0 18 152 152 174 174 206 
90 138 206 206 
19 26 26 
90 90 202 
30 30 
21 224 
17 

5 5 5 
146 223 
122 249 
8 8 247 
26 
33 
7 7 203 
203 205 217 217 233 
191 191 223 223 236 

16 16 89 89 93 95 

137 137 
8 25 35 35 53 93 93 93 148 153 153 160 173 176 203 228 238 251 
26 
113 204 204 
17 17 17 26 26 49 100 109 109 127 127 194 194 194 
228 228 
203 218 
26 237 237 237 
28 203 203 203 203 
78 78 
18 61 63 63 154 
238 238 238 

16 16 57 78 81 81 81 154 171 176 201 201 201 224 241 
5 5 
78 
127 144 144 229 229 229 
7 7 
5 20 20 26 122 209 
251 251 
84 109 198 

203 234 234 
5 
129 
1 1 
145 
14 152 
5 26 50 244 244 244 
84 84 100 183 198 
228 228 228 


83 204 246 
5 

203 
5 5 26 26 26 
188 
152 
170 
55 238 238 
26 37 70 98 123 
5 122 161 161 
7 
251 251 
203 
84 84 96 229 
228 
104 

228 

227 227 
33 39 39 39 
175 
5 
18 34 80 80 
61 
4 4 14 
21 
26 
5 
149 165 
96 96 240 240 
106 204 
14 69 

25 45 81 
143 203 
33 44 44 
228 
18 18 18 24 24 24 31 47 47 48 58 60 60 107 119 157 163 223 
1 2 21 27 81 81 179 179 228 
57 57 90 93 
206 
199 
152 
1 1 
50 
81 251 
123 123 
238 
14 14 152 
1 
28 28 143 203 203 
209 
173 
8 
37 
120 206 206 206 
93 205 
33 44 44 
81 167 176 
60 60 206 
30 30 135 196 
81 93 173 

5 248 248 248 
153 153 


30 
109 
21 21 
37 

40 
44 118 
196 196 
236 
51 76 76 205 205 
18 18 23 
253 253 
84 84 84 255 255 
245 
26 30 175 189 189 239 239 
11 
100 109 
156 
229 
93 93 93 
51 63 
7 36 58 74 75 81 86 88 88 88 88 102 116 126 149 165 165 220 252 252 
83 83 113 145 245 
75 171 191 191 
60 61 61 155 170 170 170 174 

4 14 14 
98 166 

33 33 
6 222 

58 

54 
75 75 
7 86 
33 
203 
5 5 
6 6 44 44 44 212 
69 76 76 152 
65 93 
24 

5 5 5 133 133 
8 8 21 81 85 85 110 110 110 128 131 151 153 
96 96 96 127 200 240 240 

15 

75 
102 102 
5 
0 76 190 
26 87 87 87 253 253 253 
55 55 81 91 91 91 121 121 162 
196 196 
144 144 229 229 
93 

5 
108 108 108 
43 58 195 204 
113 
8 71 
178 178 178 
70 

81 99 99 125 125 160 
58 203 203 
193 193 237 237 237 
5 5 
194 194 
