Nodes: 256, Edges: 380
60 60 236 236 
21 153 158 164 

81 81 153 153 238 
18 32 32 
12 26 42 46 50 50 50 94 103 117 136 142 178 178 207 221 227 227 235 235 243 254 
222 222 222 222 
41 74 86 86 86 124 124 203 
71 168 215 247 
182 182 

33 33 197 
5 
37 
18 18 47 51 138 138 139 152 208 
26 26 26 231 231 
93 
66 84 84 84 
4 14 14 51 51 60 90 137 152 186 192 192 192 206 
62 62 62 
166 
1 45 45 52 52 65 140 140 153 184 184 228 232 
245 
192 
152 
81 148 148 
5 15 15 15 44 59 59 62 67 67 72 82 82 84 117 122 141 141 169 196 207 231 231 
153 
88 88 165 
205 
64 64 64 175 182 182 196 196 196 230 

4 4 202 
11 11 37 37 77 134 211 222 222 
137 
53 53 

13 33 33 
42 
134 134 
203 203 
7 
5 38 
195 245 245 245 
26 150 150 172 172 188 222 222 
21 21 148 153 
5 
14 152 
152 
84 84 
5 5 5 
14 18 18 63 202 202 202 202 
21 21 
35 35 81 81 
127 
121 238 238 238 

79 93 
152 152 214 
26 26 
0 0 18 76 120 152 174 174 236 236 
90 
19 19 19 26 
51 90 137 202 202 242 
30 30 30 
21 81 81 224 
17 
26 26 
114 
223 
210 249 249 
8 247 
26 

7 156 203 
171 171 203 217 233 
60 191 191 236 236 
33 210 
89 89 93 95 95 
57 
137 137 
3 3 25 53 53 65 65 93 148 148 153 153 160 162 228 228 228 
26 26 
204 
17 17 17 26 49 49 100 109 109 127 194 
228 
7 7 7 203 218 
115 115 237 237 
28 28 203 
78 78 
18 61 63 206 206 242 
121 238 

16 57 78 81 111 111 154 154 176 241 
5 
78 78 
127 144 229 
130 
122 166 209 213 213 237 
251 
84 198 
106 
203 234 
5 
129 152 

101 145 204 204 204 
119 152 

84 84 183 
228 228 
93 93 

145 145 177 204 
68 
87 87 
203 203 
5 26 
188 
107 152 
60 170 
55 91 238 238 
26 98 
161 161 
7 7 
251 
203 251 
54 84 96 
228 
104 
97 
228 
222 
227 227 
33 39 39 
175 
5 
18 34 63 80 80 
14 14 
14 
21 21 
26 26 
5 
165 
96 240 
106 113 113 204 


25 25 45 81 81 153 
203 220 
44 44 
153 
14 18 24 47 48 58 58 60 104 107 119 163 163 223 223 
1 3 3 21 27 45 81 81 148 151 228 
93 93 241 
206 206 
74 199 203 203 

1 164 

81 251 
123 123 
81 
152 152 
1 158 232 
28 143 
20 98 209 209 
173 173 
8 
26 
120 174 174 206 
75 75 
44 44 
167 167 176 
60 60 170 170 206 
30 135 196 196 196 
93 173 
113 
5 5 248 248 


203 
9 9 30 30 196 
109 
21 21 

18 

44 118 

236 
76 76 205 
18 18 18 23 
253 253 253 
84 255 255 
43 204 
26 30 30 30 175 175 175 182 239 239 
11 
100 
156 
229 

32 51 51 51 51 63 63 
7 40 40 74 75 86 88 102 116 116 126 149 156 156 181 220 251 252 
83 106 106 106 113 145 195 245 
29 191 
18 90 90 155 155 170 174 
5 26 
14 
98 166 166 
70 77 
33 
222 
98 98 
58 
8 

75 233 233 
86 

149 203 
5 
6 6 6 6 33 33 44 44 132 212 
69 152 152 
65 


5 5 133 133 
21 81 81 81 85 110 110 128 131 153 
96 200 240 240 
30 
15 15 26 26 
21 164 
75 217 217 
102 
5 5 
0 0 60 60 76 76 190 
87 87 98 253 253 
3 55 55 55 91 121 121 
196 196 
144 229 229 
93 154 
63 90 
5 

22 43 43 43 204 251 

8 71 
178 178 
70 70 

99 125 126 160 203 245 
203 
193 193 193 237 237 
5 
194 194 
