Nodes: 256, Edges: 380
60 60 
21 105 158 164 
153 
81 81 153 
14 32 139 139 208 208 
12 26 26 38 38 42 46 50 50 68 94 114 114 178 178 181 196 196 203 221 221 227 235 235 235 238 243 244 254 254 
212 212 222 222 
74 74 86 97 97 124 124 124 130 203 203 218 
71 71 168 247 
182 182 
14 
33 
5 
33 37 
4 10 18 47 51 138 146 152 152 163 180 208 
26 26 26 
93 93 93 
66 84 
14 51 60 90 152 152 186 192 192 206 
62 62 
98 
1 65 65 140 184 184 228 228 
245 245 245 
192 
152 152 
81 148 153 
5 5 15 15 15 44 59 59 59 62 67 82 82 87 98 117 169 207 207 231 237 
153 153 
165 
205 205 
175 175 182 196 196 196 196 230 230 
152 152 
4 
11 13 37 46 73 77 150 172 172 197 211 211 219 

53 81 81 

13 33 169 
5 5 
134 


5 
195 
26 150 150 172 188 222 222 
153 
5 33 
14 
58 152 152 
84 84 
5 5 159 159 
14 18 191 

35 

238 238 
227 
93 154 
48 214 214 245 
26 26 26 
0 0 18 120 174 174 174 206 236 
90 206 206 
19 19 26 
90 90 137 202 

21 21 81 
17 
26 108 
5 114 
146 223 223 
122 122 122 210 249 
8 8 228 228 247 

33 
7 7 156 156 203 203 
171 205 217 
191 191 191 223 236 
33 
93 95 95 
111 111 
137 137 
3 3 25 35 35 65 93 153 153 162 173 173 173 176 176 228 228 
26 26 
113 204 204 
17 49 49 100 109 127 194 194 194 
228 228 
7 203 218 
26 115 115 115 237 237 253 


18 61 63 63 206 206 242 
238 238 
203 
16 16 16 57 78 81 111 111 176 176 201 201 241 
5 112 
78 78 
240 
7 7 130 
20 26 166 209 213 213 213 237 237 
251 
84 198 
106 
203 203 234 

129 152 
1 
101 145 204 
119 
67 244 
84 183 
228 228 
79 79 93 93 
94 
83 145 204 246 246 
5 5 68 
87 87 87 
203 203 
26 
188 188 
107 152 
60 206 
238 
70 70 70 210 
161 161 196 
7 7 7 

251 251 251 
84 187 189 189 229 229 
228 
104 
7 97 

222 

39 227 
175 

63 80 80 
14 
4 4 
21 




106 113 204 
14 69 

25 153 153 
203 
33 44 44 
228 
14 14 18 18 24 24 31 31 48 48 104 119 163 163 223 223 
2 3 25 27 27 45 81 81 148 148 179 
57 241 
206 206 
74 74 199 199 

1 
50 50 
251 
123 123 
81 
14 152 152 
1 
28 
98 209 
173 173 
8 
26 37 
206 206 
75 205 
33 33 44 
81 81 81 167 167 
60 60 60 206 206 
30 30 135 196 
81 81 93 93 

5 5 248 248 
153 
14 
5 
9 9 30 196 
109 
21 21 

18 
127 
44 118 118 
127 127 

51 76 76 76 
18 18 23 
237 253 
84 84 84 255 255 
43 245 
5 5 30 30 30 30 123 175 182 239 239 
33 
100 
156 156 
229 
93 93 
63 
5 7 7 74 74 86 92 102 102 116 116 149 251 252 
83 83 106 113 145 245 
29 29 75 171 
18 60 61 61 90 90 120 155 155 170 170 174 174 250 250 
26 26 
4 4 14 
98 166 
70 122 
33 33 
6 6 222 222 
98 98 98 
58 58 


75 233 
7 86 
33 
251 
5 5 
6 6 44 44 132 212 212 
69 69 76 152 152 



5 56 134 
21 21 71 71 81 81 85 85 110 110 128 151 
127 127 200 240 240 
30 30 
26 

217 
102 
5 5 5 
60 76 
26 87 87 98 98 193 253 253 
5 55 55 91 91 121 
196 196 
96 229 229 
93 154 
90 
5 
5 108 
22 22 22 58 195 204 
113 113 
8 71 
178 178 
70 
206 206 
99 126 126 126 160 203 220 
203 
87 193 237 237 
5 5 
194 194 
