Nodes: 256, Edges: 380
236 236 
21 105 153 158 
153 
153 238 
32 32 139 
12 12 12 50 68 68 68 108 108 117 133 133 136 178 221 221 227 227 227 254 254 
222 222 
41 41 74 74 86 97 97 124 130 130 203 203 203 218 226 
81 168 
182 182 
51 
33 
5 5 5 
33 37 
47 51 51 138 146 163 163 180 208 
26 231 
78 78 89 89 
66 84 84 
51 51 60 152 186 186 186 192 206 

98 98 166 
1 45 45 52 140 153 184 184 232 
245 245 
192 
152 
148 148 153 
15 33 59 62 62 72 72 87 87 98 122 196 231 237 237 
153 
165 
205 205 
64 64 64 175 196 196 230 230 
152 152 
4 4 202 
11 13 26 37 37 46 77 77 134 150 172 172 172 211 219 219 222 222 

53 81 

13 33 33 169 169 169 185 
42 

187 187 187 
7 7 
38 81 125 
245 
59 172 188 222 
21 21 148 
33 77 
14 107 152 152 
58 

5 159 159 
10 14 14 18 18 202 202 
21 
35 81 

238 238 
94 
79 93 93 154 
48 104 104 152 203 214 245 
26 44 
18 76 76 120 174 206 236 
90 
26 26 
90 90 90 202 202 242 
30 30 30 

17 

5 5 5 
146 146 223 223 223 223 
122 249 
131 228 
26 26 

7 7 203 
171 171 171 203 203 217 
60 60 191 191 191 223 223 223 223 236 
33 33 46 134 
16 16 89 89 93 
57 111 

8 35 42 53 93 162 173 203 238 251 

113 204 
17 17 109 109 127 183 189 189 194 194 
228 
7 203 203 218 218 
26 26 115 115 115 237 237 253 
203 203 
16 16 78 78 
61 63 63 63 154 206 
238 
203 
57 57 78 81 111 154 176 201 224 241 241 
56 112 112 243 243 243 

229 229 
7 7 130 
20 20 26 166 166 213 
251 251 
109 109 198 198 



58 58 129 152 152 
1 
145 145 204 
47 
5 5 244 244 
84 84 100 100 198 
228 
79 93 
94 94 
83 246 246 246 
227 227 
87 87 87 
203 
5 

137 152 152 
60 206 
238 238 238 
26 70 210 

7 
42 251 

84 229 229 
228 
104 
7 7 97 
71 
222 222 
5 5 
33 77 
175 
5 
119 148 202 202 
14 
4 
21 


149 203 203 
240 
106 106 204 
14 69 69 152 
171 
25 25 45 137 
143 203 
33 
228 228 
18 24 31 31 47 47 58 104 104 119 119 146 
1 2 3 21 25 27 179 179 228 
57 90 93 241 241 

203 203 

1 164 
50 50 


81 238 
14 14 
158 
28 203 203 
20 98 98 209 

8 
37 37 37 
206 
75 75 75 147 
33 33 33 44 
81 176 176 
60 206 206 
30 135 196 196 196 
93 173 173 
204 204 
5 248 
153 153 
14 

9 9 196 196 
84 
21 21 228 
37 
18 18 18 
40 40 40 
44 
84 84 
236 236 
76 76 76 
18 23 
237 237 253 253 
84 84 
204 204 
26 30 30 175 175 175 182 182 239 239 239 

100 100 109 


93 
32 51 51 63 63 137 137 
7 7 7 58 74 75 75 81 86 86 88 88 92 116 143 143 149 156 156 165 165 220 251 251 252 
83 106 145 177 177 195 195 245 
29 29 
18 60 90 120 170 174 174 250 

14 
166 
122 
33 

98 
58 


75 
7 86 86 
33 33 
203 251 
5 5 
6 6 33 33 44 132 132 
69 69 69 69 76 76 76 76 
93 

7 
5 5 5 114 114 
71 85 110 128 151 151 153 184 
96 96 127 127 240 
30 30 
15 26 
21 



0 0 60 76 190 190 
26 26 87 87 193 193 253 253 253 
3 55 55 81 91 121 121 121 162 
196 196 196 
144 229 
93 93 154 154 
63 
94 94 94 
108 108 
22 22 43 58 204 
113 113 113 

178 
70 
206 
81 99 99 125 203 203 220 
203 
87 193 193 237 237 237 
5 5 

