Nodes: 256, Edges: 644
60 236 
105 105 110 110 110 110 153 164 232 
129 
81 228 228 238 238 
14 18 18 18 32 32 138 
26 26 26 38 38 38 42 46 46 50 56 68 68 81 81 81 91 91 91 91 94 94 98 102 102 102 114 117 117 123 123 123 133 141 141 143 159 161 161 161 161 178 178 178 203 203 234 235 238 243 243 243 244 244 248 
212 
41 74 74 86 86 124 125 125 203 203 
71 71 81 81 228 228 247 247 

14 14 
33 
114 227 227 
33 37 37 
4 10 10 18 18 32 32 47 51 51 138 139 146 146 152 152 163 163 208 208 208 
231 231 231 
89 93 93 
66 66 66 84 84 226 
4 4 4 14 14 34 34 51 61 61 63 120 120 137 137 137 138 145 145 152 152 186 186 206 206 206 
62 62 62 
98 98 166 213 213 213 213 
45 140 140 153 153 153 179 179 179 179 179 228 
204 204 204 245 245 
192 192 
107 107 107 107 152 
81 81 81 
5 5 5 33 59 59 62 62 67 67 67 70 70 72 72 87 87 87 98 98 108 117 117 122 141 207 207 213 213 231 231 237 
52 153 
88 165 
205 
64 175 175 182 182 182 196 
152 
4 4 14 14 138 138 138 138 
11 13 26 37 44 122 122 134 134 150 150 150 169 172 172 185 197 197 197 219 222 222 
18 18 137 137 
53 53 81 81 81 
74 
13 13 33 122 122 
5 5 5 

203 203 
7 
5 81 81 151 228 228 228 243 243 243 
195 195 
33 59 73 73 73 118 150 150 188 188 222 222 
21 148 153 153 
5 5 103 103 
14 152 152 152 152 180 180 
152 152 
84 
5 
14 14 18 
27 140 
35 35 81 81 
83 127 
121 238 238 
5 103 181 181 
93 154 
104 214 245 
26 26 44 
0 61 76 76 190 206 206 236 
18 18 60 
19 19 19 26 26 108 108 
18 90 137 202 202 242 
30 
81 93 93 
17 17 17 84 
26 26 26 
5 5 
146 146 186 
26 26 122 249 249 
8 8 131 131 228 228 228 
26 26 
44 44 44 
7 7 36 156 156 203 203 203 
147 147 147 171 203 203 217 217 217 233 233 233 
60 60 
122 122 122 
89 89 89 93 93 93 
111 111 
137 
3 5 5 5 8 8 25 25 25 35 35 35 42 42 53 53 65 93 93 93 99 153 153 153 160 160 162 162 162 162 173 176 176 176 203 203 220 220 220 220 220 228 228 238 238 251 251 
231 
54 177 177 177 204 
17 17 49 66 109 109 127 127 183 183 183 
228 228 228 228 
7 7 203 203 203 218 
26 26 26 108 108 108 115 115 237 237 253 
28 165 165 203 
16 78 78 78 
63 206 206 242 242 
5 5 5 5 121 153 

16 16 57 65 65 78 78 78 81 81 81 111 111 154 176 176 201 241 241 
5 5 112 243 

200 240 
130 130 130 226 226 
5 20 20 26 26 166 166 166 
81 
109 109 127 194 198 198 
145 204 204 204 204 
5 5 5 142 142 142 203 234 254 
46 46 56 
58 129 
1 1 

24 24 24 24 119 152 152 
26 62 62 87 87 87 
84 84 100 100 127 127 180 194 198 198 255 255 255 255 255 
1 1 1 1 153 153 
79 79 93 93 154 154 
94 
145 145 177 204 204 246 
5 12 227 227 227 
87 87 
203 
5 5 26 26 136 
44 
107 152 152 
18 18 170 206 206 206 
55 91 181 238 
26 33 33 37 37 70 77 77 77 210 210 210 
5 5 5 196 196 
7 
7 7 
203 
54 84 84 100 109 109 187 187 189 216 229 
251 
2 104 
97 97 97 
71 71 228 

5 227 227 
33 33 
175 175 
117 
18 18 18 34 34 63 80 202 202 
4 14 18 32 32 32 32 208 
14 
21 21 52 
5 5 26 
102 102 102 
5 149 165 165 203 203 
200 200 240 240 240 
18 18 101 113 113 204 
14 14 69 69 152 152 223 
75 75 75 
45 153 
143 203 203 203 
33 33 33 44 44 
42 
14 14 18 18 24 31 47 47 47 47 48 48 107 107 119 119 146 146 157 163 163 163 223 225 
1 21 21 21 27 45 45 81 81 81 91 110 110 148 179 179 228 228 228 
57 93 111 111 
205 205 205 205 
74 74 199 
152 163 
164 
5 
81 81 
5 5 5 5 
81 81 81 81 238 
14 14 152 152 152 157 
1 158 232 
28 88 88 143 143 203 203 
20 98 98 98 209 
173 173 173 

33 
120 174 206 
75 205 205 
33 33 
81 167 167 167 
170 206 
30 30 135 135 196 196 
81 81 81 93 93 224 224 224 
83 83 83 113 204 204 
5 5 5 
21 21 21 21 21 153 153 
47 47 109 
56 56 121 
30 30 30 
84 84 84 
228 228 228 
33 
18 18 69 
127 127 
44 44 
127 216 
60 236 236 
205 
23 23 206 206 206 206 
237 237 253 
100 109 
43 43 245 245 
30 123 123 175 175 239 
33 33 33 
100 100 109 109 
156 
96 144 144 240 240 240 240 
93 
63 63 137 137 
5 5 7 7 40 40 74 74 74 75 75 81 81 86 86 86 88 102 116 126 143 143 149 149 149 165 165 220 251 251 252 
22 22 22 83 101 101 101 101 113 113 145 177 177 245 
29 155 155 155 155 171 171 191 
18 18 18 60 60 90 90 120 120 120 170 174 192 192 192 192 250 
26 26 
14 14 14 138 
166 
122 122 122 
222 
6 222 222 222 222 
20 20 20 20 26 26 237 
58 
228 
127 189 
75 75 75 233 
86 
33 
81 81 81 81 81 203 251 
248 
33 33 44 44 211 212 212 212 212 
146 152 
176 176 176 
152 
17 97 97 
12 12 114 114 114 133 133 
3 3 8 8 21 42 42 42 71 71 71 81 81 85 85 85 85 131 153 153 153 184 184 184 215 
127 240 

15 15 15 26 26 82 
1 164 
75 75 75 217 
5 102 254 254 
5 
0 60 190 190 
26 87 87 193 193 213 253 
3 3 5 55 55 81 81 121 162 
196 
96 144 144 144 200 200 200 200 229 
93 93 
63 90 90 
5 5 5 42 42 42 94 248 248 248 
5 5 
22 22 58 195 195 204 
113 
8 8 
5 221 243 243 243 
70 70 
206 
81 81 128 203 203 220 
203 
87 193 237 
102 234 234 
109 109 109 109 109 
