Nodes: 256, Edges: 644
60 60 60 236 236 
105 105 110 110 153 153 158 158 164 164 232 232 232 
129 129 129 
81 228 228 
14 14 18 18 18 32 32 
26 26 38 38 42 46 56 68 68 81 81 91 94 94 98 102 102 108 114 117 123 133 133 141 141 143 143 159 161 161 178 178 178 196 203 203 227 227 234 234 235 235 235 243 244 244 248 248 
212 212 222 222 
41 74 74 86 97 97 97 124 124 125 125 125 203 203 203 
71 71 81 81 168 168 168 215 228 228 228 247 247 247 
182 182 
14 14 
33 33 33 
114 227 227 
33 33 37 37 37 
4 4 10 10 32 32 47 47 51 51 60 138 138 139 139 146 146 152 152 163 163 208 208 
26 26 
93 93 
66 66 84 84 226 226 226 
4 4 4 34 34 34 51 51 51 61 61 61 63 120 120 138 145 145 186 186 186 206 
62 
98 166 213 213 213 213 
45 140 140 153 153 153 179 179 179 179 228 
204 204 204 
192 192 
107 152 223 
81 81 153 
5 5 15 15 33 44 59 62 62 70 70 72 72 82 82 87 87 98 98 108 108 117 141 141 196 196 213 213 237 237 
52 153 
88 88 88 165 165 
205 205 
64 175 175 182 196 196 230 239 239 239 
152 
4 4 14 14 138 138 
11 11 11 13 13 26 37 39 44 122 134 134 150 169 169 172 185 197 197 197 219 222 
18 18 18 
53 53 81 81 

13 13 13 33 122 122 
5 5 
33 134 

7 
5 81 81 81 151 151 228 228 228 243 243 
195 195 195 245 245 
26 33 59 59 73 73 73 150 188 188 222 222 222 
21 148 153 153 
5 103 103 103 
14 14 152 152 152 180 180 180 180 
58 
84 

14 14 18 18 18 
27 140 
35 35 81 
83 127 127 
121 121 238 
5 181 181 
93 154 
48 104 104 214 
26 44 44 
0 0 0 14 61 61 61 152 152 206 206 206 
18 18 18 60 60 60 206 
19 26 26 
18 90 90 137 137 137 202 242 242 
30 
81 93 
17 17 84 84 84 

5 5 
146 186 186 
26 26 122 122 122 249 
8 8 131 131 131 228 228 247 247 
26 26 
44 44 44 
7 7 156 203 
171 171 217 

122 122 122 
89 89 93 93 93 
111 
137 137 
3 5 5 8 8 25 25 35 35 42 42 42 53 65 93 93 93 153 153 153 162 162 173 173 176 176 176 203 203 203 220 220 228 228 238 238 238 251 
26 26 
54 113 177 177 204 
17 17 49 66 66 66 100 109 109 127 127 127 183 183 189 189 
228 228 228 
7 203 203 218 
26 26 108 108 108 115 115 115 237 
28 28 28 165 203 
78 78 
63 63 186 206 206 242 
5 121 121 153 
203 
16 16 57 65 78 78 78 81 81 81 111 111 154 176 176 176 201 201 241 241 
5 5 
153 
240 
7 7 7 130 130 
5 20 26 26 166 
228 251 
84 127 127 127 194 194 194 198 
145 145 204 204 204 
5 5 142 142 203 
46 46 46 
58 58 129 
1 1 
145 
24 119 119 
5 26 26 87 87 87 
84 84 127 127 180 198 198 198 255 255 255 255 255 
1 1 153 153 
79 93 93 154 

83 145 145 177 204 204 204 246 
5 12 227 227 
87 87 87 
203 203 
5 26 

107 107 152 152 
18 18 170 170 206 
55 55 91 91 238 
33 37 37 70 70 70 77 77 77 207 
5 161 196 
7 7 
7 7 7 
203 
54 54 84 84 84 100 100 100 109 109 187 216 216 216 
228 
2 2 2 104 
97 97 
71 71 71 228 228 228 
222 
5 5 227 
33 33 39 
175 

63 63 63 80 80 202 
14 14 18 32 32 208 
14 14 
21 21 52 
5 5 26 26 
102 102 
5 5 203 203 203 
240 
18 18 101 101 106 113 113 204 
14 14 69 152 223 223 

45 153 
203 203 203 
33 44 
42 42 228 
14 14 24 31 47 47 47 60 60 119 119 146 157 163 163 223 225 225 
1 1 21 21 21 25 27 45 45 81 81 81 91 95 110 110 148 179 228 228 
57 93 111 176 176 241 241 
205 206 206 
74 199 203 203 203 
152 163 163 163 163 
1 1 164 164 
5 

5 5 123 
81 81 238 238 
14 14 152 152 157 157 157 157 
1 1 158 158 
28 28 88 203 203 203 
20 98 209 
173 173 173 
8 8 8 
33 33 
120 120 174 174 206 
75 75 
33 
81 81 167 167 167 176 176 
170 170 206 206 206 
30 30 135 196 196 
81 81 81 93 93 93 154 154 173 173 224 224 224 
83 83 113 204 204 
5 5 5 
21 21 21 21 153 
47 47 47 47 109 
56 56 
9 9 30 
84 84 
228 228 
33 
18 18 18 69 69 90 
127 
44 44 
84 84 216 216 216 216 216 
236 236 
205 205 205 
23 23 206 206 
253 253 
100 100 100 
43 43 43 204 204 245 245 
5 26 26 30 30 123 175 175 239 239 
33 33 33 
100 109 109 109 
156 
229 240 240 
93 93 
63 137 
5 5 7 7 7 74 81 81 81 86 86 88 92 102 116 116 126 143 143 143 149 149 149 156 156 156 165 165 165 220 251 251 251 252 252 
22 22 22 83 101 101 101 113 113 113 145 177 177 195 195 245 245 245 
29 29 155 191 191 191 206 
18 60 60 60 61 90 90 120 155 155 170 174 174 174 192 192 205 
122 
14 14 138 
166 


6 6 222 222 
20 20 20 20 26 26 237 
58 
8 228 228 228 
127 127 127 189 189 189 189 189 
75 233 
86 
33 
81 81 203 251 

6 6 33 44 44 44 132 212 212 
24 146 146 152 
176 176 176 
152 152 
17 17 17 
5 5 12 12 114 114 133 
3 3 8 8 8 21 42 42 42 71 71 81 81 85 85 85 99 128 131 131 131 151 153 153 184 184 215 215 215 
200 240 
30 

1 1 1 
217 
5 5 254 254 254 
5 5 5 
0 0 190 190 
26 26 87 213 253 253 
55 81 81 81 121 162 162 
30 30 30 196 196 
96 144 200 200 229 
93 93 154 154 
63 63 90 
5 42 42 248 248 248 
5 5 
43 43 195 195 204 204 204 
113 
8 8 8 71 71 
5 5 243 243 243 
70 

81 99 203 203 203 220 
203 203 
193 193 237 237 
234 234 234 
109 109 109 109 109 
