Nodes: 256, Edges: 644
236 236 
21 105 110 110 110 153 153 158 164 164 232 232 
129 129 129 
81 228 228 228 
14 14 14 18 18 32 32 32 138 
26 26 38 38 38 42 42 46 50 56 56 68 68 81 91 91 94 98 102 102 108 108 114 117 117 123 133 133 141 141 143 159 159 159 161 161 196 203 203 203 227 227 234 235 235 243 244 244 248 248 
212 212 222 
41 41 74 74 124 124 125 203 203 203 
71 71 81 81 81 168 168 228 228 228 247 
182 182 182 
14 14 
33 33 
114 227 
33 37 
4 4 4 10 10 18 18 18 32 32 47 47 51 51 51 139 139 139 146 152 152 152 163 208 
26 231 231 
89 89 89 93 
66 66 84 
4 4 14 14 14 34 51 61 61 63 120 120 137 137 137 138 145 145 152 152 152 186 186 206 206 
62 
166 166 213 213 
1 140 153 153 179 228 
195 204 204 204 245 245 
192 192 
107 223 
81 81 153 
5 5 15 33 33 44 44 59 59 62 67 70 70 72 87 87 87 98 108 117 117 117 122 141 196 196 207 213 213 231 237 
153 153 
88 88 165 165 
205 205 
64 175 175 175 182 182 182 196 196 196 230 
152 152 
4 4 4 14 14 138 138 
11 11 13 26 26 37 37 44 122 134 134 134 150 150 169 169 172 172 172 185 185 197 219 219 222 222 
18 137 
53 81 81 
74 
13 33 33 122 169 169 
5 5 5 

203 
7 7 
5 5 81 81 81 125 125 151 228 228 228 228 243 243 
195 195 245 
26 26 33 59 73 118 150 188 222 222 
148 153 153 
5 103 103 103 103 
14 14 152 152 180 
152 152 
84 84 
5 
14 14 14 18 

35 81 81 
83 127 
121 121 121 238 
5 5 181 
93 154 
203 203 203 214 251 
26 26 44 
61 61 76 76 76 152 152 152 206 236 236 
18 18 60 60 206 
19 26 108 
18 90 90 137 202 242 
30 
81 81 93 
17 17 84 
26 
5 5 
146 146 146 186 186 186 
26 26 122 122 249 
8 8 228 228 247 
26 
44 
7 7 36 156 156 156 203 
147 147 203 203 205 217 233 233 
60 60 60 
122 
86 89 89 93 93 93 
111 
137 137 
3 5 8 8 8 25 25 35 35 42 42 42 53 53 65 65 93 93 93 153 153 153 162 162 162 176 176 203 203 203 220 220 220 228 238 238 251 251 251 
231 
54 113 113 177 177 177 177 177 204 204 204 
17 49 49 66 100 109 109 127 183 183 183 
228 228 228 228 228 
78 203 203 203 218 218 
26 26 26 115 237 253 253 
28 28 165 203 
16 16 16 78 78 
63 63 206 242 242 
5 5 111 121 121 153 
203 203 203 
16 57 65 78 78 78 81 81 81 111 111 154 154 176 176 176 201 201 241 
5 112 112 243 243 
153 
200 229 
130 130 226 
5 26 116 166 166 209 
228 
84 127 127 194 194 
145 204 204 204 
5 5 142 203 203 234 254 
46 46 46 46 
129 129 152 
1 

24 152 
5 5 26 62 
84 84 180 194 194 198 255 255 255 
1 1 1 153 153 
79 91 93 93 154 154 
94 94 
83 83 145 177 177 204 204 246 246 246 
5 12 227 227 
87 
98 203 203 203 
5 5 26 26 26 136 
44 217 
152 152 
18 18 206 206 
55 55 55 91 91 238 238 
26 33 37 70 70 77 207 210 210 
5 161 196 196 
7 7 
7 42 42 
203 203 
54 84 100 100 187 187 189 216 216 
228 228 
2 2 2 104 104 
97 97 
228 
222 222 
5 5 
33 33 33 
175 175 
117 
18 18 18 34 63 80 80 202 
4 18 32 32 208 
14 14 14 
21 
5 5 26 
102 159 
5 165 203 
200 200 240 
18 18 101 113 204 204 
14 69 69 69 152 152 
75 75 
45 
203 
33 33 44 
42 153 252 
14 14 14 18 18 18 31 31 47 47 48 48 60 60 60 104 107 119 119 146 146 157 157 157 163 163 163 223 225 225 
1 1 21 21 25 27 27 45 45 81 81 81 91 95 110 110 151 179 228 228 
57 93 93 111 111 241 241 
206 
74 74 74 199 203 
152 152 152 163 163 
1 164 164 
5 5 5 142 
227 
5 5 123 
81 81 81 
14 152 152 152 157 157 
1 1 158 158 232 232 
28 28 88 143 203 203 
20 20 98 98 209 
173 173 173 
8 8 
33 33 37 37 
174 174 206 

33 33 33 
167 167 167 176 176 
170 170 206 206 206 
30 30 30 135 135 196 196 
81 81 93 93 93 173 173 224 
83 83 83 83 83 113 113 204 204 

21 153 
47 109 
56 
9 9 9 30 30 30 
84 84 84 
228 228 228 
33 33 
18 18 69 69 69 
127 127 
44 
127 216 216 216 
236 236 
205 205 
23 23 206 206 206 
200 237 
100 100 109 109 
22 43 43 204 204 245 245 245 
5 26 26 30 30 30 123 123 175 175 239 
33 
109 
156 
96 144 144 193 240 240 
93 93 
63 137 
5 5 5 7 7 7 40 58 58 58 74 75 75 81 81 81 86 86 86 88 92 92 92 102 102 116 116 116 126 126 143 149 156 165 165 220 251 251 252 252 
22 22 22 83 83 83 101 101 101 113 113 145 145 177 177 195 195 
29 29 75 191 191 
18 18 60 61 90 120 120 155 170 174 174 174 192 192 192 250 
26 122 
14 138 
98 166 
122 122 

6 6 222 222 222 222 
20 20 26 26 237 
58 252 
228 228 228 228 
127 127 189 189 189 
75 118 233 
86 86 
33 33 
81 81 81 203 251 251 

6 33 33 44 44 132 132 212 212 212 212 
24 152 
176 
152 152 
97 
5 5 12 114 114 160 
3 3 3 8 8 8 21 42 42 42 42 71 71 81 85 85 85 85 85 99 128 128 131 153 153 184 184 184 215 215 215 215 
96 240 
30 
15 15 26 82 
1 1 164 164 
75 75 217 
5 102 254 254 
5 5 
0 0 60 60 190 190 
26 87 193 213 253 
55 81 81 121 121 
196 
144 200 200 229 
93 154 154 
63 90 90 
5 42 42 94 94 248 248 248 
5 5 
22 22 43 195 195 195 
113 113 113 
8 71 
5 5 243 243 243 
70 
206 
58 81 81 81 203 203 220 220 
151 203 203 214 
87 87 237 
102 234 234 
109 109 109 
