Nodes: 256, Edges: 644
60 60 236 236 236 
21 21 105 105 110 110 110 153 153 158 164 164 164 232 232 
129 129 
81 228 228 228 228 228 238 
14 14 14 32 32 138 
26 26 38 42 42 46 50 50 56 56 68 91 94 94 94 102 102 114 114 117 117 117 123 133 133 133 141 143 143 159 159 161 161 161 178 178 196 196 227 227 234 234 235 238 243 243 244 244 248 
222 222 
41 41 41 74 97 124 124 125 203 203 
71 71 81 168 168 168 215 228 228 228 247 
182 
14 
33 33 
227 227 
33 37 
4 4 4 10 18 47 51 146 152 163 208 
26 26 26 231 231 
89 89 93 93 
66 84 84 226 
14 34 34 34 51 51 61 63 63 120 120 120 137 145 145 145 145 152 152 186 206 206 
62 62 
98 98 166 166 
1 1 45 140 140 140 153 153 153 179 228 228 
204 245 245 
192 192 
107 107 107 223 
81 81 
5 5 15 15 15 33 33 44 44 59 59 67 70 70 72 82 87 98 122 122 141 196 196 207 207 213 231 237 237 
52 153 
88 88 165 
205 
175 175 182 182 182 196 196 196 230 230 239 239 239 
152 152 
4 4 138 
11 11 13 26 26 37 39 44 122 134 134 134 150 150 185 185 197 197 219 222 222 
18 18 18 137 
81 81 81 81 
74 
13 33 169 
5 
33 134 
203 
7 7 7 
5 5 81 125 125 151 151 151 151 228 228 228 243 243 
195 195 
26 26 33 59 59 73 73 73 150 188 188 219 222 222 
21 148 148 153 153 153 
5 103 103 103 103 103 
14 152 180 180 180 


5 5 
14 18 18 
27 
81 81 81 
83 127 
121 238 
5 5 103 181 181 181 227 
93 154 154 
203 203 214 251 251 
26 26 44 44 
0 0 61 76 152 152 152 190 206 206 206 236 236 
18 60 206 206 
19 19 108 108 
18 18 137 137 202 202 242 242 

81 81 81 
17 84 
26 
5 
146 186 186 186 
26 26 122 122 122 249 249 
8 8 131 131 228 247 
26 
44 44 44 
7 36 156 156 203 
147 147 147 203 205 217 233 233 
60 
122 
89 89 93 93 93 93 
111 111 
137 
3 8 25 25 35 35 35 35 42 53 53 53 65 65 65 93 93 153 153 160 162 162 176 176 176 203 203 203 220 220 228 228 238 238 251 251 251 
26 
54 113 177 204 
17 17 66 100 109 127 127 183 183 189 189 

203 203 203 218 218 218 
26 108 108 108 108 115 115 237 253 
28 28 165 165 165 
16 16 78 78 
206 206 206 242 242 242 
5 121 121 153 
104 
16 16 57 78 78 78 78 81 81 111 154 176 176 176 201 241 241 
5 5 5 112 243 243 
153 
127 200 200 200 229 240 
7 130 130 226 
20 20 26 116 209 209 209 
251 
84 109 109 127 127 127 127 194 194 229 
145 204 204 204 
5 5 142 142 142 203 254 
46 46 46 46 46 56 
92 129 129 129 152 152 
1 1 

24 24 24 119 
62 62 87 87 87 87 
84 100 100 127 127 194 198 198 255 255 255 255 
1 1 1 153 
79 79 93 154 154 
94 
83 145 177 204 204 246 246 246 
5 5 227 
87 87 
98 203 203 
5 5 5 

107 152 152 152 
18 18 18 170 206 206 206 
55 91 91 238 238 
26 26 33 70 70 70 77 207 210 210 
5 161 196 196 
7 7 
7 42 42 
203 203 
54 84 84 96 100 100 100 100 109 109 189 216 216 216 229 229 
228 228 251 
2 2 104 104 104 
97 97 
71 71 228 228 
222 
5 5 5 227 
33 33 33 39 
175 

18 34 63 63 80 202 202 
4 32 

21 21 21 
5 26 
102 102 102 159 
5 5 149 165 165 203 203 
200 200 240 240 
18 18 18 18 101 113 204 204 
14 69 152 223 
75 75 75 
45 45 153 153 
143 203 
33 33 44 
42 42 42 42 153 
14 18 18 31 31 47 60 60 60 104 104 119 119 119 146 157 157 163 163 223 225 
1 1 21 21 21 27 45 45 45 81 81 91 95 110 148 148 151 179 228 228 
57 57 93 111 111 176 241 241 241 
206 206 
74 74 199 199 199 203 203 203 
152 152 163 163 163 
1 164 
5 5 142 
81 
5 5 5 123 
81 81 238 238 
14 152 152 157 157 157 
1 1 1 158 232 
28 88 88 88 143 143 203 203 203 
20 20 209 
173 173 
8 8 8 
37 
120 174 206 
205 

167 167 176 176 
170 206 
30 30 135 196 196 
81 81 81 93 93 93 154 173 173 224 224 224 
83 113 204 
5 5 
21 153 
47 47 47 
56 56 56 
9 30 30 30 
84 84 
228 228 
33 33 
18 69 69 69 

44 44 
84 84 127 216 216 216 
60 236 
205 205 
23 23 206 206 
237 253 
100 100 109 
43 43 204 245 245 245 
5 5 26 26 30 30 30 123 123 175 175 239 239 
33 33 
109 109 
156 156 156 
96 96 96 144 144 229 240 
93 
63 63 137 137 
7 7 40 58 58 74 75 81 81 81 86 86 86 102 116 116 126 126 143 143 149 156 156 156 165 165 165 220 220 220 251 252 
22 83 101 101 101 113 113 145 145 177 195 245 245 
29 75 171 191 191 
18 18 60 60 60 61 61 90 90 90 120 120 120 155 155 170 174 192 192 250 
26 26 122 
14 
98 98 98 166 
122 122 

222 222 
26 
58 252 
8 228 228 
127 127 127 189 189 189 
75 233 
86 86 86 
33 44 
81 81 203 203 203 251 
248 
6 6 33 33 44 44 132 212 212 
24 146 152 
176 176 176 
152 
17 97 
5 5 12 12 56 114 133 
3 3 3 3 3 8 8 8 21 21 42 42 42 71 81 81 128 128 131 131 153 153 184 184 215 215 
96 100 127 127 200 240 240 240 240 
30 30 
15 15 26 
1 1 164 
75 75 217 
5 5 254 254 254 
5 
0 0 0 60 60 190 
26 26 87 193 
3 5 55 81 81 121 121 162 162 
30 30 30 196 196 
96 144 144 200 229 229 229 229 
93 93 154 154 154 
63 63 90 90 90 
5 5 42 42 94 94 
5 5 
22 22 195 195 195 204 204 
113 113 113 
8 71 
5 221 
70 70 
206 
58 58 81 81 81 99 128 203 220 
203 214 
87 193 
102 234 234 234 
109 109 109 109 
