Nodes: 256, Edges: 644
60 236 236 
21 21 105 105 110 110 153 158 158 158 164 164 232 

228 228 
14 14 14 18 32 
26 38 38 42 42 46 50 56 56 68 68 81 81 91 94 94 94 98 102 108 108 108 114 114 117 117 123 133 133 141 143 143 159 161 161 161 161 178 196 196 203 203 234 234 235 235 238 238 243 243 243 244 248 
212 212 212 222 222 
41 74 74 86 97 124 125 203 203 
71 81 81 168 168 215 228 228 228 247 
182 
14 
33 33 
114 227 227 
33 33 37 
4 4 4 10 18 47 60 139 146 152 152 152 163 163 208 
26 231 231 
89 89 93 93 
66 66 84 84 226 226 226 
4 14 34 34 51 51 61 61 61 63 120 120 120 120 137 138 145 145 152 152 186 186 186 206 206 
62 
98 98 166 213 213 213 
1 1 45 140 140 153 153 153 179 228 228 
195 204 245 
192 192 
107 107 
81 153 153 
5 15 33 33 44 44 59 59 62 62 70 70 70 72 72 82 82 82 87 98 98 98 108 108 122 141 141 196 207 231 231 231 237 237 
153 
88 88 165 165 165 
205 
64 64 64 175 182 196 196 196 230 230 239 239 
152 
4 138 138 
11 11 13 13 26 26 37 37 44 122 134 134 134 150 169 185 185 197 219 222 222 222 
18 18 
53 53 81 81 
74 
13 33 33 169 
5 5 
134 
203 
7 
5 5 81 81 81 125 151 151 228 228 228 228 228 243 243 243 
195 245 
26 26 33 59 59 73 73 73 150 150 188 219 222 222 
21 148 153 
5 103 103 103 103 
14 152 180 180 180 180 
152 
84 
5 
18 18 

35 35 81 81 
127 
121 238 238 
5 5 181 181 227 
154 154 
152 214 214 245 245 245 
26 26 44 44 
0 14 76 76 152 152 236 
18 18 18 206 
19 26 26 108 108 108 
18 90 137 137 202 242 
30 30 30 
81 93 
17 17 84 84 84 

5 5 
146 146 186 186 186 186 186 
26 26 26 122 249 
8 131 131 228 228 
26 26 
44 44 44 
7 7 36 156 156 203 203 
147 171 171 203 203 217 217 217 233 
60 60 
122 122 
89 93 93 
111 
137 137 
5 5 8 8 25 35 35 42 42 42 53 53 65 93 93 93 153 153 153 160 162 173 173 176 176 176 203 203 220 220 228 228 238 238 251 
26 26 26 231 
113 177 177 177 204 204 
17 17 49 66 66 66 100 100 109 109 127 183 183 189 
228 228 
7 203 203 203 218 
26 115 237 237 237 
28 28 165 
16 16 78 95 
63 206 206 242 242 
5 121 
203 203 
16 16 65 78 78 81 81 81 111 154 154 154 176 176 176 201 201 201 241 
5 5 5 112 112 243 
89 153 
200 229 240 240 
7 
5 20 20 26 26 26 116 166 166 209 
228 251 
84 84 109 127 127 127 194 198 198 198 229 

5 142 142 203 234 234 254 
46 46 46 46 
129 152 152 152 
1 1 

24 24 119 119 152 152 
5 5 5 26 26 62 62 62 
84 84 100 127 194 194 194 198 198 198 255 255 255 255 255 
1 1 153 
79 93 154 154 
94 94 
83 204 204 246 246 
5 5 12 227 
87 
98 203 
5 5 136 

107 107 152 152 
18 18 18 18 170 170 206 
55 91 238 238 238 
26 33 70 77 77 207 210 
5 161 161 182 196 
7 
7 42 
203 203 
54 84 100 100 100 109 187 187 189 216 229 
228 251 
104 

71 71 228 228 
222 222 
5 5 227 227 227 
33 33 33 39 
175 175 
117 
18 63 63 80 80 202 
18 32 32 208 
14 
21 21 
5 26 26 
102 102 
5 5 165 165 203 203 
200 200 240 240 
18 18 
14 69 69 152 223 223 
75 
45 153 
203 203 
33 44 44 
42 42 153 228 228 252 
14 14 14 18 18 31 47 48 58 60 60 104 104 104 107 107 119 119 146 157 157 163 163 163 223 225 
1 21 21 21 25 25 27 45 81 81 81 95 110 148 151 228 228 228 
57 57 93 93 93 111 111 241 241 
205 205 205 
74 74 199 199 203 203 203 
152 152 163 
1 1 1 164 
5 
81 
5 5 5 5 123 123 
81 238 238 238 
14 14 152 152 152 157 
1 1 158 232 232 
28 28 28 88 143 143 203 203 
20 98 98 209 209 
173 173 
8 8 
33 37 
120 120 174 206 
75 75 205 

81 81 167 167 176 176 
170 206 
30 135 135 196 196 
81 81 81 93 93 93 173 173 224 224 224 224 
83 83 83 204 
5 
21 
47 47 47 47 
56 56 
9 30 123 
84 84 
228 228 228 
33 33 
18 18 18 69 69 69 69 69 
127 127 
44 
84 127 216 216 
236 236 

23 23 206 206 206 
237 237 253 253 
100 109 109 109 
22 43 204 245 
5 5 26 30 30 30 123 175 175 239 239 
33 
100 100 100 109 109 109 
156 156 
96 144 144 229 229 240 240 240 240 240 
93 93 93 
63 137 
5 5 7 7 40 74 74 75 75 81 81 86 86 86 92 92 102 116 126 126 143 143 149 149 156 156 156 165 165 220 251 252 
22 83 83 113 113 177 195 245 
29 155 155 155 171 
18 18 61 90 90 120 170 174 192 192 192 250 250 
26 122 
14 138 
98 166 166 
122 
222 
6 6 6 222 222 222 
20 20 20 
58 58 252 
8 228 228 
127 189 189 
75 75 75 233 
86 
33 44 
81 81 203 251 
248 
6 6 33 33 33 44 44 132 132 211 212 212 212 
146 146 152 
176 176 176 176 
152 
17 17 17 
12 12 56 114 133 133 133 
3 3 8 8 8 21 21 42 42 42 42 42 71 71 81 81 85 85 99 128 131 131 151 151 153 153 153 184 184 184 215 215 
96 100 127 200 200 240 240 240 
30 30 
15 15 26 26 26 82 
1 164 164 
75 217 
5 5 102 102 254 
5 5 
0 0 60 190 190 
26 26 87 87 87 193 193 253 
5 5 55 55 81 81 121 121 121 162 162 162 
30 30 196 196 
96 96 144 144 200 200 200 200 200 229 229 229 
93 154 154 
63 90 90 
5 5 5 42 42 42 94 248 248 
5 
22 43 58 58 58 195 204 
113 113 
8 
5 221 243 243 
70 
206 206 
81 99 128 203 220 
151 203 214 
193 193 237 
102 234 
109 109 109 109 109 
