Nodes: 256, Edges: 644
60 60 236 236 
21 21 21 105 110 110 153 158 158 164 164 164 232 232 
129 129 129 
81 81 228 228 228 
14 14 18 18 18 32 32 138 
26 38 38 42 46 50 56 56 68 81 91 91 91 94 94 94 98 102 108 108 114 117 123 123 133 133 141 143 159 159 161 161 161 178 178 196 196 203 203 227 227 234 234 235 238 238 243 244 244 244 
212 222 
41 74 74 97 124 125 125 125 203 203 
71 71 71 81 168 215 228 228 228 247 247 247 
182 
14 
33 33 
227 
33 33 
4 4 10 18 18 18 47 51 60 138 139 139 146 146 152 152 208 208 
26 26 26 231 231 
89 89 93 
84 226 226 
4 4 4 14 14 14 34 34 34 34 51 63 63 120 137 138 145 145 145 152 152 186 206 
62 
98 98 166 166 213 
1 1 1 45 45 153 153 153 179 179 228 
195 204 204 204 
192 
107 107 152 152 
81 81 81 153 153 
5 15 15 15 33 44 59 59 59 62 62 67 70 72 82 82 82 87 87 87 98 98 108 108 122 141 141 196 207 213 213 231 237 
52 153 
88 165 165 165 
205 205 205 
64 64 175 175 182 196 230 230 239 239 239 
152 152 
4 4 138 138 138 138 138 
11 11 13 13 26 37 39 44 44 122 134 134 150 169 169 172 172 197 197 219 222 222 
18 18 18 18 137 137 
53 53 81 81 
74 
33 122 169 169 
5 5 
33 
203 
7 
5 81 81 125 151 151 151 228 228 228 228 228 243 243 
195 195 245 
26 33 33 59 59 73 73 188 219 
21 21 148 148 153 153 
5 103 103 103 
14 152 152 180 180 
58 
84 
5 
14 18 
27 140 
35 35 81 
127 
121 238 238 
5 5 181 227 
154 154 
48 104 203 203 
26 26 26 44 44 
0 0 14 61 61 76 76 152 152 206 206 236 236 
60 60 206 206 
19 26 26 108 108 108 
18 18 90 90 137 137 242 242 
30 30 
81 93 
84 84 
26 
5 
146 146 186 186 186 186 186 
26 122 122 249 249 
8 8 8 131 228 228 247 247 
26 
44 44 
7 7 36 156 156 203 
147 147 171 171 171 203 203 217 233 233 
60 60 
122 122 122 
93 93 93 93 
111 
137 137 
3 3 5 8 25 25 25 35 35 42 42 53 65 93 93 99 153 160 160 162 162 173 173 176 176 176 203 203 203 220 220 220 220 220 228 228 238 251 251 251 
26 26 26 
113 177 204 204 
17 49 66 66 100 109 109 109 183 183 183 189 
228 228 228 228 228 
203 203 218 
26 26 26 108 108 108 115 115 237 
28 165 165 203 203 
16 16 95 
63 63 242 242 
5 5 5 121 
104 203 
16 65 78 78 78 78 81 81 111 154 154 176 201 241 
5 5 5 112 112 243 243 243 
89 
200 229 229 
7 130 226 
5 20 20 26 26 166 209 209 
81 251 
84 127 127 194 194 194 198 198 
204 
5 142 203 203 234 
46 46 46 
58 92 129 129 
1 

24 24 119 119 119 152 
5 5 26 26 62 62 62 87 87 87 
84 84 84 127 194 198 198 255 255 
1 1 153 153 
79 93 
94 94 
83 145 177 204 246 246 
5 227 227 227 
87 87 
203 
5 
217 
107 107 107 152 152 
18 170 170 206 206 
55 91 238 238 238 
26 33 37 70 70 77 77 77 207 210 
5 5 161 161 196 196 
7 
7 7 7 42 
203 203 203 
54 100 100 109 187 216 216 229 229 
228 
2 2 2 104 104 
97 
71 228 228 
222 222 222 
5 5 227 
33 33 
175 

18 34 34 63 63 80 80 202 202 
4 14 18 32 32 32 32 32 
14 14 
52 
5 26 26 
102 
5 149 165 203 203 203 
200 200 240 240 
18 18 18 113 204 204 
14 14 69 69 152 223 223 
75 75 
45 45 153 153 
143 203 203 
33 
42 42 42 228 228 
14 14 18 18 24 24 31 31 47 47 60 60 107 119 119 146 157 157 163 163 223 223 225 225 
1 21 21 21 25 25 27 45 45 81 110 110 148 148 228 228 
57 57 93 93 176 241 
205 205 205 
74 74 199 203 
152 152 163 163 163 163 
1 1 164 164 164 
5 5 
81 81 
5 5 5 123 123 
81 81 238 
152 152 157 157 157 157 
1 1 1 158 158 158 232 
28 28 28 88 88 143 203 203 
20 20 98 209 209 
173 173 
8 
33 33 37 37 
120 120 174 206 206 
75 75 75 
33 33 
81 81 167 167 176 176 
170 206 206 
30 30 135 196 
81 81 81 93 154 173 173 
83 113 204 
5 5 
21 21 
47 47 
56 
9 30 
84 84 84 
228 

18 69 69 69 69 69 
127 
44 
84 216 216 216 
236 
205 205 
23 206 206 
200 237 237 237 253 253 
100 100 100 109 
22 43 43 245 
5 5 26 30 123 123 175 239 239 
33 33 
100 100 109 109 
156 
96 144 144 193 229 229 240 
93 
137 137 
5 5 7 7 40 58 58 74 75 75 81 81 81 86 86 88 88 92 102 102 116 126 126 126 143 143 143 149 149 156 165 165 220 220 251 251 251 252 
22 22 22 83 83 101 113 145 145 177 245 245 245 
29 29 29 155 155 155 191 191 
18 60 60 61 61 120 120 170 170 174 174 192 192 250 
26 122 
14 14 
98 98 166 166 
122 

6 222 222 
20 26 26 
252 252 
8 228 228 228 
127 127 189 189 189 
75 118 
86 
33 44 
81 81 81 81 81 203 203 251 

6 33 33 132 132 132 212 212 
146 146 152 152 

152 152 
17 17 97 
5 5 12 56 114 114 114 133 
3 3 3 8 8 8 21 42 42 42 42 42 71 71 81 81 85 85 85 85 85 128 131 131 151 151 153 153 184 215 215 215 
96 96 127 127 200 200 240 240 240 240 
30 30 
15 15 26 
1 1 164 
75 75 
5 5 102 254 254 
5 
0 0 60 60 190 
26 87 193 193 193 253 253 
5 5 55 55 81 121 121 121 162 
30 30 30 196 196 
144 144 200 229 229 229 229 
93 154 
63 63 90 90 
5 42 42 94 94 94 248 248 
5 5 5 
43 195 204 204 204 
113 113 
8 8 8 71 71 
243 243 
70 70 
206 
81 81 81 99 203 203 203 220 
203 214 214 
193 193 237 237 
234 234 
109 109 
