Nodes: 256, Edges: 644
60 60 236 236 
21 21 21 105 105 105 110 110 153 153 158 158 164 164 164 232 232 
129 129 129 153 
81 228 228 
18 32 138 
26 26 38 38 38 38 42 46 50 56 81 91 91 94 94 98 98 102 102 108 108 114 114 117 123 123 123 123 133 133 141 143 159 159 161 161 161 161 178 178 196 196 203 227 234 234 238 238 243 244 244 248 
212 
41 41 74 74 124 125 125 203 203 
71 81 81 168 168 168 215 215 228 228 228 247 
182 182 
14 14 
33 
227 227 
33 33 37 
10 10 18 18 32 47 47 51 51 51 60 139 139 139 146 146 146 152 152 152 163 163 163 208 208 208 
26 26 26 
89 89 89 93 
66 84 226 226 
4 14 14 34 34 51 51 61 63 63 120 120 120 137 138 145 145 152 152 186 186 
62 62 
166 166 166 213 213 213 
1 1 1 45 45 140 153 179 179 228 228 
204 204 204 
192 192 
107 107 107 152 
81 153 153 
5 5 15 15 15 33 33 33 44 59 59 67 70 70 82 82 82 87 98 98 108 108 117 122 122 141 141 196 196 207 207 213 231 237 237 237 
52 153 153 
88 88 88 165 165 
205 205 
64 64 175 182 230 230 230 
152 152 
4 14 138 138 138 
11 13 13 26 26 26 37 44 134 134 150 169 169 197 219 219 222 
18 18 137 
81 81 
74 
13 33 122 169 
5 5 5 5 
134 134 
203 
7 7 
5 81 125 151 151 151 228 228 228 228 243 
195 195 245 
26 33 59 59 73 73 73 118 188 188 219 
21 21 148 148 153 
5 103 103 
14 14 152 152 180 
58 152 152 
84 84 
5 
14 14 14 18 18 
27 
81 81 
127 127 
238 
5 181 181 181 227 
93 93 154 154 154 
48 104 104 104 152 203 214 214 245 245 
26 26 44 44 
0 0 14 61 61 61 76 76 152 152 190 206 236 
18 60 60 60 206 
19 19 108 108 108 108 
18 18 90 137 202 202 242 242 242 
30 30 
93 93 93 
17 
26 

146 146 186 186 
26 26 122 122 122 122 249 249 
8 131 228 247 

44 44 44 
7 7 36 156 156 203 203 
147 171 171 171 205 217 217 
60 60 
122 122 122 
89 89 89 93 93 
111 111 111 

3 5 8 8 25 35 35 42 53 53 93 93 93 153 160 160 160 162 162 173 176 176 176 203 228 228 238 238 238 251 
26 26 26 231 
113 113 177 177 204 204 
17 49 49 100 109 109 127 127 183 183 189 189 
228 228 228 
203 203 218 
26 108 108 115 237 237 253 253 
28 28 28 165 203 
16 16 16 78 78 78 
63 186 206 206 206 
5 5 121 121 
203 
16 57 57 65 65 65 78 78 81 81 81 111 154 154 176 176 176 201 201 241 
5 5 112 112 112 243 243 

127 200 200 229 240 240 
130 130 
5 5 26 26 166 166 209 

84 109 109 127 127 127 194 198 229 
145 204 204 
5 5 142 142 142 142 142 254 
46 46 
58 58 58 
1 1 1 

24 24 24 152 
5 5 26 26 62 62 62 62 87 87 
84 84 100 100 127 127 198 255 255 255 
1 1 
79 79 79 93 154 154 
94 94 94 
83 83 177 246 246 
5 5 227 227 227 
87 
203 203 
5 26 136 
44 217 
152 
18 18 18 170 206 206 
91 91 181 238 238 
26 26 37 70 70 70 70 77 77 77 207 210 210 
5 5 5 5 161 196 196 196 
7 
7 7 42 
203 
54 54 84 84 96 100 100 100 109 109 187 187 216 216 216 229 229 
251 
2 2 2 
97 97 
71 228 
222 222 
5 5 
33 33 39 39 
175 
117 
18 34 63 202 202 202 
4 18 32 32 32 
14 14 14 
21 
5 26 26 
102 102 102 102 102 
5 149 149 165 203 203 203 
200 200 240 
18 18 101 204 
14 14 14 69 69 152 223 
75 
45 45 153 153 
143 143 203 203 
33 
42 42 42 153 228 
14 14 14 18 18 24 31 31 47 47 48 48 58 60 60 107 119 146 157 157 163 223 225 
1 1 2 21 25 25 27 27 45 81 148 148 151 179 228 228 
57 57 57 93 93 111 111 176 241 241 
205 205 206 206 206 
74 74 199 199 
152 152 163 
1 1 164 
5 5 
81 81 81 227 
5 5 5 5 123 
81 81 238 238 238 
14 14 14 152 157 
1 1 1 158 232 232 
28 28 88 143 203 203 
20 20 20 98 98 209 209 
173 
8 8 8 
33 33 37 
120 174 206 206 
75 75 75 205 

81 167 176 176 
170 206 206 206 
30 135 196 196 
81 81 81 93 93 93 154 173 173 
83 83 113 204 
5 5 
21 21 153 
47 
56 56 56 121 
9 9 30 
84 84 
228 

18 18 69 69 90 
127 127 
44 44 
84 84 216 216 
60 236 236 
205 205 
23 23 206 206 206 
200 237 237 253 
100 
43 43 204 204 245 
5 5 26 26 123 123 123 175 175 239 239 
33 
100 109 
156 156 
96 96 144 144 193 240 240 240 
93 93 
63 63 137 137 137 
5 7 7 40 58 74 74 81 86 86 88 92 116 116 126 143 143 143 149 149 165 165 220 251 252 252 
22 22 22 83 83 101 101 145 177 195 195 
29 29 75 155 155 171 191 191 
60 61 90 90 90 120 120 155 155 155 170 170 174 174 174 192 192 192 
26 26 122 
14 14 14 
98 166 166 
122 122 
222 
6 222 222 222 
20 20 20 26 
58 58 252 
8 8 
127 127 127 189 189 
75 75 118 233 233 
86 
33 33 44 
203 251 
248 
33 132 132 211 212 212 212 
146 152 

152 
17 17 
5 12 12 56 114 114 114 160 
3 3 8 8 8 21 21 42 42 42 42 71 81 81 85 85 85 131 151 153 153 184 
96 100 127 127 240 240 240 240 
30 30 30 
26 82 
1 1 164 164 
217 217 
5 5 254 254 254 

0 0 60 190 190 
26 26 26 87 87 193 193 253 
5 5 55 81 81 81 121 121 162 162 162 
196 196 
96 96 144 200 200 200 229 229 229 229 
93 154 154 
63 63 63 
5 42 94 94 248 248 248 248 
5 5 
43 58 58 195 
113 113 
8 71 
5 221 243 243 243 243 
70 70 

81 128 203 220 
203 203 214 
87 87 193 237 
102 234 234 234 
109 109 109 
