Nodes: 256, Edges: 644
60 60 236 
105 110 110 153 153 158 158 164 164 232 
129 129 129 129 
81 81 228 228 228 
14 14 18 18 18 32 32 
26 26 38 38 42 42 42 46 50 56 56 68 81 91 91 94 94 98 102 108 123 123 123 123 133 133 141 143 161 161 196 196 203 203 227 227 234 234 235 235 235 238 238 238 244 244 244 248 248 
212 
41 41 41 74 74 74 86 97 97 97 124 124 125 125 125 203 203 203 
71 71 81 81 81 168 228 228 228 
182 
14 14 
33 
227 227 
33 33 37 
4 4 10 10 18 18 32 32 32 51 60 138 139 139 139 146 146 152 163 163 208 
26 26 231 
89 93 93 
66 66 84 226 226 
4 4 4 14 14 34 51 61 61 63 63 120 137 137 137 145 145 145 145 152 152 206 206 
62 62 62 
98 98 166 166 213 213 
45 45 45 140 140 153 153 179 179 179 179 228 
195 204 204 245 
192 192 192 
107 107 152 152 223 
81 81 153 
5 5 15 15 33 33 44 44 59 59 62 62 62 67 67 70 70 72 82 87 108 108 117 122 141 207 207 207 207 213 213 231 237 
52 153 
88 88 165 165 
205 205 
64 64 175 182 182 196 196 230 239 239 

4 4 14 14 14 138 138 138 138 
11 13 13 26 26 37 39 44 44 122 122 134 134 134 150 169 169 172 172 185 185 185 197 197 197 222 222 222 
18 
53 53 81 81 81 
74 
13 33 122 122 169 169 
5 5 
33 
203 203 203 
7 7 7 
5 5 5 81 81 81 125 125 125 151 151 151 151 151 228 228 243 243 243 
195 245 245 
26 26 33 33 59 59 118 150 188 
21 21 21 148 148 148 153 
5 103 103 103 
152 152 152 180 180 180 
58 152 152 
84 84 
5 
14 18 
27 
35 35 81 81 

121 121 238 
5 5 181 227 227 227 
93 
48 104 152 214 245 245 
26 26 44 44 
0 0 14 61 61 76 152 152 236 236 
18 18 60 60 
19 19 19 26 26 26 108 108 108 
18 18 90 202 242 
30 30 
81 81 81 93 
17 17 
26 26 
5 
146 146 186 
26 26 122 122 249 249 249 
8 8 131 228 228 
26 

7 7 7 36 156 156 203 
171 205 217 217 
60 
122 122 122 
93 93 93 93 
111 
137 
3 3 5 8 8 8 25 25 35 35 35 42 42 42 53 53 65 65 65 93 93 93 99 153 153 160 160 162 173 176 176 203 203 220 220 220 220 228 228 238 251 251 251 
26 
113 113 177 177 177 204 
17 49 49 100 100 109 109 127 183 183 189 189 
228 228 228 
7 203 203 203 203 218 218 
26 237 237 253 
28 28 165 165 
16 95 
63 206 
5 5 111 121 121 121 
203 
16 16 57 65 78 78 78 78 81 81 81 154 154 176 201 201 
5 5 112 243 
89 153 
127 200 200 240 240 
7 7 7 130 
5 20 20 166 166 209 
81 228 251 
84 84 127 127 127 127 198 
145 145 204 204 
5 142 142 203 234 234 
46 46 46 
58 152 
1 

24 24 119 152 
5 26 26 62 62 62 
84 84 127 127 180 194 198 198 198 255 255 
1 1 153 153 153 
79 91 154 154 
94 
83 83 145 145 177 177 204 204 246 246 


203 203 
26 136 
44 
107 152 152 
18 170 170 206 206 
55 55 91 91 91 238 238 
26 33 33 37 37 70 70 77 77 77 207 210 210 
5 5 5 5 182 196 
7 7 
7 7 7 42 42 42 
203 203 
84 96 100 100 100 100 109 109 187 187 189 216 216 229 
228 228 
2 2 2 2 
97 
71 228 228 228 
222 222 222 
5 5 227 
33 33 33 
175 175 
117 
18 18 18 80 202 
14 32 32 32 32 208 
14 14 14 
21 21 
5 26 
102 102 
5 149 149 149 165 203 
200 200 
18 18 18 18 101 101 113 113 204 
14 14 69 69 152 152 223 223 223 

45 45 45 153 153 
143 143 143 203 203 
33 44 
42 42 42 42 42 153 228 228 228 
14 18 18 24 24 47 47 47 48 48 58 60 60 104 107 119 119 146 146 157 163 163 163 223 223 225 225 
1 1 21 21 25 27 45 81 81 95 110 110 110 148 148 151 179 228 228 
93 93 111 111 176 241 
205 205 205 205 
74 74 199 203 
152 163 163 163 
1 1 164 164 164 

81 81 
5 5 
81 238 
14 14 152 152 152 157 157 157 
1 1 158 158 158 232 
28 28 88 88 143 203 203 
20 20 98 98 209 
173 
8 
33 33 37 37 
120 120 206 206 
75 205 
33 33 
81 167 176 
206 206 
30 135 135 196 
81 81 93 154 173 224 224 
83 83 83 113 113 204 

21 21 21 21 153 
47 47 47 109 
56 
9 30 30 123 
84 84 
228 228 
33 33 33 
69 
127 127 
44 
84 84 127 216 216 
236 236 
205 205 
23 23 23 206 206 
200 237 
109 
22 43 204 204 204 
5 5 30 30 123 175 239 
33 33 33 
100 109 109 109 
156 
96 96 144 144 193 229 229 240 240 240 240 
93 93 
63 137 
5 5 7 7 7 40 40 40 74 81 81 86 86 86 86 92 102 116 116 126 126 143 149 149 156 165 165 220 251 
22 22 83 101 101 113 113 145 177 195 195 195 245 
29 29 75 155 155 155 155 171 191 191 
18 18 90 120 120 170 170 174 174 192 192 250 250 250 
26 26 26 26 122 
14 138 
98 166 
122 122 

6 222 222 
20 20 26 26 253 
58 252 
228 
127 127 189 189 
75 75 233 
86 86 

81 81 81 81 203 
248 
33 33 33 132 132 132 212 212 
24 146 146 146 152 152 
176 176 
152 152 
17 17 
5 5 12 12 56 56 56 133 
3 3 3 8 8 8 21 42 42 71 71 81 81 85 85 85 99 128 128 131 131 131 151 151 151 153 153 184 184 215 
127 200 200 
30 
15 26 
1 164 
217 
5 5 102 102 254 254 254 
5 5 5 
0 60 60 190 190 
26 87 87 193 253 
5 5 5 55 81 121 121 162 
30 30 196 
96 96 200 200 200 200 
154 
63 
42 42 42 94 248 248 248 
5 5 5 
22 43 43 58 58 204 
113 113 

5 5 221 243 243 243 
70 70 70 
206 206 206 
81 81 81 99 203 
214 
87 213 237 
234 234 234 
109 109 
