Nodes: 256, Edges: 644
60 236 236 236 
21 105 105 105 110 110 110 110 153 153 158 158 164 164 232 232 
129 
81 228 
14 14 18 18 32 
26 38 38 42 46 46 50 50 56 56 68 81 81 94 94 98 98 108 114 114 117 123 133 133 141 141 143 159 161 161 178 196 196 203 227 234 234 235 238 238 244 244 248 248 
212 212 212 222 
41 41 41 74 86 97 124 124 124 125 125 125 125 203 203 203 
71 71 81 81 168 168 228 228 228 247 
182 230 
14 
33 33 33 

33 37 
4 4 10 18 32 32 47 51 60 138 139 139 139 146 152 152 163 208 208 208 
26 26 231 231 
89 93 93 
66 84 84 226 226 
4 4 14 34 51 61 63 63 120 120 120 137 138 145 145 145 145 145 152 186 186 186 206 
62 62 
98 213 213 
1 140 140 153 153 179 179 179 228 228 228 
204 204 204 245 
192 192 192 
107 107 107 107 107 152 152 
81 153 
5 15 15 33 44 44 59 59 62 62 62 67 70 72 72 82 82 87 98 98 108 122 122 141 141 141 196 207 213 231 231 231 237 237 
153 153 
88 165 
205 
64 64 175 175 196 196 230 230 239 
152 152 
4 14 14 138 138 
11 11 11 13 26 37 44 44 122 122 122 134 134 134 169 169 172 185 185 185 197 222 
18 137 
53 81 

13 33 122 169 
5 5 

203 203 
7 7 7 179 
5 81 81 81 125 151 151 228 228 228 228 243 
195 245 
26 26 33 33 59 73 73 73 73 73 118 150 188 188 188 222 
148 148 153 
5 5 103 103 103 103 
14 152 152 152 180 
152 152 
84 
5 5 
14 18 

35 81 
127 127 
121 121 238 
5 5 103 181 181 227 
93 154 154 
203 203 203 203 214 251 
26 26 44 
0 14 61 61 61 76 76 76 152 152 190 206 236 236 
18 60 60 60 206 
19 19 26 26 26 108 
18 18 90 137 137 137 202 242 242 
30 30 
81 93 
17 84 
26 
5 
146 146 186 186 
26 122 249 249 249 
8 8 131 131 228 
26 26 
44 44 44 44 44 
7 156 203 218 
147 147 171 203 205 217 233 
60 60 60 
122 
86 89 89 93 93 
111 111 111 
137 137 
3 5 5 8 8 25 35 42 42 42 53 65 93 93 153 153 153 160 162 173 176 176 203 203 220 220 220 228 238 238 251 
26 26 231 
113 177 177 204 
17 17 49 66 100 109 127 127 183 183 189 
228 228 
7 78 203 203 203 203 
26 108 108 115 237 253 253 
28 165 
16 78 78 95 
63 242 
111 121 121 121 153 
203 
16 16 57 65 78 78 81 81 111 154 154 176 176 201 201 241 
5 5 112 112 243 243 
89 153 
200 200 200 
7 130 130 
5 5 20 26 26 166 166 209 209 

84 127 127 127 127 194 198 198 198 
145 204 204 204 
142 142 142 203 254 
46 46 46 46 56 
129 152 152 
1 1 1 
145 
24 24 24 24 24 119 119 152 152 
5 26 62 87 87 
84 127 194 194 198 198 198 255 255 255 
1 1 1 1 153 
79 79 79 91 93 154 154 154 
94 94 
83 145 177 177 204 204 246 
5 5 227 227 
87 
203 
5 136 
44 
107 107 
18 18 18 170 206 206 
55 55 91 91 91 238 238 238 
26 26 33 33 33 37 70 77 207 210 210 210 
5 161 182 196 196 196 
7 7 7 
7 7 7 7 42 
203 
54 54 84 84 100 100 100 100 109 187 216 
251 
2 104 
97 97 
71 71 228 
222 222 
5 5 227 
33 33 33 
175 175 
117 
18 34 63 63 63 80 80 202 
14 18 32 32 
14 14 14 
21 21 
5 5 26 26 26 
102 102 102 159 159 
5 149 149 165 165 203 203 
200 200 200 200 240 240 240 
18 18 18 18 18 101 106 113 204 204 204 
14 69 69 152 152 152 223 
75 75 
45 45 153 
143 143 203 
44 
42 42 228 228 228 
14 14 18 24 24 31 31 47 47 47 48 48 60 60 104 104 107 107 146 146 146 157 157 223 225 
1 1 21 21 25 27 27 45 81 81 81 91 95 110 148 179 179 228 228 
57 57 93 93 111 111 111 241 241 241 
205 205 205 
74 199 199 
152 152 163 163 163 163 
1 1 164 
5 142 142 
81 227 
5 5 123 
81 238 
14 157 157 157 157 
1 1 158 232 
28 88 143 143 203 
98 98 209 209 
173 173 
8 8 
33 33 37 
120 174 206 
75 205 
33 
81 167 167 176 
170 206 206 206 
30 30 135 135 196 196 
81 81 93 93 173 224 224 224 
83 83 113 113 204 
5 
21 21 21 41 153 153 
47 
56 56 
9 123 
84 84 
228 
33 33 33 
18 18 18 69 69 
127 
44 44 44 
84 216 216 
60 236 236 236 
205 205 
23 23 23 206 
200 200 200 200 
100 109 109 
43 204 204 245 245 
5 5 26 30 30 123 123 123 175 175 239 239 
33 
100 100 100 109 109 109 
156 156 
96 96 96 144 144 144 144 193 193 193 193 229 229 240 240 
93 93 
63 137 
5 7 7 7 40 40 58 58 58 58 74 75 81 81 86 86 86 86 92 102 116 126 143 143 149 165 220 220 220 251 251 252 252 252 
22 22 22 83 101 101 101 113 113 145 145 145 177 195 195 245 
29 75 155 155 155 171 191 191 
18 60 61 120 120 170 174 174 174 192 250 250 
26 122 
14 14 14 
98 98 166 166 
122 122 122 
222 
6 6 6 222 222 222 
20 20 26 
58 252 
228 228 228 228 
127 189 189 
75 233 233 
74 

81 81 81 203 203 203 

6 33 44 132 132 211 212 212 212 
146 152 
176 176 176 
152 
17 17 
5 56 114 114 133 160 
3 8 8 8 21 21 21 42 42 42 42 71 81 85 85 131 151 151 151 153 153 184 215 215 215 215 
200 200 240 240 
9 30 30 
15 15 26 26 26 82 
1 1 164 
75 217 217 
5 5 
5 
0 0 0 60 60 190 190 190 
26 26 87 
5 5 55 81 81 121 121 121 162 
30 196 196 
144 144 144 200 200 229 229 
93 154 154 154 
63 63 90 
42 94 94 248 248 
5 5 
22 43 195 195 204 
113 
8 
5 5 243 243 
70 70 70 
206 206 
58 81 128 203 203 
203 203 203 214 
87 87 
102 
109 109 109 
