Nodes: 256, Edges: 644
60 60 60 236 236 236 
21 105 110 110 110 110 153 158 164 164 232 232 
129 129 153 
228 238 
14 18 18 32 32 32 138 
26 26 38 38 42 46 50 68 91 91 94 98 98 108 108 108 114 117 117 123 123 123 133 133 141 159 159 161 161 178 178 196 196 203 203 227 227 234 234 234 235 235 235 238 243 248 248 
212 212 212 222 
41 41 41 74 74 74 97 124 124 125 125 203 
71 71 71 81 81 81 168 168 215 215 228 247 247 

14 

114 227 
33 37 
4 10 18 18 32 47 51 51 138 139 146 146 152 152 163 208 
26 26 231 231 
89 93 93 93 
66 84 84 226 
4 4 14 14 34 34 51 51 51 61 61 63 120 137 137 145 145 152 186 186 206 206 
62 62 
98 98 98 166 166 213 
1 45 45 140 140 153 153 179 179 179 179 
204 
192 
107 107 107 107 152 152 
81 153 153 
5 5 15 15 33 44 59 62 62 62 67 67 70 72 72 82 82 87 87 87 98 108 108 117 117 117 122 196 196 207 207 207 231 231 231 237 237 237 
52 153 
88 88 165 165 
205 
64 175 175 182 196 230 230 
152 
4 4 4 14 138 138 138 
13 26 37 37 39 44 122 134 134 134 150 172 185 197 219 222 222 
18 18 137 
53 81 81 
74 
13 33 33 122 169 
5 5 
33 134 134 
203 203 
7 7 7 
5 81 81 81 125 125 151 151 228 228 228 228 228 243 243 
195 245 
26 33 59 59 73 73 118 188 222 222 
21 21 148 148 153 153 153 
5 103 103 
14 152 152 152 180 180 
58 58 58 
84 84 84 
5 
14 14 18 18 18 
27 140 
35 81 
83 127 127 
121 238 238 
181 227 227 
93 93 154 
48 48 48 214 214 245 251 251 
26 44 44 
0 0 0 61 61 61 76 76 152 152 190 206 206 236 236 
18 18 60 60 60 206 
19 19 26 26 26 108 108 
18 90 137 202 
30 
81 81 93 
17 84 84 84 
26 26 
5 
186 186 186 
26 122 122 122 
8 8 8 131 228 228 247 247 
26 26 
44 44 
7 7 7 36 156 203 203 218 
147 147 147 171 205 205 217 217 233 
60 60 
122 
86 89 89 93 93 
111 111 
137 
8 8 8 25 35 35 42 42 42 53 65 65 93 93 99 153 153 153 160 162 173 176 176 203 203 220 228 238 238 251 251 251 
26 26 
54 177 204 
17 17 49 49 49 66 66 66 100 109 109 127 183 183 183 
228 228 
78 203 203 218 218 
26 26 26 108 115 115 237 237 237 253 
28 28 165 203 
16 78 78 
63 206 242 242 
5 5 111 121 153 
203 
16 16 16 57 57 65 78 78 81 81 111 154 154 176 176 176 201 201 241 
5 112 112 112 243 243 

127 127 200 200 229 240 240 240 
7 130 226 226 226 
5 5 20 20 20 26 166 209 209 
81 
84 109 127 127 127 194 194 
145 204 204 204 
142 203 234 254 
46 46 

1 

24 24 24 24 119 152 
5 5 5 26 26 62 62 87 
84 84 100 127 194 198 198 255 255 255 
1 1 1 1 153 153 
79 79 91 93 154 
94 94 94 
145 177 204 246 246 
5 12 227 
87 87 
203 203 203 
5 5 26 26 26 136 
44 217 
107 152 152 
18 170 206 
55 91 238 
26 33 37 70 70 70 77 210 210 
5 5 5 161 161 196 
7 7 
7 7 42 42 
203 203 
54 54 84 96 96 100 100 100 109 187 189 216 216 229 229 229 
228 251 
2 2 
97 
71 228 228 
222 
5 5 227 227 227 
33 33 33 39 39 
175 175 
117 
18 18 34 63 80 202 202 
4 14 32 32 32 208 
14 
21 21 52 
5 
102 
149 149 165 165 165 203 203 
200 200 240 240 
18 18 101 113 204 204 
14 14 152 152 152 223 223 
75 75 75 
45 45 153 153 
143 143 203 203 203 
33 
42 42 153 153 228 
14 14 18 24 24 31 47 47 47 60 60 107 119 119 146 146 146 157 157 163 223 225 225 225 
1 2 21 21 25 25 27 45 45 45 81 81 81 91 110 110 148 148 151 151 179 228 228 228 
57 93 93 111 
205 205 206 206 
74 199 199 203 203 203 
152 152 163 163 163 163 
1 164 164 
5 5 
81 227 
5 5 123 123 
81 238 238 
14 152 157 157 157 157 
1 1 158 158 232 232 
28 28 88 143 143 143 203 203 
20 20 98 209 209 209 
173 
8 8 
37 
120 206 206 206 
75 205 205 
33 
81 167 176 176 
206 
30 30 135 135 196 
81 81 93 93 93 173 173 
83 113 204 
5 5 
21 21 21 21 153 
47 47 
56 
30 
84 84 84 
228 
33 
18 18 69 69 69 
127 
44 
127 216 216 
60 
205 205 205 
23 206 
237 253 
100 100 109 
43 204 245 
5 5 26 26 30 123 175 239 239 
33 
109 109 
156 156 
96 96 144 144 229 229 
93 93 
63 137 137 
5 5 7 40 40 74 74 81 81 86 86 88 92 102 116 116 116 126 126 143 143 149 149 149 156 156 156 165 165 220 220 251 252 252 
22 83 101 101 101 113 145 145 177 195 240 245 245 
29 75 75 155 155 171 171 191 191 191 
18 18 60 60 61 90 120 155 155 170 170 170 174 192 250 250 250 
26 26 26 
14 138 
98 98 166 166 166 
122 122 

6 6 6 222 
20 253 
58 58 252 
8 8 228 228 
127 127 189 189 
75 75 118 233 233 233 
74 86 86 
33 
81 203 203 

6 33 33 44 44 132 212 
146 146 152 

152 152 152 
17 97 97 97 
5 5 12 56 56 114 133 133 133 160 
3 8 42 42 42 42 42 71 71 81 85 85 128 131 131 151 153 153 153 184 215 215 
96 127 127 127 200 200 240 240 
30 30 
15 15 26 26 26 
1 1 164 164 
75 217 217 217 
5 5 5 102 254 
5 5 5 
0 0 0 60 60 
26 26 26 87 87 87 193 253 
3 5 55 55 81 81 121 162 162 
196 196 
96 96 96 144 144 204 229 229 
93 
90 90 
5 42 42 94 94 248 248 248 248 

43 58 195 204 204 
113 113 
8 8 71 71 
5 5 243 243 243 243 

206 206 206 
58 58 81 81 81 128 203 
203 203 214 
87 193 213 237 
102 234 
109 109 109 
