Nodes: 256, Edges: 387
236 
21 105 105 110 153 158 158 164 232 232 
129 129 153 
81 81 228 228 
18 32 138 
26 38 38 50 50 56 68 68 91 94 98 102 123 133 159 161 161 178 196 227 235 243 243 243 244 248 

41 97 97 97 124 125 125 125 203 203 
81 81 168 168 168 215 215 228 228 247 
230 
14 
33 
114 227 
33 33 
10 18 32 138 139 152 
26 26 231 
89 89 93 
226 
4 14 34 34 34 51 61 63 63 120 137 186 186 206 206 

98 98 98 166 
1 45 140 153 179 179 228 228 
204 204 204 204 

107 
81 81 
5 15 15 59 62 67 70 82 87 87 98 108 108 117 141 196 207 213 231 
153 153 
88 88 
205 205 
64 64 182 196 230 

4 14 138 138 
11 13 13 37 44 44 44 122 134 134 169 169 169 197 197 222 
18 18 18 137 
81 81 81 
74 
33 122 169 
5 5 

203 
7 
81 125 228 
195 245 
33 33 33 59 73 73 73 188 188 219 
21 153 153 
103 103 103 
152 152 180 
58 58 
84 
5 5 
18 
140 

83 127 127 
121 121 238 238 
5 103 227 227 
93 154 
48 48 152 152 203 245 
26 44 
61 61 76 190 
18 60 60 206 
26 108 
18 18 90 90 202 202 242 
30 30 
93 

26 
5 5 
146 186 
26 
247 

44 44 44 
36 156 203 
147 171 203 226 
60 
122 122 
86 89 93 
111 
137 
3 3 8 8 25 25 35 35 35 42 153 160 160 160 162 162 162 173 176 203 203 220 220 228 251 
26 
54 177 177 204 
49 109 109 127 127 183 183 189 

78 203 218 218 
26 26 237 
28 28 165 203 
16 16 78 
63 63 206 206 242 242 
5 121 
104 203 
16 57 65 78 154 176 201 241 
5 112 112 243 
153 
127 200 200 229 
7 7 7 130 226 
5 20 20 20 26 209 209 
228 
109 127 198 198 229 

5 142 234 
46 46 46 56 
92 129 
1 1 
145 
24 119 152 
26 26 62 
84 84 100 194 198 255 
1 153 153 153 
79 154 154 154 
94 94 
177 204 246 
12 227 

203 
26 

107 152 
18 
55 55 91 181 238 
33 37 77 77 210 
5 
7 
7 7 7 42 
203 203 
54 54 84 84 96 100 216 216 229 229 229 

2 2 104 
97 
228 
222 
5 
33 33 


18 34 80 
4 14 32 32 208 
14 
21 52 
26 
102 159 


106 204 
69 223 
75 

203 

153 228 
14 47 47 58 58 107 119 225 
1 2 21 27 27 45 45 81 95 110 110 110 151 228 228 
57 93 111 111 111 176 241 
205 206 
74 199 
163 
1 1 
5 142 
81 81 81 
5 5 
81 81 81 
157 
1 232 
88 203 203 
20 209 209 
173 173 
8 8 8 
33 33 33 37 
174 206 
75 

81 167 167 
170 206 
196 196 
81 93 154 224 224 
83 83 113 
5 
21 21 
47 
121 
30 
84 84 
228 228 

18 18 69 

44 44 
84 
60 

206 
200 253 
109 
43 204 245 245 
5 26 30 175 175 
33 33 
100 100 109 
156 
96 96 193 229 240 
93 
63 63 
7 7 40 58 74 75 81 81 86 88 92 116 126 126 149 165 165 220 251 252 
22 22 22 22 83 113 145 195 245 
29 29 155 206 
18 18 61 90 90 155 170 174 192 205 250 
26 
138 
98 98 166 166 
122 


26 
252 
8 8 228 228 228 
127 127 
233 233 233 
86 86 
44 
81 81 203 

33 132 
146 
176 176 
152 
17 75 97 
5 12 56 56 114 
3 3 8 8 21 21 42 81 99 131 151 153 153 184 184 215 215 215 
96 100 127 127 127 200 240 240 
9 30 
15 26 
1 1 164 
217 217 217 
102 254 254 
5 
0 
87 253 
55 55 121 

200 229 229 
93 154 
63 90 90 
5 5 5 94 248 
5 
43 58 195 195 204 
113 
8 71 
5 243 

206 
81 203 
203 214 
193 237 
234 234 
109 
