Nodes: 256, Edges: 387
60 
21 21 105 110 110 153 164 
129 129 
228 
18 32 32 32 
38 38 46 46 50 50 68 91 91 94 102 123 123 123 123 133 159 159 159 161 161 161 178 227 235 243 243 244 248 
212 222 222 
41 97 97 203 203 
81 168 168 247 
182 230 


114 227 
33 37 
18 18 32 32 47 51 51 138 139 139 146 208 208 
26 26 231 231 

84 84 226 
4 14 14 34 61 137 137 137 138 152 152 186 
62 62 
98 98 166 213 
1 1 45 153 179 
204 204 
192 
107 107 107 152 152 
81 153 
15 15 33 44 59 59 67 67 70 70 72 82 82 98 122 213 231 231 


205 205 
64 182 196 196 230 239 239 
152 152 
4 4 4 14 14 138 
13 26 44 134 134 150 150 169 169 172 185 222 222 
18 137 
53 81 81 81 

13 169 
5 5 
134 
203 203 
7 
125 151 151 151 
195 245 
26 33 73 73 73 188 222 222 
21 119 148 153 
5 5 
14 152 180 180 
152 
84 
5 5 
14 14 
140 
35 81 

238 238 
181 181 227 
93 154 
104 214 214 245 
26 26 
0 61 152 190 206 236 236 236 
18 60 
19 19 
90 137 202 202 242 242 
30 
93 93 

26 26 
5 
146 146 146 186 186 186 
26 26 122 122 122 
228 247 
26 
44 44 44 
156 203 203 
147 171 171 205 226 233 

122 
89 93 93 

137 137 
8 25 35 35 35 53 99 153 160 162 173 176 203 220 220 228 251 
26 26 231 
113 177 204 
17 17 49 100 183 
228 
203 203 218 218 
108 115 
165 203 203 
78 
63 206 206 242 242 
5 5 
203 203 203 
57 65 65 78 78 176 201 
5 112 112 243 

127 127 200 229 240 
7 7 130 
20 20 26 
81 
84 109 109 198 

5 142 142 234 254 

58 129 129 129 152 
1 
145 
24 24 24 119 119 119 
87 
100 100 127 194 255 
1 1 
154 154 154 
94 94 
83 145 177 204 
12 227 
87 
203 

217 
45 107 107 107 
170 170 
238 
26 70 70 70 77 210 
5 5 5 5 

42 
203 203 
96 96 109 187 187 189 216 216 

2 2 104 104 104 
97 
228 
222 
5 227 227 227 
33 33 39 
175 

18 18 18 34 63 80 80 
14 18 32 
14 14 
52 

102 102 

240 
106 113 204 204 204 204 
14 69 69 69 
75 
45 
203 203 203 
33 33 
42 42 42 
18 18 24 24 31 31 47 48 60 104 157 225 
1 21 25 45 81 179 228 
57 111 111 111 176 
205 206 
74 199 203 
152 163 

5 5 5 
81 
5 5 5 
81 238 238 
157 
1 232 232 
88 203 
20 209 
173 173 173 
8 8 
33 33 37 
120 120 174 174 174 206 206 206 
75 75 205 205 
33 
81 167 167 167 176 176 
170 170 170 206 
135 
81 93 154 173 173 224 
83 113 
5 
21 153 
47 47 
56 56 
9 30 
84 
228 
33 
18 69 69 69 
127 127 
44 
127 216 216 
60 
205 205 
23 206 206 
253 
109 
43 245 
30 30 239 

100 
156 
96 229 240 240 240 
93 
63 63 
7 7 40 40 74 74 81 86 86 88 88 92 92 92 116 126 126 149 149 149 156 165 
22 22 83 113 145 145 145 145 245 
29 29 75 155 171 171 191 191 
60 90 90 155 170 170 170 174 192 192 250 250 

14 14 
166 
122 

6 222 
20 26 
58 58 252 252 252 

127 127 189 189 
118 
86 86 

81 81 251 

6 6 33 33 44 44 132 212 

176 
152 
17 75 
5 12 56 114 133 133 133 
3 71 81 85 131 153 184 
96 200 240 
9 30 
15 15 26 26 82 
164 164 
75 
102 254 254 254 
5 
60 60 60 

55 55 121 162 162 
30 30 196 
96 144 200 200 200 229 

63 63 90 90 
5 5 94 248 
5 
43 58 195 204 

8 71 
5 243 

206 206 
81 220 
214 214 214 
193 
102 234 234 234 
109 
