Nodes: 256, Edges: 387
236 236 
21 110 158 164 
129 153 
81 228 228 
14 18 138 
26 38 38 46 50 68 68 91 94 123 123 133 159 161 178 196 227 234 235 235 243 243 244 248 
212 
97 124 125 125 
71 81 247 




37 
4 18 51 51 60 138 138 139 146 208 
26 231 231 
89 93 93 
84 84 226 226 226 
4 14 34 34 51 61 63 120 120 120 145 145 145 145 145 152 186 186 206 
62 
213 213 
1 45 45 140 140 153 179 
204 245 245 
192 192 192 
107 152 152 
153 153 
5 15 33 33 44 59 67 70 72 82 98 98 108 108 117 122 141 207 207 207 213 231 237 

88 165 
205 
64 175 182 196 196 239 
152 

26 26 39 44 122 134 134 134 134 150 150 169 172 185 185 197 222 
18 18 137 
53 81 
74 
13 169 169 169 
5 5 
33 
203 203 203 

81 81 151 151 151 228 
195 195 
26 33 59 59 73 73 118 188 
21 21 119 
5 103 
152 180 180 
152 
84 84 
5 
14 14 18 

35 81 

121 
181 

104 104 214 
26 44 44 
14 61 76 152 152 152 190 206 236 
18 60 206 
19 108 
18 90 
30 


26 
5 5 
186 186 186 
26 122 249 249 
8 228 228 247 
26 
44 44 
36 156 203 203 
147 147 203 217 233 
60 
122 122 
89 93 


3 8 35 42 42 53 93 93 160 162 173 173 176 203 203 220 220 228 238 251 
26 
113 113 177 177 
17 17 49 49 100 127 189 
228 228 228 
203 218 
108 237 
28 165 165 203 
16 78 
63 206 206 242 242 
5 
203 203 
16 16 78 81 81 154 176 176 
5 112 243 
153 
127 200 
7 130 226 
26 26 166 209 209 
228 
84 109 127 194 194 198 
204 
142 203 
46 
58 58 129 129 129 


24 119 119 
26 26 62 87 
100 180 194 255 255 255 
1 153 
154 154 154 
94 
83 83 145 145 204 246 


203 
26 136 
44 
45 107 107 152 152 
18 18 18 170 206 206 
55 238 238 
26 33 70 77 77 210 210 
5 5 161 
7 
7 7 
203 203 
84 96 100 187 216 229 229 

2 104 104 104 
97 
228 228 
222 222 
5 227 
33 33 33 33 

117 
34 202 
4 14 14 208 
14 
21 21 
26 
102 
149 149 
200 200 
18 18 18 18 18 113 113 
14 152 152 223 
75 75 

143 143 203 
33 33 
42 42 42 228 252 
18 24 24 31 47 48 60 60 60 119 119 146 146 157 
2 21 25 25 95 110 228 
93 111 111 111 
205 206 206 
74 203 
152 163 
1 164 
5 
81 
5 123 
81 
157 
1 158 232 
28 88 88 203 
98 
173 

33 37 37 37 
120 206 
205 
33 
81 81 167 176 
206 
30 196 196 196 
81 93 93 173 224 224 
83 83 204 204 
5 
21 
47 47 109 
56 
30 

228 
33 33 
18 18 69 69 69 
127 
44 
84 216 216 216 
60 
205 
23 23 23 206 206 206 
200 
100 100 109 
43 43 204 204 
5 30 30 175 175 175 239 239 
33 
100 

96 144 144 193 229 240 240 

137 
40 40 40 74 74 75 81 81 86 88 92 92 102 116 126 126 149 156 165 252 
22 101 113 177 177 195 195 245 245 
29 155 171 191 
18 60 61 90 90 120 120 155 155 170 174 192 192 192 250 250 
26 26 26 
14 138 
98 98 
122 122 
222 
6 222 222 
20 20 26 253 
58 252 
228 
127 189 189 189 
75 233 
86 

81 81 
248 
33 132 132 211 212 212 
146 
176 176 

17 17 17 97 
5 133 
3 3 42 71 71 81 85 85 85 99 131 131 151 153 184 215 
127 127 200 240 

15 15 26 
164 
75 217 
5 254 254 254 
5 5 
0 0 60 
26 87 
81 121 121 
30 196 196 
200 200 229 

90 90 
5 5 94 
5 
22 22 204 204 
113 
8 71 
5 221 
70 70 
206 206 
81 
151 203 214 
213 
234 234 234 
109 109 109 
