Nodes: 256, Edges: 387
236 236 
21 110 158 164 232 232 232 
129 129 
81 228 228 
18 32 
26 26 38 46 56 68 68 91 114 114 123 123 123 123 161 161 178 178 227 234 234 235 235 243 243 244 

41 74 74 74 97 97 124 124 203 203 
81 168 168 215 247 
182 

33 
227 
33 33 
32 51 51 146 152 163 163 208 
26 
89 93 93 
66 66 66 84 84 226 226 226 
4 34 51 51 63 63 63 120 137 145 152 186 186 
62 
98 98 
1 153 153 228 228 
204 204 245 
192 192 
107 107 107 
153 153 153 
5 5 15 33 44 59 62 67 67 67 72 82 82 98 108 108 117 117 122 141 196 207 207 213 231 237 
52 153 
88 88 165 
205 205 
64 64 182 196 196 196 239 

4 14 138 138 
11 13 13 26 44 44 122 134 134 134 150 150 172 185 219 219 222 222 
18 
53 

122 122 169 
5 
134 134 
203 203 
7 
81 125 228 
245 245 
26 33 33 73 73 
148 148 
5 103 
152 152 152 180 180 

84 

14 14 18 18 
27 
35 81 81 
83 127 
121 121 238 
5 181 
154 
203 214 251 
26 
61 152 236 
60 
19 26 108 108 108 
18 18 18 137 202 242 242 242 
30 30 
81 
17 17 17 84 
26 26 26 
5 5 
186 186 186 
122 122 249 
131 228 247 
26 
44 44 
7 7 7 156 156 203 
147 147 171 205 226 233 233 233 

122 122 
89 89 93 
111 
137 
3 8 42 53 53 65 93 99 153 153 160 173 176 176 203 220 228 238 251 
26 26 231 
54 113 204 
17 17 49 66 109 127 183 189 
228 228 
203 203 218 
115 115 253 
28 28 165 203 
16 78 78 
242 
5 
203 
16 16 78 81 111 154 176 176 201 
112 

240 
7 7 226 226 
20 20 26 166 209 
81 228 

204 
142 142 
46 
152 


24 24 24 152 
26 26 62 62 62 
84 198 255 255 255 
1 
79 93 154 154 
94 
83 145 177 204 246 
5 5 
87 87 
203 
26 26 


18 206 
55 55 181 238 
26 33 37 37 70 70 77 77 207 210 210 
5 5 5 5 
7 7 
42 
203 203 
54 84 189 216 229 

2 2 

71 228 228 

227 
33 33 33 39 39 


18 63 80 202 
32 32 


26 
102 102 159 
149 165 203 203 
200 200 240 240 
18 113 204 204 204 
14 152 152 223 223 223 
75 75 
45 45 153 
143 203 
33 33 
153 153 228 252 
14 18 47 47 47 60 104 107 146 146 225 
21 21 25 25 25 27 81 81 148 151 151 179 228 
57 93 111 111 176 241 241 
205 205 206 
74 74 199 203 
163 163 163 
1 164 164 
142 
81 
5 5 
238 
14 14 157 157 157 
1 158 158 
28 88 143 203 203 203 
98 209 

8 8 
37 
174 206 
75 
33 
81 
170 
196 
81 81 93 93 154 224 224 
113 204 
5 5 
153 
47 47 
56 121 
9 30 
84 
228 228 
33 
18 18 69 69 69 


84 127 216 


23 23 206 


204 204 
26 30 30 30 175 239 

109 
156 
144 144 
93 
63 137 
7 7 40 40 58 74 81 86 86 88 92 116 126 126 143 143 149 156 165 165 165 220 220 
22 22 83 101 113 145 145 145 177 195 195 240 245 
29 29 75 155 155 
120 155 170 192 250 
26 26 122 
14 
98 166 
122 122 

222 222 222 
26 
58 252 252 
8 
127 189 
233 
86 
33 33 
81 203 203 

33 33 212 212 212 
146 146 146 
176 176 
152 
17 17 17 75 97 97 
5 12 133 
3 3 21 21 42 71 81 85 85 99 131 131 151 153 184 184 
127 

26 82 
1 1 1 
75 75 75 217 
5 5 
5 5 
0 0 60 
26 
55 81 121 162 
30 196 
96 144 144 204 
154 154 
63 63 63 90 
5 5 248 248 248 
5 
22 43 43 204 
113 
8 71 
243 243 243 
70 
206 
58 81 
151 214 214 
87 

109 109 109 
