Nodes: 256, Edges: 387
60 236 
21 105 105 110 110 110 158 158 158 164 164 232 
129 129 
228 228 
14 14 14 18 
26 38 38 46 46 50 56 68 68 91 94 94 102 102 114 114 123 123 123 123 159 161 178 178 227 227 235 235 235 243 243 244 
212 222 222 
41 41 74 86 97 124 124 125 125 125 125 203 
81 215 228 247 247 
182 182 
14 
33 
227 
33 37 37 37 
4 4 4 10 18 32 47 47 138 139 146 146 152 163 163 208 208 
26 231 231 
93 93 
84 226 
4 14 34 34 34 51 63 137 138 145 152 186 186 186 
62 62 
98 
1 45 140 179 
195 204 
192 
107 
81 
5 15 33 44 44 59 59 62 67 70 72 72 82 82 87 87 108 108 122 141 196 207 207 213 231 231 237 


205 
64 64 196 196 230 
152 
14 138 
11 13 26 37 44 122 134 134 150 169 172 185 197 
18 18 18 
53 81 

13 13 13 33 169 
5 5 
134 

7 7 
81 151 228 228 

26 26 33 59 73 73 118 150 150 188 222 
21 153 153 
5 5 103 
14 14 152 180 180 
152 
84 84 
5 
18 

35 

121 121 238 
5 
154 154 
214 
26 26 44 
0 61 61 152 190 
60 60 206 206 
19 19 26 108 108 
18 137 242 
30 30 
81 93 93 

26 
5 5 
186 186 
26 122 249 
228 247 
26 26 
44 44 
7 156 203 203 218 
203 217 226 

122 


137 137 
8 25 35 42 65 153 153 160 162 162 173 176 220 220 228 228 
26 26 231 
113 113 177 177 177 177 
17 49 49 127 183 183 189 189 
228 228 228 228 
7 203 203 203 218 218 218 
26 26 108 108 115 
165 

206 
5 
203 203 203 
16 16 65 65 154 154 176 201 
5 5 112 
153 
127 127 229 229 240 
7 
20 166 
251 
109 127 194 194 198 198 229 
145 204 
5 5 142 142 234 254 
46 
152 152 
1 1 

24 152 
26 26 62 62 87 87 
100 180 194 198 
1 1 1 
154 
94 
83 83 246 
5 5 
87 

136 
44 
152 
170 
55 55 238 238 
26 33 70 77 207 210 
5 5 5 5 161 
7 7 
7 7 7 7 
203 
84 96 96 100 187 189 216 216 229 229 

2 2 

228 228 228 
222 

33 33 39 
175 
117 
18 63 80 80 
14 18 32 
14 
21 
26 
102 102 159 

200 200 200 240 
18 101 204 
14 14 152 


203 203 
33 44 44 
42 228 252 
14 18 31 47 48 60 104 104 107 119 146 157 163 163 225 
45 45 81 81 95 
57 57 93 93 111 176 241 
205 206 206 
74 199 199 199 203 203 
152 163 163 
1 1 1 164 
5 142 
81 
5 123 
81 81 238 238 
14 14 152 152 157 157 
1 1 158 
88 203 203 
98 209 209 
173 

33 37 
120 206 

33 
81 167 

135 196 
81 93 154 224 
83 83 83 83 
5 5 
21 
47 47 109 

9 9 
84 84 
228 
33 
18 18 18 69 69 
127 
44 
84 84 127 216 216 216 216 
60 
205 
23 206 206 
200 
100 100 109 
22 
26 30 30 175 
33 
100 100 109 
156 156 156 
144 144 144 193 
93 

7 74 74 75 86 86 86 92 92 92 126 149 149 156 156 165 165 251 252 
22 101 145 245 
29 155 191 
61 61 90 155 155 170 192 192 250 
26 26 122 
14 14 
166 166 
122 

6 222 222 
26 
58 
8 228 228 228 
127 127 189 189 189 189 
75 233 233 
74 86 86 86 

81 81 
248 
6 6 44 132 212 212 

176 
152 
17 75 
5 5 12 
3 3 8 42 42 71 81 81 85 85 85 85 131 131 131 151 184 215 215 215 
96 96 100 127 127 
30 
15 15 26 26 82 
1 
217 217 
102 254 254 
5 5 5 
0 
26 253 
55 121 121 162 162 

96 144 
154 
63 
5 5 248 
5 
204 
113 
8 8 71 
221 243 
70 
206 
99 203 
151 203 
237 
102 234 234 

