Nodes: 256, Edges: 387
60 236 236 236 
21 105 153 158 158 158 164 164 
129 129 129 153 153 

14 
26 26 38 38 38 46 50 56 102 102 102 114 123 123 123 133 159 159 159 161 178 235 244 
212 212 222 
41 41 74 86 86 97 124 124 125 203 203 203 
71 168 215 
182 
14 14 
33 33 


4 10 10 18 18 51 146 163 208 
26 26 

66 66 84 226 226 226 
14 14 34 34 34 61 120 152 186 206 206 
62 
98 166 213 
1 45 140 140 228 
204 204 245 
192 192 
107 107 223 
81 153 
5 5 15 15 33 44 44 62 62 70 72 87 98 108 108 117 122 196 196 207 207 231 237 237 

165 
205 
64 175 196 196 239 
152 
138 138 
11 11 26 37 39 122 122 134 150 150 172 172 185 185 185 197 219 
18 18 18 137 
81 81 

33 122 122 169 169 
5 5 5 
33 134 

7 7 179 
81 81 125 151 228 
245 
26 26 59 73 150 150 188 219 222 222 
21 148 148 153 153 153 
5 103 
152 180 180 
152 
84 
5 
14 



121 238 
5 103 181 227 

104 104 104 203 203 203 245 245 
44 
0 61 61 76 152 236 
18 60 60 206 
19 26 26 108 
137 137 
30 
93 
17 17 84 84 84 


146 186 186 
26 122 122 122 249 249 
8 131 228 
26 
44 
7 156 156 203 
171 171 205 205 217 
60 

86 89 


25 35 35 42 42 93 99 153 153 153 162 162 162 173 173 176 176 203 203 203 220 220 228 238 
231 
113 177 177 204 
17 49 66 66 66 109 183 183 189 189 
228 228 228 
7 7 78 203 
26 115 115 

78 
206 

104 203 203 
65 81 201 241 241 
112 

200 229 
7 130 226 
20 26 166 209 
81 
109 127 127 194 198 
145 145 204 
5 5 5 142 142 142 142 
46 56 
58 58 58 92 
1 

24 24 119 119 119 152 
26 26 62 
84 100 127 194 
153 
154 154 
94 
83 145 
5 
87 87 
203 203 
26 

107 107 107 152 
18 170 206 206 
55 181 238 
26 33 33 37 37 70 70 70 210 210 210 
5 5 5 161 
7 7 
7 42 
203 203 
100 100 109 187 216 229 
228 251 
2 2 2 
97 
71 
222 
5 227 
33 39 
175 175 

34 63 63 202 202 
32 32 

21 21 

102 102 102 102 
149 203 
200 200 240 
101 101 113 204 
14 69 152 223 

45 45 153 153 
143 203 
33 33 44 44 
42 153 252 
18 31 47 48 60 107 119 146 157 223 
1 2 2 25 45 45 45 81 81 81 110 148 148 151 228 228 
111 111 241 241 
205 205 206 
74 74 199 203 
152 163 
1 1 1 164 
5 5 5 

5 123 
81 81 81 238 
14 157 
1 1 158 232 
28 203 
20 98 
173 173 
8 
37 37 
120 174 
75 75 205 205 
33 33 
81 81 167 167 
170 
30 135 135 
81 81 224 
83 83 204 
5 
41 
47 47 
56 121 
9 
84 84 

33 33 33 
18 69 69 
127 
44 
84 84 216 
236 
205 
23 23 206 206 

100 109 
204 245 245 
26 26 30 30 239 
33 
100 
156 
96 144 144 229 240 
93 
137 137 
7 7 7 58 58 58 74 81 81 81 86 92 92 116 116 126 126 143 149 156 165 220 
22 22 83 101 145 177 195 240 
29 75 75 155 155 171 171 191 
18 18 61 90 120 120 155 192 192 250 
26 26 
14 
98 
122 122 122 

6 6 222 222 
20 
252 
8 228 228 228 
127 189 
75 

33 44 
81 81 203 

6 44 44 132 212 212 
24 146 152 
176 

17 17 17 97 
56 133 
21 42 71 81 85 85 85 128 153 153 215 215 215 
96 127 200 240 240 240 

26 82 
164 

254 
5 
0 0 0 60 190 
26 26 
55 81 121 162 
30 196 
144 200 204 229 229 229 
93 93 154 154 

248 248 
5 
22 43 58 58 195 195 


243 243 
70 70 
206 
128 
151 214 

234 

