Nodes: 256, Edges: 387
60 60 236 236 
105 110 153 158 164 164 232 
129 129 
81 228 228 228 228 
14 14 18 18 32 
26 26 38 38 38 46 46 50 50 56 68 68 91 91 102 123 133 159 159 161 161 227 235 235 235 243 243 244 244 
212 
41 41 86 124 125 125 125 203 
71 81 168 215 215 228 228 
182 
14 14 
33 
114 

4 4 10 10 18 18 32 51 146 163 
26 231 231 
89 89 93 
66 84 
4 4 14 14 61 120 120 120 137 137 145 186 186 206 
62 
98 166 166 
140 153 179 228 
195 204 245 

107 107 152 

5 5 15 44 59 62 67 70 70 72 72 82 108 117 122 122 196 207 207 207 213 231 231 231 

88 165 165 

64 64 182 196 196 230 

4 14 
11 37 44 122 134 150 150 150 169 185 197 222 

81 81 81 

33 169 
5 5 5 
134 

7 7 
81 81 125 151 151 151 228 228 
245 245 
26 33 59 150 150 188 188 222 222 

5 5 103 103 103 
152 180 
58 152 152 

5 5 
14 



121 121 121 238 
5 227 
93 93 154 
48 152 203 214 214 214 
26 44 
0 0 152 236 236 
18 
19 26 108 
137 202 202 242 
30 30 
81 81 
17 
26 
5 5 

26 26 122 122 122 249 249 
8 131 131 228 228 247 247 
26 26 

156 203 
147 147 203 203 217 226 233 

122 122 
89 89 93 93 


3 8 35 35 35 42 42 65 65 93 99 153 160 160 173 173 176 203 203 228 238 251 
26 
113 113 204 
17 

7 203 203 203 
237 237 
28 165 203 
16 16 78 78 
206 242 
5 5 

16 57 57 78 78 81 154 201 201 201 
112 243 

127 229 
130 226 
20 166 166 209 
81 251 
194 
145 204 204 
5 234 
46 46 46 
129 129 152 152 
1 

24 24 152 
26 62 
127 255 255 255 
1 153 
154 154 
94 
83 83 145 145 177 246 
12 227 227 

203 
26 

152 152 
18 18 18 206 206 
55 55 55 
26 26 33 70 70 70 77 77 210 
5 
7 
7 7 7 42 
203 203 
96 109 187 189 216 216 229 
228 
2 2 104 104 
97 
71 71 228 
222 
5 227 
33 39 


18 18 63 202 


21 


149 203 203 
200 200 200 240 240 
18 101 113 113 204 204 
14 223 223 
75 75 
153 
143 203 203 
33 33 33 44 44 
42 42 42 228 
24 47 48 48 58 60 104 104 107 119 119 157 157 163 163 225 
1 21 81 110 148 179 228 228 
57 93 111 111 176 176 241 241 
205 205 
74 199 203 203 
152 152 163 163 163 163 
1 164 
5 5 
81 81 
5 5 
238 
14 152 152 157 157 157 157 
1 1 158 
28 28 88 
20 20 98 98 
173 
8 
33 37 
174 174 
205 

81 81 167 176 
170 170 206 206 
196 196 
81 154 154 173 224 
113 204 

21 153 
47 

9 30 


33 
18 18 
127 
44 44 
127 

205 
206 206 

100 
22 
26 30 30 175 175 239 
33 

156 
144 144 144 240 
93 93 93 
63 63 137 
7 58 74 75 75 81 81 86 86 86 88 116 126 126 143 143 149 149 156 156 220 251 252 
22 83 101 101 145 145 177 245 245 245 
155 155 171 191 
18 90 120 120 174 174 192 192 250 
26 26 26 

98 
122 
222 
6 222 
26 237 
58 58 58 
8 8 228 228 228 
127 127 
75 


203 251 

33 44 44 132 211 212 
146 146 
176 
152 
75 97 
5 56 114 114 133 
3 3 3 3 8 8 21 42 42 71 71 81 128 131 151 153 153 215 215 215 
96 127 240 240 240 
30 
15 15 26 26 26 
1 
75 
102 254 254 
5 5 5 
0 0 60 60 
87 87 213 
55 81 162 
196 
144 144 200 229 229 229 
154 154 
63 90 
5 5 94 248 248 
5 5 
22 43 43 204 204 204 
113 
71 71 
243 243 
70 70 
206 
81 99 203 220 
203 

234 234 
109 109 109 
