Nodes: 256, Edges: 387
236 
21 21 105 105 110 164 164 
129 129 
228 228 
14 18 18 32 
26 38 38 50 50 56 68 91 94 114 123 123 123 123 159 159 159 161 161 161 161 178 178 227 227 227 235 244 244 
212 212 
74 86 97 125 203 203 203 
81 168 215 
182 

33 

33 33 37 
4 32 47 51 60 138 163 163 208 208 208 
26 26 231 231 

66 84 84 226 226 
4 4 34 51 51 61 61 63 63 120 145 186 206 

213 213 213 
1 1 140 153 153 179 
204 204 
192 
107 152 223 
81 81 
5 15 15 33 33 44 59 59 62 67 70 82 82 82 87 87 98 108 122 141 196 196 207 207 207 213 231 237 237 
52 153 153 
165 165 
205 
64 64 175 175 182 196 196 230 239 239 

4 14 
11 13 13 26 26 122 150 150 169 169 172 197 
18 
53 81 81 81 81 
74 
13 122 169 169 
5 5 
134 


151 228 228 
245 
26 73 73 150 222 

103 
14 152 180 
58 152 
84 
5 5 
14 18 18 
27 140 
35 81 
127 
238 238 
5 
154 154 154 
48 104 104 214 245 251 
26 26 
14 61 61 61 76 152 152 206 236 
18 18 60 60 60 206 
26 
18 18 90 137 242 
30 30 
81 
17 84 
26 
5 

26 122 122 249 
131 131 131 228 247 247 

44 44 
7 36 203 203 
147 147 217 217 226 
60 
122 122 
89 89 93 
111 111 

8 25 25 35 35 35 35 53 65 93 162 162 173 203 220 220 228 238 238 251 251 
26 26 26 
113 177 204 204 204 
17 17 49 66 127 127 189 
228 228 
7 203 203 
26 26 115 
165 
78 78 
63 186 206 206 242 
5 

78 81 154 154 176 201 201 201 
5 112 

200 240 
7 130 
26 166 209 

109 194 198 198 229 
204 
142 254 
46 
58 58 152 152 
1 1 

24 119 152 
26 
100 127 198 255 255 
1 153 
79 79 
94 
83 145 145 177 204 204 246 
5 
87 



107 152 
18 170 206 
181 
26 33 37 70 70 77 77 210 210 
5 5 5 5 161 

7 
203 203 
54 84 84 109 187 189 216 216 229 
228 
2 2 
97 
71 71 71 228 
222 

39 
175 

63 202 
14 

21 52 
26 
102 
149 165 203 203 
200 200 240 
18 113 113 204 204 204 
223 
75 75 
153 
143 
33 33 44 
42 228 
24 47 48 60 60 104 104 107 119 157 163 225 225 
21 21 27 27 110 148 179 
57 57 57 93 93 176 
206 206 206 
203 203 
152 163 
164 164 
5 5 5 

5 5 5 5 123 
81 81 
14 14 152 157 
1 1 158 158 232 
28 28 88 143 203 203 
98 209 209 
173 173 173 
8 
33 33 37 37 
120 174 

33 
81 167 167 167 176 
170 206 206 
30 30 135 196 196 
93 154 173 
83 113 204 
5 5 
21 153 
47 
121 
9 30 

228 228 

18 90 
127 

84 127 216 216 216 
236 236 236 
205 
23 206 206 206 
253 253 
100 
245 245 
26 26 30 30 175 175 239 
33 
100 100 109 

96 144 144 240 240 
93 93 93 
137 
7 7 7 74 74 81 86 86 126 126 143 143 156 156 165 165 220 251 252 
22 22 83 83 83 101 113 113 145 145 145 177 
29 191 
18 60 61 90 90 120 155 155 155 174 174 192 192 192 
26 26 26 
14 14 14 
98 166 166 
122 122 

6 6 222 222 222 
20 20 20 26 
58 
8 228 228 228 
127 127 189 189 189 
75 75 233 


81 81 203 
248 
44 132 212 212 212 
24 146 

152 152 
17 17 75 
5 5 5 
3 3 42 42 71 81 85 85 128 131 151 184 184 215 215 215 
100 127 
30 
15 15 26 
164 
217 
254 
5 
0 60 190 190 190 
26 26 
55 55 81 81 
30 30 196 
96 144 200 200 

63 90 

5 5 
43 58 195 195 
113 
71 71 
221 
70 

58 81 81 203 
203 
193 193 
102 234 
109 109 
