Nodes: 256, Edges: 387
236 236 
21 105 110 164 232 
129 129 153 153 
228 
14 14 32 
26 26 38 50 50 56 68 91 91 94 102 123 123 133 143 161 161 178 178 178 196 227 227 227 235 243 243 244 

74 124 124 125 
215 215 247 
182 

33 
114 
33 37 
4 4 32 32 47 51 146 152 152 
26 231 
89 89 93 
66 66 66 84 226 
34 34 34 34 63 120 137 138 145 145 145 186 186 206 
62 
98 98 98 213 
1 153 179 179 228 
195 204 
192 192 
107 107 107 223 
81 
5 5 15 33 44 59 67 67 67 70 70 70 72 72 87 87 87 98 108 117 141 141 207 213 231 
153 
88 165 165 
205 
175 175 182 196 196 230 
152 
4 14 14 138 138 
11 13 26 37 44 122 134 169 185 197 219 219 222 222 
18 18 18 18 


13 33 122 122 
5 

203 203 
179 
125 125 151 151 228 
195 195 245 
26 33 59 73 73 118 188 
119 148 153 
103 103 
14 152 152 180 
152 
84 84 84 
5 5 
14 

81 81 
127 127 127 
121 238 
5 
93 93 154 
152 203 214 214 251 
26 44 
61 76 76 76 
60 
19 108 
18 90 137 137 137 202 242 

81 81 
17 17 17 
26 26 26 
5 
146 186 
26 26 26 122 
228 
26 26 
44 44 
7 218 
171 203 205 217 217 233 
60 60 60 
122 122 

111 
137 
25 53 53 65 65 93 99 160 162 162 176 228 228 238 238 251 251 251 

113 177 177 
17 49 49 49 109 127 183 189 189 
228 228 
203 
26 26 26 108 108 108 115 115 
28 165 
16 16 95 
63 242 242 242 
5 5 

16 57 57 81 111 176 241 241 
5 112 112 
89 
127 
130 130 226 
20 20 20 26 
81 228 
109 198 
145 204 204 
5 142 
46 46 
152 
1 

24 24 24 119 
26 62 87 87 87 
84 100 127 194 198 198 255 
1 153 153 
79 93 154 154 
94 94 
83 145 177 204 204 246 
12 
87 87 
203 
26 136 
44 
45 107 152 
18 170 170 206 
55 181 238 238 
33 37 37 70 77 77 210 210 210 
5 5 161 196 
7 7 
7 42 42 
203 
54 54 54 84 96 109 187 189 

2 2 
97 97 
228 228 
222 222 
5 
33 
175 
117 
18 63 63 63 80 202 202 
18 32 32 


26 26 
102 
5 
240 
18 18 18 101 113 204 
14 69 223 

45 153 
203 

42 42 153 228 228 
14 14 31 47 47 48 58 104 119 163 163 163 
2 2 21 27 45 110 110 148 151 228 
57 111 111 176 241 
205 205 206 
199 203 203 
163 
164 164 

81 
5 5 123 
81 81 
152 152 152 157 
1 158 158 232 232 
28 28 88 203 203 
209 
173 

33 
120 120 174 206 
75 

167 176 176 
170 206 
30 30 135 
81 93 154 173 173 224 
83 83 113 204 204 
5 5 5 
21 21 41 
47 
121 
9 30 
84 

33 
18 18 69 
127 
44 
84 84 127 216 216 216 
236 
205 
23 23 206 206 
237 253 
109 
22 43 43 204 245 
5 30 30 123 239 239 
33 
100 109 109 
156 
229 229 240 

63 137 137 
40 40 58 75 86 116 126 149 156 156 165 165 220 220 251 252 
22 101 101 113 113 145 177 177 195 245 245 245 
29 75 155 155 191 
18 120 155 170 174 192 192 250 
26 

166 
122 122 122 
222 
222 
20 26 
58 58 252 
8 8 
189 189 189 
75 75 
74 
33 33 
203 203 
248 
33 33 132 132 211 212 
24 146 
176 

17 97 
5 5 5 
3 21 42 71 81 81 85 85 99 131 131 151 151 153 
200 200 240 
30 
15 26 
1 164 164 
75 
254 254 254 254 
5 
0 0 190 
193 
55 81 81 121 121 
196 196 
144 200 229 
93 93 154 
63 90 90 90 
5 5 248 248 
5 
43 195 204 204 204 
113 
8 
221 243 243 

206 
58 81 81 81 203 
203 214 
193 
234 234 234 234 
109 
