Nodes: 256, Edges: 387
60 60 236 
105 105 110 110 153 153 158 
129 
81 228 238 
14 14 18 32 
26 38 38 38 50 50 56 56 56 68 68 91 94 94 114 114 114 123 123 133 133 159 159 161 243 243 244 
212 
41 74 74 124 125 203 203 
81 168 215 228 228 247 247 
182 230 
14 
33 
227 
37 
4 4 10 18 32 47 47 51 51 138 139 152 152 163 163 208 208 
26 
89 89 93 
66 66 84 226 
4 14 34 34 34 61 120 120 137 145 145 152 152 186 
62 62 

45 45 140 140 153 153 179 179 179 228 
204 
192 192 
107 107 107 152 223 
81 153 
5 15 59 59 59 62 62 67 70 70 72 72 82 82 98 108 141 141 141 207 213 231 237 237 
153 
88 165 

175 175 196 196 196 239 239 
152 
4 14 138 138 
11 37 37 44 44 122 134 134 134 169 172 185 219 222 222 
18 18 18 137 
53 53 81 81 

13 33 33 122 169 169 
5 5 5 
134 

7 
81 151 228 228 
245 
33 33 73 73 150 188 188 188 
21 21 148 153 153 
103 
14 14 152 180 
58 58 

5 5 
14 14 
140 
35 35 81 81 
83 127 
121 
5 5 5 
154 154 
48 48 214 251 
26 26 26 
0 0 61 152 206 236 
18 60 
19 19 26 26 
90 202 202 

81 93 
17 17 84 
26 
5 5 
146 146 186 
26 26 122 122 
131 228 228 247 
26 26 
44 44 
7 7 
147 171 203 203 226 233 


89 93 93 
111 111 

3 8 25 35 35 42 53 53 65 93 93 153 153 153 160 160 160 173 203 203 228 228 238 238 251 
26 26 
54 177 177 
17 66 100 109 127 183 189 
228 228 228 
203 203 
115 115 
28 
16 16 78 
63 206 
5 
203 
16 65 78 78 81 81 154 176 
5 5 112 112 112 
153 
127 127 200 229 240 
130 
26 166 

84 109 127 127 127 194 198 229 
145 204 
142 142 142 203 
46 
129 129 
1 1 

24 24 24 152 
26 
84 100 127 180 255 255 
1 1 153 
79 79 
94 94 94 
145 145 204 204 
5 5 5 
87 87 
203 



18 18 170 170 
55 238 
33 37 70 70 207 210 
5 5 
7 
7 
203 
54 84 96 96 100 100 100 109 187 189 229 

2 104 104 
97 
71 228 
222 222 
5 5 
33 33 33 39 
175 175 

18 34 202 
14 32 32 208 
14 
21 21 52 
26 26 26 
102 102 102 
149 149 203 
200 200 240 
18 18 101 113 113 204 
69 69 
75 
45 153 
143 143 203 203 
44 
42 153 
14 14 18 18 24 31 47 60 107 157 223 225 225 
1 1 21 21 25 27 45 45 81 81 81 95 110 148 151 228 
57 57 93 176 176 241 
206 
199 199 203 203 
152 
1 164 
5 5 
81 81 81 
5 

14 14 
158 
28 
98 209 
173 
8 
33 37 37 
120 120 
75 
33 
81 167 176 176 

30 30 135 135 196 
93 154 154 173 173 224 224 
83 83 

21 21 21 
47 109 

9 
84 
228 
33 
18 69 
127 
44 44 44 
84 127 216 216 
236 

23 23 206 206 206 
200 
100 
204 245 
30 30 30 175 239 

100 
156 156 
96 144 144 193 240 240 

63 63 137 
7 7 75 75 81 81 86 86 92 102 116 126 143 149 149 156 156 220 220 251 252 252 
22 101 113 113 145 195 245 
206 
60 90 155 192 192 192 205 250 
26 122 
14 14 138 
166 
122 

6 222 
26 
58 252 
8 228 
189 189 


33 
203 203 251 

33 33 132 132 212 
24 152 
176 176 
152 152 
17 75 
12 
3 8 8 21 42 42 71 71 81 81 85 85 85 131 153 184 215 
96 100 127 240 
9 
26 

75 
254 

0 60 190 
26 26 
3 81 81 121 
30 30 196 
96 144 200 200 229 
154 

5 5 248 248 
5 
43 195 204 

8 8 71 
243 243 

206 
58 81 203 220 
203 203 214 

234 
109 109 
