Nodes: 256, Edges: 387
60 
21 110 110 153 153 158 158 164 164 
129 129 153 
81 228 238 
14 32 
38 38 38 46 50 56 56 68 68 68 91 123 123 133 133 161 161 161 227 235 235 243 244 244 
222 
41 74 74 97 124 124 203 
71 71 71 81 168 168 247 

14 

227 227 
33 37 
4 10 47 138 139 
26 231 
89 93 93 
66 84 226 226 
34 34 34 51 51 61 63 63 120 137 137 138 152 186 186 206 206 
62 62 
98 
1 45 140 153 
204 204 
192 
107 107 152 
81 
15 33 44 59 62 67 72 82 82 98 108 122 141 207 231 
153 153 
88 88 165 
205 
64 175 196 196 230 230 239 
152 
4 138 
13 26 37 37 122 134 150 172 172 185 197 222 222 222 
18 18 18 137 137 
53 53 

13 33 33 122 122 
5 5 5 
134 

7 179 
81 151 228 228 
58 245 
26 73 118 150 150 188 188 188 219 222 
21 148 
5 103 
14 152 152 152 180 
58 58 152 
84 
5 
18 18 
140 
35 35 81 
83 127 
121 238 
5 5 
154 
43 48 48 104 152 152 
26 
0 61 76 152 190 
18 60 
19 19 26 
18 18 90 137 202 242 
30 
93 
17 
26 
5 5 5 
146 146 186 186 186 
122 249 
8 8 8 131 228 
26 
44 
7 7 156 156 
147 147 171 203 203 226 233 
60 

93 
111 111 
137 
3 8 25 42 53 93 93 153 162 162 173 176 203 203 220 220 220 228 238 251 
26 26 
54 113 177 177 177 204 204 
17 49 100 100 109 127 183 189 
228 
203 203 218 218 
115 115 237 
28 28 165 165 165 203 203 
16 
63 242 
5 
203 203 
16 16 65 78 81 81 111 176 176 201 201 201 241 241 241 
112 112 112 243 243 
153 
200 240 
7 130 226 
20 26 166 209 

84 84 109 127 127 127 194 194 229 
145 204 
142 142 254 
46 
58 129 


24 24 
26 
84 100 194 198 198 255 
1 1 
79 79 93 154 
94 94 94 
83 145 246 246 
227 
87 87 

136 
44 
152 
18 170 
55 181 238 
26 33 37 37 70 210 210 
5 5 
7 7 


54 84 100 100 100 187 187 216 216 229 
228 
2 2 104 
97 
71 
222 222 222 
5 5 
33 39 
175 
117 
18 18 34 34 63 80 202 
14 18 32 
14 
21 52 
26 
102 102 
149 165 

101 113 
69 69 152 223 223 
75 75 
45 153 
143 203 
33 44 44 
42 153 228 228 
18 24 31 47 47 47 48 58 58 60 119 146 157 157 163 163 223 225 225 
1 1 2 21 27 27 81 95 148 151 179 179 228 
57 111 176 241 
205 205 206 
74 74 
152 152 163 
1 1 


5 5 5 
81 81 
152 152 157 
1 1 232 
28 88 88 88 143 203 
98 
173 
8 8 

120 174 206 
75 205 205 
33 33 
81 167 176 
170 206 
30 135 196 196 
81 93 93 154 173 224 224 
83 83 83 

41 153 153 
47 
121 

84 
228 228 
33 
18 18 69 69 69 
127 127 
44 44 44 
84 216 216 216 216 
60 
205 
23 206 

100 100 109 
245 245 
30 30 175 175 239 
33 
109 109 

96 240 240 
93 93 93 
63 137 
7 75 75 81 81 86 86 88 88 92 92 149 165 
22 22 83 83 101 240 245 
29 155 155 171 171 191 
18 18 155 170 174 192 250 
26 

98 
122 122 
222 



228 228 
127 127 189 189 189 189 

86 86 
44 
81 81 81 
248 
6 33 33 33 44 132 132 132 211 
146 146 152 
176 176 
152 152 
17 17 75 97 
5 12 12 114 
3 42 42 71 81 85 128 151 151 153 184 184 215 215 
100 127 
30 30 
15 26 
164 
75 
254 254 254 254 
5 5 

87 253 
3 55 81 121 
30 196 
96 200 200 204 
93 93 93 154 
63 90 
5 94 94 
5 5 
43 195 195 204 
113 113 
8 
221 
70 
206 
81 

237 
102 234 234 234 234 
109 
