Nodes: 256, Edges: 387
60 
21 105 110 110 110 158 164 
129 153 
81 238 238 
18 
26 26 26 38 38 38 38 46 50 56 68 94 114 114 114 123 123 123 161 178 196 227 235 243 244 244 
212 212 222 222 
86 97 97 124 203 203 203 
71 81 
182 

33 

33 37 37 
32 47 138 139 146 163 
26 231 
89 89 93 
226 226 
4 34 34 61 120 137 145 152 186 
62 62 
98 213 
1 45 45 140 140 153 179 179 228 228 
195 204 245 
192 192 
107 152 
81 153 153 
5 5 5 15 33 44 59 62 67 67 72 72 82 98 108 108 117 122 141 196 196 207 207 231 237 
52 
88 165 

175 175 182 182 196 196 230 230 
152 152 
14 138 138 138 138 138 
11 13 26 37 39 44 44 122 134 150 185 185 197 197 197 222 
18 18 137 
53 81 81 

13 13 33 122 122 122 169 
5 5 5 5 
33 
203 203 

81 125 151 228 
245 
26 33 33 59 73 73 150 188 188 222 
21 21 148 153 
5 103 
14 152 
58 

5 

27 
35 
127 
121 
5 
93 93 
48 104 152 203 214 214 245 251 
26 44 
0 76 76 152 152 206 236 
18 206 
19 19 26 108 108 
137 202 242 

81 
84 
26 26 
5 
146 
122 122 249 249 
8 131 228 247 
26 26 
44 44 
156 156 203 203 
147 171 203 233 233 
60 60 
122 
89 93 
111 111 
137 
3 8 25 35 35 42 65 93 93 160 162 173 203 220 251 
26 231 
113 177 177 204 
66 109 109 127 
228 228 228 228 
7 203 203 203 218 
115 115 237 
28 165 203 
16 16 78 
206 

203 203 
16 57 57 78 81 81 154 176 201 241 
5 112 112 

200 229 
7 7 130 130 
20 26 166 209 

109 127 194 198 
145 204 204 204 
234 
46 
58 129 129 
1 

24 152 
26 26 62 62 
84 84 100 194 198 255 255 
1 1 1 
79 79 154 
94 94 
83 145 145 145 204 
5 5 5 
87 87 
203 
26 136 
217 
152 
18 206 
55 181 238 238 
26 33 37 37 37 70 70 77 207 210 210 210 
5 5 5 
7 
42 
203 
54 84 100 189 229 
228 251 
2 104 104 
97 97 
71 228 
222 
227 227 
33 

117 
18 34 63 80 
14 32 32 32 32 32 
14 
21 21 
26 

165 
200 240 
18 101 113 113 113 204 
14 69 
75 
45 

33 44 
42 153 153 228 228 
18 24 31 31 47 58 60 60 107 119 163 163 223 225 
2 21 25 25 45 151 151 228 
93 111 176 176 
205 205 205 206 206 206 
74 74 
163 163 
1 164 164 

81 
5 
81 238 
14 152 152 157 157 
1 158 158 232 232 
28 88 143 203 203 
98 209 209 
173 173 

37 
174 174 206 
75 205 

81 167 167 176 
170 170 206 
30 30 196 196 
93 154 154 173 224 224 
83 83 204 
5 
21 21 

121 
9 30 30 


33 33 
18 

44 44 
127 216 216 
236 
205 
23 23 206 
200 
100 109 
22 204 245 
5 26 26 30 30 175 175 239 239 
33 33 33 
100 109 

96 144 193 229 229 
93 
63 
7 7 7 40 40 58 74 74 75 81 86 86 86 88 92 92 116 126 165 165 220 220 252 
22 83 101 101 101 113 145 177 195 240 
155 155 155 171 191 206 
60 61 90 120 155 155 155 170 174 192 205 250 250 
26 26 122 

98 166 166 
122 122 122 

6 6 222 222 
20 
58 58 
228 228 
189 189 
118 
86 

81 203 203 251 

6 6 33 44 132 212 212 
152 
176 176 
152 
17 17 
5 133 133 
21 21 42 71 85 85 85 85 128 131 151 151 153 215 215 
96 127 200 200 240 
30 30 
15 26 82 
164 164 
75 75 
102 254 
5 
60 190 
26 87 
3 3 121 121 162 
196 196 
144 204 229 
93 
63 
5 248 
5 5 
22 43 58 195 

71 
243 
70 70 
206 206 
58 81 128 220 
203 

234 
109 109 
