Nodes: 256, Edges: 387
236 
21 110 110 110 158 158 164 164 232 
129 153 
238 238 
14 32 138 
26 38 38 46 50 102 114 114 123 133 159 161 161 178 178 196 234 235 243 243 244 244 244 248 
212 212 
41 41 74 74 97 97 124 125 125 203 
71 81 168 228 
182 230 

33 33 
227 

4 32 32 32 138 139 152 163 208 
26 26 231 231 
89 89 93 
84 226 226 226 
34 61 61 120 120 145 145 145 152 206 
62 
166 213 213 213 
1 45 45 140 140 153 179 179 179 
204 245 
192 
107 107 152 223 
153 
5 15 15 62 62 67 72 87 87 98 98 108 108 117 122 141 196 207 207 213 213 237 
153 
88 88 165 
205 205 
175 182 196 196 230 

4 14 14 14 138 138 138 
11 11 37 44 44 122 134 134 150 150 169 172 185 185 197 197 219 
18 137 
53 81 

33 122 122 
5 5 

203 
7 7 
81 151 151 151 228 
245 245 
33 33 59 59 73 150 188 222 
21 21 119 148 148 
5 
152 152 180 180 
58 58 
84 
5 


35 
127 127 127 
121 
103 181 181 
93 93 154 
48 48 152 245 245 
44 44 
61 152 190 206 236 236 
18 18 60 206 
19 26 26 108 108 
90 242 242 242 

81 

26 

186 186 
249 
8 131 131 228 228 228 247 
26 
44 
7 7 156 
147 147 203 205 205 217 


93 93 
111 

8 35 42 65 93 93 160 160 162 162 173 173 176 203 220 228 228 238 238 
231 
113 204 204 
17 49 109 127 127 183 183 
228 228 
218 218 
26 26 115 237 253 253 
28 28 165 203 
16 16 
63 206 242 242 
121 
203 
16 57 57 78 78 81 81 154 176 176 201 201 241 
112 112 112 243 
153 
127 200 229 240 
7 7 130 130 226 226 
26 26 209 
228 
127 127 127 
204 204 
5 254 
56 


145 
24 24 
26 26 62 62 
84 127 198 255 255 
1 1 1 153 
79 
94 94 94 
83 145 246 
5 5 
87 

26 

45 152 
18 18 170 170 206 
55 91 238 238 
26 33 37 37 
5 161 
7 
7 7 

54 54 54 84 84 96 100 100 100 109 189 216 229 

2 
97 97 
71 71 228 
222 
5 
33 33 


34 
4 14 32 32 32 208 
14 
21 21 
26 

149 149 149 165 165 165 
240 
18 18 18 106 113 204 204 204 
152 223 
75 75 
45 45 
143 143 143 203 203 
33 33 44 
42 42 42 228 
14 18 24 47 47 58 60 119 146 157 223 223 225 
2 21 25 27 95 110 179 179 
57 93 176 176 
205 205 
74 199 203 
152 163 163 
1 1 164 
5 
81 81 
5 5 123 
81 81 
14 157 157 
1 1 158 
28 88 143 143 143 203 
20 209 

8 
33 
120 120 
205 205 
33 
81 81 
206 
30 
81 93 93 154 154 224 224 224 
204 
5 5 
21 21 21 153 153 
47 47 
56 56 
9 30 
84 84 

33 33 
69 69 

44 
127 216 216 
60 
205 205 
23 206 206 206 206 
200 200 

204 
5 26 30 30 
33 33 
109 
156 
96 193 193 229 240 
93 93 

7 40 75 81 88 92 149 149 156 165 220 252 
22 83 83 101 101 145 145 145 177 195 245 245 
29 29 75 75 155 155 171 171 191 191 
18 60 61 90 120 174 192 192 192 192 
26 26 
14 138 
98 166 


6 6 222 
20 20 20 26 26 
252 252 
228 
127 189 189 
75 233 233 
86 86 
33 
81 203 251 

44 132 212 
24 146 152 152 
176 176 176 
152 
17 17 17 97 97 
12 
8 42 71 71 71 81 81 85 85 99 131 151 215 
96 127 200 240 
9 30 
15 15 82 
1 
217 217 
5 254 
5 
0 60 60 
26 87 
3 3 81 81 121 121 

96 144 200 229 
93 
63 63 63 90 90 
5 5 94 
5 5 5 
22 43 43 58 58 204 204 
113 
71 
5 
70 

220 
203 214 214 
87 87 
102 234 
109 109 
