Nodes: 256, Edges: 387
60 60 236 
21 110 158 232 232 
129 153 
81 81 228 228 228 
14 32 32 138 
26 26 26 38 38 46 46 56 56 68 94 98 114 117 123 123 133 159 159 161 161 178 234 235 235 244 244 248 248 
212 222 
41 41 86 97 97 97 125 125 
71 71 81 168 168 215 247 
182 
14 


33 37 37 
4 10 32 51 139 139 146 146 208 208 
26 26 231 
89 
66 226 226 226 
34 51 51 51 61 61 120 145 145 145 152 186 206 
62 62 

1 153 179 179 179 228 228 
204 204 
192 
107 107 152 
81 
5 5 5 15 15 33 44 59 62 67 70 98 98 108 122 141 196 207 207 213 213 213 231 237 
52 153 153 
88 88 88 165 165 

64 182 
152 152 
4 4 14 138 138 138 
13 26 37 39 44 122 122 134 150 169 172 185 222 222 
18 
53 81 81 81 

13 13 33 169 
5 5 
33 134 134 
203 
7 7 
151 228 228 228 228 243 
58 195 
26 33 73 150 188 222 
119 148 148 148 153 
5 5 103 103 103 103 
180 180 



14 18 18 18 
27 
35 81 
127 
121 238 238 
5 5 103 
154 
43 203 203 
26 
0 0 61 152 152 206 206 236 
18 18 60 206 
19 19 26 108 108 108 
202 
30 
81 
17 84 84 84 
26 
5 
186 
26 122 122 122 249 249 
8 8 131 247 

44 
156 203 218 
171 171 203 203 205 226 

122 122 
89 93 93 


3 3 8 25 35 35 35 53 65 99 153 162 162 228 238 251 251 

177 204 
66 66 66 100 100 127 183 189 189 189 

7 203 203 218 
108 108 108 115 237 253 
28 28 28 
16 78 
206 242 


78 78 111 201 201 201 241 
5 112 112 
153 
127 127 229 240 240 
7 7 7 130 226 226 
5 26 26 166 209 
81 
84 84 109 127 127 194 
204 204 
142 142 234 
46 46 46 46 56 
129 152 

145 
24 24 119 
26 62 62 62 87 87 87 
100 127 194 194 198 255 255 
1 153 
93 154 154 
94 94 
177 204 246 
5 227 
87 
203 
5 136 

45 107 152 
18 170 206 
55 
26 33 33 70 70 70 77 77 210 210 
5 5 

7 7 
203 
54 84 96 96 100 100 109 229 229 

2 104 
97 
71 228 

5 227 
33 39 39 

117 

4 32 32 32 
14 14 

26 
102 102 
149 149 165 203 
200 240 
18 18 18 106 204 204 
14 14 223 

45 45 45 
143 143 203 
33 44 
42 153 228 228 
18 24 31 31 60 60 104 119 157 163 225 
2 21 27 27 45 81 95 110 151 179 228 
57 111 111 176 241 
205 
74 199 
152 163 
1 164 
5 5 

5 5 
81 81 238 
152 157 
158 232 
28 28 143 203 203 
98 209 209 
173 
8 8 
33 37 
120 
75 75 205 
33 
167 176 


154 173 224 
83 113 204 
5 
21 21 21 153 
47 47 

9 30 
84 
228 228 228 
33 
18 69 

44 
84 84 84 216 216 


23 206 206 
200 
100 109 109 
43 204 245 
26 

109 
156 
144 193 240 
93 93 93 
63 
40 58 58 74 75 75 86 86 116 126 143 149 165 165 220 220 252 
22 22 83 101 101 113 145 145 177 195 240 245 
75 155 171 
18 60 60 61 90 120 192 192 250 250 
26 26 
14 14 
98 166 166 
122 122 

6 222 222 222 222 
26 26 26 
252 252 
8 228 228 
189 189 
233 
74 86 

203 203 
248 
6 33 33 44 212 212 212 212 
146 
176 
152 
17 17 17 75 97 97 
114 133 
3 3 3 21 21 42 42 42 42 81 131 151 151 153 184 184 184 215 215 
96 127 127 

15 26 
1 1 164 
217 
5 102 254 254 
5 5 
0 60 
26 87 
55 55 81 162 

96 96 144 200 204 
93 154 
90 
42 248 
5 5 
195 204 
113 
8 71 
5 5 221 243 
70 70 
206 206 
81 81 
203 214 214 
87 
234 234 
109 109 
