Nodes: 256, Edges: 387
60 236 
105 110 110 153 158 164 164 232 
129 153 
228 238 
14 14 18 
26 26 38 46 46 50 56 56 68 68 102 108 114 117 123 123 123 133 141 159 159 178 227 227 235 244 
222 
41 74 97 97 124 125 125 203 
71 81 168 215 228 247 247 
182 182 230 
14 
33 

33 33 
4 4 10 18 32 47 51 51 60 138 138 146 163 163 163 208 208 208 
26 231 231 
89 89 
84 226 226 
4 14 51 51 51 63 120 120 137 145 152 206 
62 62 
98 213 
140 179 228 228 228 
204 204 245 
192 192 
107 152 
81 153 
5 5 15 33 44 62 70 72 82 87 87 98 108 122 141 196 196 207 207 213 231 237 
153 
88 165 165 
205 205 
182 182 196 196 230 239 
152 
14 
11 13 13 26 37 44 134 134 169 197 219 219 

81 

33 122 169 
5 

203 
7 
81 125 125 125 151 151 228 228 
195 
26 33 73 73 73 73 118 150 188 222 
148 148 153 
5 5 103 103 103 103 
14 152 180 
58 
84 
5 
14 14 18 18 18 
140 


238 
5 5 

48 152 152 203 203 214 214 

0 14 61 61 76 152 236 236 236 
60 60 
19 19 26 108 
18 90 

93 


5 5 
146 186 
26 122 122 122 249 249 
8 131 247 
26 
44 44 44 44 
7 
147 171 171 205 205 233 
60 
122 122 
89 93 
111 

8 25 35 42 93 93 93 99 153 153 162 162 176 176 176 220 228 251 251 
26 
113 177 177 177 
17 49 100 127 189 
228 228 

26 26 115 115 237 253 253 
28 203 
16 16 78 
63 206 206 242 


65 78 81 81 81 111 154 176 176 
243 

127 200 229 
7 7 130 226 
20 26 166 166 209 209 
81 
84 109 127 127 127 198 
145 204 
5 142 142 
46 46 46 46 
129 129 152 152 
1 
145 
24 119 119 119 152 
5 26 62 
100 127 194 194 198 198 255 
1 1 153 
79 93 

83 145 145 177 204 246 246 
5 
87 87 
203 203 
5 
44 217 
107 107 107 
18 18 170 170 
181 238 
26 37 70 70 70 77 77 207 210 210 
5 5 5 161 
7 
7 7 42 42 42 
203 
84 96 100 100 100 109 

2 104 104 
97 
71 228 
222 222 
5 227 
33 33 
175 

18 
14 14 

21 52 
5 26 
102 102 
149 149 165 165 203 
200 
18 101 106 113 113 204 
14 69 223 
75 
45 45 153 
143 143 
44 
42 42 153 153 228 228 
18 24 31 47 58 58 60 104 104 107 157 157 157 
1 2 25 27 45 81 81 110 148 151 151 179 228 
93 176 241 241 
205 206 206 
199 203 
152 152 152 
1 164 
5 5 

123 
81 81 
14 14 14 
1 1 158 
28 28 143 143 203 
98 98 209 

8 
33 37 
120 120 206 
75 75 205 


206 206 
135 196 196 196 
81 81 81 93 93 154 224 224 
83 83 83 113 204 204 
5 
21 153 
47 
121 
9 9 30 30 



69 

44 
84 216 

205 205 
23 23 
200 200 200 
109 109 
43 204 245 
26 26 30 30 175 175 175 239 239 
33 
100 109 109 
156 
96 144 193 193 193 


7 40 58 58 88 116 116 126 143 156 165 220 220 251 251 252 252 
22 22 101 113 145 177 177 195 245 
29 29 75 75 155 171 191 191 
18 90 90 155 155 170 174 174 250 
26 26 122 
14 14 14 
98 98 166 
122 122 


20 26 
58 58 
8 
189 
118 233 

33 33 
81 203 203 251 

6 44 132 132 
146 
176 176 

17 17 97 
5 5 133 
3 8 21 21 21 42 42 81 85 85 131 151 151 153 
96 
9 30 
15 15 26 
1 
75 217 

5 
0 60 60 60 
26 87 253 253 
3 55 121 
30 196 196 

154 154 
90 
94 248 248 248 
5 
22 195 204 
113 113 
8 8 71 
243 243 243 
70 70 
206 
81 81 203 203 220 
203 203 
87 87 237 237 

109 
