Nodes: 256, Edges: 387
236 236 
21 110 153 153 164 
129 129 
238 
14 32 
26 38 46 50 56 68 68 91 91 102 123 123 133 133 159 159 159 161 161 178 178 227 227 235 
222 222 
41 86 86 97 124 125 125 203 
81 168 228 228 
182 182 
14 


33 37 37 
4 10 18 18 32 51 138 138 146 146 146 208 
26 231 231 
89 89 
84 
14 14 34 34 34 34 51 61 63 63 120 137 137 145 145 152 186 186 206 206 
62 62 
98 98 166 166 
1 140 153 179 228 
195 204 204 
192 192 
107 152 152 152 223 
81 81 153 153 
5 15 33 62 67 67 70 70 72 82 82 82 98 108 141 196 196 213 213 231 237 
52 153 153 
88 165 
205 
175 175 175 182 196 196 239 

4 14 138 138 
13 26 37 122 134 169 172 197 197 219 
18 18 18 18 137 
53 81 81 81 

13 13 33 122 
5 
134 
203 203 
7 179 
81 125 151 228 228 243 
195 245 245 
59 73 188 188 219 222 222 
119 
5 103 
152 152 180 
58 58 152 
84 
5 
14 18 
27 140 
35 81 
127 
121 121 
5 
93 
48 48 203 214 214 251 
44 
61 61 76 190 206 236 236 
18 60 60 206 
19 19 26 
18 18 90 137 137 242 

81 81 81 
84 
26 26 
5 5 
146 186 186 
26 26 122 122 249 
247 
26 
44 
156 
203 205 226 233 233 
60 
122 
86 89 93 93 
111 
137 137 
8 25 25 35 35 35 42 53 65 65 65 93 153 153 160 162 203 203 220 228 228 251 251 
26 26 26 231 
113 177 177 204 204 
17 49 66 109 183 189 
228 
7 7 78 203 
108 115 115 237 
28 165 203 
16 16 78 
63 206 
5 5 
104 203 
57 78 78 81 176 176 201 241 


200 200 
7 130 130 226 226 
20 20 26 209 
228 
127 127 198 198 
204 
5 142 254 
46 
92 129 

145 
24 
26 87 
84 127 127 255 
1 153 153 
79 154 

83 177 246 

87 87 
203 203 
136 
217 
45 152 152 
18 170 206 206 206 
55 55 
33 37 70 70 77 207 210 
5 5 
7 
7 7 42 

54 100 100 109 109 187 216 229 
228 
2 2 104 
97 97 
228 228 
222 222 
5 5 
33 39 
175 175 
117 
18 18 34 63 63 80 80 202 
14 14 32 32 208 

21 52 
26 
102 
149 149 165 165 
240 
18 18 106 
14 14 14 69 223 223 

153 
143 143 203 

42 153 228 
18 24 24 24 47 47 48 119 119 157 157 163 225 225 
1 1 21 25 25 27 27 81 81 110 110 148 151 179 
111 241 
205 205 206 206 
74 
152 152 163 
164 164 
5 5 5 
81 
5 5 
81 
152 157 
1 158 158 232 232 
28 88 143 143 
20 20 209 
173 
8 
33 
120 174 206 

33 
167 176 176 
170 206 
30 30 30 135 135 196 196 
93 93 173 173 224 224 
83 83 113 204 
5 5 
21 41 153 
47 

9 9 30 
84 
228 

18 18 69 69 
127 
44 44 
84 216 
60 236 236 
205 
23 23 206 206 
253 

22 43 204 245 245 
26 26 30 30 175 175 239 
33 33 
100 100 

96 96 
93 
137 
7 40 40 58 75 81 81 86 88 92 116 116 149 251 252 
22 22 83 83 101 177 195 245 
29 75 155 155 191 
18 18 60 61 90 120 120 120 155 155 170 174 192 192 250 250 
122 
14 138 
98 166 
122 

222 222 
26 26 
58 58 252 
228 228 228 
127 189 
118 233 

33 44 
81 

6 6 44 44 132 132 212 212 
24 146 146 
176 176 
152 152 
75 97 97 
5 5 
8 8 21 42 42 81 81 85 99 128 131 131 151 184 215 215 215 
127 240 

15 15 26 82 
164 164 
75 75 217 

5 
0 0 60 60 190 190 
26 87 
3 
30 196 
144 229 
93 154 
63 
42 

43 43 195 195 204 
113 
71 

70 
206 206 
58 81 81 203 
203 214 
193 
102 
109 
