Nodes: 256, Edges: 632
60 60 236 236 
105 153 153 158 164 164 
153 153 153 
81 153 
14 14 18 32 139 139 139 208 208 
12 12 26 38 42 42 46 50 50 50 81 94 94 94 98 98 102 102 102 103 103 108 108 114 114 114 117 117 123 123 133 133 136 142 142 143 143 178 181 196 196 203 203 207 221 221 227 234 235 238 238 243 244 254 254 254 
212 222 222 222 222 
41 41 74 74 86 97 124 130 130 203 218 226 
71 71 81 81 168 168 215 215 228 228 247 247 
182 
14 14 

5 5 
33 37 
4 4 10 10 32 32 32 47 51 138 139 146 152 152 152 180 208 208 
26 231 
78 89 89 93 93 
84 84 203 
4 51 51 51 60 60 60 90 152 152 186 186 186 192 192 206 

98 166 166 166 
52 52 65 65 65 140 153 184 184 184 228 228 
245 
192 
152 152 
81 153 
5 15 44 44 44 62 62 67 67 82 82 82 84 84 87 87 98 108 108 122 141 141 196 207 231 231 231 237 237 
153 
88 165 
205 205 205 
64 175 175 175 182 182 182 196 196 196 230 230 
152 152 152 157 
4 14 14 14 202 
13 37 37 44 44 46 73 73 77 77 77 77 134 150 172 219 219 219 

53 53 81 
203 
13 33 33 122 122 169 169 
5 42 42 
134 
187 203 203 
7 7 
5 5 38 38 81 125 125 162 
195 245 245 
26 26 26 33 33 59 59 59 172 172 188 222 
148 
5 33 
14 107 152 152 
58 152 
84 84 
5 5 5 123 159 159 159 216 216 
14 18 18 18 63 202 
21 21 
35 35 
127 216 
121 121 238 238 
227 227 227 
93 93 154 
48 104 104 203 203 245 245 252 
44 44 44 
0 0 18 18 18 76 76 120 152 174 174 174 236 
138 206 
26 26 
51 90 90 90 137 137 137 202 202 202 242 
30 
21 21 21 81 

26 26 108 
114 114 114 
223 223 223 223 
122 122 122 169 210 210 249 
8 8 228 228 228 247 

33 33 
7 7 203 203 
203 203 203 217 217 233 233 
60 60 191 223 223 223 223 236 236 
33 33 33 33 210 210 
16 93 95 95 95 95 
111 111 
137 137 
3 5 8 8 25 35 42 65 93 93 148 148 148 148 153 153 153 160 160 173 176 176 203 203 228 228 228 238 251 
26 26 26 
204 204 
17 17 26 26 49 49 100 127 127 183 189 189 194 194 
228 228 
7 203 203 203 218 218 218 
26 26 237 237 237 237 253 253 
28 165 203 
16 16 
18 63 63 63 206 206 242 
238 238 
203 
16 16 57 57 78 81 81 111 154 154 154 176 176 201 201 224 224 241 
5 5 5 112 243 243 
78 78 78 78 
127 127 144 229 229 229 229 
7 130 130 130 
5 5 20 26 122 166 209 209 209 213 213 237 237 
251 251 
84 109 109 194 

5 5 5 203 234 
5 5 
58 58 129 129 129 
1 
145 145 204 
47 119 152 152 
5 5 26 26 67 244 244 244 
100 100 127 198 
228 228 228 228 
79 79 93 
94 
145 145 177 177 
5 5 5 68 68 68 227 

203 203 
5 5 
188 
107 137 152 152 
60 170 206 
55 55 238 238 238 
26 37 37 70 70 70 98 123 123 210 
5 5 50 122 122 161 196 
7 
42 42 251 251 251 
203 251 251 
54 84 84 96 96 109 189 229 229 
228 
104 104 104 
7 7 97 97 97 
228 228 
222 222 
5 5 227 
33 39 227 227 

5 
63 63 63 80 80 119 202 202 
14 61 
4 4 4 14 
21 
26 26 
5 5 159 
5 5 149 149 151 151 151 151 165 165 203 203 
96 240 240 240 
106 106 113 113 204 
14 152 

45 81 81 81 81 153 
143 143 203 220 
33 
143 143 143 143 228 
14 14 14 18 18 24 24 31 31 31 47 47 48 60 107 107 119 119 146 157 157 163 163 223 223 
1 1 2 2 2 3 21 25 27 81 81 81 148 179 179 228 228 
57 93 93 93 176 241 241 
206 
199 199 199 203 203 203 
31 152 152 
1 164 164 
50 50 50 142 
81 81 
123 
42 
152 152 
1 1 158 158 232 232 
28 88 143 143 203 203 
20 20 20 98 209 209 
173 173 173 
8 8 
37 37 70 
120 174 206 206 206 206 206 
205 205 205 
33 44 44 
81 167 167 167 176 176 176 
60 60 60 170 206 206 
30 30 30 196 
81 81 93 93 154 173 173 173 
113 113 204 204 
5 248 248 
153 153 
14 
5 
9 30 30 30 196 196 
84 
21 21 21 

18 18 18 
40 
44 118 
84 84 127 196 196 196 196 
236 236 
76 205 205 
18 18 23 
237 253 253 
84 84 100 255 255 
43 204 245 245 
5 5 26 30 30 30 123 175 182 182 189 189 189 189 239 239 

109 
156 156 156 
229 
93 93 
32 51 63 63 63 137 137 
5 5 7 17 36 40 40 58 58 74 74 75 75 75 81 81 86 86 86 88 92 102 116 116 126 143 143 149 156 156 156 165 165 220 251 251 252 
83 83 106 145 177 177 195 245 245 245 
29 29 29 171 171 171 191 191 
18 61 90 90 120 155 170 170 170 170 170 174 174 250 
5 26 
4 4 14 14 
98 98 98 166 166 
70 70 77 77 122 

6 222 
98 98 

8 8 
50 50 54 
75 75 233 233 233 
7 86 86 86 
33 33 33 
149 203 251 251 
5 5 
6 6 6 6 44 132 132 212 
69 69 69 69 76 76 76 76 152 152 
93 93 

7 
5 56 56 56 114 133 134 134 
8 8 21 21 71 71 71 81 81 81 85 85 110 110 110 110 128 131 131 151 153 153 
96 96 96 96 127 127 200 240 240 
30 30 
15 26 26 26 
164 164 
75 75 217 217 217 
5 102 
5 
0 0 60 76 76 190 190 
26 26 87 87 87 87 98 98 193 253 253 
5 5 55 55 81 91 91 121 121 121 
196 196 
144 144 144 229 229 
93 154 154 
63 90 
5 94 94 
5 108 108 108 
22 43 43 58 58 195 195 204 204 204 

8 8 71 
178 178 
70 
206 
81 99 99 125 125 125 126 126 203 203 220 220 
58 203 
87 87 193 193 237 237 
5 5 5 
194 194 
