Nodes: 256, Edges: 632
60 236 
21 105 105 105 153 153 158 164 164 164 
153 153 
81 153 
14 18 32 139 208 208 208 
12 12 26 38 38 38 42 42 46 46 46 50 50 68 81 81 94 94 98 102 102 103 114 117 117 117 123 133 142 142 142 143 159 159 178 178 178 181 196 203 203 221 221 227 227 234 234 238 244 244 254 
212 222 222 
41 41 74 74 86 86 86 97 124 124 130 130 203 203 203 218 218 226 
71 71 81 168 168 168 215 215 228 228 228 
182 182 
51 
33 197 
5 5 227 
33 37 37 
4 18 32 47 47 47 51 51 51 139 139 146 152 152 163 163 180 208 208 208 
26 26 231 
78 89 93 93 
84 84 203 
4 14 51 60 60 137 192 206 206 

98 98 166 
1 52 52 65 65 65 65 140 153 153 184 
245 
192 192 
152 152 152 
81 81 81 148 148 148 148 
5 15 15 44 59 67 67 67 72 72 72 82 84 87 87 98 98 108 117 117 122 141 169 196 207 231 231 237 
153 153 
88 165 165 
205 205 
64 64 64 175 175 182 182 182 196 230 230 230 
152 152 152 157 157 
4 14 202 
11 13 37 44 44 73 77 150 150 172 197 211 219 222 222 
137 
53 81 

13 13 33 122 169 185 
5 5 5 42 
134 
187 187 203 203 
7 7 
5 5 38 81 125 243 243 243 
195 195 245 
26 33 33 150 150 172 172 172 188 222 
148 153 
5 5 5 77 
14 14 14 107 152 152 
152 152 
84 
5 5 123 123 159 159 159 159 216 216 216 216 216 
10 14 14 14 18 63 202 202 
21 21 
35 81 81 
127 127 
121 238 
227 
93 93 93 154 
104 203 245 
26 
0 18 18 76 76 152 152 152 174 174 206 206 206 236 236 
206 

51 90 90 137 137 137 202 242 242 
30 30 30 
21 21 21 21 81 81 81 

26 26 26 
5 114 114 114 
146 223 223 
122 169 249 
8 8 131 131 228 228 228 247 
26 26 26 
33 
7 7 156 156 203 
171 203 203 203 205 233 233 
60 60 191 191 191 191 191 223 223 236 236 
33 46 210 210 210 
16 89 89 93 95 95 95 95 
111 111 
137 
3 5 5 8 25 25 25 35 42 53 53 65 65 65 93 148 153 153 153 160 160 162 176 176 203 203 228 228 228 238 238 251 
26 
204 
17 17 26 49 100 100 100 109 109 127 127 183 183 189 194 194 194 194 194 
228 228 
7 7 7 203 218 218 218 
26 26 115 237 237 253 
28 165 203 203 
16 78 78 
63 63 206 206 242 
121 121 238 238 
203 203 
16 16 57 57 57 78 81 111 111 154 176 176 224 224 241 241 
5 5 112 
78 78 78 78 
127 144 144 229 229 229 229 240 240 
7 130 130 
5 20 20 26 26 122 166 209 209 213 237 
251 251 
84 84 84 109 109 183 198 
106 
5 5 203 234 234 
5 
58 129 
1 1 1 
101 145 204 204 204 
47 119 119 152 152 
26 244 244 244 
84 84 100 100 127 127 183 183 198 198 
228 228 228 228 
79 79 93 93 
94 
145 177 177 204 204 204 246 246 
5 68 68 68 227 227 227 
87 
203 
5 5 5 26 26 
188 188 188 
107 107 137 152 152 152 152 
206 206 206 
55 91 91 238 238 
26 37 70 98 123 123 123 210 
5 50 50 122 122 122 161 161 196 
7 7 
42 251 251 
251 251 251 
54 54 84 84 96 109 109 187 189 216 229 
228 228 
104 
7 7 97 97 
71 71 228 
222 
5 227 
39 227 227 
175 175 175 

18 34 63 63 63 80 119 202 202 

4 14 14 
21 
26 
5 5 5 
5 151 165 203 203 203 
96 96 240 240 
106 113 
14 69 

25 25 25 25 45 81 153 153 
203 203 220 
33 33 44 44 
143 153 
14 14 24 24 24 31 31 31 47 47 48 48 60 60 60 107 107 119 119 119 119 163 163 163 223 223 
1 1 2 2 3 21 21 27 27 45 81 81 81 148 148 151 179 179 228 228 
57 93 176 176 

74 74 199 203 203 
31 31 
1 164 164 
5 5 50 50 50 50 
81 81 
123 123 
81 238 
14 14 152 152 152 
1 1 1 158 158 232 232 232 232 
28 28 88 143 203 203 203 
20 98 209 
173 173 173 
8 8 8 
26 37 70 
174 174 206 206 
75 205 205 
33 44 44 44 
167 167 167 176 
60 60 170 170 
30 30 135 135 135 196 196 
81 81 93 93 154 154 173 
113 113 204 204 
5 5 5 248 248 
153 153 
14 
5 
9 9 30 30 30 196 196 196 
84 84 100 109 109 189 
21 
37 

40 40 127 
44 118 118 118 
84 127 183 196 196 196 
236 236 
76 76 76 76 76 
18 23 23 
253 
84 84 84 84 84 255 255 255 255 
43 43 204 245 245 
5 26 30 123 175 175 182 182 182 189 189 189 239 
11 33 
100 109 109 
156 
229 229 

32 51 51 63 137 137 
5 5 7 7 7 17 40 40 58 74 75 75 75 81 81 86 88 88 92 92 102 116 143 143 143 149 149 156 156 165 165 165 220 220 251 251 252 
83 106 106 106 113 113 113 177 177 195 245 
29 29 75 171 171 
18 18 60 60 60 61 90 90 120 120 120 170 170 250 250 
26 
4 4 4 14 14 14 
98 98 166 
77 77 77 122 
33 
6 222 222 
98 

8 8 
50 50 50 50 50 127 
233 233 
7 7 86 86 86 
33 
149 203 203 251 
5 5 
6 6 33 33 44 132 212 212 
69 69 76 76 152 152 
93 93 

7 
5 5 12 56 114 114 114 133 134 134 
8 8 8 71 71 71 81 81 81 85 85 110 110 110 110 128 128 131 153 153 
96 96 96 96 127 200 200 240 
30 30 30 
15 26 26 
164 164 164 164 
75 75 217 217 
5 5 102 102 

0 60 60 76 76 190 190 
26 87 87 98 253 
5 55 81 81 91 91 121 121 162 
196 
96 96 144 144 229 
93 93 
63 63 90 
42 42 42 
5 5 108 108 108 
22 43 58 195 195 204 
113 113 
71 
178 178 
70 
206 206 
81 99 99 125 125 126 126 126 203 203 220 
203 
87 193 237 
5 
194 194 194 194 
