Nodes: 256, Edges: 632
60 236 
21 21 105 105 153 153 158 164 164 
153 
81 153 238 
14 32 32 139 139 139 208 
12 12 26 26 38 38 38 42 46 68 81 81 94 94 94 98 102 103 103 108 114 114 114 114 114 117 117 123 123 133 136 136 136 142 142 143 143 159 178 196 203 221 227 227 234 234 235 235 235 238 238 243 244 254 254 
212 212 222 222 222 222 
41 41 74 86 86 97 97 124 130 130 203 203 203 226 
71 71 81 81 81 168 168 215 215 228 228 247 247 
182 182 
51 
197 
5 5 
33 
4 32 32 32 47 47 107 138 139 146 146 163 163 208 208 
26 231 
78 78 93 93 
66 84 
90 90 90 137 152 186 192 192 206 
62 
98 98 166 166 
1 1 45 45 52 52 52 65 65 65 65 140 140 140 140 153 184 184 228 232 

192 192 
152 152 225 
81 81 148 153 153 
5 5 15 33 33 59 67 72 72 72 82 87 87 87 108 117 117 117 122 141 169 231 231 237 
153 153 
88 88 165 
205 205 
64 175 175 182 182 182 196 196 230 230 
152 152 152 157 157 
4 4 14 14 14 
13 26 26 37 46 73 73 77 134 150 172 197 197 211 211 219 222 
137 
53 53 81 81 
203 203 
33 122 169 169 185 
5 5 5 42 
134 134 
187 187 187 203 203 
7 7 
5 38 81 81 125 162 243 
195 245 245 
59 150 150 150 172 172 188 188 222 
21 21 153 153 
5 33 
14 14 107 152 152 
58 152 
84 84 
108 123 123 123 159 159 159 216 216 216 
10 63 191 
21 21 21 
35 35 81 
127 127 
121 238 
94 
79 154 154 
48 104 245 245 252 252 
26 44 
0 120 152 152 152 174 174 236 236 236 
206 206 206 
19 
51 90 90 137 137 202 242 242 
30 
21 21 21 21 81 81 81 224 
17 
26 108 
5 114 114 
146 146 223 223 
122 122 210 210 
8 8 131 131 131 228 228 247 
26 26 26 
33 33 
7 203 203 
205 217 233 233 
191 191 191 191 223 223 223 223 236 236 
33 210 210 
16 16 89 89 93 93 93 95 
57 111 
137 
3 5 5 8 8 8 25 25 35 35 42 42 53 65 65 65 93 93 148 148 148 153 153 153 160 162 162 173 176 203 203 228 228 238 238 251 251 
26 
204 204 204 
17 49 49 100 100 109 127 183 189 189 189 194 194 194 

7 7 203 203 218 
26 26 26 115 115 237 237 237 253 
28 28 165 203 203 203 
78 78 
18 18 18 63 63 206 206 242 242 242 
121 238 238 
203 
16 16 78 78 78 81 81 154 154 154 176 176 176 201 224 224 241 
5 5 5 56 112 
78 
127 144 229 229 229 
7 7 130 130 
5 20 20 122 166 209 213 213 237 237 
251 
84 84 109 109 194 198 
106 
5 203 203 203 234 
5 5 
58 129 129 152 152 
1 1 
101 204 
14 47 119 
5 26 50 67 244 244 244 
84 100 100 127 127 183 183 198 198 198 
228 228 228 228 
79 
94 
145 177 204 246 246 
5 5 5 5 5 68 68 
87 87 
203 203 
5 5 26 26 26 
188 
107 137 152 152 152 
60 170 206 206 
55 91 238 238 
26 37 70 70 98 210 
5 5 50 50 50 161 161 161 196 196 
7 
42 251 
203 203 251 251 
54 54 84 96 109 109 187 189 189 189 216 216 229 229 
136 228 228 
104 104 
7 7 97 97 
71 71 71 228 228 
222 222 222 
5 227 227 
33 39 39 227 
175 175 
5 5 5 128 
18 34 63 63 80 119 202 
14 
4 4 4 14 
21 21 21 21 
26 
5 5 159 159 
5 5 149 151 151 151 165 165 203 203 
96 240 
113 204 
14 14 69 69 152 
171 
25 81 81 81 153 153 
143 203 
33 44 44 44 
143 143 143 153 153 228 228 
18 24 24 31 31 31 47 47 48 60 60 60 104 104 119 119 119 146 157 157 163 223 223 
1 1 2 3 21 25 25 27 27 45 45 81 81 81 148 148 151 151 179 179 228 
57 57 93 93 93 176 241 241 
206 206 
199 199 203 
31 31 152 152 
1 
5 50 50 50 142 142 
81 
123 123 123 
42 81 81 238 238 
14 14 152 
1 1 232 232 232 232 232 
28 88 143 143 203 203 
20 20 98 209 
173 173 
8 8 
26 37 37 
120 174 206 206 206 
147 205 205 
33 44 44 
81 167 167 176 176 176 
60 60 170 206 
30 30 135 135 196 
81 93 93 93 154 173 173 173 
113 
5 248 248 248 248 
153 153 


9 9 30 30 30 196 196 
84 109 109 
21 21 228 
37 
18 
40 40 40 127 
44 44 118 
84 84 84 127 127 127 196 196 196 
236 
51 76 76 76 76 205 205 
18 18 23 23 
237 253 253 253 
84 84 84 100 255 255 
43 204 204 245 245 
5 30 30 123 123 175 182 182 189 189 189 239 239 
11 33 33 
100 109 109 109 
156 156 
229 229 
93 
63 137 
5 7 7 7 36 36 40 40 74 74 81 81 86 86 88 88 88 92 102 102 102 116 116 126 126 143 143 149 156 165 165 251 
83 83 83 106 113 145 195 195 245 245 
29 29 75 171 171 191 191 
18 61 61 61 90 90 120 120 155 155 170 170 170 174 250 

4 14 14 
98 166 
70 70 77 77 122 
33 33 
6 6 
98 98 

8 8 
50 50 50 127 127 
75 233 233 
86 
33 
251 251 
5 
6 6 6 6 33 44 132 132 132 
69 69 76 76 76 76 152 152 
65 93 93 
24 
7 
5 5 133 133 134 
8 8 21 71 71 81 81 110 110 110 110 128 128 131 131 151 151 153 184 
96 96 96 127 127 200 200 240 
30 30 
15 26 26 
21 164 164 164 164 164 
75 75 217 217 
5 5 102 
5 5 5 
0 60 60 60 76 76 190 
26 87 87 87 98 98 193 253 
3 5 5 55 81 81 91 91 121 121 162 162 
196 196 
144 229 
93 154 154 
63 63 90 90 90 
5 42 
5 108 108 108 
43 43 58 58 195 195 204 204 
113 113 
8 8 71 
178 178 178 178 

206 
81 81 99 125 126 126 203 220 220 
58 58 
87 193 193 193 237 
5 5 
194 194 
