Nodes: 256, Edges: 632
60 60 236 236 236 
21 105 105 153 158 158 164 164 164 
153 153 
81 81 153 153 153 238 238 238 
14 14 18 32 139 208 208 208 
12 12 12 12 26 42 42 46 46 50 68 81 81 81 94 94 98 98 102 102 103 103 108 114 114 117 117 136 142 142 143 143 178 196 196 196 203 207 221 221 227 234 234 235 238 238 243 243 244 244 254 254 
212 222 222 
41 41 74 74 86 86 97 124 124 124 130 130 203 203 203 218 218 218 226 
71 71 81 81 81 168 215 228 228 

14 
33 33 33 
5 5 5 5 227 227 
33 33 37 37 
4 4 10 32 47 47 51 138 138 139 139 146 152 163 180 208 208 
231 
78 89 89 93 93 93 
66 84 84 
4 51 51 60 60 90 137 137 137 152 152 186 186 192 192 206 
62 
98 98 166 
1 52 65 140 140 153 184 184 184 228 228 228 
245 245 
192 
152 152 225 
81 81 81 148 
5 44 44 59 62 62 67 67 72 72 82 82 84 87 108 122 185 196 196 207 231 
153 153 153 
88 165 165 
205 
64 175 182 196 196 230 230 230 
152 152 
4 14 202 
11 11 11 13 13 44 46 73 77 77 150 172 172 172 197 211 211 219 222 
137 
53 53 81 81 
203 
13 13 122 
42 42 42 
134 
187 187 
7 7 
5 5 38 38 38 81 81 125 162 243 243 
195 245 245 
26 26 33 59 150 172 188 188 188 222 222 
148 
5 5 33 
14 14 107 152 152 
58 
84 84 
5 123 123 123 159 159 216 
14 18 18 191 202 202 
21 
35 35 81 81 81 
127 127 127 
121 121 238 238 238 

93 154 154 
48 203 203 203 214 214 245 245 252 252 
26 44 
0 0 18 18 76 120 152 152 174 174 174 174 206 206 206 
138 206 
19 26 26 
90 202 242 242 
30 
21 81 81 81 224 
17 
26 26 108 
5 114 114 114 
146 223 223 
122 122 169 210 210 
8 8 131 228 228 247 
26 26 
33 
7 7 156 156 203 
171 171 203 205 217 217 217 233 
60 191 191 191 223 223 223 223 236 
33 33 210 210 
16 89 89 93 93 95 95 

137 
3 3 5 5 5 8 8 8 25 25 25 35 35 42 42 53 53 53 65 65 65 93 93 93 148 148 148 148 153 153 153 160 160 162 173 173 173 176 176 203 203 228 228 228 238 238 
26 26 
204 
17 17 26 49 49 100 109 109 183 194 194 194 194 
228 228 
7 7 203 203 218 218 
26 237 237 237 253 
28 165 165 203 203 203 203 
16 16 78 78 
18 63 206 242 242 
121 121 238 238 
203 203 
16 16 16 57 78 78 81 81 81 111 111 154 154 176 201 224 241 
5 5 112 112 243 243 
78 78 
127 144 229 229 229 240 
7 
5 5 20 20 122 166 166 209 209 213 237 
251 251 
84 109 183 198 198 198 

5 5 203 234 234 
5 5 
129 152 
1 1 
145 145 204 204 
47 119 152 
5 26 67 244 244 
84 84 100 127 127 183 198 198 
228 228 
93 93 
94 94 
145 145 177 177 204 246 246 246 
5 5 68 68 68 227 

203 
5 5 
188 
107 137 152 152 
60 170 206 
55 55 91 91 238 
26 37 70 70 98 123 123 210 
50 50 50 122 122 161 161 196 196 
7 7 7 
42 251 
203 203 251 251 251 251 
54 54 54 96 109 109 187 187 189 216 229 

104 
7 7 
71 228 
222 222 222 
227 
39 227 227 227 227 227 

5 
18 18 18 34 80 119 202 
14 14 61 
4 14 14 
21 21 
178 
5 5 159 159 
5 5 149 151 151 151 165 165 203 203 203 
96 240 240 
106 106 113 113 204 204 
14 69 152 152 

25 45 81 81 81 81 153 
143 203 203 203 
33 44 
143 143 143 153 228 228 
14 18 18 24 24 31 31 47 47 60 60 104 107 119 119 146 146 157 163 163 163 223 
1 2 2 3 3 3 21 27 27 27 81 81 81 148 151 179 179 179 228 228 
57 57 93 93 241 241 
206 206 206 
74 74 199 199 203 
152 
1 1 164 164 
50 50 142 142 
81 81 251 251 251 
123 123 
42 81 238 238 
14 152 152 152 
1 1 1 158 158 
28 28 88 88 143 143 203 
20 98 98 

8 
70 
120 174 206 206 206 
75 75 205 
33 33 33 44 
81 81 81 176 176 
60 60 60 60 170 206 206 
30 196 196 
81 81 93 173 173 
113 113 204 204 
5 141 248 248 248 248 
153 153 153 
14 

30 196 196 
84 100 109 
21 21 21 
26 
18 18 
40 40 127 127 
44 44 44 118 
127 196 
236 236 
51 76 76 76 
18 18 23 
237 237 253 253 
84 84 84 84 255 255 
43 204 204 245 245 
5 5 5 26 26 30 30 123 123 175 175 182 182 189 239 
33 
100 100 100 109 109 
156 156 
229 229 
93 
32 51 51 63 137 
5 7 7 7 36 58 58 58 74 75 81 81 86 86 88 88 88 88 92 92 102 116 126 126 143 143 143 149 149 149 156 165 220 220 251 251 
83 106 106 113 145 145 177 177 195 195 245 245 
29 75 171 
18 60 60 60 61 90 120 155 155 155 170 170 170 174 174 
5 26 
4 4 4 14 14 
98 98 
70 70 77 77 122 
33 33 
6 222 
98 
58 58 
8 
50 127 
75 75 75 233 233 
7 7 7 86 86 
33 
203 203 251 251 
5 5 
6 6 33 44 44 132 132 132 212 
69 69 76 76 76 76 152 
65 93 
24 
7 
5 12 12 114 133 134 134 134 134 134 
8 8 21 21 21 71 71 81 81 81 85 85 110 110 131 151 151 153 153 
96 96 96 127 200 200 240 
30 30 30 
15 26 

75 217 217 
5 5 102 102 
5 
0 0 0 76 190 190 
87 87 87 98 193 193 253 
3 3 3 5 5 55 55 55 81 81 91 91 121 162 162 
196 
96 144 144 229 
93 154 154 
63 63 90 90 
5 5 42 42 94 94 
5 5 108 108 
22 22 43 43 58 58 195 195 204 204 
113 113 113 
71 
178 178 178 178 


99 99 125 126 126 126 126 160 160 160 203 203 220 220 
58 58 
87 193 193 237 
5 5 
194 194 
