Nodes: 256, Edges: 632
60 236 236 236 
21 21 105 158 164 164 164 
153 153 153 
81 153 153 153 153 153 
14 14 14 14 139 139 139 139 208 208 
12 12 12 12 12 26 38 42 42 46 46 50 50 68 68 81 81 94 98 102 103 114 114 114 114 117 117 123 123 133 136 136 142 142 142 143 143 178 196 203 221 221 221 227 234 238 238 244 244 254 254 
212 212 222 222 222 222 
41 86 86 97 97 124 130 130 130 203 203 218 226 
71 81 81 215 215 215 228 228 228 247 
182 
51 
33 33 197 
5 5 5 5 5 227 
37 37 
4 4 4 4 18 32 51 51 138 146 146 152 152 152 163 
26 26 231 231 231 
78 78 78 89 89 89 93 93 
84 84 84 84 84 
14 51 51 90 90 137 137 152 152 186 186 192 
62 
98 98 166 
1 1 45 52 52 52 65 65 140 140 140 153 153 153 184 184 228 228 
245 
192 192 192 
152 
81 81 148 148 148 148 
5 15 15 33 33 44 44 59 59 62 67 72 82 87 98 108 117 141 169 185 196 196 207 231 237 

88 165 165 
205 205 
64 175 175 175 182 182 196 230 230 
152 152 157 157 
14 
11 11 26 26 37 37 44 73 73 77 77 134 211 219 219 222 
137 
53 53 81 81 
203 
13 13 33 33 122 169 
5 42 42 

187 187 187 203 
7 
5 5 38 38 81 81 81 125 162 243 
195 245 245 
26 26 33 59 59 172 172 172 188 188 222 222 
21 148 153 
5 5 
152 

84 
5 5 108 112 123 123 123 159 159 159 216 216 
10 14 14 18 18 63 202 202 202 202 
21 21 21 
35 35 81 81 
127 
121 121 238 238 
227 
79 93 93 154 154 
104 203 203 214 214 245 245 245 
26 26 44 44 
0 76 120 152 152 174 174 174 206 206 
206 
19 26 
51 90 137 242 
30 
21 21 81 81 

26 
5 5 114 
146 146 223 223 
122 169 210 249 249 249 
8 131 228 228 247 
26 
33 33 
156 203 203 203 
203 203 203 205 205 217 217 233 233 
60 191 223 223 223 236 236 
33 33 134 210 210 
16 16 16 89 89 89 93 95 95 95 
57 111 
137 137 
3 5 5 8 8 25 25 35 35 42 42 42 53 53 65 65 93 93 148 148 148 148 148 153 153 153 160 173 176 176 203 203 228 228 228 238 238 251 
26 
113 113 204 
17 17 17 17 17 49 100 109 109 127 127 127 183 183 189 189 194 194 194 194 
228 228 
7 7 203 203 218 218 
26 115 237 237 
28 165 203 203 203 
16 16 16 78 78 78 
18 18 63 206 206 
121 238 238 238 
203 203 
16 16 57 57 78 81 81 111 154 154 154 176 201 201 201 224 241 
5 112 112 243 243 
78 78 78 
127 127 144 144 229 229 240 240 
7 7 130 130 
5 20 20 26 166 209 209 213 213 237 237 
251 
84 109 109 183 194 198 198 

5 203 203 234 
5 221 
58 129 129 129 
1 
145 204 
119 152 
26 50 244 
84 84 100 100 127 127 183 198 
228 228 
79 93 
50 94 94 
83 83 145 145 204 246 246 246 
5 5 5 5 68 227 227 227 
87 
203 
5 5 26 
188 188 
107 152 152 
60 170 170 
55 55 91 238 
37 70 123 123 123 123 210 
5 5 50 50 50 122 122 122 122 161 161 196 196 
7 
42 251 251 
251 251 251 251 
54 84 84 84 96 96 109 109 189 229 
228 
104 104 104 
7 7 7 97 97 
71 228 228 

5 
33 77 227 227 
175 175 175 
5 5 
18 18 34 63 80 80 
14 
4 4 4 4 
21 21 21 
26 
5 5 5 
5 5 149 151 151 165 165 203 203 203 217 
96 96 240 240 
106 113 113 204 
14 14 69 69 152 152 
171 
25 25 25 25 45 81 81 81 81 81 153 153 153 
143 203 

143 143 153 153 228 
14 14 14 18 18 24 31 31 47 60 60 107 119 119 146 146 157 163 223 223 
2 2 2 3 3 3 3 3 21 21 21 45 81 81 81 148 148 148 151 151 179 179 228 228 
57 57 93 93 93 241 241 241 
206 
74 199 199 203 203 
31 31 152 
1 164 
50 50 50 
81 251 251 
123 123 
42 238 238 
14 152 
1 1 1 158 
28 28 88 143 143 203 203 
20 98 209 
173 173 

26 37 70 
120 120 174 206 206 206 
147 205 205 
44 44 44 
81 167 167 176 176 176 
60 60 60 170 206 206 
30 30 30 135 135 135 196 196 
81 81 93 173 173 173 
204 
5 248 248 
153 153 


9 30 30 196 
84 84 100 109 
21 21 228 
26 
18 18 
40 40 40 
44 44 118 118 
84 84 127 196 196 196 

76 
18 23 23 23 
237 237 237 253 253 
84 84 84 84 100 255 255 
43 204 204 204 
5 26 26 30 123 123 175 175 182 189 189 189 239 239 239 
11 
100 100 109 
156 156 
229 229 
93 93 93 
51 51 51 51 
5 7 7 36 40 58 58 74 74 74 75 75 75 81 81 86 86 88 88 88 92 92 102 102 116 143 143 143 149 156 156 165 165 220 220 251 251 252 252 
83 106 113 145 177 195 195 195 245 
29 29 75 75 171 171 
60 60 61 90 90 155 170 170 170 174 174 250 
26 
4 4 
98 98 166 
70 77 77 122 
33 
6 6 222 
98 98 
58 58 
8 8 8 
50 50 
75 75 143 233 233 
7 86 86 
33 33 
203 203 251 251 
5 5 5 103 
6 6 6 6 33 44 44 212 
69 69 76 76 76 152 152 
93 

7 
5 12 56 114 114 114 134 134 
8 8 8 21 21 71 71 81 81 81 85 85 110 110 128 131 131 151 153 153 184 
96 96 127 200 200 240 
30 30 
15 15 15 26 

75 75 217 217 
5 102 

0 0 0 76 76 
26 87 87 98 98 193 193 193 253 
5 5 55 55 81 81 91 91 91 121 162 162 
196 196 196 
96 96 144 144 229 
93 154 154 154 
63 
42 94 94 
5 5 108 
22 43 43 58 58 58 204 
113 113 113 
8 71 
178 178 
70 70 70 
206 
81 99 125 125 126 126 126 126 160 160 203 203 220 220 
203 203 
193 193 237 
5 5 
194 194 
