Nodes: 256, Edges: 632
60 236 
105 105 105 153 153 158 158 158 164 
153 
81 153 153 153 238 238 
14 14 18 32 139 139 139 139 139 208 208 208 
12 12 12 26 38 42 42 46 50 50 81 81 94 94 102 103 103 114 114 114 117 123 123 123 133 133 136 142 142 143 143 143 159 178 203 221 221 227 227 235 238 238 238 244 254 254 254 
212 212 222 222 222 222 
74 74 86 86 97 97 124 124 130 130 203 226 
71 71 71 81 81 81 168 215 215 228 228 247 247 
182 182 
14 14 51 
33 
5 5 5 
33 33 37 
4 4 10 10 32 32 47 47 51 51 107 139 146 146 152 152 163 180 208 208 
26 231 231 
78 78 93 93 93 
84 
4 51 51 60 137 137 186 206 206 206 
62 
98 98 166 
52 52 65 140 140 140 153 153 153 184 184 184 228 228 
245 245 
192 192 
152 
81 81 148 148 148 
5 15 33 44 44 44 59 62 62 62 67 67 72 72 72 82 84 84 87 98 108 122 122 141 169 196 196 196 207 231 231 237 237 
153 153 153 
88 88 88 165 
205 
64 175 175 175 182 196 196 196 230 
152 152 157 
4 14 14 202 
11 13 13 26 44 73 172 172 172 211 211 219 
137 137 137 
53 53 53 81 81 
203 
13 122 169 169 185 
5 42 42 42 
134 134 134 
187 187 187 

5 5 38 38 38 81 81 125 125 243 243 
195 245 
26 26 26 33 59 150 150 150 188 188 222 222 
148 148 153 
5 
14 14 107 152 


5 5 112 123 123 123 159 216 216 
10 14 14 18 18 202 202 202 
21 21 
35 35 35 81 
127 127 
121 238 
94 227 
79 93 154 
104 104 203 214 214 245 245 245 252 252 252 
26 44 
0 18 76 120 152 152 174 174 174 206 206 206 236 236 
90 138 206 206 
19 26 26 26 
90 90 137 202 202 202 242 242 242 
30 
21 81 224 

26 26 
114 
146 
122 122 122 210 210 
8 8 8 131 131 228 228 228 247 247 
26 26 26 
33 
7 7 203 203 
171 171 203 203 205 217 217 217 233 
60 191 191 191 191 223 223 223 236 236 236 
134 210 210 210 
16 16 89 93 93 93 95 
57 111 
137 
3 5 5 8 8 8 25 25 35 35 42 42 53 65 93 93 93 148 148 148 148 153 153 153 173 176 176 203 203 228 228 228 238 238 238 251 251 
26 
113 204 204 
17 26 26 100 109 127 127 127 183 189 189 194 194 194 194 
228 
7 7 203 203 203 218 
26 237 237 237 237 253 
28 28 28 165 165 203 203 203 
78 
61 63 63 206 242 242 
121 238 
203 
16 16 16 57 78 78 78 81 81 81 111 154 176 176 176 201 224 241 
5 5 56 112 243 
78 
127 144 144 229 229 
7 7 130 130 
20 20 26 166 209 213 213 237 
251 
84 109 183 194 194 198 198 

5 203 203 203 234 
5 5 
58 58 129 
1 1 1 
145 204 
14 47 119 152 
26 244 
84 100 127 183 198 198 

79 93 
50 94 
83 145 145 177 204 
5 5 5 68 227 227 

203 
5 

107 152 152 152 
60 170 170 
55 91 238 238 
26 26 37 70 70 70 123 123 123 210 210 
5 5 5 50 50 50 122 122 122 161 161 196 196 
7 7 
42 42 251 
251 
54 54 84 84 84 96 109 187 187 189 189 189 216 216 229 229 

104 
7 7 97 97 
71 71 228 
222 222 222 
5 5 
39 39 39 77 227 227 
175 175 
5 
18 18 34 34 34 63 80 202 202 
61 
4 4 4 4 4 14 
21 21 21 
26 
5 5 159 
5 5 5 149 149 149 165 203 203 
96 96 240 240 
106 113 113 204 204 
14 14 69 152 

25 25 25 45 45 81 81 81 81 153 153 153 
143 143 143 203 
44 44 44 
153 153 228 228 
14 14 24 31 31 47 60 60 107 119 119 119 146 157 163 163 223 223 
1 1 2 3 3 3 21 21 21 27 27 27 45 81 81 81 148 148 148 151 151 179 179 179 228 228 228 
57 93 176 176 241 241 
206 206 
203 203 
31 152 
1 1 1 164 
5 50 142 
251 251 
123 123 
238 
14 152 152 
1 158 232 232 
28 88 88 143 203 
20 98 
173 173 
8 
26 37 37 
120 120 174 206 206 
75 75 205 
33 33 33 
81 167 167 176 176 
60 60 60 170 206 
30 30 30 135 135 196 
81 81 93 93 93 154 154 173 173 
113 204 204 
5 248 248 
153 153 153 
14 
203 
9 9 30 196 196 
84 100 109 
21 21 21 228 
37 
18 
40 40 40 127 127 
44 44 
84 84 127 127 127 196 
236 
76 76 76 76 
23 23 
237 237 253 253 
84 84 84 84 100 100 255 255 255 255 
43 204 204 204 245 245 
26 26 26 30 30 30 123 123 175 182 182 189 239 239 

100 100 109 109 

229 229 
93 
32 51 51 51 63 63 63 137 137 
5 7 36 58 74 74 75 75 81 81 86 86 86 88 88 88 92 102 102 102 116 143 143 149 156 156 165 181 220 220 220 251 251 251 252 
83 83 106 113 145 145 177 177 195 195 195 
29 75 171 
18 18 18 60 60 60 61 61 90 155 155 170 170 174 
26 
4 4 4 14 14 
98 
70 70 77 77 77 122 122 
33 33 
6 6 222 
98 98 
58 58 
8 8 
50 50 127 127 
75 75 75 233 233 
86 
33 
203 203 203 251 251 251 
5 5 
6 6 6 6 44 44 132 132 132 212 
76 76 76 152 152 
65 93 

7 
5 5 56 114 114 134 134 
8 8 21 21 71 71 71 81 81 81 85 131 151 151 153 153 153 184 
96 96 127 127 200 200 240 
30 
15 15 26 26 
164 164 
75 217 217 
102 
5 
0 60 60 76 76 76 190 
26 26 87 87 87 87 98 193 193 253 253 
3 3 5 5 5 55 81 81 81 91 121 121 162 
196 196 
144 144 229 
93 154 154 
63 63 63 90 90 
42 42 94 
5 108 
22 22 43 58 58 58 195 195 251 

8 8 71 71 
178 178 


81 81 99 125 126 160 160 203 203 203 220 220 220 245 
58 58 58 203 
87 193 193 237 237 
5 5 5 
194 194 194 194 
