Nodes: 256, Edges: 632
60 236 
21 105 105 158 158 164 
153 153 153 
81 81 153 153 238 
14 18 18 18 32 32 139 139 
12 12 26 38 38 42 42 46 46 50 68 68 94 94 94 98 98 108 114 114 114 117 123 123 133 133 136 136 142 159 178 178 203 207 221 221 227 234 234 235 238 238 243 243 244 244 254 254 
212 212 222 222 222 
41 74 74 86 86 97 97 97 124 130 130 203 203 218 218 
71 71 71 71 81 81 81 168 215 215 228 228 247 247 
182 182 182 

33 
5 5 227 
37 37 
4 18 18 32 32 47 47 51 107 138 139 146 146 152 152 152 163 163 163 180 208 208 
26 231 
78 78 78 89 89 93 93 
84 84 84 84 
4 4 4 14 14 51 60 60 90 90 90 137 152 152 186 186 192 192 206 206 206 
62 
98 98 166 166 166 
1 52 65 65 65 65 140 140 140 153 184 184 228 228 

192 192 
152 225 
81 148 148 153 153 
5 15 59 67 67 72 82 82 82 84 87 87 87 98 117 117 122 122 122 141 141 196 207 231 237 237 
153 153 
88 88 88 165 

64 175 182 182 196 196 196 196 230 230 230 
152 157 
4 4 14 14 202 
11 37 37 37 46 73 73 134 134 197 211 219 219 222 222 
137 137 
53 53 81 81 
203 
13 13 33 33 33 169 169 185 
5 5 42 
134 134 
187 187 187 203 
7 
5 5 38 81 81 243 243 
195 245 245 
59 59 150 172 172 188 188 222 222 
148 153 
5 5 33 
14 14 152 152 
58 
84 84 
5 123 123 123 159 159 159 159 216 216 216 216 
14 18 202 
21 
35 35 81 81 81 
127 
121 238 238 238 
227 227 
93 93 93 
48 203 245 245 
26 44 44 
0 18 18 120 152 152 152 174 206 206 236 
206 206 
19 
90 137 137 137 242 242 
30 
21 21 21 21 81 81 81 

26 26 
5 5 114 
146 146 223 223 
122 210 210 249 249 
8 8 8 8 131 228 247 247 
26 
33 33 
7 7 156 156 203 
171 205 217 233 
191 223 223 236 236 
210 210 210 210 
16 16 16 89 89 93 93 95 95 95 
111 111 
137 
3 3 8 8 8 25 35 35 42 42 53 53 53 65 65 65 93 93 148 148 148 148 153 153 153 160 160 162 162 173 173 173 176 176 203 228 228 228 238 238 251 251 
26 26 26 
113 113 204 204 
17 17 17 17 26 49 49 100 100 109 183 189 189 194 194 
228 228 
7 7 203 203 203 
26 26 26 115 115 237 237 253 253 
28 28 28 203 203 
16 16 78 78 
18 18 18 63 206 242 242 242 
121 238 238 238 
203 203 
16 16 57 57 57 78 78 81 81 111 111 154 154 171 201 201 224 241 241 
5 5 5 112 112 243 
78 78 78 
127 127 229 
7 7 7 130 130 
5 5 20 20 26 166 209 209 209 
251 251 
84 84 109 194 194 
106 


129 152 
1 1 
101 145 145 
14 119 152 
5 244 
84 100 127 183 198 198 198 
228 228 228 
79 79 93 93 
94 94 
83 83 145 145 145 177 177 204 204 204 246 246 
5 5 5 68 227 227 
87 87 
203 203 203 
5 26 26 
188 188 
107 137 152 152 152 152 
60 170 170 206 
55 91 238 238 
26 26 26 70 123 210 
5 5 50 50 50 122 161 161 161 
7 
251 251 251 251 
203 251 251 251 251 
54 96 96 109 189 189 216 229 229 
228 228 
104 
7 7 97 97 
71 228 228 
222 222 222 
5 5 227 
33 33 39 39 227 227 227 
175 175 
5 5 
18 34 34 63 63 63 80 119 202 
14 
4 4 14 
21 21 21 
26 26 178 
5 
151 151 151 203 203 203 
240 
106 106 113 113 113 
14 14 69 69 152 

25 25 45 81 81 81 81 153 153 153 
203 
44 
143 143 143 153 153 153 
14 14 14 18 18 24 31 47 47 60 60 60 104 107 119 119 119 119 146 157 157 157 163 223 223 223 
2 2 2 3 3 21 25 25 27 27 45 81 81 81 148 148 148 151 151 151 179 228 
93 93 241 
206 
74 74 199 199 203 203 
31 152 152 152 
1 1 164 164 
5 50 50 50 50 
81 81 251 
123 123 123 
81 81 238 238 
14 14 14 152 
1 158 158 232 
28 203 203 
20 20 20 98 209 
173 
8 
37 37 
120 120 206 206 
75 93 205 205 205 
44 44 
81 81 81 167 176 176 
60 206 206 
30 135 135 196 196 
81 81 173 173 
113 113 204 204 204 
5 5 141 248 248 
153 
14 
203 
9 9 9 30 30 196 
84 109 189 
21 21 
37 
18 18 
40 40 40 
44 44 118 118 
84 84 127 127 183 196 
236 236 
76 205 205 
18 18 23 23 
237 253 253 
84 84 100 100 255 255 
43 204 204 245 
26 30 30 30 30 175 175 182 189 239 239 
33 
109 109 109 
156 156 
229 229 
93 93 
32 51 137 
5 7 7 36 40 58 74 81 86 86 86 88 88 92 92 116 116 116 126 143 143 143 149 156 156 165 165 181 220 220 251 252 252 
83 83 113 113 113 177 177 177 195 195 
75 171 171 171 191 191 
18 18 18 60 60 61 61 90 120 155 170 170 174 174 250 250 250 
5 26 
14 14 
98 98 98 166 
70 70 77 77 77 77 122 
33 
6 6 222 222 


8 8 
50 50 50 50 127 
75 233 233 
7 7 
33 33 
203 203 251 
5 5 
6 6 6 33 33 44 44 132 132 132 212 212 
69 69 76 76 152 152 152 
93 
24 

5 12 56 56 114 114 133 134 134 134 
8 8 21 21 71 81 81 81 85 85 110 110 110 128 128 131 131 153 
96 127 127 200 200 240 
30 30 30 
15 26 
164 
75 217 217 
5 5 
5 
0 60 76 76 190 190 
26 26 87 87 193 253 
3 5 5 55 55 55 81 81 91 91 91 121 121 162 162 
196 196 
144 229 
93 93 154 
63 63 90 90 90 
5 5 42 42 94 
5 5 108 
43 43 58 58 195 
113 113 
8 8 71 71 
178 178 
70 70 
206 206 206 
81 81 99 99 125 125 125 125 126 126 126 126 160 203 220 
203 203 
87 87 193 193 237 
5 5 
194 194 
