Nodes: 256, Edges: 632
60 60 236 
21 153 153 158 164 164 164 
153 153 
81 153 238 
14 14 14 18 18 18 32 139 139 139 139 
12 12 12 26 26 38 38 38 46 50 50 50 81 81 81 94 98 98 98 102 103 108 114 117 123 133 136 142 143 159 178 178 178 181 196 203 203 207 221 221 221 227 234 235 235 235 238 243 244 244 254 254 254 
212 212 222 222 222 
41 41 86 86 97 97 124 124 130 203 203 218 218 
71 71 71 81 168 215 215 228 228 228 247 247 
182 182 
14 
33 33 
5 5 5 
33 37 37 
4 4 4 10 18 18 18 32 32 32 47 107 138 139 146 152 152 163 180 180 180 
26 231 
78 78 89 89 93 93 93 
66 84 203 
4 4 4 14 14 14 51 51 60 60 60 90 90 137 137 152 152 192 192 206 
62 62 
98 166 
1 52 52 140 153 184 228 228 228 
245 245 
192 
152 152 225 
81 81 148 148 153 
5 5 15 33 33 44 44 59 62 62 67 67 82 87 98 108 117 117 141 141 141 185 196 196 207 207 237 237 237 
153 
88 165 165 
205 205 
64 64 175 175 182 196 230 
152 152 157 
4 14 14 14 202 
11 11 13 26 26 37 44 73 73 77 150 150 172 172 197 211 219 219 219 222 
137 137 
53 53 81 81 
203 203 203 
13 13 33 122 122 122 169 
5 5 5 42 

187 187 203 
7 7 
38 81 81 81 125 125 243 243 
195 245 245 
26 26 33 59 59 59 150 172 188 222 
153 153 
5 77 
14 152 152 

84 84 
5 5 5 123 123 123 159 159 159 
18 18 191 202 202 202 
21 21 
35 35 81 
127 
121 121 238 238 
227 227 
93 93 93 154 154 
203 203 203 214 214 214 245 245 252 252 
26 44 44 44 
0 0 18 18 18 76 120 152 174 174 206 206 206 236 
90 138 
19 19 26 26 
90 137 137 137 202 202 242 242 
30 30 
81 81 81 
17 
26 26 
114 114 
146 146 223 223 223 223 
210 
8 8 8 228 247 

33 33 
156 203 203 
171 203 203 205 217 233 233 
60 191 191 191 191 223 223 223 236 236 236 
33 46 134 210 210 210 210 210 
16 16 89 93 93 93 95 95 95 
111 
137 137 
3 5 5 5 8 25 25 35 35 42 42 42 53 65 65 65 93 93 93 148 148 148 153 153 153 160 162 173 173 173 176 203 203 228 228 228 238 238 238 
26 
113 204 
17 49 49 100 127 183 183 189 194 194 
228 
7 7 203 203 218 
26 115 115 237 237 237 237 
28 203 203 
16 16 78 
18 18 61 63 206 242 
121 121 
203 
16 16 16 57 57 57 78 78 78 81 81 81 111 111 111 154 154 154 171 176 201 224 224 
5 112 112 243 243 
78 78 78 
127 127 127 144 229 229 240 240 
7 7 130 130 
5 5 5 20 26 122 166 209 209 209 213 237 237 
251 
84 109 183 194 198 198 198 
106 
5 203 203 234 
5 221 
129 129 152 

101 145 145 
14 152 152 
5 26 244 244 244 
100 183 
228 228 
79 93 93 93 
94 94 
83 145 145 177 177 177 204 204 246 
5 68 68 227 227 
87 87 
203 
5 26 26 

152 152 
60 170 170 170 206 206 
55 55 91 91 238 238 
37 37 37 98 123 123 123 210 
5 50 50 50 122 122 122 161 161 196 196 
7 7 
42 42 
203 203 251 251 251 
54 84 96 96 96 187 189 189 216 216 229 229 
228 
104 104 
7 97 97 
228 
222 222 
5 227 
77 227 227 227 
175 175 175 
5 
18 18 34 34 63 63 63 80 80 202 
14 61 
4 4 4 4 14 
21 
26 26 26 
5 159 159 
5 149 149 151 151 151 165 165 203 203 217 
96 
106 106 113 113 204 
14 69 69 152 
171 
25 25 81 81 81 
143 143 203 203 
33 33 44 
143 143 143 
14 14 18 18 24 24 31 31 47 47 60 104 107 107 119 119 146 157 163 163 163 
1 1 2 2 3 21 25 27 45 45 81 81 81 179 228 
57 57 93 93 93 241 241 
206 
74 199 203 203 203 
31 152 
1 164 164 
5 50 50 50 142 142 
81 
123 123 
81 238 
14 152 152 152 
1 1 1 158 158 232 232 232 
28 28 143 143 203 203 203 
20 98 209 
173 173 
8 
37 
120 120 120 174 174 206 206 
75 93 147 205 
33 33 44 
81 81 81 167 167 176 
60 60 170 170 206 
30 30 135 135 135 196 
81 93 173 
113 113 113 204 204 
5 5 5 248 248 248 
153 
14 14 14 
5 
9 9 30 196 196 
84 84 100 109 189 
21 
26 

40 40 127 
44 
84 127 127 183 196 

51 76 76 76 76 
18 18 23 
237 237 237 253 253 
84 84 100 255 255 255 
43 204 204 245 
5 26 26 30 123 123 175 182 182 189 239 239 
33 
100 100 100 
156 
229 229 
93 
32 51 51 51 63 63 137 
5 5 7 7 17 36 36 36 40 58 58 58 74 74 75 75 81 81 86 86 88 88 92 102 102 116 126 126 143 143 149 149 156 156 156 165 165 165 220 251 251 251 252 
83 113 113 145 177 177 195 195 245 
29 29 75 171 
18 60 60 60 90 120 120 155 170 170 174 250 250 
5 26 26 

98 98 98 166 
70 77 77 77 77 77 122 
33 
6 6 222 222 
98 
58 58 58 
8 8 
127 127 
75 143 233 
7 7 86 
33 33 33 
203 251 251 251 
5 5 5 103 
6 6 6 33 44 132 132 212 212 
69 69 69 69 76 76 76 
93 93 
24 

5 56 56 114 114 133 134 134 134 
8 8 8 21 21 21 71 81 81 81 85 110 110 128 131 153 
96 96 127 127 200 200 
30 
15 
164 164 164 
75 75 217 
5 102 
5 5 5 
0 60 76 76 76 
26 26 26 87 87 87 87 98 98 193 193 193 253 
3 5 55 55 81 81 81 121 121 162 
196 196 
96 96 
154 154 
63 63 90 
5 42 42 94 94 
5 5 108 108 108 
22 22 43 43 58 58 195 204 
113 
8 8 71 
178 178 178 

206 206 
99 126 126 126 203 203 203 220 220 220 
58 58 203 
193 193 237 
5 5 5 
194 194 194 
