Nodes: 256, Edges: 632
60 236 
21 21 21 105 153 153 153 158 158 164 164 
153 153 
153 238 
14 18 18 32 32 139 208 
12 26 38 46 46 68 68 81 81 94 94 98 98 102 108 114 114 117 123 133 133 133 136 142 142 143 159 159 178 196 221 221 221 234 234 238 238 244 254 254 
212 222 222 222 
74 74 74 86 86 97 97 124 130 130 130 203 203 218 
71 71 81 168 215 228 228 228 
182 182 
14 
33 
5 
33 37 
4 10 18 18 32 47 51 51 51 138 138 139 146 146 152 152 163 180 180 208 
231 
78 78 89 89 93 93 
66 84 84 84 203 
4 4 14 14 51 60 90 90 137 152 152 186 186 192 192 
62 62 
98 166 166 
1 1 1 52 52 65 140 140 153 153 153 184 228 228 232 
245 

152 152 152 
81 81 81 148 153 153 
5 33 33 44 44 44 62 62 67 72 72 82 82 87 98 98 108 117 122 141 141 185 196 196 207 231 231 
153 153 
88 88 165 165 
205 205 205 
64 64 175 182 182 196 196 196 196 230 
152 152 152 157 
4 4 14 
11 13 26 26 37 44 46 73 73 73 77 134 172 172 197 211 219 219 219 222 222 222 
137 137 137 
53 81 
203 203 
13 33 122 169 
5 42 
134 134 134 
187 187 203 203 

38 81 81 81 125 243 243 243 
195 195 245 245 245 
26 26 26 33 172 172 188 
148 153 153 153 
5 5 33 
14 107 
152 
84 
108 123 123 159 216 
14 14 14 18 63 191 202 202 
21 21 
35 
127 127 
121 121 238 238 238 
227 
93 93 
203 214 214 245 245 252 252 

0 18 76 76 152 152 206 206 206 236 
90 206 
19 19 26 26 
51 90 90 90 137 137 202 202 242 
30 30 
21 81 81 
17 
26 
5 5 114 114 114 
146 146 223 223 
210 210 249 249 
8 8 131 131 247 
26 26 
33 33 33 
7 7 7 156 156 156 203 203 
203 203 217 233 233 
60 60 191 223 223 223 223 223 236 236 236 
33 134 210 
16 16 89 93 93 93 95 95 95 
111 
137 137 
5 5 8 25 25 25 35 42 42 42 65 65 93 93 148 153 153 153 160 160 162 173 173 176 176 176 203 203 228 228 228 238 251 
26 26 
113 113 204 
17 17 17 49 100 100 109 127 127 183 189 189 194 194 194 194 
228 228 
7 7 203 203 218 
26 115 115 237 237 237 237 237 253 
28 28 165 203 203 203 203 
16 16 78 
18 18 61 63 63 63 206 206 
121 121 238 238 
203 203 203 
16 16 57 57 78 78 78 81 81 111 111 154 154 154 176 176 176 201 201 224 241 241 
5 5 112 243 243 243 
78 78 78 
127 127 144 144 229 229 229 229 229 240 240 
7 7 130 
5 5 20 26 26 166 209 209 213 
251 251 
84 84 109 109 109 183 194 194 198 198 
106 
5 203 203 234 234 

129 152 
1 
101 145 145 204 
47 119 152 152 
5 26 50 244 244 244 
84 100 100 100 127 183 183 183 198 
228 228 228 228 228 
79 93 93 
94 
83 83 145 145 177 204 204 204 246 246 
5 5 68 68 68 227 227 
87 87 
203 
5 26 

107 152 152 152 152 
206 206 206 
55 55 91 91 238 
26 37 123 123 
5 50 50 122 122 161 196 196 
7 
42 
251 251 
54 54 84 84 96 96 109 189 189 189 216 216 229 229 229 
136 228 
104 
7 7 7 97 
71 71 

5 5 5 227 227 
33 39 39 39 77 227 
175 
5 128 
18 34 34 34 63 63 80 80 202 202 
14 14 
4 14 
21 21 
26 26 
5 5 159 
5 149 165 203 203 
96 96 240 
106 106 113 113 204 
14 14 69 69 152 152 
171 
25 45 81 153 153 153 
143 203 

228 
14 14 18 18 24 24 24 31 31 31 48 60 60 104 107 107 119 119 119 119 146 146 157 157 157 163 163 163 223 223 223 
1 1 1 2 2 3 21 21 21 25 25 27 27 45 45 45 81 81 81 148 148 148 179 179 228 228 
93 93 93 176 176 241 
206 
74 74 74 199 203 203 
31 152 152 152 
1 1 164 164 
5 5 50 142 
81 81 251 251 
123 
81 238 
14 152 152 152 
1 1 158 158 232 232 
28 28 88 143 203 
20 20 98 209 
173 173 173 
8 
37 
174 174 206 
147 205 205 
33 33 44 44 
81 81 167 167 167 176 176 
170 170 
30 135 196 196 
81 81 81 93 93 93 154 154 173 173 
113 204 
5 248 248 248 248 
153 153 
14 14 

9 9 30 30 196 
84 100 109 109 109 189 
21 228 228 
26 
18 18 
40 40 
44 
84 84 127 127 127 183 196 196 196 
236 
51 76 205 205 205 
18 18 
237 237 
84 84 84 84 100 100 255 255 
43 43 204 245 245 
5 26 26 30 30 30 30 123 123 175 175 182 189 189 189 239 239 
33 
100 100 109 
156 
229 229 229 
93 93 
51 51 63 63 137 137 
7 7 17 36 36 40 40 58 74 74 75 75 81 81 86 86 88 88 88 88 92 92 92 102 102 116 143 143 149 156 156 165 220 220 251 251 
83 106 113 113 113 145 177 195 245 
29 29 29 171 171 191 191 191 
60 60 60 61 90 90 120 120 120 155 170 
26 
4 14 
98 98 166 
70 70 77 
33 
6 222 222 
98 
58 58 
8 
50 127 127 
75 233 233 
7 86 
33 33 33 
203 203 251 
5 5 5 
6 6 6 33 33 33 212 212 
69 69 76 76 76 76 76 152 152 152 
93 


56 114 114 133 133 134 
8 8 8 21 21 81 81 81 85 85 110 110 110 110 110 128 151 153 153 184 184 
96 96 96 96 96 127 127 127 200 200 200 240 
30 
15 26 26 
21 164 164 
75 75 217 217 
5 5 102 102 

0 60 76 76 76 190 
87 87 87 87 87 193 193 253 253 
3 5 5 55 55 55 81 91 91 121 162 
196 196 
96 96 144 229 
93 93 154 
63 
42 42 42 94 94 94 
5 108 108 108 
22 43 43 43 58 58 195 195 204 
113 113 
71 
178 178 178 178 
70 70 

81 99 99 126 126 160 160 203 203 220 
58 58 
87 237 237 
5 5 
194 194 
