Nodes: 256, Edges: 632
60 60 60 236 236 
21 105 153 158 158 158 164 164 
153 
81 81 153 238 
14 18 18 32 32 139 139 139 139 208 208 
12 12 12 12 26 26 42 42 46 46 50 50 50 68 68 68 94 94 98 114 114 114 117 117 123 123 133 136 142 159 178 178 178 181 196 221 221 227 235 243 243 244 244 254 254 254 
212 212 222 222 
41 41 74 74 86 86 86 124 124 130 203 226 
71 71 71 81 81 168 168 215 228 247 247 
182 
14 
33 33 33 
5 5 5 5 
33 33 37 37 
4 10 18 18 18 32 32 51 138 138 139 146 146 152 152 163 163 180 
231 231 231 
78 78 78 89 93 93 
66 84 203 
4 4 14 14 14 51 51 60 90 90 90 137 137 152 186 186 186 192 192 206 206 
62 
98 166 
1 45 52 52 65 65 65 140 140 140 140 153 153 184 184 184 184 228 228 228 
245 
192 192 
152 
81 81 81 148 148 148 148 153 
5 5 33 44 59 59 62 62 67 72 87 87 98 98 98 108 108 108 117 122 141 141 141 196 231 231 237 237 237 
153 153 153 
88 88 165 
205 205 205 
64 64 175 196 
152 152 152 
4 4 14 14 
11 11 11 13 13 26 37 73 77 77 77 77 134 172 172 197 211 219 219 219 222 222 222 
137 
53 53 53 81 81 
203 203 
13 13 33 122 122 169 185 
42 42 
134 134 
187 187 187 187 203 
7 7 
5 5 38 38 81 81 125 162 243 243 
195 195 245 245 
26 172 172 172 172 188 222 
21 148 148 
5 5 
107 152 152 152 
152 152 
84 
5 5 5 123 123 159 159 159 216 216 216 
14 18 18 63 202 202 202 
21 21 
35 35 35 81 
127 
238 
227 227 
93 93 154 154 
203 203 214 214 245 245 245 252 252 
26 26 
0 0 0 18 76 76 120 152 152 174 174 174 174 206 206 236 236 
206 206 206 
19 26 26 
51 90 137 202 202 242 
30 30 
21 21 21 81 81 81 
17 
26 
5 5 5 
146 223 223 223 223 
122 122 122 169 210 210 210 
8 8 8 228 228 247 247 
26 
33 
7 7 156 156 156 203 203 203 
171 205 217 233 
60 60 191 191 191 223 223 223 223 236 236 
33 33 33 33 210 
16 16 16 89 89 93 95 95 
111 111 
137 137 137 
3 3 8 8 25 25 25 35 35 42 42 53 65 65 65 148 148 148 153 153 153 160 162 162 173 173 176 203 203 228 228 228 238 238 251 251 251 

113 113 113 
17 49 100 100 100 109 127 183 183 189 194 194 
228 228 
7 7 7 203 203 218 218 
26 26 115 
28 28 165 165 203 203 203 
16 78 78 
18 18 18 63 154 206 206 242 
121 121 
203 
16 16 57 57 78 111 111 111 176 176 201 201 224 241 
5 5 112 112 112 243 
78 78 
127 144 144 229 229 
130 130 
5 20 26 26 26 209 213 213 213 237 237 
251 251 
84 84 84 109 109 194 198 198 198 

203 203 203 234 

129 129 152 
1 
145 204 204 204 
47 119 152 
26 26 26 244 
84 100 100 127 127 183 183 183 198 
228 
79 79 93 93 93 
94 94 94 
83 83 83 145 145 177 204 246 
5 5 5 227 227 
87 
203 203 
5 5 26 
188 188 188 
107 137 152 
60 206 206 206 
91 91 238 238 
26 37 37 70 70 70 123 123 
5 5 50 50 122 122 161 196 196 
7 7 
42 251 251 
203 251 251 
54 84 96 109 109 216 229 229 229 

104 104 
7 97 97 
228 228 
222 222 
5 227 
33 39 39 227 227 227 
175 175 
5 
18 18 34 63 80 80 80 119 202 202 202 
14 14 
4 4 4 4 14 
21 21 21 21 
26 26 26 
5 
149 149 151 165 165 203 203 203 
96 96 
106 113 113 204 
14 14 69 152 
171 
25 25 25 25 45 45 81 81 81 153 153 
143 143 

143 228 228 
14 14 18 24 31 31 31 47 47 47 48 48 60 60 104 107 119 146 163 223 223 
1 2 3 21 21 25 27 27 27 81 81 81 148 148 179 228 228 
57 57 90 176 241 241 

74 74 74 199 199 203 203 203 

1 1 1 
5 50 50 50 
81 251 251 251 
123 
42 81 81 238 238 
14 14 152 
1 1 232 232 
28 88 88 143 143 203 
20 209 
173 173 
8 8 
37 70 
174 174 206 
75 147 
33 33 44 44 44 44 
81 81 167 167 
60 60 60 60 170 170 206 206 
30 135 135 196 196 
81 93 93 154 
113 204 
5 5 5 248 
153 
14 
5 203 
9 
84 84 109 109 109 189 
21 21 21 21 228 
37 
18 18 18 
40 40 40 40 
44 118 118 118 
84 183 196 196 196 
236 236 
76 76 76 205 205 
18 18 23 23 
237 237 253 253 
84 84 100 255 255 
43 43 204 204 245 245 
5 26 30 123 123 175 175 189 189 189 239 
33 
100 100 100 109 
156 156 
229 229 229 
93 93 
51 51 51 63 63 137 137 137 
7 17 36 36 40 58 58 74 74 74 81 81 86 86 88 88 88 92 102 102 102 116 116 126 143 143 143 156 156 156 165 181 220 251 
106 106 106 113 145 177 195 195 
29 29 29 75 191 191 
18 18 60 60 61 61 61 90 90 120 120 120 170 174 174 250 

4 4 
98 166 
70 70 70 77 
33 
6 6 
98 98 98 
58 58 
8 
50 50 50 127 
75 233 233 
86 86 
33 33 33 
203 251 251 251 
5 5 
6 6 33 33 33 44 132 132 
69 69 69 69 76 76 76 76 152 152 
93 

7 
5 56 56 114 114 133 134 134 134 
8 21 21 21 71 71 81 81 81 85 85 110 131 131 151 151 153 153 184 
96 96 127 127 127 200 200 200 240 

15 15 15 26 26 
164 164 
75 217 217 
102 
5 
0 0 60 60 76 76 190 190 
26 26 26 98 98 193 193 
3 55 81 81 121 121 162 162 
196 
229 
93 154 154 
63 90 
5 5 42 42 94 
5 5 108 
22 43 43 58 58 58 195 195 
113 
8 8 71 71 
178 

206 
81 81 81 99 99 125 125 126 126 160 160 160 203 220 220 220 
58 58 
193 193 
5 5 5 
194 194 
