Nodes: 256, Edges: 632
60 60 60 236 236 
21 105 105 105 153 153 164 
153 
81 81 153 153 153 238 
32 139 139 208 208 208 
12 12 26 26 38 38 42 42 46 46 46 50 50 68 81 98 98 102 108 114 114 114 117 117 123 133 136 136 136 142 142 142 143 159 178 181 196 196 203 221 221 227 227 234 235 235 238 243 243 244 
212 212 222 222 222 
41 74 86 86 124 130 130 203 203 203 226 
71 71 81 168 168 168 215 228 228 247 
182 182 182 
14 
33 33 
5 5 
33 33 
10 18 32 32 47 47 146 152 152 163 180 208 
231 
78 78 89 93 93 
84 84 
14 51 60 60 137 137 152 186 192 

98 98 98 166 
1 45 45 52 52 65 65 65 140 153 153 184 184 184 184 228 228 
245 


81 81 81 148 148 148 153 153 
5 5 33 59 59 62 62 67 72 82 87 87 98 98 108 117 122 122 141 196 207 207 231 
153 153 
88 165 165 165 

64 64 175 182 182 196 196 196 196 196 230 230 230 
152 152 152 157 
4 14 14 202 
11 11 13 13 26 37 37 37 73 73 73 77 77 150 172 172 211 211 219 222 
137 137 
53 53 81 81 81 
203 203 
33 33 33 169 169 185 
5 5 42 
134 134 
187 203 
7 
5 5 38 81 81 81 243 243 243 
245 245 245 
150 172 188 
21 21 148 148 153 153 
5 5 5 
14 14 107 152 152 

84 84 
5 5 123 159 159 159 159 216 
18 63 191 202 202 202 202 
21 21 
35 35 81 
127 127 
121 238 238 238 
227 
93 
104 104 203 203 214 214 245 245 252 252 
26 26 
0 0 0 18 18 76 120 152 174 174 174 174 174 206 236 236 
90 206 206 
26 26 
51 137 137 202 202 202 242 242 
30 30 
21 21 21 81 81 81 

26 
5 114 114 
223 223 
122 122 169 210 249 249 
8 8 131 131 228 247 
26 
33 33 33 
7 156 156 156 203 203 
171 203 203 205 217 233 233 233 
60 191 223 223 236 236 236 236 
33 33 134 210 
16 16 89 89 93 93 95 95 95 
111 
137 137 
3 3 5 8 25 25 25 35 35 35 42 42 42 53 65 65 65 93 93 93 148 148 148 148 153 153 153 160 162 162 176 176 176 203 203 228 228 228 238 238 
26 
113 204 
17 17 49 49 100 109 109 127 127 183 189 189 194 194 194 

7 7 203 203 203 218 218 
26 26 115 237 237 237 237 253 
28 165 203 203 
16 78 78 
61 206 242 242 242 
121 121 238 238 

16 16 57 78 78 81 81 81 111 154 154 176 176 176 201 201 224 241 241 
112 112 112 243 243 
78 78 78 
127 144 229 229 
130 130 130 
5 5 20 20 20 26 26 166 209 213 213 237 237 237 
251 251 
84 109 109 109 183 194 194 198 198 

5 203 
221 
58 58 129 129 
1 1 1 
145 145 204 204 204 
47 119 152 
5 26 244 
84 84 100 100 100 127 183 183 198 198 
228 228 
79 93 
94 94 94 
83 145 177 177 204 204 246 
5 5 5 68 68 227 
87 
203 
5 5 26 
188 188 
107 152 152 152 
60 
55 91 91 238 238 238 
26 26 70 70 123 123 123 123 210 
5 50 122 122 122 122 161 161 196 
7 
251 251 
203 251 251 
54 54 84 84 96 109 187 189 189 189 229 229 229 
228 228 
104 104 
7 7 97 97 97 
71 71 
222 222 
5 227 227 
39 39 77 227 227 
175 175 
5 5 5 
18 18 34 34 63 63 80 80 202 

4 4 
21 
26 
5 5 5 
5 149 149 149 151 151 151 151 165 203 203 203 
96 240 240 
106 106 113 204 204 
14 152 152 
171 
25 25 25 45 45 81 81 81 81 153 153 
143 143 143 203 203 
33 44 
143 143 143 143 153 153 228 228 
14 14 18 31 31 31 47 47 60 107 119 119 119 146 146 157 157 163 163 223 
1 1 2 3 3 3 21 21 25 25 27 27 45 45 81 81 81 148 148 151 151 179 179 228 228 228 
93 93 176 176 241 
206 
74 74 74 199 199 203 203 
31 152 152 
164 
5 50 50 50 50 
81 251 
123 123 
81 81 238 
14 152 152 
1 158 
28 28 28 88 143 203 203 
20 98 209 
173 173 
8 8 8 
37 37 70 
206 206 
75 147 
33 33 44 
167 167 176 176 
60 60 60 60 60 206 206 
30 135 135 196 
81 81 81 93 93 93 154 154 173 173 
113 113 204 204 204 
5 248 248 
153 153 
14 
5 203 
9 9 9 30 30 196 
84 100 109 109 
21 21 21 21 228 228 
37 
18 
40 127 
44 118 118 
84 84 127 127 127 196 196 196 
236 236 236 
51 76 
18 
237 253 
84 84 84 100 100 255 255 255 
245 245 
5 5 26 30 30 30 30 30 123 175 182 189 189 189 239 

100 100 109 109 
156 156 
229 229 229 
93 93 
32 51 51 51 51 63 63 63 137 
5 7 7 7 36 36 40 58 58 74 74 75 75 81 81 86 86 86 88 88 102 116 126 143 143 143 149 149 156 156 165 165 181 220 220 220 251 252 252 
83 106 106 106 113 113 145 145 177 177 177 245 245 245 
75 
60 61 61 90 155 170 170 174 174 250 
26 26 
4 4 4 14 
98 166 
70 77 122 
33 33 
6 6 222 222 
98 98 
58 58 
8 
50 
75 233 
86 86 
33 
203 203 203 251 251 
5 5 103 
6 6 6 33 132 132 212 212 
69 69 76 76 152 
93 

7 
5 5 56 114 133 133 134 134 
8 8 21 21 71 81 81 81 110 110 128 128 151 151 153 153 153 184 184 
96 96 127 127 127 200 200 200 240 240 
30 30 30 
15 26 

75 75 75 217 
5 
5 5 
0 0 60 60 76 76 76 76 190 190 190 
87 87 87 87 98 98 98 193 253 253 
3 5 55 55 55 81 81 91 91 121 121 121 162 
196 
144 144 229 229 
93 93 154 
63 63 90 90 90 
5 5 42 42 42 94 94 
5 108 
22 43 43 43 58 58 195 195 204 204 204 
113 
8 71 
178 178 
70 70 
206 
99 99 125 125 126 126 160 203 220 220 
58 58 203 203 
87 193 237 237 

194 194 194 
