Nodes: 256, Edges: 632
60 236 236 
21 21 153 153 153 158 158 164 164 164 
153 
153 153 153 
14 14 18 32 139 139 139 139 208 
12 12 26 26 38 42 50 81 81 94 94 94 98 98 102 102 103 103 108 114 114 114 117 123 133 133 136 142 142 142 143 178 181 196 196 196 203 203 207 221 221 227 234 234 235 238 243 243 244 254 
212 222 222 
41 74 86 97 97 124 130 130 203 203 203 218 218 226 
71 81 81 168 168 228 228 

14 14 51 
33 197 
5 5 
33 33 37 
4 4 10 10 18 47 47 51 51 107 146 152 152 163 180 180 208 
26 231 231 
78 89 89 93 
66 84 84 84 
4 14 51 51 51 60 90 137 137 152 152 152 186 192 206 206 
62 62 
98 166 166 166 
1 1 52 52 52 65 65 65 140 140 140 153 153 153 184 228 228 
245 
192 192 
152 152 225 
81 81 148 153 
5 5 15 33 33 44 59 59 62 62 62 67 72 82 82 84 87 87 98 98 98 108 108 117 117 122 141 185 196 196 207 207 231 237 237 237 
153 153 
88 165 
205 
64 64 175 175 182 196 196 230 230 230 
152 152 157 157 
4 
11 13 13 26 26 37 37 44 77 150 197 197 211 219 222 
137 137 
53 53 53 81 81 81 
203 
13 33 33 169 169 
5 42 
134 
187 187 187 
7 
5 38 81 81 81 125 125 125 162 
195 195 195 245 245 
26 33 150 172 172 172 172 188 222 222 
153 153 

14 14 107 152 152 152 

84 
5 108 123 159 216 
10 14 14 18 18 18 63 202 202 202 
21 21 21 
35 35 35 81 81 
127 216 
121 121 238 238 
94 227 227 
79 93 93 93 
203 203 214 245 252 
26 26 
0 18 76 76 120 152 152 152 174 174 206 236 
206 
19 19 26 26 26 
51 90 202 202 202 242 242 
30 30 
21 21 21 81 81 81 224 
17 
26 
114 114 114 114 
146 146 146 223 223 
122 122 169 210 249 
8 131 228 247 
26 

7 156 156 156 203 203 203 
171 171 205 217 217 233 233 233 
60 60 191 191 191 223 223 223 223 236 236 236 
33 
16 89 89 93 93 93 95 95 95 
57 111 
137 
5 5 8 8 25 25 35 35 35 42 42 42 53 53 65 65 65 93 93 148 148 148 153 153 153 176 176 203 203 203 228 228 228 238 238 238 251 251 251 
26 26 
113 204 204 
17 17 17 26 49 100 109 127 183 183 189 194 194 
228 228 228 
7 203 218 
26 26 115 237 253 253 
28 203 203 203 
16 16 78 78 
18 63 206 206 242 242 
121 238 238 
203 203 
16 57 57 57 78 78 78 81 81 111 111 176 176 176 201 201 
5 5 5 56 112 112 243 
78 78 78 
127 127 144 229 229 240 240 
7 7 130 130 
5 5 20 26 26 26 122 209 209 213 213 237 237 237 
251 251 251 
84 183 194 198 

5 5 234 234 
5 5 


145 204 204 
14 47 152 
5 26 26 50 244 244 
84 183 183 
228 228 228 228 228 
79 93 93 
94 94 
83 145 145 177 177 204 204 204 246 246 
5 5 5 68 68 68 68 227 
87 
203 
5 26 26 
188 
137 152 152 152 
60 170 206 206 
55 55 91 
26 70 70 98 123 123 210 210 
5 50 122 122 161 161 196 
7 
42 42 42 251 
251 251 251 
54 84 96 96 187 216 229 229 
228 228 

7 7 97 97 
71 228 
222 222 
5 5 227 227 
39 227 227 
175 
5 
18 18 34 34 80 119 202 202 

4 4 4 4 
21 21 21 
26 
5 5 5 
5 149 149 151 151 151 165 165 203 203 203 
96 240 240 240 
106 113 113 204 
14 69 69 69 152 
171 
25 81 81 81 153 153 
143 143 203 203 203 
33 44 
143 143 143 153 153 228 
14 14 18 18 18 24 24 31 31 47 47 47 60 60 60 107 119 119 119 146 157 157 163 163 163 223 223 
1 1 1 2 3 3 3 21 21 21 25 27 27 45 45 81 81 81 148 148 151 151 179 179 179 228 228 228 
176 241 
206 
74 74 74 199 199 203 
31 31 152 152 
1 1 164 164 
50 
251 251 251 
123 123 
42 238 238 238 
14 152 152 152 
1 1 1 158 158 232 232 
28 143 143 203 
20 20 20 
173 173 
8 8 
37 37 70 
120 174 206 206 
75 75 147 205 205 
44 44 44 44 
167 167 176 176 176 
60 60 170 206 
30 30 135 196 196 
81 81 93 93 93 154 173 173 173 
113 113 204 
5 248 248 248 
153 153 153 
14 14 
5 
30 196 
84 84 100 109 109 
21 
26 
18 
40 40 40 127 
44 118 
84 196 196 
236 236 
76 76 76 
18 23 23 
237 237 253 
84 84 100 
43 43 43 245 245 
5 5 5 26 26 30 30 123 175 175 182 189 189 239 239 
11 33 33 
100 
156 156 
229 229 
93 93 
51 51 51 63 63 63 137 137 
5 5 7 7 7 36 58 58 74 74 74 81 81 81 86 88 88 88 92 92 116 143 143 143 149 149 149 156 165 220 251 251 252 252 
83 83 106 106 113 113 113 145 177 245 245 
29 75 171 171 
18 18 60 61 90 90 120 120 155 170 170 174 250 
5 26 26 
4 14 
98 98 
70 122 122 
33 
6 222 222 
98 98 
58 

50 54 127 
75 75 233 
7 7 86 
33 
203 251 
5 5 
6 6 33 44 44 132 132 212 212 
69 69 76 76 76 76 152 152 
65 
24 
7 
5 56 56 114 133 133 134 134 
8 8 21 21 71 81 81 81 85 85 85 110 110 110 110 110 128 128 131 151 153 153 153 
96 96 127 127 200 200 240 
30 30 30 
15 15 26 
164 164 
75 75 75 217 
5 5 102 102 
5 
0 0 60 76 76 76 190 190 
26 26 26 87 98 98 98 193 193 253 253 253 
5 55 55 81 81 81 91 91 162 162 162 
196 196 
96 96 144 144 144 229 
154 
63 63 90 90 
5 5 94 
5 108 108 
22 43 43 58 195 195 204 204 251 
113 113 
71 
178 178 178 
70 
206 
81 81 81 99 99 99 125 126 126 126 160 160 160 203 203 220 245 
58 203 203 
87 87 193 237 237 237 
5 

