Nodes: 256, Edges: 632
60 60 60 236 236 
21 105 153 153 158 164 164 164 
153 
81 81 153 153 153 238 238 
14 14 18 18 139 
12 12 12 26 38 42 42 46 46 46 50 50 68 68 81 81 94 94 98 98 103 103 114 114 117 117 117 123 133 133 136 136 142 142 143 159 178 178 196 196 203 203 221 227 227 234 238 238 238 243 244 254 254 
222 222 222 
74 74 97 124 124 130 203 203 203 218 218 226 
71 71 81 81 81 168 168 215 215 228 228 247 247 
182 182 
14 51 
33 33 197 
5 5 5 227 227 
33 37 37 
4 4 10 18 18 47 47 51 51 51 138 138 138 146 163 163 180 180 208 
26 26 231 
89 89 93 93 
66 84 84 84 84 
4 4 14 14 51 51 60 60 60 90 90 90 137 152 152 206 
62 62 
166 
1 45 52 65 65 65 140 140 140 153 153 153 184 184 228 228 228 
245 
192 

81 81 148 148 153 
5 15 15 33 44 44 59 62 62 67 72 87 98 98 108 117 117 122 122 141 141 141 169 185 231 231 231 237 237 
153 

205 205 
64 175 175 182 182 196 196 230 230 230 
152 152 152 

11 11 13 26 37 44 44 73 77 77 77 134 150 172 172 172 197 211 211 219 219 222 
137 
53 53 81 81 81 
203 203 203 
13 13 33 122 122 169 169 169 185 
5 
134 
187 187 187 203 203 

5 5 81 81 125 125 243 
195 195 
26 26 33 33 59 59 150 172 188 188 222 
21 148 148 153 153 153 
5 5 5 
14 14 107 152 152 
58 
84 84 84 
5 5 108 112 159 216 216 
10 14 14 14 18 18 191 202 202 
21 
35 35 81 
127 127 216 
238 238 
94 227 
79 93 93 93 
48 104 104 104 203 203 203 214 245 245 245 
26 44 44 
0 0 0 18 18 18 76 76 76 120 152 152 174 206 236 236 236 
206 
19 19 26 26 
137 137 202 202 242 
30 
21 21 21 81 
17 
26 108 
5 5 114 
146 223 223 
122 122 122 210 210 210 249 249 
8 8 131 131 228 247 
26 
33 
7 7 156 156 156 203 203 
171 203 205 217 233 
60 60 60 191 191 191 191 223 223 223 236 236 
33 33 33 134 
89 93 95 95 95 
57 111 
137 137 
3 3 5 5 8 8 8 25 25 35 35 35 42 42 53 65 93 93 148 148 148 153 153 153 160 160 173 176 176 176 203 203 203 228 228 228 238 238 238 251 251 

113 113 204 
17 17 17 17 49 49 49 100 109 183 189 194 194 194 

203 218 218 
26 115 115 237 237 237 237 253 
165 203 203 
16 16 78 
18 18 18 206 206 242 242 
121 238 238 238 

16 16 57 57 57 78 81 81 111 111 154 154 154 176 201 224 241 241 
5 5 56 112 112 
78 78 78 
127 144 144 229 229 229 229 240 
7 130 130 
5 5 26 26 122 166 209 209 213 213 
251 251 
84 109 194 198 
106 
203 
5 5 221 
58 58 58 129 129 
1 
101 204 204 
47 119 152 
26 50 67 244 244 244 244 
84 100 127 183 183 198 
228 228 228 228 228 
79 93 93 
50 94 94 
83 83 145 145 177 204 246 
5 5 68 227 
87 87 
203 
5 5 5 26 26 
188 188 
107 152 152 
60 170 206 206 
91 238 
26 26 37 37 70 70 70 98 123 123 123 123 210 
5 122 122 122 122 161 196 196 
7 7 
42 42 251 251 
251 251 
54 54 96 109 187 187 189 189 216 229 
228 228 
104 104 
7 97 97 
71 71 
222 222 
5 5 227 227 
33 39 77 227 227 227 
175 175 
5 5 
18 34 63 63 80 80 202 202 
14 14 14 
4 
21 21 21 
26 26 26 178 
5 5 159 159 
5 149 151 151 151 165 165 203 203 217 
96 96 240 240 
113 113 
14 69 152 

25 25 45 45 81 81 81 153 153 153 
143 203 203 203 220 
33 44 
143 143 143 153 228 228 
18 18 31 31 31 47 47 60 60 107 119 119 146 157 
1 1 2 3 3 3 21 21 21 25 27 45 45 45 81 81 81 148 148 148 151 179 179 228 228 228 
93 93 93 176 241 
206 
74 74 74 199 199 203 
152 
1 164 
5 50 142 142 
81 81 251 251 
123 
238 238 
14 14 
1 1 1 158 232 232 
88 143 143 203 
20 98 209 209 
173 
8 8 
26 37 37 37 
120 206 206 
75 
33 33 33 44 
81 167 176 
60 
30 30 135 135 196 196 
81 81 81 93 154 173 
113 204 204 
5 5 141 248 248 248 
153 153 
14 14 
203 
9 9 30 30 196 
84 109 109 
21 21 
26 37 

40 40 40 127 127 
44 44 118 118 
84 127 127 196 196 196 196 
236 
51 76 76 76 76 
23 
237 237 253 253 
84 84 84 100 255 255 255 
43 43 245 
5 5 30 30 123 123 175 175 182 189 189 189 189 239 239 
11 33 
100 109 
156 156 
229 
93 
51 51 63 63 137 137 
5 5 7 7 7 36 36 36 40 40 58 58 58 74 74 75 81 81 81 86 88 88 102 116 143 143 149 149 149 156 165 181 220 251 251 252 252 
83 106 106 113 177 177 
29 29 75 
18 60 61 90 90 120 120 155 170 170 250 250 

14 
98 98 166 166 
70 70 70 122 
33 33 
222 222 
98 98 
58 
8 8 
50 50 54 127 
75 143 233 233 
7 7 86 86 
33 33 
149 203 251 
5 103 
6 6 6 33 44 132 132 212 212 
69 69 76 76 76 
93 

7 
5 5 12 12 56 114 133 133 134 134 134 
8 8 21 21 21 71 81 81 81 110 110 110 110 110 128 128 151 151 153 153 153 
96 96 96 96 127 200 240 240 
30 30 30 
15 26 26 26 
164 164 
75 217 217 
5 

0 0 60 60 60 76 76 190 
26 26 87 87 87 87 193 193 
3 3 5 5 5 55 55 81 81 81 91 91 91 121 162 162 
196 196 
96 144 144 229 229 
93 93 154 
63 90 90 
5 42 
5 108 108 108 108 
22 58 58 58 195 
113 
8 8 71 
178 178 178 
70 70 
206 206 
81 81 99 99 125 125 126 126 160 160 203 203 220 
203 203 
87 193 193 
5 5 
194 194 194 
