Nodes: 256, Edges: 632
236 236 
21 21 105 153 153 158 158 
153 153 
81 153 153 153 238 
14 14 18 18 18 32 139 139 139 139 208 208 
12 12 12 26 26 26 38 42 42 46 46 46 50 50 68 81 81 81 94 98 98 102 102 103 108 108 117 123 123 133 136 136 142 143 159 178 178 196 196 196 203 203 207 221 221 221 227 227 234 234 235 235 235 238 243 243 244 
222 222 
41 41 74 86 86 97 124 124 130 130 203 218 218 
71 71 71 81 81 81 168 215 228 228 228 247 
182 182 182 
14 14 

5 5 5 227 
37 37 
4 4 10 10 18 18 32 47 107 138 139 146 146 152 152 163 180 180 208 208 
26 26 231 231 231 
78 89 93 
66 84 84 84 203 
4 4 4 14 14 60 60 90 137 152 152 192 192 
62 
98 98 98 166 166 166 
1 1 45 52 52 65 65 140 153 153 153 184 184 184 184 228 228 
245 
192 192 

81 81 148 148 148 153 
5 5 5 15 15 33 59 59 59 62 67 67 72 72 82 87 98 98 108 122 141 141 196 196 196 207 207 
153 153 
88 165 
205 
64 64 175 182 182 196 196 230 
152 152 152 152 
4 14 202 
26 37 37 44 46 73 73 73 77 77 150 150 172 172 197 211 211 219 219 222 222 

53 81 
203 203 
13 13 33 33 122 122 122 185 
5 42 42 
134 
187 187 203 203 
7 7 
5 5 38 38 81 81 125 125 162 243 243 
195 245 245 
33 59 59 150 172 172 188 
21 148 148 148 153 153 153 
5 5 5 33 77 
14 107 152 

84 84 84 
5 5 123 123 159 159 159 216 
202 
21 21 
35 81 
127 
121 121 238 
227 
154 
203 214 214 214 245 
26 26 26 44 44 
18 18 76 120 152 152 174 174 174 206 236 
90 138 206 206 
19 26 
90 90 90 137 137 202 
30 30 
21 21 81 81 81 224 
17 
26 26 108 
5 114 114 
146 223 223 
122 169 210 
8 8 8 131 228 228 
26 26 
33 33 33 
7 156 156 203 
171 203 205 205 217 217 233 
60 191 191 223 223 223 236 236 236 236 
33 33 46 210 210 210 210 
16 89 89 93 93 95 95 95 
111 111 
137 
3 5 5 5 8 8 8 25 25 35 42 42 53 65 65 65 93 93 148 148 148 148 153 153 153 160 160 160 162 162 173 176 176 176 203 203 203 228 228 228 238 238 238 251 251 
26 
113 113 204 204 
17 17 17 49 49 49 100 109 109 127 183 189 189 194 194 194 

7 7 203 203 218 
26 115 115 237 237 253 
28 165 203 203 203 
16 78 78 
18 61 63 63 63 242 
121 121 121 238 238 
203 203 
16 78 78 81 81 111 154 154 176 201 224 241 
5 112 243 
78 78 78 
127 127 127 144 229 229 229 240 240 
7 130 
5 5 20 20 20 26 26 122 166 209 213 213 237 
251 251 
84 109 109 109 194 198 

5 5 203 203 203 234 234 234 
5 221 
129 
1 
145 204 204 
14 47 119 119 152 
5 5 26 67 244 
84 84 100 100 100 127 127 183 198 
228 228 228 228 
79 79 93 
94 
83 83 145 145 145 177 177 204 246 
68 68 227 
87 87 
203 203 203 
5 
188 
107 107 137 152 152 
60 170 170 
55 55 91 91 91 238 
26 37 37 37 70 98 123 123 210 
5 5 50 50 122 122 161 161 196 
7 7 
42 42 251 251 251 
203 203 251 251 251 
54 84 96 96 96 109 109 189 229 229 
228 228 228 
104 
7 7 97 
71 228 228 
222 222 
5 227 
39 227 227 
175 175 
5 5 
18 63 63 80 119 
14 61 
4 4 4 4 14 
21 
26 26 
5 159 
5 149 165 165 203 203 
96 240 
106 113 113 113 
14 14 69 152 152 
171 
25 25 25 45 45 45 81 81 81 81 153 153 
143 203 
33 33 44 
153 153 153 228 
14 14 18 18 31 31 31 31 47 60 60 107 119 119 146 146 157 157 163 163 223 
1 1 2 2 3 3 3 21 21 21 25 27 27 45 45 45 81 81 81 148 148 151 151 151 179 179 228 228 
57 93 93 176 176 241 241 
206 
74 74 203 203 
152 152 
1 1 164 164 
5 50 50 50 142 
81 81 81 
123 123 
42 81 81 238 
14 152 152 
158 158 232 232 
28 88 143 143 203 
20 20 20 98 209 
173 173 173 
8 
70 
120 120 174 174 206 
75 147 
33 33 44 44 
81 167 167 167 
60 60 60 170 170 
30 135 135 196 196 
81 81 81 93 154 154 
113 113 204 204 
5 5 248 248 248 248 
153 153 
14 14 

9 9 9 30 30 196 196 
84 109 189 
21 21 21 21 
37 

40 40 
44 118 
84 84 127 183 196 196 196 
236 
76 76 
18 18 23 23 
237 253 
84 84 84 100 255 255 255 
43 204 245 
5 5 5 26 26 26 30 30 123 175 175 182 182 189 189 189 239 239 
33 
100 109 

229 229 
93 
32 51 63 
5 5 7 17 36 36 40 40 58 74 75 81 81 81 86 86 88 88 88 92 92 102 102 102 116 116 116 126 126 143 143 149 156 156 165 251 252 
83 83 106 106 113 177 177 195 245 245 245 
29 75 75 
60 61 61 155 170 250 250 
5 26 26 
4 4 14 14 
98 166 
70 77 77 77 77 122 
33 33 
222 222 
98 98 
58 58 58 
8 
50 
75 75 233 233 233 
7 7 86 
33 33 
251 251 
5 5 5 103 
6 6 33 33 132 132 212 212 
69 69 76 76 76 152 
65 93 


5 5 12 56 114 133 134 134 
8 8 8 21 21 71 71 81 81 81 110 110 110 110 128 128 128 131 131 151 153 153 
96 96 96 127 127 200 200 240 240 
30 
15 15 15 
164 164 
75 217 217 217 
5 5 102 102 102 
5 5 5 
0 0 60 76 76 76 76 190 
87 87 98 193 253 
3 5 55 81 81 81 91 91 121 162 
196 196 
96 96 144 229 229 
93 154 154 
90 
5 5 42 42 94 
5 108 
22 43 43 58 195 204 204 204 
113 
8 
178 178 178 178 

206 206 
81 81 99 99 125 125 125 126 126 126 203 220 220 
203 
87 193 237 

194 194 194 
