Nodes: 256, Edges: 632
60 236 236 
21 105 153 158 158 164 
153 153 
81 153 238 
14 14 14 18 32 139 139 139 208 208 208 
12 12 12 26 26 38 38 38 42 42 46 50 50 68 68 94 94 98 98 102 102 103 114 114 114 117 117 123 123 123 133 136 136 136 142 142 143 178 178 203 207 221 221 227 234 235 235 238 243 243 244 244 254 254 
212 212 222 222 
41 74 74 86 86 97 97 124 130 130 203 203 226 
71 71 81 81 81 168 168 215 215 215 228 228 247 
182 
14 14 
33 
5 5 5 227 227 
33 33 37 37 
4 4 4 10 10 18 32 32 47 51 51 51 138 138 139 139 146 163 163 208 208 
26 231 231 
78 78 89 89 93 93 93 
66 84 84 84 203 
4 14 51 60 90 90 137 152 186 186 186 192 192 206 
62 
98 166 166 
1 45 52 52 140 140 140 153 153 184 184 184 184 228 228 228 
245 245 
192 192 
225 
81 148 148 153 
5 5 15 59 62 62 67 67 72 82 82 87 98 108 108 117 117 117 141 169 207 231 237 237 237 
153 153 
88 88 165 165 
205 
64 64 175 196 196 230 
152 152 152 157 
4 14 14 202 
11 13 13 37 37 44 46 73 73 77 134 150 172 197 211 211 219 222 222 
137 
53 81 81 
203 
13 13 33 33 122 169 185 
5 5 5 42 42 42 
134 134 134 
187 187 
7 
5 5 38 38 38 81 125 162 243 243 
195 195 195 245 245 
33 59 59 150 172 222 
21 148 153 
5 33 
14 152 152 
58 58 
84 
5 5 123 159 216 
14 14 14 18 202 
21 21 
35 81 81 
127 127 
121 121 238 238 
94 
79 93 
48 48 203 203 214 245 252 252 
26 44 44 
0 18 76 76 174 174 174 174 206 206 236 236 
206 206 
19 26 26 
90 137 242 242 
30 30 
81 81 81 
17 
26 26 108 
5 5 114 114 114 114 
146 223 223 223 
122 122 122 249 
8 8 131 228 228 247 
26 
33 33 
7 7 156 203 203 203 
171 171 205 205 205 217 233 233 233 
60 60 191 191 223 223 223 223 223 236 236 
33 210 
16 16 93 93 95 95 
57 111 111 

3 8 8 8 25 35 35 42 53 53 65 65 65 93 93 148 148 148 153 153 153 160 162 173 173 176 176 203 203 228 228 228 238 251 
26 26 
113 113 204 
17 17 17 49 100 109 127 189 189 194 194 
228 
7 7 203 
26 115 237 237 
28 28 203 203 203 
16 16 
18 18 63 206 242 
121 121 121 238 
203 203 
16 16 16 57 78 78 81 81 111 111 154 154 154 176 201 201 224 224 241 
5 5 56 112 112 112 243 
78 78 
127 127 144 229 229 240 240 
7 7 130 130 
5 5 20 26 166 166 209 213 213 213 237 
251 
84 183 194 194 198 
106 
5 5 203 203 
5 221 
152 
1 
101 145 145 204 
119 152 
26 26 67 244 
84 127 183 183 198 198 198 
228 228 228 228 
79 79 93 93 
94 94 94 
83 83 145 177 177 204 246 246 
5 5 5 68 68 68 68 
87 
203 203 
5 5 26 26 26 
188 
107 152 152 
170 170 206 
55 55 91 91 91 238 238 238 
37 70 70 70 123 123 123 
5 5 5 50 122 122 122 161 196 196 
7 
42 251 251 251 251 
251 251 
54 54 84 96 96 109 187 189 189 216 216 216 229 229 229 
228 

7 7 97 97 
71 228 228 
222 
5 227 227 227 
33 39 39 39 227 227 
175 
5 5 5 
18 34 63 
14 14 
4 4 4 14 14 
21 21 21 
26 
5 5 159 
5 149 151 151 151 151 165 165 203 203 203 
96 240 240 
106 106 113 204 
14 69 152 152 
171 
25 25 45 81 81 81 153 153 153 
143 220 
33 44 
143 143 143 143 153 153 228 
18 31 31 31 47 47 104 107 119 119 146 146 157 157 163 163 163 223 223 223 
1 2 2 3 21 21 25 27 27 45 81 81 81 148 148 148 151 151 179 179 228 228 228 
93 93 93 176 176 241 
206 206 206 
74 199 203 203 203 
31 152 152 
1 1 164 164 164 
50 142 
81 251 251 
123 
42 81 238 238 
14 14 152 152 152 
1 158 158 158 232 232 232 232 
28 28 143 143 203 203 203 
20 20 98 98 209 209 
173 173 173 
8 8 
26 37 
120 120 206 
75 75 147 205 
33 44 
81 81 167 167 167 176 176 
60 60 60 60 206 206 
30 135 196 
81 81 93 154 154 173 173 
113 113 204 204 204 
5 5 248 248 248 
153 153 

203 
9 196 
100 109 109 189 
21 21 21 21 
37 
18 18 18 
40 40 127 
118 
84 84 127 127 183 196 196 196 
236 
76 76 
18 18 23 23 
237 237 253 
84 84 100 100 255 255 255 255 
43 43 43 204 245 
30 30 123 123 175 182 189 189 189 239 239 
33 
100 109 109 109 
156 
229 229 
93 93 
32 51 
5 7 7 17 36 58 58 74 74 74 81 81 86 88 88 88 92 92 102 102 116 116 143 143 143 156 156 156 165 165 165 181 214 220 251 251 
83 106 113 145 177 177 177 195 245 
29 75 75 75 171 
18 60 60 61 61 90 120 155 155 155 170 174 174 
5 26 
4 4 4 14 14 
98 166 166 
77 
33 33 
6 6 222 
98 98 98 
58 203 
8 8 8 
50 127 127 127 
75 

33 
149 203 251 
5 5 103 
6 6 33 33 44 132 212 
69 69 69 76 76 76 76 76 152 152 152 
93 93 
24 
7 
5 12 12 133 133 133 134 134 
8 8 21 21 21 71 71 81 81 81 85 110 110 110 110 128 131 131 151 153 153 153 
96 96 127 127 127 200 200 240 240 
30 
15 15 26 
164 164 164 164 
75 75 75 
5 
5 5 
0 0 60 60 76 76 190 
26 26 26 87 87 98 193 193 253 253 
3 5 55 55 81 91 121 121 121 162 162 
196 196 
96 96 144 144 229 229 
93 154 
63 63 90 
5 5 42 42 94 
5 5 108 
22 22 43 43 58 195 204 
113 113 
8 71 
178 178 178 
70 

81 99 125 125 125 125 126 126 160 160 203 203 220 
58 58 
193 237 237 
5 5 
194 194 194 194 
