Nodes: 256, Edges: 632
60 236 
21 105 105 153 153 158 164 164 164 
153 153 
81 81 153 153 153 238 
14 32 32 32 139 139 
12 12 12 26 26 38 38 42 46 46 46 50 50 81 94 98 98 103 114 114 114 117 117 123 123 136 136 142 143 143 143 159 159 178 178 181 196 196 196 203 203 207 227 227 227 234 234 234 235 235 235 244 254 254 254 
222 222 222 
41 41 74 86 86 97 97 124 124 130 203 203 218 218 226 
71 71 81 81 81 168 168 215 228 228 228 247 
182 

33 33 
5 5 5 227 
33 37 37 
4 18 18 18 47 51 51 107 138 138 138 139 152 163 163 163 180 208 208 
26 26 231 
78 78 78 89 93 93 93 
84 84 203 
14 14 14 51 60 60 90 90 137 152 186 186 192 206 206 
62 62 62 
98 
1 45 45 52 65 65 65 65 140 140 140 153 153 153 184 184 228 228 
245 245 245 
192 
152 225 
81 81 148 148 148 153 153 
5 5 15 15 44 59 59 62 67 82 82 98 108 122 141 169 185 196 207 231 237 
153 153 
88 88 165 
205 205 
64 64 64 175 175 182 182 196 196 196 196 
152 152 157 
4 4 4 
11 11 13 37 44 44 46 77 77 134 134 150 172 172 172 197 197 211 211 219 222 222 222 
137 137 
53 81 
203 203 
13 13 33 122 169 185 
5 5 
134 
187 187 
7 7 
5 81 
195 195 245 
26 33 33 59 59 150 172 172 172 188 188 222 
21 21 148 153 
5 5 5 33 77 
14 152 
58 152 
84 84 
5 5 123 123 159 159 159 216 216 216 216 
14 14 18 63 202 202 202 
21 
35 81 81 81 
127 
121 121 238 
227 227 
93 93 93 154 
48 214 245 252 
26 26 44 44 
0 18 18 76 76 120 152 174 174 206 206 236 236 
138 
19 19 19 26 
51 90 137 137 202 242 242 242 
30 30 30 
21 21 21 21 81 81 81 224 

26 108 
114 114 114 
146 146 223 223 223 
122 249 249 
8 8 131 131 131 228 247 


7 156 203 203 203 
171 205 205 217 
60 60 191 191 191 191 223 236 236 236 
33 33 46 134 210 210 210 
16 16 16 89 95 95 95 
111 
137 
3 3 5 8 8 8 25 25 35 42 53 53 53 65 65 65 93 93 148 148 148 148 153 153 153 160 162 162 173 176 203 203 228 228 228 238 238 238 251 251 251 
26 26 
113 113 204 204 
17 17 49 49 100 100 100 109 109 183 189 194 194 194 194 
228 
7 7 203 203 218 218 
115 237 253 
28 28 165 165 203 203 203 
16 78 
18 18 63 242 242 
121 121 121 
203 
16 16 16 57 57 57 81 81 154 176 176 241 241 
5 112 112 243 243 
78 78 78 
127 127 127 144 144 144 229 229 229 229 229 240 240 
7 7 130 
5 5 20 26 166 166 209 209 209 213 237 
251 251 
84 84 84 109 194 194 198 198 198 
106 
203 234 234 
5 
129 129 
1 1 
101 145 145 145 204 204 
14 119 152 152 
26 67 244 
84 84 100 183 183 183 198 
228 228 228 
79 
94 94 
83 83 145 177 177 204 204 246 
5 5 5 68 68 68 227 227 
87 
203 
5 5 
188 
107 152 
60 170 170 170 206 
55 55 91 91 91 238 238 
26 37 70 123 123 
5 5 50 50 122 122 161 
7 7 
251 251 
251 251 
54 96 96 96 187 189 216 229 229 
228 228 
104 104 
7 97 
71 71 71 228 228 
222 222 
227 227 
33 33 39 77 

5 5 
18 34 34 63 63 80 202 202 
14 14 14 61 
4 4 14 
21 21 21 
26 178 
5 159 159 
5 5 5 149 149 151 151 203 203 217 
96 96 96 240 240 
106 106 106 113 204 
69 69 152 

25 25 25 45 81 81 81 81 153 
143 143 203 203 203 
33 44 
143 143 153 228 228 
14 18 24 31 31 47 48 60 107 107 119 146 157 163 163 223 223 223 
1 1 2 2 3 3 3 21 21 21 25 25 27 27 45 81 81 81 148 151 179 228 228 228 
57 93 176 241 
206 
74 199 203 203 
31 152 
1 
5 5 50 50 50 142 142 
81 251 251 251 
123 
81 81 238 238 
14 14 14 152 152 
1 1 1 232 232 232 232 
28 88 88 203 
98 98 209 
173 173 173 
8 8 
26 37 
120 120 120 206 206 
75 205 205 205 
33 33 33 44 44 44 
81 167 167 167 176 
60 60 206 206 
30 30 196 196 
81 93 93 154 173 
113 113 204 204 
5 5 141 248 248 
153 
14 
5 
9 30 30 196 196 196 
84 109 109 109 
21 21 
26 37 
18 18 
40 40 127 
44 44 118 
84 127 196 196 
236 
76 76 76 76 205 
18 23 
237 
84 84 84 84 100 100 255 255 255 255 
43 43 204 204 245 
5 5 5 26 30 30 30 30 175 175 182 182 182 189 189 239 
33 33 
100 100 100 109 
156 


51 51 51 63 137 137 
5 5 7 7 17 36 36 74 74 74 81 81 86 86 88 88 88 92 102 116 143 143 149 149 149 156 156 165 220 220 251 251 
83 83 106 106 113 113 145 177 177 195 195 245 245 
29 29 75 75 171 171 171 191 
18 18 60 60 120 155 170 170 174 174 250 250 
5 26 
14 14 
98 98 98 166 
77 77 77 
33 33 
222 
98 
58 
8 
50 50 50 50 127 
75 143 233 233 
7 7 86 86 
33 
203 203 251 

6 6 6 33 33 33 44 132 132 212 
69 69 69 76 152 152 152 
65 
24 
7 
5 5 5 12 56 56 114 114 133 133 
8 8 8 21 21 71 81 81 81 85 110 110 110 128 128 131 131 151 151 153 153 153 
96 96 96 96 96 127 127 240 

15 26 
164 164 164 164 
217 217 
5 5 5 102 102 
5 5 5 
0 60 60 76 76 76 190 
26 87 98 193 253 
3 55 81 81 81 121 121 162 162 
196 
96 96 144 144 229 
93 93 154 
63 63 63 90 90 
94 94 
5 108 
22 22 22 43 58 195 204 204 
113 
8 71 
178 178 
70 70 
206 206 
81 81 81 99 99 125 125 126 126 160 160 160 203 203 220 
58 
87 237 
5 5 5 
194 194 194 194 
