Nodes: 512, Edges: 1187

441 441 441 
28 91 91 111 182 183 
271 271 493 493 
454 
34 34 50 50 50 88 88 198 198 225 255 255 273 273 279 354 400 441 443 443 443 475 475 504 504 508 508 508 
404 404 
233 233 271 271 
196 196 196 224 224 224 313 313 350 
287 287 287 287 
476 476 476 
264 
184 184 184 202 355 355 
76 76 
117 125 184 184 
59 59 182 182 

390 455 
441 
104 104 
428 
31 31 
108 115 331 331 389 389 389 414 436 436 461 
290 290 290 


158 158 408 408 
76 346 346 
2 178 
56 56 
180 180 180 222 222 483 483 483 
21 21 172 184 279 315 354 354 486 486 486 489 489 
184 307 
67 67 192 
5 5 
210 210 
106 
406 406 415 415 
358 358 
62 62 62 62 159 159 163 163 166 219 231 231 241 302 302 302 330 402 402 405 477 477 477 485 485 
192 192 192 236 249 249 249 
85 85 99 137 137 151 151 156 160 160 160 324 324 354 457 492 
323 323 323 
193 
137 137 
76 109 413 439 
339 339 
76 76 346 
508 
236 
5 5 5 400 400 
484 490 
184 
225 225 
76 76 76 299 299 501 501 
93 93 236 236 236 
29 29 191 191 236 236 304 446 446 474 487 487 

294 294 397 
15 15 444 444 
104 236 236 236 
81 81 81 359 
39 39 39 39 241 
383 383 383 463 
381 381 395 
193 193 362 362 362 
141 141 
33 33 192 281 347 347 
169 169 179 179 296 296 296 371 371 
236 236 344 344 
184 184 258 

325 358 466 
315 315 
413 448 448 
383 463 
13 13 27 45 47 47 54 54 54 78 96 96 107 107 109 109 162 162 184 184 184 186 196 199 199 207 228 229 229 242 245 245 245 292 292 295 299 299 299 299 299 314 314 319 322 322 346 346 346 353 354 354 354 361 413 413 413 423 423 440 456 456 456 478 478 509 
196 196 413 
76 
104 236 
418 
61 61 61 82 113 113 184 184 261 261 289 289 329 359 359 389 389 394 495 
81 121 142 142 165 165 389 389 389 
104 104 104 104 104 236 236 236 236 438 438 
85 85 
41 41 84 84 160 312 312 312 348 348 348 
198 198 508 508 508 
306 370 
5 5 504 504 
358 
325 358 358 
2 2 
182 182 404 
55 55 
315 315 
418 
76 76 
171 290 
420 441 441 
41 354 354 
496 496 
140 195 378 471 471 
136 216 216 216 
146 379 425 425 
19 19 60 79 83 83 83 83 83 138 138 138 236 236 237 237 237 507 507 
184 184 184 190 190 372 
36 190 
76 76 
22 414 414 
45 76 76 199 199 
176 247 247 401 401 401 
2 182 
184 184 
81 81 
367 
22 389 
184 415 415 
14 125 135 135 236 
152 152 262 364 364 364 
122 222 
486 486 486 
82 143 
119 222 
468 468 
232 309 387 387 454 
14 117 136 136 136 
185 491 491 

413 448 448 448 
236 236 415 415 

454 454 
168 168 
381 
354 354 354 380 380 
117 117 
102 125 125 125 
41 41 44 44 
104 104 104 164 236 
381 
101 320 
66 66 196 196 196 358 358 358 
82 82 389 
121 217 217 
282 

103 379 379 
236 344 344 
191 191 304 
417 417 
248 408 
41 41 354 354 
118 118 292 292 
325 
374 374 
413 413 413 
41 354 399 
233 276 276 425 
26 26 194 194 194 271 271 271 408 408 
39 39 188 188 231 231 305 305 330 330 402 428 428 433 433 469 477 477 477 510 511 
41 41 41 85 272 272 312 312 498 498 
413 413 439 439 
76 76 322 322 322 
39 39 
138 
82 82 329 
39 477 
413 
132 132 
68 68 233 233 233 296 425 425 425 
471 
97 290 480 480 480 
31 
344 344 
222 222 222 222 335 335 335 
187 187 187 187 407 407 
110 247 
300 415 415 415 
28 183 
68 68 
30 30 30 222 
367 367 
2 15 15 92 92 111 220 340 340 363 363 404 404 413 413 444 444 499 499 499 
2 178 
12 12 12 14 14 31 32 52 70 70 76 76 76 81 81 105 105 105 112 112 116 213 213 221 221 236 236 236 246 258 260 260 260 267 267 279 289 289 291 291 291 292 307 307 315 338 345 354 354 355 355 396 396 409 409 409 415 415 456 456 465 465 465 484 484 488 490 490 
126 491 491 
76 
175 175 175 175 413 413 
159 159 477 

105 105 106 372 
56 56 148 148 236 236 236 267 268 268 285 304 304 446 
33 40 40 40 67 281 
43 65 65 251 251 286 286 358 358 362 362 413 
158 158 158 
101 267 471 471 
8 8 8 76 77 77 141 141 141 290 290 350 350 373 373 413 422 422 
496 496 
5 5 86 86 508 508 
76 76 109 109 314 314 314 314 314 

236 236 415 415 
12 355 355 
271 271 
267 267 

405 
76 478 478 
242 
328 328 
35 35 309 

238 310 
184 184 488 
215 215 314 314 
214 214 314 314 
102 102 102 
143 143 
271 
39 232 232 274 402 454 
182 494 494 494 494 
184 184 
30 30 119 122 174 174 174 174 180 314 341 376 376 376 413 413 483 483 499 
329 329 
8 8 8 313 313 350 350 
5 53 53 259 259 377 419 419 
292 292 
337 343 343 392 392 477 477 
76 245 
76 76 295 295 360 361 
236 275 275 303 406 406 406 415 415 415 
39 39 159 159 
124 219 219 454 454 454 
7 7 157 169 169 169 238 238 271 287 287 287 310 310 374 374 374 375 
503 503 
487 
40 49 55 55 55 56 56 60 60 60 69 69 79 83 83 83 83 104 104 117 129 129 138 147 184 184 184 191 191 191 201 201 230 237 237 237 252 252 267 275 278 344 351 415 415 415 432 432 438 460 487 487 487 
104 104 104 236 236 236 
212 233 233 
342 342 405 
279 279 476 496 
39 62 430 430 430 
76 208 
311 311 311 311 413 424 494 494 
325 358 358 
76 76 76 228 
184 
110 110 176 288 288 288 401 401 
150 408 408 
40 40 40 
374 417 417 442 442 
193 193 286 286 413 
236 236 
330 330 330 
283 283 415 
5 5 
271 271 
305 305 337 
70 184 
225 225 367 441 
184 184 184 
81 81 329 329 
118 364 
315 315 
11 334 385 385 385 
496 496 
493 
184 184 191 195 204 204 236 268 268 471 471 
191 191 267 267 
415 
286 
3 3 7 7 158 158 158 203 203 218 233 256 256 282 282 297 297 297 327 339 339 354 354 354 374 374 375 391 401 401 408 408 408 412 427 427 442 442 453 453 
160 160 
5 5 472 475 
219 
230 230 236 
157 157 
415 415 415 
236 
5 31 184 240 240 
308 449 467 467 467 
67 192 298 347 421 
144 271 271 427 
254 254 415 415 

191 
193 193 251 251 270 413 413 413 
9 9 9 9 233 233 233 
247 247 247 
81 81 184 184 451 
23 23 23 97 171 196 196 480 
184 184 184 426 426 
76 76 152 152 184 226 226 410 410 410 

58 58 397 397 408 
76 229 229 
68 68 68 169 
271 271 271 408 408 408 
281 347 347 347 
54 54 76 76 76 76 76 413 
177 
339 339 
39 39 39 485 
230 415 415 
56 148 191 191 
159 159 257 257 343 343 343 392 392 392 482 482 
87 370 408 
32 184 184 354 396 465 465 
280 467 467 
124 210 
212 233 233 
243 243 243 243 
85 85 85 160 160 
8 8 224 224 
76 76 199 199 199 199 199 214 214 215 215 222 317 317 317 349 349 384 413 413 413 418 429 429 429 449 455 455 467 481 481 
31 73 73 94 94 184 263 263 
444 444 
314 314 314 398 398 413 
413 
76 
140 

76 76 162 162 162 
42 42 42 359 359 
41 41 
72 90 153 244 358 358 358 358 
358 358 
271 
209 209 
81 165 223 223 261 261 
39 159 159 253 253 253 369 369 428 428 
22 22 
413 

264 385 385 
174 174 174 413 494 494 
486 
227 257 
184 415 
46 46 271 271 301 301 381 381 408 408 427 452 464 470 470 
182 182 
222 
239 239 
227 227 305 305 305 
69 69 147 147 173 173 236 447 447 
184 
27 27 47 76 76 76 459 459 
67 67 281 298 298 298 421 421 506 506 
85 85 85 
314 314 481 
8 196 196 224 224 
236 356 356 432 
402 
76 456 456 456 
5 31 31 41 76 76 76 99 99 134 134 134 151 151 156 184 184 271 271 271 307 411 450 450 462 490 490 490 502 502 508 
12 12 184 184 202 202 
351 351 
367 367 431 496 496 
38 38 72 89 90 90 141 141 141 193 193 244 244 325 325 325 325 326 326 466 503 
61 81 81 323 323 
229 
76 229 
65 65 65 193 193 413 413 
182 182 
118 118 118 262 
415 

114 181 181 259 357 357 496 
401 401 401 
330 330 
87 306 
68 68 
105 190 
196 196 
154 154 233 233 233 250 271 271 442 442 
233 271 
222 222 222 
225 458 
101 
103 146 146 
134 134 
64 64 133 139 339 339 395 408 408 
413 413 
63 63 63 75 415 432 
314 449 
264 264 264 334 334 413 

124 124 
487 
22 22 22 81 81 82 82 82 115 142 497 497 
17 
271 
227 227 305 305 305 

81 495 495 
64 381 
184 184 307 
58 294 294 
317 317 
156 
5 50 50 
110 110 110 247 247 271 271 368 368 368 
39 39 159 219 352 405 405 
427 427 
6 6 92 182 182 
39 206 239 402 402 
37 37 230 230 230 415 
175 175 413 
26 26 150 158 158 248 248 271 271 271 294 297 297 297 306 339 339 381 381 412 412 437 437 470 
184 184 184 
292 292 292 
354 
271 408 408 
45 74 76 76 76 77 128 155 155 155 161 161 167 182 182 187 187 193 196 222 222 243 251 286 286 286 299 314 314 314 317 318 332 335 362 362 382 382 385 407 439 439 448 448 448 500 500 
22 108 108 
37 37 116 116 129 129 177 177 177 184 184 201 201 230 230 230 236 236 236 254 269 277 277 277 283 283 303 303 338 365 383 406 432 432 432 460 460 463 463 

149 149 250 250 
80 95 314 
225 225 
98 441 441 
281 347 347 
196 196 
76 76 
243 
103 103 157 169 169 169 
291 291 
271 271 282 339 403 403 
20 159 159 330 330 
314 314 314 
241 241 241 
357 496 
236 236 351 383 415 415 415 
159 159 

449 449 
22 22 
408 408 
83 83 236 487 
45 161 161 413 413 
76 
1 1 1 5 18 98 98 259 420 420 
250 250 271 271 374 374 468 
5 5 5 
59 59 182 182 316 316 
450 450 
56 56 191 
344 344 
74 74 128 128 128 413 413 413 
280 314 384 435 435 467 
354 354 445 445 462 462 
289 
339 
271 271 
4 124 131 131 219 232 232 232 
17 314 314 
76 76 76 184 184 353 353 353 491 
41 
377 
346 346 
236 415 415 
22 497 497 
354 450 450 
63 75 415 415 
339 
184 184 184 307 307 
72 358 
280 280 280 308 308 314 449 
123 123 442 
159 511 511 
339 339 408 
101 101 170 195 195 267 267 
273 475 475 
491 
56 487 
5 5 273 472 472 
10 10 10 240 496 
39 39 39 159 159 159 166 188 227 227 
76 76 207 207 

171 171 171 290 
314 314 349 
305 305 
30 30 30 222 222 
51 184 184 
39 39 302 
31 31 31 120 120 120 336 489 
56 56 235 236 236 236 388 438 474 
184 213 
31 31 486 
51 184 184 354 354 354 
126 126 185 185 456 473 
41 
3 3 266 
220 220 220 220 243 243 335 335 
81 394 394 
100 100 197 197 240 265 265 357 357 367 431 476 
389 389 461 461 
160 160 
182 182 182 222 
413 413 
54 54 
354 354 
234 234 358 
5 5 88 88 

347 347 
104 104 
5 5 5 48 86 86 86 198 198 354 
76 
159 
159 469 469 
