Nodes: 512, Edges: 1187
381 
441 441 441 
28 28 91 91 182 182 183 183 
271 271 271 493 493 
454 454 
34 34 50 88 88 88 184 184 198 225 255 255 273 354 354 400 400 441 443 443 475 475 475 504 504 508 508 
404 404 
233 233 233 271 271 
196 196 196 224 224 313 313 350 
287 287 287 
476 
264 264 
184 355 355 
76 76 
117 117 117 184 184 
59 59 59 182 444 

390 390 
420 441 441 
104 

31 31 31 
108 108 108 331 331 389 389 414 436 461 461 497 497 497 
290 
76 
408 408 408 
158 408 408 408 
76 346 
2 2 178 183 

180 180 222 483 483 
21 21 21 172 172 184 184 315 315 354 486 489 489 
307 
67 192 192 
5 5 
158 210 222 413 
106 106 
415 415 
358 
62 62 62 62 62 159 163 163 163 166 166 166 219 219 231 241 302 302 330 330 402 402 405 405 477 
192 192 236 249 
85 99 99 99 151 151 156 160 184 324 324 354 354 354 399 450 492 
321 321 323 323 
193 193 193 
137 137 
76 76 76 413 413 439 439 
64 64 395 
78 346 346 346 

236 
5 
490 
184 184 345 345 
225 
76 76 299 501 501 501 
93 93 93 236 
191 191 236 236 236 304 446 474 474 474 487 487 487 
415 
294 294 294 397 397 
15 15 15 444 
104 104 236 236 
81 359 
39 39 39 39 39 241 241 
383 383 383 463 
46 46 381 381 381 
193 193 362 416 
141 
33 192 281 281 281 347 
169 169 179 179 296 371 371 
236 236 236 344 344 
184 246 246 258 258 
369 
325 358 466 466 
94 
413 448 448 
383 383 
13 13 24 27 45 45 45 54 54 78 78 96 96 107 109 162 162 184 184 186 196 196 196 199 207 207 207 208 228 228 229 229 242 245 245 292 292 295 295 295 299 299 314 322 346 353 354 354 354 361 413 413 413 423 423 440 440 456 478 509 509 
196 413 413 
47 76 76 
236 
314 314 418 
61 82 82 113 113 184 184 261 261 289 289 289 329 329 359 359 389 389 394 394 394 
81 81 121 121 121 142 142 143 143 165 389 
104 104 104 438 438 438 
85 85 85 312 348 
41 84 84 84 160 160 312 312 
198 198 198 508 
306 370 370 408 408 
5 5 5 504 504 
358 
325 358 
2 2 
404 
55 55 55 
73 315 
418 418 
76 76 
171 171 
420 441 441 441 
41 41 41 354 354 354 
496 496 496 496 
140 195 195 195 378 378 378 471 471 
117 117 117 136 136 136 216 216 
146 146 379 425 425 
19 60 60 83 83 83 138 138 138 236 236 237 237 507 
184 190 372 
36 36 190 372 372 372 
76 
22 22 22 414 
76 199 
247 401 401 401 

184 184 
81 81 
367 
389 
184 
14 14 14 102 102 102 125 135 184 184 236 
152 152 152 364 364 
122 
486 486 
82 82 82 143 143 
119 222 222 222 
468 
232 232 387 387 454 
117 136 136 136 136 
185 491 

413 448 
236 236 
497 
454 454 
168 168 168 
381 381 
354 354 380 
117 
102 102 102 125 125 125 125 
44 44 184 
104 104 104 236 236 
381 
101 320 
66 196 358 
82 82 389 
82 82 121 121 217 217 217 
282 282 
339 339 339 
103 103 379 
236 236 344 344 
191 191 191 304 304 304 
250 
408 
41 41 354 354 
118 118 118 292 
325 325 
374 
413 413 
41 354 450 450 
233 233 276 425 425 
26 35 194 194 271 271 408 408 408 
39 188 188 205 205 227 231 402 402 428 428 433 433 469 477 477 510 
41 85 85 272 272 272 312 498 
413 413 439 439 
76 76 322 322 
39 39 39 

82 
39 39 39 477 477 
500 
132 132 132 413 413 413 
68 68 233 296 296 425 425 425 
471 471 
97 97 290 290 480 480 480 480 
31 31 
344 344 
222 280 335 335 
187 407 
247 247 247 
300 415 415 
28 183 
68 68 
30 30 222 222 222 

2 2 15 220 340 340 404 404 413 413 444 499 
2 2 28 178 
5 5 12 14 14 31 31 41 52 52 70 76 76 81 81 105 112 112 116 117 117 137 221 221 246 258 260 279 279 284 289 291 291 291 292 307 315 315 315 324 324 338 345 345 354 354 354 355 355 355 366 396 396 415 426 456 456 456 465 465 465 484 490 
126 491 491 491 
76 245 245 440 
175 413 
159 159 
351 
105 106 372 372 
56 56 148 148 148 236 236 268 285 285 304 446 
33 33 40 40 67 236 236 
43 43 43 65 65 251 286 358 358 362 413 500 500 
158 158 
101 101 101 236 236 236 267 267 471 471 
8 8 8 76 76 76 77 141 200 200 290 350 373 422 422 422 
496 
5 86 86 86 386 386 508 508 508 
76 109 314 
196 196 269 
236 415 415 
355 
271 
267 268 
159 159 
405 
76 76 76 478 478 
76 
328 328 
35 232 
236 
238 238 238 310 310 
488 
215 
214 314 314 
102 102 
143 143 143 
271 
39 39 232 274 402 402 
182 494 494 
184 184 
30 35 122 122 122 174 180 180 180 309 341 376 376 413 413 483 499 499 
329 
8 8 313 350 350 
5 53 377 377 393 419 419 458 458 458 
292 292 
159 257 257 337 337 337 343 392 392 477 
76 76 245 
76 76 295 295 360 360 360 361 
236 236 303 303 406 406 406 415 415 
39 159 
124 124 210 219 390 454 454 
7 7 7 157 157 169 238 238 238 271 271 287 296 310 310 374 374 375 505 505 505 
503 503 
487 
40 49 55 56 56 56 60 60 69 69 69 79 104 104 117 129 129 138 138 147 147 191 191 192 192 195 195 195 201 211 230 230 252 267 267 267 275 278 278 283 283 344 351 415 415 415 432 432 432 438 460 487 487 
104 104 
212 212 212 233 233 233 
342 405 
279 279 476 
39 62 62 430 
76 
311 311 311 311 413 424 424 494 
325 
76 76 186 186 228 
70 70 184 
110 176 176 176 288 288 401 
408 408 
40 
149 374 374 374 417 442 442 
193 286 286 413 
236 
330 
283 415 415 
5 5 
271 271 273 
227 227 337 
70 70 184 409 
367 367 
184 
81 81 329 
364 364 410 410 
315 315 315 
11 11 334 334 385 385 385 
496 496 

195 195 204 236 236 236 268 471 471 
191 204 267 
200 415 415 
286 
3 3 3 7 7 158 158 203 218 233 233 256 256 297 297 297 327 327 339 339 354 354 374 374 375 375 375 391 401 401 408 408 408 412 427 442 442 453 453 
160 160 160 
5 256 354 472 
219 402 402 
236 
157 
415 415 
236 236 
184 184 240 240 
174 435 435 449 467 467 467 
67 67 67 298 347 347 347 421 421 
144 144 427 
236 236 254 415 415 415 
184 
191 191 
193 251 251 270 413 413 
9 9 9 233 
247 247 
81 81 81 184 451 451 451 451 451 
23 171 171 196 480 480 
184 184 184 
76 76 152 184 226 226 364 410 410 
408 408 408 
58 58 58 397 397 
76 76 76 229 229 
68 169 169 233 
271 271 271 408 
281 347 347 347 
54 76 76 413 413 
177 
339 339 
39 39 485 485 
230 230 415 415 415 
56 148 148 148 191 
343 343 343 343 392 392 482 
87 370 408 
32 184 354 396 396 465 465 
467 467 
222 
212 212 233 233 
243 243 243 243 
84 85 85 160 
8 8 224 
76 80 80 199 215 215 317 317 349 349 354 384 384 384 398 413 418 418 434 434 449 449 455 455 467 481 481 
31 31 94 184 184 184 263 263 263 336 336 336 
444 444 
314 314 413 
413 413 
354 354 
140 
42 42 323 
76 162 162 
42 42 321 359 
41 41 184 184 
72 90 153 153 244 358 358 358 358 
358 
271 271 
209 209 
81 81 223 261 
39 39 253 369 428 428 
22 22 
407 407 413 
413 
264 264 385 
174 174 413 413 494 
315 315 315 486 
227 227 227 257 
184 
145 145 145 271 271 301 301 381 381 408 408 408 427 452 452 452 464 464 464 470 470 
182 182 
222 
239 
227 305 305 305 305 
69 69 147 147 173 173 236 447 447 
52 52 184 184 
27 47 47 47 76 
67 281 281 281 298 298 298 421 421 506 
84 
314 314 481 
8 196 224 224 
189 236 356 356 
402 402 
76 456 
5 5 31 41 41 41 76 76 76 99 99 99 134 134 151 151 156 184 184 184 271 271 273 307 314 319 319 411 411 450 450 462 462 462 490 490 502 502 502 508 508 
12 12 184 184 184 202 
351 351 
367 367 367 431 431 
38 72 89 90 141 193 193 325 325 325 325 326 413 413 413 466 503 
61 81 81 323 
229 229 229 
76 229 
65 193 413 

118 118 262 262 292 

184 
114 259 259 357 357 357 
401 
71 330 
87 87 306 
68 68 
105 106 106 106 190 190 
196 
154 233 233 250 250 250 271 271 408 408 417 
233 271 271 271 
222 222 
225 225 458 
101 101 101 
103 146 
134 
0 64 64 64 133 133 139 339 339 408 
413 
63 63 63 75 75 415 415 415 432 
314 314 314 
264 264 264 334 413 413 413 
198 198 
124 124 
487 487 
22 22 81 81 82 115 142 497 
17 17 232 
271 
227 227 305 305 
225 
81 81 81 
46 
184 184 307 307 
58 58 294 294 
314 
41 
5 5 
110 110 110 247 271 271 368 
39 39 159 159 219 219 274 274 352 352 405 
427 427 
6 6 92 182 182 
39 39 206 239 402 
230 230 230 415 415 415 415 
175 332 332 413 413 413 
25 25 25 26 26 26 87 87 150 158 158 158 248 248 271 271 271 293 293 293 297 306 339 339 339 374 374 381 412 412 437 470 
258 
262 262 292 292 
354 354 
271 408 408 
35 45 45 74 76 76 76 77 77 128 155 155 161 161 168 168 168 182 182 187 193 222 222 243 251 286 286 299 299 314 317 318 318 332 333 335 335 358 358 358 362 382 385 385 385 407 407 407 439 439 448 455 455 494 500 
22 108 
37 37 57 177 177 184 201 201 230 230 236 236 236 254 254 269 269 277 277 283 283 283 303 303 303 383 383 383 406 406 406 406 432 460 460 463 463 
65 
250 374 
80 95 95 314 314 
225 225 
18 98 
281 281 347 347 
196 196 196 
76 76 
243 243 
103 103 157 157 169 169 169 
184 
271 282 339 403 403 
159 159 330 330 

241 
357 357 496 
236 236 236 383 415 
159 159 
314 314 
280 280 
22 
408 
83 83 83 236 
45 45 161 161 413 413 
76 76 186 
1 1 1 5 18 18 98 98 98 
250 250 271 271 468 468 
5 5 
15 59 182 316 316 
450 450 450 
56 191 
344 344 
74 74 128 413 
280 314 314 467 
41 156 156 354 354 445 445 445 462 
289 289 289 289 289 
339 339 339 464 
271 271 
4 4 124 131 131 232 232 
314 314 413 413 
76 184 184 184 353 491 

225 225 225 377 

236 415 415 
22 22 497 497 
354 354 354 450 
63 415 415 
339 339 339 452 
184 184 184 307 307 
72 72 358 
280 280 280 308 308 314 449 
123 442 442 
159 511 
339 339 408 
101 101 170 170 195 195 267 267 
273 

56 56 56 487 487 
5 5 5 
10 240 496 496 
39 159 159 166 166 227 
76 207 207 

171 171 171 171 290 290 
314 314 349 
305 
30 30 222 
184 
302 302 
31 120 120 336 489 489 489 
56 56 56 235 236 236 388 388 474 474 
213 
31 31 486 486 486 
51 184 354 354 
126 185 185 185 456 
41 
3 3 
220 220 243 335 413 

100 100 100 100 197 265 265 431 476 476 
22 22 22 130 389 461 461 
160 
182 222 222 
167 193 193 413 
54 54 54 
354 354 354 
234 234 358 
5 5 88 88 
233 233 233 
347 
104 
5 5 86 198 198 198 354 354 
76 76 
159 
469 
