Nodes: 512, Edges: 1187
133 381 381 381 

28 91 91 111 111 182 182 183 183 
271 271 493 
454 454 
34 88 88 88 88 88 184 184 184 198 225 225 255 255 273 354 354 400 400 441 441 441 443 443 504 508 508 508 
404 
271 271 
196 224 224 313 350 
287 287 287 
476 
264 
184 184 202 202 355 355 
76 76 
117 125 
59 59 59 182 182 
184 184 184 
455 
420 441 
104 
428 428 
31 
108 108 115 331 331 331 389 389 389 414 414 436 436 461 461 497 497 
290 290 
76 76 
408 
408 
76 76 76 346 346 
2 178 178 183 183 
56 56 56 
180 180 180 222 222 483 
21 172 172 172 184 184 184 279 315 354 486 486 489 

67 67 192 
5 
158 158 158 158 210 222 413 
106 106 
57 415 
358 358 
62 62 62 62 62 159 159 163 163 166 219 219 231 231 241 302 302 330 330 402 405 405 485 
192 192 192 236 249 249 
85 85 99 137 151 151 156 156 160 184 184 324 354 354 399 399 445 450 450 450 457 492 
321 321 323 323 
193 

76 413 439 
64 381 395 
76 78 346 
508 
236 
400 400 400 
490 
184 184 345 345 
225 225 
76 299 
93 195 
29 29 29 191 236 304 304 304 474 487 487 487 
37 
294 
15 15 15 444 444 
104 104 236 236 
81 359 
39 39 39 39 39 241 241 
463 463 
46 381 381 381 
193 193 193 362 
141 
33 33 192 192 192 281 281 347 347 
169 169 179 179 371 371 
236 344 344 344 
184 184 246 246 258 
369 
325 358 466 
94 315 
413 
463 463 
13 13 24 24 27 27 27 45 47 54 78 78 96 96 107 109 109 162 162 184 184 196 199 207 207 228 228 229 229 229 242 242 245 245 245 292 292 292 299 299 299 319 322 322 322 328 328 346 346 346 353 354 354 413 413 413 509 509 
196 413 413 
47 76 76 

314 418 418 418 
61 113 113 184 184 261 289 329 329 359 389 389 394 394 495 
121 121 142 143 165 165 389 
104 104 236 236 438 
348 348 
41 41 160 312 348 348 
198 198 198 508 508 
306 408 408 
5 5 5 5 5 
358 358 
325 
2 2 
182 404 404 404 413 413 
55 
73 315 
418 418 418 
76 76 398 
171 171 171 
441 441 
41 354 354 
476 496 
140 378 471 471 
117 117 216 216 216 
146 146 379 379 425 425 
19 60 60 83 83 138 236 236 237 237 
190 
36 36 
76 
22 22 414 
76 76 199 
176 247 247 401 401 401 
2 2 182 182 182 

81 81 
367 367 
22 389 
184 184 415 
14 102 102 125 125 135 184 184 236 236 
152 152 152 152 
122 122 222 413 413 
486 486 
82 82 
119 119 222 
381 468 468 
232 232 387 387 387 454 454 
14 117 117 136 136 136 136 
185 185 
480 480 
413 413 
236 236 415 415 

454 
168 
0 381 
354 354 380 
117 
125 125 125 125 
41 184 184 184 
104 236 236 
381 
101 320 320 
66 196 196 196 196 358 
82 
82 217 
282 
339 
103 103 
236 236 344 344 
191 
417 
248 248 408 408 408 
41 41 354 
118 118 118 118 292 292 
325 325 
374 374 374 
413 
41 41 399 450 
233 233 276 276 276 425 425 
35 35 35 35 
39 39 188 205 227 231 231 305 305 330 330 402 402 428 428 469 477 477 510 511 511 
41 85 272 272 272 312 312 498 498 
413 413 439 439 
76 76 322 322 
39 39 

82 82 329 
39 
413 413 500 
132 413 413 
68 68 233 233 233 296 296 425 425 425 
471 471 471 
97 97 97 290 290 480 480 480 
31 31 31 
344 
222 335 335 494 
187 187 187 407 407 
110 247 247 
300 300 415 415 415 415 
28 28 183 183 183 
68 68 
30 30 30 222 222 

2 2 15 15 92 111 111 111 220 220 340 340 363 404 404 404 413 413 444 444 499 
2 2 28 28 178 178 178 
5 5 5 12 12 16 16 16 31 31 31 41 41 52 52 70 70 76 76 81 81 116 116 117 117 137 137 137 213 213 221 236 236 246 258 258 260 267 267 267 279 279 284 289 289 289 291 291 307 315 315 324 324 338 338 338 345 354 354 354 355 366 396 396 409 409 409 415 415 415 426 426 426 456 456 484 484 488 488 490 490 
126 126 491 
245 440 
175 175 175 
159 477 477 
351 
105 372 
56 148 236 236 236 267 267 267 268 285 446 446 
33 40 40 40 67 67 67 236 236 236 281 281 
43 65 65 65 251 251 251 286 358 358 358 362 362 413 479 479 500 

55 236 236 267 267 471 
8 76 77 141 141 141 141 290 290 290 350 373 373 373 413 413 422 422 422 
496 496 
5 86 86 86 386 386 508 
76 109 207 314 

236 236 415 415 415 
12 12 355 355 
271 271 
267 267 267 268 
159 
405 405 
76 76 199 478 

328 328 
35 232 309 309 
236 
238 238 238 310 310 
184 184 
215 314 314 
214 467 
102 102 102 
143 
271 271 
39 39 232 232 274 402 402 454 
182 182 494 
184 
30 30 35 119 122 174 180 180 309 314 341 341 376 376 376 413 413 483 499 499 
329 
8 8 313 313 313 350 
5 5 53 53 259 377 377 393 419 458 
292 
159 257 337 337 343 343 392 392 477 
76 76 245 336 
76 76 76 295 360 360 360 
236 406 406 406 415 415 
39 39 159 159 
124 124 210 219 219 390 390 390 390 454 
157 157 169 169 169 238 271 271 287 287 287 287 296 296 310 310 375 375 505 
503 
236 487 
40 49 56 60 60 69 83 83 104 104 117 117 129 129 138 138 147 147 184 184 191 191 191 192 192 192 195 195 201 201 211 230 235 237 237 267 267 267 275 275 283 283 344 344 415 415 415 432 432 460 460 460 487 
104 104 236 236 
212 212 212 233 
342 342 405 405 
279 279 279 476 496 
39 62 62 430 430 
76 76 
311 311 311 413 413 413 
325 358 358 
76 76 76 186 228 
70 70 184 
110 110 176 176 288 401 
150 150 408 408 
40 40 
374 442 
193 193 193 286 286 413 


415 415 
5 5 
271 271 
227 305 337 
70 184 184 409 
225 367 367 
184 
81 329 329 
364 364 410 410 410 
315 315 315 
11 334 334 334 385 
496 496 
493 
184 184 184 191 191 191 195 195 204 204 204 236 236 236 268 268 471 471 
191 204 267 267 
415 
286 286 
3 3 7 7 203 203 218 218 233 233 256 256 282 282 282 327 327 339 339 354 354 354 374 374 391 391 401 408 408 408 412 412 427 427 442 442 453 453 453 
160 160 160 
5 354 354 472 
219 402 402 
236 236 
157 157 157 


31 184 184 240 240 240 
308 435 435 435 449 449 467 467 
67 67 192 192 298 347 347 347 421 
144 271 271 271 427 427 
236 236 415 
184 
191 
193 251 251 270 270 413 413 413 
9 9 9 233 233 233 233 
247 
81 184 184 184 451 451 
23 23 171 171 196 196 196 480 480 
184 184 
76 76 76 152 152 226 364 364 364 410 410 
408 
58 397 397 397 408 408 
229 509 
169 169 233 233 
408 408 408 
281 347 347 
54 76 76 76 413 413 
177 177 
339 339 339 
39 39 
415 
56 56 56 
159 159 257 343 343 392 392 482 482 
87 370 408 
184 354 354 354 396 396 465 465 
280 467 467 
210 210 222 
212 212 233 233 
243 243 243 
85 160 160 
8 224 224 224 
80 199 214 214 222 349 349 384 398 398 418 418 429 429 434 449 455 455 467 467 481 481 
31 73 94 184 184 263 263 263 336 486 486 
444 444 
398 413 
413 413 413 
76 354 354 
140 140 
42 42 
76 76 76 162 162 
42 42 359 359 
41 184 184 
72 90 153 153 244 358 358 358 358 
358 358 358 
271 271 
76 76 209 209 
81 81 165 223 261 261 
39 39 159 159 369 369 428 
22 22 22 
407 
413 
264 264 264 385 413 413 
174 174 413 494 494 494 
228 315 
227 227 257 
184 184 184 
145 271 271 301 301 301 381 408 427 427 427 452 464 464 470 470 470 
182 182 
222 222 
239 239 
227 227 305 305 
69 69 69 147 147 173 236 236 447 447 
52 52 184 
27 27 47 76 76 76 
67 67 281 281 281 298 298 421 506 506 506 
84 84 85 85 
314 314 481 481 
8 196 224 
189 356 356 
402 402 
76 
5 5 31 41 41 76 76 99 99 134 134 151 184 184 184 271 271 271 273 273 307 307 307 319 319 411 411 462 490 490 508 508 508 
12 12 184 202 202 
351 351 
367 431 431 431 496 
38 38 72 89 89 141 193 193 193 244 244 325 325 325 325 326 326 326 413 466 466 503 
61 81 323 323 
229 229 229 

65 193 193 413 
182 
262 262 292 292 292 
415 415 
184 
114 114 259 259 357 496 496 
401 401 401 
71 330 330 
306 
68 68 
190 
196 196 196 
154 154 154 250 271 271 417 417 442 442 
233 233 
222 222 222 
225 225 458 458 458 
101 
103 103 
134 
0 0 0 46 64 64 64 123 133 139 339 395 395 395 408 408 
413 413 
415 415 432 
314 449 
264 334 
198 198 
124 124 124 
487 
22 22 22 81 81 82 115 497 
232 232 232 232 
271 271 
227 227 305 305 
225 
81 81 495 495 
46 381 381 381 
184 184 307 307 
294 294 294 
96 314 314 317 
41 41 156 
5 5 50 50 50 
110 110 110 247 271 368 368 368 
39 159 159 219 219 274 274 352 352 
427 427 
6 92 92 92 182 182 182 
39 39 206 206 239 239 
230 230 230 
175 175 332 413 413 413 
25 26 87 87 150 150 150 248 248 271 271 271 293 294 294 297 297 297 306 339 381 381 412 437 437 
184 184 184 258 
262 262 262 292 292 
354 354 
271 271 408 
35 45 74 76 76 76 77 77 92 92 119 119 128 128 155 161 161 167 167 168 168 182 182 193 196 196 222 222 243 243 243 251 286 286 286 299 299 317 318 318 318 333 334 334 335 358 362 382 382 407 407 407 439 448 448 455 494 
22 22 108 
37 116 129 129 177 177 177 177 184 184 184 201 201 201 230 230 236 236 236 254 254 269 283 303 365 365 383 383 432 432 432 460 463 463 

149 374 374 
80 80 80 95 95 95 314 314 
225 
18 441 441 
281 347 
196 196 196 


103 103 157 157 169 169 169 
184 184 184 
271 271 282 282 339 339 339 403 403 
20 20 159 159 330 
314 314 
241 241 
357 357 357 496 
236 236 383 415 415 415 

314 
280 280 280 449 
22 22 
408 408 
83 
45 161 161 413 
186 
5 5 5 18 98 98 420 420 
250 271 271 374 374 
5 5 
59 59 182 182 316 316 
41 450 450 450 450 
191 191 
344 344 
413 413 
280 280 314 384 435 467 
41 41 41 156 445 445 445 445 462 462 
289 289 
339 464 
271 271 271 
4 4 124 124 131 219 232 
17 314 314 413 
184 184 491 
41 
225 377 377 377 

236 236 236 415 
22 22 
354 450 450 
63 63 75 75 415 415 
339 339 452 
307 307 
72 358 358 
215 280 280 308 308 314 314 449 
123 123 
159 511 511 
339 339 339 
101 101 170 170 170 195 267 267 
273 

56 

10 100 240 496 
159 159 188 188 227 
207 
193 193 
127 127 171 171 171 290 290 
314 314 349 349 
305 305 
30 222 
184 184 
39 
31 31 120 120 315 315 489 489 
56 56 56 235 236 388 
184 184 
31 486 486 
51 184 184 354 354 
185 456 
41 
3 266 
174 220 335 335 335 413 
81 394 394 
100 197 197 240 265 265 357 367 367 431 476 
22 22 389 
160 160 
182 222 222 
167 193 


234 358 
5 
233 
347 347 347 

5 5 5 48 86 86 198 354 354 354 
76 76 295 
159 
159 159 469 469 
