Nodes: 512, Edges: 1187
133 381 
441 
28 28 28 91 182 182 183 183 183 
271 271 493 493 
454 
34 34 88 88 184 184 184 198 198 225 255 255 273 273 279 354 354 400 400 441 443 475 
404 404 
233 233 233 271 
196 196 196 224 224 224 313 350 
287 287 287 
476 476 476 
264 
184 184 202 202 202 355 355 

125 184 184 
59 59 59 182 444 

390 390 390 455 455 
420 441 441 
104 104 104 
428 428 
31 31 31 
108 115 331 331 389 414 414 414 414 497 497 
290 290 290 290 
76 76 

158 158 408 
76 76 346 
2 2 2 178 178 183 

180 180 222 483 483 
21 21 21 172 184 184 279 279 279 315 315 354 486 486 489 
184 307 
67 192 192 
5 5 
158 413 
106 
57 415 415 415 
358 358 
62 62 159 159 159 163 166 219 231 241 241 267 302 302 402 402 405 405 477 477 477 
192 192 236 249 249 
85 99 99 137 156 156 160 160 160 184 184 324 354 354 399 450 457 457 457 492 492 
321 323 323 
193 193 
137 137 
76 109 413 413 439 439 439 
64 339 339 
76 76 346 346 

236 236 
400 400 
490 490 
184 345 345 
225 225 
76 76 299 299 501 
93 195 195 236 
236 446 474 474 474 487 487 
37 
294 294 397 
15 15 15 444 
104 104 104 236 
81 81 81 359 359 
39 39 241 
75 383 383 383 463 
46 381 
193 193 193 362 362 362 416 416 

33 192 281 281 
169 169 179 296 296 371 
236 344 344 
184 184 258 

466 
94 94 315 
448 448 448 
63 383 383 463 463 
24 24 27 27 45 47 47 54 54 78 78 96 96 107 107 107 109 109 162 184 184 186 186 196 199 208 228 228 228 229 245 245 245 245 292 295 299 299 299 299 299 314 314 319 322 322 328 354 413 423 440 478 509 
196 196 413 
76 76 
104 236 
314 314 314 418 
61 61 61 82 184 184 184 261 289 289 359 359 389 394 394 
81 121 142 143 143 165 389 389 
104 236 236 438 438 438 
85 85 85 312 348 348 
41 84 84 84 160 160 160 312 
198 
306 306 306 370 408 
5 5 504 
358 358 
358 
2 
182 404 413 413 
55 
73 73 315 315 
418 
76 76 398 
171 171 171 290 290 
420 441 
41 41 354 354 
496 496 496 
140 140 195 195 378 378 471 471 471 
117 136 216 
146 379 379 425 
19 19 19 60 60 60 79 83 138 138 138 236 237 237 507 507 
184 184 190 372 
36 190 372 372 
76 76 76 
22 414 414 
45 76 76 199 199 
176 176 176 247 401 
182 182 
184 184 

367 
22 389 
415 
102 125 125 135 184 184 184 236 
152 152 152 152 364 
122 122 222 413 413 
486 
82 143 143 143 
119 119 222 
381 468 
232 232 232 387 387 454 
14 117 117 136 136 
185 491 491 
480 
413 448 448 
236 236 236 415 415 
497 
454 454 
168 168 168 
0 381 381 
354 354 354 
117 
102 125 125 
41 44 44 184 
104 104 104 164 236 236 
381 381 
101 101 320 320 
196 196 358 358 358 
82 389 389 
82 82 121 121 121 217 217 217 
282 282 282 
339 339 
103 379 379 
236 344 

417 417 417 
408 
354 
118 118 118 118 292 292 
325 
374 
413 413 
41 41 354 450 
233 276 425 425 
26 26 35 194 271 408 408 408 
39 39 39 188 227 227 231 231 305 330 402 428 433 433 469 477 510 510 511 511 511 
41 41 41 85 85 85 272 272 312 498 
413 439 
76 322 322 322 
39 
138 
82 
39 477 
413 500 
132 132 132 413 413 413 
68 68 233 233 296 425 425 425 425 
471 471 471 
97 97 97 290 290 480 
31 
344 
222 222 335 335 
187 187 187 407 
110 110 110 247 
300 415 415 415 
28 28 183 183 
68 
30 30 
367 367 
2 2 15 92 111 111 340 340 340 363 363 404 404 413 444 444 499 
2 2 2 28 178 178 
5 5 5 12 12 14 14 31 31 32 41 41 52 70 70 76 76 81 81 81 105 105 112 112 117 117 117 137 213 221 221 236 236 236 246 260 260 267 267 267 279 279 289 291 291 292 292 307 307 324 338 345 354 354 355 355 366 396 396 409 409 415 415 415 426 426 456 456 465 465 484 488 490 
126 491 491 
76 76 245 245 440 
175 175 175 413 
159 477 477 

105 106 372 
236 236 236 267 267 267 285 285 285 304 304 
33 33 40 40 67 236 236 281 281 
43 43 65 65 65 251 251 251 286 286 358 358 362 362 413 479 479 479 500 
158 
55 55 101 101 267 
8 8 8 76 77 77 141 141 200 290 290 350 373 373 373 413 422 
496 496 
5 5 86 386 386 
76 109 109 314 314 
196 
236 236 415 415 
12 12 12 355 
271 271 
267 

405 405 
337 478 
76 
328 


238 238 310 310 
184 488 
215 215 215 314 
214 214 214 314 314 467 467 467 
102 
143 143 143 
271 271 271 
39 232 232 274 274 402 402 402 454 
494 494 
184 184 
30 119 122 174 174 314 341 341 376 376 376 413 483 499 499 
329 329 
8 8 8 350 
5 53 53 259 377 419 419 
292 292 292 
159 159 337 337 343 343 392 392 477 
76 76 76 245 
76 295 295 360 360 361 
236 236 275 275 303 303 406 406 406 415 415 
39 159 159 
124 124 124 219 219 454 454 454 
7 7 7 157 169 169 238 238 238 271 287 287 287 287 310 310 310 375 375 505 
503 

40 49 49 55 56 60 69 79 83 83 104 117 129 129 129 138 138 147 184 184 184 191 191 191 192 192 201 201 230 230 237 237 252 267 267 275 275 275 278 278 283 283 344 344 344 351 351 415 415 415 487 487 
104 104 236 236 
212 212 233 233 233 
342 405 405 
279 279 476 476 496 496 
39 39 62 430 430 

311 311 311 413 413 424 424 494 494 
325 325 325 358 358 358 
76 76 76 76 186 186 228 
184 
110 176 288 288 288 401 
408 408 
40 40 
374 374 417 442 442 
193 193 193 413 
236 
330 
283 415 415 
5 5 
271 271 271 273 273 
337 
70 
225 441 
184 184 
81 329 329 

315 315 
11 385 385 


39 184 184 184 191 191 191 195 204 236 236 268 268 268 356 471 471 
267 267 267 
415 
286 286 
3 3 7 158 203 203 218 218 218 233 256 256 256 282 282 327 327 339 354 354 374 375 375 391 391 401 401 408 408 427 442 442 453 453 453 
160 160 
5 5 256 256 472 472 475 475 
219 219 402 402 
230 230 236 236 236 
157 
415 
236 236 
5 31 31 31 184 184 240 240 
308 435 435 435 449 467 
67 67 192 192 298 347 347 421 421 421 
144 144 144 271 271 427 427 
236 236 254 415 

191 191 191 
193 193 270 270 413 
9 9 9 233 233 233 233 
247 247 247 
81 81 184 451 451 451 
23 23 23 23 97 97 171 171 196 196 
184 184 426 426 
76 152 152 184 184 226 226 226 364 364 410 410 410 
408 408 
58 58 397 397 408 408 408 
76 229 229 
68 68 169 

281 347 347 347 
54 54 76 76 76 76 76 413 413 
177 
339 
39 39 485 485 
230 230 415 415 
191 191 
159 343 343 343 343 392 
87 87 87 370 408 408 
32 184 184 354 354 396 465 465 
280 467 467 

212 212 233 233 233 
243 243 243 
84 85 160 
8 
76 76 80 80 80 199 199 214 215 215 222 349 349 349 354 384 384 384 398 413 413 418 418 429 434 434 449 467 467 481 
31 31 73 94 94 263 263 486 486 
444 
398 413 
413 
76 
140 140 
42 
76 76 162 162 162 
42 42 359 359 
41 184 
153 244 244 244 358 
358 358 
271 271 
76 209 
223 223 261 261 
159 253 428 428 
22 22 
407 413 

413 413 413 
174 174 413 413 494 494 
486 
207 227 227 257 
184 415 415 415 
46 46 145 145 271 301 381 381 408 408 408 427 452 464 464 470 
182 182 182 
222 222 
239 
227 227 305 305 305 305 
69 69 147 173 236 236 236 447 
52 52 184 
27 47 47 459 
281 281 298 298 298 421 421 506 
84 84 
314 314 314 481 481 481 
8 196 224 
236 236 356 356 432 432 
402 
456 
5 5 31 41 41 76 99 99 134 134 134 151 156 184 184 271 271 307 307 314 411 450 450 462 462 462 490 490 502 502 508 508 508 
12 12 184 184 202 
267 351 351 
367 367 431 431 496 496 
38 38 89 89 90 141 141 141 193 193 244 244 244 325 326 326 413 413 466 503 503 
61 61 81 81 323 323 
229 229 
229 
65 65 65 193 193 413 
182 182 
118 292 292 
415 
184 
114 181 181 357 357 496 
401 

87 306 
68 
105 106 106 190 
196 196 196 
154 250 250 271 408 408 417 417 417 442 442 442 
233 233 271 271 
222 222 222 
225 458 458 458 
101 101 
103 103 146 146 

0 64 123 133 133 139 139 339 339 395 395 408 408 
413 413 
63 63 63 75 75 415 
314 314 314 449 449 449 
264 264 413 413 
198 198 
124 124 
487 487 
22 81 82 82 115 142 142 497 497 
17 17 17 
271 271 
227 227 305 

81 81 495 
381 381 
184 184 307 
58 294 294 
96 314 317 
41 
5 5 50 50 
110 247 271 271 368 
39 39 159 219 219 219 274 274 352 405 405 
427 
6 6 92 182 182 
39 39 206 206 239 239 402 402 
230 230 230 415 415 
175 332 413 413 
26 87 150 158 158 158 248 248 271 271 293 293 294 294 294 306 306 339 339 339 374 374 381 381 412 412 412 437 470 470 
184 184 
292 292 292 
354 
408 408 408 
35 45 45 76 77 92 92 119 119 128 155 155 161 167 168 168 168 182 187 193 196 222 243 243 251 286 299 299 314 314 317 318 332 334 334 334 335 335 358 358 362 382 382 385 385 407 407 439 448 448 448 455 455 455 494 
22 22 22 22 108 108 
37 37 37 116 129 129 177 177 177 184 184 184 201 201 230 230 236 236 236 254 254 269 277 283 303 303 338 338 338 365 383 406 406 432 432 460 460 460 463 463 
65 65 
149 149 149 250 374 374 374 
80 95 314 314 
225 225 
18 98 441 441 
281 281 281 347 347 
196 
76 
243 243 
103 157 157 169 169 169 169 
184 184 291 291 
271 282 282 339 403 
20 20 159 330 330 
314 
241 241 
357 357 496 
351 351 415 415 
159 159 
314 314 
280 280 280 449 

408 
83 83 83 
45 45 45 161 413 
76 186 
1 5 18 18 98 259 420 420 
250 250 271 271 374 374 374 468 468 
5 
15 59 182 182 316 
450 450 
56 
344 
74 74 74 128 128 413 413 413 
280 314 384 384 384 435 467 
41 156 354 354 445 445 462 462 
289 289 289 
339 464 464 
271 271 271 
4 124 131 131 219 232 232 232 
17 17 413 413 413 
184 184 353 491 491 
41 41 41 
377 377 377 
346 
415 415 415 
497 497 
354 354 354 450 450 
63 75 75 415 415 
339 339 452 452 
184 184 307 307 
72 358 
215 215 215 280 308 308 314 314 449 
123 442 442 
159 511 
339 408 408 
101 101 101 170 170 170 267 267 
273 273 

56 56 56 
5 273 273 
10 10 10 240 240 
39 39 39 159 166 188 188 227 
76 207 
193 193 193 
127 171 
314 349 349 349 

30 30 222 
184 
302 302 
31 31 120 315 315 336 489 
56 56 236 236 388 388 
184 213 
31 486 
51 51 184 354 354 
126 126 185 185 456 456 
41 41 
3 3 
220 220 243 243 335 335 413 
394 
100 100 100 197 197 240 240 357 357 367 431 
22 22 130 389 389 461 461 
160 
182 222 222 
167 193 
54 
354 354 
234 358 358 
88 
233 
347 
104 104 
354 354 354 
76 
159 159 
159 159 159 469 
