Nodes: 512, Edges: 1187
133 381 381 
441 441 
91 111 111 182 182 183 189 189 
493 
454 454 
34 34 48 50 50 50 88 88 88 88 184 198 198 225 225 255 255 273 273 273 354 354 400 441 441 443 443 475 504 508 
404 
233 233 
196 196 224 313 350 350 350 
287 287 
476 476 
264 
184 355 355 
76 76 
117 117 125 184 184 
59 59 59 59 182 444 
184 
390 455 455 
441 
104 
428 
31 
108 108 389 389 414 436 461 497 
290 290 290 
76 76 
408 408 
158 158 408 408 
76 
178 178 183 183 
56 56 
180 180 222 483 483 
21 172 172 172 184 184 184 299 315 354 354 486 
184 184 307 
67 67 
5 5 
158 158 210 210 222 222 222 413 413 413 

415 415 415 
358 
62 62 163 219 219 231 231 241 241 241 302 330 330 477 477 485 485 
192 236 236 236 249 249 
85 85 99 137 137 151 156 160 160 184 184 184 354 354 450 450 
323 323 
193 
137 137 
76 413 439 439 
64 339 381 395 395 
78 346 346 346 
5 508 
236 236 
5 5 5 400 
490 490 
345 345 
225 225 
76 76 501 501 501 
93 93 195 236 236 236 
29 29 191 191 191 236 236 304 446 474 474 487 
415 
294 397 397 
15 15 15 15 
104 236 236 236 
81 81 359 359 359 
39 39 241 241 
383 383 383 383 463 463 
46 381 381 381 395 
193 362 362 362 
141 141 
33 33 192 192 281 281 347 
169 179 179 179 296 296 371 371 
236 
184 258 
369 
325 358 358 466 466 466 
94 315 315 
413 413 448 
463 
13 13 24 24 27 45 54 54 78 96 96 96 107 109 109 162 162 184 186 196 196 196 199 199 207 207 228 229 229 242 245 292 295 295 299 299 314 314 319 319 319 322 328 328 328 346 346 353 354 354 413 413 423 423 440 478 478 509 509 
413 413 
47 76 
236 
314 418 
61 61 82 82 113 184 261 261 289 289 329 329 329 359 389 389 394 394 495 495 
81 81 143 143 165 389 389 
104 104 236 236 236 236 438 438 
85 85 85 312 348 348 
41 41 84 84 84 160 348 348 348 
198 198 198 198 508 508 508 
306 306 370 408 408 
5 5 5 5 504 504 
358 358 
358 358 
2 
182 182 413 
55 55 
73 
418 418 418 
76 76 76 398 
171 290 290 290 
420 441 
41 354 354 
476 476 496 496 
140 195 378 378 378 
117 117 136 136 216 
146 379 379 425 425 
19 60 83 83 138 138 138 236 237 237 237 507 507 
184 
190 190 372 
76 
22 22 
76 76 199 
176 176 247 247 247 401 401 401 
2 2 182 182 
184 184 
81 
367 367 367 
389 
415 415 
14 14 102 102 125 125 125 135 135 184 236 236 
152 152 364 
122 222 222 413 413 
486 

119 222 222 222 
468 468 
232 232 232 309 387 454 454 
14 117 117 117 136 136 
185 491 
480 480 
413 448 448 
236 236 415 415 
497 


0 
354 354 380 380 
117 117 
102 102 125 125 
41 41 44 44 184 184 
104 104 104 164 
381 
101 320 320 
66 66 196 196 196 196 358 
389 
82 82 217 
282 282 
339 339 
103 379 
236 344 
191 304 304 
250 250 417 417 
248 248 248 408 408 
41 
118 118 292 292 
325 
374 374 
413 
41 354 450 
233 276 425 425 
26 26 35 35 194 194 194 271 271 271 408 408 408 
188 188 188 205 205 227 227 231 305 330 402 402 428 428 469 469 510 510 
41 41 85 272 312 498 498 
413 413 439 
76 76 322 322 
39 
138 
82 329 329 329 
477 
413 413 500 
413 
68 233 233 296 425 425 425 

97 290 480 
31 31 31 
344 
222 280 335 
187 187 407 407 
110 110 247 
300 300 415 415 415 415 
28 28 183 
68 68 68 
30 30 222 222 
367 367 367 
2 2 15 92 92 111 111 220 363 363 404 413 413 444 444 499 
2 28 28 178 
5 12 14 14 16 31 31 31 32 32 41 41 41 70 76 81 105 112 112 117 137 137 213 221 221 221 236 236 236 246 246 258 267 267 267 284 284 289 289 291 292 292 307 307 315 324 324 338 345 345 354 354 354 355 355 355 366 366 396 396 409 409 415 415 415 426 465 465 484 484 488 490 490 490 
126 491 
76 245 440 440 
175 175 
159 159 159 477 
2 2 351 
106 106 372 372 372 
56 56 56 148 236 267 267 268 268 304 304 446 446 446 
40 67 67 236 
43 65 251 251 251 286 358 358 358 362 413 413 479 479 500 
158 158 158 
55 101 236 236 236 267 
8 8 76 76 76 141 141 141 141 200 290 290 350 350 413 413 422 422 
496 
5 5 86 86 86 86 386 508 508 
76 76 109 207 314 314 
196 
236 415 
355 
271 271 
267 267 268 268 
159 159 
405 
76 76 199 337 478 478 

328 328 328 
35 35 

238 238 238 238 310 310 
184 488 
215 314 314 
214 314 314 314 
102 
143 
271 271 
39 39 232 274 402 402 
182 494 494 
184 184 184 
30 35 35 35 119 119 122 122 122 174 180 180 314 314 341 376 376 376 376 413 483 483 499 499 
329 
8 313 350 
5 5 53 53 259 377 393 419 419 458 458 
292 292 
159 159 257 343 477 477 
76 245 
76 76 295 295 360 361 
303 406 415 415 
39 39 159 
124 124 124 219 390 390 390 454 
7 7 157 169 169 238 238 271 271 287 287 296 296 296 310 374 374 375 375 505 
503 503 
487 
40 40 40 49 49 55 55 55 56 56 60 60 60 69 79 83 83 83 83 104 117 117 129 129 147 184 184 184 191 192 195 195 195 201 237 252 267 267 275 275 275 344 344 415 415 415 432 438 460 487 
104 104 104 236 
212 212 212 212 233 233 
342 342 405 
279 476 496 496 
39 39 39 62 62 430 430 430 
76 
311 413 413 494 494 
325 325 358 
76 186 228 
184 184 
110 110 110 176 288 288 
150 150 150 408 408 
40 40 
149 149 374 374 417 442 
193 193 193 286 413 413 
236 

283 283 415 415 
5 5 
271 
227 305 
70 184 409 409 
225 367 367 367 

81 81 

315 
11 334 385 385 385 
496 496 
493 
184 184 184 191 191 195 204 204 236 236 268 471 471 471 
191 191 204 204 267 
415 
286 286 
158 158 158 203 203 218 218 233 233 256 282 297 297 297 327 327 327 354 374 374 391 391 391 401 408 408 408 412 427 427 442 442 442 453 453 
160 
5 5 5 354 354 472 472 475 
219 402 402 
236 236 236 
157 
415 415 

240 
174 308 435 435 449 449 449 467 
67 67 298 347 347 
144 144 271 427 
254 254 
184 184 

193 251 270 270 413 413 
9 9 233 233 
247 247 
81 81 184 184 451 451 
23 23 23 97 97 97 171 196 196 480 480 
184 426 
76 152 152 184 184 226 226 364 364 410 410 
408 
58 397 397 397 408 
76 76 229 229 
68 68 169 233 233 233 
271 271 271 408 408 
281 347 
31 76 76 
177 177 
339 339 
39 485 485 485 
230 415 
56 148 148 191 191 
159 257 343 392 392 392 
87 87 370 408 
32 184 184 354 396 396 465 465 
280 467 467 
124 
212 212 233 
243 
84 160 
8 224 
76 76 80 199 199 214 214 215 215 215 222 222 317 317 349 354 354 384 384 384 398 398 413 413 418 434 434 434 449 449 449 455 455 455 467 467 481 
31 73 73 184 263 
444 444 
314 314 398 398 413 413 
413 413 
76 76 76 354 
140 140 
323 323 
76 162 162 
42 42 321 321 359 359 
184 184 
72 153 244 244 358 
358 358 358 
271 271 271 
76 76 76 209 209 209 
81 81 81 165 165 165 223 
39 39 159 369 428 

407 407 413 413 413 
413 413 413 
264 385 385 413 413 
174 494 494 494 
486 486 486 
207 
184 415 415 
46 145 145 301 301 381 408 408 427 452 452 452 464 470 

222 
239 239 
227 305 
147 173 236 236 447 447 
52 52 184 184 
47 47 47 76 76 459 459 
67 281 281 298 421 421 421 506 
84 84 85 85 85 
314 481 481 481 
8 8 8 196 196 224 
189 356 356 356 
402 402 
76 456 456 
5 5 31 31 41 41 76 76 99 99 134 134 156 184 184 184 271 273 273 307 314 314 319 411 411 450 450 462 502 508 
12 12 184 184 184 202 
351 351 351 
431 496 496 496 
38 72 72 89 89 90 90 141 193 193 193 244 325 326 326 326 413 466 500 503 503 
61 61 61 81 323 323 
229 
229 
65 65 65 193 413 413 
182 182 
118 292 292 
415 
184 184 
114 114 114 181 181 181 259 259 259 
401 401 
71 330 
87 306 
68 68 
106 190 190 190 

154 154 233 233 250 250 271 271 408 408 417 417 
233 233 
222 222 222 222 
225 458 
101 101 101 
103 103 146 
134 134 
0 0 46 64 64 64 139 339 395 408 408 
413 413 
63 63 63 63 415 415 415 
314 314 314 449 449 
264 264 264 334 334 413 413 
198 
124 
487 487 487 
22 22 81 81 82 82 115 142 497 497 
17 232 232 232 
271 271 271 
305 305 305 
225 
81 81 
46 46 64 381 
184 184 307 307 
58 58 294 294 294 
96 314 314 317 317 

5 50 
110 110 110 271 368 368 
159 159 219 219 274 274 352 352 405 405 405 
427 
6 182 
206 239 402 402 402 
230 415 
175 175 332 332 413 413 413 
25 25 26 26 87 87 150 150 158 158 158 248 248 271 271 271 293 294 297 297 306 339 339 374 374 381 381 412 412 437 470 470 470 
184 184 258 258 
292 292 
354 354 
271 408 408 
35 35 35 45 74 74 76 76 77 77 92 119 119 128 155 161 161 167 167 168 182 182 193 193 196 196 222 243 243 251 251 286 286 314 314 317 317 318 318 332 332 332 333 333 333 334 334 358 362 362 382 382 385 385 407 407 407 439 448 494 
22 
37 37 37 57 116 116 129 129 177 177 177 177 184 184 184 201 230 230 236 236 236 254 254 269 277 277 303 338 338 365 383 383 383 406 432 460 460 463 463 

149 149 250 374 374 
80 95 95 95 314 
225 225 
98 441 441 
347 347 347 
196 196 
76 76 

103 103 157 157 169 169 169 
184 291 
271 271 282 339 403 
20 159 159 330 

241 241 241 
357 496 496 
236 415 

314 314 314 
280 280 
22 
408 
83 83 236 
45 45 161 413 
76 186 186 
1 1 5 5 18 98 420 420 
250 271 271 271 468 468 
5 5 
15 182 182 316 316 
450 450 450 
56 191 191 191 
344 344 
74 128 128 413 
280 280 280 314 314 314 384 384 467 467 467 
41 41 156 354 354 445 445 445 462 
289 289 
339 339 339 464 
271 271 
4 4 124 124 232 
17 17 314 314 314 
353 353 491 491 491 

225 225 377 
346 346 
236 415 415 
22 497 
354 450 
63 63 75 415 415 
339 452 
184 184 307 307 
72 72 72 358 
280 308 308 314 314 449 449 449 
123 123 442 442 
159 159 511 
339 408 408 408 
267 267 267 
273 273 475 475 
491 
56 56 487 487 
5 273 472 472 
10 10 100 100 240 496 
39 39 166 188 227 227 
76 76 207 207 
193 193 
127 127 171 290 290 
314 349 349 349 

30 30 222 222 
184 184 
39 39 302 302 302 
31 120 336 336 336 489 489 
56 235 236 388 388 388 474 474 
184 213 
486 486 
51 51 184 184 184 
126 185 456 456 456 473 

3 266 
220 220 243 243 335 335 335 413 
81 81 
100 100 197 240 240 265 265 357 357 357 431 431 476 
22 130 389 389 461 
160 160 
182 222 222 
167 193 358 
54 54 54 
354 
234 234 358 358 
5 88 88 
233 
347 
104 104 
5 48 86 86 86 198 198 354 
76 76 
159 159 
469 
