Nodes: 512, Edges: 1187
133 381 381 
441 
28 28 91 91 111 182 183 183 
493 493 
454 454 
48 48 88 88 184 184 225 225 255 255 273 279 354 354 400 441 504 504 508 508 
404 
233 233 271 271 271 
196 224 224 313 313 
287 287 287 
476 
264 
184 184 202 355 355 
76 76 
117 117 184 184 
59 182 182 
184 184 
455 455 455 
441 

428 
31 31 
108 115 331 331 389 389 414 414 436 436 461 497 497 497 
290 290 290 290 290 
76 76 
408 
158 158 408 
76 346 346 
2 2 178 
56 56 
222 222 483 483 
21 21 172 184 184 184 279 299 315 315 354 354 486 486 489 

67 192 192 

210 413 413 
106 
415 415 
358 
62 62 62 159 159 163 163 166 231 302 330 402 402 402 405 477 485 
192 236 236 236 
85 85 99 99 137 151 156 160 160 324 324 354 354 354 450 450 450 457 457 492 
321 321 323 
193 
137 137 
76 76 413 413 439 439 
381 395 395 395 
346 346 
5 5 508 
236 
400 
484 490 490 
345 345 
225 
76 299 501 501 
195 195 236 236 
29 29 191 191 236 236 236 304 304 446 446 487 487 
415 415 
294 294 294 397 
15 
104 104 104 236 236 
81 359 359 359 
39 39 39 241 241 
383 463 463 
381 381 381 381 
193 193 416 416 416 
141 
33 192 192 192 281 281 281 347 
169 169 179 179 296 296 371 
236 236 344 344 
184 246 258 258 

325 325 466 
315 
413 448 448 448 
463 
13 13 24 24 27 45 45 54 78 78 96 96 107 162 184 186 186 186 196 196 199 199 199 208 228 242 245 245 245 292 292 295 295 295 295 299 299 314 314 319 319 319 328 328 346 346 346 354 354 361 413 413 413 423 423 423 440 440 478 509 509 
196 196 413 
76 76 
104 
314 418 418 
61 82 82 113 113 184 184 261 289 329 329 359 359 389 389 389 394 394 495 495 
81 81 121 142 142 143 143 165 389 389 
104 104 236 236 236 236 438 438 438 
85 85 312 348 
41 41 84 84 160 160 160 312 312 348 
198 198 198 508 
306 306 370 370 408 408 
5 5 504 504 
358 
325 358 
2 2 
182 404 404 404 413 413 413 

315 
418 
76 76 398 
171 290 290 290 
420 441 441 
41 41 354 354 
476 496 496 
140 140 140 195 378 
117 117 136 216 216 
146 379 425 425 
60 60 60 79 83 83 138 236 507 507 
190 
36 372 
76 
22 414 414 
199 199 
176 176 176 247 247 401 401 
2 182 182 182 
184 184 
81 81 
367 367 367 
22 
184 184 415 
14 14 102 102 125 135 135 135 184 184 184 
152 152 152 364 
122 122 222 222 
486 
82 143 143 
119 119 222 
381 468 
232 387 387 
117 136 136 136 136 
185 491 491 
480 480 480 
413 413 413 448 448 
236 415 
497 
454 
168 168 168 
0 
354 380 380 380 
117 117 117 
102 125 125 125 125 
41 44 44 184 
104 164 236 236 
381 381 
101 101 101 
66 196 196 358 358 
82 82 389 
82 82 121 121 217 217 


103 
236 236 344 
304 304 
250 250 250 
248 248 408 
41 354 354 
118 118 118 292 
325 325 
374 374 374 
413 413 
41 354 450 
233 233 276 425 425 425 425 
26 26 194 194 194 271 408 408 408 
39 39 188 205 231 231 330 402 402 428 428 433 469 469 469 510 511 
41 41 85 85 85 272 498 498 
413 413 439 
76 322 
39 39 
138 
82 
39 477 477 477 
500 
132 132 132 413 413 413 
68 68 233 233 233 296 425 425 

97 290 290 480 480 480 480 
31 
344 344 344 
222 222 222 222 335 
187 187 187 187 407 407 407 
110 110 110 247 247 247 
300 300 300 415 415 415 
28 183 183 183 
68 68 
222 222 222 
367 367 
2 15 15 92 111 111 111 220 340 340 340 363 404 404 413 444 444 499 
2 2 178 178 178 
5 5 12 12 14 14 16 16 31 31 31 70 76 81 81 112 112 116 116 117 117 117 137 221 221 236 236 236 246 246 246 258 260 267 267 279 284 284 289 291 292 307 307 315 324 338 338 345 354 354 354 355 355 366 396 409 415 415 456 456 465 484 484 488 490 
126 491 491 491 
76 76 76 245 245 440 440 440 
175 175 175 175 413 413 
159 
351 
105 372 
56 56 236 267 267 267 268 268 446 
33 33 40 67 67 67 236 236 281 
43 65 65 251 251 286 286 358 358 362 362 362 413 413 479 479 
158 158 158 
55 55 101 236 236 236 471 
8 76 76 77 77 141 141 200 200 200 290 290 350 373 413 
496 
86 86 86 508 
76 76 76 109 109 207 207 314 314 314 
196 196 196 
236 236 415 
12 355 
271 
268 268 
159 
405 
199 199 478 
76 

35 
236 
238 238 238 310 310 
488 
215 314 
214 314 467 
102 102 
143 143 
271 271 
232 232 402 402 454 
182 494 494 
184 184 
30 30 119 119 122 174 174 174 174 180 180 180 309 314 314 341 376 376 413 413 483 499 499 499 
329 329 
8 8 313 313 
5 5 53 259 377 377 393 419 458 458 458 
292 292 
257 337 337 337 343 343 343 392 477 477 
76 
295 295 360 360 360 360 
236 236 275 303 406 406 415 415 415 
39 159 159 
124 219 219 390 454 454 
7 7 157 157 169 169 169 271 271 287 287 287 296 310 310 374 375 375 375 505 505 
503 503 503 
236 
40 40 40 49 55 55 56 56 56 60 60 69 69 83 83 83 83 104 129 138 138 147 147 184 184 184 191 192 192 195 195 195 201 201 211 230 230 235 237 237 237 267 267 267 278 283 344 344 351 415 415 415 432 432 432 460 487 487 
236 236 236 
212 212 212 
342 405 405 
279 279 476 476 496 496 
62 62 430 
76 
311 413 413 424 424 494 
358 
76 76 76 186 186 
70 184 184 184 
110 110 176 176 176 288 288 401 401 
150 150 408 

149 149 149 374 374 442 442 
193 193 286 286 413 

330 330 
415 415 
5 5 
271 271 271 
227 305 305 337 
70 70 184 409 409 
225 367 367 441 
184 
81 329 329 329 
364 410 
315 
11 334 334 385 385 

493 
184 184 191 191 191 236 236 236 268 268 356 
191 191 204 204 267 267 
415 415 
286 
7 7 7 158 203 218 218 233 233 256 256 256 282 297 327 327 339 339 354 374 374 375 375 391 391 401 401 408 408 412 412 427 427 442 442 453 453 453 
160 
5 354 354 354 472 475 475 475 
402 402 
230 
157 
415 415 415 
236 
5 31 184 240 240 
435 435 467 
67 67 67 192 298 347 347 421 421 421 
271 
236 415 
184 184 

193 193 251 251 270 413 413 
9 9 9 233 233 233 
247 247 
81 184 451 451 451 
23 23 23 23 23 97 97 97 171 171 196 196 480 
184 426 426 
76 76 152 184 226 226 364 364 364 410 410 410 
408 
58 58 58 397 397 408 
76 76 76 76 229 229 
68 68 169 233 
271 
281 347 347 
31 54 76 76 
177 177 177 

39 485 485 
230 415 
56 56 148 148 
257 257 343 343 343 392 392 482 
87 87 370 408 408 
184 184 396 465 465 
467 
222 
212 212 233 233 
243 
84 85 85 
8 8 224 224 
76 76 80 199 199 199 214 215 222 222 317 349 349 349 354 354 384 398 398 413 418 418 429 449 455 467 481 481 
31 31 73 94 184 263 336 336 486 

314 398 398 413 413 
413 413 
76 76 76 354 

42 42 323 
162 
42 321 359 359 359 
41 41 184 
72 72 90 153 153 358 
358 
271 271 
76 76 
81 81 223 223 261 261 261 
39 159 253 253 369 369 428 428 428 
22 22 
407 407 
413 
264 264 385 413 413 413 
174 413 494 
315 315 486 
227 227 227 257 
184 184 
271 271 381 408 408 427 427 452 452 464 464 464 470 
182 182 182 
222 
239 
227 227 227 305 305 305 
69 69 147 173 173 173 236 236 447 447 
52 52 184 
27 27 47 47 76 76 76 459 459 459 
67 281 281 298 298 421 421 421 506 506 506 
84 85 
314 314 314 481 481 481 
196 
189 236 356 
402 402 
456 
5 5 31 31 41 41 41 76 76 99 99 134 151 151 156 184 184 184 271 273 273 273 314 314 319 411 411 411 450 450 462 490 502 508 508 
12 12 184 184 202 
267 351 
367 367 431 431 496 496 
38 89 90 141 141 193 193 244 325 326 413 413 466 466 503 503 
61 61 61 81 81 323 323 323 
229 229 229 229 
76 
193 193 193 413 413 413 
182 
118 262 292 292 292 

184 
114 114 114 181 181 259 259 357 357 496 496 496 
401 401 
330 330 
87 87 306 
68 
106 190 
196 
154 154 154 233 250 250 271 271 408 417 417 417 
233 233 233 271 271 
222 222 
225 225 458 458 
101 
103 
134 134 134 
0 0 46 64 64 64 64 123 139 139 339 395 395 
413 413 
63 415 
314 449 
264 264 334 413 

124 124 
487 487 487 
22 22 81 81 81 82 82 142 497 497 
232 
271 271 
227 305 305 
225 
81 81 495 495 
46 46 46 381 381 
184 307 
58 294 294 
96 314 314 317 317 

5 50 
110 110 247 247 271 271 368 368 
39 39 39 159 159 219 219 274 274 352 352 405 405 
427 
6 92 92 92 182 182 
39 206 239 239 402 402 
230 230 415 
175 175 175 332 332 413 413 
25 26 87 87 150 158 158 158 248 271 271 293 294 306 306 339 339 374 412 437 437 470 470 
184 258 258 
262 292 292 292 
354 354 354 
271 271 408 
35 35 45 45 74 76 76 76 77 92 92 92 128 128 128 155 155 161 161 168 168 168 182 187 187 193 193 196 222 222 243 243 251 286 286 314 317 317 318 318 333 334 334 334 335 358 358 362 362 362 382 382 385 407 407 439 439 448 455 494 500 
22 22 108 108 
37 37 57 57 116 129 177 177 177 184 184 201 230 230 230 236 236 236 254 254 269 269 277 277 277 283 303 383 406 460 460 463 463 
65 65 65 
374 374 374 
80 80 95 314 314 
225 
98 441 
281 281 281 347 347 347 

76 76 76 
243 243 
103 103 157 157 157 157 169 169 
291 291 
271 271 339 339 403 
20 159 159 330 330 330 
314 
241 
357 357 496 496 
236 236 236 
159 

280 280 449 449 
22 22 
408 408 
83 83 83 487 
45 45 161 413 413 
76 76 186 186 186 
1 5 18 98 98 259 420 
250 250 271 271 468 468 

182 182 
450 450 450 
56 56 191 
344 344 
74 74 74 128 128 413 
314 384 435 435 467 
41 41 41 156 354 354 445 445 445 462 
289 289 289 
339 339 464 464 
271 271 271 
4 4 131 219 232 232 
17 17 17 314 413 
184 184 353 491 491 491 
41 41 
225 225 225 377 377 
346 346 346 
236 415 415 
22 497 497 
354 450 
63 63 75 415 415 
339 339 339 452 452 
184 307 307 
72 358 358 
215 280 308 314 449 
123 442 442 
159 159 159 511 
339 408 408 
195 
273 475 475 


273 273 273 472 472 
10 100 240 240 496 
39 166 166 166 227 227 
76 207 
193 193 
127 127 127 171 171 171 171 290 
314 314 349 349 349 
305 
30 30 222 
51 184 184 
39 302 302 
31 31 120 315 336 489 489 
56 56 236 236 388 388 388 438 
184 213 
31 486 486 
51 51 184 354 
126 126 185 185 185 456 456 456 
41 
3 3 266 
220 220 243 335 413 
81 81 394 394 
100 100 197 240 240 357 357 367 367 367 431 431 476 
22 22 22 130 389 389 461 461 
160 160 
182 222 222 222 
167 413 
54 54 
354 
234 234 234 358 358 
5 5 88 88 
233 233 
347 347 347 
104 104 
5 5 48 86 198 354 354 
76 76 
159 
159 469 
