Nodes: 512, Edges: 1187
133 381 381 
441 441 441 
28 28 91 111 182 182 182 183 183 
271 493 493 493 

34 48 50 184 198 225 225 255 273 273 354 354 354 400 441 441 443 443 475 504 504 504 508 
404 404 
233 233 271 
196 196 224 313 313 350 350 350 
287 287 
476 
264 264 264 
184 202 202 

117 117 125 184 
59 
184 184 
390 
441 441 
104 
428 

115 331 331 389 414 414 414 414 436 436 461 497 497 
290 290 290 290 
76 
408 
408 
76 346 346 
2 2 178 178 183 

180 483 483 
184 184 279 279 315 315 354 354 486 486 489 
307 
67 67 192 192 192 
5 
158 158 158 210 413 

406 415 
358 358 
62 62 159 163 166 219 219 231 241 267 302 302 330 330 330 402 402 405 477 477 477 485 
192 192 236 236 249 249 
85 85 99 99 156 156 160 184 184 324 354 354 399 450 450 457 457 457 
321 321 323 323 323 
193 
137 
76 413 439 
64 339 339 395 395 
76 78 346 346 346 346 
5 

5 400 400 
484 490 490 
184 184 345 
225 
76 299 501 
93 93 195 195 236 236 
304 304 446 446 
415 
294 294 397 
15 444 444 
104 236 
81 359 
39 39 241 
75 383 383 383 463 
46 381 381 
193 362 416 
141 141 
33 33 192 192 281 281 347 347 
169 179 296 296 371 371 
236 236 344 
184 184 184 246 258 

325 358 358 358 466 466 
94 315 
413 413 448 448 
63 383 463 
24 27 45 47 54 78 78 96 96 107 107 107 109 109 162 162 184 184 184 186 186 196 199 199 199 207 208 228 228 229 229 242 245 245 245 245 295 295 295 299 299 299 314 314 319 322 328 346 346 353 353 353 354 361 413 413 413 423 423 440 440 456 478 509 
196 196 413 
47 76 76 
104 236 
314 314 418 418 
61 82 113 113 184 261 261 261 289 289 329 329 359 359 389 389 394 495 
81 142 143 165 389 
104 104 236 236 236 438 438 
85 312 312 348 348 348 
41 41 84 160 160 312 312 348 348 445 
198 198 198 
306 306 306 370 408 408 


325 358 358 
2 
182 404 404 404 413 413 
55 55 
73 315 315 
418 418 418 
76 76 
171 171 290 290 290 
441 
41 41 354 354 
496 496 496 
140 140 195 378 378 378 471 471 
117 117 136 216 
146 146 425 425 
19 60 79 83 83 138 236 237 
184 190 190 
190 190 190 372 
76 76 76 

76 76 
176 176 176 247 401 401 
2 182 182 
184 184 
81 81 
367 367 
22 
415 
14 14 102 102 135 184 236 236 
152 152 152 152 
222 222 
486 
143 143 143 
222 
468 
232 232 387 387 454 
14 136 136 
185 185 491 
480 480 
413 413 413 448 448 448 
236 236 415 

454 454 
168 168 
0 381 381 
354 380 380 380 
117 
102 125 125 
44 184 184 
104 164 164 236 
381 
101 101 320 320 
66 66 196 196 358 
82 389 389 
82 121 121 121 217 217 217 
282 282 
339 339 
103 103 379 
236 344 344 
191 191 
250 
248 248 408 
354 354 
118 118 118 118 292 292 
325 325 325 
374 374 

41 41 354 399 450 
233 233 276 276 
35 35 35 194 194 194 271 408 408 
39 205 205 205 227 227 231 231 231 305 330 330 330 402 402 428 428 433 469 477 510 510 511 511 511 
41 85 85 272 272 312 498 498 
413 413 439 439 
76 76 322 
39 
138 138 
82 329 
39 477 
413 413 413 500 
132 132 
68 233 296 425 
471 471 
97 97 290 290 480 480 480 

344 344 
222 222 222 335 335 
187 187 
110 110 110 247 
300 300 415 415 415 
28 28 183 183 183 
68 
30 222 
367 367 
2 2 2 92 111 111 220 220 404 404 413 413 
2 2 28 178 178 178 
5 12 14 16 16 31 31 41 41 52 52 70 70 70 76 76 76 81 105 112 112 117 137 137 213 213 221 236 236 258 258 258 260 260 260 267 267 279 279 284 284 289 291 292 307 307 307 315 315 324 324 324 338 338 345 354 354 354 355 366 366 366 396 409 409 426 426 456 465 484 484 484 488 488 490 
126 126 491 491 
76 76 245 245 
175 175 413 
477 477 477 
351 351 351 
105 105 106 106 106 372 372 
148 148 236 267 267 267 268 285 285 285 304 446 
33 33 33 40 40 67 67 236 281 
43 65 251 251 251 286 358 358 362 362 413 413 413 479 479 479 500 
158 158 158 
55 55 101 236 236 267 267 471 
8 8 76 77 77 141 141 200 290 290 290 350 373 373 373 413 413 
496 496 
5 86 86 86 386 386 386 508 508 508 
76 76 76 314 314 314 
196 269 
236 415 
12 12 355 355 355 
271 271 
267 267 267 268 
159 159 159 
405 
76 337 478 478 
76 
328 328 
35 309 
236 
238 238 310 310 
184 184 488 
215 215 314 
214 214 314 
102 
143 143 143 
271 271 271 
39 39 232 232 232 402 454 
182 182 494 494 494 494 
184 
119 119 122 174 174 174 180 309 314 341 341 376 413 413 483 499 499 499 

8 313 
5 5 53 259 377 393 393 393 419 419 419 458 

159 159 257 257 337 337 343 343 392 477 477 
76 76 336 
76 76 295 360 
236 275 275 303 303 406 406 415 415 
39 159 159 159 
124 124 219 219 219 390 454 
7 7 157 157 169 238 238 238 287 287 287 287 296 296 310 310 374 375 505 505 
503 

40 40 55 55 60 69 69 79 83 83 83 104 117 117 129 129 138 147 184 184 191 192 195 195 201 211 230 237 237 237 252 252 252 267 267 267 278 283 283 283 344 344 415 415 415 487 
104 236 236 236 
212 212 233 233 233 
342 342 405 
279 279 496 496 
39 62 430 430 430 
76 
311 311 413 413 424 424 494 
325 325 325 358 
76 76 76 76 186 186 
70 
110 176 288 288 401 
150 150 408 
40 40 
149 374 417 417 417 442 442 
193 193 193 286 286 413 413 
236 236 236 
330 
283 415 
5 
271 
227 227 305 305 337 
70 184 184 184 409 
225 367 
184 184 184 
81 81 81 329 329 
364 410 
315 315 
11 11 11 334 334 334 385 
496 

39 184 184 191 191 191 195 195 204 204 204 236 236 236 268 268 268 356 356 471 471 
191 204 267 267 267 
200 415 415 
286 
3 7 158 203 203 218 218 218 256 327 354 374 374 374 375 391 391 391 401 401 401 408 408 408 412 427 427 427 442 442 
160 160 
5 5 354 354 354 472 475 
402 402 
230 230 
157 157 

236 
31 31 184 184 240 240 
308 435 435 435 435 449 449 449 
67 67 192 298 347 347 421 421 
144 144 427 427 
236 236 236 254 415 415 
184 184 
191 191 191 
193 251 251 270 413 413 
9 9 233 233 233 233 
247 247 
81 81 184 451 
23 23 23 23 97 97 97 171 171 196 196 196 
184 426 426 
152 152 184 410 410 410 
408 
58 58 397 397 408 
76 76 76 229 509 
68 68 169 233 233 
408 408 
281 347 
54 76 76 76 413 413 
177 177 
339 339 
39 39 485 
230 230 415 415 415 
56 56 191 
159 257 257 343 392 482 
87 87 87 370 370 408 408 
32 184 184 184 354 354 396 396 465 
280 467 467 
210 222 
212 212 233 233 
243 243 
84 84 85 85 160 
8 8 224 
76 76 80 80 199 199 199 214 215 222 317 349 349 354 354 354 398 413 418 418 429 429 434 449 449 455 455 
31 31 73 94 94 184 184 263 263 336 336 336 486 

314 398 398 413 413 413 
413 413 413 
76 354 354 354 
140 140 
42 42 323 
76 162 
42 42 42 321 359 
41 184 184 184 
72 90 153 153 153 244 244 244 358 358 358 
358 358 
271 
76 209 209 
81 81 165 261 261 
39 39 39 159 159 159 253 369 369 
22 22 
413 
413 413 
264 264 264 385 385 413 413 
174 174 413 494 494 494 
228 315 315 315 486 486 
207 227 227 257 
184 184 
46 46 145 145 301 301 381 381 408 408 408 452 452 452 464 470 470 

222 222 
239 239 
227 227 305 
69 147 147 173 173 236 236 447 447 447 
52 184 
27 27 47 47 47 47 76 76 459 459 
67 67 281 281 298 421 506 506 
84 84 84 85 85 
314 314 481 481 481 
8 8 8 196 
189 189 189 356 432 432 
402 
76 76 76 456 456 456 
5 5 5 31 31 41 41 76 99 99 134 151 151 156 184 184 184 271 273 273 273 307 307 314 314 314 319 319 319 411 450 450 462 490 490 502 502 502 508 508 508 
184 202 202 202 
267 267 351 
367 431 496 
38 38 72 72 72 90 90 141 193 193 244 325 325 325 326 326 413 466 466 466 500 503 
61 81 81 323 
229 
76 
65 193 193 413 

262 
415 
184 184 184 
114 114 181 181 259 357 496 
401 401 
330 330 
87 306 306 
68 68 
106 190 190 
196 196 196 
154 154 233 250 271 271 271 408 408 417 442 
233 271 
222 
225 458 458 458 
101 101 101 
146 
134 134 134 
0 0 64 64 133 133 139 339 339 395 395 408 
413 
63 63 63 75 415 415 
449 449 
264 334 334 413 413 
198 198 198 
124 124 
487 487 487 
22 81 81 82 142 142 497 497 
17 232 
271 271 271 
227 305 
225 225 225 
81 495 
46 46 381 381 
184 307 307 
58 294 294 
314 317 317 
41 156 
5 50 50 
110 110 247 271 271 271 368 368 
39 39 159 159 219 274 274 352 
427 
6 6 92 92 92 182 182 
39 206 239 
37 230 230 415 
413 413 413 413 
25 26 87 87 150 158 158 248 271 271 271 293 294 297 297 306 306 339 339 339 374 374 381 437 437 470 470 
184 184 258 
262 292 292 292 
354 
271 
35 45 74 74 76 76 76 77 92 92 128 128 128 161 161 167 167 167 182 182 187 193 193 193 196 196 222 222 243 243 251 251 286 286 299 299 314 317 317 317 318 318 318 332 333 333 334 334 335 358 362 382 385 385 407 407 407 407 439 448 448 448 494 500 
22 22 22 22 
37 57 116 129 177 177 177 201 230 230 236 236 236 254 269 269 283 283 303 303 303 365 383 383 406 460 
65 
250 250 250 374 
80 80 95 95 95 314 314 
225 225 225 
441 
281 281 347 

76 76 
243 243 
103 103 169 
184 184 291 291 
271 271 271 282 282 403 
20 159 159 
314 314 
241 241 241 
357 496 
351 351 
159 
314 
280 280 280 280 
22 22 
408 408 
83 83 487 
45 161 161 413 
76 76 
1 1 1 5 5 18 18 98 420 
250 250 271 271 374 468 468 
5 5 
59 59 
85 450 450 450 
56 56 191 
344 344 344 
74 74 128 128 128 413 413 413 
280 280 280 314 314 384 384 467 467 
41 41 156 354 354 445 445 445 462 
289 
339 339 339 

124 131 131 219 232 
314 314 
76 184 353 353 353 
41 41 41 
225 377 377 377 
346 346 
415 
22 
354 450 
63 75 
339 
184 307 
72 72 358 358 358 
308 308 449 449 
123 442 442 
159 511 
339 339 408 408 
101 101 170 170 195 267 267 
273 475 475 

487 
5 273 472 472 
10 496 
39 39 39 159 166 188 188 188 227 227 
76 207 207 
193 193 193 
127 127 171 171 171 
349 349 349 
305 
30 30 222 
51 184 184 184 
39 302 
31 31 120 315 336 336 489 489 
236 388 388 388 438 474 
184 184 213 
31 486 486 
51 51 184 354 354 
126 185 185 

3 3 3 
220 220 220 220 243 335 335 335 413 
81 394 
100 100 100 197 197 240 240 265 357 367 431 476 
22 22 389 389 
160 160 
222 222 222 
167 193 358 413 
54 
354 354 354 
234 358 
5 5 5 
233 233 
347 347 

5 198 198 198 354 354 354 
76 295 
159 159 
159 159 159 469 
