Nodes: 512, Edges: 1187
381 
441 441 441 
91 182 183 183 
271 271 
454 
34 48 50 88 88 88 88 88 184 184 198 198 225 255 255 273 279 279 354 354 400 400 441 441 475 504 504 504 508 508 

233 271 271 
196 224 313 313 313 350 350 
287 287 

264 264 
202 355 355 355 
76 76 
117 117 184 184 
59 59 59 
184 
390 455 
441 
104 104 
428 428 428 
31 
108 115 331 331 389 389 414 414 414 436 461 461 497 497 
290 290 
76 
408 408 408 
158 158 408 
76 76 346 
178 178 183 
56 56 
180 180 222 222 222 483 483 
21 172 184 184 279 315 315 315 354 486 489 489 

192 192 192 
5 
158 158 210 222 
106 
415 415 415 
358 
62 159 159 163 166 219 241 241 302 302 302 330 330 405 405 477 477 485 485 
192 192 236 249 
85 85 85 99 99 137 137 151 151 160 184 184 184 324 354 354 399 457 457 492 
321 321 321 323 323 323 
193 
137 137 
439 
339 381 381 395 
76 346 346 
5 
236 
5 400 400 
484 490 490 
184 345 345 
225 225 
76 76 299 299 501 
93 93 93 195 236 236 236 
29 29 191 236 236 304 446 446 474 474 487 487 
415 415 
294 294 397 397 
15 15 15 444 
104 104 236 236 
81 359 359 
39 241 241 
383 383 
381 381 
193 193 362 416 
141 141 
192 347 
169 169 179 179 179 296 296 371 
236 236 344 344 344 
184 184 184 246 258 
369 
325 325 358 358 466 466 
94 94 315 
413 448 
383 463 463 
13 13 24 27 27 47 54 54 96 96 107 107 109 162 184 184 184 186 186 196 196 199 199 207 208 228 228 229 229 229 242 242 245 245 245 292 295 295 299 299 299 299 314 319 319 319 322 328 346 353 354 423 423 440 456 478 478 509 509 
196 196 413 413 

236 
314 418 418 
61 82 113 184 184 261 261 289 329 329 359 359 389 389 394 394 495 495 
81 143 165 165 165 165 389 
236 236 236 438 438 
85 85 312 312 
41 41 41 84 84 160 160 312 312 312 445 
198 198 508 
306 306 306 370 408 408 
5 5 5 5 5 504 

358 
2 
182 404 
55 55 55 
73 73 315 315 
418 418 
76 76 
171 171 290 290 
420 420 420 441 441 
41 41 354 354 354 
476 476 496 
140 195 378 471 471 471 
117 117 117 136 136 216 216 
146 146 379 379 425 
19 19 60 60 138 138 138 236 237 237 507 507 
184 184 184 190 190 
36 190 372 
76 76 
22 414 414 
76 199 
176 176 401 401 401 

184 184 
81 
367 367 
22 389 
184 415 
14 14 102 102 102 125 125 135 135 184 
152 152 364 
222 222 413 
486 486 
143 143 143 
222 
468 
232 309 387 387 
117 117 136 136 
185 185 491 

413 413 448 448 
236 236 236 415 

454 454 
168 168 
381 
354 
117 117 
102 102 125 125 
41 41 44 44 
104 104 104 164 236 
381 
101 
66 66 196 196 358 358 
389 389 
82 121 121 121 217 
282 282 
339 
103 103 379 
344 344 344 
191 191 304 
417 417 417 
408 408 
41 41 354 
118 118 292 292 
325 325 325 
374 374 
413 
354 
233 276 425 425 
26 26 35 35 194 194 271 271 271 408 
39 39 188 188 205 227 231 231 305 330 330 402 428 428 428 433 433 469 477 510 510 
41 85 85 272 272 498 498 
413 413 439 439 
76 322 322 
39 
138 
82 82 82 82 329 
39 477 
413 413 
132 132 413 413 413 
68 68 233 233 233 296 296 425 425 425 
471 471 471 
97 97 290 290 480 480 480 
31 
344 344 
222 335 
187 187 407 
110 110 247 
300 300 415 415 
28 28 183 183 
68 68 68 
30 30 222 222 
367 
2 92 220 340 340 363 404 404 413 413 
2 2 28 178 178 
5 5 14 14 16 31 31 41 41 41 52 70 70 70 76 76 76 81 81 105 105 105 112 112 116 117 213 213 213 236 236 246 246 258 258 260 260 260 267 267 279 279 284 284 289 291 292 307 315 315 324 338 338 338 345 345 354 354 354 355 355 366 396 415 415 426 426 456 456 465 465 465 484 484 488 488 490 490 
126 126 491 491 491 
76 76 245 245 440 
175 175 413 413 413 
159 159 477 477 477 
351 
105 105 106 372 372 372 
56 148 148 236 236 236 285 304 304 446 446 
33 33 33 40 40 67 236 281 
43 65 65 251 251 251 251 251 286 358 358 362 362 413 479 479 500 500 
158 158 
55 101 236 236 236 
8 76 76 77 77 141 141 200 350 350 373 373 413 422 422 
496 496 
5 5 86 86 386 386 508 
76 76 109 207 207 207 314 
196 
236 236 415 
12 355 355 

267 267 268 268 
159 
405 405 405 
76 199 199 199 478 
76 242 
328 
35 309 309 

238 238 238 238 310 
184 184 184 488 
215 314 
214 314 467 
102 102 
143 
271 271 271 
39 232 274 402 402 402 454 
182 494 494 

30 30 30 35 119 119 122 174 180 180 309 314 341 376 376 499 499 
329 
8 313 313 313 
5 53 53 259 259 259 377 393 393 419 458 458 
292 292 
159 337 337 343 343 343 392 477 
76 76 
76 76 76 295 295 360 360 361 
236 236 275 275 275 303 303 406 
159 159 
124 219 390 454 454 
7 157 169 169 169 238 238 271 271 287 287 296 310 374 374 375 505 505 
503 503 
236 487 
40 49 55 55 55 56 56 60 60 69 69 79 83 83 83 104 129 129 129 138 184 184 191 191 191 192 195 195 195 201 201 230 230 235 237 237 237 252 267 267 275 278 278 283 344 351 415 415 415 432 460 487 487 
104 104 236 236 236 
212 212 212 212 233 233 
405 405 
279 279 279 279 476 476 496 
39 39 62 62 430 
76 76 208 
311 311 311 413 413 413 424 424 
325 358 358 
76 76 76 186 186 
70 184 184 
176 288 401 401 
408 408 408 
40 
374 417 
193 193 193 193 193 286 413 413 
236 

283 283 283 415 
5 5 
271 271 271 
305 
70 184 184 409 409 
225 225 225 367 367 367 441 
184 184 184 
81 81 329 329 
410 410 
315 315 
11 11 385 385 
496 
493 
184 184 204 204 236 236 268 268 268 471 
204 204 267 267 267 
415 415 
286 
3 3 7 7 158 158 158 218 218 218 233 233 256 256 256 282 297 339 339 339 354 354 374 374 391 401 401 408 408 412 412 442 442 442 453 453 
160 160 
5 354 472 472 475 475 
219 402 
230 230 230 236 
157 
415 415 415 
236 236 
5 5 31 184 184 240 240 240 240 
308 308 435 435 435 449 449 467 467 467 
192 347 421 421 
144 144 271 
236 254 254 254 415 
184 184 
191 
193 251 270 413 
9 9 233 233 
247 
81 184 451 451 
23 23 97 97 171 171 480 
184 426 426 
76 152 152 184 226 226 410 410 
408 408 
58 58 397 397 408 
76 76 229 229 509 
68 68 169 169 233 
271 408 
347 
54 54 76 76 76 76 413 413 
177 177 
339 339 
39 39 39 485 485 485 
230 230 415 
56 148 191 191 
159 257 343 343 343 392 392 482 
87 87 87 370 408 
184 354 354 396 396 396 465 
280 280 467 467 
124 210 210 222 
212 233 
243 243 243 
84 84 85 85 85 
8 8 8 224 224 224 
76 80 199 214 215 222 317 317 349 349 354 354 384 384 413 413 418 418 418 429 429 434 434 449 449 449 455 455 455 467 467 481 481 
31 31 31 73 94 94 184 184 263 263 336 336 486 486 
444 
314 314 398 413 413 
413 413 413 
76 76 76 

42 42 42 
76 162 162 
42 42 42 359 
41 184 
72 72 153 153 153 244 358 358 
358 

76 209 
81 81 165 223 261 261 
39 39 159 159 369 428 428 
22 22 
407 
413 413 
385 385 385 413 413 
174 413 413 413 494 
315 315 486 
227 227 
184 184 184 415 415 
46 145 271 271 271 301 301 381 408 408 427 464 464 
182 182 
222 

227 227 227 305 305 305 
69 69 69 147 147 147 173 173 236 447 
52 52 184 184 
27 47 47 76 459 
67 281 298 421 421 506 506 

314 314 481 481 481 
8 8 196 196 
189 236 356 356 356 356 432 
402 402 
76 456 456 
5 5 31 41 41 76 99 99 99 134 151 156 184 184 184 271 271 273 307 307 314 314 450 450 462 462 462 490 490 508 508 
12 12 12 184 184 202 202 
351 351 351 351 
367 496 
38 72 72 90 141 141 193 193 244 244 325 325 326 413 466 466 466 500 503 
61 61 81 81 323 
229 229 
229 
65 193 193 413 413 
182 
118 
415 
184 
114 114 181 259 259 259 357 496 
401 401 
71 330 
87 306 
68 
106 190 190 190 
196 196 
154 154 233 233 250 271 271 408 408 
233 
222 222 
225 458 458 
101 
103 103 146 

0 46 46 64 64 133 139 339 395 395 408 
413 
63 63 75 415 432 432 432 
314 314 
264 264 334 334 334 413 413 
198 198 
124 124 
487 487 
22 22 81 81 82 115 142 142 497 497 
17 232 
271 
227 305 305 
225 225 
81 81 495 495 495 
46 381 381 
184 307 307 307 
58 58 294 294 
317 
41 
5 5 50 50 
110 110 110 247 247 271 271 368 368 
159 219 219 219 274 352 352 405 
427 427 427 
92 182 182 
39 39 206 206 206 239 239 402 
230 
175 332 413 413 413 
25 25 25 26 87 87 150 150 158 248 248 248 271 271 293 293 294 297 306 339 339 374 374 381 437 437 470 
258 258 
262 262 292 292 

271 271 
74 77 77 119 128 128 155 161 161 167 167 168 168 168 182 182 187 187 187 193 196 243 243 243 251 251 286 299 299 314 314 317 317 318 318 318 333 333 334 334 335 335 335 358 362 362 382 385 385 407 407 407 439 448 448 455 494 500 
22 22 22 108 108 
37 37 37 57 57 116 129 177 177 184 184 201 236 236 236 254 269 269 277 277 277 283 303 338 338 365 383 432 432 460 460 460 463 
65 
149 149 149 250 
80 80 95 95 314 314 314 
225 
98 98 98 441 441 
281 281 347 347 
196 196 
76 76 
243 243 
103 157 157 169 169 169 
184 184 291 291 
339 403 403 403 
20 20 20 159 159 159 330 330 
314 314 
241 
496 
236 351 383 383 383 415 415 
159 159 
314 314 
280 280 280 449 
22 
408 408 
83 83 
45 161 161 413 
76 186 
1 1 1 5 5 18 98 98 259 420 420 
271 271 271 468 

59 316 
85 450 450 
56 56 191 191 
344 
74 128 128 413 413 
280 280 314 314 314 435 467 
354 354 445 445 462 462 
289 289 
464 464 
271 271 
4 131 131 219 232 232 
17 314 314 314 413 
76 184 184 353 353 491 
41 41 
225 225 377 377 
346 
236 415 415 415 
22 22 497 497 
354 354 354 450 450 
75 75 415 
339 339 452 452 
184 184 184 307 
72 72 358 358 358 
215 280 280 280 308 308 314 314 449 
123 442 
159 511 511 
408 
101 101 101 170 170 170 267 
273 273 475 475 

56 56 487 487 487 
5 273 273 472 472 
100 100 240 240 496 
39 39 159 166 188 188 188 227 
76 76 207 
193 193 
171 171 171 290 
314 314 349 349 349 
305 
30 30 
51 184 184 
39 39 302 302 302 
31 120 120 315 315 336 489 489 
56 56 235 236 236 388 388 474 474 474 
184 184 213 
31 31 486 486 
51 51 184 184 354 354 
126 185 185 185 456 
41 
266 
220 220 335 413 
81 81 394 394 394 
100 197 197 240 265 357 367 431 476 
22 22 389 389 461 461 
160 160 
222 222 
193 193 358 413 
54 

234 234 358 
5 5 5 88 
233 233 
347 347 
104 104 
5 5 86 198 354 354 
76 76 295 
159 159 
469 469 
