Nodes: 512, Edges: 1187
381 381 381 
441 
28 28 91 91 91 111 111 182 182 183 183 183 
271 271 493 493 
454 454 
34 34 48 50 50 88 88 88 184 225 225 255 255 273 273 273 279 279 354 354 400 400 441 441 475 475 475 504 508 
404 404 404 
233 233 271 271 
196 196 196 224 224 224 313 350 
287 287 287 
476 
264 264 
184 184 184 355 
76 
117 184 184 184 
59 59 59 59 182 182 444 
184 
455 455 
441 
104 
428 428 
31 
331 331 389 389 389 414 414 414 436 461 461 497 
290 
76 76 
408 
158 
76 346 
2 2 178 178 
56 56 
180 180 222 
21 172 184 184 279 299 315 489 489 
307 
67 67 192 
5 5 
210 222 413 413 
106 106 
415 415 
358 358 358 
62 159 159 159 163 166 219 219 219 231 241 241 302 302 330 402 402 405 405 485 
192 192 192 236 236 249 249 
99 137 137 151 151 151 160 184 354 399 450 457 457 492 
321 321 323 323 323 
193 193 
137 137 137 
76 413 413 
64 339 381 
76 76 346 346 346 
5 508 
236 236 
5 5 400 400 
490 
184 184 345 345 
225 
76 76 299 501 
93 195 
29 29 236 236 236 446 474 474 487 487 
415 
294 294 294 397 
15 15 15 15 444 
104 104 236 236 
81 359 
39 241 
383 383 383 383 463 
46 
193 193 362 362 362 416 
141 
33 33 192 192 281 281 281 
169 169 179 296 371 371 371 
236 344 344 
184 184 184 246 246 

325 325 325 466 466 
94 94 315 315 315 
413 448 448 448 

13 24 24 27 45 47 47 54 54 78 78 96 96 96 96 109 162 184 184 184 186 196 199 199 199 207 207 208 208 228 228 229 242 242 245 292 292 295 295 299 299 314 314 319 319 322 322 328 328 354 354 354 361 413 423 423 440 456 456 478 478 509 509 
196 196 196 413 
76 76 
236 
314 418 
61 82 82 113 113 184 184 184 289 329 389 389 394 495 495 
81 81 121 142 142 143 143 165 165 389 389 
104 104 104 104 236 236 236 438 
85 85 348 
84 84 160 312 348 348 
198 198 508 
306 306 306 370 408 408 
5 5 5 504 
358 358 

2 2 2 
182 182 404 404 413 
55 
73 73 315 
418 418 
76 76 76 76 398 
171 171 171 290 
420 441 
41 354 
476 496 496 496 
140 140 140 195 195 195 378 378 471 471 
117 117 117 136 216 216 
146 379 425 
19 60 60 83 83 83 83 138 138 236 236 237 237 237 507 507 507 
184 184 190 190 
36 36 190 190 372 372 

414 414 
76 199 199 199 
176 247 401 401 
2 2 182 182 

81 81 
367 367 

184 184 415 415 
14 102 102 102 125 125 135 135 184 184 184 236 236 
152 152 152 152 364 
122 222 413 413 413 
486 
82 143 
119 
381 468 
232 309 387 454 
117 117 136 136 136 136 
185 185 491 

413 448 448 
236 236 415 415 

454 454 

381 381 
354 380 380 380 
117 117 
102 125 125 125 125 
41 41 44 44 44 
104 104 164 164 236 236 236 
381 
101 101 101 320 320 
66 196 196 196 358 358 
82 82 
82 82 121 217 
282 
339 339 
103 379 379 379 
236 344 344 
191 191 304 
250 417 
248 248 408 408 
41 41 41 354 354 
118 118 118 118 292 
325 
374 

450 450 
233 233 276 276 276 425 425 
26 194 271 271 408 408 408 
39 39 39 188 188 227 231 231 305 305 330 330 330 402 402 428 428 428 433 477 510 511 
41 85 312 
413 
76 
39 
138 138 
82 82 
39 477 477 
413 413 500 
413 
68 68 233 233 296 425 425 
471 471 
97 97 97 290 480 480 480 
31 
344 344 
222 222 335 335 
187 407 
110 247 
300 415 415 415 
28 28 183 183 
68 
30 30 222 
367 367 
2 2 15 15 92 92 111 111 220 340 363 363 404 404 413 413 444 444 499 499 
2 2 2 178 178 
5 12 12 12 14 14 14 16 31 31 41 52 52 70 70 70 76 76 76 81 81 81 105 105 116 116 117 117 117 221 221 221 236 236 246 258 258 258 260 260 260 267 279 279 284 289 291 292 292 307 307 315 315 324 324 345 345 345 354 354 355 355 355 396 409 415 415 415 426 456 456 465 484 488 490 
126 126 491 
76 245 245 440 
175 413 413 
159 159 477 
351 351 
105 105 106 106 372 
148 148 236 267 267 267 268 268 268 285 285 304 304 446 
33 40 40 40 67 67 236 281 
43 43 65 65 251 251 251 251 286 358 358 362 413 479 479 479 500 500 
158 
55 101 101 101 236 236 267 267 471 471 
8 8 8 76 77 77 77 141 141 141 200 200 290 290 290 350 350 373 413 413 413 422 422 
496 496 
86 86 386 386 508 508 508 
76 76 76 109 109 109 207 314 314 314 314 
196 196 
236 415 
355 
271 
267 267 268 268 

405 405 
76 76 199 478 
76 76 
328 328 
35 
236 
238 238 310 310 

215 215 314 
214 214 314 314 467 
102 102 
143 
271 271 
39 39 39 274 274 274 402 402 402 454 
182 494 
184 184 184 
30 35 119 174 174 180 341 341 376 376 413 413 483 
329 329 
8 8 8 313 313 350 350 
5 5 53 259 259 377 377 377 419 458 
292 
159 257 392 477 477 
76 76 245 
76 295 360 
236 275 406 406 406 406 415 
39 159 159 
124 390 390 390 454 454 
7 7 157 157 169 169 238 238 238 271 271 287 287 296 296 310 310 374 375 505 
503 503 
236 487 
40 40 49 49 56 56 56 60 60 69 79 83 83 83 104 104 117 117 129 129 138 138 138 147 184 184 191 192 195 195 201 211 230 235 237 237 252 267 267 267 275 278 278 283 351 351 415 415 415 432 438 460 487 487 
104 104 104 236 236 
212 212 233 233 233 
342 405 405 405 
279 476 476 496 496 
39 39 62 430 430 430 
76 76 
311 311 311 424 424 494 494 
325 325 325 358 
76 186 186 228 
70 70 184 
110 176 288 401 401 
150 150 
40 40 
149 374 374 374 417 417 417 
193 193 193 193 286 286 413 
236 
330 
283 283 415 
5 5 
271 271 
227 305 337 
184 184 184 409 409 409 
225 225 
184 184 184 
329 329 
364 364 410 410 
315 
11 11 334 385 385 
496 
493 
184 191 191 191 195 195 204 204 236 236 236 268 268 356 471 471 471 
191 191 191 204 204 267 267 
415 415 
286 
3 3 7 7 158 158 203 218 218 233 233 256 256 282 327 327 339 339 354 354 354 374 374 374 375 391 391 401 401 408 412 427 442 442 453 

5 5 5 354 472 472 472 475 475 475 
219 219 219 402 
230 236 
157 157 157 
415 415 
236 236 
5 5 31 184 184 240 
308 435 435 435 467 467 
67 67 67 192 298 421 
144 271 427 427 
236 254 254 
184 
191 191 
193 251 251 270 
9 9 9 233 233 
247 
81 184 451 451 451 451 
23 97 171 196 196 196 480 480 
184 426 
76 76 152 184 184 226 364 410 410 

58 58 58 397 408 408 
76 76 229 509 
68 169 233 233 
408 408 
281 347 
31 54 76 76 413 
177 
339 339 
39 39 485 485 
415 
148 191 191 
159 159 257 343 392 392 392 482 
87 87 87 370 370 408 408 
32 184 184 354 396 465 
280 
124 
212 212 233 233 
243 243 243 
85 160 
8 224 224 
76 76 80 199 199 199 199 214 215 215 317 317 349 354 354 398 398 413 418 429 429 434 449 449 449 455 467 481 
31 73 73 73 94 184 184 263 336 486 486 
444 444 
314 314 398 413 413 
413 413 413 
76 76 354 
140 140 
42 42 323 323 
76 76 
42 42 42 321 321 359 359 
184 184 
72 72 72 153 244 244 244 358 358 
358 358 
271 271 
76 76 209 209 
81 223 223 261 261 
39 159 159 159 253 369 428 428 
22 22 
413 

264 385 385 413 
174 174 413 413 494 494 494 494 
315 486 486 
257 

46 145 145 271 271 301 301 381 381 381 408 408 427 427 427 452 464 464 470 470 
182 
222 222 
239 
305 
69 69 147 147 173 173 447 
52 52 184 184 184 
27 47 47 47 459 
298 421 421 506 506 
84 85 85 
314 481 481 
8 196 196 224 224 
189 189 236 236 356 356 432 
402 402 
456 
5 5 41 76 76 76 99 134 151 151 184 184 271 271 271 273 307 314 314 319 411 450 462 462 502 502 502 508 508 
12 184 184 184 202 
267 351 351 
367 496 
38 38 38 89 89 141 141 193 193 244 325 325 326 326 413 413 500 503 
61 323 323 
229 
76 
65 65 65 193 413 413 413 
182 182 
118 262 262 292 
415 415 

114 114 181 181 357 496 496 496 
401 401 401 
330 
87 306 306 
68 68 68 
106 106 190 
196 
154 233 250 250 250 271 271 271 417 442 442 
233 271 
222 222 
225 225 225 458 458 
101 101 
103 146 146 146 
134 134 134 
0 0 0 46 123 133 133 139 339 339 339 395 

63 63 63 63 415 415 432 
449 
264 264 334 334 413 
198 198 
124 
487 487 487 
22 22 22 81 81 82 82 497 
232 232 232 
271 271 
227 305 305 305 

81 495 495 495 
381 
184 307 
58 294 
96 314 314 317 
41 
5 5 50 50 
110 110 247 247 271 271 368 368 368 
39 39 159 159 219 219 219 274 352 352 405 405 
427 
6 6 6 92 92 182 182 
39 39 206 206 239 239 239 402 402 
230 230 230 230 415 415 415 
175 413 413 
25 87 87 150 150 158 158 158 271 294 294 297 297 306 306 339 339 437 470 470 
184 258 258 258 
262 262 292 292 
354 
271 
35 35 45 45 74 76 77 92 119 119 119 128 161 167 167 168 182 182 187 187 193 196 196 196 222 222 251 299 314 317 317 318 318 318 332 334 335 335 358 358 362 362 362 385 407 407 439 439 448 448 448 455 455 455 
22 22 22 108 108 
37 37 57 116 116 129 129 177 177 177 184 184 184 201 230 236 236 236 254 269 269 277 277 303 365 365 383 383 406 406 406 432 432 460 463 
65 
149 250 250 250 374 
80 95 95 314 
225 
98 441 441 
281 347 347 
196 196 
76 76 
243 243 
103 157 157 169 169 
184 291 
271 282 282 339 339 339 403 
20 20 159 159 159 330 330 
314 314 
241 241 241 
496 496 
236 351 383 415 415 
159 
314 
280 280 280 
22 
408 
83 236 
413 413 
76 186 
1 5 5 18 98 420 420 
271 271 374 374 468 

15 59 182 182 316 316 
450 450 450 
56 191 
344 
74 74 74 128 128 413 413 413 
314 314 314 384 467 467 
41 156 156 354 445 445 445 462 
289 289 289 289 
339 464 464 
271 
4 4 124 131 131 219 232 232 
17 17 314 413 413 413 
76 76 184 184 353 491 
41 41 
225 377 377 
346 
236 415 
22 22 497 497 497 
354 354 450 
63 415 
339 339 452 452 
184 307 
72 72 
215 280 280 314 449 449 
123 442 
511 511 
339 339 408 408 
101 101 170 170 195 195 267 267 267 
273 273 273 475 475 

56 56 
5 5 5 273 273 273 472 472 
10 100 240 240 496 496 
159 166 166 188 227 227 
76 76 207 
193 193 193 
171 171 171 290 290 
314 349 349 
305 
222 
184 
39 302 302 
120 315 315 336 336 489 
56 56 235 236 236 388 388 388 
184 
31 31 486 
51 184 
126 185 456 
41 
3 3 266 
220 243 243 335 335 335 335 
81 81 394 394 394 
100 100 100 197 197 240 240 265 357 367 367 367 431 431 476 476 
22 389 461 461 461 

182 182 
167 193 193 358 
54 
354 354 354 
234 234 358 
5 88 
233 
347 347 
104 104 104 
5 48 86 198 198 198 354 354 
76 76 295 
159 
159 469 469 
