Nodes: 512, Edges: 1187
133 381 381 
441 441 
91 111 111 111 183 183 183 
271 493 493 
454 
34 34 50 88 88 88 88 88 184 184 184 198 198 225 225 255 279 279 354 354 400 400 441 475 508 508 
404 
233 
196 196 224 313 313 
287 287 287 
476 476 476 

184 202 202 355 
76 76 
117 117 184 184 
59 59 59 182 182 

390 455 455 
420 441 
104 104 104 
428 428 428 
31 
108 108 108 331 331 331 389 389 414 436 436 461 461 497 
290 290 
76 
408 408 408 
158 158 408 408 408 
76 76 346 346 
183 
56 
222 483 483 
21 172 172 184 279 315 315 354 354 486 486 
184 307 
192 192 
5 5 
158 210 210 210 222 413 413 
106 106 106 
57 415 415 
358 
62 62 159 166 219 219 231 241 241 302 330 402 405 477 477 477 485 485 
192 192 236 236 249 
99 137 137 151 151 156 156 184 184 324 324 354 354 399 445 450 450 492 492 
321 
193 
137 
76 413 413 413 439 439 439 
64 64 339 395 395 
76 76 78 346 346 

236 236 236 
5 
490 490 
184 345 
225 225 
76 76 299 299 501 501 501 
93 93 93 236 236 
29 191 191 191 236 236 236 304 446 446 474 474 487 487 
37 
294 294 294 397 
15 15 15 444 
104 236 
81 81 81 359 359 
39 39 241 241 
383 383 463 463 463 
46 46 381 381 
362 362 416 416 
141 141 141 
192 192 281 281 281 347 347 
169 169 169 179 179 296 371 371 
236 236 236 344 344 344 
184 184 184 184 258 

325 325 358 358 358 466 466 466 
94 94 315 463 
413 413 448 448 
383 463 
13 13 24 27 27 45 47 47 54 54 78 78 96 96 96 107 107 109 109 109 162 184 184 184 186 196 199 199 207 208 228 229 229 245 245 295 295 295 295 295 299 299 299 314 314 314 319 319 319 322 322 328 328 346 353 354 354 361 413 423 423 456 456 509 509 
196 196 413 
47 76 76 
104 236 
314 314 314 418 418 
61 61 61 82 113 113 184 184 184 261 289 329 329 329 359 389 394 394 495 
81 121 142 142 143 143 165 165 165 165 389 
104 104 104 104 104 236 236 236 438 438 
348 348 
160 160 312 312 348 348 348 
198 198 508 508 508 
306 306 370 370 408 408 
5 5 5 5 5 
358 358 

2 
182 404 404 413 413 
55 55 55 
73 73 315 
418 
76 76 76 398 
171 290 
420 420 441 
41 354 
476 496 
140 140 140 195 378 378 471 
117 136 216 216 
379 425 
19 19 19 60 79 83 83 83 83 83 138 236 236 237 237 237 507 507 
184 184 
36 36 36 190 372 372 
76 76 
22 22 22 
76 76 76 199 
176 247 401 
2 2 2 182 182 
184 
81 81 
367 

184 415 415 
14 14 102 125 125 125 135 135 184 184 184 236 236 
152 152 262 364 
122 122 222 222 

82 143 143 
119 119 
381 468 
232 387 387 454 
117 117 117 136 136 136 136 
185 491 491 
480 480 
413 448 
236 236 236 415 

454 454 454 

0 
354 354 354 
117 117 
102 125 125 125 125 
41 41 44 184 
104 164 236 236 236 
381 381 
101 101 101 320 320 320 
66 66 66 196 196 196 358 358 
82 82 389 389 
82 82 121 121 217 
282 282 
339 
379 379 379 
236 344 344 
304 
250 250 417 
248 248 408 408 
41 41 354 354 
118 118 292 
325 325 
374 374 
413 413 
41 41 354 
276 276 425 425 425 
26 26 35 194 194 194 271 408 
39 205 227 231 231 305 305 330 330 402 402 428 433 433 469 469 477 477 511 511 511 
85 85 272 312 312 498 498 498 
413 439 
76 322 

138 
82 82 82 82 
39 477 
413 
413 
68 68 68 233 233 233 296 296 425 425 425 

97 290 290 480 
31 31 
344 344 
222 222 335 335 494 
187 187 407 
110 
300 300 415 415 415 
183 183 
68 68 
222 
367 367 
15 15 92 111 111 220 340 363 363 363 413 413 444 499 
2 2 2 28 178 178 
5 5 5 12 14 14 31 32 41 41 52 70 70 70 70 76 76 76 81 81 81 105 105 112 116 117 117 117 137 213 213 221 221 236 236 236 258 267 267 279 279 284 284 289 291 291 292 292 307 307 307 315 315 324 324 338 338 354 354 355 355 355 366 409 415 415 415 426 426 456 465 484 488 490 
126 491 491 
76 245 245 440 
175 175 413 413 

351 351 
106 372 
56 56 56 236 267 285 285 285 304 304 304 446 446 
33 33 40 40 67 67 236 281 281 
43 251 251 358 358 362 413 479 479 500 
158 158 158 
101 236 236 267 267 471 
8 8 76 77 77 141 141 141 290 290 350 373 373 413 422 422 
496 496 
5 5 86 86 386 386 508 508 
76 76 109 207 207 314 
269 
236 415 415 
12 12 355 355 
271 
268 268 
159 
405 405 
76 199 199 478 478 478 
76 
328 328 328 
35 35 35 232 309 
236 
238 238 310 310 
184 184 
215 215 215 
214 214 214 314 314 314 467 467 
102 102 
143 
271 
39 39 402 
182 494 494 494 
184 184 
30 35 119 119 174 174 180 314 341 341 376 376 413 413 483 499 499 
329 
8 313 350 
5 5 53 53 377 393 393 393 419 419 458 458 
292 292 
159 257 337 343 392 392 477 
76 245 
76 76 295 295 360 360 360 
236 303 303 406 406 406 415 
39 159 159 
124 210 390 390 454 454 
7 169 169 169 238 238 238 271 287 287 296 296 296 310 310 375 505 
503 503 
487 487 
40 40 49 49 49 55 55 56 56 56 60 69 69 69 79 83 83 83 104 104 117 117 129 129 129 138 138 138 147 184 184 184 191 192 195 195 201 211 230 237 237 267 267 278 278 283 344 344 351 415 415 460 487 487 487 
104 104 104 236 236 
212 212 233 233 233 
342 405 
279 279 279 496 
39 39 62 62 430 430 

311 413 413 424 424 424 494 494 
325 325 325 358 358 358 
76 76 186 186 228 

110 288 401 
150 150 408 
40 
149 149 374 417 417 442 442 
193 193 286 286 286 413 413 

330 
283 283 415 415 
5 
271 273 
227 305 
70 184 409 409 409 
367 367 367 

81 329 329 329 
118 364 410 410 410 

334 385 
496 

184 184 191 195 195 236 236 268 356 356 471 
204 204 267 
200 
286 
3 158 203 218 233 256 282 282 297 297 327 339 339 339 354 354 354 374 374 374 391 401 401 408 408 408 427 427 427 442 442 453 453 453 
160 
256 472 472 475 475 
402 402 

157 157 
415 
236 236 
5 5 31 184 184 240 240 240 
308 435 435 467 467 
67 67 67 192 192 298 347 421 
144 144 271 271 427 
236 254 254 
184 184 
191 191 191 
251 251 251 270 413 413 
9 9 9 233 233 
247 
81 184 451 
23 23 97 171 171 196 196 480 
184 184 426 426 
152 184 184 226 226 364 
408 408 
58 58 58 397 408 
76 76 76 76 76 229 229 
68 169 169 233 233 233 
271 271 408 408 
281 347 347 
54 54 76 76 76 413 413 
177 177 
339 
39 
230 230 415 
56 148 191 191 191 
159 159 257 343 343 343 343 392 392 482 
87 87 370 408 408 
32 184 184 184 354 354 396 465 465 
280 467 467 
210 
212 212 233 233 
243 
85 85 160 160 
8 8 224 
76 76 76 80 80 80 199 215 215 215 222 317 317 349 349 349 354 354 384 398 413 413 418 418 418 434 449 449 455 455 467 467 467 481 
31 31 73 94 184 184 336 486 486 
444 
314 314 398 
413 
76 76 76 354 354 
140 140 140 
42 323 
76 76 162 
321 359 359 359 
41 41 184 184 
72 72 153 153 244 244 244 358 
358 358 358 
271 
76 76 209 209 209 
81 81 81 223 261 261 261 
39 159 159 253 369 369 428 
22 22 22 
407 413 
413 413 
264 385 385 413 413 
174 174 413 494 494 494 494 
315 486 
227 
184 184 415 415 
46 145 271 271 271 301 381 381 381 408 408 408 427 427 452 452 464 470 
182 
222 222 
239 
227 305 305 305 305 
69 69 69 147 147 173 173 236 236 447 447 
52 
27 27 47 47 76 459 
67 67 281 298 298 421 506 506 
84 84 85 85 85 
314 314 314 481 481 
196 224 
189 189 236 356 356 356 
402 
76 456 
5 5 31 31 41 41 76 76 99 134 134 134 151 151 156 184 184 271 271 271 307 307 314 314 319 319 450 462 490 490 502 508 
12 184 184 184 202 202 
267 267 351 351 351 
431 496 
38 72 72 72 89 89 141 141 193 193 244 244 244 325 326 326 326 413 466 466 500 503 503 
61 61 81 323 323 323 
229 229 229 
76 
65 65 193 413 
182 182 182 
118 262 292 
415 415 
184 
114 181 181 259 259 259 496 
401 401 
330 330 
87 87 306 
68 68 
106 106 190 
196 196 
154 154 250 271 271 271 408 408 417 442 442 
233 
222 222 
225 
101 101 
103 146 146 146 

0 0 64 64 123 139 139 339 339 339 395 395 408 
413 413 
63 63 75 415 415 415 432 432 
314 449 
264 334 334 413 413 
198 198 
124 124 

22 22 81 82 142 142 497 497 
17 232 232 
271 
227 227 305 305 
225 225 225 
81 81 495 495 495 
46 46 381 381 
307 
58 294 
96 314 317 
41 
5 5 
110 247 271 271 368 368 
39 159 159 219 274 274 352 405 
427 427 
6 92 92 
39 206 206 239 402 
230 230 230 415 415 
175 332 413 
25 25 25 26 26 26 87 87 150 150 158 248 271 271 271 293 293 294 297 297 306 306 339 339 339 374 374 381 412 412 437 470 
184 258 258 258 
262 262 262 

408 408 
35 35 45 45 45 74 74 76 77 92 92 128 155 155 161 167 168 182 182 187 187 193 196 222 222 243 243 251 251 286 286 299 299 314 314 318 332 333 333 334 334 335 358 362 382 382 385 385 407 439 439 439 448 448 500 
22 
37 37 116 116 129 177 177 177 184 184 184 201 201 230 236 236 254 254 277 303 338 338 365 365 383 383 383 406 406 432 432 460 460 463 463 
65 65 
149 250 250 374 
80 80 95 314 314 314 
225 225 
18 98 98 441 
281 347 
196 196 
76 76 
243 243 243 
103 157 157 157 169 169 169 
184 184 291 291 
271 271 271 282 339 339 403 403 
20 20 20 159 330 

241 241 
357 
383 383 415 415 
159 159 
314 
280 280 
22 22 
408 
83 83 487 
45 45 45 161 413 413 413 
186 
1 1 5 18 98 420 
250 250 271 271 374 374 468 

59 182 316 
41 450 450 
56 56 191 191 
344 344 
74 74 128 413 413 
314 314 384 467 467 
41 41 354 445 445 
289 
339 339 
271 271 271 
4 124 131 131 131 232 232 
17 17 314 314 
76 76 184 353 491 491 

225 225 
346 
236 415 415 
22 22 497 
354 
63 63 63 73 75 415 415 
339 
184 307 307 
72 72 72 358 358 
215 215 280 280 308 308 314 314 314 449 449 
123 442 
159 159 511 511 
339 408 
101 195 267 
273 273 475 475 

56 56 
5 273 273 472 472 
10 10 10 100 496 496 
39 39 39 159 159 166 227 
207 207 207 
193 193 
127 127 171 290 
314 349 349 
305 
30 30 222 
184 
39 39 
31 31 315 315 336 489 489 
56 56 235 235 236 236 236 438 
184 
486 486 
51 51 184 354 354 
126 126 185 185 456 456 
41 41 
3 3 
174 220 220 220 243 243 335 335 335 335 
81 394 394 394 
100 197 197 240 265 357 367 476 476 
22 389 389 461 
160 160 160 
182 222 222 
193 358 413 
54 54 54 
354 
234 234 358 358 

233 
347 347 
104 104 
5 5 86 86 86 198 198 354 
76 76 

159 159 159 469 469 
