Nodes: 512, Edges: 1187
381 
441 441 
91 91 111 182 182 183 189 189 189 
271 271 493 

48 48 50 50 88 88 88 88 88 225 255 273 273 354 354 400 400 400 441 441 443 443 443 508 508 508 

233 271 271 271 
196 224 313 313 313 350 350 350 
287 287 287 287 
476 476 476 
264 264 264 
184 202 355 355 
76 
125 184 
182 
184 184 184 
390 
420 441 
104 104 
428 
31 31 
108 108 115 331 331 389 389 414 414 436 436 461 461 461 497 
290 290 290 
76 
408 408 
158 408 
76 346 346 
178 178 183 
56 
180 222 222 222 483 
21 21 172 172 172 184 184 279 279 279 315 354 486 
184 307 
67 192 192 

158 158 210 210 413 
106 
406 415 415 

62 62 62 159 159 163 166 166 219 231 231 241 267 302 302 330 330 402 402 402 405 405 477 485 
192 192 192 236 236 236 249 249 
85 85 99 99 137 137 151 151 151 160 160 184 184 324 324 354 354 354 399 450 457 457 492 492 
321 321 323 323 
193 193 
137 137 
76 76 109 413 439 
381 381 395 
76 76 346 
5 5 508 

5 5 400 400 
484 490 490 
184 345 345 
225 225 
76 76 299 501 
93 93 195 236 236 236 
29 236 236 304 304 446 446 474 487 487 

294 397 
444 
236 
359 
39 39 39 241 
383 383 383 383 463 
381 395 
193 362 
141 
33 192 281 
296 296 296 
236 344 344 
246 246 258 
369 
325 325 358 358 
94 94 315 315 463 
413 413 448 448 
383 463 
13 24 27 45 45 47 47 54 54 78 96 96 107 107 109 109 162 184 184 184 186 186 186 199 208 208 208 228 228 229 229 242 242 245 245 292 292 295 299 299 299 314 314 314 319 319 322 322 322 328 346 346 353 354 354 361 413 423 423 440 456 456 456 478 509 
196 196 413 
76 
104 236 
314 314 314 418 418 
82 82 113 113 184 184 184 261 289 289 329 359 359 359 389 389 389 394 495 495 
81 81 121 121 142 143 165 389 389 
104 104 104 236 236 236 
348 348 348 
41 41 160 160 312 312 348 348 
198 198 
306 306 370 408 
5 5 5 5 5 504 504 
358 

2 2 
182 404 404 
55 55 
73 73 315 
418 418 
76 76 
290 290 
420 420 441 
41 41 354 
496 496 496 496 
140 195 378 378 471 
117 117 136 216 
146 379 379 379 425 
19 19 79 83 83 83 138 138 236 237 507 
184 184 190 372 
36 190 372 372 372 
76 76 
22 22 
45 76 76 
176 176 176 247 247 247 401 401 
2 182 182 
184 184 
81 81 
367 
22 389 
184 184 
102 102 125 125 135 184 184 236 236 236 
152 152 152 152 262 364 
122 122 413 413 
486 
82 82 143 143 
119 119 222 222 
468 468 
232 232 309 387 387 454 
14 117 117 136 136 
185 185 185 491 491 491 
480 
413 413 
236 236 415 415 

454 454 454 
168 
381 381 
354 354 380 380 
117 
102 125 125 
41 41 44 44 184 
104 104 164 164 
381 381 381 
101 320 320 
66 196 196 196 358 358 
82 389 
82 121 121 217 217 217 
282 
339 339 
103 379 
236 344 
304 304 304 
250 250 417 
248 248 408 408 
41 41 41 354 354 354 
118 118 118 118 292 292 
325 
374 
413 
450 
233 276 276 276 425 425 
26 35 35 194 194 271 271 408 408 
39 39 205 205 227 231 231 305 305 330 402 428 433 469 469 477 477 477 510 510 511 511 511 
41 41 85 85 272 312 312 498 498 
413 413 439 
76 322 322 
39 
138 138 
82 329 329 
39 39 477 477 
413 413 
132 413 
233 233 233 425 425 425 425 
471 
290 290 480 
31 31 31 
344 
222 280 335 494 
187 187 187 407 407 407 
110 110 110 
300 415 415 
28 28 183 

30 
367 367 
2 2 15 92 111 111 220 340 340 363 363 404 404 413 413 444 444 444 
2 28 178 
12 14 16 16 16 31 31 32 41 41 52 76 76 76 81 81 81 105 105 112 112 116 116 117 117 137 213 221 221 236 236 246 258 258 260 267 279 284 284 284 289 289 291 291 291 292 292 292 307 315 315 315 345 345 354 355 355 366 396 396 396 409 415 456 456 465 465 484 488 488 490 490 
126 126 126 491 491 
76 76 76 245 440 440 
175 175 175 413 413 413 
477 477 
2 2 2 351 
105 106 372 
236 236 236 267 285 285 
33 33 40 40 40 67 236 236 236 281 281 
43 43 65 251 251 251 286 358 362 362 362 413 479 479 500 
158 158 
55 101 267 471 471 471 
8 77 77 141 141 141 200 200 290 290 290 350 350 413 413 422 422 
496 
86 86 508 
76 207 314 314 314 
196 196 
236 236 415 415 
12 355 355 355 
271 271 
267 267 
159 159 
405 405 
199 478 478 
76 76 76 
328 
35 35 309 309 

238 310 
184 
215 314 
214 314 314 467 
102 
143 143 143 
271 271 
39 274 274 274 402 402 402 454 454 
182 494 
184 184 
30 30 30 122 122 174 314 341 376 376 413 413 483 483 499 499 499 

8 313 313 
5 53 53 259 377 393 419 419 458 458 458 
292 292 
159 257 337 337 343 343 392 392 477 
76 76 245 
76 76 295 360 360 360 361 
236 259 303 303 406 415 
39 39 159 159 
124 124 390 454 454 
7 157 169 169 169 238 271 271 287 296 296 296 310 375 375 375 505 
503 503 
487 
40 40 40 55 55 55 56 56 60 69 79 83 83 83 104 117 117 117 129 129 147 184 184 191 191 191 192 192 192 201 201 230 237 237 252 252 267 267 275 275 275 344 344 415 415 415 432 432 460 487 487 
104 236 236 
212 233 
342 
279 279 279 279 476 496 
39 62 430 430 430 
76 76 
311 311 311 413 413 424 
325 358 358 
76 76 186 228 
70 70 184 
110 110 110 288 288 401 401 
150 150 408 408 
40 40 
149 149 374 374 417 417 442 442 
193 193 193 413 
236 236 
330 330 
283 283 415 415 
5 
271 271 
227 305 305 337 
70 184 184 409 409 
225 230 367 367 367 
184 
81 329 
118 364 410 
315 315 
11 11 11 334 334 334 
496 496 496 
493 
39 184 191 195 204 204 236 236 268 356 
267 
415 
286 
3 3 7 7 7 158 158 203 203 218 218 233 233 256 256 282 282 282 297 297 327 339 339 354 374 374 375 391 391 401 401 401 408 408 412 412 412 427 453 453 
160 
5 5 354 472 475 475 475 
219 219 219 402 
236 236 236 
157 157 157 


31 31 31 184 240 240 240 240 
174 308 435 435 435 449 467 
67 192 192 298 347 347 347 421 421 
144 271 271 271 427 427 
254 254 415 415 415 
184 184 184 
191 191 
193 270 413 413 413 
9 9 9 9 233 
247 247 
81 81 184 184 451 451 451 
23 23 23 97 97 171 171 196 196 196 480 
184 184 184 426 
76 76 152 152 184 184 184 226 226 364 364 410 410 
408 408 
58 397 408 
76 229 
68 68 68 233 233 233 
271 271 408 408 408 
281 
54 76 76 76 413 413 
177 
339 339 
39 39 485 485 
230 230 415 415 
56 56 148 148 148 
159 159 257 257 343 343 343 343 392 392 482 482 
87 87 408 
32 184 396 396 465 465 
280 467 
124 210 210 
212 233 
243 243 243 
85 85 160 160 
8 8 8 224 224 
76 76 76 80 80 80 199 199 199 214 215 215 222 317 317 349 349 354 384 384 384 398 413 418 429 429 434 449 449 455 467 481 481 
31 73 73 94 184 184 184 263 263 486 
444 
314 314 398 398 

76 76 
140 140 
42 42 
76 76 76 162 162 
42 42 359 
41 41 
72 72 153 244 358 
358 
271 
76 209 
81 165 165 261 
39 39 159 253 253 369 428 428 
22 22 
407 413 413 413 
413 
264 264 264 385 
174 413 413 494 
486 486 486 
227 227 257 
415 415 
145 145 271 271 301 301 381 408 408 427 452 464 470 
182 182 
222 
239 
227 227 305 305 305 305 
69 69 147 173 236 236 447 447 
52 52 184 184 
27 27 47 76 76 459 
281 281 281 506 506 
84 84 84 85 85 
314 314 481 481 
8 8 8 196 196 
189 
402 
76 456 456 
5 5 31 41 41 41 76 76 99 134 134 151 151 151 184 271 273 314 411 411 450 450 450 462 462 490 502 508 508 
12 12 184 184 202 202 202 
267 
367 431 496 
72 72 89 141 141 193 244 244 325 326 413 413 466 503 503 
61 81 81 81 323 
229 229 229 
76 229 
65 193 193 193 413 413 413 
182 182 
118 262 292 292 
415 415 415 
184 
114 181 181 259 259 259 357 496 
401 401 
71 330 
87 

105 106 106 106 190 

154 250 250 271 271 408 417 442 442 
233 233 233 271 
222 222 
225 458 
101 101 
103 103 103 146 
134 134 
0 46 46 64 133 133 139 139 139 339 395 408 408 408 
413 413 
63 63 63 63 75 415 415 432 
314 314 314 449 449 
334 413 

124 124 
487 487 487 
22 22 81 81 81 82 82 115 142 497 
17 232 
271 271 
227 227 305 305 
225 
81 495 
46 64 381 
184 184 184 307 307 
58 294 
314 317 317 
41 
5 5 5 50 50 
110 110 247 247 271 271 271 368 368 
39 39 39 159 219 219 219 274 352 405 
427 
92 92 182 182 
39 39 206 206 402 
37 230 415 415 415 415 
175 175 175 332 413 413 
25 25 26 87 150 150 158 158 248 248 271 271 293 293 294 297 297 297 306 339 339 374 381 381 381 412 412 437 437 
184 258 258 
262 292 292 
354 354 
271 271 271 408 408 
35 45 74 74 76 77 119 119 128 128 155 161 161 167 167 168 182 182 187 187 187 193 196 196 222 222 243 243 251 286 286 286 299 299 314 332 332 332 333 335 335 358 358 362 362 362 382 382 385 407 407 439 439 448 455 500 
22 22 
37 37 129 129 177 177 184 201 201 230 236 236 236 254 254 269 283 283 283 303 303 338 338 365 365 365 383 383 406 406 406 406 432 432 432 460 460 460 460 463 463 463 

149 250 250 374 
80 80 95 95 314 
225 225 
18 98 98 441 
281 281 
196 196 
76 76 
243 
103 157 157 169 169 169 169 
291 
271 282 282 339 403 
20 159 330 330 
314 314 
241 241 241 
357 496 496 
236 236 383 415 415 415 
159 
314 
280 280 280 
22 22 
408 408 
487 
45 161 413 413 
76 186 186 
1 1 5 5 18 98 420 
250 250 374 374 468 468 468 
5 5 5 
59 182 182 182 316 
450 
56 56 
344 344 
74 74 413 
280 314 314 384 384 
41 156 354 354 354 445 462 462 
289 289 289 
339 464 
271 271 
124 131 131 131 219 219 232 232 
314 413 
76 76 76 184 184 353 353 491 491 
41 41 
225 225 225 377 
346 
236 415 415 415 415 
22 22 22 497 
354 354 450 450 
63 73 75 415 415 415 
339 452 
184 184 307 307 
358 
215 280 308 314 
123 123 442 442 442 
159 159 511 511 
339 
101 170 195 195 195 
273 475 475 
491 
56 487 487 
273 273 273 472 472 
10 10 10 240 496 
39 159 159 159 166 166 188 188 227 
76 207 207 
193 193 
127 171 290 
314 314 349 349 
305 305 
30 222 222 
51 184 
39 302 302 
31 120 315 336 336 336 489 489 
56 56 235 236 236 388 388 388 438 474 474 
184 184 
486 486 
51 51 184 184 354 
126 126 126 185 185 456 456 473 
41 41 
3 266 
174 220 335 
81 81 394 
100 100 100 100 197 240 265 265 265 357 367 431 431 476 
22 389 461 
160 160 
222 222 222 
193 413 
54 
354 
234 234 358 358 
88 88 
233 
347 347 
104 
5 5 5 48 198 354 354 
76 
159 159 
159 159 159 469 469 
