Nodes: 512, Edges: 1187
133 381 
441 
28 111 182 182 182 183 183 
271 271 271 493 
454 454 
48 50 50 50 88 88 88 184 184 198 198 225 225 255 255 273 273 354 354 441 441 443 443 475 504 508 508 508 
404 404 
233 233 233 271 
196 196 196 224 224 224 350 350 
287 
476 
264 
202 355 

117 125 184 
59 59 59 444 
184 184 
390 390 455 

104 
428 428 
31 
331 331 331 389 389 414 414 436 461 461 
290 290 290 290 
76 76 
408 408 
158 158 158 
76 
2 178 178 183 
56 
180 180 222 483 483 
21 172 184 184 279 279 279 315 315 315 354 486 489 
184 
67 67 192 192 

210 222 222 413 413 
106 106 
57 415 415 
358 
62 62 62 159 159 163 163 166 219 219 231 231 241 241 330 330 330 405 405 405 485 485 
192 192 249 249 
85 85 99 99 137 137 151 151 156 160 160 160 184 324 324 354 354 399 445 457 492 492 
321 323 323 
193 193 193 
137 
76 76 109 413 
339 339 395 395 395 
76 76 346 346 
5 508 
236 
5 5 5 400 400 400 
484 
184 
225 225 
76 76 299 501 501 
93 93 195 195 236 236 
29 191 191 236 236 304 446 446 474 474 487 
37 415 
294 294 397 
15 15 15 444 444 
104 104 104 236 236 
81 81 
39 39 39 241 
75 463 
381 
193 362 362 362 416 
141 141 141 
33 33 192 281 281 347 347 
169 169 179 179 296 296 371 371 371 
236 344 
184 246 

358 466 

413 448 
63 383 463 463 
24 24 27 45 45 47 47 54 54 78 78 78 96 96 96 107 107 107 109 162 162 184 184 186 186 207 208 228 228 228 229 245 245 245 245 295 295 299 299 299 299 314 314 322 346 346 353 354 354 413 413 423 440 440 456 456 509 509 509 
196 196 413 
76 76 76 
104 236 
314 314 418 418 
61 61 82 113 184 184 184 261 261 261 289 289 329 329 359 359 389 389 394 495 495 
81 121 121 121 142 142 143 143 165 389 
104 104 104 236 236 438 
85 312 312 312 348 348 348 
41 41 84 160 160 312 348 
198 198 198 198 508 
306 306 370 408 
5 5 5 
358 358 358 
358 

404 404 404 
55 55 
315 315 
418 
76 76 76 398 
171 171 290 290 
420 441 
41 41 354 354 
476 496 496 
195 195 378 378 471 
117 136 136 136 216 216 216 
146 425 425 425 
19 60 60 60 79 83 83 83 138 138 236 236 237 237 237 507 
184 184 190 190 372 
36 36 190 190 372 372 
76 76 76 
414 
45 76 199 199 199 
176 176 176 247 401 401 401 401 
2 182 
184 
81 

389 
184 184 415 
14 102 125 135 184 184 236 
152 152 152 364 
122 122 122 222 413 413 
486 486 
82 82 82 143 143 
119 119 119 222 222 
381 468 
232 232 232 387 387 454 
14 117 136 136 136 
185 491 
480 
413 413 448 448 
236 415 415 

454 
168 168 168 
0 381 
354 380 
117 
102 102 102 125 125 125 
41 41 44 184 184 
104 104 164 164 164 236 
381 
320 320 
66 66 66 196 196 
82 82 389 389 
82 82 121 121 217 217 
282 282 

103 379 379 379 
236 344 344 
304 
417 
248 248 408 
41 41 354 354 
118 118 118 292 292 
325 325 325 
374 
413 413 413 
41 
233 233 276 425 425 425 
26 26 26 194 194 271 271 271 408 408 
39 39 188 227 227 231 231 305 305 305 330 330 433 433 469 469 510 510 511 
41 41 41 85 85 272 272 312 498 
439 
76 76 322 322 
39 39 
138 138 138 
82 
39 477 
413 413 500 
132 132 132 413 
68 68 233 233 296 296 425 425 
471 
97 97 290 480 480 
31 
344 
222 222 222 335 335 
187 187 407 407 
110 110 110 247 
300 300 415 415 
28 28 183 183 183 
68 68 
30 30 222 222 
367 
2 2 2 111 220 404 404 413 413 444 444 444 499 499 
2 2 28 178 178 178 
5 5 14 16 16 31 31 32 41 52 70 76 76 81 81 81 105 105 112 116 116 117 117 137 137 213 236 236 236 246 246 246 260 260 267 267 284 289 291 292 292 307 307 338 345 354 354 354 355 355 355 366 366 396 396 409 409 415 415 415 456 465 465 484 488 490 490 490 
126 491 491 
76 76 245 245 440 
175 175 413 
159 477 477 477 
351 
105 105 106 106 372 372 372 
56 56 236 236 267 267 285 304 446 446 446 
33 33 40 40 67 236 236 281 281 
43 43 43 65 251 251 358 413 413 479 479 479 500 
158 158 
55 55 101 101 236 267 471 471 
8 8 8 77 77 141 141 290 290 350 373 373 413 422 
496 496 
5 5 86 86 86 86 386 508 508 
109 109 109 207 314 314 314 

415 415 
12 355 
271 271 271 
267 267 268 268 268 

405 405 
76 199 478 478 
76 
328 328 328 
35 309 
236 
238 238 238 310 310 
184 
215 314 
214 314 314 467 467 
102 102 102 
143 143 
271 271 271 
39 39 232 232 274 402 
182 494 

30 35 35 119 122 122 174 174 174 180 180 309 314 314 376 413 413 413 499 499 499 499 499 
329 329 329 
8 8 8 313 313 350 350 350 
5 5 53 53 377 377 393 393 419 419 419 458 458 
292 292 
159 159 257 337 337 337 343 343 343 392 392 392 477 
76 76 76 245 
76 295 360 360 360 361 
236 236 236 275 303 303 303 406 406 415 
39 39 159 159 
124 124 124 219 219 390 454 
7 7 7 157 157 169 169 238 238 238 271 271 287 287 296 296 310 374 375 375 505 
503 503 503 
236 
49 55 55 56 56 60 60 69 79 83 83 104 104 117 129 138 147 184 184 184 191 191 192 192 195 211 230 230 230 235 237 237 252 252 252 267 267 275 283 283 283 344 351 351 415 415 415 460 487 487 
104 104 104 236 236 
212 212 212 233 233 233 
342 342 405 405 
279 476 496 
39 39 62 430 430 

311 311 311 311 413 413 424 424 494 494 
325 358 
76 76 76 76 186 186 228 
70 184 184 184 
110 176 288 288 288 401 
150 150 408 
40 40 
374 374 417 417 442 442 
193 193 286 413 413 
236 236 236 
330 330 
283 415 
5 5 
273 273 
227 305 305 
409 409 
367 367 367 
184 184 
81 81 81 329 
364 410 
315 
11 334 334 385 385 
496 496 
493 
184 184 191 191 195 204 204 236 236 268 356 471 
204 204 204 267 

286 286 286 
3 3 3 7 158 158 158 203 203 203 218 218 218 233 233 282 282 297 327 327 339 339 354 354 374 391 401 408 408 412 442 442 453 453 
160 160 
5 5 256 256 354 472 472 
219 402 402 
230 236 
157 
415 

31 31 31 240 
435 435 449 467 467 
67 67 192 192 298 298 347 347 347 421 421 
144 144 271 271 427 427 427 
236 236 236 254 415 415 
184 
191 
251 270 270 270 413 413 413 
9 233 233 
247 247 247 
81 81 184 451 451 
23 23 23 23 97 97 171 196 196 480 480 
184 426 426 
152 152 184 184 226 226 364 410 410 
408 408 
58 58 408 408 
76 76 229 509 
68 68 169 169 233 233 
271 408 
281 281 347 347 
54 76 76 76 76 413 413 
177 177 
339 339 
485 
230 230 230 415 
56 148 191 
159 159 159 257 257 343 343 343 392 392 392 482 482 
87 87 370 408 408 
184 184 396 
467 467 
210 222 
212 212 233 
243 243 243 243 
84 84 84 85 160 
224 224 
76 76 80 80 199 199 199 214 215 215 222 222 349 354 354 384 384 398 413 418 429 434 449 449 449 455 455 455 467 481 
31 31 31 94 94 263 336 336 486 486 486 
444 444 444 
398 413 
413 
354 354 354 
140 140 
42 
76 162 162 
42 42 359 
41 41 
153 153 153 244 358 358 
358 
271 271 
209 209 209 
81 81 223 223 223 261 
39 39 39 159 159 253 253 369 
22 22 22 
407 413 413 
413 
264 264 385 385 413 
174 174 413 494 494 
315 315 
227 227 227 
184 415 415 415 
46 46 271 271 301 301 381 381 408 452 452 464 470 


239 239 
227 227 227 305 305 305 
69 147 147 173 236 447 
184 
47 47 76 76 459 459 
67 67 281 281 281 298 298 421 421 506 
84 84 84 85 
314 481 481 
8 8 196 224 224 224 
189 236 236 356 
402 
76 456 
5 5 31 41 41 76 76 99 99 134 151 151 184 184 184 271 271 273 314 314 319 319 319 411 411 450 450 450 462 462 490 490 502 502 508 
12 184 184 184 202 
267 351 
367 367 431 431 431 496 
38 72 89 89 89 90 193 244 325 325 326 413 413 466 500 503 503 
81 81 323 
229 229 229 
229 
65 65 65 413 

118 262 292 
415 415 415 
184 184 
181 259 259 259 357 357 496 496 
401 401 401 
330 
87 306 
68 68 68 
105 106 106 190 190 190 
196 196 
154 233 250 250 271 417 442 442 
233 233 
222 
225 225 458 458 
101 101 
146 146 146 
134 
0 64 123 133 139 339 339 408 408 408 

75 415 
314 314 
264 264 334 334 413 413 413 
198 
124 124 
487 487 
22 22 81 81 82 115 142 142 497 497 
17 17 232 
271 
227 227 227 305 305 305 
225 225 
81 
46 46 46 
184 184 307 
58 
96 314 317 
41 
50 50 50 
110 110 110 110 247 271 368 368 368 
219 274 274 352 405 
427 
6 6 92 92 92 182 182 
39 39 39 206 206 239 239 402 
230 230 415 415 
175 175 332 413 
25 25 87 150 158 158 248 271 271 293 293 294 294 297 306 306 339 381 381 381 437 437 470 
184 184 258 258 
262 292 292 
354 354 
271 
35 35 45 74 76 76 77 119 119 128 128 155 155 155 167 167 168 182 182 187 193 193 196 222 222 222 243 243 251 251 286 286 286 299 299 314 317 318 332 332 333 334 335 358 358 362 385 385 385 407 439 448 448 455 494 500 
22 22 108 
37 37 57 116 129 129 177 177 184 184 184 201 201 230 236 236 236 254 277 283 283 303 338 338 338 365 365 365 383 406 406 432 460 460 463 463 
65 
149 250 250 374 
80 80 95 314 
225 225 225 
98 441 441 
281 281 347 347 
196 
76 
243 243 
103 103 103 157 157 157 169 169 
291 291 
282 282 282 403 
20 20 
314 
241 241 
357 357 357 496 496 
415 
159 159 
314 
280 280 
22 
408 408 
83 487 
161 413 
76 76 186 
1 5 5 98 420 420 
250 250 271 271 374 374 468 468 
5 5 
15 59 59 182 182 182 316 316 316 
41 450 450 
56 56 191 191 191 
344 
74 128 128 413 413 
280 314 314 314 467 467 
354 354 354 445 445 462 
289 289 
339 339 464 464 
271 271 
4 4 124 131 232 
17 314 314 314 413 
76 76 184 353 491 
41 
225 225 377 377 
346 346 
236 415 415 
22 22 497 497 
354 354 450 
63 75 75 415 415 
339 452 452 
184 184 
72 358 
215 215 280 280 308 308 314 449 449 
123 442 442 
159 159 511 511 
339 408 
101 170 195 195 267 
273 273 475 

56 56 487 487 
5 472 
10 100 240 496 
166 188 188 188 227 
207 207 
193 193 193 
127 171 171 290 290 
314 349 349 
305 305 
30 30 
51 184 
39 39 302 
31 120 120 315 315 315 489 489 489 
56 236 236 388 388 438 474 474 
184 
31 486 486 486 
184 184 184 354 354 
126 185 185 456 
41 41 
3 266 
220 243 243 335 335 413 
81 81 
100 100 197 197 240 265 265 357 367 367 431 431 476 
389 389 461 461 
160 
182 182 222 222 222 222 222 
167 193 358 413 
54 54 
354 354 
234 234 234 358 358 
5 
233 
347 
104 
5 5 5 48 86 198 198 354 
76 76 76 295 
159 159 
159 469 469 
