Nodes: 512, Edges: 1187
381 
441 441 
28 91 91 91 111 111 182 182 183 183 
271 493 

34 34 34 50 50 50 88 88 88 184 225 225 225 255 273 273 354 400 400 441 441 441 443 504 508 
404 404 
233 271 
196 196 224 224 313 313 350 350 350 
287 287 
476 476 
264 264 
184 202 355 
76 
117 184 184 
59 59 182 182 
184 184 
390 455 
420 441 441 
104 
428 428 
31 31 
108 108 115 331 331 389 414 414 436 436 436 461 461 461 497 497 497 
290 290 
76 
408 408 
158 158 408 
76 76 346 
2 178 178 183 183 183 
56 
180 180 222 222 222 483 483 
21 21 172 184 184 184 279 315 315 354 486 486 489 489 489 
184 184 307 
67 192 192 
5 5 5 
210 210 222 222 413 413 
106 106 106 
415 
358 358 
62 62 159 163 166 166 219 219 219 231 231 241 241 241 267 302 330 330 402 402 402 405 405 477 485 485 
192 236 236 249 249 249 
85 85 99 137 151 156 160 160 324 324 324 354 399 399 450 457 457 492 492 492 
321 323 323 
193 193 
137 137 
76 413 413 439 
64 64 339 339 395 395 
76 76 346 346 

236 236 
5 5 5 400 400 400 
490 490 
184 184 345 345 345 
225 
76 76 299 299 501 
93 93 195 236 
29 191 446 474 474 487 487 487 
415 
294 294 397 397 
15 15 
104 
81 81 359 359 359 
39 39 241 
75 383 463 
46 46 381 381 381 381 395 
193 193 416 
141 
33 192 192 281 281 
169 179 179 296 296 
236 236 344 344 
246 258 258 258 
369 
325 325 358 358 
94 94 315 315 
413 413 448 448 448 
63 383 463 
13 24 27 27 45 47 47 54 54 96 107 107 109 162 186 186 196 199 207 208 228 228 228 229 229 242 242 245 245 245 292 295 295 295 299 299 314 314 319 319 328 346 346 361 413 423 509 509 
196 196 413 413 413 

104 
314 314 314 418 418 
61 61 82 82 82 113 113 113 184 184 261 261 289 329 329 359 359 389 394 495 495 
81 81 81 121 121 142 142 143 143 165 165 389 
104 104 236 236 438 438 438 
85 85 85 312 348 348 
41 41 84 84 84 160 312 
198 198 508 508 508 
306 306 370 408 408 
5 5 5 504 
358 
325 
2 2 2 
182 182 182 404 413 413 
55 55 
73 73 315 315 
418 418 
76 398 
171 171 290 290 
441 
41 354 354 
476 476 476 496 
140 195 195 378 378 471 471 471 
117 117 117 136 216 
146 146 379 379 425 425 
19 60 79 83 83 237 507 507 
184 190 190 
36 36 36 190 190 190 372 372 
76 76 
22 22 
76 199 
176 176 247 247 401 401 401 
2 2 182 
184 
81 81 81 
367 367 367 
22 389 
184 415 415 
14 102 102 102 125 125 135 135 184 184 236 236 
152 152 152 364 364 364 
122 122 122 222 222 413 413 
486 
82 82 143 143 
119 119 119 222 
468 
232 232 454 454 
117 117 136 136 136 
185 185 185 491 

413 413 448 448 
236 236 415 
497 
454 454 
168 

380 
117 117 
102 125 125 125 
41 44 44 184 184 
164 236 236 
381 381 
101 320 320 
66 196 196 358 
82 82 389 
82 82 121 121 217 
282 
339 
103 103 379 379 379 
236 344 
304 304 304 
250 250 
248 408 
41 354 354 
118 118 118 292 292 
325 
374 
413 
41 354 450 
276 425 
26 26 271 408 
39 188 205 205 227 231 231 305 428 433 469 469 477 477 477 510 511 511 511 
41 41 85 272 272 312 498 498 
413 413 
76 
39 
138 
82 82 
39 39 
413 413 500 
132 413 413 
68 233 233 296 296 425 425 425 
471 
97 97 290 290 
31 
344 
222 222 222 335 335 494 
187 187 187 407 
110 110 247 
415 415 415 
28 28 183 183 183 
68 68 
30 30 222 
367 367 
2 2 15 15 92 92 92 111 220 340 340 363 363 404 404 413 413 444 444 499 
2 2 28 28 28 178 178 178 
5 12 14 14 16 16 31 31 31 32 32 52 52 81 81 105 112 116 117 117 137 137 213 221 221 236 236 236 258 260 260 267 267 267 279 289 291 291 292 307 307 315 315 324 338 345 345 354 354 355 366 366 366 396 396 409 409 415 426 465 484 490 
126 126 126 491 491 
76 76 245 245 440 440 
175 175 175 413 413 
159 477 477 477 
351 351 
105 105 106 106 106 372 372 
56 236 267 268 268 285 304 304 446 
33 33 40 67 67 236 236 281 281 
43 43 65 65 251 286 358 362 362 413 479 479 500 

55 101 101 236 267 267 471 471 
8 8 76 77 77 141 141 200 200 200 290 290 350 413 422 
496 
86 86 386 508 508 
76 109 314 314 
196 196 196 
415 
12 355 
271 
267 267 268 268 
159 159 
405 405 405 
76 337 478 478 
76 

35 35 
236 
238 310 310 
184 488 
215 215 314 
214 214 314 314 467 467 
102 
143 
271 271 
39 39 39 232 232 402 402 402 454 454 
182 494 494 494 494 494 
184 184 
30 30 30 35 35 119 119 122 174 174 174 180 309 314 314 341 341 341 376 376 376 413 483 499 499 
329 
8 8 350 350 350 
5 5 5 53 259 377 393 393 419 458 458 

159 257 257 337 343 343 392 477 477 
76 76 76 245 
76 76 295 295 360 360 
236 236 259 275 275 303 406 406 
39 39 159 159 
124 124 219 219 390 390 390 454 
7 169 169 238 238 238 271 271 271 287 296 296 310 374 374 375 375 375 
503 
487 487 
40 40 49 49 55 69 69 83 83 117 117 129 129 138 138 147 184 184 184 191 192 192 195 211 230 230 237 237 252 252 267 267 267 278 283 344 351 415 415 432 438 487 487 
104 236 236 
212 233 233 233 
342 342 405 
279 279 279 279 279 496 496 
39 39 39 62 430 
76 76 
311 311 311 311 413 413 413 424 494 494 494 
325 325 358 
76 76 76 186 186 228 
70 
110 110 176 288 288 401 
150 408 408 
40 40 40 
149 149 374 374 374 442 442 442 
193 286 286 413 413 
236 236 
330 330 
283 283 415 
5 
271 273 
227 227 305 305 
70 70 70 184 409 
225 230 367 
184 184 
81 81 329 329 
364 364 410 
315 
11 11 334 334 385 385 
496 496 496 
493 
39 184 184 184 191 195 195 204 204 236 236 236 356 
191 191 204 204 
415 415 
286 286 
3 7 158 203 218 218 233 233 233 256 282 282 297 297 327 339 339 354 354 374 374 374 391 391 401 408 408 408 412 427 427 442 453 
160 160 
5 5 256 354 472 475 475 

230 230 
157 
415 415 
236 
31 184 240 240 240 240 240 
435 435 435 449 449 467 
67 67 192 192 298 298 298 347 421 
144 271 271 427 427 
236 254 254 415 415 

191 
193 251 251 270 270 
9 9 233 
247 247 
81 184 451 
23 23 97 97 171 171 196 196 
184 184 426 
76 152 152 184 364 364 364 410 410 
408 
58 58 397 397 408 408 
76 76 76 229 229 509 
68 68 169 169 233 233 
271 271 408 
281 281 281 347 347 
54 54 76 76 413 413 

339 
39 485 485 485 
230 415 
148 148 148 191 191 
159 257 257 343 343 343 392 392 392 482 
87 87 370 370 370 408 408 
32 184 184 465 
467 
222 
212 212 233 
243 243 243 243 
84 85 160 
8 8 
76 76 80 80 80 199 199 214 215 215 222 222 317 349 384 384 398 398 413 418 418 434 434 449 449 449 455 467 481 
31 31 73 73 94 94 184 184 263 336 336 336 486 

314 398 413 413 
413 413 413 
76 76 
140 140 
42 323 323 

42 42 321 321 359 359 359 
41 41 41 184 
72 72 90 153 244 244 358 
358 358 
271 
76 
81 81 223 261 261 
39 39 253 253 369 428 
22 22 
407 413 413 
413 413 
264 264 385 385 413 413 
174 174 494 494 
315 315 315 486 
207 227 
184 415 
46 46 145 271 271 301 381 381 408 408 427 452 452 464 464 470 470 
182 182 
222 222 222 
239 239 
227 227 305 305 305 
69 69 147 173 236 447 
52 52 52 184 184 
27 47 47 76 76 459 
281 298 298 421 506 506 
84 84 
314 481 481 
8 8 8 196 224 224 224 
189 189 236 356 356 432 
402 
456 
5 31 41 99 99 151 151 156 184 184 271 271 273 411 411 411 462 462 490 490 502 508 508 
12 184 202 
267 351 351 
367 431 496 496 496 
38 38 72 72 89 141 193 244 325 326 326 413 413 466 466 466 500 503 
61 61 61 81 81 323 323 323 
229 229 
76 
193 193 413 
182 182 
118 118 118 262 262 292 292 292 
415 415 415 
184 184 184 
114 114 114 181 181 259 357 496 
401 401 401 
71 330 
87 306 306 306 

106 106 190 190 

154 233 233 250 250 250 271 271 271 408 408 442 
233 233 233 
222 222 222 
225 458 458 
101 101 
103 103 146 146 146 
134 
0 64 64 64 64 139 139 339 339 408 408 
413 413 
63 75 415 432 432 
314 314 449 
264 264 334 334 413 413 413 
198 

487 
22 81 82 115 142 497 497 497 
17 232 232 232 
271 271 
227 305 305 305 
225 225 
81 495 
46 46 64 
184 184 
58 58 294 294 
96 314 314 317 
41 41 
5 5 50 50 50 
110 110 110 247 271 368 368 368 
39 39 39 219 219 219 352 405 
427 
6 6 92 182 182 
39 39 206 206 206 239 402 
230 230 415 415 
175 332 413 
25 25 26 87 87 150 158 248 248 271 271 271 293 294 294 297 306 306 339 339 374 374 381 381 412 437 437 437 470 470 
184 184 258 
262 292 292 
354 354 354 
271 408 
35 35 45 45 74 74 76 77 77 77 92 92 119 119 128 128 155 161 161 167 167 168 168 182 182 187 187 193 196 222 243 243 243 251 251 299 299 314 317 317 318 318 318 332 332 333 333 334 334 358 358 362 382 382 385 385 385 407 439 439 448 448 494 500 500 
22 22 
37 57 116 116 129 177 177 177 184 201 236 236 254 269 269 277 277 283 283 303 338 365 365 365 383 406 406 460 460 463 
65 

80 80 95 95 314 314 
225 
18 441 441 441 
281 347 
196 
76 
243 
103 103 157 169 169 169 
184 291 
271 271 282 282 339 403 
20 20 159 330 

241 
357 496 
236 351 383 383 
159 
314 314 
280 280 280 449 
22 22 22 
408 408 408 
83 83 83 236 
45 413 413 
186 186 
1 1 5 5 5 18 18 98 420 420 420 
250 250 250 271 374 
5 
182 182 
450 450 450 
56 191 
344 
74 74 74 128 128 413 413 
280 280 314 314 314 384 435 467 
41 156 445 445 445 
289 
339 339 464 464 
271 
124 124 131 131 219 219 232 
17 314 
353 491 491 491 
41 41 
225 225 377 377 
346 
415 415 
22 22 22 497 497 
354 354 
63 75 415 
339 339 452 452 
184 307 
358 358 358 
215 215 280 308 314 449 
123 
159 159 511 
339 339 408 408 
101 101 101 170 195 195 
273 

56 56 487 487 
273 273 
10 10 100 100 100 496 496 
39 159 159 159 188 188 188 227 227 
207 207 
193 193 

314 349 349 
305 
30 30 222 
184 
39 39 302 302 302 
31 31 120 315 336 489 
56 56 56 235 235 236 236 388 474 474 
213 
31 31 31 486 
51 51 184 354 354 
126 185 185 456 456 456 
41 41 41 
3 266 
174 220 220 220 220 220 243 243 243 335 335 413 
81 81 394 
100 197 240 240 265 265 265 357 357 357 367 431 476 476 
22 22 22 130 389 389 389 461 461 
160 160 
182 222 222 
167 193 358 413 413 
54 
354 
234 358 
5 88 

347 347 
104 104 
5 86 86 86 198 198 354 354 
76 76 295 
159 
159 159 159 469 
