Nodes: 512, Edges: 1187
133 381 381 381 

91 91 182 182 183 189 
493 493 493 

34 34 48 48 50 50 88 88 184 184 198 225 255 255 273 273 279 354 354 400 400 441 441 441 443 504 504 504 508 508 
404 
233 233 233 271 271 
196 224 224 224 313 313 350 350 350 
287 287 287 287 
476 476 
264 264 264 
184 202 355 355 355 
76 
117 117 125 184 184 
59 182 444 
184 
390 390 455 

104 
428 428 
31 
108 331 331 389 414 414 436 436 461 497 
290 
76 

158 158 408 
76 76 346 346 346 
178 178 183 183 
56 56 56 
222 222 483 
21 184 184 279 279 315 354 354 486 486 489 489 489 
184 307 
67 67 192 
5 5 
158 222 413 
106 106 106 
406 415 415 
358 
62 62 62 159 163 163 166 219 219 219 231 241 267 302 302 302 330 330 402 402 405 405 477 477 485 485 
192 
85 85 99 99 137 137 151 151 160 184 184 324 354 354 354 399 399 457 492 492 
321 321 321 323 323 
193 193 
137 
109 413 439 439 
64 64 339 339 381 395 395 
76 78 346 346 346 
5 5 508 
236 
5 5 400 400 
484 490 490 
184 184 345 
225 225 
76 501 501 
93 93 93 236 236 
29 29 29 191 191 236 446 487 
415 
294 294 397 
15 444 
104 236 236 
81 81 359 359 
39 39 39 241 241 
75 383 463 
46 46 381 381 381 395 
362 362 416 

33 33 192 192 192 281 281 281 347 347 
169 169 179 179 296 296 296 
236 236 344 
184 246 258 
369 
325 325 358 358 466 
94 94 94 315 
413 413 448 448 
63 383 463 463 
13 24 27 27 47 54 78 78 96 96 107 107 109 109 162 162 184 184 186 186 186 196 199 207 208 208 228 242 242 245 245 245 245 292 292 292 295 295 295 299 299 299 314 314 314 319 319 319 322 328 346 354 361 361 413 423 423 440 440 456 456 478 478 478 509 
196 413 
47 76 76 
104 236 
314 314 314 418 418 418 
61 61 82 113 113 184 261 261 289 289 289 329 329 359 359 359 389 
81 121 121 142 142 143 143 165 389 389 
104 104 236 236 236 438 438 
85 312 312 348 348 
41 41 84 160 160 312 312 312 348 348 348 
198 198 508 508 
306 370 370 408 
5 5 504 504 
358 358 358 
325 358 358 
2 2 
182 182 404 
55 55 55 
73 73 73 315 
418 
76 76 
171 171 290 
420 441 
41 41 354 354 354 
476 476 496 
140 140 140 378 378 471 471 471 
136 136 216 216 
146 146 379 379 425 425 
19 60 79 83 83 138 236 236 237 237 507 507 
190 190 372 
36 36 36 190 190 372 372 
76 76 
22 
45 76 76 199 199 
176 247 247 401 401 
182 182 
184 
81 81 

389 
184 
14 14 125 135 135 184 184 236 236 236 
152 152 152 364 
122 122 222 222 413 
486 
82 82 143 143 
119 119 222 

387 
14 117 136 136 136 136 
185 491 
480 480 480 
413 
236 
497 
454 454 

0 381 
354 354 354 380 
117 117 
102 102 125 125 125 125 
41 41 44 184 184 
104 164 164 236 236 
381 
101 101 101 320 320 
196 358 358 
82 82 389 389 
82 82 121 121 217 217 
282 
339 
103 103 
236 344 344 
191 191 304 
250 250 417 417 417 
248 408 408 
41 41 354 
118 118 118 
325 

413 
450 
233 276 276 425 425 
26 26 35 194 194 194 271 271 408 
39 205 227 227 227 231 231 231 305 305 305 402 402 428 428 433 433 469 469 477 477 510 510 510 511 
41 85 85 272 272 312 498 
439 439 439 
76 76 322 
39 39 
138 138 
82 329 
39 477 
413 500 
413 413 413 
68 68 233 296 425 425 425 425 
471 471 
97 97 290 290 290 480 480 480 480 

344 344 344 
222 222 494 
187 187 407 407 
110 247 247 247 
300 300 415 415 
28 28 183 183 
68 68 
222 222 
367 
2 2 15 92 92 111 111 220 220 340 340 363 404 404 404 413 413 413 444 444 
2 28 28 178 178 
5 5 12 14 14 16 31 31 32 41 41 52 52 70 76 76 81 112 116 117 117 137 137 221 221 236 236 246 258 258 260 267 267 279 279 284 289 291 291 291 292 307 307 315 324 324 338 338 338 345 345 354 354 354 355 355 366 366 396 396 409 415 415 426 456 456 465 465 484 484 488 490 490 490 
126 491 
76 76 76 245 245 245 440 440 
175 175 413 413 
477 477 
2 
105 105 106 106 372 372 
56 56 148 148 236 267 267 268 268 268 285 285 304 446 
33 40 67 67 67 236 236 281 281 
43 43 251 251 358 358 358 362 413 413 479 
158 158 158 
236 236 267 471 471 
8 76 77 141 200 200 290 290 290 350 373 413 413 422 422 
496 496 
5 86 86 386 508 
76 109 109 207 314 314 
196 196 
236 236 415 415 
12 355 355 355 
271 
267 267 268 
159 
405 405 
76 199 478 478 
76 76 242 
328 328 


238 238 238 238 310 310 
488 
215 
214 314 467 
102 102 
143 143 
271 271 271 
39 39 39 402 
182 182 
184 184 
30 30 35 119 119 122 174 174 180 180 314 314 341 341 376 376 413 483 
329 
8 8 8 313 350 
5 53 53 259 393 393 393 419 419 458 458 
292 
159 159 159 257 257 337 337 343 343 392 392 477 
76 336 
360 
236 275 275 303 303 406 406 415 415 
39 159 159 159 
390 390 390 390 454 
7 7 7 157 169 238 238 238 271 271 271 287 287 287 296 296 310 310 374 375 505 505 
503 503 
236 487 487 
49 55 55 56 60 60 69 69 79 83 83 83 104 104 117 117 117 129 138 138 147 184 184 191 192 192 195 195 201 201 230 235 237 237 252 252 267 267 267 275 275 283 344 351 415 415 415 432 460 487 487 
104 104 236 236 
212 212 212 212 233 233 233 
405 
476 476 496 
39 62 62 430 430 
76 76 208 
311 311 413 413 424 494 
325 358 358 358 
76 76 76 76 186 186 186 
70 184 
110 110 176 176 176 288 401 
150 408 408 408 

149 149 374 374 417 442 442 
193 193 286 286 413 413 
236 236 
330 
283 415 
5 5 
271 271 
227 227 
70 184 184 409 
225 367 367 367 367 
184 
81 81 329 329 
364 410 
315 
11 11 11 334 334 
496 496 
493 
39 184 184 191 191 195 204 204 236 236 236 268 268 356 471 471 
191 191 191 204 267 267 
415 415 
286 
7 7 158 158 203 218 218 218 233 233 233 256 256 282 282 297 297 327 327 339 354 354 374 374 375 391 391 401 401 401 408 412 412 427 427 427 442 442 453 453 453 
160 160 
5 5 354 472 472 472 475 
402 
230 230 236 236 
157 157 
415 415 

5 31 31 184 184 
308 308 435 435 449 467 
67 67 67 192 192 421 
144 271 271 427 
236 254 415 415 415 
184 
191 191 
251 251 270 413 
9 9 9 9 233 233 233 
247 
81 81 81 184 451 451 451 
23 97 171 171 171 196 196 196 480 480 
184 184 184 426 426 426 
76 76 76 184 226 410 
408 
58 58 397 397 408 
76 76 76 509 
68 68 68 169 233 233 
271 271 

76 76 76 413 
177 177 
339 
39 39 39 485 485 
230 230 415 415 
148 191 
159 159 159 343 392 482 482 
87 370 370 
32 184 184 465 
280 280 

212 212 233 233 
243 243 
84 84 85 85 85 160 
8 8 224 
76 76 76 80 80 80 199 199 215 222 222 317 349 398 413 413 413 418 418 418 434 434 434 449 449 455 455 455 467 481 481 
31 73 94 184 263 336 486 486 
444 
314 398 413 
413 413 
76 76 76 354 
140 140 
42 42 42 323 
76 162 
42 42 321 
41 184 184 
72 72 90 153 244 358 
358 358 
271 271 
76 209 209 
81 81 165 223 261 261 
39 39 253 369 369 
22 22 
413 
413 413 413 
264 264 385 385 385 413 413 
494 494 494 
228 315 486 486 
227 227 
184 184 184 
46 46 145 271 301 381 381 381 408 408 427 452 464 464 
182 182 
222 222 

227 227 305 
69 147 147 173 173 173 236 447 447 
52 184 184 
27 27 27 47 47 47 76 459 459 
67 67 421 421 421 506 506 
84 84 85 85 85 
314 
8 8 8 196 224 
236 356 
402 
456 456 456 
5 5 31 31 41 41 41 76 99 99 99 134 134 134 151 184 184 184 271 271 273 319 411 411 411 450 450 462 462 490 502 508 
12 12 12 184 184 202 202 202 
267 351 
367 367 367 431 496 496 
38 72 72 89 89 89 90 90 141 141 193 193 193 244 244 244 325 326 326 413 413 413 500 503 
61 61 81 81 81 
229 
76 76 
65 65 193 413 413 
182 
118 262 
415 
184 184 
181 259 259 259 259 357 357 357 496 

71 330 330 
87 87 306 306 

105 106 106 190 190 
196 
233 250 250 271 271 408 442 442 442 
233 271 
222 222 
458 458 
101 101 
103 103 
134 
0 0 0 46 64 64 64 133 139 339 339 339 395 408 

63 75 415 
449 449 
334 334 334 413 413 
198 
124 
487 487 
22 81 82 82 115 142 142 497 
17 17 232 232 232 232 
271 271 
227 227 305 
225 225 225 
495 495 
46 46 64 381 
184 184 
58 294 294 
314 317 
41 41 
5 5 50 50 
110 110 247 271 271 271 
39 39 159 159 219 274 352 405 405 
427 427 
6 92 182 182 182 
39 39 206 206 239 402 402 
37 230 230 415 415 
175 175 413 413 413 
26 87 150 150 158 248 248 248 271 293 294 339 339 374 381 412 437 470 
184 258 
262 292 
354 354 354 
271 271 408 
35 45 74 74 76 77 119 128 155 167 168 168 168 182 182 182 187 187 193 193 196 196 222 243 243 251 251 286 299 314 314 314 317 318 318 332 333 333 333 334 334 358 358 358 362 362 385 385 407 407 407 439 439 448 448 448 500 
22 22 
37 37 57 177 177 184 184 201 201 230 230 236 236 236 254 269 269 277 277 283 283 283 303 303 365 383 406 406 432 460 460 460 460 463 
65 
149 149 149 250 
80 80 80 95 314 314 314 
225 225 
98 441 
281 347 347 347 
196 196 
76 76 
243 
103 103 157 157 169 169 169 169 
184 291 291 291 
271 271 271 282 339 403 403 
20 20 159 159 

241 241 
357 496 
236 415 
159 159 
314 314 314 
280 280 
22 22 
408 
83 83 
45 45 161 161 161 413 413 
76 76 186 186 
5 5 5 98 420 
250 250 271 271 374 374 374 468 
5 
15 59 182 182 316 
450 450 450 
56 191 
344 344 
74 74 413 413 413 
280 314 314 384 384 467 
156 354 354 445 445 445 462 462 
289 289 289 
339 464 
271 271 271 
131 131 232 
17 314 314 314 
76 76 184 184 353 353 353 491 
41 
225 225 377 377 
346 346 
236 415 415 415 415 
22 497 497 
354 354 450 450 
63 75 75 415 
339 339 452 
184 184 307 
72 
215 280 314 449 
442 
159 159 
408 
101 101 101 170 170 195 195 267 267 
273 273 273 475 475 

487 487 
273 472 472 
10 10 100 100 240 240 496 
39 39 159 159 166 188 188 227 
76 76 76 207 207 
193 
127 127 127 171 171 171 171 290 290 
314 314 
305 305 
30 222 
51 184 184 
39 39 302 302 
31 31 120 315 315 336 336 
56 235 235 236 236 388 388 474 474 
184 213 
31 31 31 
51 51 184 184 184 354 
126 185 456 
41 41 
3 3 3 266 
174 243 335 335 335 
394 394 
100 197 197 240 265 265 357 357 367 431 476 
22 130 389 461 461 
160 

167 358 413 
54 54 
354 
234 234 358 
5 5 5 88 88 
233 233 
347 347 
104 104 
5 5 48 86 86 198 354 
76 295 
159 159 159 
159 
