Nodes: 512, Edges: 1199
46 395 
225 225 225 
91 91 111 111 189 189 189 
271 
454 454 454 
18 18 18 18 18 34 34 48 48 50 88 88 184 198 198 225 225 255 255 273 273 354 354 400 400 400 441 441 475 475 504 508 
404 404 
233 271 271 271 
196 196 224 224 224 313 313 350 
271 271 
476 476 476 
264 264 264 
184 202 202 355 355 
76 76 
117 117 184 184 
182 327 444 
184 184 184 
390 390 390 455 455 
5 5 5 5 5 277 277 
104 104 

31 31 31 
108 108 115 331 331 414 461 497 497 497 
171 290 290 
76 76 
452 452 452 452 
158 408 
76 346 
178 178 183 183 183 189 

180 180 222 483 483 
21 21 21 172 184 315 315 315 354 486 486 
184 184 
67 192 
5 5 
210 210 210 210 222 222 309 309 309 
106 106 
324 324 415 
89 89 89 358 358 
62 62 62 159 159 163 163 166 166 166 219 231 231 267 302 302 330 405 
192 192 236 236 249 
44 99 137 151 151 160 160 160 184 184 184 354 399 445 450 457 457 
321 321 323 
193 193 
41 
76 76 76 413 413 439 
0 64 301 381 381 
346 346 346 
5 5 
236 
5 400 
490 490 
184 
225 
76 
195 195 236 236 236 
104 191 191 236 236 304 304 446 487 487 
415 415 415 
397 
444 444 
104 236 
81 81 359 359 359 
39 39 39 241 330 330 330 369 369 369 430 430 
383 383 463 
46 381 381 381 
416 416 
141 
33 192 192 192 281 281 347 347 
287 287 296 371 371 
236 236 
184 184 184 246 246 258 258 258 
330 330 
358 358 466 
94 94 315 
413 413 413 
383 435 463 463 
13 13 24 24 27 45 45 45 54 78 78 78 107 107 109 109 162 184 184 184 186 186 196 196 199 199 199 207 207 207 208 228 229 242 242 292 299 314 322 322 328 328 346 346 346 353 354 360 361 413 423 423 440 440 456 509 
119 119 119 119 196 196 413 
76 76 76 

314 418 418 
61 61 82 82 113 113 184 184 184 261 261 289 289 359 359 495 
81 81 142 143 329 389 
236 236 237 237 
85 85 312 348 348 
84 84 160 312 
198 386 386 508 
306 408 
5 5 
38 38 38 128 128 128 
358 358 358 
2 2 189 
182 182 182 404 404 413 
236 236 236 
73 73 
418 418 418 
314 
171 171 171 290 290 
441 
41 450 

140 140 195 195 
117 117 136 216 493 
379 379 425 
19 19 56 60 138 236 236 237 507 507 
106 106 184 190 190 
36 36 105 105 372 372 
76 76 
22 22 336 414 
76 76 199 
176 247 247 401 
2 2 182 

81 81 
181 181 181 360 367 367 
22 
184 184 415 
14 14 102 102 125 125 125 135 136 136 184 184 236 236 
364 
77 77 77 77 122 122 222 413 413 
486 486 486 489 
143 143 
119 119 222 222 

387 454 454 454 
117 117 117 136 136 136 
473 491 
480 
89 89 89 413 
236 236 415 
389 389 
240 240 454 454 
168 
381 
380 502 502 
117 
102 117 117 125 125 125 
41 184 184 
104 236 
381 381 
101 101 320 320 378 378 
66 413 413 466 466 466 
82 389 389 
82 121 121 217 217 

339 339 339 
379 379 
236 
191 304 304 
250 
248 248 306 408 408 
41 41 
364 364 384 
325 325 
374 374 374 

450 
233 233 276 
26 194 194 271 408 408 
39 39 188 188 205 227 231 305 305 330 392 428 428 433 433 433 469 469 477 477 510 510 510 511 511 
41 41 41 85 272 312 312 498 
413 413 439 
76 322 322 
39 39 
300 300 
317 317 329 329 
39 39 39 477 
220 220 413 
132 
233 233 296 
471 471 
23 97 97 97 290 
31 
344 
222 222 222 335 413 413 

110 247 
300 300 415 415 
28 28 183 
287 287 287 
30 30 222 
114 114 114 
15 92 92 92 111 220 220 340 363 404 404 413 413 413 444 444 444 499 
28 28 28 178 
5 12 14 14 16 16 16 31 32 32 41 41 41 52 70 70 70 76 76 76 81 81 81 105 116 116 117 117 137 137 213 213 236 236 246 246 258 267 267 279 279 284 284 289 291 292 292 307 307 307 315 315 315 324 338 345 354 354 354 355 355 355 366 396 409 409 409 415 415 426 426 451 451 465 484 484 488 488 488 490 
491 491 
76 76 245 440 440 
413 413 
159 159 477 477 
2 2 2 28 91 404 
105 105 372 
56 56 148 236 236 267 285 285 304 
33 40 40 67 67 67 236 236 281 281 
43 43 358 358 362 413 479 479 500 500 500 
158 158 
55 55 101 101 236 236 267 471 
8 8 76 76 77 77 200 290 290 350 413 413 422 
496 496 
5 5 86 386 386 
76 76 76 109 
196 
236 415 
12 12 
271 271 271 
268 268 
159 
405 405 405 
76 76 76 337 337 478 478 478 
76 
328 328 
35 35 35 35 
460 
233 233 
184 184 
215 
214 314 467 467 467 
102 
143 143 
442 442 442 
39 232 232 274 402 454 454 454 
167 167 182 182 413 413 

30 35 35 119 122 122 174 174 174 180 268 268 314 314 483 483 

8 8 8 350 350 
1 1 1 5 5 53 259 259 377 377 393 393 393 419 419 419 441 441 441 458 458 
292 
159 305 343 343 477 
76 245 361 
76 509 509 
275 303 415 
39 39 159 
219 219 454 
7 157 157 169 169 212 212 238 238 271 296 296 310 310 374 374 375 375 505 505 
503 503 

40 40 49 55 55 55 56 56 60 69 69 83 83 93 93 93 104 104 117 117 129 129 138 147 184 184 191 191 192 192 195 195 201 237 237 267 267 267 275 275 283 283 283 344 351 351 356 356 415 415 415 432 438 460 460 460 487 487 
83 83 104 236 236 
233 233 505 505 505 
342 405 405 
131 131 476 496 496 
62 
76 76 478 
311 311 413 413 424 424 494 
325 358 358 
186 228 
70 70 184 184 
110 110 176 288 288 401 401 
150 150 408 
40 
149 374 417 417 417 417 442 
286 286 413 

330 330 
283 283 415 
5 5 443 443 
273 354 
392 392 392 
70 70 70 184 409 
225 225 

81 81 329 329 
364 
315 315 
11 11 11 334 334 334 
496 
271 
39 184 184 191 195 236 236 236 356 356 471 471 
204 204 222 222 
415 415 
286 
3 7 7 7 9 9 158 203 203 203 233 266 282 282 287 287 297 339 339 354 354 374 374 375 375 391 401 401 408 412 442 453 453 502 502 502 
160 
5 5 256 354 354 472 475 
219 402 402 
230 236 236 
157 
18 18 

184 184 431 431 431 431 431 
308 449 467 467 
67 67 192 192 298 298 298 347 347 347 421 
271 271 427 
236 236 236 254 254 303 303 303 344 344 344 415 
184 184 
191 191 
251 251 270 413 
68 68 179 179 179 271 271 
247 247 
81 81 184 
23 23 97 97 171 196 196 
184 426 
76 184 184 226 364 410 
408 
397 397 408 408 

68 169 233 233 425 425 
271 408 
281 281 281 347 
76 413 413 
164 164 177 177 
46 464 
39 39 485 
230 283 283 283 415 415 415 
56 56 148 148 191 
159 159 227 392 482 
87 150 370 370 370 370 408 408 
184 184 184 354 396 462 465 465 
280 467 467 
35 35 35 
233 233 
243 243 
84 85 160 160 348 348 
8 8 
76 80 96 215 222 222 317 317 319 319 349 349 354 384 384 398 413 418 429 429 429 434 434 434 449 449 449 467 467 481 481 
31 31 31 73 184 184 184 263 263 336 486 
444 444 
165 165 314 314 398 398 
413 
314 314 354 
140 140 
42 42 323 
76 76 162 162 
42 321 359 359 
37 37 184 
153 153 244 358 358 503 503 
358 358 
15 
76 76 209 209 
82 165 165 261 261 
39 62 62 62 71 71 159 253 253 369 369 369 369 428 
22 22 
407 413 
413 
264 264 264 385 385 413 413 
174 413 
108 315 486 486 486 
207 207 
184 415 415 
145 145 145 271 271 408 427 452 452 464 464 464 470 470 
182 

239 
227 227 
173 236 283 283 283 447 
184 
27 47 47 47 76 76 76 459 459 
67 67 281 281 281 298 421 506 506 
84 84 312 312 
314 314 481 481 
8 196 224 224 
236 236 432 432 
402 402 
76 456 
5 5 31 41 76 184 184 184 256 271 271 273 273 307 314 319 411 462 490 490 502 508 
12 12 184 184 184 
236 236 267 267 
367 367 496 496 
38 38 72 72 90 90 90 193 193 244 244 325 325 326 326 413 413 413 466 503 503 
61 61 61 81 81 323 323 
76 114 
76 228 
193 413 
182 499 
118 152 152 262 292 410 410 
415 415 
184 
114 114 357 357 496 496 496 
401 401 
62 62 62 330 330 330 330 
306 306 306 306 
68 68 
106 106 190 

154 154 154 233 233 250 271 271 417 442 442 
233 233 271 271 

225 225 
140 140 
103 103 146 146 
134 
46 46 64 64 64 133 139 139 395 408 
413 413 
63 63 75 415 432 463 463 463 
152 314 314 449 
334 334 413 413 
86 86 198 198 
124 
487 487 
82 130 130 142 142 497 497 
17 17 17 
271 
159 257 257 257 305 
225 225 225 
495 
0 381 
184 307 
58 294 294 
314 317 317 
41 492 492 492 492 492 
5 5 5 50 
110 247 247 271 271 368 368 
219 274 274 352 352 405 405 405 
427 427 427 
6 6 92 92 182 182 189 
39 206 206 206 239 239 402 402 402 

332 413 413 
26 87 150 150 158 158 248 271 293 294 294 297 306 306 339 381 412 437 437 470 
184 184 184 258 
292 364 364 
354 
271 408 
45 45 74 74 74 76 77 92 119 119 128 141 141 161 161 167 174 174 182 182 182 187 187 193 196 196 220 220 243 243 251 286 299 299 314 318 332 333 334 334 335 358 358 358 362 382 382 385 385 407 407 439 439 439 448 448 455 494 494 500 
22 108 
37 57 57 57 116 129 177 177 184 184 201 230 236 236 236 254 269 269 283 303 303 303 338 338 365 365 383 432 432 463 463 
65 65 
250 250 250 250 374 
80 80 95 95 95 314 
225 225 225 
441 441 441 
281 347 
196 
76 76 
243 243 
103 296 296 
184 184 291 
282 339 403 403 403 
159 159 330 
314 314 314 
62 62 
279 279 279 279 279 496 496 496 
236 351 351 383 415 415 460 460 
159 159 159 
314 314 314 
75 449 
497 
408 408 
236 
45 161 413 413 413 
76 76 186 186 
5 5 98 225 225 225 420 420 420 
218 218 218 250 271 374 374 468 468 468 
255 255 
15 59 59 182 182 182 316 316 
41 
56 
344 
413 413 
280 314 314 314 384 435 467 467 
41 99 156 
184 184 
25 25 25 25 339 339 464 464 
271 271 
4 4 4 124 124 124 131 131 219 219 219 232 
17 17 413 
76 353 491 
41 41 
225 225 
346 346 
211 236 236 236 432 432 
22 497 
307 354 
63 75 75 383 383 383 415 415 
301 339 339 339 452 452 
184 307 307 
72 141 141 141 358 
215 215 215 280 280 308 308 314 314 449 449 
442 442 442 
159 159 
339 339 408 
170 170 195 267 267 
273 475 
126 
487 487 
5 5 273 472 
10 10 10 240 496 496 
159 159 166 188 188 227 
207 207 207 242 
193 193 
127 
314 314 349 349 
305 
30 30 222 222 
184 184 
302 
31 31 120 120 120 315 336 336 336 489 489 489 
56 56 236 236 388 388 474 474 
184 184 184 
120 486 486 486 
51 51 184 354 354 
126 185 185 456 
399 399 399 399 399 
102 
243 413 413 
81 394 
197 197 240 240 265 357 357 367 367 367 431 431 431 476 476 
22 22 22 389 389 436 461 
160 
182 363 
193 193 193 413 

134 134 271 271 271 354 
234 234 325 325 358 358 
5 
233 233 238 238 238 
347 347 
104 104 
5 86 354 
76 229 229 
159 159 159 
159 159 
