Nodes: 512, Edges: 1199
46 46 46 395 395 395 395 
225 
91 111 111 183 183 189 189 
271 271 493 493 493 
454 454 
18 18 18 18 34 48 48 88 88 184 184 198 225 273 354 400 441 441 504 504 508 508 
404 
271 271 
224 224 224 313 350 
271 
476 476 
264 
184 202 202 
76 
117 117 117 135 
182 182 327 444 
184 
390 390 455 455 
5 5 5 5 277 
104 104 104 
428 428 

108 108 108 115 115 331 331 331 414 497 497 497 
171 171 290 290 
76 76 
452 452 452 
158 
76 346 
63 63 111 178 178 183 183 189 
474 
180 180 180 222 222 483 483 483 
172 184 184 315 315 315 354 354 354 486 486 
184 
67 67 67 192 
5 
210 222 222 309 

406 406 415 
89 358 
62 62 62 159 159 159 163 163 166 166 166 219 241 241 267 267 330 330 330 402 402 405 477 
192 192 236 236 249 
85 85 99 137 137 160 160 184 324 324 354 354 354 399 399 445 450 450 450 457 457 
323 
193 193 193 

76 439 
0 0 0 301 301 339 339 339 381 381 381 395 
346 346 
5 5 
236 236 
400 400 
490 
184 345 345 
225 393 
76 299 501 
195 236 
236 236 446 446 474 474 474 487 
415 415 
294 397 397 
444 444 
104 104 104 236 236 236 
81 
39 39 39 241 241 241 330 330 430 430 
28 28 383 463 

416 416 416 
141 141 141 
33 33 33 192 192 192 281 347 347 
169 169 296 371 371 
236 236 252 344 344 344 
184 246 246 258 258 
330 330 
325 325 358 358 466 
315 315 315 
413 413 
383 
13 24 24 27 45 54 78 78 107 109 109 109 162 162 184 184 184 186 186 196 199 199 207 207 207 208 228 228 229 242 242 245 292 292 314 314 314 322 322 322 328 328 346 346 346 353 353 354 354 354 413 413 440 456 456 478 501 501 509 509 509 
119 119 119 119 196 196 
76 76 
236 236 
314 418 418 
61 82 82 82 113 113 184 261 289 329 359 389 389 394 495 495 
81 81 81 121 121 142 143 329 329 329 
236 236 237 237 
348 348 
41 41 160 312 312 
198 198 198 198 386 386 
306 306 306 408 408 
5 5 504 504 
38 358 466 466 466 
358 358 
2 189 
182 182 404 

315 
418 418 418 
314 317 
171 290 290 290 
420 441 
41 256 
197 197 476 476 496 
140 195 195 
117 117 136 216 
146 379 425 425 
19 19 19 60 60 60 236 236 237 507 507 
106 106 106 184 190 190 
105 105 105 372 372 
76 
22 22 22 115 115 414 
76 76 76 199 207 
176 176 247 247 401 
2 2 28 182 182 
184 
81 81 
181 181 181 367 367 
22 22 108 108 389 
184 415 484 
14 14 14 102 102 125 125 135 136 184 184 184 236 
364 364 
77 77 77 77 122 122 222 222 222 413 
489 489 
82 82 
119 119 222 
468 
387 454 
117 117 136 136 136 
185 491 491 
480 
413 
236 415 
389 389 
240 240 454 
168 168 
381 
380 502 502 
14 117 
102 117 125 125 125 
41 41 184 
164 164 164 236 
381 381 381 
101 320 378 
66 66 66 358 358 413 413 466 466 466 
82 389 389 389 
82 217 217 
282 282 282 
339 339 339 
103 379 379 
236 236 
191 191 304 
250 250 
248 306 306 306 306 
354 354 
292 292 292 364 384 
325 325 
374 
413 
450 450 450 
233 233 
26 194 194 271 271 408 408 408 
39 39 39 188 188 205 227 227 227 231 231 257 305 330 330 392 402 402 428 428 433 469 469 477 510 511 
41 41 85 272 312 312 498 
413 439 439 
76 76 
39 39 
138 138 138 300 300 
317 317 317 
39 39 39 477 
220 220 413 413 
132 132 413 413 
68 68 233 233 296 
471 471 471 
23 23 97 290 290 
31 
344 
335 376 376 
407 407 407 413 
110 110 247 247 
283 283 300 300 300 415 
28 28 183 
287 
30 30 30 222 222 
114 114 114 
15 15 92 92 111 111 220 220 340 363 363 404 404 413 413 499 499 
2 2 28 28 178 
5 5 12 16 31 31 32 41 52 70 76 76 76 81 105 112 116 117 117 117 137 213 213 221 221 221 236 236 236 246 258 258 258 267 267 279 279 284 284 289 289 291 291 292 307 307 307 315 315 324 324 338 345 354 354 354 355 366 396 396 409 409 415 426 426 451 451 456 465 465 465 484 484 488 490 490 
126 491 
76 76 245 440 440 
413 
159 159 477 477 
2 2 28 91 
105 105 372 372 
148 148 268 268 285 
33 40 40 67 67 67 236 236 281 281 
43 43 43 286 358 358 362 413 479 
158 158 
55 101 101 236 267 267 471 471 
76 77 77 200 290 350 350 373 373 413 413 422 
100 100 496 496 
5 86 86 86 86 386 386 
76 76 109 207 
196 
415 
12 12 355 
271 271 
267 267 267 
159 
405 405 405 
76 76 76 109 199 337 478 
76 
328 328 
35 
460 460 
233 233 310 
184 184 
215 314 314 
214 314 314 467 467 
102 
143 143 
271 
39 232 232 274 402 454 454 
167 167 182 182 413 
184 184 184 
30 30 35 35 119 119 119 122 180 180 268 268 314 314 341 376 376 483 483 483 
329 
8 8 8 313 350 350 
1 5 53 259 377 377 377 419 441 441 458 458 

159 159 159 305 305 305 343 343 392 392 477 
76 76 361 
76 295 295 509 509 509 
236 236 303 415 415 
159 159 
219 219 454 
157 157 169 169 212 212 238 238 271 271 296 296 310 310 375 375 375 505 505 505 
503 503 503 

40 40 49 49 55 56 56 60 60 60 69 69 79 79 83 83 104 104 117 129 138 147 147 184 184 184 192 192 195 230 230 237 237 267 275 283 283 344 344 351 351 356 415 415 415 432 432 438 438 438 460 487 487 
83 83 104 236 236 
233 233 505 505 
342 342 405 405 
131 131 476 496 496 496 
39 39 62 62 62 
76 76 
413 494 
325 358 358 
76 186 
70 70 184 
110 110 176 176 288 288 401 
150 293 408 
40 
149 149 417 417 442 442 
270 286 
69 
330 330 
277 283 415 415 
443 
99 273 354 354 
159 392 392 
70 70 184 184 184 
225 
426 
81 329 
364 410 
315 
11 334 334 
496 496 496 
271 271 
39 39 184 184 195 195 204 204 204 236 356 
191 191 222 222 
415 415 
251 
3 3 7 7 9 158 158 203 203 218 233 233 266 266 287 287 297 327 339 354 374 374 374 375 391 391 391 408 408 408 427 427 427 442 453 502 502 502 502 
160 
5 256 475 475 
219 
236 

18 254 

184 184 431 
308 308 449 449 467 
67 192 192 298 347 347 421 421 421 
144 144 144 427 
177 177 236 236 254 303 303 303 303 344 344 344 344 415 415 415 
184 184 
191 
193 251 413 413 
179 271 271 
247 247 
81 184 184 
23 23 97 97 97 171 171 196 480 480 480 
184 184 426 426 
76 76 152 152 152 184 364 364 410 
248 408 408 
58 397 397 408 408 408 
229 229 
68 169 233 233 425 425 
271 408 
281 347 347 
54 413 
164 164 177 177 177 
46 46 
485 485 485 
230 283 283 283 283 415 
148 
159 227 227 227 392 392 482 482 
87 87 87 150 150 150 150 370 370 370 408 408 
184 184 184 354 396 465 465 
280 280 467 
35 
212 233 233 

85 85 160 160 348 348 348 
8 224 
76 76 76 80 96 214 214 215 215 222 222 317 317 319 319 319 349 349 354 354 354 384 384 384 398 413 413 418 429 434 455 467 467 481 481 
31 31 31 73 73 73 94 184 184 263 336 486 486 
444 
96 165 165 165 314 314 398 413 413 413 
413 
314 314 314 354 
140 
323 
76 76 76 
42 321 359 
41 41 184 184 
72 72 153 153 244 358 503 
358 358 
15 271 
76 76 209 209 
81 82 82 82 223 261 
39 39 39 62 62 71 71 159 159 253 253 428 
22 22 22 
407 413 413 
413 413 
264 264 385 385 
174 413 413 413 
315 486 
207 
184 415 415 
46 46 46 145 145 145 271 381 408 408 427 427 452 452 452 464 464 464 
182 
222 
239 239 
227 227 
69 69 69 173 236 236 283 283 283 283 447 
52 52 184 
27 47 47 76 76 76 459 
67 67 281 281 298 298 506 
84 84 312 312 312 
314 314 481 481 
8 196 196 224 224 
236 236 432 432 
402 402 
76 76 456 456 
5 31 31 31 41 41 41 76 76 76 151 151 184 184 184 256 256 271 307 314 314 314 319 411 411 411 450 450 450 490 490 502 508 508 
184 202 
236 267 
367 367 367 431 
38 72 72 89 90 90 141 141 193 193 244 244 325 326 326 413 466 466 503 503 503 
81 323 

228 
193 413 413 
182 182 499 499 499 499 499 
118 118 152 262 292 292 410 
415 415 415 
184 
114 114 357 357 357 496 496 496 


306 306 306 
68 68 
106 106 190 190 
196 196 
154 271 271 271 417 442 442 
233 233 233 271 
174 174 222 222 
225 225 225 458 
140 
103 146 146 
134 
46 46 46 133 139 139 139 339 408 408 
413 
63 75 432 
152 314 314 314 449 
334 334 413 
86 86 198 198 
124 
487 
81 81 115 130 130 142 142 142 497 497 
17 17 
271 271 271 
159 227 227 257 257 305 305 
53 
81 495 495 
0 0 0 0 46 
184 184 307 
58 58 294 294 
314 317 
41 41 492 
5 50 50 
110 247 
39 39 159 159 219 352 352 405 405 
427 427 427 
6 92 182 182 
39 206 206 206 239 239 402 402 
37 37 
175 175 175 332 
87 87 158 158 158 248 271 271 271 293 293 294 294 294 297 306 306 339 339 381 381 412 437 437 470 
184 184 
262 292 364 
354 354 354 
408 
74 74 76 76 119 128 141 141 155 161 167 167 168 168 175 182 182 187 193 196 196 220 243 286 286 299 314 314 317 317 317 318 332 332 333 333 335 335 335 358 362 362 382 385 439 439 448 455 494 494 500 
22 108 
37 57 57 116 129 177 184 201 230 230 236 236 236 254 254 269 269 283 283 283 303 338 338 365 365 365 432 463 463 
65 65 65 
250 250 374 
80 80 95 95 95 314 
225 
98 441 441 441 441 
281 281 281 
196 


103 103 296 296 
184 184 260 291 291 
271 271 271 282 339 339 403 403 403 
20 20 159 159 330 
314 
62 62 
279 357 496 496 
236 236 351 351 383 415 460 460 
159 
314 

497 
408 408 
236 236 236 
45 161 161 413 413 
76 186 186 
5 5 98 225 225 420 420 420 420 
250 250 271 374 374 468 468 
255 
15 59 59 316 
41 
56 56 
344 
413 
280 280 384 
41 41 41 156 156 156 354 354 354 462 
184 184 
25 25 25 339 339 339 464 
271 
4 4 124 131 219 219 232 
17 17 314 413 
76 76 184 353 353 
41 41 
225 225 377 
346 
211 211 236 432 432 
497 497 
450 
63 415 415 
339 339 339 452 
184 184 184 307 307 
72 89 89 89 141 141 141 358 358 
215 215 280 308 314 314 
123 442 442 
159 159 
408 
170 170 170 195 195 
475 475 

29 56 56 56 487 
273 273 472 472 
10 10 100 100 240 496 496 
39 159 166 188 188 227 
76 207 
193 
127 290 290 290 
314 314 349 349 
305 305 
30 30 30 222 222 222 
116 184 184 
302 302 302 
31 31 315 315 336 489 489 
56 236 236 388 474 
184 
120 120 486 486 
51 184 184 354 354 
126 126 185 
399 
3 3 3 
243 413 413 
81 81 394 394 
100 197 197 240 240 240 265 265 265 367 367 367 431 431 476 476 
22 22 22 389 389 436 461 461 
160 
182 182 363 363 363 363 363 
413 
54 76 76 
134 134 271 271 271 271 354 
234 234 234 325 358 358 358 
5 5 88 88 
233 233 233 238 238 
347 
104 104 
5 5 354 354 
76 76 76 229 229 229 
159 
159 
