Nodes: 512, Edges: 1199
46 395 395 395 395 
225 225 225 441 
91 111 111 183 183 189 189 
271 271 493 493 
454 454 454 
18 18 18 18 18 34 48 48 50 88 88 88 184 184 198 225 225 255 273 273 273 279 354 354 400 441 441 504 
404 404 
233 271 271 
196 196 224 313 350 350 
271 271 

264 264 264 
184 202 202 355 355 355 
76 76 
117 117 184 184 
182 182 327 444 444 
184 184 184 
390 
5 5 5 5 5 
104 
428 
31 31 31 
108 108 115 115 331 331 414 414 461 461 461 497 
171 171 290 

452 452 452 452 
158 158 408 
76 346 346 
178 178 183 
474 
180 180 222 222 222 483 
21 21 21 172 172 172 184 184 315 315 354 354 486 486 489 489 

67 67 192 192 192 
5 
210 222 222 222 309 413 
106 106 
324 324 324 406 406 
89 89 358 358 
62 62 159 163 163 163 166 166 231 241 302 302 330 402 402 405 405 477 477 477 485 485 
192 192 236 236 249 249 249 
44 99 151 151 156 160 160 160 184 184 324 354 399 399 445 450 450 457 
321 321 323 323 
193 
41 
76 76 413 
0 64 301 339 339 381 381 395 395 
346 346 346 346 
5 5 
236 236 
5 400 400 
490 
184 184 345 
393 
76 299 501 
195 236 
191 191 191 236 236 304 304 446 446 446 474 474 487 487 
415 
294 397 397 
444 444 
104 236 236 
81 359 
39 39 241 241 330 369 430 430 
383 383 383 463 
46 381 381 
193 193 416 416 416 

33 33 192 347 347 
169 169 169 287 287 287 296 371 371 
236 236 252 344 
184 184 258 258 
330 
325 325 358 466 
94 94 315 315 
413 413 
463 
13 13 27 45 45 54 78 78 107 109 162 184 184 199 199 208 208 208 228 229 242 245 245 292 299 299 314 314 314 322 322 322 322 328 346 346 353 353 353 354 354 354 360 360 361 423 423 440 456 478 478 501 501 
119 119 119 196 
76 76 
236 236 236 
314 418 418 
61 82 82 82 184 184 329 359 359 389 389 394 495 495 
81 81 81 121 142 329 329 389 
236 237 
85 85 85 348 348 
84 84 84 160 160 312 312 
198 386 386 386 508 
408 408 
5 5 5 504 
38 38 128 128 358 358 466 466 
358 358 358 
2 
182 182 404 404 413 
236 236 
73 73 315 
418 

171 171 290 
441 
41 450 
197 197 476 496 
140 140 195 195 471 471 
117 117 117 136 
146 379 379 
19 60 236 236 237 507 507 507 
106 184 190 
36 36 105 372 
76 
22 22 115 115 115 
76 199 
176 247 401 
2 2 182 


181 181 360 
22 22 108 108 108 389 
415 415 
14 14 102 102 102 125 125 135 135 136 136 184 184 184 
364 364 
77 77 77 122 222 413 
486 486 489 
82 143 
119 222 222 222 
468 
454 
117 117 136 136 
185 491 
480 
89 89 413 413 448 448 
236 236 415 
389 389 
240 240 240 454 454 
168 168 
381 
380 502 
117 117 
102 117 117 125 125 
184 
236 
381 381 
101 101 320 378 378 378 
466 466 466 466 
82 389 
121 217 217 217 
282 
339 339 
103 379 379 379 
236 
191 191 304 304 
250 
248 248 306 306 306 306 306 408 408 
41 41 354 354 
292 384 384 
325 

413 413 413 
41 450 
233 276 
26 26 194 194 194 271 271 408 408 
39 188 188 188 205 205 205 227 227 231 231 257 305 330 392 402 428 428 433 433 469 469 510 511 
41 41 41 85 85 272 272 312 312 498 498 
413 439 439 
76 
39 39 39 
300 300 
317 317 317 329 
39 39 477 477 
220 413 
132 132 413 
68 68 68 
471 471 471 
23 23 97 97 290 290 
31 31 31 
344 
222 335 335 335 376 376 376 413 413 
407 407 413 
110 247 247 247 
269 300 415 415 
28 28 183 
287 287 
30 30 222 
114 114 
15 15 92 92 111 340 363 404 404 404 444 499 499 
2 2 28 178 
5 5 12 14 14 16 16 16 31 31 41 41 52 52 70 70 76 76 81 81 105 117 117 117 137 199 213 221 236 236 246 258 258 267 267 267 279 279 279 284 289 289 291 291 292 307 307 315 315 324 338 345 345 354 354 354 355 355 366 366 366 396 409 409 415 415 415 451 456 456 465 484 484 488 488 490 490 
126 491 491 
245 440 
413 413 
159 159 159 477 
2 2 
105 372 
56 56 56 148 148 236 236 236 267 267 285 285 304 304 446 
33 33 33 40 40 67 236 
43 65 65 286 286 358 358 358 362 413 413 479 500 
158 158 158 
55 101 101 236 267 267 471 
8 8 77 200 200 200 290 290 350 350 373 373 413 413 422 422 
100 100 496 
5 86 
76 76 109 184 207 
196 196 196 
236 236 415 415 415 
12 12 355 
271 271 
268 268 
159 159 159 
405 
199 337 478 
76 76 76 
328 328 
35 
460 460 
233 310 
184 
215 314 
214 314 314 314 467 

143 143 143 
442 442 
232 274 454 
167 413 413 
184 
30 30 30 35 35 35 119 122 122 122 174 180 341 341 376 413 483 483 

8 313 313 313 350 
1 1 1 5 5 259 259 377 377 393 393 419 419 441 458 
292 292 
159 159 305 305 305 343 343 343 392 
76 245 245 
76 295 295 509 
236 236 236 275 275 415 
39 159 159 
219 454 454 
7 157 212 238 271 271 310 374 374 375 505 505 505 
503 
487 487 
40 40 49 49 55 56 56 60 60 69 69 79 79 79 83 93 93 104 104 129 129 138 147 184 184 191 191 191 192 195 201 201 230 230 230 237 267 267 275 278 278 283 283 344 344 351 351 356 356 415 415 432 432 438 438 460 487 487 
83 104 236 
233 505 505 
342 342 342 405 405 405 
131 131 131 476 476 
39 62 62 
76 
413 413 413 424 424 424 494 494 
325 325 358 
76 76 186 228 228 
184 
110 176 176 176 288 
150 150 293 408 408 
40 40 40 
149 374 417 417 442 
286 413 413 
69 

277 277 415 415 
5 443 443 443 
273 354 354 
159 392 392 
70 70 184 184 409 
225 225 
426 
329 329 
364 
315 315 
11 11 11 334 334 334 
496 
271 271 
184 184 184 191 191 195 195 236 236 356 356 471 
204 204 
177 415 415 415 
286 
3 3 7 7 9 9 158 158 203 203 233 233 266 266 282 282 287 297 297 327 327 339 354 354 374 374 375 391 401 401 401 408 408 408 412 412 427 427 442 453 502 502 502 
160 160 
5 5 5 256 472 472 475 475 475 
219 
230 230 236 
157 
254 254 
236 236 
5 184 184 184 431 
308 308 449 449 467 467 
347 347 421 421 
144 271 271 427 
236 236 303 303 344 344 344 415 415 415 
184 
191 191 
193 193 251 270 413 413 413 
68 68 68 179 179 271 
247 
184 184 
23 97 171 171 196 196 480 480 
184 184 426 426 426 
76 152 184 226 226 410 
248 408 
58 397 408 408 
229 229 
68 425 
271 271 408 
347 347 347 
54 76 76 413 
164 164 177 
46 
39 39 485 485 
283 283 415 
56 56 148 148 191 191 
159 227 227 227 392 482 482 
150 150 150 150 150 370 408 408 
184 184 354 396 396 396 465 465 
280 280 467 467 467 
35 
212 233 

85 85 160 160 348 348 
8 224 224 224 
76 76 76 80 214 215 215 215 317 317 317 354 354 354 384 384 418 429 434 434 449 449 455 467 481 
31 31 73 73 94 184 184 263 263 336 336 486 486 
444 
165 165 165 314 314 314 398 398 
413 
354 
140 
42 42 323 
76 76 76 76 
42 42 321 359 359 359 
37 37 37 41 184 
72 72 153 244 244 358 503 
358 358 
15 271 271 
76 209 209 
81 82 82 165 261 261 
39 62 71 159 369 369 428 428 
22 22 
407 407 413 413 
413 413 413 
264 264 264 385 385 413 413 413 
174 174 174 413 
315 315 486 486 
207 
184 415 415 
46 46 145 145 271 381 381 408 408 427 427 452 464 464 470 470 
182 
222 222 
239 239 239 
227 227 227 
69 173 236 236 283 283 283 447 447 447 
52 184 184 
27 27 47 47 47 47 76 76 459 459 459 
67 67 281 281 298 298 298 421 421 506 506 
84 84 312 312 
481 481 
8 8 196 196 224 
236 236 432 
402 
76 76 76 456 
5 5 31 31 41 76 76 76 151 151 184 184 184 256 256 271 271 307 314 314 314 319 411 411 411 462 462 490 490 502 502 502 508 508 
12 12 12 184 184 202 
236 236 267 267 
367 367 431 431 
38 38 72 89 89 90 90 90 193 193 193 244 325 326 326 466 466 466 503 503 503 503 
61 81 81 323 323 323 
76 76 114 
76 
193 413 413 
182 499 499 499 
118 118 262 410 410 
415 
184 184 184 
357 357 
401 
62 330 330 
306 
68 68 
106 190 
196 196 
233 233 250 271 271 408 417 417 417 
233 271 
174 174 174 222 
225 225 458 
140 140 140 
103 103 146 146 146 
134 
46 46 64 64 133 139 139 339 339 395 408 408 408 
413 413 
63 63 63 415 463 
152 152 314 314 449 
334 334 413 
86 86 86 

487 487 487 
81 81 82 115 130 130 142 497 
17 
271 
159 227 257 257 305 
53 225 225 
81 495 495 
0 0 0 0 46 46 381 
184 307 307 307 
58 58 294 
317 317 
41 41 492 492 
5 50 50 
110 271 271 271 368 
39 39 159 352 405 
427 
6 6 92 92 182 182 182 
39 39 206 239 239 239 402 
37 37 
175 175 332 332 413 413 
26 87 87 150 150 158 158 248 248 271 271 271 293 294 294 297 306 306 339 339 374 381 381 381 412 412 470 
184 184 258 
292 364 364 
354 354 354 
271 271 408 408 
35 45 74 74 92 119 128 128 155 155 155 161 167 168 174 174 175 187 187 193 193 196 196 220 220 222 243 243 243 251 251 286 286 286 299 318 332 332 333 333 333 334 334 334 335 362 362 382 382 385 407 407 439 439 448 448 448 494 494 494 500 500 500 
22 22 
57 116 116 129 177 177 184 184 184 201 201 201 230 236 236 254 254 269 269 269 283 283 283 303 338 338 365 383 432 
65 65 65 
250 250 374 374 374 
80 80 95 314 
225 225 
441 441 441 
281 281 347 347 
196 196 
76 76 
243 243 243 
296 
260 291 291 291 
271 271 282 339 339 403 
20 159 159 330 330 
314 
62 62 
279 357 357 496 
236 236 351 415 460 
159 159 
314 314 
449 449 449 


236 236 
161 161 413 413 
76 186 
1 5 5 98 225 420 420 420 
218 218 250 271 
255 255 255 
15 15 59 59 182 316 
41 
56 56 56 191 
344 344 344 
128 128 413 413 413 
280 280 314 314 384 435 435 435 467 
41 41 99 156 
184 
25 25 25 25 339 464 464 
271 
4 4 4 124 131 131 219 232 232 
314 
76 184 184 353 491 
41 
225 377 
346 346 346 
211 211 236 432 
22 22 22 497 
354 354 
63 75 383 
339 339 452 452 
184 307 307 
72 89 89 141 141 141 141 358 358 358 
215 280 280 308 308 308 314 449 
123 
159 159 
339 339 408 
101 101 170 170 170 195 267 
273 273 475 

29 56 56 487 487 
273 273 273 472 
100 240 240 
39 39 39 166 166 188 
76 76 207 
193 
127 290 290 
314 349 349 
305 305 
30 222 222 
184 184 
39 39 302 302 
31 31 120 120 315 315 336 336 489 489 
56 56 235 235 236 236 388 388 388 474 474 
184 184 
31 31 120 486 486 
51 184 184 354 354 
126 185 185 456 
399 399 
3 3 
243 243 413 413 413 
81 81 394 394 
100 197 265 431 
22 389 461 
160 160 
182 182 363 363 363 
193 413 413 413 
54 76 76 
134 271 271 271 354 354 354 
234 325 358 358 358 358 
5 88 
233 233 233 238 238 
347 347 
104 104 104 
86 354 354 
229 
159 
159 
