Nodes: 512, Edges: 1199
46 46 64 395 395 395 
225 225 441 441 
91 91 111 183 183 189 
271 493 493 493 
454 
18 18 18 48 50 50 50 88 184 198 225 225 255 273 279 354 354 400 441 441 475 504 508 
404 404 
271 271 
196 196 196 224 350 350 
271 

264 
355 
76 
184 184 
182 182 327 327 327 444 444 
184 184 184 
390 390 390 455 
5 5 5 277 
104 104 
428 428 428 
31 
108 108 108 115 331 461 461 497 
171 171 290 290 290 
76 
452 452 452 452 
158 158 408 408 
76 346 346 
63 178 178 178 183 
474 
180 180 222 483 483 
21 172 172 184 184 184 315 315 486 489 489 
184 
67 192 192 

210 222 309 309 309 413 413 413 
106 106 
324 324 324 406 415 415 
89 89 
62 159 159 159 163 166 166 166 219 231 241 267 267 302 302 330 330 330 402 402 405 405 477 485 
192 192 236 236 236 249 
85 99 137 137 137 151 151 151 156 156 160 160 184 184 184 354 354 399 445 445 450 457 457 
321 
193 193 193 

76 76 413 413 439 439 
0 0 301 301 339 339 381 381 395 

5 
236 
5 5 5 400 400 400 
490 
184 184 184 
393 
76 76 299 299 501 501 
195 195 236 236 
104 191 191 304 446 474 487 
415 
294 
444 444 444 
104 104 236 
81 81 359 359 
39 241 241 330 369 369 430 430 
28 463 463 
0 381 381 381 
193 
141 
33 192 192 281 281 347 347 
169 287 287 287 287 296 371 
236 236 
184 246 258 258 258 

358 358 466 466 466 
315 
413 413 
463 
13 24 27 45 45 54 54 78 109 109 162 184 184 184 186 196 199 199 207 208 208 228 228 229 229 242 242 245 245 299 314 314 314 322 328 328 346 353 354 360 361 413 423 440 456 456 478 501 
119 119 413 413 
76 
107 236 236 
314 314 418 418 
61 61 82 82 184 184 184 261 289 289 289 329 359 389 389 394 394 394 495 495 
81 81 121 121 142 143 329 329 389 
237 
85 
41 84 160 160 312 312 
198 386 386 386 508 508 
306 306 408 408 
5 504 504 
38 38 128 128 128 128 128 466 

2 2 189 
182 404 404 413 413 
236 236 236 
315 315 

314 314 317 
171 171 290 
420 441 
41 450 
197 476 476 476 496 
140 140 471 
117 136 493 
146 379 379 379 425 425 
19 19 56 60 60 236 236 237 507 
106 106 184 184 184 190 190 
36 36 105 105 190 190 372 
79 
22 22 22 115 115 336 
76 76 199 207 
176 176 247 401 401 
2 182 182 


181 181 181 367 
22 108 108 389 
184 415 
102 125 125 136 136 184 184 236 236 
364 364 
77 77 122 222 413 
489 489 
82 82 143 143 
119 222 
468 468 468 
387 454 454 
117 117 136 
185 185 473 491 

89 89 89 89 89 413 413 448 448 
415 415 
389 389 
240 240 454 454 
168 
381 
502 502 502 

102 117 117 125 
41 41 41 184 
236 236 
381 381 
101 101 320 378 
66 358 466 466 466 
82 389 
82 121 121 217 217 

339 339 
103 379 
173 236 236 236 
191 191 304 304 304 
250 250 250 
248 306 306 408 408 
41 41 41 354 
364 384 

374 374 374 
413 
41 41 450 
233 276 
26 26 194 194 194 271 408 
39 39 39 188 205 227 231 305 305 330 330 392 402 402 428 428 469 469 477 477 510 511 511 511 
41 41 85 85 312 
413 439 439 
76 
39 
300 300 300 
317 317 329 
39 39 39 
413 
132 413 413 413 
68 296 296 
471 471 471 
23 23 97 97 290 
31 31 
147 
222 222 222 335 335 413 413 413 
407 407 413 413 413 
110 110 247 
269 300 300 415 415 
28 28 28 183 183 
287 287 287 
30 30 222 222 
114 114 114 
15 15 92 111 111 220 340 340 363 404 404 413 444 444 499 499 
2 2 28 178 178 
5 14 14 16 16 16 31 31 31 32 41 41 41 52 52 52 70 76 76 76 81 81 81 105 105 105 116 117 117 137 199 213 213 213 221 236 236 246 246 258 267 267 267 279 279 284 284 291 291 291 307 315 324 324 338 338 338 345 345 354 354 355 355 366 396 409 415 415 415 426 426 451 451 451 456 456 456 465 465 484 488 490 490 490 
126 126 491 491 
76 245 245 245 440 440 
413 
159 477 510 
2 91 
105 105 106 106 372 372 
56 56 148 148 236 236 236 267 267 267 268 285 285 285 304 
33 33 40 40 67 67 236 281 281 
43 43 43 65 286 286 358 362 413 413 479 479 479 500 500 
158 158 158 
55 55 236 236 236 
8 8 8 76 200 290 373 413 422 422 422 
100 496 496 
5 86 386 386 
76 76 109 184 207 
196 
236 236 
355 
271 271 
267 267 
159 
405 405 405 
76 109 199 337 337 337 478 
76 76 

35 
460 460 
233 310 310 
184 184 184 
215 215 314 314 
214 214 314 314 467 

143 143 
271 271 442 442 
39 232 274 274 402 402 454 454 
182 413 
184 
30 35 119 122 174 174 174 180 180 268 268 314 314 341 376 413 413 483 
329 
8 313 313 350 
1 1 5 5 259 259 259 377 377 393 393 393 419 419 441 441 458 458 
292 292 292 
159 305 343 343 343 392 477 477 
76 76 245 
76 76 295 295 509 509 
236 275 415 
39 159 
219 454 
157 212 238 271 271 271 296 296 374 374 375 505 505 505 505 
503 
487 487 
40 40 40 49 55 55 60 69 69 79 79 93 93 93 104 104 117 117 138 138 147 147 147 184 184 191 191 191 192 195 195 195 201 201 230 237 237 237 267 267 267 275 275 278 283 283 344 351 351 356 415 415 438 460 487 487 
83 104 236 236 236 
233 505 
342 405 
131 131 476 496 
39 62 62 
76 76 
311 413 413 494 494 
325 358 358 
76 76 186 186 186 228 
70 184 184 
110 176 288 288 401 401 
150 
40 
149 149 149 374 417 417 442 442 442 
270 286 413 413 

330 
277 277 277 415 
5 443 443 443 443 
273 273 354 
392 392 
70 70 70 184 409 
225 225 225 
426 
81 329 329 
410 
315 
11 334 334 
496 496 
271 271 271 
39 39 184 184 184 191 191 191 204 204 236 236 236 356 356 471 471 471 
191 222 222 
177 415 415 
251 286 
3 7 7 9 158 203 203 218 218 233 233 233 266 266 266 282 282 287 287 287 297 297 297 327 339 339 354 354 374 374 375 375 391 391 401 408 408 412 427 427 427 442 442 453 453 502 502 

5 256 256 354 354 354 475 475 475 
219 219 
230 236 236 
157 
18 254 254 254 415 
236 
5 184 184 431 431 431 
308 308 308 449 449 449 467 467 467 
67 67 192 192 298 347 347 421 421 
271 271 427 427 
236 236 303 303 344 415 415 
184 184 
191 191 191 
193 193 251 270 413 413 
68 68 68 68 179 179 179 271 271 271 
247 247 
81 81 81 
23 23 23 97 171 196 
184 184 184 426 
226 226 226 364 410 410 

58 397 397 408 408 
229 229 
68 169 169 233 233 425 
271 271 271 408 408 
281 347 
54 54 76 
164 164 164 177 177 
46 46 464 
39 39 485 485 
283 283 
56 148 148 148 191 
159 159 227 392 482 482 
87 87 150 150 370 370 370 408 408 
184 354 354 396 396 465 
280 280 280 467 
35 35 35 
212 212 
243 
85 85 160 348 348 348 348 
224 224 
76 76 76 80 80 96 96 214 214 215 215 222 222 317 319 349 349 354 384 384 398 418 418 429 429 449 449 455 455 467 467 467 481 
31 31 73 94 94 184 263 336 486 486 
444 444 
96 165 165 314 398 413 
413 413 
314 354 354 
140 
42 323 323 
76 
321 321 359 359 
37 37 37 184 184 
244 358 503 503 

15 15 15 271 
76 76 
81 82 82 165 223 261 261 
39 39 39 62 159 159 253 369 369 369 428 
22 
407 407 407 413 413 
413 413 
264 264 385 385 413 413 
174 174 413 
108 315 486 486 
207 207 207 
184 184 184 415 
46 46 145 145 271 271 381 381 408 452 452 464 
182 182 
222 
239 
227 227 227 
236 283 447 447 
184 184 
27 27 76 459 459 
67 67 281 281 298 421 506 506 
312 312 312 312 
314 314 481 
8 8 224 
236 236 432 

76 456 
5 5 41 41 76 151 184 184 256 271 271 273 273 273 307 307 314 319 319 411 411 411 450 462 462 462 508 508 
12 184 184 202 
236 267 267 
367 431 431 431 496 496 
72 72 141 193 244 244 325 413 413 413 466 503 503 503 
61 61 81 323 323 
76 
76 
193 413 
182 499 499 499 499 
118 118 152 292 410 
415 
184 
114 357 496 496 
401 401 
62 62 330 330 330 
306 306 306 
68 
106 190 190 
196 
154 154 154 233 233 250 271 271 442 
233 271 271 
222 
225 225 
140 
103 103 103 146 

46 46 64 64 64 133 139 139 339 339 395 395 395 408 408 

415 415 432 463 
152 314 314 449 449 
334 334 413 413 
86 86 86 198 198 
124 
487 
81 81 82 115 130 130 142 497 497 497 
17 17 17 
271 271 
159 227 257 257 305 
53 225 225 225 
81 81 81 495 495 495 
0 0 0 46 381 381 381 
184 307 307 
294 294 
314 317 
41 492 492 
5 50 50 50 
110 110 247 247 271 368 368 
39 39 159 159 219 219 405 
427 
6 6 92 92 182 182 
39 39 206 206 206 239 402 
37 
175 175 332 332 332 413 
26 26 87 87 150 150 158 271 271 294 294 297 297 306 306 339 381 381 412 412 437 470 
184 258 
262 292 292 364 
354 354 354 
271 408 408 
35 35 35 45 45 74 74 76 77 77 92 92 119 128 128 155 161 167 168 168 168 174 174 174 175 175 175 182 187 193 193 196 220 222 222 243 243 251 251 286 286 317 318 318 332 332 333 333 334 334 335 358 358 358 362 385 385 407 439 455 455 500 500 500 

37 37 57 116 129 129 177 177 184 184 184 230 236 236 254 269 269 277 283 283 338 365 383 383 432 432 463 463 463 

250 250 
80 80 314 314 
225 225 
98 441 441 
281 281 347 
196 196 196 
76 

103 103 296 
184 184 260 291 
271 271 271 282 282 403 
20 20 20 159 159 330 
314 314 
62 62 
279 279 279 357 357 357 496 
351 383 415 415 460 460 460 


449 

408 
236 
45 45 161 161 413 
76 186 186 
1 1 5 5 98 225 225 420 420 
218 218 250 250 250 271 271 374 
255 255 255 255 
15 15 59 59 59 182 182 316 316 
41 41 
56 
344 344 
128 128 
280 280 280 314 314 384 384 435 467 
41 99 156 354 462 
184 184 184 
25 25 25 25 339 339 464 464 
271 271 
4 124 124 131 131 219 219 232 
17 314 314 413 413 
76 76 184 184 184 353 491 
41 41 
225 225 
346 346 
211 211 236 432 432 432 
22 22 497 497 497 
354 354 354 450 
63 63 75 383 415 415 415 
301 339 452 452 
184 184 307 
72 72 72 89 141 141 141 358 
215 280 280 280 308 314 314 314 449 
123 123 123 
159 159 
408 
101 170 170 170 267 267 267 
475 475 475 
126 
29 56 
5 273 273 273 472 472 472 
100 100 100 240 496 
39 159 159 188 227 227 
76 207 
193 193 193 

314 349 
305 305 
30 30 222 
184 
39 302 302 
31 315 315 336 336 489 489 
56 235 235 236 236 388 
184 
31 31 120 120 486 486 
51 184 184 184 
126 185 185 456 
399 399 
3 3 3 102 
243 243 
81 81 394 394 394 
100 197 197 240 265 265 357 357 367 367 431 476 
22 389 389 389 461 461 461 

182 182 363 363 363 363 
193 193 413 413 413 
54 54 76 
134 134 134 271 271 
234 325 325 358 358 358 
5 88 88 
233 233 233 233 238 
347 347 
104 
5 86 86 354 354 
229 229 
159 188 
159 159 159 
