Nodes: 512, Edges: 1199
46 46 64 395 395 
225 225 441 441 
111 189 189 189 
271 493 493 
454 
18 34 34 48 48 50 88 88 184 184 198 225 255 273 279 279 279 354 354 400 441 504 504 508 
404 
233 233 271 271 271 
224 224 313 313 350 
271 271 
476 
264 264 
184 184 184 202 202 202 355 
76 76 
135 184 
182 327 444 444 
184 184 
390 455 455 
5 
104 104 

31 
108 108 414 414 461 461 497 497 
171 171 290 
76 76 76 
452 452 
158 408 408 
76 346 346 
111 178 178 183 183 183 189 
474 
180 180 222 483 
21 172 172 184 315 354 354 486 489 

67 192 192 
5 5 
210 222 309 309 413 
106 
324 324 406 406 415 
89 358 358 
62 62 159 159 163 166 166 231 231 241 267 267 302 302 302 330 330 330 402 402 405 477 477 485 485 
192 192 192 249 
44 85 85 85 137 151 151 151 156 160 160 184 184 184 324 324 354 399 445 445 457 
321 321 323 
193 193 
41 
76 413 413 439 
0 0 64 301 301 301 301 339 381 395 395 
346 346 346 346 
5 5 
236 236 
5 400 400 400 
490 490 
184 345 
225 
76 76 299 299 299 
195 236 236 
191 191 236 236 236 304 446 446 474 487 
415 415 
294 397 397 397 
444 
104 104 104 236 
81 81 359 
39 39 241 330 
463 463 463 
0 46 381 
193 193 413 416 
141 141 141 
33 192 192 281 281 347 
287 287 296 371 
344 
184 246 258 
330 330 
325 358 358 466 
94 315 

383 463 
13 13 24 24 24 27 45 54 54 78 107 107 109 109 109 162 184 184 184 186 186 196 199 207 207 207 208 228 229 229 245 292 299 299 314 322 322 328 346 353 353 354 354 360 360 361 413 413 423 423 423 440 440 456 456 478 478 501 509 509 509 
119 119 
76 
236 236 
314 314 314 418 
61 61 82 113 113 261 289 289 329 329 359 359 389 394 
81 121 121 142 142 143 143 143 329 389 389 389 
236 236 236 237 237 
85 85 85 312 312 348 
41 41 41 84 84 84 160 160 312 312 312 
198 198 198 386 386 508 
306 408 408 
5 5 504 
38 128 128 466 466 
358 358 358 

404 
236 236 236 
73 315 
418 
314 317 
171 171 290 
420 
256 450 
197 197 476 476 496 
140 195 
117 136 216 216 
146 146 425 
19 19 60 60 60 138 138 236 237 237 507 507 
106 184 184 184 
36 105 190 190 372 
76 76 
22 22 115 414 
76 76 76 199 199 199 207 
176 176 247 401 
2 28 182 182 

81 81 
181 181 367 367 
108 389 
184 415 
102 125 135 136 184 236 

77 77 413 
486 486 
82 82 143 
222 222 222 
468 
387 387 387 454 454 
117 136 136 136 
185 473 491 491 
480 480 480 
89 89 413 448 
236 236 415 
389 
240 240 240 454 
168 168 
381 381 
380 502 
14 117 
102 117 125 125 125 
41 184 184 
104 104 164 236 236 236 
381 
101 320 378 378 378 378 
66 66 66 358 413 413 466 466 
82 82 389 389 
82 82 82 121 217 
282 
339 
103 103 379 379 
236 
191 304 304 
250 
248 248 306 306 306 306 408 
41 41 41 354 
292 292 292 364 384 
325 325 
374 
413 413 413 
41 450 
233 276 276 
26 194 194 194 271 271 408 408 
39 39 188 205 227 227 227 257 305 330 392 402 428 428 433 433 469 510 510 511 511 511 
41 41 85 85 272 312 312 498 
439 
76 
39 
138 300 300 300 300 
317 317 329 
39 39 477 
220 413 413 
132 132 413 413 
233 233 233 
471 471 471 
23 23 97 97 290 
31 31 
344 344 
222 335 335 335 376 376 413 413 
407 413 
110 110 247 247 
269 300 415 415 
28 28 183 183 
287 287 
30 30 222 
114 114 
15 111 111 220 340 340 363 363 404 413 444 499 499 
28 28 28 178 178 
5 5 12 12 12 14 16 16 31 41 41 41 52 70 76 76 76 105 105 105 116 117 137 137 199 221 236 236 236 246 258 267 267 267 284 289 289 307 307 315 315 324 324 338 338 345 354 354 355 366 366 366 396 396 396 409 409 409 415 415 415 426 426 451 456 456 465 484 488 488 490 490 490 
126 491 491 
76 76 245 245 

159 477 510 
2 2 2 28 404 
106 106 372 372 
56 56 148 236 236 267 285 285 285 304 304 446 
33 33 40 40 40 67 67 236 236 281 281 
43 43 65 65 286 286 362 413 413 479 479 500 500 500 
158 158 158 
55 101 236 471 
76 200 290 290 350 373 373 413 413 413 422 422 422 
100 100 496 496 
5 86 86 86 386 386 
76 109 109 109 184 
196 
415 415 
12 12 12 355 355 


159 
405 405 
76 76 76 109 337 478 478 478 
76 
328 328 
35 
460 
233 233 310 

215 215 314 
214 214 314 314 314 467 
102 102 
143 
271 271 442 442 442 
232 232 274 402 454 454 454 
167 182 413 
184 
30 35 122 122 122 174 180 314 341 341 376 483 483 483 
329 
8 8 313 350 350 
1 1 5 53 259 259 377 377 377 393 393 419 441 458 458 458 
292 
159 159 159 305 305 305 343 392 477 
76 245 361 
76 76 509 509 
236 236 303 303 415 415 415 
39 39 
219 219 454 
7 7 157 169 169 169 212 212 238 271 296 296 296 310 310 310 374 374 375 505 505 505 
503 503 
487 
49 49 55 55 56 56 56 60 79 79 83 83 83 93 93 93 104 117 129 129 138 138 138 147 184 184 184 191 191 192 192 195 230 230 237 267 275 275 278 283 283 283 344 351 415 415 432 432 438 438 438 460 460 
83 83 104 104 236 
233 505 505 
342 405 
131 131 131 476 476 476 496 
39 62 

311 424 494 
325 325 358 358 
76 186 186 228 
70 184 
110 176 176 288 288 401 
150 150 293 408 408 408 
40 
149 374 417 417 442 442 442 
286 413 

330 330 
277 277 283 415 
5 443 443 443 
99 273 354 
159 392 392 392 392 
70 184 409 409 
225 225 

81 329 329 
410 410 
315 
11 11 334 
496 
271 
39 39 184 184 184 191 236 268 268 356 356 471 471 
267 267 
177 
286 286 
3 7 7 7 9 9 158 158 218 218 233 266 282 282 287 287 287 297 297 339 339 354 354 374 374 375 375 391 391 401 408 408 408 427 427 427 442 453 453 502 502 502 
160 
5 256 354 354 354 472 475 475 
219 402 
236 236 
157 157 
254 254 415 
236 
5 5 5 431 431 431 
308 449 467 467 467 
67 67 192 192 347 421 421 
144 271 271 427 
236 236 236 254 344 344 344 415 415 
184 
191 191 191 
193 193 251 270 270 413 
68 68 179 179 271 271 271 
247 247 
81 81 184 184 
23 97 171 196 196 480 480 
426 426 
76 152 152 152 226 364 364 410 410 
248 408 408 
58 397 397 408 408 

68 233 233 233 425 425 
271 271 408 408 408 
347 
54 54 54 76 76 413 
164 164 164 164 177 
46 46 46 46 464 
39 39 39 485 
230 230 415 
56 148 148 191 191 
159 227 227 227 392 392 482 
87 150 150 150 150 370 370 408 
184 184 354 396 396 462 465 
280 467 
35 35 
212 233 233 233 
243 
84 84 85 85 85 160 160 348 348 348 348 348 
8 8 224 
76 80 80 80 96 214 215 215 215 222 317 317 319 349 384 398 398 418 429 429 434 434 449 449 455 455 455 467 481 481 
31 73 94 184 184 263 486 
444 444 
96 165 165 314 314 398 398 398 
413 413 413 
314 354 
140 
42 42 
76 76 
42 359 359 359 
37 37 41 41 184 184 
72 153 153 244 244 503 
358 358 
15 
76 209 209 
81 81 82 165 223 261 261 
39 39 39 62 71 71 159 253 253 369 369 428 428 

413 413 
413 413 413 
264 385 413 413 
174 174 174 
486 486 
207 
184 184 415 415 
46 145 271 271 381 408 408 427 427 452 452 464 464 470 470 
182 182 
222 222 
239 
227 
69 173 173 236 283 283 283 447 
52 184 
27 27 47 47 47 47 76 459 459 459 
67 281 298 421 421 506 
84 312 312 312 312 312 
314 481 481 
8 196 224 224 
236 432 
402 
76 76 456 456 
5 5 31 31 41 76 76 151 184 184 256 271 271 273 273 273 307 319 411 411 450 502 502 508 508 508 
12 184 202 202 
267 267 
431 496 496 
38 38 72 72 90 90 90 141 244 244 326 326 413 413 466 466 466 503 503 503 
61 81 81 323 323 323 
76 76 
76 228 
193 413 
182 182 499 
152 292 292 410 
415 415 
184 184 184 
114 114 496 496 
401 
330 330 
306 306 
68 
106 190 190 
196 196 
154 233 233 250 271 271 408 408 408 417 442 442 
233 271 271 
174 174 222 
225 225 225 458 458 
140 140 140 140 
146 146 
134 
46 64 133 133 139 339 395 395 395 408 408 408 
413 413 
75 415 415 432 463 463 463 
152 314 449 449 
334 413 413 
86 86 198 198 
124 124 124 
487 487 487 
81 82 82 82 115 130 142 142 497 
17 
271 271 
159 227 257 257 257 257 305 305 
225 225 
81 495 495 
0 0 46 46 381 381 381 
184 184 184 307 307 
58 58 58 294 294 
314 314 317 317 317 
41 492 492 
5 50 50 50 
110 247 271 368 
39 39 159 219 274 352 405 405 405 
427 
6 92 182 189 
39 206 206 239 402 402 402 
37 37 
175 
26 26 87 87 150 158 158 248 248 248 271 271 271 293 293 294 294 297 297 297 306 339 339 374 374 374 381 381 381 412 412 437 437 470 
184 184 184 258 258 
262 262 292 292 364 
354 354 
408 408 
35 45 45 65 76 76 119 128 141 141 155 155 155 167 167 168 168 174 174 175 182 193 193 196 196 196 220 251 286 299 318 318 318 332 332 333 333 333 334 334 358 358 362 382 382 385 385 448 448 448 455 494 500 
22 22 108 
37 57 57 116 129 177 177 184 184 184 201 201 230 230 230 236 236 254 277 283 283 303 338 338 365 365 383 383 432 463 463 
65 
250 250 374 
80 95 314 
225 
98 441 441 441 
281 281 347 347 
196 196 196 
76 76 76 
243 
103 296 296 
184 184 291 291 
271 271 271 282 339 339 403 
159 159 330 330 
314 314 

279 279 279 357 
236 236 351 383 415 460 460 
159 159 
314 314 
449 449 
497 
408 408 
236 236 236 
45 161 
76 76 
1 1 5 225 420 420 420 
218 218 218 250 250 250 271 374 374 468 
255 255 255 
15 15 59 182 316 316 
41 41 
56 56 191 
344 
128 413 413 413 
280 314 314 384 384 435 435 467 467 
99 156 354 462 
184 
25 25 339 339 464 464 464 
271 271 
4 124 124 131 219 219 219 232 
17 17 314 314 314 413 
76 76 184 184 353 353 491 491 491 
41 
225 225 225 377 377 
346 346 346 
211 236 236 432 432 
22 22 
307 450 
63 63 63 75 383 383 383 415 415 
301 339 339 452 452 452 
184 307 
72 89 89 141 141 358 358 358 
215 280 280 280 308 314 449 449 
123 442 
159 
339 339 408 
170 170 170 195 267 267 
273 475 475 
126 
29 56 487 
273 273 472 472 
10 100 100 240 240 240 496 
39 39 166 188 227 
76 76 207 207 207 
193 193 
127 127 127 290 290 
314 314 349 349 
305 
30 222 222 222 
184 
39 39 302 
31 120 120 315 336 336 489 489 
56 235 388 388 388 474 
184 184 
31 486 486 
51 51 184 184 184 
126 126 185 185 456 456 456 
399 399 
3 3 
243 413 
394 394 
100 197 197 240 265 357 357 367 367 476 
22 22 389 436 
160 
182 182 363 
193 193 193 413 
76 
134 271 271 271 354 354 
234 234 325 358 358 358 
5 5 88 
233 233 233 238 238 
347 
104 104 
5 86 354 354 354 
76 76 76 229 229 
159 159 188 
159 159 159 
