Nodes: 512, Edges: 1199
46 46 64 395 395 395 
225 225 225 441 
91 183 
493 493 493 
454 454 
18 18 18 34 48 50 88 88 88 184 198 198 225 225 225 255 255 255 273 273 279 354 354 400 400 504 508 508 

233 233 271 271 
196 224 224 224 313 313 350 
271 
476 476 
264 
184 184 202 202 355 355 355 

117 117 
182 182 327 327 327 444 
184 184 
390 390 455 455 
5 5 5 277 277 

428 428 428 
31 31 
108 108 108 108 115 115 331 414 461 497 497 
171 171 171 290 290 
76 
452 452 452 
158 158 158 408 408 
76 76 346 346 
63 63 63 178 178 183 
474 
180 180 222 222 483 
21 21 172 184 315 315 315 486 486 489 489 

192 192 
5 
210 210 222 309 309 
106 106 
324 324 324 324 406 
89 89 358 358 
62 159 159 163 166 166 219 219 231 241 241 241 267 267 302 302 330 330 402 402 405 405 477 485 
192 192 236 236 249 
85 85 137 137 137 156 160 160 184 184 184 324 354 399 450 457 457 

193 

76 76 439 439 
0 0 301 301 301 301 301 339 339 339 381 395 
346 346 
5 
236 236 236 
5 400 400 
490 
184 184 345 345 345 
225 225 393 
76 76 
195 236 236 
191 191 236 236 236 304 446 446 474 474 487 487 

294 397 
444 444 
104 104 236 
81 81 81 359 
39 241 241 241 330 369 369 369 430 430 
28 28 28 
0 381 381 
193 193 193 413 
141 141 
192 192 281 281 347 
169 169 169 287 287 296 371 371 
236 236 236 252 344 344 344 
184 246 246 
330 
358 466 
94 94 315 315 
413 
383 435 463 463 
24 27 27 45 45 54 54 78 107 109 109 162 162 184 184 186 186 196 199 207 207 207 208 228 228 229 242 245 245 245 292 314 322 322 322 328 328 328 346 353 353 353 354 361 361 423 440 478 478 501 509 
119 119 196 196 196 413 
76 
236 236 
314 418 418 
61 61 61 82 82 289 329 329 359 389 394 495 495 
81 81 121 121 142 329 389 
236 236 237 
85 312 312 312 348 
41 41 84 160 160 160 312 312 
198 198 386 386 
306 306 408 408 
5 5 5 504 504 504 
38 38 128 466 466 466 
358 358 358 
2 
182 404 404 413 413 
236 236 236 
73 73 315 315 

317 
171 171 290 290 

256 
197 197 476 496 
140 140 195 195 471 
117 117 136 216 
146 379 
60 60 138 236 507 507 
106 184 190 190 190 
36 36 105 190 190 190 372 372 
76 
22 22 22 22 115 414 
76 76 199 207 
176 176 247 247 
182 
184 184 184 

181 181 181 360 367 367 367 
22 22 108 
184 184 415 
14 14 102 102 125 125 135 135 136 184 184 236 
364 364 364 
77 77 122 122 222 222 222 413 413 413 
489 489 
82 82 143 143 143 
119 119 
468 468 
387 
117 117 136 136 136 
185 185 491 491 
480 480 
89 413 448 448 
236 236 
389 
240 454 
168 168 
381 381 381 
380 502 502 502 502 
117 117 
102 117 125 125 125 
41 41 41 184 184 184 
104 164 164 236 236 
381 381 
101 101 320 320 
66 66 358 358 413 413 466 466 466 
82 389 389 
121 121 121 
282 282 
339 
103 379 379 379 
236 
191 
250 
248 248 306 408 408 

292 364 384 384 
325 
374 374 
413 
41 450 
233 276 276 
26 26 26 194 194 271 271 408 408 408 
39 39 188 188 205 227 231 257 305 330 330 392 402 402 428 428 428 433 433 469 477 477 510 510 511 
41 41 85 85 85 272 272 312 498 
413 413 413 439 439 
76 76 322 
39 
138 138 300 300 300 
317 
39 39 477 477 477 
220 413 
132 132 413 
68 68 68 233 296 
471 471 
23 23 23 97 97 290 
31 
344 344 344 
222 222 376 376 413 413 
413 
110 110 247 
283 283 300 
28 28 183 
287 287 
30 30 222 222 
114 114 114 
15 15 92 111 220 220 340 340 363 363 404 404 413 444 444 444 499 
2 28 178 
5 12 12 16 16 31 41 41 41 52 52 70 76 76 105 112 112 112 116 116 117 117 137 137 137 213 213 213 221 221 236 236 236 246 246 258 267 279 279 279 284 284 289 291 307 307 315 324 338 345 354 354 354 355 396 409 409 415 415 415 426 456 465 465 484 490 
126 126 
76 76 245 245 440 440 440 
413 413 413 
159 159 477 477 510 
404 
105 105 105 106 106 106 372 372 372 
56 56 148 236 285 285 304 446 446 
33 33 40 40 67 67 236 236 281 
43 65 65 65 286 286 358 358 362 362 413 413 413 479 479 500 
158 158 
55 101 101 236 267 267 267 471 471 471 
8 76 77 77 77 290 290 350 350 350 373 373 413 422 
100 100 496 
5 5 86 86 
76 109 207 

236 415 415 
12 12 355 
271 
267 268 
159 
405 405 
76 76 76 109 199 337 337 337 
76 
328 
35 35 
460 460 
233 233 310 
184 184 184 
215 314 314 
214 314 314 314 467 467 
102 

442 442 442 
39 39 232 232 274 274 454 
167 182 182 413 413 
184 184 
30 30 35 119 119 119 174 174 180 180 314 314 376 413 483 
329 329 
8 8 8 313 350 
1 1 1 5 5 5 53 53 259 259 377 377 393 393 393 419 419 441 441 458 458 458 

159 305 305 343 392 477 477 
76 76 245 361 
76 509 509 
236 236 275 275 303 415 415 
39 159 
219 219 454 454 
7 7 157 169 212 212 238 271 296 296 310 374 375 505 505 
503 503 
487 487 
40 40 49 49 49 55 55 56 56 56 60 69 69 69 79 79 83 83 93 93 93 104 117 129 129 138 138 147 184 184 184 191 192 192 195 201 230 230 267 275 275 278 278 283 283 283 344 344 351 351 356 415 415 432 438 438 438 460 487 487 487 
83 
233 505 505 
342 342 405 
131 476 476 496 
39 39 39 62 62 62 
76 
311 311 424 424 
325 325 325 358 358 
76 76 76 186 186 228 
70 70 184 184 
110 110 176 288 288 288 401 401 
150 150 408 
40 
149 374 374 417 417 442 442 
286 413 413 
69 
330 
277 277 283 415 
5 5 5 443 443 443 
99 273 
159 392 392 
184 409 
225 225 
426 

410 489 
315 
11 334 

271 271 
39 39 184 195 195 195 204 236 268 356 
204 267 
415 415 

7 7 9 158 158 203 233 266 266 282 287 297 327 339 354 354 374 374 374 391 391 391 401 408 408 412 427 442 442 502 502 
160 160 
5 5 256 354 354 472 475 475 
219 219 352 402 
230 230 236 236 
157 157 
18 18 254 254 
236 236 
5 184 184 184 431 431 
308 449 449 449 
67 67 192 298 298 347 347 347 421 
144 144 271 427 
177 177 236 236 236 254 303 303 303 344 415 
184 184 
191 191 
193 193 251 413 413 
68 68 179 179 271 
247 247 247 
81 184 
23 23 97 97 171 196 196 480 
184 426 426 
76 152 364 364 410 410 
408 
58 397 397 408 408 408 

68 169 233 233 
271 408 
281 281 347 347 
413 
164 164 164 177 
46 46 46 46 46 
39 39 485 485 485 
230 283 283 283 415 415 
56 191 
159 227 227 392 482 482 
87 87 150 370 370 370 370 408 408 
184 184 354 396 396 396 465 
280 467 
35 35 
212 233 
243 243 
84 84 84 85 85 160 348 348 348 348 
8 8 224 
76 80 214 214 215 215 215 222 222 317 317 319 354 398 398 413 418 429 434 449 449 449 455 467 467 481 481 
31 31 31 73 73 94 94 184 263 336 486 
444 
96 165 314 314 413 413 
413 413 
314 354 354 
140 140 
323 323 
76 76 76 162 
321 321 359 359 
37 37 37 37 41 184 
153 244 244 244 358 358 503 

15 15 15 271 
76 76 76 209 
81 81 82 223 223 
39 39 62 71 159 159 253 369 369 369 428 
22 
407 413 
413 
264 385 385 385 385 413 413 
413 413 
315 
207 207 207 
184 
46 46 46 145 271 381 381 381 408 408 408 427 452 452 452 464 464 
182 182 

239 239 
227 
69 69 69 173 173 173 236 236 283 447 447 
52 52 52 184 
27 27 47 47 76 459 459 459 
67 281 281 281 298 298 421 506 
84 312 312 312 312 
481 481 481 
8 196 196 196 224 
236 236 432 432 432 
274 402 402 
76 76 76 456 
5 5 41 76 184 184 184 271 271 273 273 307 314 319 319 411 450 450 462 462 490 490 502 508 
12 12 12 184 202 
236 267 
367 496 496 
38 38 72 90 90 90 141 141 193 193 244 244 325 325 413 466 503 503 
61 81 323 323 
114 
76 76 228 
193 193 413 413 
182 182 499 499 499 
118 118 118 152 292 292 410 410 
415 415 

114 114 114 357 496 496 
401 401 
62 62 62 330 330 330 
306 306 306 306 
68 68 
106 106 190 190 190 
196 196 
154 154 233 250 250 271 271 271 408 417 442 442 
233 
174 174 222 
225 225 458 

103 146 146 146 
134 
46 64 64 133 133 133 139 139 339 339 339 395 408 408 
413 413 413 
75 415 463 
152 152 449 
334 334 334 334 413 413 
86 86 
124 
487 487 487 
81 82 130 142 142 497 
17 17 
271 271 271 
159 227 257 257 305 
53 225 225 225 
81 495 495 
0 0 0 46 381 
184 307 307 307 
58 294 294 
314 314 
41 492 492 492 
5 5 50 50 
247 247 271 368 368 
39 39 159 159 274 352 352 405 
427 
92 92 182 182 189 
39 39 206 206 239 402 
37 
332 413 413 
26 26 87 87 150 150 158 158 158 248 271 271 293 294 294 294 297 306 306 339 339 339 374 381 381 412 412 437 437 437 470 
184 184 258 
262 292 292 364 364 
354 
271 408 408 
65 74 77 92 92 119 119 119 128 141 141 155 161 161 161 167 168 174 174 175 182 187 187 187 193 193 193 196 220 220 222 251 251 286 286 299 314 317 317 318 318 332 333 334 334 335 335 358 362 362 382 382 382 385 385 407 407 439 439 448 448 448 494 494 500 500 500 
22 108 
116 184 184 184 201 201 230 230 236 236 254 269 269 283 303 303 365 365 383 432 432 432 

250 250 374 
80 80 314 
225 225 
441 441 
281 347 
196 
76 
243 243 

184 260 291 291 
271 282 339 403 
20 20 20 159 159 159 330 
314 
62 62 
279 279 496 496 
236 351 351 351 415 415 415 
159 159 
314 
75 449 449 
497 
408 408 408 
236 236 236 
45 45 161 161 413 413 
76 186 186 186 
1 225 225 420 420 
218 218 218 250 250 271 271 374 374 468 468 468 
255 255 255 
15 59 59 182 182 182 316 

56 56 191 191 
344 344 
128 128 413 413 413 
280 280 280 314 314 314 384 435 435 467 
41 156 354 354 462 

25 25 25 339 339 339 464 464 464 

4 4 131 219 232 232 
17 17 314 
184 353 491 
41 41 
225 225 225 377 
346 346 346 
211 211 236 
22 497 
354 354 450 
75 75 383 
339 339 452 452 452 
184 184 307 
72 89 89 89 141 141 141 358 
215 215 308 314 314 449 
123 123 442 442 442 
159 
408 
101 170 170 195 195 195 
273 

29 56 56 487 
273 273 
10 10 100 240 240 496 496 
39 159 159 166 166 166 188 188 227 227 
76 76 
193 193 
127 127 290 
314 314 349 349 349 
305 305 
30 222 
184 
39 302 302 302 
31 31 315 489 489 489 
56 56 235 235 236 236 236 388 388 388 474 

31 31 120 120 262 486 486 486 
51 184 354 354 
126 126 456 
399 399 399 
3 3 3 
413 413 
81 81 394 394 
100 197 240 357 357 367 367 431 431 476 476 
22 22 389 436 461 
160 
182 363 363 363 
193 413 413 413 
76 
134 134 134 134 271 271 354 
234 234 325 358 358 
5 88 88 88 
233 233 238 238 
347 
104 104 
5 5 354 
76 229 229 
159 159 188 
159 
