Nodes: 512, Edges: 1199
46 46 46 46 395 395 395 
225 
91 91 183 189 189 
271 271 493 493 
454 
18 18 18 34 88 184 198 198 225 255 255 255 273 354 354 354 400 400 400 441 475 504 
404 404 404 
271 271 
196 196 196 224 224 224 313 350 350 
271 


355 
76 
117 184 
327 
184 184 
390 390 390 455 
5 5 5 277 277 
104 104 
428 
31 
108 108 414 414 461 461 497 497 
171 290 290 290 
76 76 
452 452 
158 158 408 408 
76 346 
63 63 178 183 183 
474 
180 180 222 222 483 483 
21 172 172 184 184 184 315 315 315 486 489 489 
184 
67 192 192 192 
5 
210 210 222 309 309 413 413 

324 324 406 406 
89 89 89 
62 159 159 163 166 166 219 219 219 231 231 241 241 267 267 302 302 302 330 330 330 402 402 405 405 405 477 477 477 485 
192 192 192 236 236 249 
85 137 137 151 156 156 160 160 184 324 354 354 354 399 399 399 445 450 457 457 
321 321 323 
193 

76 76 76 413 413 
0 0 0 0 301 301 381 381 395 
346 346 

236 
400 400 
490 
184 184 
393 
76 501 
195 236 
191 236 304 304 446 446 474 474 474 487 
415 
294 397 397 397 
444 444 
236 236 
81 359 359 
39 241 241 330 330 369 369 430 430 
28 28 383 
381 
193 413 416 
141 141 
33 192 192 347 
169 287 296 371 371 
236 236 252 344 344 344 
184 184 246 246 258 258 
330 330 
325 358 358 466 
94 94 94 315 
413 413 413 
383 383 463 463 
13 24 24 27 45 45 45 54 78 78 78 107 109 162 162 186 186 186 196 196 199 207 207 208 208 228 229 229 242 242 245 245 245 299 299 314 322 322 322 322 328 346 346 360 360 361 413 423 423 440 456 456 478 501 509 
119 119 196 413 413 
76 76 76 

314 314 418 418 
61 82 82 113 184 184 261 289 289 359 359 389 389 495 495 
81 81 121 121 142 142 142 143 143 
236 237 237 
85 348 348 
41 84 160 160 312 
198 386 508 
306 306 408 408 
5 504 504 
38 38 38 128 128 358 358 466 466 

2 2 
404 413 413 413 
236 
73 73 73 315 315 
418 418 
314 317 
171 171 290 290 
420 441 
450 
197 476 496 496 
140 140 195 471 471 
117 117 136 136 136 216 216 493 
146 379 379 379 425 
19 19 138 236 236 237 237 507 507 
106 184 184 190 190 
105 190 372 
76 
22 22 414 
76 199 207 
176 176 
182 
184 
81 
181 367 
389 
184 184 184 
14 102 102 135 135 136 136 184 184 236 
364 
77 77 122 222 413 413 
486 486 
82 82 143 
119 222 

387 387 

185 185 
480 480 
89 89 413 413 413 448 
236 236 415 

240 240 240 
168 168 168 
381 
380 380 502 502 502 502 
117 117 
102 102 102 117 117 
41 41 184 
104 164 164 236 236 
381 381 
101 101 320 378 378 378 378 
66 66 358 466 466 
82 82 82 389 
82 82 121 217 
282 282 
339 339 339 
103 379 379 
173 236 
191 304 304 304 
250 
248 248 306 306 306 
41 354 
292 364 364 384 
325 325 
374 374 
413 413 413 
41 41 450 450 
233 233 276 276 
26 26 194 271 271 408 
39 39 188 227 227 231 231 305 305 330 330 402 402 402 428 428 433 477 477 477 510 511 
41 41 85 85 272 312 312 498 498 
413 413 439 
76 76 322 322 
39 
138 138 300 
317 317 317 329 
39 39 477 
413 413 
132 132 132 413 413 413 
68 233 233 296 296 

23 97 97 290 290 
31 31 
147 344 
222 222 335 413 
407 407 413 413 
110 110 247 247 
269 283 283 300 300 415 415 
28 183 
287 
30 30 222 
114 
111 220 340 340 363 404 404 413 444 444 444 
2 28 28 178 
5 14 16 16 31 31 31 32 41 52 52 70 70 81 81 105 105 112 116 116 116 117 117 137 213 213 213 221 221 236 246 246 258 258 258 267 267 267 279 284 289 289 291 307 315 315 324 338 338 345 354 354 355 355 355 366 396 409 409 415 415 415 426 426 451 465 465 484 484 488 488 490 
126 126 491 
76 76 76 245 245 245 440 440 
413 413 
159 477 510 
2 2 
105 105 106 372 372 
56 148 236 236 236 267 267 268 268 268 285 285 304 304 446 
33 33 33 40 40 40 67 67 236 281 281 281 
43 65 286 286 358 362 362 413 
158 
55 101 236 267 267 471 
8 8 8 76 76 77 200 290 290 290 350 373 413 422 422 422 
100 496 
5 5 86 386 386 
76 109 207 
196 
415 
355 
271 271 271 
267 267 268 

405 405 405 
76 76 109 199 337 337 478 478 478 
76 76 
328 328 328 
35 35 
460 460 460 
233 310 310 310 
184 184 184 
215 314 314 314 
214 314 314 467 
102 102 
143 
442 442 442 442 
39 39 39 274 402 454 
182 413 413 
184 184 
30 30 35 119 122 174 174 180 314 341 341 376 376 413 413 483 
329 329 
8 8 8 313 313 350 350 350 
1 5 377 377 393 393 393 441 441 458 458 
292 292 
159 159 305 305 305 305 343 343 392 477 477 
76 245 245 361 
76 76 295 295 509 509 
236 236 275 275 415 
39 39 159 159 
454 454 454 
157 157 169 169 212 238 271 271 296 296 310 375 375 505 505 
503 503 

40 40 49 55 56 60 60 69 69 83 93 104 104 117 129 129 138 138 147 184 191 191 191 192 195 230 230 237 237 237 267 267 275 275 275 278 278 283 283 344 351 356 415 415 432 438 438 438 460 487 487 487 
83 83 104 104 236 236 236 
233 505 505 505 505 
342 405 405 
131 131 131 476 476 496 
39 39 62 62 
76 76 478 
311 413 413 424 424 424 494 
358 358 
76 76 76 186 186 186 228 228 
70 70 184 184 
176 176 401 
150 150 408 
40 
149 374 374 374 417 417 442 
270 286 286 286 
69 
330 330 
277 277 277 277 283 415 
5 5 5 443 443 
273 273 354 
392 392 
70 70 184 184 184 

426 
81 329 
410 410 
315 315 
334 334 
496 
271 
39 39 184 184 184 191 191 195 195 204 204 236 236 268 268 356 356 471 471 
191 191 191 204 267 267 
177 415 
251 286 286 
3 3 7 7 9 158 158 203 203 203 233 233 266 287 287 287 297 327 339 339 339 354 354 374 375 391 391 401 401 401 408 408 408 412 412 442 442 453 502 502 502 502 502 
160 
5 256 256 354 354 472 472 472 475 
219 352 402 
230 230 236 236 236 
157 157 
18 18 254 254 254 254 415 
236 236 
184 431 431 431 
308 308 308 449 467 467 
192 192 192 298 347 347 421 
144 144 427 
177 177 236 236 254 303 303 303 344 344 415 415 415 
184 
191 191 
193 193 251 251 251 270 270 413 
68 179 271 271 271 

81 81 184 184 
23 23 23 97 97 171 171 196 196 196 480 480 
184 426 426 
152 226 226 364 410 
408 
58 397 408 
229 229 
68 169 169 233 233 425 425 
271 408 
281 347 347 
76 76 413 
164 177 177 
46 46 
39 39 39 485 
283 283 283 415 
56 56 148 148 148 191 191 
159 159 227 227 227 227 392 482 482 482 
87 87 150 150 150 370 408 
184 354 354 396 462 465 465 
280 280 280 467 467 
35 35 
212 212 212 233 
243 
85 160 160 348 348 
8 224 224 
76 80 80 96 214 214 214 215 215 222 317 319 319 349 349 349 413 418 429 429 429 434 434 449 449 449 455 455 455 467 481 
31 31 31 73 94 94 184 184 263 263 336 486 486 
444 444 444 
96 165 165 165 314 398 413 413 
413 413 
314 314 
140 
42 42 323 323 
76 76 76 76 162 162 
42 321 321 359 
37 37 41 184 
72 153 153 358 503 503 503 
358 
15 271 
76 209 209 209 
165 223 223 261 
39 39 39 62 62 71 71 159 159 253 253 369 369 428 

407 407 413 413 
413 413 413 
264 264 385 385 385 413 413 
174 413 413 
315 486 
207 207 
184 184 415 415 
145 145 145 271 271 271 381 408 408 408 427 452 452 464 464 470 470 
182 182 
222 222 
239 
227 227 
69 69 69 173 236 283 283 447 447 
184 
27 47 47 76 76 459 459 
67 281 281 298 298 421 506 
84 84 312 312 
314 314 314 481 
8 8 196 224 224 224 
236 432 432 
274 
456 
5 5 5 41 41 41 151 184 184 256 271 271 273 273 307 307 411 411 450 462 462 490 490 502 508 508 
12 184 184 184 202 
236 267 267 
367 367 431 
72 72 89 89 141 193 244 244 325 326 413 413 466 466 503 503 503 503 
61 61 81 81 323 
76 76 
76 228 
193 193 413 413 413 
182 499 499 
118 152 152 292 410 
415 415 415 
184 
114 357 357 496 496 496 
401 401 
62 62 330 330 
306 
68 68 
106 190 190 
196 
154 154 250 250 250 271 408 417 417 442 442 
233 233 271 
222 222 
225 225 458 458 
140 140 140 140 
103 103 103 146 146 
134 134 
46 46 64 133 139 139 339 395 395 
413 
63 75 75 415 415 432 463 
152 
334 334 334 413 
86 198 198 
124 124 
487 
81 81 115 142 497 
17 17 17 
271 271 
227 257 257 305 
53 225 225 225 
495 495 495 
0 0 0 46 381 381 
184 307 
58 58 58 294 
317 
41 41 41 492 492 492 
5 5 5 50 50 
247 271 271 271 368 368 
39 39 159 159 159 219 274 405 

6 6 6 92 182 182 
39 39 39 206 206 206 239 239 402 
37 37 
175 175 332 332 413 
26 26 87 87 158 248 271 271 271 293 294 297 306 339 339 339 374 412 470 
184 184 
262 262 292 364 
354 354 
271 271 408 
35 35 45 45 65 74 74 74 76 77 77 92 92 92 119 119 128 128 128 155 155 155 161 161 167 167 168 168 168 174 175 175 182 187 187 193 196 220 220 222 222 243 243 286 299 314 317 317 318 318 332 332 333 333 333 334 334 335 335 358 358 362 362 362 382 385 407 448 494 500 
22 22 108 
57 129 177 177 184 184 184 201 230 236 236 254 269 277 283 283 283 303 338 338 365 365 365 383 383 432 463 
65 
250 250 374 374 
80 80 95 95 314 

98 441 
281 347 
196 196 196 
76 76 
243 243 243 
103 296 296 
184 184 260 291 291 
282 339 
20 159 159 330 
314 314 314 
62 62 
279 279 279 357 496 
236 351 351 383 415 460 460 
159 
314 314 
449 449 


236 236 236 
161 
76 186 186 
5 98 225 225 420 
218 218 218 218 250 271 271 374 374 468 468 
255 255 
59 59 182 182 182 316 316 316 
41 
56 56 191 
344 344 
128 413 
280 314 314 314 435 435 467 467 
41 99 156 156 354 462 
184 
25 25 339 339 
271 
4 219 232 232 232 
17 314 314 314 
76 76 353 491 491 491 
41 41 
225 225 377 377 
346 346 
211 211 211 236 432 432 
22 22 497 497 497 
307 354 354 450 
75 75 383 415 
339 339 
184 184 307 307 
72 89 89 141 141 358 358 
215 280 280 308 308 314 449 449 
442 442 

339 339 408 
101 101 195 267 267 
273 273 273 475 475 

29 56 56 56 
5 273 472 472 
100 240 240 496 496 
39 39 39 159 159 159 166 188 227 227 
76 207 207 207 242 

127 127 290 290 
314 349 
305 305 305 
30 30 222 
184 184 
39 302 
31 120 120 315 315 336 
56 236 236 236 388 
184 184 
31 31 
51 184 354 354 
185 456 456 456 
399 399 399 
3 3 102 
243 413 
81 81 394 394 394 
100 100 197 240 265 367 367 367 431 476 476 
22 22 389 461 461 461 
160 160 
363 363 
413 
54 76 
134 134 134 134 271 271 271 271 271 354 
234 234 325 325 325 358 358 358 358 
5 88 88 
233 233 238 238 238 238 
347 
104 104 
86 354 354 
76 229 229 
159 188 
159 
