Nodes: 512, Edges: 1199
46 46 395 395 395 
225 225 225 225 441 441 
91 111 111 183 183 189 189 
271 493 
454 454 
18 18 34 48 48 50 88 88 184 184 184 198 198 225 225 255 273 279 279 354 354 400 400 475 508 508 
404 404 
233 233 271 
196 196 196 224 224 313 350 350 350 
271 271 
476 
264 
184 355 
76 76 
117 135 184 184 
327 327 444 
184 184 
390 
5 5 277 
104 104 
428 

108 331 331 331 461 461 497 497 
171 290 290 
76 
452 
158 158 158 408 408 
76 346 346 
63 63 63 63 178 178 183 189 

180 222 222 483 483 
172 184 184 315 315 354 486 489 
184 
67 67 192 
5 
210 222 222 309 
106 106 106 
324 324 415 
89 89 89 
62 159 159 159 163 166 166 166 219 219 231 231 231 241 241 267 267 267 302 330 330 402 402 402 405 405 477 485 485 
192 192 236 236 249 
44 85 151 151 156 156 156 160 160 160 184 354 354 354 399 399 445 450 457 457 
321 323 
193 193 193 
41 
76 76 76 413 439 439 
0 0 64 64 301 301 301 339 339 339 395 
346 346 346 
5 5 
236 236 
5 400 
490 
184 345 
225 
76 299 501 
195 195 236 
191 191 191 236 236 304 304 304 446 446 474 474 487 487 
415 415 415 
294 294 397 
444 444 444 
104 104 104 236 
81 81 359 359 
39 241 330 369 369 430 430 
28 28 28 28 
46 46 381 
193 413 416 
141 
33 33 192 192 281 
169 287 287 287 296 296 296 371 371 
236 
184 246 258 258 
330 
325 325 358 358 466 
94 
413 413 
383 383 463 463 463 
13 13 24 27 45 45 45 54 78 109 109 162 184 184 184 186 196 199 207 208 208 228 228 229 242 242 245 245 292 299 314 314 314 322 346 353 353 354 354 360 361 413 413 413 423 423 440 440 440 456 456 478 478 501 501 509 509 
119 119 119 119 196 196 196 413 
76 
236 236 
314 314 418 
61 61 82 113 113 184 184 289 289 329 329 359 359 389 394 394 
81 121 121 142 142 143 143 143 329 389 
236 
85 312 312 312 348 
41 84 160 160 160 312 312 
198 198 198 386 386 386 508 
306 408 408 
5 5 504 504 
38 38 38 128 128 358 358 466 
358 358 
2 189 
182 404 413 413 
236 236 236 
73 315 
418 418 418 

171 290 290 
420 420 441 441 
450 
476 476 476 496 
140 140 140 195 195 471 471 
117 117 136 216 
425 425 425 
19 19 60 60 60 138 236 507 
106 184 184 190 
36 36 36 105 190 372 372 

22 414 414 
76 76 199 
176 247 247 401 
2 2 182 182 
184 
81 81 
181 181 181 181 360 

415 484 
14 102 102 125 125 135 135 136 136 136 184 236 236 
364 364 
77 77 77 77 122 222 413 
486 489 489 
82 82 143 143 
119 222 
468 
454 454 
117 117 136 170 
185 185 491 491 

89 89 413 413 
415 415 
389 389 
240 240 454 
168 
381 381 
380 380 502 502 
14 117 117 
102 117 117 117 125 
184 
104 164 236 236 
381 381 
101 101 101 320 320 378 378 378 
66 358 413 466 466 
82 82 389 389 
82 82 82 121 121 217 
282 282 
339 339 339 
379 379 
173 236 
304 304 
250 250 250 
248 248 248 306 306 408 408 
41 41 
364 364 
325 325 
374 374 

41 41 41 450 450 
233 233 276 276 276 
26 26 26 194 194 194 271 271 408 
39 39 39 188 188 205 227 231 231 231 305 330 402 428 433 433 469 469 477 510 510 510 511 
41 41 41 85 85 85 272 312 312 498 498 498 
413 413 439 
76 
39 
138 300 300 300 300 
317 317 317 329 
39 39 39 477 477 
220 413 413 
132 413 
68 233 233 233 
125 
23 97 290 290 
31 
147 344 344 
222 222 335 335 376 376 413 
413 
110 
269 283 415 
28 28 183 
287 287 
30 222 
114 114 114 114 
92 111 111 220 220 340 363 363 404 413 413 432 444 499 
2 2 28 178 
5 5 5 12 14 14 16 16 31 31 32 41 52 70 76 76 76 81 81 105 105 112 117 137 213 213 236 236 236 246 246 267 267 267 279 279 289 289 291 292 292 307 307 315 324 324 338 338 345 345 354 354 354 355 366 366 366 396 396 409 409 415 415 415 456 456 456 465 465 465 484 488 488 490 490 
126 126 491 491 
76 245 245 245 440 

159 159 477 
2 2 28 91 
105 106 372 372 
56 56 56 236 236 304 446 
33 40 40 67 67 236 236 281 
43 43 43 65 286 286 362 362 362 479 479 500 500 
158 158 158 
55 55 101 101 236 236 267 267 471 
8 8 8 76 77 77 77 200 200 200 290 350 373 373 413 413 422 422 
496 
5 5 86 86 86 386 386 386 
76 109 
196 196 196 
415 415 

271 271 
267 267 268 
159 
405 405 
76 337 337 478 
76 76 
328 328 
35 
460 
233 233 
184 184 
215 314 
214 314 314 314 467 
102 
143 
271 442 442 
39 39 232 274 274 402 402 454 454 
167 182 182 

30 30 35 35 119 122 174 174 180 314 341 413 413 413 483 
329 329 
8 8 313 313 313 350 
1 1 1 1 5 5 53 259 259 377 393 393 393 419 419 441 458 458 458 
292 292 292 
159 305 305 305 343 343 392 477 
76 76 245 245 361 
76 295 295 295 509 
236 236 236 275 303 415 415 415 
39 39 39 159 159 159 
219 454 
7 7 157 157 169 169 169 212 212 271 310 374 374 374 505 
503 503 
487 487 487 
40 40 49 49 55 56 56 60 69 79 79 83 93 93 93 104 117 117 138 138 147 184 184 184 191 191 192 192 195 195 230 230 230 237 267 267 275 275 278 344 344 344 351 356 356 356 415 415 415 432 438 438 460 
236 
505 505 
342 342 342 405 
131 131 476 496 
39 39 62 
76 76 
311 311 413 413 494 494 
325 325 358 
76 76 186 186 186 228 228 
70 184 184 
110 110 288 288 401 
150 150 150 408 408 
40 
149 149 149 374 374 417 417 442 
270 286 413 413 

330 330 
283 415 
5 443 443 443 
273 273 354 354 
392 392 392 
70 70 
225 225 
426 
329 
364 364 410 410 
315 
11 
496 
271 271 
39 39 39 184 184 184 195 195 204 204 236 236 268 268 356 356 471 
204 267 267 
177 415 415 415 
251 286 
3 7 9 9 158 158 203 203 218 233 266 266 282 282 287 287 297 327 327 339 339 354 374 374 375 375 375 391 391 391 401 401 408 408 412 442 453 453 502 
160 
5 256 256 354 354 354 472 475 
219 219 402 
230 236 236 
157 157 157 
18 415 
236 
5 5 184 184 431 431 
308 308 308 449 449 467 
67 192 298 347 347 421 421 421 
144 144 271 271 
177 254 303 303 303 303 344 344 344 415 415 415 


193 193 251 270 413 
68 68 68 179 179 271 271 
247 247 
81 81 184 184 
23 23 97 97 171 171 196 
184 426 
76 184 184 226 226 226 364 
408 
58 58 397 397 399 408 408 
229 229 229 
68 68 68 425 425 425 
271 408 408 
281 
54 76 413 413 413 
164 164 164 164 
46 46 46 464 
39 485 485 485 
230 283 283 283 283 
56 56 56 148 148 191 
159 227 227 227 392 482 482 
87 150 150 370 370 408 
184 184 396 465 465 465 
280 280 280 467 467 
35 
233 
243 243 
84 84 84 85 85 160 160 348 348 348 348 
8 224 224 224 
76 76 76 80 80 214 215 215 215 222 317 317 317 349 349 354 354 384 384 398 398 413 418 418 429 434 449 449 455 467 467 467 481 481 481 
31 31 94 184 263 336 486 
444 444 
165 165 165 314 314 314 398 398 413 413 

354 354 
140 140 
42 323 
76 
42 321 359 
37 37 184 184 
72 72 153 153 244 244 358 
358 
15 15 271 271 
209 209 
81 81 82 165 223 223 261 
39 39 62 71 159 253 253 369 369 369 428 428 428 
22 22 22 
407 413 413 
413 413 
385 385 385 413 413 
174 174 413 413 
315 486 
207 207 
184 184 415 415 
46 46 46 145 145 145 271 271 381 408 408 408 427 452 464 470 
182 
222 
239 239 239 
227 227 
173 173 236 236 236 283 283 283 447 
52 184 184 
27 27 47 47 47 76 459 459 
281 281 506 
84 312 312 312 312 
314 314 481 
8 8 8 196 224 
236 432 
402 402 
76 76 456 456 
5 5 31 41 41 41 76 76 184 184 184 256 256 271 273 273 273 314 314 319 319 411 450 462 490 490 490 508 
12 184 
236 236 236 267 267 
367 431 431 431 496 
72 72 89 89 90 90 141 244 325 326 413 413 466 466 503 
61 61 81 81 323 
76 114 
76 228 
193 193 193 413 
182 182 499 499 499 
118 118 152 152 262 262 292 410 
415 415 
184 184 184 
357 496 
401 
62 62 330 330 330 
306 306 
68 68 
106 106 190 190 
196 196 
154 154 233 233 233 250 250 271 271 408 408 417 417 
271 271 271 
174 174 
225 458 
140 140 140 
146 146 
134 134 
64 133 133 139 139 339 395 395 408 408 

75 75 415 415 432 463 
314 314 449 449 449 
334 334 334 
86 86 86 198 198 198 

487 
81 82 130 130 142 142 497 497 
17 
271 271 271 
227 257 257 257 305 
225 225 225 
81 81 
0 0 0 46 381 381 
184 184 307 
58 294 294 
314 314 317 317 
41 41 294 492 492 
5 5 50 
110 247 271 271 368 
39 39 39 159 219 219 274 352 352 
427 427 
6 6 92 182 
39 39 206 206 239 

332 413 
26 26 87 87 150 150 158 248 248 271 271 293 294 294 297 297 306 339 339 339 374 374 381 381 412 412 437 470 
184 184 
262 262 364 
354 
271 408 408 
45 65 74 74 76 76 76 77 92 92 119 128 128 141 161 161 167 167 168 174 175 182 182 196 196 222 222 222 243 243 251 251 286 299 299 299 314 317 317 332 332 333 333 334 334 335 335 358 358 362 407 439 448 448 448 494 
108 108 
37 57 57 57 116 129 129 177 184 184 184 201 201 230 230 230 236 236 236 254 269 269 269 277 283 283 283 338 338 365 365 383 383 432 463 
65 
250 250 374 374 
80 95 95 95 314 314 
225 225 
98 98 441 441 441 
281 281 281 
196 196 
76 76 

103 103 103 296 296 296 
260 291 
339 403 403 
20 159 330 330 330 
314 
62 62 
279 279 357 357 357 496 496 496 
182 236 351 383 415 460 
159 159 
314 


408 
236 236 
45 45 161 413 
76 76 76 186 
1 1 98 98 225 420 420 420 
218 218 250 271 468 
255 255 255 
15 59 59 59 182 316 316 
41 
56 56 191 
344 
413 413 413 
280 280 314 314 384 384 384 467 467 
41 99 156 156 354 462 

25 339 464 464 464 
271 271 
4 4 124 124 131 219 219 232 
314 
76 76 184 184 184 353 353 491 491 
41 41 
225 225 225 377 
346 346 
211 236 432 
22 22 497 
354 450 
75 75 75 383 415 
301 339 452 452 452 
184 184 184 307 307 307 
72 89 141 141 358 358 
215 280 308 308 314 314 314 449 449 
123 442 
159 159 
339 408 
101 101 195 267 
273 475 475 

56 56 487 487 
5 273 472 472 
10 100 100 100 240 496 496 
39 159 166 166 188 227 
76 76 207 
193 193 

314 314 314 349 
305 305 
30 30 222 
116 184 
39 39 302 302 302 
31 120 315 336 489 489 
56 56 235 235 235 388 474 474 
184 184 
31 120 120 486 486 
51 184 184 354 354 354 
126 126 185 185 456 456 
399 399 
3 
243 243 413 

100 197 240 265 357 367 431 431 431 476 476 
22 22 389 389 461 
160 160 160 
182 363 363 363 
193 193 
54 76 76 
134 134 271 
234 234 358 
88 88 
233 238 238 
347 
104 
5 5 86 354 
76 76 229 
159 159 159 
159 
