Nodes: 512, Edges: 1199
46 395 395 395 
441 
91 91 111 183 189 189 189 
271 493 493 
454 454 
18 18 34 34 34 48 50 50 184 198 255 279 354 354 400 400 441 441 504 504 504 508 508 508 
404 404 
233 233 233 
196 196 196 224 224 313 313 350 350 350 
271 271 271 
476 
264 264 
184 184 202 355 355 
76 
135 
327 444 
184 184 
390 390 455 455 
5 5 277 277 
104 
428 
31 31 31 
108 108 108 115 331 414 461 497 
171 171 290 290 
76 76 
452 
158 158 408 408 
76 346 
63 63 63 63 111 178 
474 
180 222 483 
21 21 21 172 172 184 184 315 354 486 486 486 489 489 489 

67 192 192 
5 5 5 
210 210 210 210 222 309 309 309 413 

324 324 406 406 
89 89 358 
159 159 163 163 166 166 166 219 231 241 241 241 267 302 330 330 402 402 405 405 485 
192 236 
44 85 85 99 137 137 137 151 156 160 160 184 324 354 354 399 399 445 445 450 457 457 
321 321 321 323 323 
193 193 
41 
76 76 413 413 439 
0 64 301 339 339 339 381 381 395 
346 
5 
236 236 
5 5 400 400 
490 
184 184 184 
225 393 
76 76 299 501 
195 195 195 236 
191 191 191 236 236 304 446 474 474 487 487 
415 
294 397 397 
444 
104 104 104 236 236 
81 81 
369 369 430 
28 28 28 28 
46 381 381 
193 416 
141 
33 192 192 281 347 347 
287 296 371 
236 236 252 
184 246 246 
330 330 330 
325 358 358 358 466 
94 315 315 
413 413 413 

13 24 24 27 45 45 54 54 78 78 107 107 107 162 184 184 184 186 186 196 199 199 207 207 208 208 208 228 229 229 242 242 242 245 292 299 299 314 314 322 322 322 328 328 346 346 353 353 353 354 354 360 360 361 361 413 413 423 423 423 456 456 509 509 
119 119 119 119 196 413 
76 76 
236 236 236 
314 314 418 418 
61 61 82 82 113 184 184 261 261 289 329 329 359 389 495 495 
81 81 121 121 142 142 143 143 389 389 
236 236 236 237 237 
312 312 312 348 348 
41 41 160 160 312 
198 386 508 508 
306 306 306 408 

38 38 128 128 358 466 466 466 
358 358 
2 2 
182 182 404 413 413 413 
236 236 
73 315 
418 418 
314 
171 171 290 
420 441 
41 
197 197 197 476 476 496 
140 140 140 195 195 471 471 471 
117 117 117 136 136 136 216 216 216 
146 379 379 379 425 425 
19 60 60 60 138 138 236 237 507 507 507 
106 184 184 190 
105 372 372 
76 76 76 
22 22 22 115 
199 199 199 
176 247 401 401 401 
2 28 
184 
81 
181 181 360 367 367 
22 108 
415 
102 102 102 125 125 135 135 136 136 136 184 236 236 236 
364 364 
77 77 77 77 413 
486 486 489 
82 82 143 
222 
468 468 
387 387 454 
117 117 136 136 
185 473 
480 
89 89 413 413 413 448 
236 236 415 415 
389 
240 240 240 454 
168 
381 381 
380 380 380 502 502 
14 117 117 
102 102 102 117 117 117 125 125 
41 41 41 184 
104 104 164 164 236 236 
381 
101 101 101 320 378 378 378 
66 358 413 413 466 466 
82 82 389 
82 82 121 217 217 217 
282 
339 
103 379 
173 236 236 
191 304 
250 
248 248 306 306 306 306 306 408 408 
41 354 354 
292 364 384 384 
325 325 
374 
413 
41 450 
276 
26 26 194 271 408 408 
39 39 188 188 227 231 231 257 305 330 392 402 402 402 428 433 469 477 477 510 510 511 511 
41 41 85 85 272 312 312 498 498 
439 439 
76 322 322 
39 39 
138 138 
317 329 
39 39 39 477 477 

132 413 
233 296 296 
471 
23 23 97 97 290 
31 31 
147 344 344 344 
222 335 376 376 413 
407 413 413 
110 247 
283 283 300 415 
28 183 
287 287 287 287 
30 222 222 
114 114 
92 92 220 340 363 404 413 413 499 499 
2 178 
5 12 12 16 16 31 31 41 52 52 52 70 76 76 76 81 81 105 105 112 117 137 199 213 221 221 236 236 236 246 258 258 267 267 267 279 279 284 289 291 292 292 292 307 307 315 338 354 354 355 366 396 409 409 415 415 426 426 451 451 451 465 465 484 484 488 488 490 490 
126 491 491 
76 76 245 245 440 

159 159 477 477 
2 2 2 
105 372 372 
56 56 56 148 236 267 304 304 
33 33 40 67 67 236 236 281 281 
43 43 65 286 358 362 362 413 413 479 479 500 500 
158 
55 55 55 101 101 236 236 236 267 267 267 471 471 
8 8 8 76 77 200 200 290 290 350 350 373 413 413 413 422 422 
100 100 100 496 
5 86 
76 76 109 109 109 184 207 
196 196 
236 415 415 
12 355 
271 271 271 
267 

405 405 405 
76 76 199 337 337 478 
76 76 76 
328 
35 35 35 35 

233 233 310 310 
184 
215 314 314 
214 314 314 467 
102 102 102 
143 143 143 
442 442 
39 232 232 274 402 402 402 454 
182 413 413 
184 184 
30 35 122 174 180 180 268 268 268 314 314 376 413 
329 
8 8 313 350 350 
53 259 259 377 377 419 419 441 458 458 
292 
159 305 305 343 392 392 477 477 
76 245 245 245 361 
76 76 295 509 509 509 
236 303 415 415 
39 159 159 
219 219 454 
7 7 7 169 212 212 238 271 271 296 296 296 310 310 310 374 505 
503 503 
487 487 
40 49 49 55 56 56 60 60 69 69 79 79 79 83 83 83 93 93 104 117 117 117 129 129 138 138 147 147 184 184 184 191 192 192 195 195 195 201 230 267 275 275 275 278 278 283 283 344 344 351 351 351 356 356 415 415 415 432 432 432 438 460 460 487 
83 83 104 
233 505 505 505 505 505 
342 342 405 
131 131 131 476 476 476 496 496 496 
39 39 39 
76 76 76 
311 311 413 413 413 424 494 494 
325 358 358 
76 186 186 228 228 228 
70 70 184 
110 176 288 288 288 
150 150 293 408 

149 374 374 417 417 417 
286 286 413 
69 
330 
277 277 283 415 415 
5 443 443 
273 354 
159 392 
184 184 409 409 
225 225 

81 81 329 329 
489 
315 315 
11 11 334 334 

271 271 271 
39 184 184 184 191 195 195 195 204 236 356 471 
222 222 222 
415 415 
286 
3 9 9 9 158 203 203 203 233 233 266 266 266 282 287 287 297 297 327 339 339 354 354 374 374 375 391 391 408 408 412 427 427 453 453 453 502 502 502 
160 
256 354 354 472 472 475 475 
219 352 402 
236 236 236 
157 
18 18 254 254 415 
236 236 
5 184 184 431 431 431 
308 308 449 467 467 
67 192 192 298 347 347 347 421 421 
144 271 427 
177 177 236 236 254 303 344 344 344 415 415 415 
184 

193 251 251 270 413 
68 179 179 179 179 271 271 
247 247 247 
81 184 
23 23 97 171 196 196 480 
184 426 
76 152 184 184 184 226 364 410 410 
248 408 
58 397 408 408 
229 
68 169 169 233 233 233 
271 271 408 408 408 
281 
54 76 76 413 
177 
46 464 
39 485 
230 283 415 415 
56 148 191 191 
159 227 227 482 482 482 
87 87 87 150 150 150 150 150 370 370 370 370 408 408 
184 184 354 354 396 396 465 465 465 
280 280 467 
35 35 35 
212 212 233 233 233 
243 243 
84 84 84 85 160 160 348 
8 8 224 
76 76 80 80 96 214 214 215 215 222 222 317 319 349 349 384 398 398 398 413 413 413 418 429 429 434 434 449 449 455 455 455 467 467 481 481 
31 73 73 94 184 263 263 336 336 336 486 
444 
165 314 398 413 413 
413 
314 354 354 354 
140 
42 42 42 
76 76 76 162 162 
42 42 359 
37 37 41 
72 153 153 244 358 503 
358 
15 271 
76 76 209 
81 81 165 223 261 261 
39 39 71 71 71 159 253 369 369 428 
22 
407 407 413 413 

264 264 385 413 413 
174 
315 315 315 486 486 
207 207 
184 415 
46 46 46 145 271 271 381 381 408 408 427 452 452 452 464 464 470 470 
182 

239 239 
227 
173 173 173 236 236 283 283 283 447 

27 47 76 76 459 
67 67 281 281 281 421 506 
84 84 312 
314 314 481 481 
8 8 8 196 196 224 224 
236 236 236 432 
274 
76 76 76 456 456 
5 5 31 41 41 76 76 151 151 184 184 256 271 271 273 273 307 307 319 319 319 411 411 450 462 490 490 502 502 508 508 
12 12 184 202 
236 236 267 
367 367 367 431 496 
38 72 72 72 89 90 90 141 193 244 244 325 326 413 413 466 503 503 503 
81 323 
76 76 114 
76 76 228 
193 193 413 413 
182 499 
118 118 152 292 410 
415 415 415 
184 
114 114 357 357 357 496 
401 
62 62 330 330 
306 306 306 306 
68 
106 106 190 190 
196 
154 233 250 250 271 271 417 417 417 442 442 
271 
174 174 222 
225 225 458 458 
140 140 140 
103 103 103 146 
134 134 134 
46 46 64 64 133 133 139 339 339 395 395 395 408 
413 
463 
152 152 314 449 
334 413 
86 
124 124 
487 487 
81 82 82 130 142 497 497 
17 17 
271 271 
159 227 227 257 
53 

0 0 0 46 381 381 381 
184 307 307 
58 58 294 
314 314 314 317 
41 41 492 
5 5 50 50 
110 110 110 368 
39 39 159 159 159 219 219 219 274 405 
427 
6 6 92 182 
39 39 206 206 206 239 402 
37 37 
175 332 332 413 
26 26 87 150 150 158 158 248 271 271 293 294 294 297 297 297 306 306 339 339 381 412 412 412 437 437 470 470 
184 184 258 258 
292 292 364 
354 354 
271 408 408 408 
35 45 45 74 74 74 76 76 77 92 92 92 119 128 128 128 141 141 155 168 174 175 175 182 182 193 193 196 196 196 220 220 222 243 243 243 251 286 299 314 314 314 317 317 318 332 332 334 334 358 358 362 362 382 385 407 439 439 439 448 448 455 455 455 494 494 494 500 500 
22 
57 116 129 129 177 184 184 201 201 230 230 236 236 236 254 254 269 269 277 283 283 283 303 303 338 365 365 365 463 463 
65 
250 250 250 374 374 374 
80 80 95 95 314 
225 225 
98 441 441 
281 281 347 
196 196 
76 76 76 
243 
103 103 
184 184 291 
271 271 282 339 403 
20 159 330 
314 314 
62 
279 279 279 357 496 
236 236 236 351 460 
159 
314 314 
449 

408 408 
236 
45 161 161 413 413 413 
186 
1 5 5 98 225 420 420 
218 218 374 374 468 
255 255 
15 59 316 
41 41 
56 
344 
128 413 413 
280 314 314 384 435 467 467 
41 156 354 462 
184 184 184 
25 339 339 339 464 
271 271 271 
4 4 124 131 219 232 
17 17 314 314 314 413 413 413 
76 76 353 353 491 
41 41 
225 225 377 377 
346 
236 236 432 
22 497 497 
354 450 
383 415 415 
301 339 339 452 
184 184 307 307 307 
72 89 89 89 141 141 358 
215 280 280 308 314 314 449 449 
123 123 442 
159 
339 339 408 408 
101 101 101 170 195 195 267 
273 273 475 475 475 
126 
29 56 56 487 
273 273 472 472 472 
10 100 100 240 240 240 496 
159 159 166 166 188 188 227 227 
207 
193 193 
127 290 
314 314 349 349 
305 305 305 
30 
184 184 
39 302 
31 31 31 120 120 315 336 336 489 
56 56 235 235 236 388 388 474 
184 184 
31 31 31 120 262 486 
51 184 184 354 354 
185 185 456 
399 
3 3 
243 243 413 413 413 
81 81 
100 197 240 240 240 357 367 431 476 
22 389 389 461 461 
160 160 
182 182 363 
193 193 413 413 
54 
134 134 271 271 271 354 354 
234 234 325 358 358 358 
5 5 5 
233 238 238 238 238 238 
347 
104 104 104 
5 5 5 86 86 354 354 
76 76 229 229 229 
159 159 
159 159 
