Nodes: 512, Edges: 1199
46 46 46 46 395 395 395 
225 225 225 
111 111 183 189 
271 271 271 493 
454 
18 18 18 34 34 48 50 50 184 184 198 255 273 279 354 354 400 441 504 504 
404 
271 
196 196 196 224 224 313 313 350 350 
271 271 
476 
264 264 264 
184 202 202 202 355 355 
76 
117 117 117 184 
182 444 444 

390 455 455 
5 5 5 
104 104 104 
428 
31 31 31 
108 108 108 331 414 414 461 461 497 
171 290 290 290 
76 
452 452 
158 158 158 408 408 
346 
63 63 178 183 

180 180 180 222 483 483 
21 21 21 172 172 184 184 184 315 315 354 354 486 486 486 489 
184 
67 192 192 
5 5 
210 210 222 309 309 309 413 413 
106 
324 324 324 406 406 415 
89 89 89 358 
62 159 159 159 163 163 166 219 231 231 241 241 267 267 302 302 302 330 330 402 405 405 477 477 477 485 485 
192 236 236 249 
44 85 85 99 137 156 156 160 160 184 324 324 354 354 399 445 450 450 457 457 457 
321 321 321 323 
193 193 
41 
76 76 439 
0 0 0 0 64 301 339 339 339 381 381 381 395 395 
346 346 346 346 
5 
236 236 
5 5 400 400 
490 490 
184 184 
225 
76 299 501 
236 236 
104 191 236 236 236 304 304 446 474 487 
415 
294 397 397 
444 444 

81 81 359 359 
39 241 241 241 330 330 369 430 
28 28 383 463 
46 381 
413 416 
141 
33 192 192 192 281 281 281 347 347 
169 287 287 287 296 296 371 
236 236 252 344 
184 184 246 246 
330 330 
325 358 358 466 466 
94 315 

383 383 463 463 
13 24 45 45 54 78 78 107 107 162 162 184 184 186 186 196 199 207 207 208 228 228 229 229 242 292 299 299 314 314 322 322 328 328 346 353 354 360 361 361 423 440 456 478 501 509 
119 119 119 196 413 
76 76 
236 

61 61 82 82 113 113 184 184 261 289 289 329 359 389 394 394 394 495 495 
81 81 121 142 143 143 329 329 389 389 
237 
312 348 
41 41 160 160 312 312 
198 198 386 386 508 
306 306 408 
504 504 
38 38 38 128 128 128 128 358 466 466 466 466 
358 358 358 
189 
182 404 404 413 
236 236 236 
73 315 
418 
314 
171 171 290 
420 420 441 441 
41 450 
476 496 
140 195 195 195 471 471 
136 136 216 216 216 
146 146 379 379 425 425 
19 19 19 56 138 138 138 236 236 237 237 507 507 
106 106 184 190 
36 105 105 190 
76 76 
22 22 22 
199 199 207 
176 176 176 247 247 
2 2 182 182 182 
184 184 
81 81 
181 181 181 
389 
415 415 
14 14 14 125 125 135 135 135 136 136 184 236 
364 
77 77 77 413 
486 486 486 489 489 
82 

468 468 
387 454 454 
117 117 136 136 
185 185 473 491 491 
480 
89 89 89 89 413 448 448 
236 236 415 
389 389 389 
240 240 240 454 
168 168 
381 381 
380 380 502 502 
117 117 117 
102 102 117 117 125 125 
41 184 184 184 
104 104 104 164 236 236 236 
381 381 381 
101 320 320 378 378 378 378 
66 358 358 413 413 466 466 
82 389 
82 82 217 217 
282 282 
339 
103 103 379 379 379 
236 236 
191 191 304 304 
250 
248 306 306 306 408 
354 354 
292 364 364 384 


413 
41 41 450 
233 276 
26 26 26 194 194 271 271 408 
39 39 39 188 188 205 205 227 231 231 257 305 330 402 402 428 428 433 433 469 469 510 510 511 511 
41 41 85 85 272 272 312 312 312 498 498 498 
413 439 439 439 
76 76 322 
39 39 
138 300 300 
317 317 
39 477 
220 220 413 
132 132 413 413 413 
68 233 296 
471 
23 97 97 290 290 
31 31 
344 344 
222 222 335 376 376 376 413 413 
407 413 413 
110 110 110 247 247 247 
269 283 300 300 415 415 415 
28 
287 287 
30 30 30 
114 114 114 
15 92 111 111 111 220 340 340 340 363 404 413 413 444 499 499 
2 28 
5 5 12 14 31 31 31 32 41 52 52 70 70 76 76 81 81 105 112 112 117 137 137 137 199 213 213 221 221 236 236 236 258 267 267 267 279 284 284 291 307 307 315 324 338 345 345 354 354 354 366 396 409 409 409 409 415 415 426 426 426 451 456 484 484 488 488 490 490 
126 126 491 
76 76 440 
413 
159 159 477 510 
2 91 404 
105 106 372 372 372 
56 148 148 236 236 236 285 304 304 446 
33 33 40 67 67 67 236 236 281 
43 43 286 362 413 413 479 500 
158 158 
101 101 101 236 267 471 
8 8 8 76 77 200 290 373 373 413 422 422 422 
496 496 
5 86 86 386 386 386 
76 109 109 184 207 
196 
236 236 415 
12 12 12 355 355 355 
271 
267 268 
159 159 
405 
76 76 109 199 337 337 478 
76 
328 
35 35 
460 460 
233 310 
184 184 
215 314 
214 314 314 467 467 467 
102 102 102 
143 143 
442 442 442 
39 232 274 402 402 454 
167 167 182 413 
184 184 
30 35 174 174 314 314 341 376 376 413 483 483 483 
329 329 
8 8 313 350 350 
1 1 1 53 259 377 393 419 441 441 441 458 458 
292 
159 305 305 305 305 343 392 477 477 
76 76 245 361 
76 76 509 
236 236 303 303 415 415 
39 39 159 159 
219 454 454 
157 169 212 238 296 296 310 310 310 374 374 505 505 505 
503 
487 487 
40 40 49 49 55 55 56 56 56 69 69 79 93 93 93 104 104 117 129 129 138 138 138 147 147 184 184 184 191 191 191 192 192 195 201 201 230 230 237 237 267 275 278 278 278 283 283 283 344 344 344 351 351 356 356 415 415 415 432 432 438 460 487 487 
83 104 104 236 236 
233 505 505 505 505 
342 405 405 
131 131 131 476 496 
39 39 62 62 62 
76 478 
311 413 413 424 494 
358 358 358 
228 
70 70 
110 110 176 176 176 288 401 
150 293 408 408 
40 
149 442 442 
270 286 286 413 413 
69 
330 
283 415 415 415 
5 443 443 443 
273 354 354 
159 392 392 392 392 
184 409 409 
225 

81 329 
364 
315 315 
11 11 11 334 
496 496 
271 271 
39 39 184 184 184 195 204 236 268 268 356 356 
204 267 267 
177 415 
251 286 286 
3 3 3 7 9 9 158 158 203 266 266 282 282 287 297 327 354 374 374 375 391 401 401 408 408 408 412 427 427 427 442 453 502 502 502 
160 160 
5 256 354 354 472 472 475 
219 402 402 
236 
157 

236 236 236 
5 184 431 
308 308 449 449 467 
67 67 67 192 298 298 347 347 347 421 421 
144 144 271 271 427 427 
177 236 236 236 254 303 303 344 344 344 344 415 415 415 
184 184 
191 
193 251 251 270 270 413 413 
68 68 68 179 179 271 
247 
81 81 
23 23 23 97 171 171 196 480 
184 426 
76 152 226 410 410 410 
248 408 408 
58 397 397 408 408 

68 68 169 233 233 425 
271 408 
281 281 347 347 347 
54 76 76 
164 164 177 177 
46 
39 39 39 485 
230 230 283 283 415 415 
56 56 148 148 191 191 
159 227 227 227 227 392 482 
87 87 150 150 150 370 370 408 
184 184 354 354 396 465 
280 280 467 
35 35 35 
212 233 233 233 
243 
84 85 85 160 160 160 348 
8 8 224 
76 76 96 214 215 215 222 222 317 319 319 319 349 349 349 354 384 384 398 398 413 418 418 429 429 449 449 449 455 455 467 481 481 481 
31 31 73 94 184 263 263 336 
444 444 
165 165 314 398 398 413 
413 
314 314 314 
140 140 
42 42 42 323 323 323 
76 76 162 
42 321 321 321 359 
37 37 37 41 41 184 
72 358 503 503 503 
358 358 
271 
76 76 209 
81 82 82 223 223 261 
39 39 62 62 71 71 159 253 369 428 
22 
407 407 413 
413 413 413 
264 413 413 
174 413 413 
315 486 
207 207 
184 415 415 
46 46 46 145 381 381 408 408 427 427 452 464 
182 182 182 
222 
239 
227 
69 173 173 236 236 236 283 283 283 283 447 447 
184 184 
27 47 47 47 47 76 459 459 459 
67 67 281 281 281 298 298 298 421 421 506 
84 312 
314 314 314 481 481 481 
8 8 224 224 
236 236 432 
402 402 
76 456 456 
5 5 31 31 41 41 76 151 151 184 184 184 256 256 271 273 273 307 307 314 411 450 450 502 
12 12 202 202 202 
236 236 267 267 
367 431 496 496 
38 72 72 89 90 90 90 141 141 244 244 244 325 326 326 413 413 466 466 466 503 
61 61 81 323 
76 
76 76 228 
193 413 413 
182 499 499 499 
118 152 152 262 410 
415 415 
184 
357 496 496 
401 401 401 
62 330 
306 306 
68 
190 190 190 
196 196 
233 233 271 271 408 417 442 442 
271 
174 174 174 222 222 
225 
140 140 140 140 
103 103 146 146 146 
134 134 
46 46 46 64 133 133 139 139 139 339 339 395 408 408 408 
413 413 
63 75 75 463 
152 314 314 
413 413 
86 86 198 198 198 
124 
487 487 487 
81 82 82 115 130 130 130 142 497 
17 
271 
227 257 257 257 257 305 
225 
81 81 81 
0 0 0 46 46 381 
184 307 
58 58 294 294 
314 314 317 317 
41 492 492 492 
5 50 50 
247 271 271 368 368 368 
39 159 159 219 219 274 274 352 352 
427 427 
6 92 92 182 189 
39 39 206 239 239 
37 37 
175 332 332 413 413 
26 26 87 150 158 248 248 271 271 271 293 293 294 294 297 306 339 339 374 381 381 381 412 437 437 470 470 470 
184 184 184 184 258 258 
292 292 292 364 
354 
271 408 
35 35 65 77 92 119 128 141 141 155 161 167 168 168 168 174 174 175 175 182 182 187 193 193 196 220 222 243 243 251 251 286 286 314 317 318 332 333 333 333 334 334 335 335 358 358 362 362 382 382 385 385 407 407 439 455 455 494 494 494 500 
22 22 
37 57 116 116 129 177 177 177 184 184 201 230 230 236 236 236 254 254 254 269 283 283 283 303 303 338 338 365 365 432 432 432 463 463 
65 
374 
95 314 314 
225 
98 98 441 441 
281 281 347 347 
196 196 196 
76 
243 
103 103 296 
184 184 184 291 
271 271 271 282 282 339 339 403 403 
20 159 159 330 
314 314 
62 
279 357 
236 236 351 415 415 415 460 460 
159 159 

449 
497 
408 408 
236 
45 161 161 161 413 
76 186 
5 98 98 225 225 225 420 420 
218 218 218 250 250 271 374 374 468 468 
255 255 255 
15 15 59 59 182 316 316 
41 
56 191 
344 344 
128 128 
280 280 314 314 314 435 
41 41 99 156 354 354 462 
184 
25 25 339 
271 
4 124 124 131 219 232 232 
17 17 314 314 413 413 
76 184 353 353 491 491 
41 41 41 
225 225 
346 346 346 
211 211 236 432 432 
22 22 497 
450 
63 75 75 383 415 415 
339 
307 
72 72 89 89 89 89 141 141 358 358 358 
215 215 215 280 308 314 
123 123 442 442 
159 159 
408 408 408 
101 101 170 195 
273 273 475 475 475 
126 
56 487 
273 472 472 472 
10 100 240 496 496 
39 39 39 166 188 227 227 
76 207 242 
193 
127 290 
314 314 314 349 349 349 
305 
30 30 222 222 222 
184 184 
39 39 302 
31 31 31 120 120 120 336 489 489 489 
56 235 235 236 236 388 388 388 474 
184 184 
31 120 120 486 486 486 
51 51 184 184 
126 126 185 456 456 
399 399 399 
3 
243 413 413 413 
81 81 
100 197 197 240 265 265 357 357 367 367 476 476 
22 389 436 461 
160 160 160 
182 182 363 363 363 
193 413 
54 76 
134 134 271 271 271 354 
234 325 325 325 358 
5 5 88 88 
233 233 233 238 238 238 238 
347 
104 104 
86 
76 229 
159 159 188 
159 159 
