Nodes: 512, Edges: 1199
46 46 46 395 395 
225 225 225 225 441 
111 183 183 189 189 
271 271 271 493 493 
454 454 
18 18 34 34 48 48 50 50 88 184 198 225 225 225 279 279 279 354 400 400 441 441 441 475 504 504 504 508 
404 404 404 
271 
224 224 313 313 313 350 350 
271 
476 476 
264 264 
184 184 202 202 202 355 355 
76 
117 117 184 
327 327 444 
184 
390 390 390 455 
5 5 277 277 277 
104 104 
428 
31 31 31 
108 115 115 331 414 461 497 497 
171 171 290 
76 
452 452 
158 158 408 
346 346 
63 178 178 183 183 

180 222 222 222 483 
21 21 21 172 184 315 315 315 354 354 354 486 486 
184 
67 67 192 
5 5 
210 210 210 210 222 309 309 413 413 
106 
324 324 324 324 406 406 415 415 
89 89 358 
62 62 159 163 163 163 166 166 219 219 231 241 241 241 267 267 267 302 330 330 402 402 405 477 477 485 485 
192 236 236 249 249 249 
85 99 137 137 156 156 160 184 324 324 354 354 399 450 450 
321 321 321 
193 193 

76 76 413 439 439 
0 0 0 64 64 301 301 301 381 395 
346 346 
5 5 
236 236 
5 5 
490 
184 184 345 345 
225 393 
76 76 76 501 
195 195 236 236 
236 474 487 
415 415 
397 
444 444 
104 
81 81 359 359 
39 39 241 330 369 369 369 430 430 
28 383 383 463 463 
46 46 381 
193 193 413 
141 
33 33 192 192 192 281 281 281 347 
169 287 287 287 371 
236 236 344 344 
184 184 246 246 
330 330 
325 325 325 466 466 
94 94 315 
413 
383 435 463 
13 24 45 45 54 54 54 78 78 107 107 107 109 162 184 184 186 199 207 207 208 228 229 229 245 292 292 292 314 322 322 322 328 328 328 346 353 354 360 361 361 413 413 423 440 456 478 478 478 501 509 509 
119 119 196 413 
76 76 
236 
314 418 418 
61 61 82 82 82 113 261 261 329 329 359 359 389 389 394 495 495 495 
81 81 81 121 121 142 329 389 389 389 
237 
85 312 348 348 
41 84 160 160 312 312 
198 386 
306 306 
5 504 504 
38 38 128 128 466 466 
358 358 358 

182 404 413 
236 236 236 236 236 
73 73 
418 418 
314 
171 171 290 
420 420 441 
41 450 
197 197 476 476 496 
140 140 140 195 195 195 
117 136 216 
146 379 425 
19 19 60 236 237 507 507 
106 106 106 184 184 190 190 
36 105 105 105 372 372 
76 76 76 
22 115 
76 199 199 207 
176 176 247 
2 182 
184 
81 
181 181 181 181 367 
22 22 108 389 
184 184 184 415 484 
14 14 102 125 125 135 136 136 184 184 184 
364 364 
77 77 122 122 222 222 413 413 413 
486 486 486 489 
82 82 143 
119 119 222 
468 468 
387 387 387 
117 117 
185 491 491 
480 480 
89 89 413 413 448 448 448 
415 415 
389 
240 240 454 
168 
381 
380 502 502 502 
117 
102 117 117 
41 41 184 
164 164 236 236 
381 381 381 
101 101 101 378 378 
66 413 413 413 466 466 466 466 466 
82 389 
121 
282 282 282 
339 339 339 
103 379 
173 
191 191 191 304 304 304 
250 
248 306 306 306 306 408 
354 354 
292 292 364 
325 
374 374 

41 41 450 
233 276 
26 26 194 194 271 271 271 408 
39 188 188 205 205 227 231 231 305 330 392 402 428 469 510 511 511 511 
41 85 85 272 312 498 498 
413 439 439 
76 322 
39 39 39 
138 138 300 300 300 
317 329 329 
39 39 
220 220 
132 413 413 
68 233 296 296 
471 
23 23 97 97 290 290 
31 
147 344 344 
222 335 335 376 
407 407 413 413 413 
110 110 
269 283 283 283 
28 28 
287 
30 222 222 222 
114 114 114 114 
92 111 220 340 363 404 404 413 444 444 499 499 
2 2 28 28 
5 12 12 14 16 31 32 41 52 52 70 70 76 76 105 105 112 116 116 116 117 117 117 137 199 213 213 221 221 221 236 236 246 246 258 258 258 267 267 279 279 284 289 291 291 291 292 307 307 315 315 315 324 324 345 354 354 355 396 409 409 415 415 415 426 426 426 451 456 456 456 465 484 484 488 488 490 490 
126 491 
76 245 245 440 
413 413 413 
159 159 477 477 510 
2 2 
105 105 372 
148 148 148 267 267 285 285 304 304 446 
33 40 67 67 67 236 281 281 
43 43 65 65 286 358 358 362 362 413 413 479 479 479 500 500 
158 158 
55 55 101 101 101 236 267 267 471 
77 200 290 350 373 373 413 422 422 
100 100 496 
5 86 386 386 
76 109 109 184 207 
196 
415 
12 12 12 355 355 
271 
267 267 267 268 268 
159 159 
405 405 
76 76 109 199 337 337 337 
76 
328 328 
35 35 35 35 
460 460 
310 310 
184 184 
215 215 215 314 314 314 
214 214 214 314 314 467 
102 

271 271 442 442 442 
39 39 232 232 274 274 402 402 454 454 
167 167 182 413 
184 184 184 
30 30 30 35 119 119 122 174 180 180 180 268 314 314 341 376 413 413 
329 329 
8 8 313 350 
1 1 1 1 5 5 5 53 259 259 377 377 393 393 419 419 441 441 458 458 458 
292 
159 305 305 343 343 343 392 477 477 
76 245 245 361 
76 76 295 509 
236 275 275 303 303 415 
39 159 159 
219 219 454 454 454 
157 169 238 271 271 271 296 310 374 505 

487 487 487 
40 40 49 49 55 55 56 69 69 79 93 93 93 93 93 104 138 138 184 184 192 195 230 267 267 275 275 275 278 283 283 283 344 344 344 351 356 356 415 415 438 460 460 460 487 
83 104 
233 505 505 
342 342 342 405 405 405 
131 131 476 476 496 496 
39 39 39 62 
478 
311 413 424 494 
325 325 
76 186 186 228 228 
70 70 184 184 
110 288 401 401 
150 408 408 408 
40 40 40 
149 417 417 417 442 
270 286 413 413 413 

330 
277 283 415 
443 443 
273 354 354 
392 392 392 392 
184 184 184 409 
225 225 
426 
81 81 329 329 
410 410 410 489 
315 315 
11 11 334 
496 496 
271 271 
39 39 39 184 184 191 191 195 195 204 204 204 236 236 356 356 471 
204 204 222 
177 415 415 
251 286 
3 3 3 7 9 158 158 158 203 218 218 233 233 233 266 266 282 282 287 287 287 297 297 327 339 339 339 354 354 374 375 375 391 408 408 412 427 442 453 502 
160 
256 354 472 475 475 
219 219 402 
230 230 236 236 236 
157 
18 18 18 254 415 415 
236 
5 5 5 184 184 431 431 431 431 
308 308 449 467 467 
67 67 67 192 192 298 298 347 347 347 421 421 
144 144 144 271 271 427 427 
177 177 177 236 236 236 254 303 303 344 415 415 
184 
191 191 
193 251 270 413 
68 68 68 179 271 271 271 
247 
184 
23 97 171 171 196 480 
184 184 184 426 426 
76 76 76 152 152 184 226 364 364 410 410 410 

397 399 408 
229 
169 169 233 425 425 
271 271 408 408 
281 281 347 347 347 

164 164 164 
46 46 46 
39 
230 230 283 283 415 
148 148 148 191 191 
159 227 227 392 482 482 
87 87 150 150 150 150 370 370 408 408 
184 184 354 396 
280 280 467 
35 35 
212 212 233 
243 
84 85 85 160 348 348 348 
8 8 8 224 
76 80 96 214 214 214 215 215 222 222 317 317 319 349 349 384 398 398 413 418 418 429 434 434 434 449 449 455 467 467 481 481 
31 31 31 73 184 184 184 263 263 336 336 486 

165 314 314 398 413 413 413 
413 413 
314 354 

42 42 42 323 
76 76 76 162 
321 359 
37 37 37 37 41 41 184 184 
72 72 72 153 244 244 358 503 
358 
15 15 271 
76 76 76 209 209 
81 81 82 165 165 223 223 261 261 
39 39 62 71 71 159 253 369 369 369 428 428 
22 
407 413 413 413 
413 413 
264 385 385 385 385 
174 174 413 413 
315 315 486 486 
207 207 207 
415 415 
145 145 145 271 271 271 381 381 408 408 408 427 452 464 464 464 470 470 
182 
222 
239 239 239 
227 227 227 
69 69 173 173 236 236 236 283 447 
52 52 184 
27 27 47 47 76 459 
67 281 281 281 298 298 298 421 506 506 506 
84 84 312 312 312 
314 314 481 481 481 
8 8 196 224 
236 
402 402 402 
76 456 
5 31 31 31 41 41 76 151 151 184 184 256 256 271 271 273 307 319 411 450 462 490 490 502 508 
12 12 184 202 202 
236 236 267 267 
367 367 431 496 496 496 
38 90 90 90 193 193 325 326 413 413 466 466 503 503 
61 61 81 81 323 
76 
76 76 228 
193 193 413 413 
182 499 499 
118 118 152 292 292 410 410 


114 357 357 496 496 496 
401 401 
62 62 62 330 330 330 
306 306 
68 
106 106 190 
196 196 
154 154 233 271 417 
271 271 
174 222 
225 225 
140 140 
103 146 
134 
46 64 133 139 139 139 339 339 395 395 408 408 
413 413 
63 63 75 415 415 432 463 463 
314 
334 334 334 334 
86 198 198 
124 124 124 
487 
81 81 82 82 82 115 130 142 497 
17 17 17 
271 
159 227 257 257 257 257 305 
53 225 225 
81 495 495 
0 0 46 381 381 
184 307 
58 294 
314 314 317 
41 294 492 492 
5 5 
247 247 368 368 
39 39 159 219 219 274 352 352 352 
427 
6 6 6 92 182 182 
39 206 206 239 239 239 
37 37 
175 175 332 
26 150 158 248 248 248 271 271 294 297 297 306 306 339 339 339 381 381 412 412 412 437 437 470 
184 184 258 
262 262 262 292 292 292 364 364 
354 
271 408 408 408 
35 35 45 65 74 76 76 77 92 119 119 119 128 128 141 141 141 161 168 168 175 175 175 182 187 187 187 193 193 196 220 222 222 243 251 251 251 286 314 317 317 317 318 318 332 332 332 333 333 335 335 358 358 362 362 382 382 439 439 448 494 494 
22 
37 37 57 57 116 129 129 184 184 184 201 230 236 236 254 269 269 277 277 283 283 303 338 338 383 383 432 432 463 

250 250 250 374 
80 80 95 95 314 314 
225 225 
98 98 441 441 441 441 
281 281 347 
196 196 
76 
243 
103 296 296 
184 184 184 260 291 291 
271 282 282 339 403 
20 159 330 330 
314 
62 62 
279 279 279 279 357 496 496 
383 415 415 460 460 

314 314 314 
75 449 

408 408 
236 
45 45 161 161 413 413 
76 186 
1 5 5 5 98 225 225 420 420 420 420 
218 218 218 250 271 468 468 
255 255 
15 59 59 182 182 

191 
344 
128 128 128 413 
280 314 314 435 467 
41 41 99 156 354 
184 
25 25 339 464 464 464 
271 
4 4 131 219 219 232 232 232 
17 314 
76 184 184 184 353 491 491 491 

225 225 225 
346 
211 211 236 236 236 432 432 
22 497 
354 
63 63 75 383 383 415 
339 339 339 452 452 452 
184 
72 72 89 89 141 141 141 141 141 358 358 
215 280 280 308 314 314 449 
123 123 442 442 
159 
339 339 408 
170 195 267 
273 

56 487 487 
5 273 273 
10 10 100 100 240 240 496 
39 39 188 188 227 227 
76 76 76 242 
193 193 193 
127 127 290 
314 314 349 349 349 
305 305 
30 
116 184 184 
39 39 
31 31 120 120 120 315 336 336 489 489 
56 235 235 235 236 388 474 474 
184 184 
120 262 486 486 
51 184 184 354 354 
126 126 185 456 456 456 
399 399 
3 3 
243 413 413 
81 81 81 394 394 
100 197 240 240 265 265 357 357 357 367 367 367 431 431 476 
22 22 389 461 
160 160 
182 182 363 363 
193 193 
54 76 
134 134 134 271 354 
325 358 358 
5 5 5 88 88 
233 238 238 
347 347 347 
104 104 
5 354 
76 76 229 
159 188 
159 159 159 
