Nodes: 512, Edges: 1199
46 46 46 46 
225 225 225 225 441 
91 91 183 189 189 
271 271 271 
454 454 454 
18 18 34 48 50 88 184 184 255 255 273 273 279 279 354 354 400 441 441 475 475 475 504 508 
404 404 
233 271 271 
196 196 313 350 350 
271 271 
476 
264 264 264 
202 355 355 355 

184 184 
327 327 444 444 444 
184 184 
455 
5 5 277 277 

428 428 
31 
108 108 108 108 115 331 331 414 461 461 461 497 497 
171 290 290 
76 
452 452 452 
158 158 408 408 
76 346 346 
178 183 183 189 
474 
180 222 483 
21 172 172 184 184 184 315 354 354 486 486 486 489 
184 184 184 
67 67 192 
5 
210 210 210 210 222 222 309 413 413 
106 
324 324 324 415 
89 89 89 89 89 
62 62 62 159 159 159 163 163 219 231 241 267 267 302 302 330 330 402 405 485 485 
236 
85 137 151 156 156 160 160 184 324 354 354 399 399 399 445 445 450 
321 323 323 
193 193 

76 439 439 439 
0 0 0 0 339 381 381 395 
346 346 346 
5 
236 236 
5 400 400 400 
490 
184 184 345 345 
225 225 393 
76 76 299 501 501 
195 195 195 236 
104 191 191 236 236 446 474 474 474 487 
415 415 
294 294 294 397 
444 
104 104 104 236 236 236 
81 81 359 359 
39 39 39 241 241 330 369 430 430 
383 383 463 463 
381 
193 193 413 416 

33 33 192 281 281 347 347 
287 296 371 
236 236 
184 184 258 
330 330 
325 325 325 358 358 466 466 
94 94 315 
413 413 
463 463 463 
24 27 45 54 54 78 107 107 107 109 109 162 162 184 184 184 186 186 196 196 199 207 207 207 208 208 228 228 229 229 229 242 242 245 245 299 299 299 314 314 322 322 328 328 346 346 346 354 354 361 361 413 413 423 440 456 478 478 478 501 
196 196 
76 
236 
418 418 
61 61 82 82 82 184 184 261 289 329 359 359 389 495 495 
81 81 81 121 121 142 142 143 329 329 329 389 389 389 
236 236 237 237 237 
312 312 348 
41 160 160 312 
198 198 508 
306 306 306 408 
5 
38 38 38 38 38 128 128 128 128 466 466 
358 358 358 
2 2 
182 404 404 413 
236 
73 73 315 315 315 
418 

171 290 
420 420 441 441 
256 450 
197 476 476 476 496 496 
140 140 140 195 195 195 471 471 
117 136 136 216 216 216 
146 146 146 379 425 
56 60 60 60 138 138 138 236 237 507 507 507 
106 106 106 184 190 
36 105 105 105 190 372 
76 76 76 
22 22 22 22 115 414 
76 76 199 207 
176 247 247 401 
182 


181 181 181 360 
22 108 389 
184 184 415 415 484 
102 125 135 135 136 136 136 184 236 236 

122 122 122 222 222 
486 486 489 
82 82 143 
119 119 119 222 222 
468 
454 
117 136 136 136 
185 473 491 491 

89 89 89 89 413 448 448 
236 236 236 415 
389 
240 240 240 
168 
381 381 
380 380 502 502 502 
117 117 
102 102 117 117 117 125 125 125 
41 184 
104 104 104 236 236 236 
381 381 
101 101 101 320 320 378 378 378 378 
358 358 413 413 466 466 466 
82 82 
82 121 217 
282 

103 103 103 
236 
191 304 
250 250 250 
248 306 306 306 408 
41 354 354 354 
292 364 384 384 384 

374 374 
413 413 413 
41 41 450 
233 276 
26 26 194 194 271 271 408 408 
39 39 39 188 188 205 205 205 227 227 231 231 257 305 305 305 330 402 428 428 433 469 477 477 477 510 511 511 511 
41 41 85 85 272 272 272 312 498 
413 413 439 439 
76 76 322 322 
39 39 
300 300 300 
317 317 
477 
220 413 413 
132 413 
233 233 296 
471 471 
23 97 
31 31 
344 
222 335 376 376 
407 407 
110 247 247 
283 300 300 415 415 
28 183 183 
287 287 
30 222 222 
114 114 114 
92 111 220 220 220 363 413 444 499 499 
2 28 28 178 178 
5 5 14 14 16 16 31 31 31 32 32 32 41 52 52 70 70 76 76 76 81 81 105 116 116 117 137 199 213 213 221 236 236 236 258 258 258 267 267 267 279 279 279 284 289 289 291 291 292 292 307 315 315 338 345 354 354 354 355 355 366 366 396 409 415 415 415 426 426 426 451 456 484 484 484 488 490 490 490 
126 491 
76 76 245 440 440 

159 159 477 
2 2 28 404 
105 106 372 372 
56 56 148 236 236 236 267 268 285 304 446 
33 67 236 236 236 281 281 
43 43 65 65 286 362 413 413 479 479 500 
158 158 
55 55 55 101 101 101 236 236 267 267 267 471 471 471 
8 8 76 76 77 77 200 200 290 290 290 350 350 373 413 422 422 422 
100 496 496 
86 86 386 386 386 
76 109 184 207 
196 196 
415 415 
12 355 
271 271 
267 267 268 268 
159 159 159 
405 
76 76 76 109 199 337 
76 76 
328 328 
35 35 35 35 
460 460 
233 233 233 310 310 310 
184 184 
215 314 
214 314 314 314 
102 102 102 
143 
271 
39 232 232 274 274 274 402 454 454 
167 182 182 182 413 413 
184 
30 35 35 119 119 122 122 174 180 180 314 341 341 341 413 
329 
313 313 350 
1 1 1 1 53 53 259 377 393 393 419 441 441 458 
292 292 
159 159 305 305 305 343 392 
76 76 245 245 361 
76 76 76 295 509 
236 236 415 415 
39 159 159 
219 219 454 
7 157 169 169 212 212 212 238 271 271 296 296 296 310 374 374 375 375 375 505 
503 503 
487 487 
40 49 49 55 56 56 60 60 60 69 69 79 83 83 93 104 117 117 129 129 129 138 138 138 147 184 184 184 191 191 191 192 192 192 195 195 230 230 237 237 237 267 267 275 278 278 283 283 344 344 351 351 356 415 415 415 432 432 438 460 487 487 487 
83 83 83 104 236 236 236 
233 
342 342 405 
131 131 131 476 496 496 496 
39 62 62 
76 76 
311 311 413 424 424 494 
325 358 358 
76 76 186 228 228 

110 110 176 176 
150 408 408 

149 149 149 374 374 417 442 442 442 
286 286 286 413 413 


415 415 415 
5 5 443 443 443 443 
99 273 354 354 391 
159 392 392 
70 184 184 184 409 409 
225 
426 
81 329 329 329 
364 364 410 410 
315 
11 11 11 334 334 
496 496 
271 271 
39 39 184 184 184 191 195 195 195 204 204 236 236 268 268 356 356 356 471 
191 204 204 267 267 
415 415 415 
286 
3 3 3 7 7 9 9 158 158 203 203 218 233 233 266 266 282 287 287 297 327 339 339 354 354 374 375 391 408 408 412 412 412 427 427 442 442 453 453 502 502 502 
160 160 160 
5 5 256 354 472 472 475 
219 219 219 
236 
157 
18 18 
236 236 
5 5 184 184 184 431 431 
308 308 308 449 
67 67 192 192 347 347 421 421 
144 271 427 427 
177 236 236 303 303 344 415 415 
184 
191 
193 251 251 251 270 413 413 
68 179 179 271 271 

81 184 184 
23 23 97 196 196 196 480 
184 184 426 426 
152 184 184 226 226 364 410 
408 
58 58 58 397 397 399 
229 
68 169 233 233 233 425 
271 408 408 
347 
54 76 76 76 413 
164 164 164 177 177 

39 39 485 485 485 
283 283 415 415 415 
148 191 
159 159 159 227 227 227 392 482 482 
87 87 87 150 150 150 370 
184 354 396 396 465 
280 280 280 467 467 
35 
212 212 212 233 
243 243 
84 84 85 160 348 348 348 
8 224 224 
76 76 214 215 215 215 222 317 319 319 319 349 354 354 398 398 413 418 434 434 467 481 481 
31 73 94 94 94 184 184 263 336 486 486 
444 444 
165 165 314 398 413 413 
413 
314 314 314 
140 140 
42 323 
76 76 162 162 
42 42 321 359 
37 37 37 41 
72 72 72 244 358 503 503 
358 358 
15 15 271 
76 76 209 209 
81 82 82 82 223 261 261 261 
39 39 62 71 71 159 369 369 428 428 
22 22 
407 407 413 413 
413 413 
264 264 385 413 413 
174 
315 486 486 
207 
184 415 
46 271 271 381 381 408 408 427 427 452 452 464 464 470 470 

222 222 222 
239 239 
227 
173 236 236 283 447 447 
52 52 184 
27 27 47 47 47 76 76 76 459 459 
67 67 281 281 298 421 506 
84 312 312 312 
314 481 
8 8 196 196 224 
236 236 432 432 432 
402 
456 456 456 
5 5 31 31 41 41 76 76 151 151 151 184 184 184 256 256 271 271 273 307 314 314 450 450 462 462 490 490 502 502 508 
12 12 12 184 184 202 
236 267 267 267 
367 367 431 496 496 
72 72 90 90 90 141 141 244 244 325 326 326 413 413 466 466 503 503 
61 61 81 81 323 
114 
76 76 228 
193 413 
182 499 499 
152 262 262 292 
415 415 415 
184 184 
357 357 496 496 

62 330 330 
306 
68 
106 190 190 
196 
154 154 233 233 250 250 271 408 417 417 442 442 
233 233 233 271 
174 174 
225 458 
140 140 140 140 
103 
134 134 
46 46 64 133 133 139 139 339 339 395 408 408 
413 
63 63 415 415 432 432 
152 152 152 
334 413 413 
198 198 198 

487 
81 82 82 82 115 130 497 

256 271 
227 257 257 305 
53 225 225 
495 495 
46 381 
184 307 307 
58 294 294 
314 314 317 
41 41 41 294 492 
5 50 50 50 
110 
39 159 219 352 405 
427 427 
6 6 92 92 189 
39 206 239 402 

175 175 332 332 413 
26 26 87 150 158 158 248 248 271 271 293 297 297 339 339 374 381 381 412 437 470 470 
184 258 258 
262 262 292 

271 271 271 408 
35 35 65 74 74 76 76 92 128 141 141 155 155 155 161 161 167 167 168 182 193 193 196 220 220 222 243 251 251 286 286 299 314 317 317 318 332 332 333 333 334 334 358 358 362 382 385 385 407 439 448 448 455 455 455 500 500 
22 108 
37 57 57 116 116 129 177 177 184 184 184 201 201 230 230 236 236 236 254 254 254 269 269 269 283 283 303 303 303 338 365 365 365 383 383 432 432 463 
65 
250 374 374 
80 80 95 314 
225 
98 98 441 441 441 441 
281 281 347 
196 196 196 
76 
243 243 
103 296 
184 184 184 260 291 291 
271 271 282 282 339 339 403 403 
20 20 159 159 330 330 

62 62 
279 279 357 496 
236 236 351 351 351 383 383 415 415 460 
159 
314 314 
449 449 

408 
236 
45 45 45 161 161 413 
76 186 186 
1 5 5 98 98 225 225 420 420 420 420 
250 250 250 271 271 374 374 
255 255 255 255 
15 15 15 59 182 316 316 
41 41 
56 191 
344 344 
128 128 413 413 
280 435 435 467 
41 99 156 354 354 
184 
25 25 25 339 339 464 464 
271 271 
4 4 4 124 219 219 232 
17 413 413 413 
76 184 353 353 353 491 491 

225 377 
346 346 
211 211 236 432 
22 22 22 497 497 
354 354 
63 63 75 75 75 415 
339 339 452 452 
307 
72 72 89 89 141 141 141 358 358 
308 308 314 449 
123 
159 
339 339 408 408 
101 101 170 170 195 195 195 267 
273 273 475 475 
126 
29 56 56 56 
5 5 5 273 472 472 
10 100 100 100 240 496 
159 159 159 166 188 
76 76 76 
193 193 
290 
314 314 349 
305 305 
30 
116 184 184 184 
39 39 302 302 302 
31 31 31 120 120 315 315 336 336 
56 235 235 236 236 236 388 
184 
31 120 
51 184 184 184 354 354 
126 126 185 456 456 
399 

243 
81 81 394 394 
100 100 197 197 240 240 240 265 265 357 357 367 367 431 476 
22 22 389 461 461 
160 
182 182 363 363 
193 413 413 
54 54 76 
134 134 134 271 271 271 354 354 
234 234 325 325 358 358 
5 
233 
347 
104 104 104 
5 86 354 
229 
159 
159 159 159 
