Nodes: 512, Edges: 1199
46 46 46 46 395 395 395 
225 225 441 441 
183 183 189 
271 493 493 
454 
18 18 18 34 34 48 48 50 88 88 184 184 225 225 255 273 273 273 354 400 400 441 475 475 504 508 508 

233 271 
196 196 224 313 313 350 350 
271 271 
476 476 
264 264 
184 184 184 202 202 202 355 355 
76 76 
117 184 
182 182 327 444 444 
184 
390 390 390 455 
5 5 5 277 277 

428 428 428 
31 31 
108 108 108 108 115 115 115 331 414 414 461 461 497 497 
171 

452 
158 158 408 408 408 
76 76 346 346 
63 63 63 178 178 183 
474 
180 180 222 222 483 
21 21 172 172 172 184 184 315 354 486 489 489 489 
184 
67 67 67 192 192 
5 5 
210 210 210 222 309 413 413 
106 
324 324 324 324 406 415 
89 358 
62 62 62 166 166 219 219 231 231 241 241 267 267 330 402 402 405 405 477 477 485 485 
192 192 249 249 
85 85 99 99 137 137 137 151 151 156 160 184 354 354 354 399 445 450 450 457 
321 321 
193 193 193 

76 76 413 439 
0 0 0 0 64 301 301 301 339 339 381 381 395 395 

5 5 
236 
5 400 
490 
184 184 345 345 
225 393 
76 76 299 299 
195 
191 236 304 304 446 474 487 487 
415 
294 
444 
104 104 236 236 
81 359 359 
39 39 39 241 330 330 330 369 369 369 430 
28 28 28 383 463 
46 
193 193 193 413 416 416 
141 
33 33 33 192 281 347 
169 169 287 287 287 296 296 296 371 
236 344 344 
184 258 258 
330 330 
325 325 325 358 466 
94 315 315 315 
413 
383 435 463 463 
13 13 27 27 45 45 54 54 78 78 107 109 109 109 162 162 184 186 196 196 199 207 207 208 208 208 228 242 245 245 292 292 292 299 314 322 322 322 328 353 353 353 354 360 361 423 423 423 440 456 456 478 509 509 
119 119 196 196 196 
76 76 
107 236 236 
314 418 418 
61 113 113 184 184 389 394 394 495 495 495 
121 121 121 142 143 329 
236 236 236 237 237 
85 312 312 348 
41 41 84 160 160 160 312 312 312 
198 386 386 508 508 
306 306 408 408 
5 5 
38 128 128 128 466 466 466 
358 

182 182 404 413 
236 236 236 236 
73 315 315 315 
418 
317 
171 290 
420 
41 41 256 
197 476 496 496 
140 140 140 195 471 471 
117 117 136 136 216 493 
379 
60 60 138 138 236 237 237 507 507 
106 106 106 184 184 184 190 190 
36 105 105 105 190 190 190 372 
76 79 
22 22 22 22 115 115 336 
76 76 76 199 
247 247 401 
182 182 
184 184 
81 81 
181 181 181 181 367 367 
22 22 22 108 108 389 
184 184 184 415 415 
14 102 102 125 135 136 136 184 
364 364 
77 77 122 222 222 413 413 
486 486 489 
82 82 82 143 143 
119 
468 
387 387 454 454 454 
117 136 136 170 
185 185 491 
480 
89 89 89 413 448 
236 
389 389 
240 240 
168 168 168 

380 380 380 502 502 
117 
102 102 117 117 125 125 
41 41 41 
104 104 164 236 

101 101 101 320 320 378 378 
66 358 413 413 466 466 466 466 
82 389 
82 121 121 217 217 
282 

379 
173 236 236 236 
191 304 304 
250 
248 248 306 306 306 306 408 408 
41 41 354 
292 292 292 364 384 384 
325 325 
374 
413 
41 
233 276 
26 26 194 194 271 271 408 
205 205 227 227 231 231 305 305 330 402 402 428 428 433 433 469 469 477 477 510 510 511 
41 85 85 85 272 272 312 498 
413 439 
76 76 322 322 

138 300 300 300 300 
317 317 317 329 329 
39 39 477 477 477 
220 220 413 
132 132 132 413 
68 68 233 296 
125 
23 97 290 290 
31 31 31 
147 344 344 
222 376 376 413 413 
407 407 413 413 

269 283 300 300 
28 28 183 183 183 
287 287 287 
30 30 
114 114 114 114 
15 15 92 92 111 111 220 340 363 363 413 413 432 444 499 499 
2 2 28 178 178 178 
5 5 12 12 12 14 16 31 31 32 41 52 52 70 76 81 81 105 105 105 112 112 116 116 116 117 199 213 213 236 236 236 246 246 246 258 258 267 267 284 289 289 289 291 291 292 292 307 307 315 338 338 345 354 355 366 366 396 396 396 409 409 415 426 451 451 465 465 484 484 484 488 490 
126 126 491 491 
76 245 245 440 440 440 
413 413 
510 
2 404 
105 105 106 106 106 372 372 
56 148 236 236 267 267 268 285 304 446 446 
33 33 40 40 67 236 281 
43 43 43 65 65 65 286 286 358 358 362 362 479 
158 158 
55 101 236 236 471 
8 8 76 76 77 77 77 200 200 373 413 413 413 422 422 422 
100 
86 386 
76 109 184 207 
196 196 
236 415 
12 12 12 355 355 
271 271 
267 268 
159 159 
405 
76 76 199 337 337 337 478 
76 76 76 
328 328 
35 35 35 
460 460 
233 233 
184 184 
215 215 314 
214 214 314 314 467 467 
102 
143 143 
271 442 442 442 442 
39 39 232 274 274 402 454 
167 167 182 413 413 

30 30 35 119 119 174 268 268 268 314 314 341 341 376 376 413 
329 
8 313 313 350 
1 1 5 5 53 377 393 419 441 441 
292 292 292 
159 159 305 343 343 392 
76 245 245 245 
295 295 509 509 
236 275 303 415 
39 39 159 159 
219 454 
7 157 169 212 212 238 271 271 296 296 296 310 310 374 374 374 375 375 505 505 
503 
487 487 
49 56 60 60 69 79 79 83 83 83 93 93 93 93 104 129 138 147 147 147 184 184 184 191 191 192 195 195 201 230 237 237 237 267 267 275 275 275 278 278 283 344 344 344 351 351 356 356 415 415 432 438 460 460 
83 83 104 104 236 236 236 
233 505 505 505 
342 342 
131 131 476 476 476 496 496 496 
39 39 62 
76 
311 424 424 494 
325 325 358 358 
76 76 186 186 228 228 228 
184 184 184 
110 110 288 288 401 
150 150 293 408 408 
40 40 
149 417 417 417 442 
286 286 413 

330 
277 277 277 277 283 415 415 
5 443 
99 273 354 391 
392 392 392 
70 70 184 184 

426 

364 364 364 410 
315 315 
11 11 334 334 
496 496 

39 39 184 184 191 191 204 236 236 268 268 268 356 
191 204 222 222 222 267 267 267 
177 415 415 
286 
3 7 9 9 158 158 203 203 218 233 233 282 282 287 287 287 339 339 339 354 374 374 374 375 375 375 391 391 408 408 408 412 412 427 442 453 502 
160 160 
5 5 5 256 354 354 475 
219 219 402 
230 236 236 236 
157 
18 18 254 254 254 254 415 
236 236 

308 449 449 467 
67 192 347 347 
144 271 271 427 427 
177 236 254 303 303 303 344 344 415 
184 
191 
193 193 251 251 270 413 413 
68 68 68 179 179 179 271 271 271 
247 247 
184 184 184 
97 171 171 480 480 
184 184 426 426 
76 76 76 152 152 152 184 184 226 226 226 364 364 
248 408 
58 397 408 
229 229 
68 68 68 169 233 233 233 425 425 

347 347 
54 54 76 413 413 
164 164 164 164 177 177 
46 46 46 
485 485 
230 283 283 283 415 415 
56 56 148 148 191 
159 159 227 392 482 
87 87 150 150 150 150 370 370 370 408 408 
184 184 354 396 396 465 465 
280 467 467 
35 
233 233 
243 
84 84 85 85 85 160 348 
8 8 224 224 
76 80 214 215 215 222 222 317 319 319 319 349 354 354 398 398 413 418 418 429 429 434 449 449 449 455 455 455 467 481 
31 73 73 73 94 94 94 184 263 263 486 486 
444 
96 165 165 165 314 398 413 
413 
314 314 314 354 
140 140 
42 42 323 
76 76 76 162 162 
321 359 359 
37 37 37 37 
72 72 72 153 153 244 244 358 503 503 
358 
15 
76 209 209 
82 165 165 223 
39 62 62 62 71 71 159 253 369 369 428 
22 
407 413 
413 413 413 
264 264 385 
413 413 
108 486 
207 207 207 
184 184 415 415 
46 46 271 271 271 381 381 408 427 427 427 452 452 470 
182 
222 222 
239 239 
227 227 
69 69 173 173 236 236 236 283 283 447 
52 52 184 
27 27 459 459 
67 281 281 298 298 421 506 506 
84 312 
314 481 481 
8 8 224 
236 236 432 
402 402 402 
76 76 76 456 
5 31 41 41 41 76 151 184 256 271 273 273 307 314 314 319 411 411 450 450 490 508 
12 12 184 202 202 
236 236 267 
367 367 496 496 496 
38 72 90 141 193 193 244 244 325 326 413 466 466 503 503 503 503 
61 61 323 323 
76 
76 
193 193 
182 182 499 
118 118 152 262 262 262 292 292 410 410 
415 415 
184 184 
114 114 357 357 
401 401 
62 62 62 330 330 
306 306 306 
68 
106 190 190 
196 
154 233 233 233 271 271 271 417 417 442 442 
233 233 271 271 271 
174 174 222 222 
225 458 
140 140 
103 146 
134 134 134 
46 46 339 339 395 395 408 408 408 
413 
63 75 415 432 463 463 463 
152 152 449 449 
334 413 413 
86 86 198 
124 124 
487 
81 115 130 130 142 497 497 
17 17 17 
256 271 271 
227 257 257 257 305 
53 225 
81 81 495 495 
0 0 0 46 46 381 381 
184 184 184 307 307 
294 
314 314 317 
41 492 
5 5 50 
110 247 368 368 
39 39 159 159 219 274 352 352 352 405 405 
427 427 
92 189 
39 39 206 402 402 
37 
175 175 332 413 413 
26 26 26 87 87 150 150 158 248 248 271 271 271 293 294 306 306 339 381 381 381 412 437 437 470 470 
184 184 
262 364 364 
354 354 
271 271 408 
35 35 45 65 74 92 119 119 128 141 141 155 161 167 168 174 174 175 175 182 182 187 187 196 196 196 220 220 222 251 286 286 299 299 314 317 318 332 333 333 333 335 335 358 382 385 385 407 407 439 439 448 448 448 455 455 455 494 494 494 
22 22 
37 57 116 116 184 201 230 236 236 254 254 269 269 277 283 303 303 338 338 365 365 383 432 432 432 463 
65 65 
250 250 250 374 374 
80 80 95 314 314 
225 
98 441 441 
347 
196 196 196 
76 76 76 
243 243 
296 296 
184 260 291 291 
271 282 282 339 339 339 403 403 
20 20 20 159 159 330 
314 314 
62 
496 496 496 
182 236 351 383 415 415 415 460 
159 159 
314 
75 449 449 
497 
408 408 
236 
45 161 413 413 
76 186 186 186 
1 1 5 225 225 420 420 
218 218 218 218 250 271 374 374 468 468 468 
255 
15 15 59 182 316 
41 
56 191 191 
344 
128 413 413 413 
280 280 314 314 314 384 384 435 435 467 467 
41 41 354 354 462 462 
184 184 
25 339 339 
271 
4 124 124 124 219 232 
17 314 314 314 413 413 413 
76 76 353 491 491 
41 
377 
346 346 
211 211 236 236 432 
22 22 497 497 497 
450 450 
63 75 75 383 383 383 415 

184 184 307 307 
72 89 89 89 141 141 141 141 358 358 
215 215 280 308 308 314 449 449 
123 442 442 442 
159 159 
339 408 408 
101 101 195 
475 

29 56 487 487 
5 5 273 472 
10 10 100 240 240 240 496 496 
39 39 159 159 166 166 166 
76 207 
193 
127 290 290 
314 349 349 
305 
30 
184 184 184 
39 39 302 302 
31 120 120 315 315 336 489 489 
56 56 235 235 388 474 474 
184 
31 31 31 120 486 486 
51 184 354 
126 185 185 456 456 
399 
3 3 102 
243 413 413 413 
81 81 81 394 394 
100 100 240 240 240 265 265 357 357 357 431 431 431 476 476 
22 22 389 389 436 461 461 461 
160 
182 182 363 


134 134 271 
234 325 325 358 358 358 358 
5 
233 233 238 238 238 
347 347 
104 104 
5 5 86 86 354 
76 76 229 229 
159 159 188 
159 
