Nodes: 512, Edges: 1199
46 46 395 
225 441 
111 111 189 
271 493 493 493 
454 454 
18 18 48 50 50 50 88 88 88 184 225 255 273 273 279 279 354 354 400 400 441 475 504 504 508 508 

233 271 
224 224 313 313 350 
271 
476 476 
264 264 
184 184 184 202 
76 
117 117 135 184 
327 327 327 444 
184 
390 
5 5 277 
104 104 
428 
31 31 31 
108 108 108 115 331 331 414 497 497 
171 171 290 290 290 
76 76 
452 452 
158 408 408 
76 76 
63 63 111 178 178 178 183 

180 180 222 483 483 
21 21 21 172 184 184 315 315 354 486 489 489 

67 67 67 192 192 192 

210 222 309 309 413 413 
106 106 106 
324 324 324 324 406 415 
89 89 89 89 89 358 
62 62 62 159 159 163 163 166 231 231 241 302 330 330 402 402 405 477 477 485 485 
192 192 192 236 236 249 
85 85 85 99 137 137 137 151 156 156 156 160 160 184 184 324 324 354 354 399 399 399 445 445 450 450 450 457 
323 323 323 
193 193 193 

76 76 76 413 413 439 439 
0 0 64 301 301 301 339 339 381 395 
346 346 346 
5 
236 236 236 
5 5 5 400 400 
490 490 490 
184 
225 
76 76 299 299 501 501 
195 236 
191 191 236 236 236 304 446 487 
415 415 
294 294 397 397 397 
444 
104 104 104 
81 
39 39 39 241 330 330 369 369 369 430 430 
28 28 463 463 463 
46 381 381 381 
413 416 416 
141 141 141 
33 33 33 192 281 281 347 
169 287 287 287 287 296 371 371 
236 236 252 344 344 
184 184 184 246 258 258 
330 330 
325 325 358 
94 94 315 315 
413 
383 463 
13 24 24 27 27 45 45 45 54 54 78 78 107 107 109 109 109 162 162 184 184 196 199 207 208 208 208 228 228 228 229 242 242 245 245 292 314 314 322 322 322 328 328 346 346 360 361 361 413 413 413 423 423 440 456 478 478 501 501 509 509 
119 196 413 
76 76 
236 236 236 
314 314 418 418 
61 82 113 113 184 184 261 261 261 289 329 359 359 359 389 389 394 495 
81 121 121 121 143 329 389 
236 237 
312 348 348 
41 41 41 160 312 312 
198 198 
306 306 408 408 
5 5 5 504 
38 38 38 38 38 128 128 358 466 
358 358 358 
189 
182 182 404 404 
236 236 236 
73 73 315 
418 
314 314 317 
171 290 
420 441 
41 450 
197 197 197 476 476 476 496 
140 140 195 471 471 
117 136 216 216 493 
146 146 146 379 425 
19 19 60 60 60 138 236 237 237 507 507 
106 106 184 184 184 
36 36 36 105 105 190 190 372 
76 76 
22 22 22 115 414 
76 76 76 199 199 207 
176 401 
2 2 28 182 

81 81 
181 181 181 360 367 367 367 
22 108 389 
184 415 415 
14 14 102 125 136 136 184 236 236 
364 364 
77 122 122 222 413 
486 489 
82 82 82 143 
119 119 222 222 222 
468 468 
387 387 
117 136 136 170 
185 473 491 491 491 
480 480 
89 89 413 413 413 
236 236 415 415 

240 240 240 454 454 
168 
381 381 381 
380 380 502 
14 
102 117 117 125 125 
41 41 41 184 184 
104 164 164 164 236 236 

101 101 320 320 378 
66 66 66 466 466 
389 
82 121 217 217 
282 282 
339 339 
103 103 103 379 379 
173 236 236 
191 
250 
248 248 306 306 306 408 
41 354 
292 364 384 
325 


41 41 41 450 450 
233 276 276 
26 194 194 271 271 408 
39 39 188 205 227 231 231 231 330 330 392 402 402 402 428 433 433 433 469 477 477 510 510 
41 41 85 272 272 272 312 312 498 498 
413 439 
76 76 
39 39 
138 138 138 300 300 
317 317 317 317 317 329 329 
39 477 

132 413 
68 233 296 296 
125 
23 23 97 290 290 290 
31 
147 344 344 
222 222 335 376 376 413 
407 407 413 
110 
269 283 300 415 415 
28 28 28 183 
287 287 
30 30 222 222 
114 114 114 
92 92 111 220 220 340 340 404 404 444 499 
28 178 
5 12 12 12 14 16 31 31 41 41 52 70 70 70 76 76 81 81 105 105 105 116 117 137 137 199 213 221 221 221 236 236 246 258 267 284 284 284 289 289 291 292 292 307 315 315 338 345 354 354 354 355 366 396 409 409 415 415 451 451 456 484 484 484 488 490 490 490 
126 491 491 491 
440 440 

159 477 477 510 
2 91 
106 106 
56 56 148 236 236 268 304 304 446 446 446 
33 33 33 40 40 40 67 236 236 281 281 
43 43 43 286 286 286 358 358 358 362 413 500 
158 158 
55 101 236 236 267 267 471 
76 77 200 200 290 290 290 350 350 373 413 413 422 
100 100 100 496 
86 86 386 386 
76 109 109 184 207 
196 196 
236 236 415 
12 355 355 355 
271 
268 
159 
405 405 
76 109 199 337 337 478 
76 76 76 
328 328 
35 
460 
233 310 
184 
215 215 314 314 
214 214 314 
102 102 
143 143 
271 271 442 
232 232 274 274 402 402 454 454 
182 182 
184 184 184 
30 35 119 122 122 122 174 174 180 180 314 341 341 376 376 376 413 483 
329 329 
8 8 313 313 313 350 
1 5 53 377 377 377 393 419 441 458 458 458 
292 292 
159 305 343 392 392 477 
76 76 76 245 245 245 
76 295 295 
236 275 275 415 
39 39 159 159 159 
219 219 454 
7 157 169 212 238 271 271 271 310 310 374 374 375 375 505 505 505 505 505 
503 503 
487 
40 40 49 49 49 55 56 56 56 69 69 79 79 79 83 93 93 93 104 117 117 129 129 138 138 147 147 184 184 191 191 192 192 195 195 201 201 230 237 267 267 267 283 283 344 344 351 356 415 432 432 432 487 487 
83 104 104 236 
233 505 505 
342 342 405 
131 131 131 476 476 
39 62 
76 76 
311 311 311 424 424 424 494 494 494 
325 358 
76 76 228 228 228 
70 184 
288 288 401 
150 150 408 
40 
149 374 374 417 417 442 442 
286 286 413 413 
69 
330 
283 283 283 415 
5 443 443 
354 354 
392 392 
70 70 184 


81 81 81 329 
364 410 410 489 
315 
11 11 334 334 334 
496 
271 271 
184 195 195 236 236 236 356 356 471 471 
191 204 
177 415 415 
286 
3 7 9 158 158 203 218 218 233 233 233 266 266 282 282 287 287 297 297 327 327 339 339 339 354 354 374 374 375 391 391 391 401 408 408 412 412 427 502 502 502 
160 160 160 
5 5 354 472 475 475 
219 219 
230 230 
157 157 
18 415 

5 5 431 431 431 431 431 
308 449 467 467 
67 67 192 192 298 347 347 421 421 
144 144 271 271 427 427 
177 236 236 254 254 254 303 303 303 344 344 415 415 
184 184 184 

193 193 193 251 251 270 413 413 
68 68 68 68 179 179 271 271 
247 247 
81 184 184 
23 23 23 97 171 171 171 196 196 196 480 
184 426 426 
76 152 184 184 226 226 364 410 410 
408 408 
58 58 397 399 408 
229 229 
68 169 169 425 425 425 
271 271 408 
281 347 
54 54 413 
164 164 177 
46 46 46 
39 485 
283 283 283 415 
56 191 191 
227 392 482 
87 87 150 150 150 370 370 370 408 408 
184 354 354 396 396 465 465 
280 467 467 467 
35 35 
212 233 233 
243 243 243 
84 85 85 160 160 348 348 348 
8 8 224 224 224 
76 76 80 80 96 96 214 214 215 222 349 349 349 354 354 384 384 398 413 418 418 429 429 434 434 449 449 455 455 467 481 481 481 
31 31 73 73 94 184 184 263 336 
444 444 
96 165 165 165 165 165 398 398 
413 

140 140 
323 
76 76 76 
42 42 42 321 359 359 359 
37 37 37 37 41 41 
72 72 153 244 358 358 503 503 
358 358 
15 15 15 271 271 
76 76 209 209 
81 82 165 165 223 223 261 
39 39 62 62 71 71 159 159 253 369 428 428 
22 22 
407 407 413 
413 
264 264 264 385 385 385 413 413 
174 413 413 
315 486 486 
207 207 
184 415 
46 46 145 145 271 271 271 381 381 408 427 427 452 452 452 464 464 464 470 
182 182 
222 222 
239 239 
227 
69 69 173 173 236 236 283 283 447 
184 
47 47 47 76 76 459 
67 281 281 298 421 506 506 506 
84 84 312 312 312 
314 314 314 481 481 481 
8 196 196 224 
236 432 
402 402 
456 456 
5 5 31 41 41 151 184 184 184 256 256 271 271 273 307 307 314 314 411 450 450 462 490 490 502 502 502 508 
184 202 202 202 
236 267 267 
367 431 431 496 496 
38 72 89 90 90 90 193 193 193 244 325 325 326 326 413 413 466 503 503 503 
81 81 81 323 323 323 
76 114 
76 76 
193 413 
499 499 499 
118 118 152 262 292 410 
415 415 
184 
114 114 114 357 496 
401 401 
62 62 62 330 
306 306 306 
68 68 
106 
196 
233 233 250 250 271 271 408 417 442 
233 233 271 
174 174 222 222 222 
225 225 225 458 
140 
103 146 146 
134 134 
46 64 64 64 133 133 133 339 339 395 395 395 
413 
75 415 415 432 463 463 
152 314 314 449 449 
334 334 334 413 413 
198 198 
124 124 
487 
81 81 82 115 142 
17 
271 271 271 
159 227 227 257 257 305 
225 
81 495 495 495 
0 46 381 381 381 
184 307 307 
58 58 58 294 
314 317 317 
41 41 41 294 492 492 
5 5 50 50 
110 247 271 368 368 
39 39 159 159 159 219 219 352 352 405 405 
427 
92 92 182 182 
39 206 206 239 402 402 
37 
175 175 332 332 413 
26 26 87 87 150 158 248 271 271 293 293 294 297 306 306 339 374 412 412 412 470 
184 184 
262 262 292 292 364 
354 
271 271 408 408 408 
35 35 45 45 65 74 76 76 76 77 119 128 128 128 161 168 174 175 193 196 196 222 251 251 286 286 299 314 318 332 333 334 334 335 335 358 358 362 382 385 385 407 439 448 455 455 494 494 500 
22 108 
37 57 57 116 116 129 129 177 177 184 184 201 230 236 254 269 269 277 283 283 303 338 365 365 383 383 432 463 
65 65 
250 250 374 
80 80 95 314 314 
225 
98 441 441 
281 281 347 
196 
76 76 
243 243 243 
103 296 296 296 
291 291 
271 282 282 339 339 403 
20 159 330 330 
314 314 
62 62 
279 279 279 279 279 357 357 
236 236 236 351 383 415 460 460 
159 159 159 
314 314 
449 
497 


45 45 161 413 
76 186 186 
1 5 98 225 420 420 
218 250 250 374 
255 255 
15 59 182 316 316 
41 41 
56 191 191 191 
344 
413 
280 314 314 384 384 435 467 
41 41 41 99 156 156 354 354 462 
184 184 
25 25 339 339 339 464 464 

4 4 131 131 219 219 232 
314 314 413 413 
76 184 353 353 
41 
225 225 225 377 
346 
211 432 432 
497 497 497 
354 450 
63 63 63 75 383 383 415 
339 339 339 452 452 
307 307 
89 141 141 358 
280 280 308 308 308 314 449 
123 123 
159 
339 408 
101 101 195 267 267 
273 475 475 475 
126 
487 
5 273 273 472 472 472 
10 10 100 100 100 240 240 496 
39 39 159 159 166 188 188 227 
76 76 207 

127 127 290 
314 314 314 349 349 349 
305 
30 30 222 
184 184 184 
39 39 302 
31 120 336 336 
56 235 236 236 388 474 
184 
31 31 120 262 
51 51 51 184 184 184 354 354 
126 126 126 185 185 185 
399 399 
3 3 3 102 
243 243 243 413 413 
81 394 394 394 
100 197 265 357 357 367 476 
22 22 436 461 461 461 
160 160 
182 363 363 363 
193 413 
54 54 76 76 
134 271 271 271 354 354 354 
234 234 325 325 358 358 358 
5 5 88 
233 233 233 233 233 238 238 
347 347 347 
104 104 
5 5 354 
76 76 
159 159 188 

