Nodes: 512, Edges: 1199
46 46 46 395 395 395 
225 225 225 441 
111 183 183 189 189 
271 271 
454 454 
34 34 48 48 50 50 88 88 184 184 198 198 225 225 273 273 279 354 354 400 441 441 441 504 504 508 508 
404 
233 233 271 
196 196 196 224 313 313 
271 271 
476 476 
264 
184 202 202 355 355 
76 
117 184 184 
182 182 327 444 444 
184 184 
390 390 455 455 455 
277 
104 
428 428 428 
31 
108 108 108 115 331 331 461 497 497 
171 290 
76 
452 452 
158 158 158 408 408 408 
76 346 346 
63 63 63 63 178 183 189 
474 
180 180 222 222 222 483 483 
21 172 172 184 184 315 354 354 486 489 
184 
67 67 67 192 192 192 
5 5 
210 222 309 309 309 413 413 413 
106 106 
324 406 415 
89 89 89 
62 62 62 159 159 163 166 166 219 219 219 231 241 241 267 267 302 302 330 330 402 405 477 477 477 485 
236 236 
85 85 85 99 99 137 137 151 151 151 156 160 184 184 324 354 354 399 445 450 450 457 457 
321 323 
193 193 193 

76 76 413 413 439 439 439 
0 0 0 64 64 301 301 339 381 381 395 
346 346 346 346 
5 5 
236 
5 5 400 

184 
225 393 
299 501 
195 236 
236 236 304 304 446 474 474 487 487 
415 415 415 
294 294 397 
444 
236 
81 359 359 
39 39 39 241 241 241 330 369 369 430 
28 28 28 28 383 463 463 
46 46 
193 416 416 
141 141 
33 33 33 192 192 281 347 
169 287 287 287 287 296 
236 236 344 344 
184 184 246 258 258 258 
330 
325 325 358 358 466 
94 315 
413 413 
383 383 383 
13 24 27 45 45 107 162 162 162 184 184 186 186 196 196 199 199 199 207 208 208 208 228 229 242 245 245 292 299 299 299 322 322 322 322 328 328 346 353 354 360 360 413 413 423 440 440 456 456 478 501 509 509 
119 196 413 

107 236 
314 314 418 418 418 
61 82 82 113 113 113 184 261 261 289 329 359 359 359 389 389 389 394 394 394 495 
81 81 121 121 142 142 143 143 329 329 389 389 
236 236 237 237 237 
85 312 312 348 348 
41 41 41 84 160 160 312 
198 198 386 386 386 
306 306 408 408 
5 5 504 
38 38 38 128 128 358 358 466 
358 
189 
182 182 404 404 404 413 413 413 
236 236 236 236 
73 315 315 
418 418 
314 317 
171 171 290 290 290 
420 441 441 
41 41 
197 197 476 496 496 
140 140 195 195 471 
117 117 136 136 493 
146 379 379 425 425 425 
19 138 236 507 
106 106 106 184 184 190 190 190 
36 36 105 105 105 190 190 372 
76 79 
22 22 22 

176 176 247 247 
2 
184 184 
81 81 81 
181 181 181 181 367 367 
22 
184 184 184 415 415 484 
14 102 102 125 135 135 136 136 184 184 236 236 
364 364 
77 122 222 222 413 413 413 
486 486 489 489 
82 82 143 
119 222 222 
468 
387 387 454 454 
117 136 136 
185 185 473 491 
480 
89 89 413 413 448 448 
236 236 
389 389 
240 240 454 454 454 
168 
381 381 
380 502 502 502 
117 117 
102 102 117 117 125 125 
41 41 184 184 
104 164 164 236 236 236 
381 
101 101 320 378 378 
66 66 358 466 
82 82 389 
82 82 121 217 217 
282 282 
339 
103 379 379 
236 236 
191 304 
250 
248 306 408 
41 41 41 354 
292 292 292 384 
325 325 
374 374 

41 450 
276 276 
26 26 26 194 194 408 408 
39 39 188 188 188 205 227 231 257 305 392 402 428 433 433 477 477 477 511 
41 85 85 272 272 312 312 312 498 498 
413 439 
76 76 76 322 
39 
138 138 300 300 300 
317 317 317 329 
39 39 

132 413 413 413 
68 296 296 296 
471 471 
23 97 97 290 290 
31 31 
344 
222 335 335 376 413 413 
407 407 413 
110 110 247 247 247 
269 283 415 415 415 
28 183 183 
287 287 287 
30 30 222 
114 114 114 114 
15 15 92 92 220 340 363 363 404 404 413 444 499 
2 2 28 178 178 
5 5 12 14 14 16 16 31 31 32 41 41 52 70 70 76 76 81 105 105 112 112 116 116 116 117 117 137 137 221 221 236 236 236 246 258 267 267 267 279 284 284 289 289 291 307 307 315 315 324 345 345 345 354 354 354 366 366 396 396 409 415 415 426 451 456 465 484 490 490 
126 126 491 
76 76 245 
413 
159 159 159 477 510 
2 2 28 91 
105 105 105 106 106 
148 236 236 267 267 268 268 285 446 
33 33 33 67 67 236 236 281 
43 43 43 65 286 286 286 358 413 479 479 479 500 500 
158 158 
55 101 101 236 236 267 267 471 471 
8 8 8 76 76 77 200 200 290 350 350 350 413 422 422 
100 100 496 
5 5 86 86 386 386 
76 76 76 207 
196 196 
236 236 415 
12 12 355 355 
271 
267 268 
159 
405 405 
76 199 337 478 478 
76 76 76 
328 328 
35 
460 
233 310 310 

215 314 314 
214 314 314 314 467 

143 143 
271 442 442 
39 39 39 274 274 402 402 454 
182 413 
184 184 
30 30 30 35 119 119 122 122 174 180 314 341 341 341 376 413 413 413 483 483 

8 350 
1 1 1 5 5 53 259 259 393 393 393 441 441 458 
292 
159 305 305 305 305 392 392 477 477 477 
76 361 
76 295 
236 236 236 275 275 275 415 415 
39 159 
454 454 
7 7 212 271 271 296 310 310 375 375 375 505 505 505 
503 503 
487 487 
40 40 49 55 56 56 60 69 69 79 83 83 93 93 93 93 104 117 117 129 129 138 138 138 147 147 184 184 184 191 191 192 192 195 195 201 201 230 230 230 237 237 237 267 267 267 275 278 278 283 283 344 351 356 415 415 415 432 432 438 487 
83 83 83 236 236 236 
505 505 505 
342 405 
131 131 476 496 496 
39 39 62 62 62 
76 478 
311 413 424 424 424 494 
325 325 358 358 
76 76 186 
70 184 
110 110 176 176 176 288 401 401 401 
150 408 408 

149 374 374 417 417 417 
286 413 413 

330 
277 277 277 
443 443 443 
273 354 354 
159 392 392 392 
70 70 70 184 409 
225 225 
426 
81 81 329 
364 364 410 
315 315 
11 334 334 
496 
271 
39 39 184 184 184 191 191 195 195 204 236 236 236 268 356 356 471 471 
191 191 204 267 
177 415 
286 
3 3 7 9 9 203 218 233 233 266 282 287 297 339 339 374 374 375 375 391 401 401 408 408 412 427 427 427 442 453 453 502 502 502 502 502 
160 160 
5 5 256 354 354 472 472 472 475 
219 219 402 
230 230 230 236 
157 157 
18 254 254 254 415 
236 236 
5 184 431 431 431 431 
308 449 449 
67 192 298 298 298 347 421 
144 144 271 427 427 
177 236 236 303 344 344 415 
184 184 
191 
193 193 193 251 270 413 
68 68 68 68 179 179 179 271 
247 
81 184 184 
23 97 97 97 171 171 196 480 480 
184 426 
76 152 152 152 226 410 
408 
58 58 397 397 397 408 408 
229 
68 169 169 169 233 425 425 425 
271 
281 281 281 347 
54 76 76 76 
164 164 164 
46 46 464 
39 39 485 485 485 
283 415 415 415 
56 56 148 
159 227 227 227 227 392 482 482 482 
87 87 150 370 408 
184 184 354 396 462 465 
280 467 467 
35 35 35 
212 212 233 233 
243 
84 84 85 160 160 160 348 348 348 
8 8 
80 80 96 214 214 215 215 215 222 317 317 319 319 349 349 354 384 398 413 418 429 429 449 449 455 467 467 481 481 
31 73 94 94 184 184 263 263 336 486 486 
444 
96 165 165 165 314 314 398 
413 413 
314 314 
140 
42 323 323 
76 76 76 76 162 
42 321 321 359 359 
37 41 184 
72 72 153 153 244 244 358 503 
358 
15 
76 76 209 209 
81 82 82 165 261 
39 39 62 71 253 369 369 369 369 
22 22 
413 413 413 

264 264 385 385 413 
174 174 413 413 
315 486 486 486 
207 
415 
46 145 271 271 381 381 408 427 452 464 470 
182 
222 222 222 
239 

69 69 173 236 283 283 447 447 447 
184 184 184 
27 27 47 47 47 47 76 459 459 
67 281 298 421 
84 84 312 312 312 
314 314 481 
196 196 196 224 
236 432 432 

76 456 
5 5 31 31 41 41 76 151 184 184 184 256 256 273 273 307 314 411 450 450 450 462 490 508 508 
12 12 202 202 
236 267 267 
367 431 431 496 496 
72 72 89 89 90 141 193 244 244 325 326 413 466 466 503 503 
61 61 81 81 81 323 323 
76 76 
228 
413 
182 182 499 499 
118 118 262 262 410 410 
415 415 
184 184 
114 114 357 496 496 496 
401 
62 62 330 330 330 330 
306 

106 

154 154 250 250 271 271 408 408 417 417 442 442 
233 233 233 271 271 
174 222 
458 458 
140 140 
103 103 146 146 
134 
46 46 133 133 139 339 339 395 
413 
63 75 75 75 
152 314 449 449 
334 334 413 413 413 
86 86 86 198 198 
124 124 
487 
81 81 81 82 82 130 130 142 
17 17 
271 
159 227 227 257 257 257 305 
53 225 225 225 
81 81 81 
0 0 0 46 381 
184 184 307 
58 294 294 294 
314 317 
41 492 492 492 
5 50 
247 247 247 271 271 368 
39 159 219 219 274 405 405 405 

6 92 92 92 182 182 
39 206 206 239 402 402 402 
37 
175 175 
26 26 26 87 87 150 158 158 248 248 271 271 293 294 294 306 339 374 374 437 437 437 
184 258 
262 292 364 364 
354 
271 
35 35 35 45 45 74 74 76 76 77 92 92 92 119 119 119 128 128 161 168 168 168 174 174 175 182 187 193 196 220 222 222 222 243 251 251 286 314 318 318 332 332 332 334 335 335 358 362 382 385 385 385 439 439 439 448 448 455 455 494 494 494 500 

37 57 57 57 116 116 177 177 177 184 184 201 230 230 236 236 236 269 277 283 303 303 303 338 365 365 432 432 
65 65 
250 250 250 374 374 
80 80 80 95 95 314 

98 441 441 441 
281 347 
196 196 
76 
243 243 243 
103 103 103 296 296 296 
184 260 291 
271 271 271 282 282 339 
20 20 20 159 
314 314 
62 
279 279 279 279 357 357 496 496 496 
236 236 351 351 415 415 460 460 460 
159 159 

449 449 
497 
408 408 408 
236 
45 45 45 161 413 413 413 
76 76 
1 5 5 5 98 98 225 225 420 420 420 
218 218 271 374 374 468 468 
255 255 255 
15 15 59 182 316 
41 
56 191 
344 344 344 
128 128 413 413 
280 280 314 314 384 384 435 435 467 
41 41 156 354 354 354 462 462 
184 
25 25 339 464 
271 271 
4 4 124 124 131 131 131 219 232 232 
17 17 17 314 413 413 
76 76 184 353 491 
41 41 
225 377 377 
346 346 
211 432 432 432 
22 497 497 497 
307 354 450 450 
63 63 
301 339 452 
184 307 
72 89 141 358 358 
215 308 308 314 314 449 
123 442 442 

339 
101 170 170 195 195 267 267 
273 273 273 475 
126 
29 56 56 487 487 
273 472 
10 10 100 240 496 
39 39 39 159 159 159 188 227 227 227 
76 207 207 242 
193 193 193 
127 290 290 
314 314 349 
305 305 305 
30 30 222 222 
116 184 
39 302 302 302 
31 120 120 315 315 336 336 336 489 489 
56 56 235 235 236 388 474 474 

31 120 120 486 486 
184 184 354 
126 185 456 
399 399 399 
102 
243 413 413 413 
81 
100 100 197 240 240 265 357 357 367 367 367 431 431 431 476 
22 22 436 461 461 461 
160 160 
182 363 363 
193 193 413 
54 76 
134 134 134 271 271 271 271 271 
234 234 325 358 358 
5 5 88 
233 233 233 238 238 238 

104 
5 5 354 354 
76 76 
188 
159 
