Nodes: 512, Edges: 1199
46 46 46 395 395 
225 225 225 225 441 
91 111 183 183 189 189 189 
271 271 493 
454 
18 18 34 48 48 50 50 88 88 184 198 198 198 225 225 225 255 273 273 273 354 354 354 400 400 441 441 475 504 504 
404 404 404 

196 196 196 224 224 313 313 350 350 
271 
476 

184 
76 
117 184 
182 182 327 444 
184 184 
390 390 455 
5 5 
104 104 
428 428 
31 31 
108 108 108 108 331 414 461 497 497 
290 
76 76 
452 452 
158 158 158 408 408 
76 76 346 346 346 
63 111 178 178 183 183 189 
474 
180 180 222 483 483 
21 21 172 172 184 315 315 315 354 354 
184 
67 67 192 192 192 
5 
210 210 210 222 309 413 413 

324 324 324 415 415 
89 89 89 358 
62 62 159 159 166 166 219 219 219 231 241 267 330 330 402 405 405 485 
236 236 
85 85 85 99 137 151 156 160 184 184 184 324 354 399 450 450 
321 323 
193 193 

76 413 413 413 439 439 
0 0 0 64 64 301 301 339 339 381 
346 
5 5 
236 236 236 
5 5 400 400 
490 
184 345 345 
225 
76 299 299 501 
195 236 236 
104 191 191 236 236 236 446 446 474 474 487 487 487 
415 415 415 
294 397 397 
444 444 
104 236 236 
359 359 359 
39 39 241 241 241 330 330 369 369 430 430 430 
28 463 463 
46 46 381 
193 193 193 416 416 416 
141 141 
33 33 281 347 
169 169 287 296 296 371 
236 236 344 344 
184 184 258 258 
330 330 330 
325 325 358 358 358 466 466 
94 94 
413 413 413 
383 383 463 
13 24 24 27 27 45 54 107 107 184 184 184 186 186 186 196 196 196 199 199 207 207 208 228 228 229 242 242 245 299 314 314 322 322 322 328 346 346 346 353 360 360 361 361 413 413 423 440 440 440 456 509 509 509 
119 119 119 

107 236 236 
314 418 418 
82 82 82 113 113 184 184 261 329 329 329 359 389 394 394 495 
81 81 81 121 121 142 142 389 
236 236 237 237 
85 312 348 348 348 
41 41 41 84 312 312 312 
198 198 508 508 

5 5 504 
38 38 38 128 358 466 
358 358 
2 189 
182 413 
236 236 
73 73 315 315 

317 
171 171 290 290 
420 441 441 
41 450 
476 476 496 
140 140 195 195 471 471 
117 136 216 493 
379 425 425 
19 19 56 60 236 237 237 237 507 507 
106 184 184 190 
105 190 190 372 
76 76 79 
22 22 22 22 115 414 
199 199 
176 176 176 247 247 401 
2 28 182 
184 184 
81 81 
181 181 181 181 367 
108 389 
184 184 415 
14 102 125 125 135 136 136 184 236 
364 
77 77 77 122 222 222 413 413 
486 489 
82 82 143 143 
119 222 222 
468 468 
387 387 387 454 454 
117 117 136 
185 185 473 491 491 
480 480 480 
89 413 448 448 448 
236 236 415 
389 389 
240 240 454 454 
168 168 
381 
380 380 502 502 
117 
102 117 117 125 
41 184 184 184 
164 236 236 236 

101 101 320 320 378 
66 66 358 358 413 413 466 466 466 
82 82 389 
121 121 217 217 217 
282 282 
339 339 
379 379 
236 
191 304 304 304 
250 250 
248 306 306 306 408 408 
41 354 
292 292 364 364 384 

374 

41 
233 276 276 
26 26 26 194 194 194 271 
39 39 188 188 188 205 205 231 305 305 392 402 428 433 469 469 469 477 510 510 511 
41 272 272 312 312 498 
413 413 439 439 
322 

138 300 
317 317 317 
39 39 477 
220 220 413 413 413 
132 132 413 413 
68 68 233 233 296 296 296 
471 
97 97 290 290 290 
31 31 
344 344 344 
222 335 376 376 413 
407 407 413 413 
110 110 110 247 
269 283 283 300 415 415 415 
28 28 183 183 
287 287 287 
30 30 222 222 
114 114 114 114 
15 15 92 111 220 340 363 363 404 444 499 499 
2 2 28 28 178 178 
5 12 14 16 16 31 32 41 41 41 52 70 70 76 76 76 81 81 105 105 112 112 116 116 117 137 137 137 213 221 221 221 236 236 236 246 258 258 258 267 267 267 279 279 284 289 289 292 292 307 324 324 338 338 345 345 354 354 354 355 355 366 366 366 396 409 415 415 415 426 451 451 465 465 465 484 484 488 488 490 
126 126 491 
76 76 76 245 245 440 
413 
159 159 159 510 
2 2 2 28 91 
105 106 106 372 
56 56 148 236 267 285 304 304 446 446 446 
33 33 33 236 281 281 
43 43 65 65 65 286 286 358 362 413 479 479 500 500 
158 158 158 
55 101 101 236 236 471 471 471 
8 8 8 76 76 76 200 290 350 350 350 373 422 422 
496 496 496 
5 5 5 86 86 386 386 
76 76 109 109 207 
196 
236 236 415 415 
355 355 
271 
267 267 267 268 268 
159 159 
405 405 
76 76 199 337 478 478 
76 
328 
35 35 35 
460 460 460 
233 233 310 
184 
215 215 314 
214 214 314 314 467 467 
102 
143 143 143 
271 442 442 442 
39 39 39 232 274 402 454 454 
167 167 182 413 413 413 
184 184 184 
30 35 119 119 122 122 174 180 180 314 314 341 341 376 376 376 413 483 483 
329 329 
8 8 313 
1 1 1 1 5 5 5 53 259 259 377 377 393 393 419 419 441 441 458 
292 
305 305 343 477 
76 76 245 
76 295 295 509 
236 275 303 303 415 
39 159 
219 454 454 
157 169 169 212 212 238 238 271 271 296 310 374 374 505 505 505 
503 
487 487 
40 40 49 49 49 55 55 56 56 56 60 60 69 69 79 79 83 83 93 93 104 117 129 129 138 138 138 147 184 184 184 191 192 195 195 201 201 230 237 237 267 267 267 283 283 344 344 351 351 356 415 415 415 432 432 432 438 438 460 487 487 
83 83 104 104 104 236 236 
233 233 505 505 505 
342 405 405 
131 131 496 496 
39 62 62 62 
76 76 478 
413 413 424 424 424 494 
325 358 358 
76 186 186 228 
184 
110 110 176 288 288 401 401 
150 408 

149 149 417 417 417 442 
286 286 413 

330 330 
277 277 277 283 415 415 
5 443 443 
273 354 
392 392 
70 70 184 184 184 409 409 
225 225 
426 
81 329 329 
364 410 410 
315 315 
334 334 334 
496 
271 271 
39 184 184 184 191 204 204 204 236 236 236 268 268 268 356 471 
204 204 267 267 267 
177 415 

3 3 9 158 203 218 233 233 266 266 282 282 287 297 297 327 339 339 339 374 375 391 391 391 401 401 408 408 412 412 427 427 442 442 502 
160 160 
5 5 5 256 354 354 354 472 472 475 
219 402 
230 
157 157 
254 254 254 415 

184 184 431 431 431 431 
308 308 449 
67 192 192 347 347 347 421 421 
144 144 271 271 427 
177 177 236 236 254 303 344 344 344 344 415 415 415 
184 
191 
193 193 251 251 413 
68 179 179 179 271 
247 247 
184 184 
23 97 97 171 171 171 196 480 
426 426 
152 152 184 184 226 364 364 364 410 
408 
58 397 399 
229 229 
68 68 169 169 169 233 425 425 
271 271 408 408 
347 
54 54 76 413 413 
164 177 
46 46 464 
485 
230 230 283 
148 148 148 191 191 
159 159 227 227 392 
150 150 150 370 370 370 408 408 
184 354 354 396 465 
280 280 467 
35 
212 233 

84 85 85 85 160 160 348 348 348 
8 8 224 
76 76 80 214 215 215 222 222 317 319 349 349 349 384 398 398 413 418 418 429 429 434 449 455 467 481 481 
31 31 31 94 94 263 263 486 
444 444 
96 165 165 165 314 398 413 413 
413 
314 
140 140 
42 323 323 
76 76 76 162 
42 321 321 359 359 
37 37 37 41 184 184 
72 72 244 503 
358 358 
15 271 
76 209 
81 81 81 223 223 261 261 
39 39 62 62 71 71 71 253 253 369 369 428 
22 
407 413 

264 264 264 385 385 413 413 
174 413 413 
486 486 486 
207 
184 184 
46 46 145 145 271 271 271 381 381 408 408 427 452 452 464 470 
182 
222 222 
239 
227 
69 69 173 173 173 236 236 283 283 283 283 447 447 447 
52 52 184 184 
27 27 27 47 76 76 76 459 
67 281 281 281 298 421 506 506 506 
84 84 84 312 312 312 
314 314 314 
8 8 196 196 196 
236 236 432 
402 402 402 
76 456 
5 5 5 31 31 41 151 184 184 184 256 273 273 273 307 307 411 411 490 490 502 502 508 508 
184 184 202 202 
236 267 
496 
38 72 72 72 89 90 90 141 141 193 244 244 326 326 413 413 466 466 466 503 503 
61 61 61 81 323 323 
76 76 
76 76 
193 413 
182 182 499 499 
118 152 152 262 292 292 292 410 410 
415 
184 184 184 
114 496 
401 
62 62 330 330 
306 306 306 
68 
106 190 
196 
154 233 233 271 408 417 417 417 442 442 
271 
174 174 222 222 222 
225 225 
140 
103 146 146 
134 134 
46 64 133 339 339 395 395 408 408 
413 413 
75 75 415 415 463 
152 314 449 
334 334 413 413 413 
198 198 
124 124 124 

81 82 115 130 130 142 497 
17 17 
271 271 271 
159 257 257 305 
225 225 
81 81 495 495 
0 0 381 381 
184 307 
58 58 294 
314 314 317 
41 294 492 492 
5 5 50 50 
110 247 247 271 271 368 
39 159 219 274 352 352 352 405 405 405 
427 
6 6 6 182 
39 39 206 206 239 239 402 402 402 

175 175 332 413 
26 26 150 150 248 271 271 293 297 297 306 306 339 339 374 381 381 412 412 437 437 470 
184 258 258 
262 262 292 364 364 
354 354 
271 271 408 408 
35 35 45 45 45 74 74 74 76 76 92 119 119 128 141 141 161 161 167 167 167 168 168 174 175 175 187 193 220 220 220 222 243 243 251 286 299 299 314 317 317 318 332 334 334 335 335 358 358 362 382 382 385 385 385 407 439 448 455 455 494 494 500 
22 108 
37 37 57 57 57 116 129 177 177 177 184 184 184 201 201 230 236 236 236 254 254 269 277 283 283 283 365 383 383 432 463 
65 65 65 
250 250 250 374 374 374 
80 80 314 314 
225 225 
98 441 441 441 
281 281 347 
196 196 
76 
243 243 243 
103 103 296 296 
184 260 291 291 
271 271 282 339 403 
20 20 159 330 
314 314 
62 62 62 
279 279 279 279 496 
236 236 236 351 415 460 460 460 
159 
314 
449 
497 
408 408 
236 236 
45 45 161 161 413 
76 76 76 186 
1 5 5 98 98 225 225 420 420 420 
218 218 218 250 271 271 374 374 468 468 
255 255 
15 59 59 182 316 316 

56 56 191 191 191 
344 344 344 
128 128 128 413 
280 314 384 435 467 467 
41 41 99 462 462 
184 184 
25 25 339 339 

4 124 124 131 131 219 219 232 232 
17 314 413 413 
76 353 491 491 491 

225 
346 
211 211 211 236 432 432 432 
22 497 497 497 
450 450 
63 63 75 383 415 
301 339 
184 184 184 307 
72 72 89 141 141 141 358 358 358 
215 215 308 314 449 449 
123 123 442 442 
159 159 159 
339 408 
101 101 170 195 195 195 267 
273 273 475 
126 
29 56 56 487 487 487 
5 273 472 
10 100 100 496 
159 166 227 
207 207 242 
193 193 
127 127 127 290 
314 314 

30 30 222 222 
184 184 
39 302 
120 315 336 336 336 489 
56 56 56 235 235 236 236 474 474 474 
184 184 
120 486 
51 184 354 354 
126 126 185 456 456 456 
399 399 
3 102 
243 413 413 
81 394 394 
100 197 197 197 240 240 265 357 367 431 476 
22 22 389 436 461 461 461 
160 
182 182 363 363 
193 193 413 
54 
134 134 271 354 354 
234 325 358 358 
5 5 88 
233 233 233 238 238 238 
347 347 347 
104 104 
86 86 354 354 
76 76 76 229 
159 159 188 
159 
