Nodes: 512, Edges: 1199
46 46 46 46 46 64 395 395 395 395 
225 225 225 225 441 
111 183 189 189 
271 271 271 
454 454 
18 18 34 34 48 48 50 50 88 88 184 198 225 225 255 255 354 354 354 400 441 475 504 504 508 508 
404 
233 271 
196 196 224 224 313 313 350 350 350 
271 

264 
184 202 202 202 355 355 
76 
117 117 135 184 
327 327 
184 184 184 
390 455 
5 5 277 277 
104 104 
428 428 
31 
108 108 108 108 115 331 331 414 414 414 461 461 461 497 497 
171 171 290 
76 
452 452 452 
158 158 408 408 408 
76 76 346 
63 63 111 178 178 183 183 

180 180 180 222 483 
21 172 172 184 184 315 489 
184 
67 192 192 
5 5 
210 210 222 309 
106 106 
324 324 324 406 415 
358 
62 159 159 163 166 166 166 219 219 231 241 241 267 302 302 330 330 402 402 405 405 405 477 485 
192 192 
85 137 151 160 160 184 184 184 324 324 354 354 354 399 450 457 
321 321 321 323 
193 193 

413 413 
0 0 0 0 0 64 301 301 339 381 381 381 
346 346 346 
5 5 
236 236 
5 5 400 400 
490 
184 345 345 
225 393 
76 76 299 501 
195 195 236 
104 191 191 236 304 446 446 474 474 474 487 487 

294 294 397 397 

104 236 
81 81 359 
39 241 330 330 369 369 430 430 
28 28 383 383 463 463 463 
0 46 381 
193 193 416 416 
141 141 141 
33 192 192 281 281 347 
169 169 287 287 296 296 371 
236 236 252 344 
184 184 246 258 
330 330 330 
325 325 325 358 358 
94 94 315 315 315 

383 383 383 463 
13 24 27 27 54 54 78 107 109 109 184 184 186 196 199 199 207 208 228 229 229 242 245 245 245 299 299 314 322 328 346 346 354 354 354 360 361 413 423 423 440 440 456 478 501 509 
119 119 119 196 413 413 
76 

314 418 
61 61 82 82 113 184 261 261 289 289 389 389 394 394 495 
81 81 121 121 142 143 143 143 329 329 
236 236 236 237 
312 312 348 
41 312 312 312 
198 508 508 
306 408 
5 5 504 504 
128 358 466 466 
358 358 358 

182 182 404 404 404 413 
236 236 236 
73 73 315 
418 418 418 

171 171 290 290 
441 
256 
476 476 496 496 
140 471 471 
117 117 216 216 
146 425 425 
19 19 56 60 138 138 236 237 237 237 
106 106 106 184 184 190 190 
36 36 105 105 105 190 190 372 
76 
22 22 22 22 414 
76 76 199 199 199 
176 176 247 247 401 
2 28 182 
184 
81 
181 181 181 367 
22 
184 184 415 484 
14 14 102 102 125 125 135 136 136 184 184 236 236 

77 77 77 122 122 222 222 222 413 413 
489 489 
82 82 143 143 
119 119 222 
468 
387 387 454 
117 117 136 136 
185 185 473 491 
480 480 480 
89 413 448 
236 415 415 
389 
240 454 
168 168 168 
381 
380 380 502 502 502 502 
14 117 
117 117 125 125 
41 184 184 
104 104 164 236 236 
381 381 381 
101 320 378 
66 66 66 358 413 413 466 466 
82 389 
82 82 82 121 121 217 217 
282 282 
339 
103 
173 236 236 236 
191 304 

248 306 306 306 408 
41 354 354 
292 364 364 384 
325 325 
374 

450 
233 276 276 
26 26 194 194 271 408 408 
39 39 188 188 188 205 205 227 231 305 305 330 330 402 402 402 428 428 433 469 469 510 510 511 511 511 
41 41 272 312 312 498 

322 
39 
138 300 300 
317 329 329 
39 39 39 477 
220 220 
132 132 132 413 413 
68 68 
471 
23 23 97 97 290 
31 31 
147 344 344 
222 335 335 376 376 376 413 413 413 
407 407 413 
110 110 247 
269 283 283 415 415 415 
28 28 
287 287 287 
30 30 30 222 
114 114 114 
92 92 111 220 340 340 404 404 413 413 413 444 444 444 499 499 
2 28 28 
5 12 14 16 16 16 31 31 32 41 41 41 52 70 70 76 76 81 105 105 112 116 116 117 117 137 137 199 213 221 221 236 236 246 246 258 258 267 267 267 279 279 284 284 289 291 292 307 315 315 324 324 324 338 338 345 345 354 354 354 355 355 366 366 396 409 415 415 426 426 451 465 465 484 488 488 490 
126 126 491 
76 245 440 440 
413 
159 159 159 477 477 510 
2 2 404 
105 105 106 106 372 372 
56 56 148 236 236 285 285 304 446 446 
33 33 40 40 67 67 236 236 281 281 
43 43 65 65 286 286 358 358 358 362 362 413 413 479 479 500 
158 158 
55 55 267 471 471 
8 8 76 77 200 200 290 290 350 350 422 
496 
5 86 386 386 386 
76 76 109 109 109 184 207 207 
196 196 
236 415 
12 12 12 355 355 
271 
267 
159 159 
405 
76 199 199 478 478 
76 
328 
35 35 
460 460 
310 310 
184 
215 215 215 314 314 314 
214 214 214 314 314 314 467 
102 102 
143 143 
271 442 442 442 
39 39 232 232 274 402 402 454 454 
167 167 182 413 413 
184 184 
30 35 119 119 119 122 174 180 268 314 314 314 341 376 413 483 483 483 
329 329 
8 8 350 350 
1 1 1 1 5 5 53 259 259 377 393 393 393 419 419 419 441 458 

159 305 305 343 392 477 477 
76 245 361 
76 76 295 295 
236 236 236 275 275 275 303 303 415 415 
39 159 
219 219 454 454 454 
7 157 271 271 296 296 310 310 310 374 374 505 505 
503 503 503 
487 487 
49 49 55 56 60 69 69 83 83 83 93 93 93 104 117 117 129 138 138 147 147 147 184 184 191 191 192 192 201 230 230 230 237 237 237 267 267 278 278 278 283 283 344 344 351 351 351 356 415 415 415 432 432 432 438 460 487 
83 104 104 104 236 236 236 
505 
342 405 405 
131 476 496 496 
39 39 62 
76 478 
311 311 311 413 413 424 424 494 494 
325 325 358 
76 76 76 186 228 
70 184 184 
110 110 176 288 401 
150 408 

374 374 374 417 417 442 
286 286 286 413 413 413 
69 
330 330 
277 277 277 
5 5 443 443 443 
99 273 354 354 391 
392 392 392 392 
70 184 184 409 409 
225 225 

81 81 329 
410 

11 334 
496 
271 271 
39 184 184 184 195 204 236 236 268 356 471 471 471 
222 267 
177 415 
286 
3 3 3 7 9 158 203 218 233 233 266 266 282 287 297 297 327 339 339 354 354 374 374 374 375 391 401 401 408 408 412 427 427 427 442 442 453 453 502 502 502 
160 
256 354 354 354 472 472 
219 402 
230 230 230 
157 157 
18 18 254 254 254 415 
236 236 236 
184 184 431 431 431 431 
308 308 449 
67 67 192 192 298 347 347 421 421 
144 144 271 427 427 427 
177 177 236 236 303 303 303 303 344 344 344 415 
184 184 
191 191 
193 193 251 251 251 270 413 413 
68 68 179 179 179 271 
247 
81 81 184 
23 97 97 171 196 196 
184 426 
152 184 410 410 410 

58 58 397 397 408 
229 229 
68 68 233 233 425 
271 271 408 
281 347 
54 76 76 413 
164 164 
46 46 464 
39 39 485 485 
230 230 283 283 283 283 415 415 415 
56 148 191 
159 159 227 227 482 
87 150 150 150 370 370 370 408 408 
184 354 396 396 462 465 465 
280 280 467 467 
35 
212 212 233 233 233 
243 243 243 
84 84 85 85 85 160 160 348 348 348 
8 8 
76 80 214 214 214 215 215 215 222 222 222 317 317 349 349 413 413 418 418 418 429 449 467 467 481 
31 73 73 73 94 184 184 486 486 
444 444 444 
165 314 314 413 
413 413 
354 
140 
42 42 42 323 
76 162 
42 321 359 359 359 
37 37 37 41 41 184 184 184 
72 72 72 153 153 244 244 358 358 503 503 
358 358 
15 15 271 
76 209 
82 82 165 165 223 223 261 
39 39 62 62 71 71 71 159 159 253 253 369 428 428 428 
22 22 
407 413 
413 413 
264 385 385 385 413 
174 174 413 413 
486 486 

184 184 
46 145 271 271 381 381 427 427 452 452 452 464 470 470 470 
182 182 
222 
239 
227 
69 173 173 236 236 283 283 283 447 447 
52 52 184 184 
27 47 47 47 76 76 459 459 
67 281 281 298 421 506 506 
84 312 312 312 
314 314 481 481 
8 8 8 196 196 224 224 
236 236 236 432 
402 
456 
5 5 5 41 41 41 76 76 76 151 151 184 184 184 256 256 271 271 273 273 273 307 319 411 411 450 450 462 490 490 502 502 502 508 508 
12 12 184 184 202 202 
236 267 
431 431 496 496 
38 72 72 89 90 90 90 141 193 193 193 244 325 325 326 326 413 413 466 503 503 503 
61 323 323 323 
76 
76 228 
193 193 413 
499 499 499 
152 152 410 

184 184 
114 496 496 
401 401 401 
62 62 330 
306 306 306 
68 
106 190 190 

154 233 233 250 250 250 271 271 271 417 417 442 442 
271 
174 174 174 222 
225 
140 

134 134 
46 46 46 64 133 139 139 139 339 339 408 408 408 
413 
63 63 75 75 75 415 415 463 
152 449 
334 334 334 
198 198 198 
124 124 

81 81 130 142 497 497 
17 
256 271 
227 257 257 257 257 
53 225 225 225 
81 81 495 495 
0 0 0 0 
184 307 307 
58 58 294 294 

41 492 492 
5 50 50 
110 247 271 271 368 368 368 
39 39 159 159 159 219 219 274 352 405 
427 
6 92 92 92 182 182 189 
39 39 39 206 239 239 402 
37 
175 175 332 
26 26 26 87 150 158 158 248 271 271 294 297 306 306 381 381 381 412 412 412 437 437 470 
184 258 258 
262 292 292 292 364 
354 354 
271 408 408 408 
45 45 76 77 77 92 119 119 128 141 141 168 168 174 174 174 175 182 182 182 187 193 193 220 220 222 243 243 251 251 251 286 286 299 314 314 317 318 318 332 333 333 334 335 335 358 358 362 382 439 448 448 448 494 494 494 500 500 
22 22 22 108 
37 116 129 129 177 177 177 184 184 201 230 230 236 236 236 269 277 283 303 303 303 383 383 432 463 
65 65 
250 250 374 374 
80 95 95 95 314 314 314 
225 225 225 
441 
281 281 347 
196 
76 76 
243 243 
103 103 296 
184 184 291 
271 271 271 282 282 282 339 339 403 
20 20 159 159 330 330 330 
314 
62 62 
279 279 279 279 357 357 496 496 
236 236 236 351 415 
159 

449 449 
497 
408 408 
236 
413 
76 76 186 186 
1 5 98 225 420 
218 218 218 250 271 271 374 374 468 
255 255 255 
182 182 182 316 316 316 

56 56 191 191 
344 344 
128 413 413 413 
280 314 384 435 435 467 467 
41 156 354 354 462 462 
184 
25 25 25 339 339 339 464 
271 271 
4 4 124 131 219 219 232 232 232 
17 
76 353 491 491 491 
41 
225 
346 346 
211 211 236 
22 22 22 497 
307 354 450 450 
63 63 63 75 383 415 
301 339 452 
184 184 307 307 
89 89 141 141 358 
215 308 308 314 314 449 449 
123 442 
159 159 
339 339 339 408 
101 101 170 195 195 267 267 267 
273 273 475 
126 
56 56 56 487 
5 472 
100 100 240 496 
39 166 188 188 227 227 
76 207 207 242 
193 193 
127 127 127 
314 349 349 
305 
30 222 222 222 
116 184 
39 302 302 
315 315 336 336 489 489 
56 56 235 235 236 474 
184 184 
31 120 120 486 486 
51 184 354 354 
126 185 456 456 456 
399 399 

243 243 413 413 413 
81 394 394 
100 100 197 240 240 265 357 357 367 367 431 431 476 
22 22 389 389 436 461 
160 
182 182 363 363 363 
193 413 413 
54 76 
134 134 134 134 271 271 271 354 354 354 
234 234 234 325 325 358 358 358 
5 5 88 88 
233 233 238 
347 347 

5 5 86 86 354 354 
76 
159 159 188 
159 159 159 
