Nodes: 512, Edges: 1199
46 46 46 64 395 
225 225 225 225 441 441 
91 111 111 183 189 
271 493 493 
454 454 454 
18 18 34 48 48 48 50 50 88 88 184 184 198 225 273 273 279 354 354 354 400 400 441 441 475 504 504 508 508 508 
404 404 404 
233 271 271 
196 224 224 224 313 350 350 
271 271 
476 476 
264 264 
202 355 355 
76 
117 117 184 184 
182 182 444 444 

390 455 455 
5 5 277 277 
104 104 104 
428 
31 31 31 
108 115 414 461 497 497 
171 171 290 

452 452 452 452 
158 408 
76 346 346 346 
63 63 63 178 178 183 
474 
180 180 222 222 483 
21 21 21 172 172 172 184 315 315 354 486 489 
184 
67 67 67 192 
5 
210 210 222 309 413 
106 
324 324 324 324 406 406 
89 
62 159 159 163 163 166 219 219 231 241 267 302 302 302 330 330 402 477 485 
192 192 192 236 236 249 
44 85 151 151 156 160 160 160 184 184 184 324 324 354 354 354 399 399 445 450 450 457 457 
321 323 

41 
439 439 
0 0 0 64 301 301 301 339 381 381 381 395 
346 
5 5 5 
236 236 
5 5 400 
490 490 
184 184 345 345 
225 393 
76 299 501 501 
195 236 236 236 
104 191 191 236 236 446 487 
415 415 
294 294 397 397 
444 
104 104 236 236 
81 81 359 359 
39 241 241 330 369 430 430 430 
28 28 28 463 
0 46 381 381 381 
193 193 193 416 416 
141 141 141 
33 33 33 192 192 192 281 281 347 347 
169 287 287 287 287 371 371 
236 236 252 344 344 
184 258 258 
330 
325 325 358 358 466 
94 94 315 315 
413 413 
383 463 
13 27 54 78 109 109 162 186 196 196 207 207 208 208 228 229 229 245 292 299 299 322 322 322 328 328 328 346 353 353 360 360 361 413 423 423 423 440 440 440 456 478 478 509 509 509 
119 119 119 196 413 
76 
107 236 236 236 
314 314 418 
61 61 82 113 113 184 184 184 261 261 261 289 329 329 329 389 389 394 495 495 
81 121 142 143 329 389 
236 237 
85 85 312 312 348 
41 84 84 160 160 
198 386 508 508 
306 306 408 408 408 
5 5 504 
38 128 128 358 358 466 466 466 
358 
2 189 
182 404 404 
236 236 236 
73 73 315 
418 418 
317 
171 290 290 290 
441 
256 
197 197 476 496 496 
140 195 471 
117 117 136 136 136 216 216 216 
146 146 379 425 
19 19 19 56 60 60 138 236 237 237 507 507 
106 106 106 184 190 190 
36 105 105 105 190 190 372 372 
79 
22 336 414 
76 76 199 207 
176 247 247 401 
2 2 182 182 
184 184 
81 81 
367 
22 
184 184 415 415 415 
14 14 102 102 125 125 135 136 184 184 236 
364 
77 77 77 222 
486 486 486 489 
82 143 
222 222 222 
468 468 
387 454 
117 117 136 136 
185 473 491 
480 480 
89 89 413 413 448 
236 
389 389 
240 240 240 454 
168 168 168 
381 
502 502 502 
117 
102 102 102 117 125 125 
184 184 
104 164 236 
381 
101 320 
66 66 66 466 466 
82 389 
82 121 217 217 
282 282 
339 
103 103 379 379 
173 236 
191 191 304 
250 
248 306 306 306 306 
41 41 354 
292 384 384 384 
325 325 325 
374 374 
413 
41 450 
233 233 
26 194 194 271 408 408 408 
39 39 188 188 188 205 205 205 227 227 231 305 330 392 402 428 428 433 433 477 477 477 510 510 511 511 511 
41 41 41 85 85 272 312 498 498 
413 
76 
39 39 
138 300 300 
317 317 317 
39 477 
220 413 413 413 
132 132 132 413 413 
68 233 296 296 296 
471 471 471 
23 23 97 
31 31 31 
147 344 
222 222 335 335 376 376 413 
407 407 413 413 413 
110 247 
269 283 283 300 415 
28 28 
287 287 287 287 
30 30 222 

15 15 92 111 111 220 220 340 340 363 404 404 413 444 499 
2 28 
5 5 14 14 31 32 41 41 41 52 52 70 81 81 81 105 112 112 116 116 117 117 137 137 213 221 236 236 236 246 246 258 267 267 267 279 279 284 284 289 289 291 291 292 307 315 315 324 324 338 338 338 345 345 345 354 354 355 366 396 409 415 415 451 484 488 490 490 
126 491 
76 245 440 
413 413 
159 159 159 510 
2 91 404 
105 105 106 106 372 372 
56 56 148 148 236 236 236 267 268 268 304 304 446 
33 40 40 40 67 67 67 236 236 236 281 
65 65 65 286 286 286 358 358 362 413 413 479 479 479 
158 158 
55 101 236 267 267 471 
8 76 76 77 200 290 290 290 350 350 373 373 413 413 
100 100 496 496 
5 86 386 386 386 
109 207 
196 
236 236 236 415 415 
12 355 355 
271 

159 159 159 
405 405 
76 76 109 199 337 478 
76 76 
328 328 328 
35 35 
460 
233 233 310 
184 
215 215 314 314 
214 214 314 314 314 467 
102 102 102 
143 143 
271 442 442 442 442 
39 39 232 274 274 402 402 402 
167 182 182 413 413 413 
184 
30 30 35 119 122 122 122 174 174 180 314 314 341 341 376 376 413 413 483 
329 
8 8 8 313 350 
1 1 1 1 5 53 259 259 377 419 419 419 441 458 
292 
159 159 305 343 343 477 
76 245 245 245 
76 76 295 295 295 509 509 
236 275 275 415 
39 159 
219 454 454 
7 157 157 169 212 212 238 271 271 271 296 296 310 310 375 375 505 
503 
487 487 
40 40 49 49 55 55 55 56 56 60 60 69 69 79 79 79 83 93 93 93 104 117 129 138 147 184 184 184 191 191 191 192 192 192 195 201 201 201 230 237 237 267 267 275 275 275 278 278 278 283 283 344 344 351 351 356 356 415 415 432 432 438 460 460 460 487 
83 104 104 236 236 
233 505 505 
342 342 342 405 
131 131 131 476 476 496 496 
39 62 62 
478 
311 311 311 413 413 424 424 494 494 
325 325 358 
76 186 228 228 228 
184 184 
110 110 176 288 288 401 
150 293 408 408 
40 
149 374 417 417 417 
413 413 
69 
330 
277 277 277 415 
443 443 
99 354 391 
392 392 392 
70 70 184 409 
225 225 
426 
81 81 81 
364 

11 11 
496 
271 271 
39 184 184 184 191 195 195 236 236 356 356 471 471 
191 191 
177 415 415 

3 7 7 9 9 158 203 218 233 233 233 266 266 282 282 287 287 297 297 327 339 339 354 374 374 374 391 391 391 401 401 401 408 408 408 427 442 442 453 453 453 502 502 502 
160 
5 5 354 472 472 472 475 
219 219 
230 230 236 236 236 

18 18 254 254 254 415 
236 236 236 
5 184 184 431 431 431 
308 449 467 
67 67 192 298 298 347 347 347 421 421 
144 144 271 271 427 
177 177 236 236 303 303 303 303 344 344 344 344 415 
184 184 

193 193 193 
68 68 68 68 179 179 179 179 271 271 
247 247 
81 184 184 
23 97 97 97 196 196 196 480 480 480 
184 184 426 
76 152 184 226 364 364 410 410 
248 
58 58 408 
229 229 229 
169 169 169 233 233 425 425 
271 271 408 408 
281 281 347 
54 76 76 
164 164 177 
46 46 46 464 
39 39 39 485 485 485 
283 283 283 283 415 
148 191 191 
159 227 392 482 
87 87 150 150 150 150 370 370 408 408 408 
184 354 354 396 465 
280 467 
35 
212 233 233 
243 243 243 
84 84 160 348 348 
8 224 
80 80 214 214 215 215 215 222 222 317 413 418 429 429 434 449 455 455 467 467 481 
31 31 73 73 94 184 184 336 336 336 486 
444 
96 165 165 165 314 398 
413 413 
354 
140 
42 323 
76 76 76 
42 321 359 359 
37 37 37 37 41 41 184 184 
72 72 153 153 153 244 244 358 503 503 503 
358 
271 
76 76 76 209 209 209 
81 81 81 82 223 
39 39 62 71 159 253 369 369 369 428 428 428 

407 407 413 413 

385 385 413 
174 174 
108 315 315 315 486 
207 
184 184 184 415 415 
46 145 271 271 381 408 408 408 427 427 452 452 464 470 470 470 
182 182 
222 222 
239 239 239 
227 227 
69 69 173 236 236 283 283 283 283 447 447 
52 52 184 184 184 
27 27 27 47 76 459 459 459 
67 67 281 281 281 298 421 421 
84 312 312 
481 481 
8 8 196 196 224 
236 236 432 432 

76 76 456 
5 5 5 31 41 41 41 151 184 184 256 271 273 307 307 319 411 411 411 450 450 462 462 490 490 490 502 502 508 508 
12 12 184 202 202 
236 236 267 267 
367 431 431 496 496 
72 72 89 89 90 193 193 244 325 326 413 413 503 503 503 503 
61 61 323 323 
76 76 
76 
193 413 
182 499 499 
118 262 292 292 410 410 
415 415 
184 
114 357 496 496 
401 
62 330 330 330 
306 306 
68 68 
106 106 190 190 
196 196 
154 154 250 271 271 271 408 408 408 417 417 442 442 442 
233 233 
174 174 222 222 
225 

103 146 146 

46 46 46 64 64 64 133 139 339 395 395 408 
413 
75 415 415 432 463 463 
152 152 152 
334 334 
86 198 198 198 
124 
487 487 
81 81 82 130 130 142 497 497 
17 
256 271 271 271 
159 257 257 257 305 
53 
81 495 495 495 
0 46 381 381 
184 307 
58 58 
317 
41 41 492 492 
5 5 50 
110 247 271 271 271 368 
39 159 219 219 219 405 405 
427 427 
6 6 6 92 92 182 182 189 
206 206 239 402 402 
37 37 
175 175 332 332 413 413 
26 87 87 87 158 158 158 248 248 271 271 271 294 297 297 306 306 306 339 339 339 374 374 374 381 437 437 
184 258 
292 292 364 364 
354 354 354 

35 74 74 76 77 128 128 155 161 167 167 167 168 168 174 175 175 175 182 187 187 193 193 196 196 220 220 220 222 222 243 243 251 251 314 318 318 332 332 334 358 358 362 382 407 407 439 439 448 455 494 500 
22 108 
57 57 116 116 116 177 184 184 201 201 230 236 236 254 269 269 277 283 303 338 338 365 365 383 383 432 432 463 
65 65 
250 250 250 374 374 
80 95 95 314 
225 225 225 
441 441 441 
281 281 347 347 

76 76 76 
243 243 
103 296 296 
260 291 
271 282 339 339 403 403 
20 159 159 330 330 330 
314 314 
62 62 62 
279 279 279 357 357 496 
236 236 351 351 383 415 415 460 460 460 
159 159 
314 
449 449 

408 408 
236 
45 45 413 413 
76 76 76 186 
1 1 5 5 98 225 420 420 420 
218 218 218 218 271 271 374 374 374 468 
255 255 
15 15 59 182 316 
41 
56 191 
344 344 
128 413 
280 314 435 435 467 467 467 
41 41 156 354 354 462 
184 
25 25 25 25 339 339 
271 271 271 
4 4 4 124 131 232 232 
17 17 314 314 413 
76 353 491 
41 41 
225 
346 346 346 
211 236 236 236 432 432 432 
22 
354 354 450 
63 75 383 383 415 
301 339 
307 
72 89 89 89 141 141 
215 280 308 314 314 449 449 449 
123 123 442 

339 339 339 
101 170 170 170 195 267 267 
273 273 273 475 
126 
29 487 
5 273 472 
10 10 100 240 240 496 496 
39 159 159 159 166 227 
76 76 207 242 
193 193 193 
127 127 290 290 290 
314 349 349 
305 
30 222 
184 
39 302 302 302 
31 120 120 120 315 336 489 
56 235 235 236 388 388 474 
184 
31 120 486 
51 51 184 184 354 354 354 
126 185 456 
399 399 
3 3 
243 243 413 
81 81 394 394 394 
100 100 197 197 240 240 265 357 357 367 367 431 476 476 
22 22 389 389 
160 160 
182 363 363 
413 
54 54 
134 134 134 271 271 271 354 354 
234 325 325 325 358 358 358 358 
5 5 88 
233 238 238 

104 104 
5 5 5 86 86 354 354 
76 76 76 229 229 
159 159 188 
159 159 159 
