Nodes: 512, Edges: 1215
381 381 

28 91 91 111 111 182 183 183 189 
271 271 493 493 
454 454 
34 48 48 48 50 50 88 88 184 255 273 273 279 354 400 441 441 443 458 475 475 508 
404 404 
233 233 271 271 271 327 
196 313 350 350 350 373 
271 271 
476 476 496 
264 264 
184 355 355 
76 
117 117 184 
182 182 316 444 444 
41 184 
390 455 455 
441 
104 104 
330 330 330 330 
31 354 354 354 354 354 
108 108 108 331 331 389 414 414 436 461 
171 171 290 290 
76 

158 408 
76 168 346 
2 178 183 
56 56 
180 180 222 
21 172 184 184 315 354 354 486 486 
184 
192 192 
5 
210 222 222 309 309 309 413 
372 372 372 
406 406 415 415 
358 
62 159 159 163 163 166 219 219 231 231 241 241 267 267 267 302 302 330 330 330 402 402 402 405 405 477 477 477 485 485 485 485 
192 192 236 249 
16 85 85 99 99 99 137 137 156 160 184 324 354 354 354 399 445 450 450 450 
321 323 
193 193 
137 
76 76 413 413 439 
64 339 381 395 395 
76 76 346 
5 5 5 50 50 

5 5 48 48 400 400 
490 
184 184 345 345 345 
225 225 
76 299 501 501 
93 93 195 195 236 236 
29 29 191 191 236 236 236 304 304 487 487 

294 294 397 
444 444 
104 104 236 
81 359 359 
39 241 241 330 330 
383 463 463 
46 381 
193 193 362 416 416 
141 141 
192 281 281 281 347 
169 296 296 371 
236 344 344 
184 184 246 258 258 
330 330 
89 89 89 89 325 325 358 466 466 466 
94 94 94 315 
413 413 
383 383 463 
13 24 27 45 45 47 47 54 107 107 109 109 162 184 184 199 207 207 208 228 229 242 242 314 322 328 346 346 346 353 353 354 354 354 360 360 413 413 422 423 440 456 478 478 509 
196 413 413 

236 236 
314 418 418 
61 82 82 184 184 261 261 289 289 329 329 329 359 359 389 389 394 394 495 
81 81 121 121 143 143 329 329 389 
236 236 236 
85 312 312 348 348 
41 41 84 160 160 160 312 312 348 
198 386 465 465 465 
306 306 370 408 408 408 
5 5 504 
72 72 72 72 358 358 358 
358 358 
2 2 
182 182 404 413 413 
55 55 
73 73 73 315 
418 
314 314 314 
171 290 
420 441 441 
41 41 41 457 462 462 462 
496 496 
140 195 195 378 471 471 471 
117 136 216 216 
146 379 379 379 379 425 425 
19 19 60 60 138 138 138 236 236 236 507 507 507 
184 
149 149 190 372 
76 76 
22 22 22 414 414 
76 76 199 199 
176 176 176 401 401 
2 2 182 182 182 340 340 
184 184 

367 

177 177 177 177 184 184 184 
14 14 102 136 136 184 236 236 
364 
122 122 122 222 222 
486 
82 82 143 143 
119 119 119 314 
468 468 468 
232 232 232 387 387 454 454 
136 136 
185 491 
480 
220 220 220 413 413 448 
415 415 
177 177 
454 
413 413 
145 145 
354 380 380 

102 117 117 125 125 
41 41 44 184 184 184 368 368 
104 104 104 164 164 236 236 237 252 
294 381 381 
101 320 
66 66 358 413 
389 
82 82 121 121 217 217 
282 
133 133 339 
103 
283 344 344 
236 236 236 236 304 
106 106 250 417 
248 248 408 408 408 
354 354 
213 213 213 213 292 292 292 364 364 
325 325 

413 494 494 
41 450 450 450 
276 276 
26 194 194 271 271 271 272 408 408 
39 39 188 188 205 205 219 219 219 227 227 227 231 231 231 330 330 428 428 433 469 477 510 511 511 
41 85 85 85 312 312 312 498 
413 413 
76 322 322 
39 39 
138 138 
329 
39 477 477 
220 
27 413 413 413 
68 371 371 371 371 
471 471 
23 23 97 290 290 
31 
344 344 344 
222 335 362 376 413 413 
407 407 
110 110 110 247 
116 116 116 116 130 130 269 300 
28 183 183 

30 30 222 222 222 483 
367 367 
2 15 15 92 92 111 111 111 220 340 363 404 404 444 444 444 
2 2 28 178 178 
5 12 14 16 31 31 32 41 52 52 70 70 76 76 81 81 105 112 112 116 116 116 117 137 137 137 213 213 221 221 236 236 236 246 258 258 260 260 267 267 279 284 284 284 289 291 291 291 292 307 315 324 324 324 338 345 345 345 354 354 354 355 355 366 396 409 415 415 415 451 456 456 456 465 465 465 484 484 488 490 490 490 
126 473 473 
245 245 245 361 440 440 440 
413 413 
159 159 477 477 
2 
106 372 372 
56 56 236 267 268 285 
33 33 40 40 67 236 236 236 281 281 281 
43 43 65 65 286 286 358 362 413 413 500 
158 158 
55 55 101 101 236 236 267 267 471 
8 77 200 200 350 413 
496 496 496 
86 386 386 
76 109 109 207 207 337 337 337 
196 196 
236 236 236 
355 355 355 
271 
267 267 268 268 
159 159 
274 274 274 
76 76 199 199 478 
76 
328 328 
35 309 309 309 
460 460 460 
233 233 233 
152 152 152 152 184 184 
314 314 
314 
102 102 
143 143 
271 271 271 
39 39 159 159 159 232 274 402 454 454 
128 128 128 167 182 413 
184 184 
30 35 35 119 119 174 180 180 180 314 314 341 341 376 413 413 
329 
276 276 276 276 350 
53 53 259 377 377 393 393 393 419 441 441 458 458 
292 292 292 
159 159 159 305 305 305 392 392 477 482 482 482 
76 245 245 292 
76 509 
236 275 275 303 415 415 
39 39 159 159 159 
124 124 124 219 454 
7 7 212 212 212 238 238 271 271 271 296 310 374 374 374 505 
503 503 
487 
40 55 55 56 56 56 60 69 79 79 83 83 83 104 104 104 117 117 138 138 148 148 148 148 184 184 184 191 192 192 192 195 195 201 201 201 230 267 267 267 275 278 278 344 344 351 351 356 356 415 415 415 415 432 432 438 460 460 487 
138 
233 233 367 
268 405 
357 476 476 496 
39 39 62 62 
76 76 423 
311 
325 358 
186 186 186 228 228 
70 184 
176 288 401 
150 150 408 
40 
149 401 401 401 417 417 
270 270 270 270 286 286 413 413 
138 
330 330 330 
415 
5 

375 375 375 
70 70 184 184 409 
225 419 419 419 
184 184 
81 81 329 
364 364 410 410 
315 315 
11 11 334 334 334 385 385 385 
496 
271 271 
39 39 39 184 184 191 195 195 204 204 236 236 236 268 268 471 
191 204 204 239 267 267 
177 
251 251 251 251 
3 3 7 7 7 9 9 158 158 158 203 218 218 218 233 233 233 266 266 282 282 287 287 297 327 339 339 354 354 354 374 374 374 391 391 401 408 408 412 412 427 427 427 442 453 453 
158 
5 5 354 354 354 
206 206 206 219 405 405 405 
230 230 236 
157 157 224 224 224 224 
415 415 
236 236 460 460 460 460 
5 184 496 
308 449 467 467 
67 67 67 192 192 192 298 347 347 347 421 
144 271 271 427 427 
147 415 
184 184 184 
191 
193 193 251 251 382 382 382 382 413 413 413 
271 271 
247 
81 81 184 
23 23 97 171 171 480 480 480 
184 184 184 426 426 426 
152 152 152 184 226 226 226 228 364 410 410 410 
408 
58 58 139 397 397 408 408 

68 68 233 425 
271 408 408 408 
281 347 347 
54 
177 
339 
39 39 485 
230 
56 56 148 
227 227 227 392 392 
87 87 370 
184 354 354 396 465 465 
280 467 
35 35 35 210 210 210 
233 
243 424 
84 84 85 85 160 160 160 
8 
76 80 96 96 96 122 214 214 215 222 222 317 319 319 349 349 354 384 384 384 413 413 418 418 429 434 434 449 455 467 467 
31 73 94 184 263 263 336 486 486 
15 
314 398 413 
413 
314 314 354 354 
140 396 
42 
76 162 162 
42 359 359 
41 184 184 184 
72 72 153 153 244 503 503 
358 
7 271 
76 209 209 
81 81 81 82 82 165 223 261 
20 20 20 20 39 39 39 62 62 71 71 159 159 253 253 253 369 369 428 428 
22 22 
407 413 
413 
264 264 264 385 413 413 
174 413 413 
315 486 486 
199 199 199 
184 
46 145 271 271 301 381 381 381 408 452 452 453 464 464 470 
111 111 182 
222 222 


69 69 147 147 173 173 173 236 236 
52 52 52 184 184 184 
27 47 76 76 76 459 
67 281 281 281 298 298 421 421 506 506 
84 84 85 
314 314 
8 8 8 196 224 
236 236 432 
402 402 
76 76 456 456 
5 21 21 21 21 21 31 31 41 41 41 76 76 76 134 151 151 184 184 184 271 271 271 273 273 273 307 307 314 319 319 411 462 462 490 490 502 502 502 508 508 
12 12 184 184 202 202 202 
236 236 
240 367 431 431 496 
38 72 89 89 89 90 90 141 193 244 326 413 413 466 466 503 
61 61 81 81 323 323 
76 76 
186 
65 174 193 
182 
118 152 152 262 262 292 410 410 
415 415 
184 
114 181 181 238 357 390 496 496 
137 137 
330 330 
87 306 
68 169 169 169 169 
36 36 36 106 190 190 
8 
233 233 233 271 271 271 442 442 442 
257 257 257 
174 222 
225 225 
101 
103 103 103 103 
134 134 
0 0 46 64 139 139 339 339 339 395 408 408 
286 286 286 286 413 
63 75 75 415 415 432 463 463 
314 314 314 
264 264 264 334 413 413 
86 198 198 
124 124 

22 81 81 82 142 461 461 461 461 497 
17 367 455 455 455 
271 271 
227 227 305 305 
225 225 225 
81 81 495 
46 46 381 
184 307 320 
58 294 294 
317 
41 445 
5 50 50 
110 110 247 250 250 250 271 
39 39 39 219 352 352 
427 427 427 
6 6 92 182 182 499 
39 39 239 274 274 274 
37 37 
175 175 332 413 413 
26 87 87 87 150 150 150 158 158 248 271 271 293 294 294 297 297 297 339 381 381 437 437 470 470 
184 258 
262 262 292 292 292 364 364 
354 
271 271 
35 45 45 74 74 76 76 77 77 92 92 128 128 132 132 141 155 161 161 168 168 168 174 174 187 187 193 193 196 220 222 222 251 251 286 286 286 314 314 317 318 332 333 334 334 335 335 358 358 382 385 385 407 407 439 439 448 500 
22 22 108 108 
37 37 129 129 184 184 184 230 230 236 236 236 236 254 277 277 283 365 365 383 383 432 463 
65 65 
149 250 250 
80 80 95 314 314 
225 259 259 259 
98 441 441 441 
281 347 347 
76 
76 242 
311 
103 103 296 
291 291 291 
271 271 271 282 282 403 403 403 
159 159 330 330 
314 

357 357 496 496 
236 236 351 383 415 460 460 
159 
314 314 
449 
22 
408 408 
236 
45 413 413 
76 186 186 186 
5 5 18 98 98 225 225 420 420 420 
271 374 374 374 
5 
15 15 59 59 182 182 182 
41 399 


128 413 
280 314 435 467 
41 41 41 156 156 156 
184 
339 339 464 464 
271 271 339 
4 4 124 124 131 219 219 232 
17 17 314 390 390 390 
76 184 184 184 353 353 462 462 491 491 
99 
5 225 225 
346 
211 211 211 236 236 278 278 278 278 432 432 
22 389 389 389 389 497 
99 99 99 354 354 456 456 
63 63 75 383 383 415 
339 339 452 452 
86 86 86 184 184 184 307 307 
72 72 72 358 358 
280 280 308 314 314 449 
123 123 123 
159 
339 408 408 
101 101 101 170 170 195 267 
475 
185 185 
487 487 487 
5 5 472 
10 10 240 240 496 
39 39 39 159 166 166 188 188 227 
76 76 207 

127 290 290 290 

227 227 227 
180 
184 184 
39 39 39 39 302 
31 31 120 315 315 336 336 489 489 489 489 
56 56 235 236 474 474 474 
184 
486 486 486 486 
51 184 184 184 354 354 
126 456 456 

3 3 
155 155 
81 394 
10 100 100 197 197 197 240 265 279 357 367 367 431 431 476 
389 461 
160 
404 
193 413 
54 54 
354 354 354 
234 234 325 325 358 
88 
233 
347 347 
104 104 104 
5 354 354 
76 229 
159 
159 159 
