Nodes: 512, Edges: 1215
301 381 
441 
91 91 111 111 111 182 182 182 189 189 189 
271 493 493 
454 454 
34 48 48 50 50 184 198 225 225 255 273 279 354 354 354 441 443 443 443 458 475 504 508 
404 404 
233 233 271 271 327 
196 196 224 350 373 373 373 
271 271 
476 476 476 496 
264 
184 184 202 202 355 
76 
117 117 184 
182 182 316 444 
41 41 41 184 
390 390 455 455 
441 441 441 
104 
330 330 330 330 
354 354 354 
108 108 108 115 331 414 436 436 436 461 
290 

408 
158 408 408 
76 168 346 346 346 
178 178 183 
56 
180 180 222 
184 184 315 315 354 486 486 489 
184 
67 192 
5 
210 210 309 309 413 
106 372 372 
406 406 415 415 

159 159 163 166 219 219 219 231 231 241 267 302 330 402 402 405 405 405 477 477 485 485 485 485 
192 192 192 236 236 236 249 249 
16 16 16 85 99 137 151 151 156 156 160 184 184 184 324 324 354 445 
321 323 323 323 

137 
413 413 439 439 
64 64 339 395 395 395 
76 76 346 346 459 459 
5 5 50 50 50 50 
236 236 
5 5 48 48 48 48 400 

184 345 345 
225 225 
76 76 299 501 
93 93 93 195 195 195 236 236 
29 191 191 191 236 236 446 
415 415 
397 
444 444 
104 104 236 
81 359 
241 330 330 
383 463 463 463 
46 46 381 
193 193 416 
141 
33 192 192 281 347 347 
169 296 371 371 
236 236 
184 184 246 246 258 258 
330 330 330 
89 89 89 325 325 325 358 466 466 
94 315 
413 413 
463 463 
13 27 47 47 54 54 107 109 162 162 184 184 186 186 196 199 207 228 242 292 292 292 299 314 314 322 322 328 328 328 346 353 354 354 360 360 360 413 423 423 440 440 440 456 478 478 478 509 509 
196 196 413 413 
456 
236 236 
314 314 418 
61 82 113 184 261 261 289 329 329 359 389 394 495 
81 121 142 142 143 143 329 389 
236 236 
85 85 85 312 312 348 348 
41 84 84 84 160 312 312 312 348 348 
198 386 465 465 
306 306 306 370 370 408 408 
504 
72 72 72 358 
358 358 
2 2 
182 182 182 404 404 404 
55 55 55 
73 315 
418 418 418 
314 321 321 321 
171 290 290 290 
441 441 441 
41 457 462 462 
476 476 496 496 
140 140 140 195 195 378 
117 117 117 216 216 
146 146 146 379 425 
19 60 60 138 507 507 
106 106 190 190 
36 105 105 190 190 372 
76 
22 22 22 414 414 414 
76 199 
130 247 401 401 401 
2 2 2 182 182 195 340 340 340 340 
184 184 
81 
367 367 
22 

14 14 102 102 102 125 135 136 184 184 236 236 
364 364 364 
122 222 222 222 413 413 
486 489 
82 143 143 143 
119 
468 
232 232 387 
117 136 136 
185 185 185 491 
480 480 480 
220 220 220 413 448 
236 415 415 415 
110 177 
454 454 454 
413 
145 145 145 
354 380 
117 
117 125 125 
41 44 184 184 184 368 368 368 368 
104 164 164 236 252 
381 
101 101 101 320 320 320 
66 358 358 413 413 
82 82 
82 82 121 121 121 217 
282 282 
133 133 133 339 339 
103 103 103 

236 236 236 

248 408 408 
41 41 354 
213 292 292 
325 
374 
413 494 494 
41 41 450 
276 276 
26 194 271 271 271 272 408 408 408 
39 39 188 205 205 205 219 219 219 219 227 227 227 231 305 305 330 330 330 402 428 428 433 433 469 469 469 477 477 510 510 511 511 
41 85 272 272 272 312 312 498 498 
413 413 439 439 
76 76 322 322 
39 
138 138 
329 
39 477 477 
220 220 413 413 
27 413 
68 179 296 371 371 371 371 371 374 
471 471 
97 290 

344 
222 222 222 376 413 
407 407 
247 247 247 
130 269 300 300 300 415 
28 28 183 183 
169 
30 30 222 222 
367 367 
2 2 2 15 15 92 92 92 111 111 220 220 220 340 363 363 404 404 413 413 444 444 444 
28 178 178 
5 12 12 14 16 31 31 32 41 41 41 52 70 70 76 76 81 112 112 117 117 137 137 137 213 221 221 236 236 236 246 246 258 258 260 260 267 267 267 279 284 289 291 292 292 292 307 307 307 315 315 315 324 338 338 338 345 345 354 354 354 355 366 409 415 426 451 456 484 488 488 488 490 
126 126 126 473 473 491 491 
76 76 361 440 440 440 
413 
159 477 477 
2 2 2 
105 105 106 106 372 
56 56 56 236 267 267 267 268 268 268 285 285 304 446 
33 40 40 40 67 67 281 281 281 
65 65 358 358 413 479 479 500 
158 
55 55 55 101 101 111 236 236 267 267 471 471 471 
8 8 76 77 77 200 200 290 350 373 373 413 413 413 
476 496 
5 86 508 
76 109 207 207 207 337 
196 196 
236 236 415 
12 12 355 355 
271 271 
268 268 268 
159 159 159 
274 274 
76 199 199 199 

328 328 328 
35 35 309 309 
460 
233 
152 184 
215 215 314 
214 214 314 467 
102 102 
143 
271 271 271 
39 39 39 159 159 159 159 274 274 274 402 454 
128 128 128 167 167 182 182 182 413 
184 184 
30 119 119 119 174 174 174 180 180 314 341 413 413 413 483 483 
329 329 
8 276 276 276 313 350 350 
5 5 53 53 259 259 377 377 393 393 393 441 458 

159 159 159 305 305 343 343 392 477 482 482 482 
76 245 245 292 
509 509 
236 236 275 303 303 415 415 
39 39 159 
124 124 454 
7 7 212 238 238 271 296 296 296 310 310 374 375 375 375 505 505 
503 503 

40 40 40 49 49 55 55 56 56 60 69 69 79 79 83 83 117 117 129 138 148 148 148 184 184 184 191 195 195 201 201 230 230 237 237 267 267 267 275 275 278 278 344 344 344 351 356 356 356 415 415 415 432 438 438 438 460 460 487 
236 236 
233 233 
268 268 342 342 
357 476 
39 62 
76 
311 311 311 413 413 494 494 
325 358 
228 228 
70 70 184 184 
110 176 176 176 288 288 288 
150 408 
40 40 
374 401 401 401 401 417 
270 270 270 286 286 413 
138 
330 330 
283 283 415 
5 
354 354 
375 375 
70 70 184 184 409 
225 225 419 
184 184 
81 81 329 329 
364 364 410 410 
315 
11 334 334 385 385 
496 496 
271 
39 184 184 184 191 191 191 195 195 236 236 236 268 268 356 471 
191 191 191 204 204 204 239 239 267 267 
177 
251 251 251 
3 7 7 9 9 158 158 158 203 203 218 218 218 233 266 282 287 287 287 297 297 327 339 354 354 374 374 375 391 391 408 408 408 412 412 427 442 442 453 
158 160 160 160 
5 472 
206 206 219 219 219 402 402 402 405 
230 236 236 
157 157 224 224 224 
415 
236 236 460 460 460 
5 184 496 
449 467 
67 192 192 192 298 298 347 421 421 421 
144 144 271 427 427 427 
254 254 415 415 
184 
191 191 
251 251 382 382 382 413 
271 271 271 
247 247 247 
81 184 
23 97 97 97 171 196 480 480 
184 426 
76 76 76 152 152 184 184 184 228 364 410 410 
408 408 
397 397 408 

68 169 233 233 233 425 425 
271 271 
281 281 347 
54 76 413 
177 177 177 
0 339 339 
39 485 
230 230 415 415 
191 
159 159 227 227 392 392 
87 87 87 370 370 408 408 
184 184 184 354 354 396 465 465 
467 467 
35 35 210 210 
233 233 
243 243 243 424 
84 84 85 85 85 160 160 
224 
76 76 80 80 96 214 215 222 317 317 319 319 319 349 349 349 354 354 384 398 413 413 413 418 418 434 434 449 449 449 455 455 
31 31 73 94 184 184 184 263 336 486 
15 
314 314 398 398 413 
413 
314 314 314 354 
140 140 140 
42 96 96 96 323 
76 76 162 162 
42 42 42 321 359 
41 41 184 459 
72 72 72 153 244 503 503 
358 358 
7 271 
76 76 76 209 209 209 
81 81 82 165 223 223 261 261 
20 20 20 20 39 62 62 71 71 71 159 159 159 253 253 369 369 
22 
407 407 413 413 413 
413 
264 264 385 385 413 413 
413 
315 486 
199 
184 184 184 415 415 415 
46 145 145 271 301 301 381 381 381 408 408 408 427 452 452 464 464 470 470 
111 111 111 111 182 
222 
239 239 
227 227 
173 236 236 236 447 447 
52 52 184 184 
27 27 27 47 47 76 459 459 459 
67 67 281 298 421 421 506 
84 84 85 85 
314 314 314 481 
8 196 224 224 
236 432 432 432 
402 482 
76 456 456 
5 5 5 21 21 21 31 41 76 76 134 151 184 184 184 256 256 271 271 307 307 314 314 319 411 411 450 462 462 462 490 490 490 502 508 
12 184 202 202 
236 236 236 267 
240 367 431 496 496 
72 89 90 90 141 141 193 193 244 326 326 413 466 466 503 
61 81 323 
76 76 76 
186 
413 
182 182 
118 118 118 262 262 292 410 
415 415 
184 
114 114 181 181 357 390 390 496 496 
137 137 137 137 
330 330 
87 87 306 306 
68 68 169 169 169 169 169 
36 36 106 190 
8 8 8 196 196 
154 169 233 250 271 271 417 417 442 
233 233 233 257 257 271 
174 
225 225 
101 
103 
134 
0 64 139 339 339 339 395 395 408 
286 286 286 
63 415 415 432 463 
314 449 
264 264 334 334 413 
86 
124 
487 
81 82 461 461 497 497 
17 17 367 367 455 455 
271 271 
227 305 305 
225 225 225 
81 
46 46 46 381 381 
307 
58 294 294 
314 317 317 
445 
50 
110 110 110 250 250 250 250 
39 39 159 219 274 274 274 352 
427 427 
6 6 92 92 92 182 182 499 
39 39 39 274 
37 37 
175 175 332 332 413 
25 26 26 87 87 150 150 158 158 158 248 271 271 271 293 293 294 306 306 339 339 339 381 437 470 470 
184 258 
262 262 292 292 364 
354 354 
271 271 
35 45 45 74 74 76 77 77 119 119 128 132 141 141 155 161 161 167 167 168 174 182 182 187 193 196 196 196 220 222 222 222 243 243 251 286 299 314 314 314 317 318 332 332 332 333 334 334 335 358 362 385 407 439 439 448 455 500 
22 108 108 108 497 497 497 
37 37 57 57 129 129 129 177 184 201 230 230 236 236 236 254 277 283 283 303 303 338 338 338 365 365 383 383 432 
65 
250 374 374 
80 95 95 95 314 314 
259 
441 441 
281 281 281 347 347 

76 76 
311 
103 296 296 
184 291 
271 282 282 282 339 403 403 
159 159 


357 496 
236 351 351 351 383 415 
159 159 
314 314 

22 22 22 
408 
236 236 236 
45 45 161 161 413 413 
76 76 76 186 186 186 
1 5 18 18 18 98 98 98 225 420 420 
271 271 374 468 468 
5 5 5 456 
15 59 59 182 182 182 
41 399 
56 191 
344 344 
128 413 
280 314 314 314 384 467 467 467 
156 354 
184 
339 339 464 
271 
4 4 131 131 131 219 232 
17 17 314 314 390 390 413 
76 78 184 353 353 443 462 
99 
5 225 
47 47 324 346 346 346 
211 236 236 278 278 278 
22 389 389 
99 99 354 354 354 456 
63 63 63 75 75 383 
339 339 452 
86 86 307 307 
72 72 358 358 
215 280 308 308 449 449 449 
123 442 442 
159 159 159 511 511 511 
339 339 408 408 
170 170 195 195 195 267 
273 475 
185 185 
487 487 
5 472 
10 10 10 100 100 197 240 496 
39 39 159 159 166 166 188 188 227 
76 76 76 
193 193 
127 127 127 290 290 
349 
227 227 227 352 
222 222 
184 
39 39 39 39 302 
31 31 120 315 336 489 489 489 
236 388 474 474 
184 184 184 
31 120 486 486 486 
184 354 354 354 
126 185 185 

3 3 
155 155 243 243 
81 
10 100 100 197 265 265 279 357 357 367 367 431 476 
389 389 414 414 414 
160 160 
404 
193 413 
54 
354 
234 234 325 325 358 
5 88 
233 233 
347 
104 104 
5 198 354 
76 76 229 229 
159 159 
159 159 469 469 469 
