Nodes: 512, Edges: 1215
381 381 381 
441 
28 28 28 111 111 182 183 189 
271 271 493 493 
454 454 
34 48 50 50 50 88 184 184 198 225 225 225 255 273 354 354 354 400 441 441 443 443 458 504 504 504 508 
404 
233 327 327 327 
196 196 224 313 373 373 
271 
476 476 496 

184 184 202 202 355 
76 76 
117 117 184 
182 182 316 444 
24 41 41 
390 455 455 
441 
104 
330 330 
31 
108 115 331 389 389 414 414 436 436 436 461 
171 171 290 290 290 
16 76 76 
408 
158 408 
76 76 76 346 346 346 
2 2 2 178 178 183 183 
56 56 
180 222 222 
21 172 172 184 315 315 354 354 486 486 486 489 
184 
67 67 67 192 192 
5 
210 210 222 222 222 309 309 309 
106 372 372 372 372 
406 415 415 
358 358 
62 62 62 163 163 166 231 231 241 241 241 302 302 330 402 402 405 405 477 477 485 485 
192 192 236 236 236 249 249 
16 16 99 151 156 156 160 184 184 324 354 354 445 450 492 492 492 
321 321 321 323 
193 193 
137 137 137 
413 413 413 439 439 
64 64 339 381 395 395 
346 459 
5 50 50 
236 236 236 
5 5 5 48 48 400 400 
490 490 
184 184 345 345 
225 225 225 
76 76 299 299 501 501 
236 236 236 
29 29 236 236 304 446 487 
415 
294 397 397 
444 444 
104 236 
81 81 
39 39 39 330 330 
383 383 463 463 463 
46 46 381 
193 362 416 

33 33 33 192 192 281 347 347 
169 169 296 296 371 
236 236 344 
184 184 246 246 246 258 258 
330 330 330 
89 358 466 466 
94 94 94 315 315 
413 413 
383 463 
13 13 24 24 27 27 27 54 54 107 107 109 109 109 162 184 186 186 196 207 207 207 208 208 228 228 229 242 242 245 245 292 299 299 314 322 328 328 346 346 346 353 353 353 354 354 360 360 413 423 440 440 456 456 478 478 509 509 509 
196 413 413 

236 236 
314 
61 61 82 113 184 184 184 261 261 289 329 359 389 394 495 
81 121 121 121 143 143 389 
236 236 
85 85 85 312 312 
84 84 84 160 160 312 312 348 348 348 
386 465 
306 306 370 370 370 408 408 
5 
72 358 358 
358 358 

413 

73 73 73 315 
418 418 
314 321 321 321 
171 171 
420 420 441 
41 457 462 462 
197 476 496 
140 140 195 195 378 378 471 
117 117 117 136 216 216 
146 379 379 379 425 425 
19 60 138 138 236 236 507 507 
106 106 106 
36 105 105 105 149 190 190 372 
76 76 
22 414 414 414 
76 76 76 199 199 
176 176 176 247 401 
2 2 182 195 195 195 340 340 340 
184 184 
81 
367 367 
22 
177 177 184 184 415 
14 14 102 102 102 125 135 136 136 184 184 184 236 236 236 
364 364 
122 122 122 222 222 222 413 
486 486 489 
82 82 82 143 
119 119 119 
468 468 468 
232 454 454 
117 136 136 

480 480 
220 220 220 413 413 448 
236 415 
389 
454 454 
168 
145 145 145 
354 354 354 380 
117 
102 117 117 125 125 
44 44 44 184 184 
104 104 164 164 236 252 

101 101 
358 413 
389 389 389 
82 82 121 217 217 217 
282 282 282 
133 133 133 339 
103 
236 236 344 
236 236 304 304 
106 417 417 
248 408 408 
41 354 
213 292 292 292 364 364 364 
325 

413 494 494 494 
41 41 450 
276 276 374 
26 194 271 408 
188 205 205 219 219 227 231 231 231 305 305 305 330 402 428 428 428 433 469 477 510 510 511 511 
41 85 85 272 312 312 498 498 498 
413 439 439 
76 322 322 
39 39 
138 138 

39 477 477 
220 220 413 413 
132 413 413 
68 68 179 296 371 371 371 
471 
23 23 97 97 290 
31 31 

222 222 222 335 376 413 413 
407 413 
110 110 110 247 
116 116 269 300 300 415 415 
28 28 183 183 
169 
30 222 483 
367 
2 15 15 111 220 220 220 340 340 363 363 404 413 413 444 
2 28 28 178 178 
5 5 12 12 14 31 32 41 41 52 52 70 70 76 81 81 81 112 112 116 116 117 117 117 137 137 213 213 221 236 236 236 246 258 258 260 260 267 267 267 279 279 279 284 289 289 289 291 292 292 315 315 324 324 338 338 354 354 355 355 355 366 366 396 396 396 409 415 415 415 426 451 451 451 456 456 456 465 465 484 484 488 490 490 
491 
76 76 245 361 
413 
159 477 477 477 
2 
106 106 
236 236 267 267 267 285 304 446 446 
33 33 40 40 67 67 236 236 236 281 281 
43 43 65 358 358 362 479 479 500 500 
158 
101 101 111 111 111 236 
8 8 76 77 200 200 290 290 290 350 350 373 373 413 
100 240 476 496 
5 508 508 508 
109 109 207 207 337 337 
196 196 
415 
12 12 355 355 
271 271 
268 268 268 
159 159 
274 
76 76 76 199 199 478 
76 76 
328 
35 35 309 309 309 
460 460 
233 
152 184 184 
215 314 314 314 
214 314 467 467 467 
102 102 
143 143 143 
271 271 
159 159 232 232 274 402 402 402 454 454 
128 128 128 167 167 182 182 182 413 413 
184 
30 30 35 35 35 119 119 119 174 174 174 180 314 376 413 413 483 483 
329 329 
8 276 276 313 
5 5 5 53 53 53 377 393 393 441 441 441 458 458 

159 305 343 343 392 392 392 477 482 482 
76 76 245 
76 295 509 509 
236 236 275 415 
39 39 159 159 159 
124 219 219 454 454 
7 212 238 271 271 296 310 310 374 374 374 375 375 505 505 505 

487 
40 40 40 49 49 49 55 55 55 56 56 60 69 69 79 79 83 83 104 104 117 117 117 129 138 147 147 148 148 184 184 184 191 191 192 192 192 195 230 230 237 237 267 267 275 275 278 278 344 356 415 415 415 432 432 438 460 460 487 487 487 
236 236 
233 
268 268 268 342 342 
197 357 476 476 496 
39 39 39 
76 76 423 
413 494 494 
325 358 
76 76 186 228 
70 70 70 184 
110 176 288 401 
150 408 
40 40 
374 417 442 
270 270 286 413 
138 
330 330 
283 415 
5 
273 273 354 354 354 
375 375 375 
70 70 184 184 409 409 
419 
184 184 324 
81 81 329 
410 410 
315 
334 385 385 
496 

184 184 184 191 191 191 236 236 268 356 471 
204 204 204 239 239 239 267 
177 415 415 
251 251 
3 3 9 158 203 203 218 218 233 233 282 287 287 287 297 297 327 339 339 374 374 374 375 375 391 391 401 408 408 408 412 412 412 427 442 453 453 
160 
5 256 256 354 354 472 475 475 
206 219 405 405 405 
230 236 236 
157 157 224 224 
415 415 415 
236 236 460 
184 184 184 
308 308 308 449 449 467 467 467 
67 192 192 298 298 298 347 347 347 421 
144 144 144 271 427 
254 415 415 
184 
191 
251 382 382 382 413 413 
271 271 271 
247 
81 184 184 184 
23 23 23 171 196 196 196 480 480 
184 426 
76 152 152 152 184 184 364 364 364 410 410 
408 
58 397 397 408 
229 
68 68 169 233 
271 271 408 
281 281 281 
54 54 76 76 413 
177 177 
339 339 
39 39 485 485 
415 415 
56 148 148 191 
159 159 159 227 392 392 
87 87 370 408 408 408 
354 396 
280 280 280 467 467 
35 35 35 210 210 210 
233 233 
424 
84 84 85 85 160 160 
8 224 
76 80 96 214 214 214 215 222 317 317 319 319 319 349 349 349 354 354 384 384 398 398 413 413 418 418 429 434 434 449 449 455 481 481 481 
31 31 73 73 94 184 184 263 336 
15 
314 314 413 413 

314 314 314 354 
396 
42 42 42 96 96 96 323 323 
76 162 162 
42 321 321 359 
41 184 184 260 459 
153 244 503 
358 358 
7 7 7 271 
76 76 209 
81 223 223 261 
20 20 39 62 62 71 71 71 159 253 253 369 369 
22 
407 
413 413 
264 385 413 413 
174 413 
315 486 486 
199 199 
184 184 415 415 
46 145 271 271 301 301 381 381 381 408 408 427 452 452 464 464 470 470 
111 111 111 182 182 

239 239 
227 227 
69 147 236 447 
52 52 
27 27 27 47 76 76 76 459 
67 67 281 281 281 421 421 506 
85 85 85 
314 314 314 481 
196 196 
415 432 
402 402 482 
76 76 76 
5 5 5 31 31 41 41 76 76 134 134 134 151 184 184 256 256 256 273 273 307 314 314 319 411 411 450 462 462 490 490 502 502 
12 184 184 184 202 202 
236 267 
240 367 431 431 
38 38 72 89 89 90 90 141 193 193 244 326 326 413 466 466 503 503 
81 323 
76 76 
186 
65 193 413 
182 182 
118 118 152 152 152 292 292 292 410 410 
415 415 
184 184 
114 114 181 357 390 390 390 390 496 496 496 
401 
330 330 
87 87 87 306 
68 169 169 169 
36 36 36 36 106 
8 8 196 196 
157 233 233 233 250 271 271 271 417 442 
233 233 257 257 257 271 271 
174 222 
225 
101 101 
103 103 103 
134 
0 0 0 46 64 339 339 339 395 395 408 
286 286 286 
63 63 75 415 415 432 432 463 463 
314 314 449 
264 264 334 413 
86 

487 
22 22 81 82 130 142 142 142 461 461 461 461 497 
17 367 367 367 367 455 455 
271 271 
227 227 227 305 305 
225 225 
81 495 495 495 
46 46 381 381 
184 184 184 307 320 
58 58 294 294 
314 314 
445 445 
5 50 50 
110 247 271 368 
39 39 159 219 219 219 352 352 
427 427 427 
6 182 499 
39 39 274 274 274 
37 
175 332 413 413 413 
25 26 87 87 150 150 158 248 271 271 271 293 294 297 306 306 306 339 339 381 412 437 470 470 
184 258 258 
262 262 292 292 364 364 
354 354 
271 271 271 408 
45 45 45 74 74 76 77 77 92 119 128 128 141 155 161 167 167 168 168 174 174 175 182 182 187 196 220 220 222 222 243 251 286 286 299 314 314 317 317 333 333 334 334 335 358 362 385 407 407 407 439 455 500 
22 22 108 108 108 497 497 
37 37 57 116 129 177 177 184 184 184 201 230 236 236 236 254 269 269 277 277 277 283 283 303 303 338 338 351 365 365 383 383 432 432 463 463 
65 
149 149 250 374 
95 95 314 314 
259 
98 98 441 441 
281 347 347 

76 242 
311 
103 103 
184 291 
271 282 339 403 403 403 
159 159 159 
314 

357 357 496 496 
236 236 351 383 383 415 415 
159 
314 314 
449 
22 22 22 
408 
236 
45 45 161 161 413 
76 76 
1 5 5 18 98 225 225 225 420 420 
250 271 374 468 
5 5 
15 59 59 182 
41 399 399 
56 191 191 
344 
128 
280 280 314 314 384 435 467 
41 156 354 462 
184 184 184 
339 339 464 
271 271 
4 4 124 124 131 131 219 219 232 232 
17 17 314 390 390 413 
76 76 184 184 184 462 462 462 462 491 
99 
5 225 225 
47 324 346 
211 211 236 236 278 
22 389 389 389 389 497 497 
99 99 354 354 450 456 456 456 456 
63 63 63 75 383 383 415 415 
339 339 452 
86 184 184 
72 72 358 358 
215 215 215 280 280 280 308 308 449 
123 123 123 442 
159 511 511 
339 339 408 408 
101 170 267 
273 475 

487 487 487 
273 273 472 
10 10 100 197 240 240 496 
39 39 159 166 166 188 188 188 227 
76 76 207 
193 193 
127 127 290 290 
314 314 314 349 
227 227 352 
180 222 222 
184 184 
39 39 302 302 
31 31 31 120 120 336 336 489 489 489 489 489 
56 235 236 236 236 388 474 474 474 
184 
31 120 486 486 486 486 486 
51 51 184 184 354 354 
185 456 
41 41 41 
3 3 
155 155 155 243 243 
81 394 394 394 
10 100 197 240 265 367 367 367 431 431 476 
389 414 414 461 461 
160 160 160 
404 
193 193 413 
54 54 
354 354 
325 358 358 
5 5 5 
233 233 233 
347 
104 104 
5 198 198 198 
76 76 76 229 229 
159 159 
159 159 469 469 
