Nodes: 512, Edges: 1215
381 
441 441 
28 91 111 111 182 183 183 183 189 189 189 
271 271 493 
454 454 
34 34 48 48 50 50 50 88 184 184 225 255 273 273 273 279 354 354 400 441 441 443 443 475 504 504 508 
404 404 404 
233 271 271 271 327 327 327 327 
224 313 350 373 373 373 
271 
496 
264 264 
202 202 355 
76 
117 117 184 
182 182 444 444 
24 41 41 184 
455 
441 441 
104 104 
330 330 
31 354 354 354 
108 115 331 389 389 414 436 436 436 461 
290 290 
16 76 

158 
346 346 346 
2 178 183 183 
56 
180 180 222 222 
21 172 172 184 315 315 354 354 486 489 489 
184 184 
67 67 192 192 192 
5 5 
210 222 309 309 413 
106 372 
406 406 406 415 
358 358 
62 62 62 159 159 163 166 166 219 219 219 231 231 241 241 241 267 267 302 330 330 330 402 477 477 477 485 485 
192 236 236 249 249 
16 16 85 99 137 151 151 160 160 324 354 399 399 445 450 450 
321 321 323 323 
193 193 
137 137 
76 413 413 439 439 
64 339 339 381 395 395 
76 76 346 459 
5 5 50 50 50 
236 
5 5 5 48 48 48 400 400 
490 490 490 
345 345 
225 
76 76 76 299 501 501 501 
93 195 236 236 236 
29 191 191 236 236 487 487 487 
415 415 
294 294 397 397 
444 
236 236 
81 359 359 
39 39 39 241 241 330 
383 383 463 463 
46 381 381 
193 193 362 416 416 
141 
33 33 192 192 192 281 347 
169 296 371 
236 344 344 
184 184 258 258 258 
330 
89 358 358 358 466 466 466 
315 315 
413 
383 383 383 463 463 
13 24 45 47 47 54 54 54 107 107 162 162 186 186 196 199 207 207 208 208 228 229 245 292 299 314 314 328 328 346 353 354 360 413 422 423 440 440 440 
413 413 

236 
314 314 418 418 
61 82 82 184 184 261 289 359 389 394 394 495 
81 81 121 121 142 142 143 329 329 329 389 
236 236 
85 85 312 348 348 348 
41 84 84 160 160 160 312 
198 386 386 465 
306 306 370 408 
5 504 504 
72 358 358 358 358 358 
358 358 
2 
182 404 404 404 
55 
315 
418 418 
314 314 321 321 
171 171 
420 420 441 441 
41 462 462 
197 197 197 476 476 496 496 
140 140 195 195 471 471 
117 
146 379 379 379 379 379 425 
19 19 138 138 138 236 236 
106 106 106 184 184 190 
36 105 105 105 149 190 372 
76 76 
22 
199 
130 130 176 176 247 401 
2 2 195 195 195 340 340 340 
184 

367 367 
22 
177 177 177 184 415 415 
14 14 102 125 135 135 136 184 
364 364 
122 122 222 222 413 
486 486 489 
82 82 143 143 
119 119 
468 
232 232 387 387 454 
117 136 
185 491 491 491 
480 480 
220 220 220 413 448 
236 415 
110 110 

168 413 413 

354 354 380 
117 117 
117 125 
41 44 44 184 184 368 368 
104 104 104 164 164 236 237 252 
294 381 381 
101 101 320 
66 413 
82 82 
82 121 121 217 217 
282 282 
339 
103 
236 236 344 344 344 
236 236 
106 250 250 417 417 
248 248 339 408 
41 41 
213 213 213 292 292 364 
325 
374 374 
413 413 494 494 494 494 
450 450 
233 276 
26 180 194 271 408 408 408 
39 39 188 205 205 205 219 219 227 231 231 257 305 305 305 330 402 402 428 433 433 469 469 469 477 510 
41 41 85 85 85 272 312 
413 413 439 
76 76 
39 
138 138 
329 329 329 
39 39 477 477 
413 
132 413 413 
68 179 296 371 371 371 
471 471 
97 97 290 
31 31 
344 344 
222 222 335 376 413 413 
407 407 407 413 413 
110 110 247 247 
116 116 116 269 300 415 
28 183 
169 
30 30 158 222 222 222 
367 
2 15 15 92 316 363 363 363 404 404 413 413 444 
2 2 2 28 28 178 495 
5 5 14 16 31 32 32 70 70 81 81 105 105 112 116 117 137 137 213 221 236 236 246 246 258 258 258 260 260 260 267 267 267 279 279 284 284 289 289 289 291 292 292 307 315 324 324 324 338 338 345 345 354 355 355 366 409 415 415 415 426 451 451 456 456 465 465 484 488 488 488 490 
126 473 491 
76 76 245 245 361 440 440 
413 
159 477 477 
2 2 2 
105 106 372 372 
56 56 236 236 236 268 285 304 304 446 446 
33 33 33 40 67 67 67 236 236 281 281 
43 43 65 65 358 362 362 413 479 479 
158 
55 101 101 111 111 111 236 267 267 471 471 471 
76 200 290 350 373 413 413 
100 100 100 240 476 496 
86 386 508 
76 109 207 337 
196 
236 236 415 415 415 
12 12 355 355 355 
271 271 271 
267 268 268 
159 159 159 
274 274 
76 76 199 478 
76 76 
328 
35 309 
460 460 
233 233 233 
152 152 152 184 
215 215 314 
214 214 314 467 467 

143 143 
271 
39 39 39 159 159 232 274 274 402 402 402 454 454 454 
128 128 128 413 
184 
30 30 35 119 119 174 174 180 180 180 376 413 413 483 483 
329 329 
8 276 276 276 313 350 350 350 
5 53 259 259 377 377 393 441 441 441 
292 
159 305 343 343 392 392 477 477 477 482 482 
76 245 245 
76 295 295 509 509 509 
236 275 275 303 415 
39 39 159 159 
124 124 219 454 
7 157 212 212 212 238 271 271 296 296 310 310 310 310 374 374 374 375 375 505 505 
503 503 
487 
40 40 49 55 55 55 56 56 60 60 69 79 83 83 104 104 129 138 147 147 148 148 184 184 191 191 191 192 192 195 201 201 230 237 237 267 267 275 275 275 278 344 351 356 356 415 415 415 432 438 438 460 460 487 
138 236 236 
233 
268 342 405 405 
197 476 496 
39 39 39 62 62 

311 311 494 494 
325 325 325 358 358 
76 186 186 228 228 
184 184 
110 176 176 288 288 401 
150 150 408 
40 40 
149 149 374 401 417 417 442 
270 270 270 270 286 413 
138 
330 330 330 
415 415 
5 
273 354 354 
159 375 375 
70 70 70 184 184 184 409 409 
225 225 419 
184 184 184 324 
81 
364 364 
315 
11 11 334 334 334 
496 496 496 
271 271 
39 39 184 184 184 195 195 204 236 236 268 268 268 356 356 356 471 471 
191 204 204 239 267 267 267 
177 
251 251 251 251 
3 3 7 7 7 9 158 203 203 203 218 233 233 266 266 282 287 297 297 297 327 339 339 354 354 368 374 374 391 391 401 408 412 427 427 442 453 
160 
5 5 5 256 354 354 472 475 
206 206 219 219 402 405 405 
230 230 236 236 236 
157 224 224 224 
415 415 415 
236 460 460 
5 184 184 496 
308 308 449 449 467 
67 192 192 298 298 347 347 421 
144 144 271 427 

184 184 
191 
251 382 382 382 413 
271 
247 247 
81 184 184 184 
23 23 171 196 480 480 480 
184 426 426 
76 152 152 184 184 226 410 
408 
58 58 139 397 397 408 408 
229 229 
68 169 233 233 425 
271 271 271 408 408 
281 281 347 347 347 
54 76 413 
177 

39 485 
230 415 415 415 
191 191 
159 159 159 227 392 
87 87 370 370 408 408 
184 354 354 396 396 465 
280 280 467 467 
35 35 210 
233 233 233 233 
243 243 
84 85 160 
8 224 
76 76 80 80 96 96 214 215 349 354 354 384 398 413 413 418 418 434 434 449 449 449 449 455 455 467 467 481 481 481 
31 31 73 73 94 184 263 336 336 486 
182 
398 398 
413 
354 354 
140 
42 42 96 96 323 

42 42 321 359 359 
41 184 184 184 260 
153 244 244 244 503 503 
358 358 
7 7 7 7 271 
76 76 209 
82 82 82 165 165 165 223 223 
20 20 39 39 39 62 71 159 253 253 253 369 369 369 428 430 
22 
407 407 413 413 413 
413 413 
264 264 264 385 385 
174 
315 315 486 486 
199 
184 184 415 415 446 
46 46 145 150 271 271 381 381 381 408 427 452 452 452 464 464 470 470 
111 111 111 

239 
227 227 
69 69 147 147 147 173 173 236 
52 52 184 184 
27 27 27 47 76 459 
67 281 281 298 298 298 506 
84 84 84 
314 
8 196 224 224 224 
236 415 432 432 
402 402 402 
76 456 
5 5 21 21 21 31 31 41 76 134 134 184 256 256 271 271 273 273 307 307 314 314 319 319 411 450 450 462 462 462 490 502 502 508 
12 184 184 202 202 202 
236 236 267 267 267 
431 496 
38 38 72 72 72 89 89 89 89 89 90 90 193 244 244 326 326 413 466 503 503 
61 61 81 323 323 
76 
186 
65 193 193 413 
182 182 182 
118 118 152 262 262 410 410 410 
415 415 
184 
114 114 181 390 390 496 
137 137 271 401 
330 330 330 
87 306 306 
68 169 169 169 
36 106 190 190 
8 8 8 196 
154 154 233 233 233 250 271 271 408 442 
233 233 257 257 
174 222 
225 225 

103 103 103 103 103 
134 
0 46 64 64 139 139 339 339 339 395 395 408 408 408 
286 286 286 413 
63 63 75 75 75 415 432 432 463 
314 449 449 449 
334 334 413 413 
86 86 198 
124 124 
487 487 
22 22 81 82 461 461 461 461 497 497 
367 367 455 
271 271 
227 227 305 
225 
81 81 495 495 
46 46 381 381 
307 307 
58 58 294 294 
314 317 317 
41 41 445 445 445 
5 50 50 
110 247 250 271 368 
39 159 159 219 219 219 274 352 352 352 
427 427 427 
6 6 6 92 92 92 182 182 
239 239 274 274 
37 37 37 
175 175 175 332 332 413 413 413 
87 150 158 158 158 248 271 293 294 294 297 297 306 306 339 374 381 381 381 412 412 437 437 437 470 
184 258 258 
292 364 364 364 
354 
271 408 408 
35 45 45 74 76 77 77 119 128 132 132 141 155 155 161 161 167 168 168 174 174 175 175 182 182 187 193 196 196 220 222 222 251 286 299 314 314 318 332 332 332 333 333 358 362 382 385 385 407 407 407 439 439 448 455 500 500 
22 497 497 
37 57 57 116 116 129 177 184 184 184 201 201 201 230 236 236 236 254 254 277 277 277 303 303 303 338 338 351 365 365 383 432 463 463 
65 65 
149 149 250 250 
80 80 95 95 314 314 
259 
98 98 441 
281 
76 
76 

103 296 
184 291 291 
271 271 282 339 403 403 403 
159 330 

330 
357 496 496 
236 351 351 383 383 415 460 460 
159 159 
314 314 
449 449 
22 22 22 
408 408 408 
236 236 
45 45 161 413 413 
76 76 76 186 186 
1 1 5 5 18 18 98 98 225 225 225 420 
250 271 374 
5 5 
15 15 59 182 
41 399 399 399 
191 191 338 

128 413 
280 280 314 314 314 314 384 384 384 435 435 467 467 
41 41 156 156 354 354 462 462 
184 184 
339 339 339 464 
271 
4 4 124 219 219 219 232 
17 314 314 390 413 
184 184 353 462 462 462 462 491 


47 346 
211 211 236 236 278 278 432 432 
22 389 389 389 389 497 
99 99 354 354 354 450 450 456 456 456 456 
63 63 75 75 383 415 415 
339 339 452 
86 184 184 307 
72 72 72 358 
215 215 280 308 308 314 314 449 449 
123 
159 159 159 511 511 
339 339 408 
101 101 170 170 195 195 195 267 267 
273 475 
185 
487 487 487 
5 273 472 
100 100 197 240 496 496 
39 39 39 159 166 166 188 188 227 227 227 
207 
193 193 
127 127 290 290 290 
314 314 314 
227 227 
222 222 
184 
39 39 302 
31 120 120 315 336 336 489 489 489 
56 56 56 235 236 388 388 474 474 474 
184 184 184 
31 31 120 486 486 486 
51 51 51 184 354 
126 126 126 185 456 

3 
155 155 155 155 243 243 
81 183 394 394 
10 100 100 197 240 265 265 265 279 357 367 431 431 476 476 
389 389 414 414 461 


413 413 
54 54 54 
354 354 
234 234 325 325 358 358 
5 5 88 88 
233 233 
347 

5 198 354 
229 229 229 
159 
469 469 
