Nodes: 512, Edges: 1215
301 381 381 
441 441 
28 91 91 91 111 182 182 183 189 
271 271 493 493 493 

34 48 50 50 184 184 184 198 225 225 225 255 255 255 273 354 354 400 441 441 441 443 443 458 475 508 508 
404 
233 271 271 327 327 327 327 327 
196 196 224 350 373 373 373 
271 271 271 
476 476 476 
264 
184 184 202 202 355 
76 76 
117 117 184 
182 316 444 444 444 
41 41 41 41 184 184 
455 455 
441 441 
104 104 
330 330 330 
31 354 354 354 354 
108 108 115 331 331 389 389 414 414 461 
171 290 
76 76 
408 
158 408 
76 
2 178 178 
56 
180 180 180 222 
21 184 184 184 315 354 354 486 486 486 489 
184 
192 192 
5 
210 309 309 
106 269 372 372 372 
406 406 406 415 
358 358 358 
62 62 159 159 163 163 166 219 231 231 302 302 302 330 330 402 402 402 405 405 477 477 485 485 
192 192 236 249 249 
16 16 16 16 85 99 99 137 151 151 156 160 160 160 184 184 324 354 354 399 399 445 492 492 
321 321 323 323 323 
193 193 193 
137 137 
76 76 76 413 413 
64 64 64 339 381 
76 346 346 346 459 459 459 
5 50 50 
236 236 236 
5 5 48 48 400 

184 184 345 345 
225 225 225 
76 299 501 
93 195 195 
29 191 191 191 236 236 236 304 304 446 446 487 487 
415 
294 397 
444 444 
236 236 
359 359 
39 39 241 330 330 
383 383 463 463 
46 46 46 381 381 
362 
141 141 
192 192 281 281 281 347 
169 169 169 296 296 296 371 
236 236 344 344 
184 246 258 
330 330 
89 325 325 325 358 358 466 
94 94 315 
413 
463 463 463 
13 13 24 24 27 45 45 45 47 54 107 107 109 109 162 162 184 184 186 186 196 196 199 199 208 228 228 229 229 229 242 242 245 245 292 299 299 328 328 346 346 353 354 354 354 360 360 413 413 422 423 423 440 440 440 456 478 478 509 
196 196 413 
456 
236 
314 314 418 418 
82 113 184 261 289 329 389 389 394 394 394 495 
81 121 121 142 142 143 143 389 389 

85 85 312 348 
41 84 84 160 312 348 348 
198 508 
306 306 370 370 408 408 408 
190 504 504 
72 358 358 358 
358 358 358 
2 2 2 
182 182 404 413 413 
55 
73 73 315 

314 314 321 
171 171 290 290 290 
420 441 441 
41 41 457 462 462 462 
197 496 496 
140 195 378 471 
117 117 136 216 
379 379 379 379 425 425 
19 19 138 236 236 507 507 
106 106 184 184 190 
36 105 105 190 372 
76 76 
22 22 
76 76 199 199 
176 176 176 247 247 401 401 401 
2 182 195 195 340 340 340 
184 
81 
367 367 
22 
177 184 184 415 415 
14 14 102 102 125 125 125 135 136 136 184 184 184 236 236 
364 364 364 
122 122 222 222 413 
486 
82 82 143 143 
119 119 314 
468 468 
232 232 387 387 454 
117 117 117 136 136 
185 185 491 
480 
220 220 220 413 413 448 448 
415 


413 413 413 
145 145 145 145 145 
354 354 354 380 
117 
102 117 117 125 125 
41 44 44 184 184 
104 236 237 
381 
101 320 
66 66 358 358 358 413 413 413 
82 82 389 
82 82 121 121 
282 282 
133 133 133 133 133 339 339 

236 236 344 
236 236 236 304 
250 417 417 
248 408 
41 41 354 
213 292 292 364 364 364 
325 
374 374 374 
413 413 494 
41 450 450 
374 
26 194 271 271 408 408 408 
39 39 188 205 205 219 219 219 227 227 227 305 305 305 330 402 428 433 469 477 477 510 511 
41 41 41 85 312 498 498 
413 413 413 
76 76 322 322 
39 39 

329 329 
39 477 477 
220 220 413 
413 413 413 
68 68 68 371 371 
471 471 471 
23 97 97 290 290 

344 344 
335 362 376 376 413 
407 407 413 413 
110 110 110 
116 283 300 300 300 415 
28 28 183 

30 30 30 222 222 483 
367 
2 2 15 92 92 111 340 363 363 404 413 413 444 
2 178 
5 5 5 12 12 14 16 16 31 31 31 32 41 41 52 52 70 76 76 81 105 105 112 116 116 117 117 117 137 137 213 213 236 236 236 246 246 258 258 258 260 267 267 267 279 284 289 289 289 291 291 292 292 307 315 324 338 338 345 354 354 354 355 355 366 366 396 396 396 409 409 415 415 415 426 426 451 451 451 456 465 465 465 484 484 490 490 
126 126 473 473 473 
76 76 245 440 440 
413 413 
159 477 
2 
88 105 106 
56 56 56 236 236 236 267 285 304 446 446 446 
33 33 40 40 67 67 236 236 281 281 281 
43 43 43 286 286 358 362 413 500 500 
158 
55 55 101 111 111 267 267 471 
8 8 76 76 77 77 200 200 290 350 350 373 413 413 
100 476 496 
5 86 386 508 508 
76 76 109 109 337 337 
196 196 
236 236 415 415 
12 12 355 
271 271 
267 268 
159 159 
274 274 274 
478 
76 
328 328 
35 309 
460 460 
233 
152 184 184 
215 215 215 314 314 314 
214 214 214 314 314 467 
102 

271 
39 159 159 159 274 402 
128 128 128 167 167 

30 119 119 180 180 341 413 
329 
8 276 276 276 276 350 
5 5 5 53 53 53 259 377 377 393 393 419 419 441 441 458 458 458 
292 
159 159 159 305 305 343 343 343 392 392 392 477 482 482 
76 76 245 245 245 292 
76 76 76 295 295 295 509 
236 236 303 303 303 415 415 415 
39 39 
124 124 454 
7 212 238 271 271 296 310 310 310 375 
503 503 
487 
40 49 49 49 56 56 56 60 60 69 69 79 104 104 117 117 138 147 147 148 148 148 184 184 184 191 191 191 192 192 201 201 230 230 237 237 267 267 278 278 344 344 351 356 356 415 415 415 432 432 432 438 438 460 460 
138 236 236 
233 
268 342 405 
357 496 
62 
76 76 
311 311 413 494 
325 358 
76 76 186 228 228 228 
70 184 184 
110 110 288 
150 408 408 
40 40 
149 401 417 417 417 
270 270 270 286 

330 330 
283 283 415 
5 5 5 
273 354 
375 375 375 375 
70 184 184 184 409 409 409 
225 419 419 
184 324 
81 329 


11 334 334 385 385 
496 496 

184 184 184 191 195 195 204 236 236 471 
204 239 
36 
251 251 251 
3 3 7 7 9 9 9 158 158 203 203 218 233 233 282 287 297 297 327 339 354 354 374 374 375 375 391 401 401 408 408 408 412 412 427 427 427 442 453 

5 256 354 472 475 
206 206 206 219 402 402 405 405 

224 224 224 224 
415 415 415 
236 236 460 460 460 
184 496 
308 308 449 449 467 
67 67 67 192 192 192 298 298 347 347 421 421 
144 144 271 
177 254 254 415 415 
184 
191 
193 193 251 382 382 382 413 413 
271 
247 
81 184 184 184 
23 97 97 97 171 171 196 480 480 
184 184 426 426 
76 152 152 184 184 226 228 410 410 
408 408 408 
58 397 397 397 408 408 408 
229 229 229 
68 68 68 233 425 
271 271 
281 281 347 347 347 
54 76 76 413 413 
177 177 177 
0 339 339 
39 39 39 485 485 
230 230 230 
56 56 148 191 
159 159 159 227 227 392 392 392 
87 87 370 408 
184 396 396 465 465 465 
280 280 467 467 
35 35 210 
233 233 233 
243 243 
84 85 160 

80 80 96 96 122 214 214 214 215 215 319 319 349 349 354 354 384 384 398 398 398 413 413 413 418 429 434 434 449 455 455 455 481 481 
31 73 94 184 336 486 486 
15 
398 398 
413 413 
314 314 354 
140 
42 42 96 
162 162 
42 42 42 359 
41 184 260 
72 72 72 153 244 503 503 
358 358 
7 7 7 7 7 271 
76 76 209 209 
81 165 165 223 261 
20 20 20 39 39 62 62 71 71 159 253 253 369 428 428 
22 22 
413 413 
413 
264 264 385 385 413 
174 413 413 
315 486 486 
199 199 
184 184 415 
46 145 145 271 301 301 381 381 381 381 408 408 408 427 452 464 464 464 
111 111 111 182 
222 
239 
227 227 227 
69 69 147 173 173 236 236 447 447 
52 52 184 
47 47 47 76 76 
67 281 281 298 298 298 421 421 421 
84 85 85 
314 314 481 481 
8 196 196 224 
236 415 432 432 
402 402 482 
76 456 
5 5 21 21 21 21 31 31 41 41 76 76 76 134 134 134 151 184 184 184 256 271 271 273 314 314 319 411 411 450 462 462 490 490 502 508 
12 184 184 202 
236 236 
240 367 367 431 496 
38 38 38 72 72 89 89 89 90 90 90 141 141 141 193 244 326 326 413 413 466 466 466 503 
61 61 323 
76 76 

65 174 193 413 
182 182 
118 118 118 152 152 152 410 
415 415 415 
184 184 
114 114 181 357 357 390 496 

330 
87 87 306 
68 169 169 
36 36 36 106 
8 8 8 196 
154 154 154 157 271 271 408 408 442 442 
233 257 257 257 257 271 271 
174 174 
225 225 
101 
103 103 103 103 
134 
0 0 46 64 64 139 339 339 339 339 395 395 408 408 
286 286 286 413 
63 63 415 463 463 
314 314 449 
264 264 334 334 413 
198 
124 124 
487 
22 22 81 81 82 82 142 461 461 461 
367 455 
271 
227 227 227 305 305 305 
225 225 
81 81 81 
381 381 
184 184 184 307 307 
58 294 294 294 
314 314 314 317 317 
41 41 445 445 445 445 445 
5 50 
110 110 110 250 271 271 
39 39 39 159 219 274 274 352 352 
427 427 
6 92 182 
39 39 239 274 274 
37 37 37 
175 175 413 413 
25 26 87 87 87 150 158 158 158 248 248 271 271 271 293 293 293 294 294 294 306 339 339 339 374 374 381 381 412 437 437 437 
184 184 258 258 258 
292 292 364 
354 354 
271 271 408 
45 45 74 76 76 77 92 92 119 128 128 132 132 132 141 141 141 155 155 161 161 161 167 168 168 168 174 175 175 182 182 187 187 193 196 196 222 243 286 286 299 299 314 314 314 318 318 332 332 333 334 335 335 358 358 362 382 385 407 407 439 448 448 455 500 500 500 
22 22 497 497 497 
37 57 116 116 129 177 184 184 184 201 201 230 230 230 236 236 236 254 277 277 277 283 283 338 351 365 365 365 383 432 432 432 463 463 

149 149 250 250 250 
80 80 314 
225 225 259 259 
98 441 
281 281 347 347 347 
76 
76 76 

103 103 296 
184 184 291 291 
271 271 271 339 403 403 
159 330 330 
314 

357 496 
236 236 236 351 351 415 415 415 460 460 
159 
314 314 
449 449 

408 408 408 
236 236 
413 
76 76 76 186 186 
1 1 5 5 5 18 18 98 98 225 225 420 
271 374 374 468 
5 5 
15 15 15 59 59 182 
41 399 399 399 399 399 
56 56 191 191 191 
344 344 
128 128 413 413 
280 280 314 384 435 435 467 
156 156 354 462 462 
184 184 184 
339 464 464 
271 
124 232 
17 17 314 314 314 390 413 
76 78 184 353 462 462 491 
99 
5 225 225 225 
47 47 47 
211 211 236 236 278 278 278 432 432 
22 389 389 389 497 
99 99 99 354 354 450 450 456 456 
63 63 75 75 75 383 383 415 415 
339 339 339 452 452 
184 184 184 307 307 307 
72 358 358 358 
215 280 308 308 449 
123 123 442 
159 511 511 

101 170 170 170 195 267 
273 475 475 
185 185 185 
487 487 487 
5 273 472 472 
10 10 10 197 496 
39 39 159 159 166 166 188 227 
76 76 207 

127 290 290 
314 314 349 349 
227 227 352 
180 
184 184 
39 39 302 302 
31 31 31 120 315 315 336 336 489 489 
56 56 235 388 474 474 474 

31 486 486 
184 184 354 354 
126 456 
41 41 
3 3 3 
155 243 
81 
100 100 197 240 265 265 279 357 367 431 476 
414 414 414 461 
160 160 

193 193 413 413 413 
54 
354 
234 234 325 325 358 
88 88 


104 104 
5 5 86 198 198 354 
76 229 
159 
159 469 469 
