Nodes: 512, Edges: 1215
381 
441 
91 111 182 183 183 183 
271 271 493 

34 48 48 50 50 88 105 184 184 198 198 225 255 255 273 273 273 279 354 400 441 443 458 475 475 508 508 508 
404 404 
233 233 233 271 271 327 327 327 
196 196 224 224 313 350 373 373 
271 271 
476 476 476 496 
264 
355 355 
76 
117 117 117 184 
182 444 444 444 
24 41 41 41 184 184 
390 455 455 
441 441 
104 104 104 
330 
31 354 354 354 354 
108 108 115 115 115 331 331 389 389 389 414 414 436 436 461 461 
171 171 171 290 290 
16 76 76 
408 408 408 
158 158 408 
76 76 168 346 
178 178 183 183 183 
56 56 
180 222 
21 172 172 172 184 184 184 315 315 486 486 489 
184 184 
67 67 192 192 192 
5 
210 210 210 222 309 309 309 413 
372 372 
406 415 415 
358 
62 62 62 159 159 163 166 166 219 219 219 231 231 241 267 302 302 330 330 402 402 405 405 405 477 485 485 485 
192 192 236 236 236 249 
16 16 16 85 99 137 137 151 156 156 156 160 160 184 184 184 354 354 399 399 445 450 450 492 
321 323 323 323 


76 76 439 
64 339 339 381 395 
76 346 459 
5 5 50 50 50 50 
236 
5 5 48 48 48 48 400 
490 490 
345 345 
225 
76 76 299 299 501 501 
93 93 93 236 
29 29 191 191 191 236 236 446 487 
415 415 
294 294 294 397 
444 
104 104 236 236 236 
81 81 359 
39 39 39 241 330 
383 383 463 463 
46 381 
193 193 362 362 416 416 
141 141 141 
33 33 192 192 281 281 
169 371 371 
236 236 236 344 
184 184 246 246 258 258 
330 
89 89 325 325 466 
94 315 
413 413 
383 383 383 463 
13 24 24 27 27 45 45 47 54 54 107 107 162 184 199 207 207 208 228 228 229 229 242 242 242 245 292 292 299 299 314 314 322 328 346 353 354 354 360 413 413 423 423 440 440 456 456 478 478 509 509 509 
196 196 

236 
314 314 314 418 
61 61 82 82 113 359 389 394 
81 81 142 143 329 329 329 389 
236 236 236 
85 312 348 
41 84 160 160 312 348 348 348 
386 465 465 508 508 
306 306 370 370 408 408 408 
5 504 
72 72 358 
358 
2 
182 413 
55 55 55 
73 315 
418 418 418 
321 321 321 321 321 

420 441 441 
41 462 
197 476 496 496 496 
140 195 195 471 471 471 
117 136 136 216 216 
146 379 379 379 425 425 
19 19 19 60 60 138 236 236 236 507 507 
5 106 106 184 
105 105 149 190 190 372 
76 76 
22 22 414 414 414 
199 
176 176 247 401 401 401 
2 182 182 195 340 340 
184 184 184 
81 

22 22 22 
177 177 177 184 184 415 
14 14 14 102 125 125 125 135 135 135 136 136 136 184 184 236 

122 122 413 
486 486 489 489 
143 143 
119 119 
468 
232 232 387 387 454 454 
117 117 117 136 136 
185 491 491 
480 
220 220 220 413 413 413 448 448 
415 

454 454 454 
413 413 413 
145 145 145 145 
354 354 380 380 
117 117 117 
102 102 117 117 117 125 125 
41 41 184 368 368 
104 164 164 236 252 
294 381 
101 320 320 
66 66 66 358 358 413 413 
82 389 389 
82 121 121 217 217 
282 282 
133 133 133 133 339 339 339 
103 
236 236 283 344 
236 236 
106 250 250 417 417 
248 408 
41 354 354 
213 292 292 292 364 364 
325 325 
374 
413 413 494 494 494 494 
41 41 41 450 450 
233 
26 26 194 271 408 408 408 
39 39 205 205 205 219 219 219 231 231 305 305 330 330 402 402 402 428 433 433 433 469 477 477 510 510 511 
41 41 85 85 272 272 312 498 
413 413 439 
76 322 322 
39 
138 138 
329 
39 39 477 477 
220 220 413 413 
27 413 
68 296 374 
471 
23 23 23 290 
31 31 31 
344 
335 335 376 413 
413 
110 110 247 247 
116 116 116 415 415 
28 28 183 183 

30 222 
367 367 
2 15 92 111 111 220 220 316 340 363 363 413 413 413 444 
2 2 2 28 28 28 178 178 495 
5 5 14 16 16 31 31 31 32 32 41 41 41 70 70 76 105 112 112 112 116 116 117 117 137 213 213 221 221 221 236 236 236 246 246 246 258 260 267 267 279 279 289 291 291 292 292 292 307 307 307 315 315 324 324 338 338 345 354 354 354 355 355 355 366 366 366 396 396 409 415 426 451 456 456 465 465 465 488 490 
126 473 473 473 
245 245 361 440 

477 

106 106 
56 56 56 236 236 267 267 268 285 304 304 446 
33 33 33 40 40 67 67 236 236 281 
65 65 286 313 358 362 362 413 413 413 479 500 
158 
101 101 111 236 236 236 267 267 267 471 
8 8 77 77 290 350 350 413 
100 496 496 
5 5 386 386 508 
76 109 207 207 207 337 

415 415 
355 355 355 
271 
267 267 267 
159 159 159 
274 274 
76 76 199 199 199 478 
76 
328 328 328 
35 35 35 309 309 
460 
233 
152 184 184 
215 215 314 
214 214 314 467 467 
102 102 
143 143 
271 271 271 
39 39 39 159 159 159 232 232 274 274 454 
128 128 128 167 167 182 182 413 413 413 
184 184 184 
30 35 180 314 314 341 483 
329 329 329 
8 8 276 276 313 350 350 
5 53 259 377 377 393 393 393 458 458 

305 305 343 392 477 477 
76 76 245 
76 76 295 509 509 
236 236 275 275 303 415 
39 39 159 159 
124 124 219 219 454 
7 7 7 157 212 238 271 271 296 310 310 310 310 374 375 505 505 
503 
487 
40 40 40 49 55 56 56 60 60 60 69 69 69 79 83 83 83 104 104 104 117 138 147 147 148 148 184 184 184 191 191 192 192 195 195 195 230 230 237 237 267 267 275 278 278 344 351 356 356 356 415 415 415 415 432 432 438 460 487 487 
236 236 
233 
268 268 342 342 342 
357 476 496 
39 62 
76 76 76 
413 494 494 
325 325 358 
76 186 186 228 
70 70 184 184 184 
110 176 176 288 288 
150 408 
40 
149 149 374 374 417 417 442 442 442 
270 270 286 286 413 
138 

283 283 283 415 
5 5 
273 
375 375 375 375 
70 70 184 409 
225 419 419 419 
184 

364 364 410 
315 
11 334 385 
496 496 
271 271 271 
39 184 184 191 191 195 195 195 204 204 204 236 236 268 
191 239 239 267 285 

251 251 
3 3 7 7 9 9 158 203 218 218 218 233 233 266 266 266 282 282 287 297 297 297 327 327 354 374 374 374 375 375 401 412 412 427 427 442 442 453 453 453 
160 160 
5 5 5 256 354 354 472 475 475 
206 206 219 219 402 405 405 
230 230 236 
224 224 
415 415 
236 236 460 
5 184 184 496 496 496 
308 308 467 467 467 
67 67 192 298 298 298 347 347 421 421 421 
144 144 271 271 427 
147 254 254 254 415 415 

191 268 
193 251 251 382 382 382 
271 
247 247 
184 
23 23 171 196 480 
184 184 426 
76 76 152 152 152 184 184 184 364 364 410 410 
408 
58 58 58 139 408 
229 
169 233 425 425 
271 271 271 408 408 
281 281 281 347 
54 54 76 76 413 413 

339 339 339 
39 39 485 485 
230 415 
191 191 
159 159 227 227 392 392 392 
87 87 370 408 408 
184 184 184 354 396 465 465 
280 280 
35 35 35 210 210 
233 233 233 233 

84 85 160 
8 193 224 
76 76 80 80 80 214 215 222 222 317 317 319 319 349 349 354 354 354 384 398 413 418 434 434 434 449 449 449 455 455 467 481 
31 31 73 94 184 184 263 336 336 486 486 
182 
314 314 398 413 413 
413 
314 314 
140 140 
42 96 96 96 96 96 323 323 
76 162 162 
42 42 42 321 321 
184 184 459 
72 72 153 153 244 244 503 503 503 503 
358 
7 7 7 271 271 
76 209 209 209 
82 82 82 165 223 223 223 
20 39 39 62 71 159 159 369 428 430 
22 22 
413 
413 413 
264 385 413 
174 174 413 413 
315 315 
199 
184 184 415 
46 46 145 145 145 301 301 301 381 381 381 408 427 452 452 453 464 464 470 
111 111 182 
222 
239 239 239 
227 
69 147 173 236 447 447 
52 52 184 
27 47 76 
281 281 298 421 421 506 
84 85 85 85 
314 314 481 481 
8 196 196 224 224 
236 432 
402 402 
76 456 
5 21 21 21 21 41 41 76 76 134 134 151 151 184 184 184 271 273 273 307 314 314 314 411 462 462 462 490 490 502 508 508 
12 12 184 184 184 202 202 202 
236 236 236 
240 431 431 496 496 496 
38 89 90 141 141 193 244 326 413 466 466 503 
61 81 
76 
186 
65 65 193 193 413 413 
182 182 
152 152 262 262 292 292 410 410 
415 415 415 
184 184 184 
181 181 390 390 390 
137 137 
330 
87 87 306 
68 68 
36 36 106 
8 8 
154 169 233 250 250 271 271 271 408 408 408 417 417 417 442 
233 257 257 257 257 271 271 
174 
225 225 

103 103 103 
134 134 
0 46 64 139 339 339 339 395 395 408 408 
286 286 286 
63 63 75 75 75 415 415 463 
314 449 449 
264 334 413 413 413 
86 198 198 
124 124 
487 487 
22 22 22 81 82 142 142 461 461 461 497 
17 367 367 367 455 455 

227 305 305 305 
225 225 225 
81 495 
46 381 381 
184 184 307 
58 
314 317 
41 41 445 445 445 445 
5 50 
110 110 110 271 
39 39 159 159 159 274 352 352 
427 
6 6 499 
39 39 39 274 274 
37 

25 25 25 26 87 87 87 150 158 158 158 248 293 294 297 297 306 306 339 374 374 374 381 381 412 412 437 470 470 
184 258 
262 292 292 364 364 
354 
271 271 408 408 
35 74 74 76 76 92 119 128 128 128 132 132 132 141 141 155 155 161 161 167 167 168 174 175 182 182 182 193 193 193 196 220 220 220 243 251 299 299 314 317 317 318 332 333 333 334 335 335 358 362 362 385 385 385 439 439 448 455 500 
22 22 108 108 108 497 
37 37 57 57 116 129 177 177 184 201 201 230 236 236 236 236 254 277 277 283 283 303 338 365 365 365 383 383 432 432 432 463 463 
65 65 
149 149 250 250 374 374 374 
80 95 95 95 314 
259 259 259 
98 
281 281 281 347 347 

76 76 

103 103 296 296 
184 291 
271 271 282 339 403 
159 330 

330 
357 357 496 
236 236 351 415 415 415 460 460 
159 159 159 
314 314 314 
449 449 
22 22 
408 
236 
45 161 413 413 
76 76 186 
1 5 18 18 98 98 
250 250 250 271 271 374 468 468 
5 
15 15 15 59 182 
41 399 399 399 399 
56 191 
344 344 
128 128 413 
314 314 314 384 384 435 435 467 
41 41 156 156 462 462 
184 
339 339 464 
271 271 271 339 
124 124 131 131 131 219 232 
17 17 314 314 390 390 413 
76 76 184 184 353 462 462 462 491 

5 225 225 
47 324 
211 236 278 432 432 
22 22 389 389 389 497 497 
99 354 354 354 450 450 456 456 456 
63 63 75 383 415 415 
339 339 452 
86 86 184 184 184 307 307 
72 358 358 
215 215 280 280 280 314 449 
123 442 442 
159 511 
339 408 408 
101 101 101 170 195 
273 475 475 
185 185 185 
487 487 
5 5 273 273 472 472 
10 10 10 100 240 496 
39 159 159 166 166 188 227 227 
76 76 207 
193 
127 290 
314 349 349 

222 

39 39 39 302 302 
31 31 120 120 315 315 489 489 489 489 
56 235 236 236 388 388 474 474 
184 
31 120 120 486 486 486 486 
51 51 184 354 354 
126 126 456 
41 
3 
155 155 155 155 243 243 
183 394 
10 100 100 100 197 197 240 265 265 279 279 279 357 357 357 431 476 
389 414 461 461 
160 
404 
193 413 
54 54 
354 
234 325 325 325 325 358 
88 
233 233 
347 
104 104 
5 5 5 86 86 198 354 354 
76 76 76 229 229 
159 159 
159 469 
