Nodes: 512, Edges: 1215
301 381 381 
441 441 441 
28 91 91 182 189 189 189 
271 493 493 
454 
34 34 48 50 50 50 88 184 225 255 255 273 354 354 354 400 400 441 441 441 458 475 504 504 504 508 
404 
233 271 271 327 327 
196 196 224 224 224 313 313 350 350 373 373 373 
271 271 271 


184 184 202 355 355 
76 76 
117 184 184 
182 182 444 444 
41 41 
390 390 455 455 
441 
104 
330 330 330 
31 354 354 354 
108 108 115 331 331 389 414 414 436 436 436 461 
171 171 171 290 

408 
158 158 158 408 
346 
2 178 178 178 183 
56 
180 222 222 
21 172 172 184 315 315 354 486 486 489 

67 67 67 192 192 
5 5 
210 210 309 309 309 413 413 
269 372 372 372 372 
406 406 406 415 415 
358 358 
62 159 159 166 166 166 219 241 267 302 302 330 402 402 402 405 477 477 477 485 485 
192 192 192 249 249 
16 16 85 85 99 137 137 151 156 156 160 160 184 184 184 354 399 399 445 450 450 492 
321 321 323 323 323 

137 137 
76 76 413 439 
64 64 64 381 
76 76 76 346 459 
5 50 50 
236 236 
5 5 5 48 48 400 400 
490 490 
184 184 345 
225 
76 76 299 501 501 
93 93 195 195 
29 236 236 304 487 
415 
294 294 397 397 
444 444 
104 236 236 
81 
39 241 330 330 
463 463 
46 46 46 381 381 
193 362 362 362 416 416 
141 141 
33 33 33 192 192 281 347 347 
169 169 296 296 
236 344 
184 246 258 258 
330 330 330 
89 89 325 466 
94 94 94 94 315 

383 383 
13 13 45 45 47 47 47 54 54 107 107 109 109 162 162 162 184 184 186 186 196 199 199 207 208 208 228 228 229 245 245 292 314 314 322 322 328 346 346 353 353 354 354 360 360 360 413 422 423 423 440 440 456 456 478 478 509 509 
196 196 413 

236 236 
314 314 418 
61 82 82 82 113 184 261 261 289 329 359 389 389 389 394 394 394 495 
81 81 81 121 121 142 142 143 143 329 329 329 
236 236 236 
85 312 348 
41 41 84 160 312 348 
198 198 386 465 465 
306 370 408 
5 504 504 504 
72 72 358 358 358 
358 
2 2 
182 182 182 404 413 
55 55 
73 73 73 73 315 
418 418 
314 321 321 
171 290 290 
420 420 441 441 
41 457 462 462 462 
496 496 
378 378 471 
117 117 136 136 216 216 
146 379 425 425 
19 60 138 236 236 507 507 
106 184 
105 149 149 190 190 372 
76 76 
22 22 414 414 
76 76 199 199 
176 176 247 247 401 401 401 
195 195 340 
184 184 
81 
367 
22 
177 415 
14 102 102 125 125 136 136 184 184 184 
364 364 
122 122 222 
486 486 489 
82 82 143 143 143 
119 119 
468 
232 232 232 232 387 454 
117 117 136 136 
185 185 185 491 491 
480 480 
220 220 220 413 413 413 448 448 448 
236 415 415 
389 
454 
168 413 413 413 
145 145 
380 380 

102 102 117 117 125 125 
41 41 44 44 184 368 368 
104 164 164 237 252 
294 
320 
66 66 413 
82 82 389 
82 82 121 121 121 217 217 
282 
133 133 339 339 
103 
236 236 344 344 
236 236 236 304 304 
106 106 
248 248 
41 354 
213 292 292 292 364 364 
325 325 
374 374 
413 413 494 494 
41 41 450 450 
276 276 276 
26 26 26 194 271 408 408 
39 39 188 205 205 219 219 219 227 227 231 305 305 330 330 402 428 428 428 433 433 469 477 510 
41 41 85 312 498 498 
439 
76 76 76 

138 138 
329 
39 39 39 477 477 
220 220 413 413 
132 413 
68 68 179 296 371 371 374 
471 
23 23 23 97 290 290 
31 31 
344 344 344 
222 222 222 335 413 
407 407 407 413 
110 110 247 
116 283 300 300 415 
28 28 28 183 183 
169 
30 222 222 483 
367 367 367 
2 15 15 92 92 92 220 340 340 363 363 404 404 404 413 
28 178 178 
5 12 12 14 14 31 41 41 41 52 52 70 76 76 81 105 112 112 117 117 117 137 213 213 221 236 236 236 246 246 258 260 267 267 279 284 284 289 291 291 292 307 307 307 315 324 338 345 354 354 366 366 396 396 409 409 415 415 426 426 451 451 456 456 465 484 484 488 488 
126 126 126 473 473 491 491 
76 76 245 245 361 440 

159 477 477 
2 2 2 
106 106 372 372 
236 236 268 268 285 285 285 446 446 
33 33 40 40 40 67 67 236 236 281 281 
65 286 286 358 358 362 413 479 500 500 500 
158 
55 55 111 111 236 236 267 267 471 471 
8 8 76 77 77 200 290 290 290 350 373 373 373 413 413 
240 496 496 496 
86 86 279 386 508 
76 76 109 109 207 207 207 337 337 337 337 
196 
236 236 415 
12 355 
271 
267 267 268 268 
159 159 
274 274 274 274 
76 199 199 199 
76 76 
328 328 
35 35 309 
460 
233 233 
152 184 184 
215 215 314 314 314 
214 214 314 467 
102 102 
143 143 
271 271 
39 159 159 159 232 232 454 
128 128 128 167 167 182 
184 
30 30 119 174 174 174 180 180 314 314 341 341 413 483 
329 329 329 
8 8 8 350 
5 53 377 393 393 419 441 
292 
159 159 305 305 305 392 477 477 482 482 482 482 
76 76 
76 295 295 
236 236 275 275 303 415 415 415 
159 
124 124 124 124 219 219 454 454 
7 212 212 238 238 271 271 271 296 296 310 310 374 375 375 505 505 505 
503 
487 487 
49 49 56 56 60 60 69 79 79 83 83 83 104 104 129 147 147 148 148 148 184 184 184 191 191 192 192 195 195 201 201 230 230 237 267 267 275 275 275 278 278 278 344 344 351 351 351 356 415 415 415 432 432 438 460 460 487 
138 236 
233 233 
268 342 342 342 405 
197 476 
39 62 
423 
311 413 413 494 494 494 
325 325 358 
76 76 186 186 
70 184 184 
110 110 176 288 401 401 
150 150 408 408 
40 40 
374 374 401 401 417 442 
270 286 286 286 413 
138 
330 
283 
5 5 
273 273 354 354 
375 375 
70 70 184 409 409 409 
419 419 419 419 
184 324 
81 81 329 329 
364 410 410 

334 334 
496 496 

39 184 184 195 195 204 204 236 236 268 
191 191 204 204 239 267 285 
36 
251 
3 7 7 9 9 9 158 203 218 218 233 233 233 282 282 287 287 297 327 327 339 354 374 374 374 375 375 401 401 408 408 412 412 427 442 453 453 453 

5 256 256 354 472 475 
206 206 206 206 402 402 405 405 
230 230 236 236 236 
157 157 157 
415 415 
236 236 236 460 460 460 
184 198 496 496 
308 308 449 449 467 467 467 
67 192 192 298 298 347 421 
144 271 271 427 427 427 
177 254 415 
184 184 
191 191 191 268 
193 193 251 251 251 382 382 413 413 
271 271 
247 
81 184 
23 97 97 171 171 196 196 196 480 
184 184 
76 152 152 152 184 226 364 364 364 410 
408 
58 58 139 397 397 408 408 
229 229 
68 68 169 233 233 425 425 
271 408 
281 281 347 347 347 
54 413 413 
177 177 
0 
39 39 485 
230 
56 148 148 
159 159 227 227 227 392 
87 370 370 370 408 408 
184 184 184 354 396 396 465 465 465 
280 280 467 
35 35 35 210 
233 233 
243 
84 85 160 
8 8 
76 76 80 80 96 214 214 214 215 222 222 317 317 319 319 349 354 354 384 398 398 413 413 418 418 429 429 434 434 449 449 449 449 455 467 467 481 
31 31 73 94 184 336 486 

314 314 398 398 413 

314 314 
140 396 
42 42 96 96 323 
76 76 
42 42 42 321 
184 260 
72 153 153 244 244 503 503 
358 
7 7 271 271 
76 209 209 
81 82 82 82 165 223 223 223 261 261 
20 20 20 39 62 62 71 71 71 159 159 253 369 369 428 
22 22 
407 413 413 413 

264 264 385 385 413 413 
174 
315 486 
199 199 199 199 
184 415 
145 145 271 381 381 381 408 408 452 452 453 464 464 470 
111 182 182 
222 222 
239 239 239 

69 147 147 173 173 173 236 236 447 447 
52 184 
27 47 76 76 459 
67 67 281 298 298 298 421 506 506 506 
84 85 
314 481 481 
8 8 196 224 
236 236 236 415 432 432 
402 402 402 
76 76 456 
5 5 5 21 21 21 31 41 76 76 151 184 184 256 256 271 273 307 314 314 411 411 411 450 450 462 490 490 508 508 508 
12 12 202 
236 
367 431 431 496 496 
38 38 89 89 89 90 193 193 244 326 413 466 466 503 503 503 
81 
76 76 76 
186 
65 65 65 193 413 413 
182 182 
118 118 152 152 262 292 292 292 410 410 410 
415 415 
184 184 
114 181 181 181 357 390 496 496 
137 137 
330 330 
87 306 306 306 
169 169 
36 36 36 36 106 190 190 
8 8 8 196 196 196 
154 154 169 233 250 250 271 271 271 408 417 417 442 442 
233 233 257 257 271 271 

225 
101 101 
103 
134 134 
0 0 46 64 64 339 339 339 395 395 408 
286 286 413 
75 75 415 415 432 463 463 463 
314 
334 334 413 413 
86 198 
124 
487 487 
22 81 81 81 130 142 461 461 461 497 
17 17 367 455 455 455 

227 305 
225 225 
81 81 81 495 495 
381 381 
184 184 307 307 320 
58 58 294 294 
314 314 317 317 
41 41 445 445 445 
5 5 50 50 
110 110 110 247 247 250 250 271 271 
39 39 39 159 274 274 352 352 352 
427 
6 92 182 182 182 
39 239 274 274 
37 37 37 
175 175 175 332 
25 26 87 158 158 248 248 271 271 293 294 294 297 306 306 339 339 374 381 412 412 470 
184 184 258 258 258 
262 262 292 364 364 364 
354 354 354 
271 271 408 408 
35 35 45 76 77 92 128 128 128 132 132 132 141 155 155 167 167 168 174 175 182 193 196 196 222 243 243 251 286 286 299 299 314 314 317 332 332 332 334 334 358 362 362 382 385 385 448 448 455 500 500 
22 22 108 108 497 497 497 497 
37 37 57 116 129 129 177 184 184 201 230 230 230 236 236 236 277 277 283 338 351 365 365 383 383 432 432 463 
65 65 
250 374 374 
80 95 95 314 314 
225 259 259 259 259 
98 98 441 441 441 
281 347 
76 
76 76 242 

103 103 296 296 
184 184 
271 282 282 282 403 
159 159 159 330 
314 314 

357 357 496 
236 236 351 351 383 415 415 460 460 
159 159 
314 314 
449 449 
22 22 22 

236 
45 161 
76 76 186 
1 1 1 5 5 5 18 98 98 225 420 420 420 
250 271 374 374 468 
456 
15 15 59 59 
41 399 399 399 
191 191 
344 344 
128 128 128 413 413 
280 280 314 314 314 314 435 435 467 467 
41 41 156 156 354 354 
184 184 
339 339 464 
271 271 271 339 
4 124 131 219 232 232 
17 17 314 390 390 390 413 
76 76 184 184 353 443 491 491 
99 
5 
47 346 
211 236 236 278 278 278 432 432 
22 389 389 389 497 497 
99 99 99 354 
63 63 383 383 383 415 
339 339 452 
86 86 184 307 307 307 
72 358 358 
215 280 280 280 308 314 314 449 449 
123 442 
159 511 511 
339 408 
101 170 195 195 
273 475 475 475 
185 185 
487 487 
5 273 472 472 472 
240 496 496 
39 39 39 159 166 166 188 188 227 227 
76 76 
193 
127 127 290 
314 349 349 
227 227 227 227 
180 222 
184 184 
39 39 302 
31 31 120 120 315 336 489 489 
56 235 235 236 388 388 474 474 
184 184 
31 120 486 486 
51 51 354 354 
126 126 185 185 456 456 
41 
3 3 
155 155 243 243 243 
81 394 394 
100 100 197 197 197 265 265 279 279 357 357 367 367 431 476 476 
389 414 414 414 414 461 461 
160 160 

193 193 193 413 413 
54 54 

234 325 325 358 358 358 
5 5 5 88 88 88 
233 233 233 
347 347 347 
104 104 
5 198 354 354 354 
76 76 
159 
469 469 
