Nodes: 512, Edges: 1215
301 381 381 
441 441 
28 91 91 111 111 182 183 183 189 189 
271 271 493 
454 454 
34 34 48 48 48 50 50 184 184 184 198 225 225 225 255 273 279 354 354 354 400 441 443 443 475 504 508 508 
404 404 
271 271 327 327 
196 224 350 350 373 373 373 
271 
476 476 476 496 
264 
184 184 355 355 
76 
117 117 117 184 184 
182 182 444 
41 41 41 184 
390 455 455 
441 
104 
330 
31 354 354 
108 108 108 115 115 331 389 389 461 
171 171 290 
76 76 
408 
158 408 
76 76 76 346 
2 178 178 183 183 
56 56 
180 222 222 222 
21 172 172 184 184 184 315 315 486 486 489 489 
184 
67 192 192 
5 5 
210 210 210 222 222 222 309 309 
269 372 372 
415 
358 
62 62 159 159 163 166 166 219 219 219 241 267 267 302 302 330 402 402 402 405 405 405 477 485 485 
236 249 249 
16 16 16 85 85 99 137 137 137 184 184 324 324 354 354 399 445 445 445 450 450 450 
321 321 323 323 
193 193 
137 137 
76 76 413 439 439 439 
64 64 64 381 395 
76 76 346 459 459 
5 5 5 50 50 
236 
5 5 48 48 400 400 
490 490 490 
184 184 345 345 
225 225 
76 299 299 501 501 
195 195 236 236 
29 29 191 191 236 446 487 487 487 
415 415 
397 
444 444 
104 
81 359 359 359 
39 39 241 241 330 
383 383 463 
46 46 46 381 
193 193 416 416 
141 141 
33 281 281 347 347 
169 296 296 371 
236 236 236 344 
184 246 258 258 258 

89 89 325 325 466 466 
94 94 94 94 
413 413 
463 463 
13 24 24 27 27 27 45 45 47 47 54 107 107 109 109 162 184 186 186 199 199 207 207 208 229 292 292 299 322 322 328 328 328 346 346 353 353 413 413 423 423 440 456 456 478 478 509 509 
196 196 413 413 
456 

314 314 418 418 
61 82 82 113 184 261 289 289 359 389 389 389 394 394 495 495 
81 81 121 143 143 329 329 389 
236 236 
85 348 348 
41 41 84 160 160 348 
198 465 465 508 
306 370 370 408 
190 504 504 
72 72 358 358 358 358 
358 358 
2 2 
182 404 404 404 413 

73 73 73 73 
418 
314 314 321 321 
171 171 290 
420 441 
41 457 462 462 462 
197 476 496 
140 195 195 378 471 
117 136 136 136 
146 146 379 
19 60 138 236 236 236 507 507 
106 106 106 184 184 184 190 
105 105 105 149 190 190 
76 76 
22 22 22 414 
76 76 199 199 
130 130 130 176 247 401 
2 2 195 195 340 340 
184 184 184 
81 
367 367 367 
22 22 
177 177 184 184 415 415 
14 14 14 102 125 125 135 136 184 184 236 
364 
122 122 122 222 413 413 413 
486 
82 143 
119 119 119 314 
468 
232 232 232 387 454 454 
117 117 136 
185 491 
480 480 
220 220 220 220 413 413 
415 
110 110 110 177 389 
454 454 
413 413 413 
145 145 145 145 145 
354 354 380 
117 
102 102 102 117 125 
41 41 41 44 44 184 184 368 368 368 
104 164 236 236 237 

101 320 
66 66 358 413 
389 389 
82 82 121 217 

133 133 133 133 133 339 
103 103 
344 344 344 
236 304 
106 250 417 
248 408 408 408 
354 354 
213 213 364 364 364 
325 325 325 
374 374 
413 494 494 
450 
233 276 276 374 
26 194 194 271 271 408 408 408 
39 39 188 205 205 219 219 219 227 227 231 231 305 305 402 428 428 433 469 477 510 510 510 511 511 
85 85 272 272 272 312 312 498 498 498 
413 413 439 
76 322 322 
39 
138 
329 329 
39 39 477 477 477 
220 413 413 
413 
68 179 296 371 371 371 371 371 
471 471 
23 23 97 97 290 290 
31 31 
344 
222 222 376 413 413 
407 407 413 413 
110 247 247 247 
116 116 130 269 300 415 
28 28 183 
169 
30 222 222 222 483 
367 367 367 
2 15 15 92 220 316 340 363 363 363 404 413 413 444 
2 2 28 28 178 
5 5 5 12 12 14 14 16 31 31 31 32 41 41 52 52 70 76 81 105 105 105 112 112 112 116 116 117 117 137 137 213 221 221 221 236 236 246 246 258 260 260 267 279 279 289 289 291 292 292 292 307 307 307 315 315 324 338 345 345 354 355 366 396 396 409 409 415 415 426 426 426 451 456 465 484 488 488 
126 491 
76 76 245 361 440 440 
413 413 
159 477 477 
2 2 
88 105 106 106 372 
56 56 267 267 267 268 268 268 285 304 446 
33 33 236 236 281 281 281 
43 43 65 65 286 286 313 358 362 362 413 413 479 500 500 
158 158 
55 55 101 101 111 111 236 267 267 267 471 
8 77 77 200 200 290 290 350 373 373 413 413 
100 240 476 496 
5 86 279 386 508 508 
76 76 109 109 207 207 337 337 337 
196 196 
236 415 415 
355 355 501 
271 271 
267 267 268 
159 159 
274 274 
76 76 199 199 
76 
328 
35 35 35 309 309 

233 233 
152 152 184 
215 314 
214 314 467 467 

143 
271 
39 39 39 159 159 159 232 232 232 274 274 402 
128 128 128 128 167 182 
184 184 184 
30 30 30 35 35 35 119 174 174 180 180 180 314 341 413 413 413 483 483 
329 329 
8 276 276 313 313 313 350 
5 5 5 53 53 259 259 377 393 419 441 458 458 
292 
159 159 305 305 305 343 343 392 392 392 482 482 
245 
76 295 295 509 
236 236 275 275 303 415 
159 159 
124 124 124 219 219 219 454 
157 212 212 238 238 271 271 271 296 296 296 310 374 375 505 505 
503 
487 
40 49 55 55 56 69 69 69 83 83 104 104 104 117 138 138 148 184 184 192 192 195 201 230 230 237 267 275 275 278 278 344 351 415 415 415 438 438 438 460 487 487 
138 236 
233 233 
268 268 268 268 342 342 
197 357 476 
39 62 62 

311 311 311 494 
325 325 
186 228 
70 184 184 
110 176 176 176 288 288 401 401 
150 408 408 
40 40 
149 401 401 401 417 417 442 442 442 
270 270 286 286 286 413 413 

330 
283 415 415 
5 
273 354 354 
375 375 375 
70 70 70 184 409 409 
225 225 419 419 
184 184 
81 329 329 
364 
315 315 315 
11 334 334 385 
496 496 496 
271 271 
39 39 184 191 191 191 195 195 195 204 204 236 268 268 268 356 356 356 471 471 
191 191 191 204 239 239 239 239 267 267 267 285 
36 177 415 
251 251 
3 3 7 7 9 158 158 203 203 218 233 233 233 266 266 287 287 287 297 327 354 354 374 374 375 391 401 408 408 412 442 
160 160 160 
5 256 354 472 
206 206 219 219 402 402 405 405 
230 230 236 236 
157 157 224 224 
415 415 415 
236 236 460 460 460 
5 184 184 198 
308 449 449 449 467 
67 67 192 192 192 298 298 347 421 
427 
254 415 

191 268 
193 193 251 251 251 382 382 382 382 
271 271 271 
247 247 
81 81 184 184 
23 97 171 171 196 196 
184 
76 76 184 184 184 226 364 364 410 410 

397 408 408 
229 229 
68 68 169 233 233 233 
271 408 
281 281 347 
54 54 76 413 413 
177 
0 339 339 339 
39 39 485 485 
230 
148 191 
159 159 227 227 227 392 392 392 
87 370 370 408 408 
184 184 184 354 354 396 396 465 465 465 
280 467 
35 35 210 210 
233 
243 243 243 
160 160 
193 224 224 224 
80 80 96 96 122 214 215 222 317 317 319 319 349 384 398 413 413 418 429 429 434 434 449 449 449 455 
31 31 184 184 263 263 263 336 486 486 
182 
314 314 398 398 
413 413 
314 314 354 354 
140 
42 42 96 96 323 323 
76 76 162 162 
42 42 321 321 359 359 
41 41 184 
72 72 153 153 153 244 244 503 503 503 
358 
7 7 271 
76 76 76 209 
82 82 165 165 223 223 261 261 
20 39 62 253 369 369 369 428 430 
22 
407 407 407 413 
413 413 
264 264 385 413 

315 486 486 
199 199 199 
184 415 
145 301 301 301 381 408 408 408 427 452 453 464 470 470 
111 111 182 
222 
239 239 
227 227 
69 147 147 147 173 236 447 447 
52 52 184 184 
27 47 76 76 459 
67 67 281 298 421 421 421 506 506 
84 84 85 
314 481 481 481 
8 8 196 224 
236 415 432 432 
402 402 482 
76 76 456 
5 5 5 21 21 41 41 134 134 151 151 184 256 256 271 271 273 307 307 319 319 411 450 450 462 490 502 502 508 508 
12 12 184 202 202 
267 267 267 
240 367 431 431 496 
38 89 89 89 89 90 90 141 193 326 413 466 466 503 
61 61 61 81 323 323 

186 
193 193 413 
182 182 182 
118 152 152 152 262 292 292 410 
415 415 
184 
114 114 114 181 181 181 357 390 390 390 496 
137 137 137 401 
330 330 330 
87 87 306 306 
68 169 169 169 169 169 
36 36 190 
8 8 8 196 196 
154 154 157 233 271 271 408 408 442 
233 257 257 257 271 
174 
225 
101 
103 
134 
0 0 46 64 339 395 395 395 408 
286 286 286 286 413 
63 63 415 415 432 463 
314 
264 334 413 413 
198 
124 
487 487 487 
22 22 81 81 81 82 130 142 142 497 
17 367 367 367 455 455 455 455 
271 
227 227 227 305 305 305 
225 
81 81 495 
46 381 381 381 
184 184 307 307 
58 294 
314 317 317 
41 445 445 445 
5 50 50 
110 247 247 250 250 250 271 368 
39 39 39 159 219 274 274 352 352 
427 
6 6 92 92 92 182 499 
39 39 39 274 274 

175 175 332 332 332 413 413 
25 26 87 150 150 150 158 158 158 248 248 271 271 294 294 297 306 306 339 339 339 374 374 381 437 437 437 
184 184 258 258 
292 292 364 
354 
271 
45 74 74 76 76 77 77 92 119 119 119 128 128 132 132 132 141 155 161 161 167 167 168 174 174 175 175 182 182 187 187 193 193 196 196 222 222 222 251 251 299 299 314 314 318 318 332 333 333 334 358 362 382 385 385 407 407 439 439 448 455 455 455 
108 497 497 497 
37 57 57 116 116 129 177 184 184 201 201 230 236 236 236 254 254 269 277 277 277 283 338 351 365 365 383 383 432 432 463 463 463 
65 65 
149 250 250 
80 80 95 314 
225 259 259 
98 441 441 
281 347 347 347 

76 76 


184 184 184 
282 339 403 
159 159 330 
314 314 
330 
357 357 496 
351 351 383 415 415 460 460 
159 
314 314 
449 

408 408 408 
236 236 236 
45 45 45 161 413 413 
76 186 186 
1 1 5 18 98 225 420 420 
250 250 250 271 374 468 468 
5 5 
15 59 59 182 
41 41 41 399 399 399 
56 191 
344 344 
413 
280 280 280 314 314 314 435 467 467 
41 41 41 156 354 354 462 462 462 
184 
339 464 464 
339 
4 4 124 124 131 131 232 
17 17 314 390 390 390 390 413 413 413 
76 76 78 184 353 462 491 491 
99 
225 225 
47 47 346 
236 278 278 278 432 432 
22 497 497 
99 99 99 354 450 450 450 456 
63 75 75 383 415 415 415 
339 452 452 
86 86 184 307 307 307 
72 72 358 358 
215 215 280 308 449 449 
123 442 442 
159 511 511 
339 339 
101 170 170 195 267 267 
273 

487 487 487 
5 
10 10 10 100 197 240 496 496 
39 159 166 166 166 188 188 
76 76 
193 
127 127 
349 349 349 
227 227 352 
180 222 222 
184 
39 39 302 302 
31 31 120 315 315 336 336 489 489 489 489 
56 56 56 235 236 236 388 388 388 474 474 474 
184 184 
31 31 486 486 486 486 
51 51 51 354 
126 185 456 456 

3 
155 155 243 
81 81 394 
10 100 197 265 265 265 357 367 431 476 476 
389 414 414 414 461 461 
160 160 160 
404 
193 193 
54 54 202 
354 354 
234 325 325 325 358 
5 88 88 
233 233 
347 347 
104 104 
5 5 86 198 198 354 354 
76 76 229 
159 159 159 
159 159 469 469 
