Nodes: 512, Edges: 1215
381 381 
441 
28 28 91 111 111 111 182 182 189 
271 271 493 493 
454 
34 48 48 50 88 105 184 184 225 225 225 255 273 273 273 279 279 354 354 400 441 441 443 458 475 475 504 504 508 508 

233 233 271 271 271 327 327 327 
196 196 224 224 350 373 373 
271 271 271 
476 476 496 
264 264 
184 202 202 355 355 
76 76 76 
117 117 184 
182 182 316 444 
41 41 41 41 184 
390 455 
441 441 441 
104 
330 
354 354 
108 331 331 414 436 436 
171 290 290 290 
76 76 
408 
408 408 
76 76 346 346 
2 2 183 183 
56 56 56 
180 180 180 222 
172 172 184 315 315 354 354 354 486 486 489 489 
184 184 184 
67 192 
5 
210 210 222 222 222 309 413 
106 106 372 372 372 
406 415 415 
358 358 
62 159 159 163 163 166 166 166 219 219 231 231 241 241 267 267 302 302 330 330 405 485 485 
192 236 236 236 249 249 
16 16 16 16 85 99 137 137 151 151 156 160 160 160 184 184 184 324 354 354 445 492 492 
321 323 323 323 
193 193 
137 
76 76 76 413 439 
64 64 339 339 381 381 395 395 395 
76 346 346 459 459 
5 5 50 50 
236 236 236 
5 48 48 400 400 400 
490 
184 184 345 345 345 

299 
93 93 93 195 195 236 
29 29 29 236 487 
415 415 
294 397 397 
444 444 
104 104 236 236 
81 359 359 
39 241 
383 383 463 
46 46 381 
193 193 193 362 362 416 416 416 
141 
33 192 347 
169 296 296 296 371 371 
236 236 344 
184 184 184 246 246 258 258 

358 358 466 
94 315 315 315 
413 
463 
13 13 13 24 24 27 27 45 45 45 47 107 107 109 162 184 184 186 199 199 199 207 207 208 228 228 229 229 242 242 242 245 245 292 299 299 314 314 314 322 322 328 346 346 353 354 354 360 360 360 413 413 413 422 423 456 478 509 
196 196 413 413 
456 
236 236 
314 418 418 418 
61 82 82 82 184 184 261 261 289 359 359 389 389 394 495 495 
81 81 81 121 142 142 143 143 
236 236 236 236 
85 85 312 348 348 
41 84 84 312 312 312 
198 386 386 508 
306 370 370 408 
5 504 
358 358 358 358 
358 358 358 
2 
182 413 
55 55 55 
73 315 
418 418 
314 321 321 321 
171 290 290 
420 441 441 
41 457 462 462 462 
197 476 496 
140 140 140 195 195 195 378 378 378 
216 216 
146 146 379 379 379 425 
19 60 60 138 138 236 236 507 507 
5 106 106 106 184 184 184 
36 36 105 105 105 190 372 372 
76 76 
22 414 
76 199 199 199 
176 247 401 401 
2 2 2 195 195 195 340 340 340 340 
184 184 

367 367 367 

177 177 184 184 415 415 
14 14 125 125 125 135 135 136 184 236 
364 
122 413 413 
486 489 
82 143 143 
119 
468 468 
232 232 232 387 387 
117 117 117 136 
185 491 491 
480 480 
220 448 
236 415 415 415 

454 454 
168 168 413 413 413 413 

354 354 354 380 
117 117 
117 125 
41 41 44 184 184 368 
104 104 164 164 236 237 252 
381 381 381 
101 101 101 320 
66 358 413 413 413 
82 82 389 
82 82 121 121 217 
282 282 
339 339 
103 103 
236 236 344 
236 236 304 
250 250 417 
339 408 
41 41 354 354 354 
213 213 213 213 292 292 364 
325 
374 374 
413 494 494 494 494 
41 450 

194 194 194 271 271 408 
39 39 188 188 188 205 205 205 231 305 305 330 330 402 428 433 469 469 477 510 510 511 511 
41 41 41 272 272 312 498 
413 413 439 
76 322 
39 39 
138 138 
329 329 
39 39 39 477 477 
220 220 413 413 
132 132 413 
68 179 296 296 371 371 371 374 
471 
23 97 
31 31 
344 344 
222 335 335 376 376 376 413 413 
413 413 413 
110 247 
116 116 283 283 300 300 300 415 415 415 
183 
169 
30 30 30 222 222 
367 367 
2 2 15 15 92 220 220 340 340 363 363 404 404 413 413 413 444 
28 28 178 
5 5 12 14 16 31 32 32 32 41 41 41 52 52 70 70 70 76 76 81 81 105 105 105 112 112 116 116 117 137 137 213 221 236 236 246 258 258 267 267 284 289 291 292 292 292 307 315 315 324 338 338 354 354 354 355 366 366 396 409 409 409 415 415 426 426 451 451 456 484 488 490 490 
126 473 473 473 491 491 
76 245 361 440 440 

159 159 159 477 
2 
106 372 
268 268 285 285 304 446 446 
33 40 67 281 
43 43 65 65 65 286 362 413 413 479 479 
158 158 158 
55 55 101 101 101 111 111 111 236 236 267 
8 8 77 77 200 200 200 290 290 373 373 373 413 413 
100 240 496 496 
86 386 386 
76 76 76 109 109 109 207 207 337 337 337 
196 196 196 
236 236 236 
12 12 355 
271 271 
267 267 267 268 
159 159 159 
274 274 
76 76 199 199 478 
76 

35 35 309 309 
460 460 
233 
152 152 152 152 184 
215 215 314 
214 214 467 467 467 
102 102 
143 
271 271 271 
39 39 232 274 274 274 402 402 454 
128 167 167 182 182 413 
184 
30 35 35 35 174 180 180 314 314 314 341 341 376 376 413 483 
329 329 
8 8 276 276 276 276 313 313 350 
5 5 5 259 259 377 377 377 393 393 393 419 441 458 458 

305 305 343 343 343 392 392 477 477 482 482 482 
76 76 245 
76 76 295 295 295 
275 275 303 303 415 415 
39 39 159 
124 124 124 219 
7 7 212 238 271 296 296 310 374 505 505 
503 
487 487 
40 40 40 49 49 49 55 56 60 60 69 69 79 79 83 83 83 83 104 104 117 129 138 147 147 148 148 184 184 195 195 201 201 201 237 237 275 278 278 278 344 344 344 351 415 415 415 415 415 432 432 438 460 487 487 
138 236 236 
233 
268 268 268 268 342 
197 357 476 496 
39 39 62 
76 76 76 
311 413 494 494 
325 358 
76 76 186 228 
70 70 184 
110 176 288 288 288 401 
408 408 
40 40 
149 149 401 442 442 
270 286 413 
138 
330 330 
283 415 
5 
273 
375 375 
70 70 184 184 409 409 
225 225 419 419 419 419 

81 81 329 329 
410 410 
315 315 315 
11 11 385 385 
496 496 
271 
39 39 184 184 195 204 204 204 268 356 356 356 471 471 
191 191 204 239 239 239 239 267 
415 
251 
3 3 7 7 7 9 9 9 158 158 203 203 218 218 218 233 266 282 287 297 297 297 327 339 339 354 368 374 374 391 401 408 427 427 442 442 453 
160 160 
5 5 5 256 354 472 472 475 
206 206 219 219 219 402 402 405 405 405 
230 230 236 
224 224 224 224 
415 415 
236 236 236 460 
5 5 496 496 
308 449 467 467 
192 298 347 347 347 421 421 421 
144 144 271 427 427 
177 177 254 415 415 
184 
191 191 
193 251 382 382 382 382 413 413 
271 
247 247 247 
81 184 
23 23 23 97 97 196 196 480 
184 426 426 
76 152 152 184 184 184 364 364 410 410 
408 
58 397 397 397 408 408 
229 229 229 
68 68 68 169 169 233 233 425 
271 271 271 
281 347 347 
54 76 76 413 
177 177 177 
339 
39 39 485 485 485 
230 230 415 415 
148 191 
159 159 227 227 392 
87 370 370 408 
184 354 354 396 396 465 465 465 
280 467 
35 210 210 
233 
243 424 
84 85 85 85 160 
224 224 
76 76 76 80 96 214 222 222 222 319 349 354 354 354 398 398 398 413 418 429 434 449 455 467 467 481 481 
31 31 73 73 73 94 184 184 263 263 263 486 
15 
413 413 
413 413 
314 354 354 
140 396 
42 96 96 96 323 323 
76 76 162 
42 42 42 321 321 
41 184 459 
153 244 503 503 
358 358 
7 7 7 271 
76 
165 165 223 223 261 261 
20 39 39 159 159 253 253 428 428 430 
22 22 
407 407 413 413 
413 413 
385 385 413 413 
174 174 413 
486 486 486 
199 199 199 
184 184 415 415 
46 46 145 145 150 271 271 301 381 381 408 408 427 453 464 
111 111 111 111 182 182 
222 222 
239 
227 227 227 
69 147 173 173 236 236 236 447 447 
52 52 52 
27 27 47 47 76 76 459 459 459 
67 281 281 281 298 298 421 506 506 
84 84 
314 481 481 
8 224 
236 415 432 432 
402 482 
76 456 
5 5 21 21 31 31 31 41 41 76 76 134 134 134 151 151 151 184 184 184 271 273 307 307 314 314 314 319 319 411 411 450 462 490 490 502 502 508 
12 12 184 202 
267 267 267 
240 431 496 
38 38 72 72 89 89 89 89 90 90 90 141 244 326 326 413 466 466 503 
61 61 81 81 
76 76 76 
186 
65 65 193 413 
182 182 
118 152 292 292 410 
415 
184 184 
114 114 114 181 181 390 390 390 390 496 
137 271 401 

87 87 306 306 
68 68 169 169 169 
36 36 36 106 106 190 
8 8 196 196 196 
154 154 169 233 271 271 442 442 442 
257 257 
174 174 174 222 222 
225 225 225 
101 101 101 
103 103 103 
134 
0 0 46 46 64 139 139 139 339 339 408 408 
286 286 286 286 413 
63 63 415 432 463 
449 
264 264 334 334 413 413 
86 86 198 198 
124 124 
487 487 487 
81 81 142 461 461 
17 367 367 367 367 455 
271 
227 227 305 
225 225 225 
81 
46 46 46 
184 307 307 320 
58 58 294 294 294 
314 314 314 
445 445 445 445 
5 50 50 50 
110 110 247 250 271 368 
159 219 219 274 274 352 
427 427 427 
182 182 
39 274 274 274 
37 
332 332 413 413 
25 26 26 87 150 158 248 248 271 293 294 294 306 339 339 381 381 412 470 
184 184 184 258 258 
262 262 292 292 364 
354 354 
408 
35 45 74 76 76 76 77 77 92 119 119 132 132 132 132 141 141 141 155 161 161 167 167 168 174 174 175 175 175 182 182 182 193 193 196 196 220 222 243 251 286 286 299 314 317 317 318 318 332 332 333 333 334 334 335 358 362 382 385 385 407 407 439 448 448 455 455 455 500 
22 108 497 497 
37 37 57 57 116 116 129 129 129 177 177 177 184 184 230 230 236 236 236 236 236 254 269 277 277 283 283 303 303 338 338 351 365 383 432 432 463 463 463 
65 65 65 
149 
80 80 80 95 95 314 
225 259 259 259 259 
98 441 
281 281 281 347 
76 
76 
311 
103 296 
184 184 291 291 
271 271 282 282 339 403 403 403 
159 330 330 
314 
330 
357 496 
236 236 351 351 383 415 415 460 
159 
314 
449 449 
22 22 

236 
45 161 413 
186 186 
1 5 5 18 18 18 98 98 225 420 
250 250 271 271 374 374 374 468 
5 
15 59 59 182 
41 399 399 399 399 
191 191 
344 344 
128 413 413 
280 314 384 435 435 467 
156 354 462 462 
184 184 
464 
271 339 
4 131 131 219 
17 314 390 413 413 413 
76 78 184 353 462 462 462 491 
99 
5 225 225 
47 47 324 346 346 346 
211 211 236 278 432 
389 389 497 
99 99 99 354 450 450 456 456 456 
63 75 383 415 415 415 
339 452 
307 307 307 
72 358 358 
215 215 215 280 280 308 314 314 449 
123 123 442 
159 159 511 511 511 
408 
170 267 267 
273 273 475 475 475 
185 185 185 
487 
5 5 273 472 472 472 
10 10 100 240 496 
159 166 166 188 227 227 
76 207 
193 193 
127 127 290 
314 314 349 349 
227 227 227 352 
222 
184 
39 39 302 302 302 
31 31 120 315 336 336 336 489 489 489 
56 235 235 236 236 388 388 388 474 
184 
31 31 120 486 486 486 
51 184 184 354 354 
126 126 185 185 456 
41 41 
3 3 
155 155 155 155 243 243 
81 81 
10 100 197 197 240 265 265 279 279 357 367 431 476 
414 414 461 
160 

413 

354 354 
234 325 325 358 
5 5 88 
233 233 
347 347 
104 104 
5 5 86 354 
76 
159 159 
159 159 469 469 469 
