Nodes: 512, Edges: 1215
381 381 
441 441 
28 91 111 182 182 182 183 
271 493 
454 454 454 
34 48 48 50 50 50 88 184 184 198 225 225 225 255 255 273 273 279 279 354 354 400 400 458 475 475 504 508 508 
404 404 
271 271 327 327 327 327 327 
196 224 313 350 350 373 373 373 
271 
476 476 496 
264 
184 202 355 355 
76 
117 184 
182 182 316 444 
41 41 41 184 184 
390 455 455 
441 441 

330 
31 354 354 354 
108 108 115 331 331 389 389 414 436 461 461 
171 171 290 290 
76 76 
408 408 
158 158 408 
168 346 346 
2 178 178 178 183 183 
56 56 
180 180 180 222 222 
21 172 184 184 315 315 315 354 354 354 486 486 489 489 
184 184 
67 192 192 
5 
210 210 222 222 222 309 309 413 
106 106 106 372 372 
406 415 
358 
62 62 159 159 163 163 166 166 219 219 231 241 241 302 302 302 330 402 405 405 477 485 485 485 485 
192 192 236 236 249 249 
16 16 16 85 85 99 99 151 151 156 156 160 160 184 184 184 324 354 354 399 445 450 492 492 
321 323 
193 193 
137 137 
76 76 413 439 439 
64 64 64 339 339 339 381 395 
346 346 459 
5 5 50 50 50 
236 236 236 
5 5 5 48 48 48 400 400 
490 490 
184 184 184 345 
225 
76 299 299 501 
93 93 195 195 
29 29 191 236 487 487 
415 415 
294 294 397 397 397 
444 444 
236 236 
81 81 359 359 
39 39 241 330 
383 383 383 463 
46 46 46 381 381 
193 193 362 362 362 416 416 
141 141 
33 192 192 281 347 
296 296 
236 344 
184 184 246 246 
330 330 
89 89 89 358 466 
94 315 315 
413 413 
383 383 383 463 463 
13 24 24 45 45 54 107 109 109 109 162 162 184 184 196 199 207 207 208 228 229 229 242 242 292 292 299 299 314 314 322 322 328 328 354 360 360 413 423 423 440 440 456 478 478 509 509 
196 413 
456 

314 314 418 
61 61 82 82 82 113 184 184 289 289 329 359 359 389 389 394 394 495 
81 81 81 121 143 143 143 329 389 
236 236 236 
85 85 312 348 348 
41 41 84 84 160 160 312 312 348 
198 198 386 508 
306 370 
5 504 504 
72 72 72 358 
358 
2 
404 413 
55 55 
73 315 315 
418 418 
314 321 321 321 
171 171 290 290 
420 420 441 441 
41 41 457 462 
197 476 496 496 496 
140 195 195 378 
117 117 136 136 216 
146 379 379 379 379 
236 507 507 
106 106 106 184 184 190 190 
36 36 36 105 105 105 190 190 372 372 
76 
22 22 414 
76 76 76 199 
130 176 247 
2 182 182 195 195 195 340 340 
184 
81 
367 367 
22 
177 177 177 177 184 184 
14 102 102 125 135 136 136 236 
364 364 
122 122 122 222 222 413 
486 
82 143 143 143 
119 119 119 
468 468 
232 232 387 454 
117 136 136 
185 185 185 491 491 
480 480 480 
220 220 220 413 448 448 448 
236 236 415 415 
110 
454 
168 168 413 
145 145 145 
354 354 354 380 380 
117 
102 102 117 117 125 125 
44 44 184 368 368 368 
164 164 236 236 237 252 
294 
101 
66 66 413 
389 389 389 
82 82 82 121 121 121 217 217 
282 
133 133 133 339 
103 
236 236 344 
236 
250 
248 248 248 339 408 
41 41 
213 292 364 
325 
374 
413 413 413 494 494 
41 41 450 450 
233 233 
26 26 194 194 271 271 408 408 
39 39 188 188 205 219 227 227 231 231 257 305 330 330 330 402 428 428 433 469 469 511 511 
41 41 85 85 498 498 498 
413 413 439 
76 76 322 
39 39 
138 138 
329 
39 39 477 477 
220 220 413 
27 132 132 413 
296 296 371 371 
471 471 471 
23 23 97 97 290 
31 
344 344 
335 376 376 413 413 
407 413 413 
110 247 247 
116 116 116 116 283 283 300 300 415 
28 28 28 

30 30 30 222 
367 
2 2 2 15 15 111 111 340 363 363 404 444 444 
2 28 28 
5 5 12 14 16 16 31 31 32 32 41 41 41 52 52 52 70 70 76 76 81 81 105 105 112 116 116 137 221 221 236 236 236 246 246 258 258 258 260 267 267 267 279 279 284 291 291 292 292 307 307 315 315 315 324 338 345 354 355 355 355 366 396 396 409 409 415 415 426 426 451 451 456 465 484 488 488 490 
126 126 126 
361 440 
413 
159 159 477 477 477 

105 105 106 106 372 372 372 
56 236 236 267 267 268 285 285 304 304 446 446 446 
33 33 40 40 67 67 236 236 281 281 
43 43 65 65 286 358 358 358 362 413 413 413 479 479 500 500 
158 158 
55 55 101 101 111 111 111 267 267 471 471 471 
8 76 77 200 290 350 373 373 
100 476 496 
5 86 86 386 386 508 
76 109 337 
196 
236 236 236 
12 501 
271 271 
267 268 
159 
274 274 
76 76 478 478 
76 
328 328 
35 35 309 
460 460 
233 233 
152 
215 215 314 314 
214 214 314 314 467 467 
102 
143 143 

39 39 159 232 274 402 454 454 
128 128 128 167 167 413 413 
184 184 
30 30 35 35 35 119 119 180 314 341 341 376 376 413 483 
329 329 
8 276 276 276 313 313 350 350 
5 5 5 53 259 259 259 377 393 393 419 419 441 441 441 458 458 
292 
159 159 305 305 305 343 343 392 392 392 477 477 482 482 482 482 
76 245 
76 76 295 295 509 509 
236 236 275 275 415 415 
39 159 159 
124 124 219 454 454 
157 157 212 212 238 271 271 296 296 310 310 374 505 505 
503 503 
487 
40 40 49 49 49 56 60 60 69 83 83 83 104 117 129 129 138 138 147 147 148 184 184 184 191 191 192 192 201 201 201 230 230 237 237 267 275 275 278 278 278 344 351 351 356 356 356 415 415 415 415 432 432 438 438 460 487 487 
138 236 236 
233 
268 268 342 342 342 
476 496 
39 39 62 
76 76 
311 413 413 413 494 494 
325 325 358 358 358 
228 
70 70 184 184 
110 176 176 288 401 
150 150 150 408 408 
40 40 
149 374 374 401 401 442 
270 270 286 
138 
330 330 
283 
5 5 
273 273 273 354 354 354 
159 375 375 
184 184 184 409 
225 225 225 419 
184 324 
329 329 
364 410 410 
315 315 
11 334 334 385 
496 
271 271 
184 184 184 191 191 195 195 204 236 268 268 471 471 
191 204 239 239 267 267 

251 251 
3 7 7 9 158 158 203 203 233 233 266 266 282 282 287 287 297 297 297 327 339 339 374 374 375 391 401 401 401 408 408 412 412 427 427 427 442 453 453 

5 5 256 256 256 354 354 354 475 475 475 
206 206 219 402 402 405 405 
230 230 236 236 
224 224 224 
415 415 
236 236 236 460 460 460 
5 5 184 184 
308 449 449 
67 192 192 298 298 347 421 421 
144 271 271 427 
177 177 254 
184 
191 191 
193 251 382 382 382 382 
271 271 
247 
81 81 
23 23 97 97 171 196 480 480 
184 184 426 
76 76 152 184 184 226 364 410 
408 408 
58 58 139 397 397 408 408 
229 229 
68 68 169 169 233 233 425 
271 271 271 408 
281 281 347 347 347 
54 54 76 76 413 413 
177 177 
339 339 
39 39 39 485 485 485 
415 
191 191 
159 227 227 227 392 
87 370 370 408 408 
184 184 354 354 396 465 465 
280 467 
35 35 210 
233 233 
243 424 
84 85 85 
8 224 224 
76 76 80 80 96 214 214 215 215 222 317 319 349 384 384 413 413 413 418 429 429 434 449 449 449 449 455 455 455 467 481 481 
31 31 31 73 73 94 94 184 184 184 263 263 486 486 
15 
314 398 398 413 
413 
314 354 

42 96 96 96 323 323 
76 76 162 
42 321 321 359 359 359 
41 184 260 
153 244 244 503 
358 
7 7 7 7 7 271 
76 76 209 209 
81 82 165 223 223 261 261 
20 39 62 71 71 159 159 159 253 253 
22 22 
407 407 413 
413 413 
264 264 385 413 
174 413 
486 
199 
184 415 415 
46 46 46 145 150 271 271 301 301 381 381 408 408 427 464 464 470 470 
111 111 182 
222 222 
239 239 239 
227 227 
69 147 173 173 236 447 447 447 
52 184 
27 27 47 47 459 459 
67 281 298 298 298 421 421 506 
84 84 85 
314 481 481 481 
8 8 196 224 224 
236 236 432 
402 
456 456 
5 5 21 21 21 31 31 31 41 41 76 134 134 134 184 256 256 256 273 273 273 307 307 319 450 462 462 462 490 502 508 
12 12 184 184 184 
236 236 236 
367 431 496 
38 72 89 90 193 193 193 244 244 244 326 413 413 466 466 503 503 
61 61 81 81 323 323 323 
76 76 
186 
65 65 65 193 413 
182 182 
118 118 152 262 292 
415 415 
184 
114 114 181 357 390 496 
137 137 137 401 

87 306 306 
169 169 
36 36 106 106 190 190 190 
8 8 8 196 196 
154 233 250 250 271 271 408 408 417 442 442 
257 257 271 
174 174 222 222 
225 
101 
103 103 103 103 
134 134 
0 0 46 64 64 339 339 395 408 408 
286 286 286 286 413 
63 63 63 75 75 75 415 432 463 463 
314 314 449 
264 334 413 
86 198 198 
124 
487 487 
22 22 81 81 82 142 142 142 497 497 
17 367 455 455 455 
271 
227 227 227 305 
225 225 
81 81 495 
46 381 
184 184 307 
58 58 58 294 294 
317 317 
41 445 445 445 
5 5 50 50 
247 250 250 271 271 271 368 
39 159 219 274 274 352 
427 
6 6 92 182 499 
39 39 274 274 
37 
175 332 332 413 
25 25 26 150 158 158 248 248 271 271 293 293 294 294 297 306 306 339 339 374 374 381 381 412 412 437 
184 184 258 
262 262 292 

271 271 408 408 
35 45 74 74 76 77 92 119 128 132 141 155 155 155 161 161 167 168 174 174 175 175 187 193 193 193 220 220 222 243 243 243 299 299 314 314 314 317 318 332 333 333 334 335 358 358 362 382 385 407 439 500 500 500 
22 108 497 497 
37 57 57 129 129 177 184 184 230 230 236 236 236 236 277 277 303 338 338 365 365 383 463 463 
65 65 
374 
80 95 95 314 
225 225 259 
98 98 441 441 
281 281 347 347 

76 76 
311 
296 
184 184 291 
271 271 271 282 339 403 
159 159 
314 314 

357 496 
236 236 351 383 
159 
314 
449 449 
22 
408 
236 236 
45 45 161 413 
76 76 186 
1 1 18 18 98 98 225 225 225 420 420 
250 271 374 374 468 

15 59 59 182 182 
41 399 399 399 
191 191 191 
344 344 344 
128 128 128 
280 280 314 314 314 314 384 435 435 467 467 467 
41 156 156 354 462 
184 184 
464 464 464 
271 271 
4 4 4 124 131 219 219 232 232 
17 17 314 314 314 390 390 390 
76 78 184 353 353 462 462 462 462 491 491 
99 
5 225 225 
47 346 346 
211 211 236 278 278 278 
22 22 497 
99 354 354 354 450 456 456 456 456 
63 75 75 383 383 415 415 
339 339 452 452 452 
184 307 307 
72 358 358 
215 215 308 314 449 449 449 
123 123 442 
159 159 511 511 511 
339 339 
170 170 170 195 195 195 267 267 
475 475 

487 487 487 487 
5 5 273 273 273 472 472 
10 10 100 197 240 496 496 
39 166 166 188 188 188 227 227 
76 76 207 207 
193 193 
127 127 127 290 290 
314 314 349 349 349 
227 227 227 227 
222 
184 
39 39 39 39 302 302 302 
31 31 120 315 315 336 489 489 
56 56 235 236 236 388 388 474 474 474 474 
184 184 
31 31 486 486 
51 51 184 354 
126 126 456 456 
41 41 
3 
155 155 243 243 
81 394 
10 100 100 100 197 240 265 357 367 431 476 476 
389 389 414 414 461 
160 160 160 
404 
193 193 413 413 413 
54 202 
354 
234 234 325 358 358 
5 88 88 
233 233 
347 
104 104 
5 5 86 198 354 
76 76 229 229 

159 159 469 469 469 
