Nodes: 512, Edges: 1215

441 441 
28 28 91 91 111 182 183 189 189 189 
271 
454 
34 34 34 48 50 50 184 225 225 255 255 273 354 354 354 400 400 441 443 443 458 475 508 
404 404 
233 233 271 271 327 327 327 
196 224 224 350 373 373 
271 
476 

184 202 202 355 355 355 
76 76 76 
52 184 
182 316 444 444 
41 184 184 
390 390 455 
441 441 
104 104 104 
330 330 330 330 
31 354 354 354 354 
108 115 331 331 389 414 436 436 
171 171 171 290 290 
76 76 
408 408 
408 
76 346 346 
2 2 178 178 183 183 
56 
222 222 222 
21 315 354 354 486 486 489 489 
184 
67 67 67 192 192 
5 5 5 
210 222 222 309 309 413 
106 372 372 
406 406 
358 358 
62 62 159 163 166 166 219 219 219 231 241 267 267 302 302 330 330 330 402 402 405 405 405 477 477 485 485 
192 192 236 236 249 249 249 
16 85 85 85 151 156 160 160 184 354 399 399 445 450 450 492 492 
321 323 323 
193 
137 137 
76 413 413 439 439 
64 64 381 395 395 
76 459 459 
5 50 50 50 50 
236 
5 5 48 48 48 48 400 400 
490 
14 345 
225 225 
76 76 76 299 
93 93 195 195 236 
29 236 446 446 487 487 
415 415 
294 397 
444 
104 236 236 
359 359 359 
39 39 241 241 330 330 
383 463 463 
46 46 381 
193 193 362 362 
141 
33 33 33 192 192 281 281 347 
169 169 296 296 296 371 371 
344 
184 246 246 258 
330 330 330 
89 89 325 325 358 
94 315 

383 383 383 463 
13 13 13 24 24 27 45 47 54 54 54 107 107 109 109 162 162 162 184 184 196 196 199 199 208 208 228 229 229 229 242 242 292 292 314 314 322 328 328 328 346 353 354 360 360 360 413 422 423 440 456 456 478 478 478 509 509 
196 196 413 413 
456 
236 236 
314 418 
82 184 184 261 261 289 289 359 389 389 394 495 
81 121 142 142 143 143 329 389 389 
236 236 236 
85 85 312 348 348 
41 41 41 84 84 160 312 312 312 
198 198 386 465 508 508 
306 370 370 370 408 
190 504 504 
72 72 
358 
2 2 
182 182 404 413 413 
55 55 
73 315 315 
418 
321 321 321 321 321 
171 171 290 
420 420 441 441 
462 462 
197 476 496 
140 195 378 378 471 
117 216 
146 379 379 379 425 425 
19 19 19 60 138 138 138 236 236 507 
106 106 184 190 
36 105 105 149 190 190 190 372 
76 76 
22 414 
76 76 199 199 
130 176 176 247 247 247 401 
2 182 182 195 195 340 340 340 
184 

367 
22 
177 177 184 184 
102 125 125 135 136 184 184 236 
364 364 364 
122 122 222 
486 489 
82 143 
119 119 
468 468 468 
232 387 387 387 454 454 
117 117 136 136 
185 185 491 491 
480 480 
220 220 413 413 448 448 
236 415 415 415 
110 
454 454 454 
168 413 
145 
354 354 380 380 380 
117 
117 125 125 
44 44 184 184 
104 104 104 164 164 236 237 
294 381 381 
101 320 320 
66 358 413 413 
82 82 389 389 389 
82 82 121 217 
282 
133 339 
103 
236 236 344 
236 236 236 
106 250 417 
248 339 408 408 
41 354 354 
213 213 364 
325 325 
374 374 
494 494 494 
41 450 450 
233 233 374 
194 194 271 272 408 408 
39 188 205 219 227 231 305 330 330 330 402 433 433 469 469 469 510 510 510 511 511 511 
41 41 85 312 
413 413 439 
76 76 76 322 
39 
138 138 
329 329 
39 39 477 477 477 
220 413 413 
132 413 413 
68 68 179 371 371 374 
471 
23 23 23 97 97 

344 344 
222 335 335 335 376 376 376 413 413 413 
413 413 413 
110 110 247 247 
116 116 269 283 415 415 
28 28 183 
169 
222 
367 
2 15 92 92 111 111 220 316 340 363 404 413 444 
2 28 28 178 
5 12 14 16 16 32 41 70 76 76 81 81 105 112 116 116 117 117 137 137 213 213 221 221 236 258 258 260 260 267 267 267 279 279 284 289 289 289 291 291 292 292 292 307 307 324 324 324 345 354 354 354 355 366 366 396 396 409 415 415 415 426 426 451 451 456 456 456 484 488 
126 126 473 473 491 491 
245 245 361 
413 413 
159 477 477 
2 2 2 
88 105 106 106 106 372 372 372 
236 236 267 285 446 446 
33 33 40 40 67 67 236 236 236 281 281 
43 65 65 358 362 362 362 413 413 479 500 500 
158 158 
55 55 101 111 111 236 236 267 267 471 
8 76 76 77 77 200 200 290 350 
100 240 476 496 
86 86 279 386 386 508 
76 76 109 109 207 337 
196 196 
236 415 
12 12 355 355 
271 271 
267 267 267 268 268 268 
159 
274 274 
199 478 478 
76 76 
328 328 328 
35 309 309 
460 460 
233 233 
152 152 184 184 
215 215 314 
214 214 314 314 314 467 
102 
143 
271 271 271 
39 39 39 159 232 232 274 274 274 402 454 454 
128 128 167 182 413 413 
184 184 
30 30 30 35 35 119 174 180 314 314 314 341 341 413 413 483 483 
329 329 329 
8 8 276 276 276 313 350 350 
5 5 53 53 259 259 377 393 393 393 458 458 458 
292 292 292 
159 305 305 305 343 392 392 392 477 477 482 482 482 
76 245 245 
76 76 76 295 295 509 
236 236 275 303 415 415 
39 159 
124 219 219 454 454 
7 7 157 157 212 212 238 238 271 271 271 296 296 310 310 375 505 
503 
487 487 
40 40 49 55 56 60 60 79 79 83 83 83 104 104 117 129 138 147 147 148 148 148 184 191 191 192 192 192 195 195 201 230 230 237 267 267 278 278 344 351 351 351 356 415 415 415 432 432 432 438 460 460 460 487 
138 236 
233 233 
268 342 342 
197 476 496 
39 62 62 
76 76 
311 311 413 
325 358 
186 186 228 228 
70 70 
110 110 110 176 176 288 288 401 401 
150 408 408 
40 40 40 
149 374 374 401 401 401 417 417 442 
270 270 286 286 413 

330 330 
415 415 
5 5 
273 354 
375 375 375 
70 184 184 409 
225 225 419 419 419 419 
184 184 
81 81 329 329 329 
364 364 410 410 
315 315 315 
334 334 385 385 
496 
271 
39 39 184 184 184 191 195 195 204 204 204 236 236 268 268 471 471 471 
204 204 204 239 267 267 
177 
251 251 
3 7 7 9 158 203 203 218 218 218 233 233 233 266 282 282 297 297 339 368 374 374 375 391 391 401 408 408 412 412 427 427 442 442 453 
158 
5 256 354 354 354 475 475 
206 206 219 219 219 405 405 
230 
224 224 224 
415 415 
236 236 460 460 
184 184 198 
308 308 449 449 449 
67 67 192 192 298 298 298 347 421 
144 271 271 427 
177 
184 
191 
251 251 382 382 413 413 413 

247 247 
81 81 184 184 184 
23 23 97 196 480 
184 184 426 
76 76 184 184 184 226 226 226 364 364 

58 139 408 408 
229 229 
68 68 68 233 233 
271 271 408 408 
281 281 281 347 347 
54 413 

339 
39 39 485 
230 415 415 

159 227 227 227 392 392 
87 370 408 
184 184 354 354 354 396 465 
280 280 467 
35 35 210 210 
233 233 
243 243 424 
84 85 85 85 160 
224 
76 76 80 214 215 215 215 222 222 222 317 317 349 349 354 384 384 398 398 413 413 418 429 429 434 434 449 455 467 481 481 
31 73 94 94 263 263 263 336 486 486 
15 182 
314 314 398 398 413 413 413 
413 

140 140 
42 96 96 96 96 96 323 
76 162 
42 42 321 359 359 
184 184 184 459 
72 72 153 153 244 503 503 503 
358 358 
7 7 7 
76 76 76 209 209 209 
82 165 165 223 223 223 261 261 261 
20 20 20 20 39 39 39 62 62 71 71 71 159 159 159 253 253 369 428 428 
22 22 
407 413 413 413 
413 413 
264 264 385 413 
174 174 174 413 
315 
199 
415 
145 150 271 301 381 381 408 408 427 427 452 452 452 464 464 464 
111 111 111 182 
222 222 
239 239 
227 
69 147 173 173 236 447 
52 184 
27 27 76 459 
67 281 298 298 421 506 506 
84 84 
314 314 481 481 
8 196 224 224 
236 236 236 415 432 432 
402 402 402 
76 456 456 456 
5 5 5 21 21 21 21 31 31 41 76 134 134 151 151 184 184 184 256 273 273 273 307 307 307 314 411 411 411 450 450 462 490 502 502 508 
12 12 12 184 202 202 
236 
367 367 431 496 496 
38 38 72 90 141 193 244 326 326 413 466 466 503 
61 61 61 81 323 323 
76 76 76 
186 
65 65 193 193 193 413 413 
182 
118 118 118 152 262 262 292 292 410 410 
415 415 
184 184 
114 181 357 357 390 390 390 
271 401 
330 
87 87 87 306 
68 68 169 169 
36 36 106 190 190 190 
8 8 
154 154 157 169 250 250 271 271 442 
233 257 257 257 271 
174 174 174 
225 
101 101 
103 103 103 
134 134 134 
46 64 139 139 339 339 395 395 
286 286 413 413 
63 75 75 75 415 415 432 432 463 463 
314 314 449 449 
264 264 334 413 
86 198 198 
124 124 124 
487 487 487 
22 81 81 82 82 142 142 142 461 497 497 
17 17 367 367 367 455 455 455 
271 271 
227 227 227 305 305 
225 225 225 
81 495 495 
46 46 381 381 
184 184 307 
58 
314 314 317 317 
41 41 445 445 445 
5 5 50 50 
110 247 247 250 250 250 271 368 
39 39 159 219 352 352 352 
427 427 
6 6 92 182 
39 39 39 274 274 
37 37 
332 413 413 413 
25 25 26 87 150 150 158 158 248 248 271 271 294 294 297 297 306 339 339 412 437 437 470 
184 258 
262 262 364 364 
354 354 354 
271 271 408 
35 45 45 76 77 77 92 92 128 128 132 141 141 161 161 167 167 168 168 174 174 174 175 175 175 182 187 187 193 193 220 220 222 222 243 251 286 286 286 299 314 314 317 317 317 318 332 332 332 333 333 334 335 358 362 362 382 382 385 407 407 407 439 448 455 455 500 
22 108 497 497 497 497 
57 57 129 129 129 177 177 184 184 184 201 230 230 236 236 236 254 254 277 277 303 303 338 351 365 365 383 383 

149 250 250 
80 95 314 
259 259 259 259 
98 98 441 441 
281 347 
76 
76 
311 
103 103 
184 184 291 
271 271 282 339 339 403 403 
330 330 
314 314 

357 496 496 496 
236 236 236 351 351 383 383 
159 159 
314 314 
449 449 
22 22 
408 408 
236 
45 45 161 413 
76 
1 1 5 18 18 98 98 420 420 
250 271 271 374 468 468 
5 5 
15 15 59 182 
41 399 399 399 
56 56 191 191 
344 
128 128 413 
280 280 280 314 384 384 435 435 
41 41 156 156 354 354 462 
184 184 
339 339 339 464 464 
271 
4 124 124 131 131 131 219 219 232 232 
17 314 390 390 390 413 413 
76 76 78 184 184 184 353 353 353 462 491 491 

5 225 225 225 
47 47 324 346 
211 211 236 236 236 278 278 
389 497 497 497 
99 99 354 450 456 
63 63 75 383 383 
339 339 339 452 452 
86 307 
358 358 
215 308 314 
123 123 123 442 442 
159 159 159 511 511 
408 
101 170 195 267 267 267 
475 475 
185 185 
487 487 487 487 
5 273 273 472 472 
10 100 197 240 496 496 496 
39 39 166 166 166 188 188 227 227 
76 76 76 207 207 
193 
127 127 290 
314 314 349 349 
227 227 227 
222 222 
184 
39 39 302 
31 31 120 315 315 489 489 489 489 
56 56 235 235 236 388 388 388 474 474 474 474 
184 
31 31 120 486 486 486 486 
51 354 
126 126 185 185 456 456 
41 41 

155 155 155 
81 394 394 
100 197 240 265 357 357 431 431 431 476 476 476 
389 389 414 414 414 414 461 461 461 


193 193 413 

354 354 
234 325 325 325 358 
88 88 
233 
347 347 
104 
5 86 86 198 354 
76 76 229 
159 159 159 
159 159 159 469 469 
