Nodes: 512, Edges: 1215
301 381 381 
441 441 441 
28 91 111 182 189 
271 271 271 493 
454 454 
48 50 50 88 88 184 184 198 198 225 225 255 273 279 354 354 400 400 441 443 443 475 475 504 508 508 
404 404 
233 233 271 271 327 327 327 327 
196 196 224 313 350 350 373 
271 271 
476 476 496 

184 184 202 202 355 355 
76 76 
117 117 184 
182 182 316 444 444 444 
41 41 41 184 
390 390 455 455 455 
441 441 

330 330 330 330 330 
31 354 354 
108 108 108 108 115 115 331 331 389 414 414 436 436 436 
171 290 290 
76 
408 
158 408 408 
76 76 76 
2 178 178 183 183 
56 56 
180 180 180 222 222 222 
21 172 172 184 315 315 354 354 486 489 489 
184 
67 67 192 192 

210 210 222 309 309 413 413 413 
106 372 372 372 372 
406 415 
358 
62 159 159 163 166 166 166 219 219 219 231 231 267 302 402 402 402 405 477 485 485 
192 192 236 236 249 249 
16 16 16 85 99 99 137 137 156 160 184 184 184 324 324 354 354 354 399 445 445 450 492 492 
321 321 
193 193 193 
137 
76 76 413 439 
64 339 339 339 381 381 395 395 
76 346 459 459 
5 50 50 50 
236 236 
5 5 48 48 48 400 400 400 
490 
184 184 
225 225 225 
76 76 299 299 501 501 
93 93 93 195 195 236 236 
29 29 191 191 236 236 304 446 446 446 487 487 

294 294 397 397 
444 444 444 
104 104 104 236 236 
81 359 359 
39 241 
383 383 463 
46 381 
193 193 362 362 416 
141 141 
33 33 192 281 347 
169 296 371 
236 236 344 344 
184 
330 330 
325 325 325 358 466 
94 94 
413 
383 383 463 
13 13 24 27 27 27 45 45 47 54 54 107 107 109 109 109 162 184 184 186 186 196 196 199 207 208 228 229 229 242 242 245 322 328 328 346 346 353 354 354 354 360 413 422 423 423 423 440 440 456 478 478 509 
196 196 413 

236 
314 314 314 418 
61 82 184 261 289 289 329 329 329 389 389 394 394 495 495 
81 121 121 142 143 143 329 389 389 
236 236 
85 312 
41 84 160 312 312 312 348 
198 198 386 
306 306 306 370 408 
5 5 504 504 
358 358 358 358 
358 
2 
182 182 182 404 413 413 413 
55 55 55 
73 73 315 
418 
314 314 314 321 
171 171 290 
420 420 420 441 441 
41 41 457 462 462 462 
476 476 496 496 
140 195 195 195 378 378 
117 216 216 
379 425 425 425 
60 60 60 138 138 236 507 
106 184 184 190 
36 105 149 190 372 
76 76 
22 22 22 22 414 414 
76 76 76 199 199 
130 176 176 176 247 247 401 
2 195 
184 184 

367 
22 22 
177 184 184 
14 14 102 125 136 136 184 184 184 236 236 
364 364 
122 122 122 222 413 
486 486 486 489 
82 82 143 143 
119 119 119 314 
468 468 
232 232 232 387 454 
117 136 136 136 
185 185 491 
480 480 
220 413 448 
236 415 
110 177 177 
454 454 
168 413 413 
145 145 145 145 
354 380 

117 117 125 125 125 
41 41 44 368 
104 104 164 236 236 236 237 252 
381 381 381 
101 320 
66 66 358 358 358 413 413 
82 389 389 389 
82 82 121 121 217 
282 
133 133 133 133 339 

236 236 344 344 344 
236 236 236 236 304 
106 
248 339 408 408 408 
354 354 
213 213 292 292 292 364 
325 
374 
413 413 494 494 
41 
233 276 276 
26 271 271 271 408 
39 39 188 188 205 205 205 219 227 227 231 257 305 305 402 428 428 433 469 469 469 477 477 510 511 511 
41 85 272 312 312 498 
413 439 439 
76 322 
39 
138 
329 
39 39 39 477 
220 413 413 413 
132 413 413 
68 179 296 296 371 
471 
23 97 97 290 290 290 
31 31 
344 344 
222 222 376 
407 407 413 
110 110 110 
116 130 130 283 415 
28 28 183 
169 
30 30 30 222 483 
367 
2 15 15 92 92 92 340 340 363 363 404 413 444 
28 28 178 
5 5 12 12 14 16 31 32 41 41 41 52 52 70 76 76 81 105 105 112 112 116 116 117 117 117 236 236 258 258 260 267 267 267 279 279 284 284 284 289 289 291 292 292 307 307 315 324 338 338 338 345 354 354 355 366 396 409 409 409 415 415 415 426 451 456 465 484 488 488 490 
126 126 473 473 491 
76 76 245 361 440 440 
413 
159 159 477 
2 
105 106 372 372 
56 56 236 236 267 267 268 285 285 
33 33 40 40 67 236 236 236 281 281 
43 43 43 65 65 358 358 362 413 413 500 500 500 

55 55 101 101 101 111 236 267 267 471 471 
8 8 76 76 77 77 200 200 290 290 373 373 373 
476 496 496 496 
5 5 86 86 279 386 508 508 
76 109 109 207 207 337 337 337 
196 196 
236 415 
12 12 355 
271 271 
268 
159 159 159 
274 274 274 
76 199 199 478 478 478 
76 
328 328 
35 35 309 309 
460 
233 233 
152 152 
215 215 314 314 
214 214 314 467 467 
102 102 
143 
271 271 
39 39 39 159 232 232 232 274 274 402 454 
128 167 413 

30 30 30 35 119 174 174 180 314 341 341 413 483 483 
329 
8 276 276 313 313 350 
5 5 53 53 53 377 377 377 393 393 441 441 458 458 

159 159 305 305 343 392 477 482 482 
76 245 245 245 
76 76 295 509 509 
236 275 303 303 
39 39 159 
124 124 124 219 219 219 
7 7 157 212 212 271 296 310 310 374 374 375 375 505 
503 

40 40 49 49 55 55 56 56 60 60 69 69 79 83 83 104 117 117 129 138 138 138 147 147 148 148 148 148 184 184 191 191 192 192 192 195 201 230 237 237 267 267 267 275 275 275 278 278 278 344 344 344 351 351 356 356 356 415 415 415 415 432 432 460 487 
138 236 236 

405 
357 476 
62 
76 76 423 
311 413 413 
325 325 358 358 
76 186 228 228 228 

110 110 288 288 401 401 401 
150 
40 40 
374 401 401 401 417 417 417 
270 270 270 270 270 286 
138 
330 
283 283 415 415 
5 
273 354 
159 375 375 375 
184 184 409 409 
419 419 419 
184 
81 329 329 329 
364 410 410 410 

334 334 334 
496 
271 271 271 
39 184 184 184 191 191 195 195 236 236 236 
191 204 

251 251 251 251 251 
3 3 3 7 7 9 9 158 158 158 203 203 218 218 233 266 266 266 282 287 287 297 297 339 339 354 354 374 374 374 375 375 391 401 408 408 408 412 412 427 427 427 442 442 453 453 453 
160 
5 256 354 354 472 472 475 475 
206 206 206 219 219 402 402 405 
230 236 236 236 
157 157 224 224 
415 415 
236 236 236 460 460 460 460 
5 184 184 198 496 
449 449 467 
67 192 192 298 298 298 421 
144 271 427 
177 254 254 415 
184 184 184 
191 191 
251 382 382 382 382 
271 271 
247 247 
81 81 184 184 
23 23 97 171 171 171 196 196 480 
184 426 
152 152 152 184 184 364 364 364 
408 
58 58 397 408 408 408 
229 
68 169 169 233 425 425 
271 271 
281 281 281 347 
54 54 

0 339 
39 485 
230 230 415 
56 148 
159 159 227 227 392 392 
87 87 87 370 370 408 408 
184 184 354 396 
467 467 467 
35 35 210 210 
233 233 
243 
84 85 85 85 160 160 
8 224 224 
80 80 80 96 96 96 122 214 214 215 222 317 317 319 349 349 354 354 384 384 384 418 429 429 429 434 449 449 449 455 455 467 467 467 
31 31 94 184 336 486 486 
15 
314 314 398 398 398 413 413 
413 413 413 
314 354 354 
140 396 
42 42 96 323 323 
76 162 
321 321 359 
41 41 184 
72 72 72 153 244 244 503 
358 
7 7 7 7 
76 76 209 209 
81 81 81 82 165 223 261 261 261 
20 20 20 20 20 71 71 253 369 428 430 
22 22 
407 413 413 413 
413 413 
264 264 264 385 413 413 413 

315 486 486 486 
199 199 199 
184 184 184 415 415 446 
46 46 46 145 150 271 271 301 381 381 381 408 408 408 427 427 427 452 452 464 470 470 470 
182 182 
222 222 

227 
69 69 147 147 147 173 173 236 236 236 
184 
47 76 76 
67 298 421 
85 
314 314 481 
8 8 224 
236 236 432 432 
402 
76 
5 5 21 21 31 31 41 41 41 76 76 76 134 151 151 184 184 256 271 271 273 273 307 314 314 319 319 411 411 450 462 462 490 502 508 508 508 
12 12 184 202 
236 236 236 
240 367 431 431 496 496 
38 72 89 89 89 89 90 141 141 141 193 193 244 244 326 413 466 466 503 
61 61 323 
76 
186 
65 65 193 
182 182 
118 118 152 262 292 292 292 410 
415 415 415 
184 
114 181 357 390 390 390 390 496 496 
137 
330 
87 306 306 
68 169 
36 36 36 36 106 190 190 
8 196 196 196 
154 233 233 250 271 271 271 408 442 442 
233 233 257 257 257 271 271 
174 
225 225 225 
101 101 
103 
134 
0 0 46 46 64 139 139 139 339 339 339 395 395 395 408 408 
286 286 286 286 413 
63 63 75 75 415 415 432 432 463 463 
314 314 314 449 449 
334 413 413 413 
86 198 
124 
487 487 
22 81 81 82 82 142 142 142 461 497 
17 17 367 367 367 367 455 455 
271 
227 305 305 
225 225 
81 81 
46 46 381 381 381 
184 307 320 
58 58 294 
317 317 317 
41 445 445 445 
5 5 50 50 50 
110 247 247 247 250 250 250 271 
39 39 39 159 219 274 274 352 

6 6 92 182 
39 239 274 
37 
175 175 332 413 
25 26 26 87 150 150 150 158 271 271 271 293 294 294 294 306 306 339 339 339 374 381 381 412 412 437 470 470 
184 184 184 258 258 
262 262 262 364 
354 354 
271 271 408 408 
35 35 35 45 74 76 77 92 92 92 119 128 132 132 141 141 155 155 161 167 167 167 168 168 175 182 187 193 193 220 222 243 243 317 317 318 318 318 332 332 332 333 333 334 334 334 358 382 385 385 385 407 439 439 439 448 500 500 
22 22 108 108 497 497 497 
37 129 177 184 184 184 201 236 236 236 236 254 254 277 277 283 303 338 338 365 365 365 383 383 432 432 463 
65 
250 250 250 
80 95 314 
259 259 259 
98 98 98 441 441 
281 347 
76 
76 76 76 242 

103 103 103 296 296 
184 291 
271 271 271 282 339 339 339 
159 159 330 
314 314 314 
330 
357 357 496 496 
236 236 351 351 383 383 415 415 460 460 
159 
314 
449 
22 22 22 
408 
470 
45 161 161 413 413 413 
76 76 186 186 
1 1 1 5 18 18 98 98 225 225 420 420 
271 271 374 374 468 468 
5 5 456 
15 15 15 59 59 59 182 
41 41 399 399 399 
56 56 56 338 

128 413 
280 280 314 314 314 384 384 435 467 467 
41 354 462 462 
184 
339 339 
271 271 271 
4 4 124 131 131 219 
17 17 17 314 314 390 390 
76 184 443 462 462 491 
99 
225 225 
47 47 
211 236 278 278 278 278 432 432 
389 497 
99 99 99 354 354 450 450 456 456 
63 75 383 383 415 
339 
184 
72 358 358 
215 215 280 308 308 308 314 314 314 449 449 
123 123 442 442 
159 159 159 511 511 
339 339 339 408 408 438 
170 195 195 
273 273 475 
185 185 
487 487 487 
5 5 273 273 472 
10 10 100 100 197 240 496 496 
39 159 159 166 188 227 
76 76 207 207 207 

127 127 290 
349 
227 227 
180 222 222 
184 
39 39 302 
31 120 120 120 315 315 336 336 336 
56 56 236 388 388 474 474 474 
184 184 
31 31 120 
51 184 354 
126 185 456 
41 41 
3 
155 155 
81 81 
10 100 100 197 197 197 265 279 357 357 367 367 431 431 476 476 
389 414 414 414 461 
160 

193 193 193 413 413 
54 54 
354 
234 325 358 
5 88 88 
233 

104 
5 5 198 198 354 354 354 
76 229 229 
159 
159 159 469 469 
