Nodes: 512, Edges: 1215
381 381 
441 
91 91 111 111 182 183 189 
271 493 
454 454 
34 34 48 50 50 88 184 184 198 198 225 225 225 255 273 279 400 400 441 443 458 475 504 504 508 508 

233 271 327 327 327 327 
196 224 313 313 313 350 350 373 373 373 373 
271 
476 496 
264 
184 184 202 202 355 
76 76 
184 
182 444 
41 184 
390 455 455 
441 441 441 
104 104 
330 330 330 
31 31 354 354 
108 108 331 331 389 414 414 414 436 436 461 
171 171 290 

408 408 
158 158 
76 346 346 
178 178 178 183 183 
56 56 
180 222 
21 21 184 184 315 315 354 486 486 489 
184 184 184 
67 192 
5 5 
210 309 309 413 
106 372 
406 406 415 415 
358 
62 62 159 159 163 163 166 166 231 241 241 267 267 302 302 302 330 402 405 405 477 477 485 485 485 485 
192 236 236 236 249 
16 85 85 99 99 151 151 156 160 184 184 324 324 354 354 399 445 450 492 492 
321 323 323 323 
193 
137 
76 76 413 
381 395 395 
76 76 76 346 459 459 
5 50 50 
236 
5 5 48 48 400 400 
490 

225 
76 299 299 501 501 
93 93 93 195 195 
29 29 191 191 236 236 304 446 446 487 
415 415 
294 397 
444 444 444 
104 236 
81 359 359 
39 39 241 241 330 330 330 
383 383 463 463 
381 
193 193 362 362 416 
141 141 
33 192 192 281 281 347 347 347 
169 169 
236 344 344 
184 246 
330 330 
89 89 89 325 358 358 358 466 466 
94 94 315 315 
413 413 
383 383 
13 13 27 45 45 47 47 47 54 107 109 109 162 184 186 186 199 199 207 208 229 242 242 242 292 292 299 299 314 314 322 328 346 353 353 353 354 354 354 360 413 413 423 423 423 440 456 478 478 478 509 
196 196 196 

236 236 
314 314 418 418 
61 82 82 82 184 184 184 261 289 289 329 329 359 389 389 394 394 495 
81 81 81 121 121 142 142 143 329 329 389 389 
236 236 236 236 236 
85 85 312 348 
41 41 84 84 160 160 312 312 348 
198 198 386 386 465 508 
306 408 
5 504 504 504 
72 72 72 358 358 358 
358 358 
2 2 
182 404 
55 55 55 
73 73 315 
418 418 
321 321 
171 290 290 290 
420 441 441 
41 41 462 462 462 462 
496 496 
140 140 195 195 195 378 471 471 
117 117 117 136 136 216 
146 379 425 
19 19 60 138 236 236 236 507 507 
106 106 106 184 
36 105 105 105 149 149 149 372 
76 
22 22 414 414 
76 76 199 199 
130 176 176 247 401 401 
2 2 182 195 195 340 340 340 340 
184 

367 

177 177 184 184 184 
102 102 102 125 125 135 135 184 184 236 236 
364 364 364 
222 222 413 
486 489 489 
82 82 143 143 
314 
468 
232 232 232 387 387 454 
117 117 136 
185 185 491 
480 480 
220 220 413 413 448 
236 236 415 415 
110 177 177 177 
454 454 
168 413 413 413 413 
145 
354 380 380 
117 117 
102 102 125 
44 184 
104 164 236 236 237 252 
381 381 
101 101 320 
66 66 358 358 358 413 
82 82 389 
82 121 121 217 

133 339 339 
103 
236 236 236 283 344 
236 236 236 
106 106 106 
248 248 408 408 
41 41 354 354 
213 213 292 364 364 364 
325 325 325 
374 374 374 
494 
41 
233 374 
26 26 194 194 271 408 408 
39 39 188 188 205 205 219 219 219 227 227 231 231 231 305 305 330 402 402 428 428 428 433 477 477 510 511 511 
41 85 85 272 272 312 312 498 
413 439 
76 322 
39 39 
138 

39 39 477 
220 220 413 413 413 
132 413 413 
68 68 296 371 371 371 371 
471 471 
23 23 97 290 

344 
335 335 362 413 
413 413 
110 110 247 
116 116 130 130 130 269 283 300 300 415 
28 28 28 183 183 

30 222 222 483 
367 367 
2 15 92 111 220 340 340 363 404 404 413 413 413 444 
2 28 28 178 178 
5 5 12 12 14 16 31 31 32 32 32 41 41 70 76 81 81 81 105 112 116 116 116 117 117 137 221 221 221 236 236 246 246 258 260 267 267 267 279 289 291 292 307 307 315 324 345 345 354 354 355 366 366 396 409 409 415 415 426 451 451 456 465 465 488 488 488 490 490 
126 126 491 491 
76 76 245 245 245 361 440 440 

159 159 477 477 
2 
372 
56 56 236 285 304 
33 40 67 67 236 236 281 
43 65 65 286 286 286 358 362 413 413 479 479 479 500 500 
158 158 
55 55 101 101 101 111 111 236 267 471 
8 77 77 77 200 200 290 290 350 373 413 413 
476 496 496 
5 5 86 86 386 508 508 
76 76 109 109 337 337 
196 196 
415 415 415 
12 12 355 355 355 
271 271 271 
267 267 268 268 
159 159 
274 274 274 
76 478 478 
76 
328 
35 309 
460 
233 233 
152 152 
215 215 215 
214 214 214 314 314 467 467 467 
102 
143 
271 271 271 
159 159 159 232 274 274 402 454 
128 128 167 167 182 413 413 
184 184 184 
30 119 119 180 180 314 341 341 376 376 413 413 413 483 483 
329 
8 276 276 313 350 350 
5 5 5 53 259 377 377 393 419 419 
292 292 
159 159 305 305 343 343 392 392 392 477 482 482 482 
245 
76 295 509 509 509 
236 236 275 275 415 415 
39 159 159 159 
124 124 124 219 454 
7 157 212 212 271 271 296 310 310 375 375 505 505 

487 487 487 
40 40 40 49 56 56 60 69 79 79 83 83 83 83 83 104 104 104 117 117 129 129 138 138 147 147 147 148 148 148 184 184 191 192 192 195 230 230 237 237 267 275 275 278 344 344 356 356 415 415 415 415 432 432 432 438 438 460 487 487 487 
138 236 236 
367 
268 342 
476 
39 39 62 62 
76 76 76 
311 413 413 494 494 
325 358 358 358 
186 186 186 228 
70 184 184 
110 176 288 
150 150 408 408 
40 
374 374 401 401 401 442 442 
270 270 270 286 286 286 413 413 
138 
330 330 
283 415 
5 
273 273 354 354 354 
375 375 375 
184 409 
225 419 419 
184 
81 329 
364 364 
315 315 
11 334 

271 271 
39 39 184 184 184 195 204 204 236 268 268 
204 204 239 267 267 285 
177 
251 251 251 
3 7 9 158 203 203 203 218 218 218 233 233 266 266 282 282 287 287 297 297 327 339 339 354 354 368 374 374 374 375 375 375 391 401 401 412 412 427 427 427 442 442 442 453 
160 160 
5 256 256 354 472 472 475 
206 206 206 219 219 402 405 
230 230 236 236 
224 224 
415 
236 460 460 460 
5 184 496 
308 449 449 449 
67 67 192 298 298 347 421 
271 271 427 427 
147 177 254 415 

191 268 
193 193 193 251 251 251 382 413 413 
271 271 
247 
81 81 184 
23 97 97 97 171 196 196 480 480 
184 426 426 426 
76 76 152 184 226 226 364 410 
408 408 
58 397 397 408 408 408 
229 
169 233 425 
271 271 408 408 
281 281 347 
54 54 76 76 413 
177 177 
339 
39 39 39 485 485 
415 
56 191 
159 159 227 227 392 
87 370 370 370 408 
184 184 354 396 465 465 
280 467 
35 35 210 
233 233 
243 
84 85 85 160 160 
8 8 8 224 
76 76 80 80 122 215 215 222 317 319 319 349 349 354 354 354 384 398 398 398 413 413 418 418 429 429 434 434 434 449 449 455 455 467 467 
31 31 73 73 94 184 263 263 336 336 

314 398 398 413 413 
413 
314 314 354 354 
140 
42 96 96 323 323 
76 162 
42 42 42 321 321 359 
41 41 184 
72 153 153 153 244 503 503 
358 358 
7 7 7 7 271 
76 209 
81 81 82 82 223 261 
20 20 20 39 62 62 62 71 71 159 253 253 369 369 369 428 428 
22 22 
407 413 
413 413 413 
264 385 385 413 413 
174 174 413 
315 315 
199 199 
415 
145 145 271 271 301 381 381 408 408 452 452 453 464 464 470 
111 111 111 111 182 182 
222 222 
239 
227 227 
69 69 147 173 236 236 447 447 
184 184 
27 27 47 76 459 
67 67 67 281 298 421 421 506 506 
84 85 
314 314 481 481 
8 8 196 224 224 
415 432 432 
402 402 402 482 
76 76 76 456 
21 21 31 41 41 76 76 76 134 151 151 184 184 256 256 256 271 271 273 307 314 314 314 319 319 411 450 450 462 462 462 490 502 502 502 508 508 
12 184 202 202 202 
236 236 
431 431 496 496 
38 72 72 72 89 89 89 90 90 141 141 141 193 244 244 244 326 326 466 466 
61 61 81 323 
76 
186 
65 65 174 193 413 413 413 
182 
118 118 118 152 152 152 262 262 292 410 410 
415 
184 184 
114 181 181 238 390 390 496 496 
271 
330 330 330 
306 306 306 
169 169 169 169 
36 106 190 
8 8 8 8 196 
154 154 154 157 250 250 271 271 271 408 417 417 442 
233 233 257 257 257 271 271 271 
222 222 
225 225 
101 
103 
134 134 
0 0 46 64 139 139 339 339 395 395 408 408 
286 413 413 
63 63 75 75 415 415 432 463 
314 449 449 449 
334 334 413 
86 86 198 
124 124 
487 
22 81 81 82 82 142 461 
17 367 367 455 455 455 
271 
227 227 227 305 
225 
81 81 495 495 
46 46 381 381 
184 307 
58 294 294 
314 314 314 317 317 
41 
5 5 50 50 
110 110 250 250 250 271 271 
39 159 159 219 274 352 352 352 
427 427 
92 182 182 499 
39 39 274 
37 37 
332 413 413 413 
25 25 87 150 150 158 158 248 248 293 293 294 294 294 297 297 306 339 339 374 381 381 412 437 437 470 
184 184 258 
292 364 364 
354 
271 271 408 
35 45 74 74 76 76 119 128 128 132 132 132 132 141 161 167 167 167 168 168 174 175 175 182 182 182 193 193 196 196 220 220 222 222 222 243 243 251 251 286 286 299 314 314 317 317 318 332 333 333 333 334 334 335 362 362 362 382 382 385 407 407 407 439 439 448 455 455 500 500 
22 22 22 108 108 497 497 
37 37 57 57 129 129 177 184 184 201 201 201 230 230 236 236 236 236 254 277 283 303 338 351 365 383 383 432 
65 
374 374 
80 80 95 95 314 314 
225 225 259 259 
98 441 441 441 
281 347 347 

76 76 76 

103 296 
184 291 291 291 
271 271 271 282 282 403 403 
159 159 159 330 330 
314 314 

357 357 496 496 
236 236 236 351 351 383 415 460 460 
159 
314 314 314 
449 
22 22 
408 408 
236 236 470 
161 413 413 
76 186 186 
1 5 18 18 18 98 98 420 420 420 
250 250 271 271 271 374 
5 456 
15 59 59 59 182 
41 
56 56 
344 344 
128 413 
280 280 280 314 314 384 384 384 435 467 467 467 
41 354 354 462 
184 184 
339 339 464 464 
271 339 
4 4 124 131 131 219 232 
17 17 314 314 390 390 390 413 413 
76 184 353 443 462 462 491 

5 
47 47 346 
211 236 278 278 278 432 432 
22 389 497 497 
99 99 99 99 354 354 354 450 456 456 
63 63 383 
339 339 452 452 
86 184 184 307 307 
72 72 358 358 
215 215 215 308 314 314 449 449 449 
123 
511 511 
339 408 438 
101 101 170 170 195 
273 273 475 

487 487 487 487 
5 273 472 
10 197 240 496 
39 39 159 159 166 188 188 227 
76 76 76 207 207 
193 193 193 
127 127 290 290 
349 349 
227 227 227 352 
180 222 222 

39 39 39 39 302 302 
31 31 120 489 489 
56 235 235 235 236 236 236 388 474 474 474 474 
184 184 184 
31 120 120 486 486 
51 184 184 354 
126 185 185 456 
41 41 
3 
155 243 243 
81 394 394 
10 100 100 197 197 279 357 357 367 367 431 431 476 
414 414 461 461 
160 
404 
193 193 413 413 
54 54 
354 354 354 
325 325 
5 5 88 88 88 
233 233 
347 347 
104 104 
5 5 86 198 198 354 354 
76 229 229 229 
159 
159 159 469 469 
