Nodes: 512, Edges: 1215
381 381 
441 
28 28 111 182 182 183 189 189 
271 493 
454 
34 48 48 50 88 105 225 255 273 279 354 441 443 458 504 504 504 

233 271 271 271 327 327 327 327 
196 313 313 350 350 373 373 373 
271 271 
476 476 496 
264 
184 184 202 355 355 
76 
52 117 
182 316 444 444 
24 41 41 41 
390 455 
441 441 
104 104 
330 
354 354 354 354 
108 108 108 108 115 115 331 389 414 436 461 
171 171 290 290 290 
16 76 76 
408 408 
158 158 
346 
2 2 178 178 183 
56 56 
180 180 222 222 
172 172 184 184 184 315 354 354 486 486 489 489 
184 
67 67 192 
5 
210 210 210 222 222 309 309 413 413 
106 372 
406 406 415 415 
358 358 358 
62 62 159 163 166 166 166 219 219 231 241 267 267 267 302 302 330 330 330 402 405 405 405 477 477 485 485 485 
192 192 192 236 236 249 249 
16 16 16 85 85 85 99 99 151 156 156 156 184 184 354 450 492 
321 321 323 
193 
137 
76 413 413 413 439 
64 64 64 339 339 339 381 
76 76 346 346 346 459 
5 5 50 50 50 
236 236 
5 48 48 48 400 

14 184 184 345 
225 
76 299 501 
93 195 
29 29 191 191 191 236 236 236 304 304 446 487 
415 
294 397 
444 
104 236 236 
81 359 
39 39 241 330 330 330 
383 463 463 
46 46 46 381 
193 362 416 416 
141 
33 33 192 192 281 281 
169 296 371 
236 344 
246 246 

89 89 325 358 358 466 466 
94 94 315 
413 413 
383 383 463 
13 24 24 45 47 47 54 107 107 107 162 162 162 184 184 184 196 196 199 207 207 228 229 229 242 242 245 292 292 292 299 299 314 314 322 328 328 346 346 346 353 354 354 354 413 413 422 423 423 440 440 440 456 456 478 478 509 509 
196 196 196 413 413 413 
456 
236 236 236 
314 314 418 
61 82 82 113 184 184 184 261 289 359 394 495 495 
81 81 142 143 329 389 
236 236 236 
85 85 85 312 348 348 
41 41 41 84 84 84 160 312 312 348 348 
386 386 386 465 465 508 508 
306 370 408 408 408 
5 504 504 
72 72 358 358 
358 358 

404 413 413 
55 
73 73 315 315 
418 418 
314 314 321 321 321 
171 171 290 290 
420 441 
41 41 457 462 462 
197 496 
140 140 195 195 378 378 378 471 
117 117 136 
146 379 379 425 425 
19 19 60 138 138 236 507 
5 106 106 184 184 190 
36 105 105 149 149 149 190 190 372 372 
76 76 76 
22 22 22 22 414 414 

130 176 176 176 247 401 401 
2 195 195 195 195 340 340 340 
184 184 184 
81 
367 367 367 
22 22 
177 177 177 184 184 415 415 
14 102 102 125 125 125 135 135 136 184 184 236 
364 
122 222 222 222 413 
486 486 489 
143 143 
119 
468 468 
232 232 232 387 387 
117 117 117 136 
185 491 
480 480 
220 413 413 413 448 
236 415 
110 389 
454 454 
168 413 413 
145 145 
354 354 380 
117 117 
102 117 125 
44 368 368 368 
104 104 164 164 236 236 236 
294 381 381 
101 101 
66 413 413 
82 389 
82 121 121 217 217 
282 282 
133 133 339 339 339 
103 
344 344 
236 304 304 
106 106 106 
248 248 339 408 
41 
213 213 292 292 364 
325 325 325 
374 374 
413 494 494 494 
41 41 41 450 450 
276 276 
26 26 271 272 408 408 
39 188 188 188 205 219 219 219 231 231 305 305 305 330 330 402 402 428 428 433 469 469 477 477 510 511 511 
85 272 312 312 498 
413 413 439 
76 76 76 322 322 
39 
138 138 
329 329 
39 39 39 477 
220 220 220 413 
132 413 413 
68 296 371 371 371 
471 471 
23 23 97 97 290 
31 31 
344 344 344 
222 335 335 362 376 376 413 
407 407 407 413 
110 110 110 247 247 
116 116 116 300 415 415 415 
28 28 183 183 

30 30 222 222 222 483 
367 
2 2 15 220 220 340 340 363 363 404 404 413 444 
2 28 178 178 
12 12 31 31 31 32 41 41 52 52 76 76 76 81 81 81 105 105 112 112 112 116 116 117 117 213 221 221 221 236 246 258 260 267 267 267 279 284 284 284 289 289 291 292 292 307 307 315 315 324 338 338 345 345 354 354 355 396 409 415 415 415 426 426 451 456 456 465 484 484 488 490 490 
126 473 473 
245 361 440 440 
413 413 
159 159 159 477 477 
2 2 
105 106 106 
56 56 56 236 236 267 267 268 285 285 304 
33 40 40 40 67 67 236 236 281 281 
43 65 286 358 362 413 413 479 479 479 500 500 

55 101 101 111 111 111 111 236 236 267 471 471 
8 76 76 77 77 77 200 200 290 350 350 373 413 413 
100 496 
386 508 508 
76 207 207 207 337 337 
196 196 
236 236 415 415 
12 501 

267 267 268 
159 
274 274 274 
76 76 199 199 199 478 

328 328 
35 35 35 
460 

152 152 184 
215 314 
214 314 467 

143 143 
271 
39 39 159 159 159 232 274 274 402 402 
128 167 167 167 182 182 
184 184 184 
30 30 35 35 119 119 119 174 180 180 180 314 341 376 376 413 413 483 
329 329 
276 313 350 350 
5 53 259 259 377 393 393 441 441 
292 292 
305 305 305 343 392 392 477 482 482 482 
76 245 292 
76 76 295 509 509 
236 236 275 275 275 303 415 
39 159 159 
124 124 124 219 
7 238 271 271 296 296 296 310 310 310 374 374 505 505 505 
503 503 
487 
40 40 49 49 56 56 56 60 60 69 79 79 79 83 83 83 104 117 129 138 138 138 148 184 191 191 192 192 195 195 201 201 230 230 237 267 267 267 278 278 344 351 415 415 432 432 438 460 487 487 
236 
233 
268 268 342 342 
357 476 476 496 
39 62 
76 76 423 
311 413 413 494 494 

76 186 228 
70 70 184 
110 176 176 288 401 
150 150 408 
40 40 
401 401 401 417 417 
270 270 286 413 

330 330 
283 283 283 415 415 
5 
273 354 354 
375 375 375 375 
184 409 
225 225 419 419 
184 
81 329 
364 364 410 410 

11 385 385 
496 
271 
39 39 39 184 184 184 191 191 195 204 204 236 236 236 268 268 356 471 471 
191 204 239 239 267 267 
415 415 
251 251 
3 7 7 7 9 9 158 218 233 233 266 282 287 287 297 297 339 339 354 354 354 374 374 375 375 391 391 391 401 401 408 408 412 427 442 442 442 453 453 
158 160 
5 256 354 354 472 472 475 475 475 
206 206 206 219 219 405 405 
230 230 230 
157 157 224 
415 415 
236 236 460 460 460 
5 184 496 
308 308 449 467 
67 67 192 192 298 298 347 347 347 421 
144 144 271 427 427 
254 254 254 415 415 
184 184 184 
191 191 
193 251 382 382 382 413 413 
271 271 
247 
81 184 184 
23 23 23 97 97 171 196 480 480 
184 426 426 426 
76 76 76 152 152 184 184 226 226 228 364 410 410 410 
408 408 408 
58 139 397 408 408 
229 
68 169 233 233 233 425 
271 271 
281 281 347 
54 76 76 413 413 
177 
339 339 
39 39 485 
230 415 415 
56 56 148 148 191 
159 159 159 227 227 227 392 392 
87 370 370 370 408 408 408 
184 184 354 354 396 396 465 
280 280 
35 35 
233 233 233 
243 
84 85 85 160 160 
8 8 224 
76 76 80 80 96 96 214 215 222 317 317 317 319 349 349 354 384 384 384 398 398 398 418 429 429 434 449 467 467 481 481 
31 73 94 94 184 184 486 
15 
314 314 314 413 413 

314 354 354 
396 
42 42 96 96 96 
76 162 162 
42 359 
184 
72 153 153 153 503 503 503 

7 7 7 7 
76 76 209 209 
82 165 165 223 223 261 
20 39 39 39 62 62 62 159 159 253 253 369 369 369 428 428 
22 
407 407 413 413 
413 413 
385 385 413 
174 174 413 413 
486 486 
199 199 
184 184 415 
46 46 46 145 145 145 150 271 271 301 301 381 381 381 408 452 452 453 464 470 470 
111 111 111 182 182 
222 
239 239 
227 
69 147 147 173 173 173 236 
52 184 184 
27 47 47 47 76 76 76 459 459 459 
281 281 281 298 421 506 506 506 
84 84 85 85 
314 314 
8 8 196 196 224 224 
236 432 432 
402 402 
76 456 
5 21 21 21 21 31 31 41 76 76 76 134 134 184 184 256 256 271 271 271 273 273 307 307 314 319 319 411 450 462 490 502 502 508 508 
12 12 184 
267 
240 367 367 431 496 496 
38 38 38 72 72 89 89 90 90 193 466 466 503 503 
61 81 323 

186 
65 174 193 413 413 
182 182 
118 152 262 262 292 410 
415 415 

114 114 114 181 357 357 390 390 496 
137 137 137 
330 330 330 
87 306 306 306 
68 169 169 169 
36 106 106 
8 8 8 196 
154 154 233 233 271 271 408 417 442 
257 257 257 257 271 271 
174 174 222 222 
225 
101 101 101 
103 103 
134 
0 0 46 64 139 139 339 339 339 395 408 
286 286 286 413 413 
63 75 75 415 432 432 463 463 463 
314 314 314 449 449 
264 264 334 334 413 413 
86 86 86 198 
124 124 
487 
22 82 130 142 461 461 461 
17 367 367 455 455 455 455 
271 271 271 
227 227 305 305 
225 225 
81 
381 
184 307 307 320 
58 294 
314 314 314 
445 445 445 
50 
110 110 247 250 250 250 271 271 
39 159 159 219 219 352 352 
427 427 
92 182 182 499 
39 39 39 274 274 
37 37 
175 175 175 332 332 413 413 
25 25 87 87 87 150 158 158 248 271 271 293 293 293 294 294 306 306 306 339 374 381 412 437 437 470 
184 258 
262 262 292 292 292 364 
354 
271 408 
35 35 45 45 45 74 74 76 76 77 77 77 92 92 119 128 128 128 132 132 141 141 155 161 161 167 168 168 174 175 182 187 187 193 193 196 196 222 222 243 243 251 286 286 299 299 317 317 332 332 333 333 334 335 335 362 362 382 382 385 385 407 407 439 455 455 500 500 500 
22 108 108 497 497 
37 37 57 116 116 129 177 177 177 184 184 184 201 201 230 236 236 254 254 269 269 277 277 283 283 303 303 338 365 365 383 432 432 432 463 463 
65 65 
250 250 374 
80 95 95 314 
259 259 
98 
281 347 
76 
76 76 242 

103 103 296 
184 184 291 291 291 
271 282 282 403 403 
159 159 330 330 
314 314 

357 496 496 
236 236 351 351 383 383 415 415 415 460 
159 
314 

22 
408 408 
236 
45 161 413 
76 76 76 186 186 
1 5 18 18 98 225 225 
271 271 271 374 468 468 
5 
15 15 59 182 
399 399 399 
56 

128 
280 314 384 384 467 467 
41 156 156 354 462 
184 
339 339 
271 271 339 
4 131 131 
17 390 390 390 390 413 413 
76 76 78 184 184 353 462 462 462 462 491 
99 
5 
47 346 346 346 
211 236 278 278 278 432 
22 389 389 389 497 
99 99 354 450 456 456 456 456 
63 63 75 383 383 383 415 415 
339 
86 86 184 307 
72 72 358 358 
215 280 314 314 449 449 
123 123 442 442 
159 159 511 511 511 
339 339 408 
101 170 170 195 195 267 267 
273 273 475 475 475 
185 185 
487 487 487 487 
273 273 273 472 472 472 
10 10 240 240 496 496 
39 39 159 159 166 188 188 227 
76 76 207 
193 193 193 
127 127 290 290 
314 314 
227 227 227 
180 222 
184 184 
39 39 39 302 
31 31 120 120 315 336 336 489 489 
56 235 236 236 388 474 474 474 474 
184 
31 31 120 486 486 
184 184 354 
126 456 
41 
3 
155 155 155 243 243 
81 81 
10 100 197 240 265 279 357 357 367 431 431 476 476 
414 414 461 
160 
404 
193 193 413 413 413 
54 202 
354 354 
234 234 325 325 325 358 358 
5 5 5 88 88 
233 233 233 
347 347 347 
104 
86 86 198 198 354 354 
76 76 229 229 
159 
159 159 469 469 469 
