Nodes: 512, Edges: 1215
381 381 
441 
28 91 91 111 182 182 182 183 183 189 189 
271 493 
454 
34 34 48 50 50 88 88 184 198 225 225 255 273 273 273 354 354 400 441 441 441 443 458 475 504 508 508 
404 
233 271 327 
196 224 313 350 373 373 373 
271 
476 476 476 
264 264 
184 184 355 355 
76 
52 117 184 184 
182 182 316 444 
24 184 
390 455 455 

104 104 104 
330 330 330 

108 108 331 389 389 414 414 414 436 461 
171 290 290 
16 76 76 
408 408 
158 
76 346 
2 178 183 
56 
180 222 222 
184 184 315 315 354 354 486 486 486 
184 184 
67 192 192 
5 5 
210 210 222 309 413 413 
106 372 372 
406 406 406 415 415 
358 
62 62 159 159 163 166 166 219 219 231 241 241 241 267 267 330 330 402 402 405 405 477 477 485 485 485 485 
192 236 
85 85 156 156 156 160 160 160 184 324 324 354 399 399 445 450 450 450 492 492 
321 323 
193 193 
137 
76 413 413 439 439 
64 339 395 395 
76 346 459 459 
5 50 50 50 
236 236 
5 5 48 48 48 400 400 

14 184 184 345 345 
225 225 
76 76 299 501 
93 195 
29 191 236 236 236 304 487 487 
415 415 
294 
444 444 
104 236 236 
359 359 
39 39 241 330 330 
383 383 383 463 
46 381 381 381 
193 193 362 362 416 416 
141 141 
33 192 192 281 347 
169 296 296 371 371 
236 344 
258 
330 
89 325 358 466 
94 94 94 315 315 
413 413 
383 463 
13 24 24 27 45 47 54 54 107 107 107 109 109 162 162 184 184 184 186 186 196 199 207 208 228 228 229 229 242 242 245 245 292 292 314 322 328 328 328 346 346 353 354 360 413 413 440 456 456 478 509 
196 413 413 
456 
236 236 
418 
82 82 82 113 184 184 261 261 261 289 289 329 329 359 359 359 389 389 389 394 495 
81 81 81 121 142 143 143 143 329 389 389 
236 236 236 
85 85 312 312 348 348 
41 41 84 84 160 312 348 348 
198 198 386 386 386 508 508 
306 306 370 370 408 
5 5 504 504 
72 358 
358 358 358 
2 2 
182 182 404 404 413 413 
55 
73 73 73 315 315 
418 418 
314 321 321 321 
171 171 
420 420 441 441 
457 462 462 462 
197 197 197 476 496 496 
195 471 
117 117 117 136 216 216 
146 379 379 379 379 425 
19 19 19 60 138 138 138 236 236 507 
106 184 184 190 
36 105 149 190 190 372 
76 76 76 
22 22 414 414 414 
76 76 199 199 199 
130 176 176 247 401 401 401 
2 182 195 195 195 340 340 
184 
81 
367 

177 177 184 
14 102 102 102 125 135 135 136 136 236 
364 
222 
486 489 
82 143 

468 468 468 
232 232 387 454 454 
117 136 
185 185 491 491 
480 
220 220 220 413 413 413 448 448 
236 236 
110 
454 454 
413 413 
145 145 145 145 
354 354 354 380 380 
117 117 
102 117 117 125 
44 184 184 368 
104 104 104 164 164 164 236 236 236 252 
381 381 381 
320 
66 66 358 413 413 
82 389 389 
82 82 82 121 217 
282 282 
133 133 133 133 339 339 
103 
236 236 344 344 344 
236 236 236 236 304 
106 
248 248 408 
354 354 
213 213 213 292 292 364 
325 
374 374 
413 413 494 
41 41 41 450 450 
233 276 276 374 
26 194 194 271 271 271 408 408 
39 39 188 188 219 219 219 231 231 305 330 402 402 428 469 469 469 477 510 511 511 
41 41 41 85 272 272 312 312 498 
439 439 
76 76 322 322 
39 
138 138 138 
329 329 
39 39 477 
220 220 413 
413 
68 296 296 371 371 
471 471 
23 97 97 290 290 

344 
222 335 335 335 376 376 413 
413 413 413 
110 110 247 247 
116 116 283 300 415 415 
28 183 

30 222 222 483 
367 367 
2 2 2 15 15 92 92 111 220 220 363 404 404 413 444 
2 2 28 178 
5 12 12 14 14 16 31 31 32 32 41 52 52 76 76 76 81 81 105 105 112 116 137 137 213 213 221 221 236 246 246 258 260 267 267 267 279 279 284 289 291 291 292 292 307 307 315 315 324 324 345 345 354 354 354 355 355 366 396 396 396 409 409 409 415 415 415 426 451 451 456 456 465 465 465 484 490 490 
126 126 491 
76 76 245 440 440 
413 413 
159 159 477 477 477 
2 2 
105 106 106 372 
56 236 236 267 268 285 285 304 446 446 
33 33 40 67 67 236 
43 43 65 65 358 358 358 362 362 413 479 479 479 500 
158 158 
55 101 111 111 111 471 471 
8 76 77 200 290 350 350 
100 100 100 240 496 496 
5 86 86 386 386 508 
76 109 109 109 207 337 337 337 
196 
236 236 415 415 
355 355 
271 
267 267 268 268 

274 274 
76 199 478 
76 
328 328 
35 35 309 
460 460 
233 
152 152 152 184 184 
215 215 215 314 314 
214 214 214 314 314 467 
102 102 
143 
271 271 
39 39 159 159 159 232 232 274 402 402 402 454 454 
128 128 128 167 167 182 182 413 413 
184 184 
30 30 35 119 174 180 180 341 341 376 413 413 483 483 
329 
8 276 276 276 276 313 
5 5 53 53 259 259 377 377 393 393 393 441 441 458 458 
292 292 
305 305 305 477 482 482 
76 76 245 
76 76 295 295 295 
236 275 275 303 303 415 
39 159 159 
124 124 219 219 454 
7 157 212 238 271 271 296 296 310 310 374 375 505 
503 503 
487 
40 49 49 56 56 56 60 60 69 79 79 83 83 83 104 104 117 129 129 138 138 138 147 147 148 148 148 148 184 191 191 192 201 201 230 237 267 275 275 278 278 278 344 344 344 351 415 415 415 415 432 438 438 460 460 487 487 
236 
233 
268 342 342 342 
197 
39 39 39 62 
76 76 423 
311 494 494 494 
325 325 358 358 
76 76 186 228 
184 184 
110 176 176 401 401 
150 150 

401 401 401 417 417 
270 270 270 270 286 286 413 
138 
330 
283 415 
5 
273 273 354 354 
375 375 
70 184 409 409 
225 225 419 419 419 419 
184 
81 81 81 329 329 
364 
315 315 
11 11 334 334 334 385 
496 496 

39 39 184 184 184 191 204 204 236 356 471 
191 204 204 239 285 
415 415 
251 251 251 251 
3 7 9 158 158 158 203 218 218 233 233 282 282 282 287 297 297 297 327 327 339 354 368 374 374 375 391 391 401 401 408 408 412 412 427 442 442 453 453 
160 160 
5 5 5 256 256 354 475 
206 206 219 402 402 405 405 405 
230 230 236 236 
157 157 224 224 224 224 

236 236 236 460 460 
184 184 496 
308 308 467 467 
67 298 347 347 
144 144 271 271 271 427 427 
177 254 
184 
191 191 268 
251 251 382 382 413 413 
271 

81 81 184 
23 23 171 171 196 
184 184 426 426 426 
76 76 152 152 184 184 226 226 364 364 410 410 410 
408 408 
58 397 408 
229 229 229 
68 68 169 169 233 233 425 425 425 
271 271 271 408 408 
281 347 
54 413 413 
177 
339 
485 485 485 
230 230 415 415 
56 148 191 
159 227 227 227 392 
87 87 370 370 408 
184 184 354 396 396 465 465 465 
280 280 467 
35 210 
233 233 
243 
84 84 85 160 160 
8 224 
76 96 214 214 215 215 317 317 317 319 349 354 384 398 398 398 413 413 418 418 429 434 434 449 449 449 449 449 455 455 455 467 481 481 
31 31 73 73 94 94 184 184 263 263 336 336 486 
15 
314 314 314 398 413 

314 354 354 
140 
42 96 96 96 323 323 
76 162 162 
42 321 321 359 
41 41 184 184 
72 153 244 244 503 503 503 
358 358 
7 271 271 
76 76 76 209 209 
81 81 82 165 165 223 261 261 
20 20 20 39 39 62 62 71 159 253 369 369 369 428 430 
22 
407 407 413 413 
413 413 413 
264 264 264 385 385 385 413 413 
174 174 174 413 
315 315 486 
199 199 199 
415 
46 145 145 271 301 381 381 408 408 427 427 453 464 464 464 470 470 
111 111 
222 222 
239 239 239 

69 147 147 147 173 236 236 236 447 
52 52 184 184 
27 47 76 76 
67 281 281 298 421 506 506 
84 84 85 85 
314 481 481 
8 196 196 
236 432 
402 402 
76 456 456 
5 5 31 31 41 76 134 134 134 151 151 184 184 184 256 256 271 273 307 314 319 319 411 450 462 502 508 508 508 
12 12 184 184 202 202 
267 
367 367 367 431 496 496 496 
38 72 89 90 90 90 141 193 193 193 244 244 326 326 413 466 466 503 
61 61 81 81 81 323 
76 

65 65 193 193 413 
182 
118 152 262 292 292 410 
415 415 
184 
114 181 181 357 357 357 390 496 
137 271 401 
330 330 330 
87 87 306 306 
68 68 169 169 
36 36 106 190 
8 8 8 
154 154 157 233 271 271 408 417 442 
233 257 257 271 
174 174 222 
225 225 

103 103 103 103 
134 134 
0 0 64 64 64 139 139 139 339 339 395 408 
286 286 413 413 
63 63 63 75 415 415 463 
314 
264 334 334 334 413 413 
86 86 86 198 198 
124 
487 
22 22 81 81 81 82 82 142 142 461 461 461 461 461 497 
17 367 455 455 455 455 
271 271 
305 
225 225 225 
81 495 495 
46 46 381 
184 184 184 307 307 
294 
314 314 314 317 
41 41 445 
5 50 50 
110 110 110 247 247 250 250 250 271 271 368 
39 39 159 159 219 219 219 274 274 352 352 
427 427 
6 92 92 182 182 
39 39 274 274 274 
37 37 37 
332 332 413 413 
25 25 87 150 158 158 271 271 293 293 294 297 297 306 339 339 374 381 412 412 437 437 470 
184 184 184 258 258 
292 292 292 364 
354 
271 271 408 408 
35 35 45 45 74 74 76 76 77 77 92 92 128 128 128 132 132 141 141 155 155 167 168 174 175 175 175 182 187 187 193 220 220 222 222 251 286 286 299 299 314 314 317 332 332 333 333 333 334 334 335 358 362 382 382 385 385 407 407 448 455 500 500 
22 22 22 108 108 108 497 497 497 
37 37 57 57 177 177 184 184 184 201 201 230 236 236 236 236 254 269 269 303 303 338 365 365 383 383 432 463 
65 65 
250 250 374 
80 95 95 314 314 
259 259 259 259 
98 98 441 441 
347 

242 

103 296 296 296 
184 291 291 291 
271 282 282 339 339 403 403 
159 330 
314 
330 
357 496 496 
236 351 415 460 

314 314 
449 449 
22 
408 408 
236 236 
45 45 161 161 
76 186 186 
1 5 5 5 98 98 225 225 420 420 
271 271 374 468 468 
5 456 
15 59 59 182 
41 399 
191 191 
344 
128 128 413 
314 314 314 314 314 435 435 
41 41 41 156 156 354 462 
184 184 
464 464 464 
271 271 339 
4 124 124 131 131 219 219 232 
17 17 314 314 314 390 390 390 390 413 
76 76 78 184 184 353 353 443 462 462 462 491 491 491 
99 
5 225 225 
47 47 
211 211 236 236 278 278 432 
22 389 389 389 389 389 497 
99 99 99 354 450 456 456 456 
63 75 383 415 
339 339 339 452 452 452 
184 184 184 307 307 307 
72 358 358 
215 280 280 308 314 
123 123 123 442 442 
159 159 159 511 
339 339 408 
101 170 170 195 195 267 
475 475 

487 487 487 
5 273 472 472 
10 10 10 100 496 496 
39 39 159 166 188 188 188 227 
76 207 
193 193 193 
127 
314 314 349 349 
227 227 
180 222 222 
184 
39 39 39 39 302 302 302 
31 31 31 120 315 336 489 489 489 
56 56 235 236 236 388 474 474 474 

120 486 486 486 
184 184 
126 126 185 456 456 456 
41 41 
3 
155 243 243 243 
81 394 394 
100 100 197 197 265 265 279 357 357 357 367 431 431 476 476 
389 414 414 414 461 
160 

193 413 413 
54 
354 
234 234 325 325 325 358 
5 88 88 
233 
347 347 
104 
5 5 86 86 198 354 354 354 
76 
159 
159 159 469 
