Nodes: 512, Edges: 1215
381 
441 
28 91 111 182 182 182 183 183 189 
271 271 
454 454 
34 34 34 48 48 50 50 88 184 198 225 255 273 354 354 354 400 441 441 441 475 475 475 504 
404 
233 233 271 271 271 327 327 
196 224 224 313 350 350 373 373 373 373 373 
271 271 271 
476 476 
264 
184 202 355 355 
76 76 76 
117 117 184 
182 182 316 
24 41 41 184 184 
390 455 455 
441 441 
104 
330 330 330 
31 31 354 354 354 354 
108 108 108 108 115 331 331 389 389 389 414 414 414 436 461 
171 290 290 
16 
408 
408 
76 76 346 346 346 
2 178 183 
56 56 
180 180 222 222 
21 21 172 172 172 184 184 315 354 486 489 489 
184 184 
67 67 
5 5 5 
210 222 222 222 309 413 413 413 
269 372 372 
406 406 415 415 415 

62 159 163 219 231 241 241 241 267 302 302 330 330 402 402 402 405 405 477 477 477 485 485 485 
192 192 236 236 249 249 249 
16 16 85 99 137 137 151 151 156 156 160 160 160 184 184 324 354 445 450 492 
321 321 323 
193 193 
137 137 
413 413 439 
64 339 339 381 381 395 395 395 
76 76 346 459 459 
5 5 50 50 50 50 
236 236 236 
5 5 48 48 48 48 400 
490 490 490 
184 184 345 345 
225 225 225 
76 299 299 501 
93 93 93 195 236 
29 29 191 191 236 236 446 487 
415 415 
397 397 
444 444 
104 236 236 
81 81 81 
39 241 330 330 
383 463 
46 381 
193 362 416 416 416 
141 141 
33 33 192 192 281 
169 169 169 296 296 371 
236 236 344 
184 246 246 258 
330 330 330 
89 89 325 358 466 
94 315 315 315 
413 413 413 
383 463 463 
13 13 13 27 27 47 47 54 107 107 109 109 162 162 162 184 186 186 196 196 199 199 207 207 208 208 228 229 229 229 245 245 292 292 299 314 314 322 322 328 346 346 346 354 354 354 360 413 413 422 423 423 440 456 
196 413 413 

236 
314 314 418 418 
61 61 61 82 113 184 184 261 359 389 389 389 394 394 495 495 
81 121 142 143 143 143 329 389 389 389 
236 236 236 236 
85 85 312 348 348 348 
41 84 84 160 160 312 348 348 348 
198 386 386 465 465 
370 370 408 
5 504 
72 72 358 358 
358 358 
2 
404 413 
55 55 55 
73 315 315 
418 
314 321 321 321 
171 290 
420 420 441 441 
41 462 462 
197 476 496 496 496 
140 140 195 195 
136 136 216 
146 146 146 379 379 425 425 425 
19 60 236 507 507 
106 106 106 
105 105 105 149 149 190 190 372 
76 76 
22 22 22 22 
76 76 199 
130 130 130 176 176 247 247 401 
2 195 195 340 340 340 
184 184 
81 
367 
22 
184 184 415 
14 14 125 135 136 136 136 184 236 
364 
122 122 122 222 413 413 
486 486 489 
82 143 
119 119 119 314 
468 468 
232 232 232 387 387 387 
117 136 136 
185 491 491 
480 
220 220 220 413 413 448 
236 236 415 415 
110 110 110 
454 454 454 
168 413 413 413 
145 145 
380 380 
117 
102 102 117 117 117 125 125 
41 41 44 44 368 368 
164 236 236 237 
381 381 
101 101 320 
66 66 358 413 413 
82 389 389 
82 82 82 121 217 
282 
133 133 339 339 
103 103 103 
236 236 344 344 
236 236 
106 106 250 
248 339 408 408 
41 41 354 
213 213 213 292 364 
325 
374 
413 494 
41 41 
233 276 374 
194 194 194 271 272 408 
39 188 205 205 219 219 227 227 227 231 257 305 330 402 402 402 428 433 433 433 469 469 477 477 510 510 511 511 
41 41 41 85 85 272 498 
413 439 
76 76 76 322 
39 
138 
329 329 
477 477 
220 220 413 413 413 
132 
68 68 68 179 371 371 371 374 
471 
23 97 290 290 
31 31 31 
344 344 
222 222 335 376 376 413 
407 413 
110 110 247 
300 300 300 
28 183 183 
169 
30 30 222 222 483 
367 367 
2 2 2 15 15 340 363 363 404 444 
2 2 28 178 178 
5 12 14 16 16 31 31 32 32 41 41 52 52 70 76 81 81 112 112 116 116 117 221 221 236 236 236 246 246 258 267 267 267 279 284 284 291 291 292 292 292 307 307 307 315 315 324 338 338 345 354 354 355 366 366 396 396 409 409 409 415 415 426 451 456 456 484 488 488 488 490 
126 473 473 473 491 
76 76 245 440 

159 477 
2 
106 106 372 
56 56 236 236 236 267 268 285 304 446 
40 40 67 67 236 236 281 
43 43 65 286 362 413 479 500 
158 158 158 
55 101 101 111 111 471 
8 76 76 77 200 200 290 290 290 350 350 373 413 413 
100 
5 86 279 508 
76 76 109 337 337 337 
196 196 
236 236 415 415 
12 355 355 355 
271 271 
267 267 
159 159 
274 
76 76 478 478 
76 76 
328 328 
35 309 
460 460 
233 233 233 
152 152 152 
215 215 314 314 
214 214 314 314 314 467 
102 
143 
271 271 
39 159 159 232 274 274 402 454 454 
128 128 128 167 167 413 413 413 
184 184 
30 30 35 35 35 119 174 174 180 180 314 314 341 341 376 376 413 483 483 483 
329 
8 8 276 276 313 313 350 350 350 
5 53 53 53 377 393 441 458 
292 292 
159 159 159 305 343 343 392 482 482 482 
76 245 245 245 292 
76 76 76 295 
236 236 275 303 415 415 415 
39 159 
124 124 124 219 454 454 
7 7 157 212 212 212 271 271 296 296 310 310 310 374 374 505 505 
503 503 
487 487 
40 40 49 49 49 55 56 56 60 60 69 69 79 83 83 83 83 104 117 129 129 138 138 147 147 148 148 184 184 184 191 191 191 192 192 201 201 230 230 237 267 267 275 275 275 278 344 344 344 351 351 351 415 415 415 415 432 438 438 460 487 487 
138 236 

268 268 268 268 342 
476 476 
39 39 39 62 

311 413 413 494 
325 358 
76 76 186 228 228 228 
70 70 184 184 
110 110 176 288 288 401 
150 408 408 
40 40 40 
149 374 374 374 417 417 417 442 
270 270 270 286 413 

330 330 
415 
5 
273 273 
159 375 
70 184 409 409 
419 419 

81 329 
364 364 410 410 
315 
11 334 
496 
271 
39 184 184 184 191 204 204 236 236 268 268 356 356 471 
191 239 239 239 239 267 267 285 
36 415 415 
251 251 251 
3 3 7 7 7 9 9 9 158 203 203 218 218 233 233 266 282 282 297 297 339 339 354 354 374 375 375 391 391 401 408 408 427 442 442 453 453 
158 160 
5 256 256 354 354 472 475 475 
206 219 219 402 405 405 
230 236 236 236 
157 224 224 
415 415 
236 460 460 460 
184 198 496 496 
308 449 449 467 467 467 
67 192 298 298 298 347 347 347 
144 271 271 427 427 
415 415 
184 184 
191 268 
193 251 382 382 413 

247 247 

23 23 97 171 171 196 196 196 480 480 480 
184 184 
76 76 152 184 184 184 226 226 228 364 364 410 410 
408 
397 397 397 408 408 408 
229 
68 68 233 233 425 
271 271 408 
281 281 281 347 
54 54 76 413 
177 177 177 
339 339 339 
39 39 485 485 485 
230 415 415 
191 
159 227 392 392 
370 408 
184 184 184 354 396 
280 467 467 
35 210 
233 233 233 
243 
84 85 
8 224 224 
76 76 80 80 96 122 214 214 215 215 215 222 222 317 317 319 319 349 354 384 413 413 418 429 449 449 449 455 455 467 467 467 481 481 481 
31 73 73 73 94 94 184 184 263 336 336 486 486 
15 
314 314 398 398 
413 
314 314 354 
140 
42 42 96 96 96 
76 76 162 
42 
41 184 
72 153 244 503 503 
358 358 358 
7 7 
76 209 209 
82 165 165 223 261 
20 20 20 39 39 62 62 71 71 71 159 253 253 369 428 428 
22 22 
413 413 
413 413 413 
264 385 385 
174 
315 315 486 
199 199 199 
184 184 415 415 446 
46 46 145 145 150 271 271 301 301 301 381 381 408 408 427 427 452 453 464 464 464 470 
111 111 111 182 
222 222 
239 
227 227 
69 147 147 173 173 236 236 236 447 447 447 
52 52 184 
27 27 27 47 76 76 76 459 
281 281 281 298 421 421 
84 84 84 85 85 85 
314 481 481 481 
8 8 196 196 224 224 224 
236 236 236 432 
402 402 
456 456 
5 5 5 21 21 21 21 31 41 76 76 76 151 184 184 271 271 273 273 307 314 319 411 411 450 450 462 490 490 502 
12 12 184 202 202 202 
267 267 
367 367 
72 89 89 90 90 141 244 326 326 326 413 413 466 503 
81 
76 

65 193 
182 182 
118 152 262 262 292 292 
415 415 415 
184 184 
114 181 181 357 357 390 496 
137 137 
330 
87 87 306 
68 169 169 169 
36 36 106 190 
8 8 8 8 8 196 
154 157 169 233 233 250 250 250 271 417 417 442 
257 271 271 
174 174 222 222 
225 

103 103 
134 134 
0 46 46 64 139 139 339 339 395 395 395 408 408 
286 286 
63 75 415 415 415 432 432 432 463 463 
314 449 449 449 
334 334 413 
86 86 
124 124 124 
487 
22 22 22 81 81 81 82 82 82 142 142 461 461 461 497 
17 367 455 455 455 455 
271 271 
227 305 305 
225 
81 81 495 495 495 
46 46 46 381 381 381 
184 184 307 
58 58 294 294 294 
317 317 
445 
5 50 
110 247 271 
39 39 39 159 159 159 219 274 352 352 
427 427 
6 92 182 
39 39 274 274 
37 37 
175 413 413 413 
25 26 87 150 150 158 248 248 271 271 293 294 294 294 297 306 339 339 381 381 412 437 470 470 
184 184 184 258 258 
262 262 292 292 
354 354 
408 
35 35 35 45 45 74 74 74 76 76 77 77 92 119 119 128 128 132 132 132 141 141 155 161 167 167 167 174 175 193 196 196 220 220 220 222 243 243 251 286 299 314 314 318 332 332 333 333 333 358 358 385 407 407 407 439 455 455 500 500 
22 22 22 497 497 497 
37 37 37 57 57 116 129 129 184 184 201 201 230 230 230 236 236 236 236 254 269 269 277 277 283 283 303 303 338 338 365 365 365 383 383 383 432 432 432 463 463 
65 65 65 
250 250 250 374 374 
80 80 95 314 
259 259 
98 98 441 441 
347 347 
76 
76 76 

103 103 103 296 
184 
271 282 282 339 339 403 403 
159 330 330 
314 

496 
236 351 383 383 383 415 415 415 460 460 460 
159 159 159 

449 449 
22 
408 
236 236 
45 161 413 
76 186 
1 5 5 5 18 18 98 98 225 420 420 
250 271 271 374 468 468 468 

59 59 182 
41 399 
56 191 338 
344 344 344 
128 
280 280 314 314 314 384 384 384 435 435 467 467 467 
41 354 354 462 462 462 
184 
339 
271 271 339 
4 4 131 131 131 219 219 232 232 
17 17 314 314 390 390 390 390 413 413 
76 184 184 353 353 462 462 462 491 491 

225 
47 47 346 
211 211 236 278 278 278 432 432 432 
22 389 389 389 497 
99 99 354 450 450 450 456 456 456 
63 75 75 383 383 415 415 
339 339 339 
86 86 
72 358 
215 280 280 280 308 308 314 314 314 449 449 449 
123 123 442 442 442 
159 159 511 
339 408 408 
170 195 267 
273 475 
185 185 185 
487 487 487 
5 5 5 273 273 472 
10 10 100 240 240 496 496 
39 39 39 159 159 166 166 188 
207 207 
193 
127 290 290 290 
314 314 314 349 349 349 
227 227 227 
180 222 222 222 
184 
39 39 39 302 302 302 
31 120 120 315 315 336 489 489 489 
56 235 235 236 236 388 474 474 474 
184 184 184 
31 31 120 486 486 486 
51 51 51 184 354 354 
126 126 185 456 456 
41 

155 243 
81 81 394 394 394 
100 100 100 265 279 279 367 431 476 476 
389 414 414 414 461 
160 

193 413 413 
54 
354 
234 234 325 325 358 
5 88 
233 233 

104 104 
198 

159 159 
159 159 469 
