Nodes: 512, Edges: 729
381 

91 111 183 
271 271 493 
454 
34 48 50 50 88 88 198 225 255 273 279 354 354 354 441 458 475 475 504 504 

233 233 271 327 327 
224 313 
271 
496 
264 
184 
76 76 
117 
182 316 444 
41 184 
390 
441 441 
104 104 
330 
31 354 
108 115 115 389 414 461 
171 171 290 290 
76 
408 408 
408 
346 346 
178 183 

180 
21 172 184 315 315 354 354 

67 192 192 
5 
210 210 309 309 413 
269 
406 406 415 415 

62 62 159 166 231 302 302 330 405 477 485 485 
192 236 249 
16 85 137 151 184 324 445 450 492 
321 321 321 323 
193 
137 137 

339 395 

5 50 50 
236 236 
5 5 48 48 400 
490 
184 345 345 
225 225 
501 
93 195 236 
191 236 236 304 446 487 487 
415 415 415 
294 294 397 397 
444 
104 236 
81 359 
39 39 241 241 241 
383 463 
381 
193 362 
141 
33 192 192 281 
169 169 169 296 296 371 
236 236 344 
184 246 258 258 
330 
358 358 
94 94 
413 
383 
13 13 24 109 109 199 199 207 228 242 328 413 423 440 440 509 
413 

236 
314 418 
61 82 113 261 289 289 389 394 394 495 495 
81 142 142 329 389 
236 
85 348 
41 84 160 312 348 348 
198 198 386 386 386 465 465 
370 408 
5 5 504 
358 358 358 
358 
2 

55 
73 73 
418 
321 321 
171 290 
420 
457 462 
197 197 476 
140 195 378 378 471 
136 216 216 
146 146 379 425 425 425 
19 19 60 138 236 507 507 

149 

22 414 414 
76 76 
130 130 176 247 401 
2 195 340 
184 
81 

22 22 
177 177 184 184 
14 125 125 135 184 184 236 
364 364 
413 



468 
232 232 454 454 
117 117 136 
185 185 491 491 

220 220 413 413 448 
415 
110 110 
454 
168 413 
145 145 
380 
117 
102 125 
41 44 44 
104 164 164 164 236 252 
381 
101 320 320 
66 413 413 
82 82 389 
217 
282 
133 133 
103 103 
236 344 
236 
106 250 250 417 
248 
41 
213 213 364 364 

374 374 374 
413 413 494 494 
450 450 450 
233 276 
194 271 272 408 408 408 
39 205 205 219 231 257 305 330 330 402 402 428 433 469 477 510 510 
85 272 312 312 
413 
322 

138 138 138 

39 
413 
132 413 413 
68 68 68 371 371 
471 
23 23 97 290 
31 

335 362 
407 407 407 413 
110 247 247 
116 116 283 300 
28 

30 222 
367 
15 363 413 413 444 
2 28 
12 16 31 41 52 70 112 116 116 117 117 213 221 221 258 258 260 260 267 279 279 284 291 307 315 338 345 354 355 396 415 415 415 451 456 465 484 488 490 
126 126 473 473 491 
245 361 

477 

372 372 
56 236 268 304 446 497 
33 33 40 67 67 236 281 281 
43 65 313 358 362 479 500 500 
158 
55 101 111 236 236 471 471 
413 
100 100 240 496 
5 86 86 279 386 508 
76 76 207 337 337 

236 415 415 


268 268 268 
159 159 

76 199 


35 35 309 
460 460 
233 
152 152 184 
314 314 
314 
102 102 
143 
271 271 
159 232 274 402 402 454 454 
128 128 413 
184 184 
180 341 483 483 
329 329 329 
8 313 
5 53 53 259 377 419 441 441 458 
292 292 
305 305 343 343 343 392 477 482 482 
76 
509 
236 236 236 303 415 
39 159 
124 124 219 454 
7 7 157 212 238 271 296 296 310 374 375 

487 487 
40 49 49 55 56 56 60 69 69 79 83 104 117 138 147 148 191 192 195 195 201 230 230 230 237 267 275 275 278 351 356 415 415 415 432 487 
236 
233 
268 405 
197 
62 62 62 
76 
311 311 
358 358 
186 
70 
110 176 176 288 288 401 
150 
40 
149 149 374 401 401 
270 413 
138 
330 330 
415 
5 
273 354 354 
159 375 
70 70 184 184 
225 261 
184 184 
81 259 329 329 
364 410 
315 
11 334 385 

271 
184 236 268 268 471 
191 204 204 204 239 267 267 
36 
251 
3 3 7 9 158 218 218 233 266 282 339 354 354 368 391 408 412 412 442 453 453 
158 160 
5 256 472 475 475 
219 402 405 405 
236 236 
157 

236 
5 184 184 198 496 

67 192 192 298 298 347 421 
144 271 427 427 
177 415 
184 

382 382 

247 247 
81 81 
23 23 97 171 
184 
226 226 364 410 
408 
58 58 397 397 408 

68 68 233 233 425 
408 408 
281 281 347 
413 413 
177 

39 39 
230 415 
56 191 
159 227 227 392 
370 370 408 408 
184 354 396 

35 35 210 
233 
243 243 
85 160 160 
8 193 224 
80 214 214 215 349 349 398 413 418 429 429 434 449 449 449 455 467 467 481 
31 31 184 263 336 
15 
413 
413 413 
354 
140 140 396 
42 42 42 96 96 323 
162 
42 321 359 
41 
503 
358 
7 7 
76 
82 223 223 223 261 261 
20 39 71 159 159 253 253 369 428 428 

407 413 413 
413 
264 385 413 413 413 
174 
315 486 486 
199 199 
184 
46 271 381 408 427 427 464 
111 
222 

227 227 227 
69 147 
52 52 184 
27 27 459 
281 298 421 
84 85 85 
314 314 

236 
402 

5 5 5 21 31 31 184 256 256 271 271 307 319 411 411 462 508 
184 
236 
367 496 
72 72 89 89 89 90 193 244 244 326 413 413 466 503 
61 323 

186 
65 174 193 
182 
118 118 152 152 262 292 
415 415 415 

181 357 496 
271 
330 
87 306 306 
68 169 169 
190 190 

154 154 154 233 250 408 408 442 442 
233 257 

225 
101 101 
103 
134 
0 64 139 339 395 408 
286 286 413 413 
63 75 463 463 

264 334 413 
86 86 86 198 

487 
22 81 82 142 461 497 
17 
271 
227 305 

81 81 495 495 
46 381 
184 307 320 
58 58 294 294 
314 
445 
50 
110 247 250 250 
159 159 219 219 274 352 
427 
499 
39 239 274 274 
37 37 
175 175 175 332 413 
25 25 26 87 158 158 158 271 293 294 297 297 306 306 339 374 374 381 412 437 437 437 

262 292 
354 354 
271 271 408 
35 74 76 77 119 128 128 132 141 141 155 155 161 167 168 168 175 182 182 196 220 251 299 299 314 317 318 318 332 332 333 334 334 334 358 358 382 382 385 407 439 439 439 448 455 455 
22 108 108 497 497 
37 37 57 57 57 129 184 184 184 201 201 230 236 236 236 254 283 303 365 365 365 432 463 

149 
80 95 314 
225 
98 441 
281 347 

76 

103 103 103 296 

282 282 339 339 403 
159 330 330 
314 314 

496 
236 415 
159 
314 


408 408 408 

413 413 413 
76 76 
5 18 18 225 225 420 
271 374 374 

15 59 182 
41 399 
56 191 

128 413 
314 314 314 
41 156 156 156 462 
184 
464 
271 271 
4 124 124 131 219 219 232 
314 413 413 
184 462 462 491 
99 
5 225 
346 
211 211 
22 389 497 
99 354 450 456 456 
63 383 383 415 
339 452 
86 86 184 
358 
314 314 
123 
159 511 511 

101 170 195 195 267 
273 475 475 
185 185 
487 
5 5 273 273 472 472 
100 
39 159 188 227 

193 

314 
227 227 
222 222 
184 
39 39 
336 336 
56 56 235 235 236 388 474 
184 

51 184 
126 126 185 456 
41 
3 
155 155 
81 81 394 394 
10 197 279 357 367 431 
191 389 414 414 461 

404 
193 193 
54 

325 358 
5 5 88 


104 104 
198 354 
76 229 
159 159 
469 469 
