Nodes: 512, Edges: 729
301 381 
441 441 
111 183 189 189 
493 
454 
34 50 88 184 198 255 354 354 400 441 443 458 475 475 504 504 
404 
271 271 327 327 
350 
271 


184 355 
76 76 
117 117 184 184 
182 182 316 
41 41 41 184 
390 
441 441 
104 
330 
31 354 
108 108 331 331 389 414 414 461 
171 171 290 
76 76 

408 

183 183 


21 172 172 184 315 354 486 
184 184 
67 67 192 
5 
210 309 309 413 
106 372 372 
406 406 415 

62 163 166 166 166 219 231 241 267 302 330 402 402 477 485 
192 236 236 249 
16 16 16 85 99 137 151 151 160 324 445 445 492 
321 321 323 323 
193 
137 137 137 

64 339 381 
346 346 
50 50 50 50 
236 236 
5 48 48 48 48 400 400 
490 490 
184 345 
225 
501 
236 
191 236 446 487 
415 415 
397 397 
444 
104 104 236 
81 359 
39 241 330 
383 463 463 
46 
362 

33 33 192 347 
169 296 296 

246 
330 
358 358 
94 315 315 
413 413 
383 383 463 
13 13 24 24 107 107 109 186 199 199 208 229 229 229 245 245 360 360 413 423 


236 
314 314 
61 184 184 261 289 389 389 394 394 
121 142 143 329 389 

85 312 348 
41 84 160 160 312 312 
198 198 386 465 465 465 465 
370 408 408 
5 190 
358 
358 

182 413 

73 


171 171 290 
420 441 
41 462 
197 476 
140 195 195 378 378 
216 216 
146 146 146 379 
19 60 60 138 138 236 236 
106 106 106 184 
36 105 105 105 149 190 372 
76 76 
22 22 
76 
130 176 247 
2 195 340 


367 

177 415 
14 14 125 135 135 135 136 184 236 

413 
486 
82 

468 
232 387 454 454 
117 136 

480 
220 413 413 448 
236 
110 177 177 389 389 
454 
413 
145 145 145 145 145 
354 380 
117 117 117 
117 125 
41 44 44 44 184 184 184 368 368 368 
104 104 236 237 252 
381 381 
101 320 320 
358 413 
82 389 
82 217 
282 
133 133 133 133 133 339 
103 103 103 
236 236 344 344 344 
236 304 
106 250 417 417 
248 
41 41 354 
364 
325 

413 413 494 494 

233 374 
194 194 
219 227 227 231 257 305 330 402 402 428 428 433 433 469 477 510 511 
41 85 85 272 312 312 498 

322 
39 


39 39 39 477 
413 413 

68 371 371 374 
471 
23 23 97 97 290 
31 31 

335 413 413 
413 
110 
116 130 130 269 300 415 415 415 
183 


367 
15 15 92 316 363 444 
2 28 28 178 
5 12 14 14 16 31 32 32 52 81 81 105 117 137 137 137 221 221 236 236 246 258 260 279 284 284 289 289 291 307 324 324 338 345 354 355 355 366 396 409 409 415 426 426 456 456 465 484 488 488 488 490 
473 491 
76 245 440 

477 477 
2 2 
88 106 372 
56 236 267 268 285 446 
33 40 67 281 281 
43 358 413 479 500 
158 158 
101 101 111 236 
200 373 413 413 
100 496 
5 86 86 386 508 508 
76 76 207 207 337 337 
196 
236 236 415 
355 501 
271 
267 268 

274 
199 199 
76 

35 309 
460 460 
233 233 


314 467 
102 102 
143 
271 
39 159 232 232 402 
128 413 
184 184 
341 341 376 413 483 
329 
350 350 
53 259 393 419 419 441 458 
292 
159 159 305 343 477 477 482 482 

76 76 76 295 295 509 
236 275 303 303 415 
39 159 
124 219 219 454 
157 212 212 238 238 271 310 374 505 

487 487 487 
40 40 49 49 55 56 60 79 104 104 117 129 138 147 147 148 184 184 191 195 201 201 230 356 356 415 432 438 438 460 460 460 
138 
233 233 367 
268 342 342 405 
476 
39 62 

311 413 
358 358 
76 76 186 
70 184 
110 401 
150 
40 
149 401 401 401 401 401 417 442 
270 270 
138 
330 
283 415 
5 
273 273 
159 375 375 
184 409 
225 419 419 
184 
81 329 
364 

385 
496 

39 191 204 356 356 471 
191 204 239 
177 
251 251 
7 7 9 203 218 233 282 287 297 297 327 339 374 375 391 401 401 427 427 442 
160 
256 256 354 472 475 475 475 
206 402 402 405 
230 


460 460 
184 
467 
192 192 347 421 421 
144 271 427 
254 415 415 415 
184 184 
191 
382 413 413 
271 

81 184 184 
23 97 171 480 
184 
226 410 
408 408 
408 
229 229 
68 68 
271 271 408 
347 
413 
177 
0 
39 
230 230 
148 
159 227 392 
370 370 370 408 408 
184 396 465 

35 35 210 
233 
243 
84 85 85 160 160 

80 80 215 349 384 398 413 418 429 434 434 449 467 467 
31 73 73 336 336 336 486 
15 182 
413 413 
413 

140 140 396 
42 42 
162 
42 42 359 
41 184 184 
153 503 503 
358 
7 7 271 

82 223 261 
20 39 62 71 159 253 369 428 428 
22 22 
413 413 

385 413 413 
174 413 
315 315 315 486 486 
199 199 
184 
46 145 271 381 381 381 408 427 470 470 470 
111 
222 222 
239 239 
227 
147 147 147 447 
52 184 
47 47 
67 281 298 
84 
314 481 481 
8 224 224 

482 

5 5 21 31 134 151 184 273 411 450 490 502 502 508 
12 184 184 202 
236 236 267 267 
367 
72 72 89 90 141 193 244 244 326 413 413 466 466 
61 323 
76 76 

65 413 
182 
152 262 410 

184 
114 181 238 357 496 496 
137 137 137 
330 
87 306 306 306 
169 169 
36 36 106 190 
196 
157 169 233 271 408 442 
257 257 271 
222 

101 101 
103 
134 
0 46 139 139 339 339 339 395 408 
286 413 413 
63 75 75 415 415 432 463 
314 
264 334 413 
86 198 
124 
487 487 
22 81 81 82 130 130 142 461 
17 
271 
305 
225 
81 81 495 495 495 
381 
184 307 320 
58 58 
314 
445 445 
5 50 50 
247 250 250 250 250 250 271 271 
39 39 159 159 219 274 274 

6 
239 274 
37 37 

26 87 87 293 293 294 297 306 306 339 374 381 437 470 470 
184 184 258 
292 364 
354 

35 74 74 76 92 119 128 128 132 141 155 155 167 167 174 174 175 193 196 196 220 222 243 286 286 299 314 317 317 318 332 332 334 334 335 358 358 362 382 382 385 439 439 448 455 455 
22 22 497 497 
37 57 57 116 177 177 177 184 201 230 236 254 283 283 283 383 383 432 463 

149 149 250 
314 
225 225 259 259 
98 441 
281 281 

76 


184 184 
271 271 282 339 
159 159 330 330 
314 

496 496 496 
236 383 415 460 
159 159 
314 314 
449 

408 
236 236 470 
413 413 
186 
1 1 5 18 18 98 225 420 
250 271 374 468 
5 
59 182 
41 41 399 399 
56 191 
344 
128 413 
314 435 467 
354 

464 

4 124 124 131 232 
413 413 
184 184 491 

5 225 

211 211 236 236 236 278 278 432 
22 389 497 
99 
63 63 75 383 415 
452 
86 86 86 86 184 307 
358 358 
215 280 314 314 449 
123 442 
159 
339 339 339 408 408 438 
170 267 
273 475 
185 
487 
5 5 273 273 273 472 
100 240 
39 159 166 188 188 227 227 

193 
127 290 
349 349 
227 227 352 
222 
184 
39 
31 120 315 336 336 489 489 
56 235 235 235 388 388 474 
184 184 184 
486 486 
51 51 184 354 
185 456 
41 
3 
155 155 
394 394 394 
197 265 367 367 431 431 431 
414 414 461 
160 

193 
54 202 
354 354 
325 325 
5 5 
233 


198 198 354 
229 
159 
159 
