Nodes: 512, Edges: 729
301 381 381 
441 441 
28 91 183 189 189 

454 
34 48 50 105 198 225 273 354 441 441 443 443 458 475 475 

233 327 327 
224 313 373 373 
271 
496 
264 
202 

52 184 

41 184 184 
390 390 
441 

330 
354 
108 108 108 115 331 436 461 
290 290 
76 
408 
158 408 
346 
2 178 183 
56 

172 315 315 315 
184 
67 67 192 
5 
210 309 309 
372 372 
415 415 
358 
159 219 219 231 231 241 241 267 330 402 402 402 485 
192 192 
16 85 85 99 99 137 137 151 151 156 160 160 184 324 354 354 354 445 450 450 492 
321 323 
193 

76 76 413 413 
339 381 395 395 
76 
5 50 
236 
5 48 400 

14 345 345 
225 
501 501 
195 236 
29 304 446 
415 
294 

104 104 236 
359 
330 
463 463 
381 
362 416 

33 33 192 281 347 
169 169 296 
236 236 344 
184 184 184 258 
330 
358 
94 94 315 

383 463 463 
24 45 45 47 162 196 207 229 229 242 242 245 322 413 422 423 423 509 
413 413 

236 
314 418 418 418 
82 113 184 184 261 261 289 329 329 359 359 394 495 495 
81 121 121 329 329 329 389 389 
236 
312 
41 41 
198 198 386 
306 370 408 

358 

2 
413 

73 73 315 315 
418 418 
321 321 
171 171 171 290 
420 441 441 441 
41 41 462 462 462 
197 197 496 
140 140 195 378 471 
117 216 
425 425 
60 60 138 507 
5 106 184 
105 149 149 190 

22 22 22 414 
199 
130 176 247 
182 182 182 340 
184 184 
81 
367 
22 
184 184 
102 125 135 136 136 184 184 236 236 
364 
222 222 
489 
82 82 

468 
232 454 
117 136 
491 

220 220 413 448 

110 177 177 
454 454 
413 413 
145 145 
380 
117 
117 117 125 
41 41 368 368 
104 164 237 252 
381 381 
101 101 320 320 
413 413 
389 

282 
133 133 339 339 

344 
304 304 
106 106 250 417 
248 408 
41 41 354 

325 325 
374 374 
413 413 494 494 
41 450 

26 
39 188 188 205 205 219 219 227 231 257 305 305 402 428 428 433 469 477 477 510 511 
41 41 272 272 498 498 
413 413 439 
76 322 322 

138 
329 


413 413 
68 68 371 371 371 371 
471 
97 97 97 290 
31 

222 335 335 
407 413 
110 247 
130 130 300 
28 183 


367 
111 111 111 363 363 363 413 
2 28 178 
14 16 16 32 41 70 70 70 81 81 105 112 112 116 116 117 117 221 236 246 258 258 260 267 267 279 279 279 289 291 292 315 315 324 338 345 355 396 409 409 426 426 451 456 465 490 
491 

413 413 
159 159 
2 2 
106 372 
236 236 285 446 
33 40 40 67 236 281 
43 286 313 362 413 479 479 500 

55 101 236 267 
76 200 290 290 290 413 413 
100 100 240 476 496 496 
5 86 86 279 508 508 
109 337 
196 
236 
12 355 

267 267 268 268 
159 159 
274 
76 

328 328 
35 309 309 
460 


314 
314 
102 

271 
39 39 159 159 232 232 402 402 454 
128 128 413 
184 
119 119 174 376 
329 329 
8 276 313 313 313 
5 53 259 377 377 458 458 
292 292 
159 343 343 392 392 477 477 482 

76 76 509 509 
236 275 415 
39 39 159 
124 219 219 454 
7 238 271 271 296 310 505 

487 487 
49 55 60 69 69 79 83 117 117 184 191 191 192 195 201 230 237 267 278 356 415 415 432 432 460 460 487 
138 236 
233 
268 342 342 405 405 
197 357 476 496 
39 39 
76 76 
413 494 
325 358 
76 
184 
110 176 288 401 401 
150 

149 374 401 401 417 417 442 442 442 
270 270 286 286 413 
138 
330 330 
283 415 

273 273 354 354 
159 375 
70 184 184 409 409 
225 
184 
81 81 
364 410 
315 
11 385 
496 496 
271 
39 184 184 195 204 204 236 268 356 471 
204 204 239 267 285 
415 
251 251 
9 218 233 233 266 354 354 368 374 374 375 401 408 412 412 427 442 453 
160 160 
5 256 256 354 472 475 
206 402 405 405 405 405 
230 
224 
415 
236 
184 184 184 198 
449 467 
67 192 298 298 347 421 
144 
254 415 

191 268 
193 251 251 382 382 

247 
81 184 
23 23 97 171 196 196 196 480 480 
184 426 426 
184 226 226 364 364 410 
408 
58 408 

68 233 425 425 
408 
281 281 347 347 

177 
0 339 


56 148 148 
159 159 392 392 
87 370 408 
396 465 

35 35 210 210 
233 
424 
84 
8 193 224 224 224 
80 214 215 317 317 349 384 413 413 413 429 434 467 481 481 
31 31 31 73 94 94 184 184 263 336 486 

314 314 398 


140 140 396 
42 96 96 323 323 
76 162 162 
42 321 321 
41 184 459 
153 153 244 503 503 
358 358 
7 7 
209 209 
81 81 82 82 82 165 223 223 
20 39 62 71 253 253 428 
22 
413 
413 
413 
174 174 413 
315 486 486 
199 
184 415 446 
46 145 145 301 381 381 381 408 408 427 427 453 
111 

239 239 
227 227 
69 147 
52 52 184 
27 
67 281 298 298 421 506 

314 

432 432 432 
402 402 482 
456 
5 21 41 41 41 151 256 256 271 271 273 411 450 450 462 462 502 508 
184 202 
236 267 
240 367 431 
38 72 89 244 326 326 413 466 503 
61 81 81 


65 193 413 
182 182 182 
118 262 292 292 410 
415 

114 181 357 390 390 496 
137 137 271 

87 306 
169 169 169 169 
36 36 190 
8 8 
154 154 250 271 271 408 408 
257 271 
222 
225 225 
101 

134 
0 0 46 64 139 139 339 339 339 395 408 
286 286 413 
75 432 
314 
264 
86 

487 
82 82 142 461 497 
17 17 367 367 

227 227 305 305 

81 495 495 
46 46 381 
184 307 320 

317 
445 
50 
247 247 250 250 271 
39 39 39 159 219 219 274 352 352 


239 239 274 274 274 274 

175 413 413 
25 26 87 150 271 293 294 297 306 339 339 374 374 381 437 470 470 
184 184 258 258 
262 292 364 
354 
271 271 
45 45 76 77 77 92 128 132 132 141 141 155 155 161 161 168 168 175 182 187 187 193 196 196 220 243 251 314 314 314 332 333 334 335 358 362 382 407 407 439 439 455 500 
108 497 
37 37 57 230 236 236 254 269 277 283 338 365 432 
65 
149 250 250 
80 80 80 95 95 

98 
281 347 
76 
76 76 
311 
103 103 296 296 
184 184 291 291 
271 339 339 
159 159 330 
314 

357 496 496 
236 236 351 351 351 383 415 460 
159 
314 
449 449 
22 
408 

161 413 413 

1 1 5 5 18 98 98 98 
250 250 250 271 468 
5 5 

41 399 
56 191 338 

128 
280 435 435 467 467 
41 41 156 354 354 462 
184 
464 
271 339 
4 124 131 131 219 232 
413 
184 353 462 491 491 

5 225 225 
324 
211 236 236 432 
22 389 497 
99 99 99 354 354 450 456 
63 63 75 75 
452 
184 307 
358 
280 314 449 449 
123 442 
159 
408 408 
101 170 267 
273 475 475 475 

487 
5 5 273 472 472 472 
197 240 496 
159 159 227 227 

193 193 
290 290 
314 314 
227 352 


39 
315 336 336 
235 235 236 388 474 

120 
184 
126 185 456 456 
41 

155 155 243 
81 81 394 394 
10 100 197 197 240 265 265 367 431 431 476 
389 414 461 
160 160 

193 413 
54 54 
354 
325 325 358 

233 
347 
104 
198 198 354 
76 229 229 
159 
159 
