Nodes: 512, Edges: 729
301 381 
441 441 
28 91 91 183 183 189 189 189 
271 493 

34 48 50 105 184 225 273 279 354 354 441 443 475 504 508 508 
404 
233 233 233 271 327 327 
313 313 350 
271 
476 476 476 
264 264 
184 355 
76 
117 184 
182 444 444 
41 184 

441 441 
104 104 
330 
31 354 354 
115 115 331 331 389 414 414 461 
171 


158 408 
346 
2 183 


21 172 172 184 184 315 489 489 

67 67 192 
5 
309 309 309 413 413 

406 415 

62 163 163 166 166 166 231 241 241 267 330 402 402 405 405 485 
236 249 249 
16 85 99 184 184 354 399 445 445 445 450 450 492 492 

193 
137 137 
413 
339 381 395 
459 
5 50 50 50 

5 48 48 48 400 

184 345 

501 501 
93 195 195 
236 236 304 446 
415 415 
397 397 
444 
104 

39 330 
383 
381 
193 416 416 416 
141 
33 33 192 347 
296 371 

246 
330 
358 358 358 

413 413 

13 107 109 199 207 207 208 229 328 328 360 360 478 
413 
456 

314 314 418 418 
82 82 329 359 389 389 394 394 495 
81 81 121 
236 236 
85 85 348 348 
41 84 84 312 348 
198 198 465 465 508 
306 408 

358 358 358 
358 
2 2 
182 
55 
315 315 
418 

290 
420 420 
41 457 462 
496 496 
140 140 195 378 471 
136 136 216 
146 379 379 
19 19 60 236 236 507 507 507 
5 184 
149 149 190 372 
76 
414 
76 199 
130 130 130 401 401 
195 340 
184 

367 367 367 
22 22 
415 
14 125 125 184 
364 
122 413 413 
486 489 489 
82 
119 
468 468 
232 387 
117 117 
185 491 
480 
413 

110 110 110 177 389 389 

168 413 413 
145 145 
354 354 380 

102 102 
44 44 368 368 
164 164 

101 101 
66 413 
389 389 389 
217 
282 
133 133 339 
103 
236 344 
236 
106 106 250 250 
248 339 408 
354 354 354 
213 292 364 364 
325 325 
374 374 
413 413 494 494 
450 450 

26 194 271 272 408 408 
188 205 205 219 219 227 231 330 402 428 428 477 510 511 
272 312 498 498 
413 

39 39 
138 138 
329 
39 39 39 
413 413 
132 413 413 
371 374 
471 
23 290 290 
31 31 
344 344 344 
376 413 
407 

130 269 283 300 300 415 
183 


367 
15 92 316 363 404 413 413 
2 2 28 178 
5 12 14 16 31 31 41 41 52 105 112 117 221 236 258 260 267 279 284 289 291 291 307 307 315 324 338 345 345 354 354 355 366 366 366 396 396 409 426 426 456 465 465 484 488 488 490 490 
126 473 491 

413 
159 477 477 
2 2 2 
106 
236 267 268 285 304 304 304 497 
33 67 236 281 
43 65 286 286 313 358 413 
158 
55 55 101 111 267 
290 413 
496 
86 86 386 386 386 508 
76 109 337 

236 415 
501 
271 271 
267 268 
159 159 
274 
76 76 
76 

309 

233 
152 
215 314 
214 467 
102 
143 
271 
159 159 232 232 274 274 454 454 
413 
184 
341 413 413 

276 350 350 350 
5 259 259 259 377 393 419 458 458 

159 305 305 343 477 
292 
76 295 509 
275 275 303 415 415 415 
39 159 
124 219 219 
7 7 7 212 238 271 310 374 374 375 505 
503 
487 487 
40 56 56 83 83 104 104 147 148 184 191 192 201 237 267 267 275 278 351 356 432 438 438 460 460 
236 
233 367 
268 
476 476 496 
39 39 

413 
358 

70 
288 288 
150 408 
40 40 
149 149 401 417 417 417 442 442 
286 413 413 




273 
375 
184 409 
225 225 225 261 419 419 419 419 
184 
259 
364 
315 315 
11 11 334 385 
496 
271 
39 184 191 195 204 236 236 268 356 471 471 
191 204 239 267 
177 

3 7 9 158 203 203 218 233 266 282 297 327 354 354 374 374 391 391 408 408 427 453 453 
158 160 
5 256 
206 219 219 402 402 405 405 
230 230 236 
224 
415 
236 460 460 460 
5 184 496 496 
308 
192 298 347 421 
144 271 427 
177 415 415 
184 
191 
193 193 251 382 413 

247 247 
184 
97 171 171 196 480 
184 184 426 
152 228 364 364 410 
408 408 
397 
229 
68 
271 408 
281 347 
413 413 
177 177 
0 

230 415 
56 191 191 191 
227 227 392 
87 370 408 408 
184 184 354 396 396 
280 
35 35 35 210 
233 

85 160 
8 8 193 
80 80 214 384 398 398 413 413 418 429 434 434 434 449 449 467 467 
31 94 94 184 263 263 
182 
413 413 
413 


323 

321 359 
184 
153 153 503 

7 7 271 
76 76 
81 165 
20 39 62 71 159 369 428 428 430 
22 22 
407 407 413 413 
413 
264 385 413 413 
413 413 

199 
184 
46 145 150 381 381 381 427 427 452 464 
111 
222 

227 
147 173 173 173 447 447 
52 184 184 
27 
67 281 298 421 421 506 
84 84 85 
481 481 
8 224 224 224 
236 
402 402 482 

5 5 21 21 41 134 134 151 151 151 184 184 271 271 307 450 462 462 490 502 508 
12 184 
236 267 
367 367 431 431 496 
72 72 72 89 89 89 90 193 244 413 466 503 
81 323 
76 76 

413 
182 
118 152 152 262 292 292 410 410 
415 415 
184 184 184 
114 114 114 181 238 357 357 
137 137 401 
330 
306 
68 169 
106 

154 154 169 233 233 271 271 408 417 417 442 
233 257 
174 
225 
101 
103 103 
134 
0 46 64 339 339 339 
286 413 
63 415 415 463 
314 449 449 
264 334 
198 198 198 
124 
487 
22 81 81 130 130 142 142 142 461 461 461 497 

271 271 
305 
225 
81 81 
46 
184 184 307 307 
58 58 294 
314 314 
41 445 
50 
110 110 250 368 
39 39 159 274 274 352 352 
427 
6 182 499 
39 39 274 274 
37 
175 332 332 413 
26 87 150 158 158 248 271 271 293 293 297 306 306 374 470 470 
184 258 
292 364 364 


35 35 45 74 74 77 119 119 128 132 132 141 155 155 161 167 167 168 168 174 182 182 187 193 196 220 222 222 243 251 251 286 299 299 314 314 317 317 318 332 332 333 334 334 335 335 358 362 382 407 439 455 455 500 
22 22 108 497 
37 57 57 116 177 201 230 230 230 277 283 283 303 365 365 383 383 432 463 
65 65 65 
250 250 250 374 374 
80 80 95 314 
225 259 259 259 259 
98 98 441 
281 347 347 




184 184 291 
271 282 339 339 403 
159 159 330 330 
314 
330 
357 357 496 
236 415 460 

314 314 314 
449 449 


236 236 
413 

1 1 5 18 18 420 
250 250 374 468 468 
5 
15 15 59 
41 41 41 399 
56 
344 344 

314 314 384 384 435 435 
41 41 156 156 354 462 462 

339 464 464 
271 271 
219 219 
413 413 
78 184 462 491 
99 
225 225 
47 
236 236 278 278 278 432 
22 389 389 389 497 497 
99 354 354 450 450 456 
383 415 
339 452 452 
86 86 184 184 
358 
215 314 314 
123 123 442 442 

408 408 
101 170 267 267 
475 
185 
487 487 
5 472 
10 10 10 240 240 
159 188 188 227 
76 

127 290 
349 349 
352 

184 
39 
120 489 
235 235 388 474 474 
184 184 
31 31 120 120 486 
184 184 354 
126 185 456 
41 41 
3 
155 155 
81 
100 100 197 240 265 279 279 357 431 
191 389 414 461 461 
160 160 
404 
413 
54 54 202 
354 
234 325 358 
5 
233 
347 
104 104 104 
5 5 86 198 354 
229 
159 
159 
