Nodes: 512, Edges: 729
381 381 
441 441 
91 183 183 183 189 189 
271 493 
454 
34 88 198 225 225 273 273 279 458 475 475 475 508 
404 404 
233 233 233 271 327 

271 
496 
264 
184 202 355 
76 
117 117 184 
182 182 444 
41 

441 441 
104 104 

31 354 
108 115 389 389 436 461 
171 290 290 

408 
158 408 408 

178 
56 
180 180 
21 172 172 354 354 486 489 

192 
5 
210 309 309 
372 
406 415 415 

62 159 163 166 219 219 231 241 241 267 302 330 402 405 405 477 
236 
16 85 99 137 137 151 184 324 445 445 450 450 492 



413 413 439 
339 339 381 

50 
236 
48 400 
490 490 490 
184 
225 225 
501 501 
93 93 93 236 
29 236 236 304 446 446 
415 
294 397 397 
444 444 
104 104 104 
81 359 359 
39 241 330 330 
463 
381 
193 193 416 

192 
296 371 
236 236 344 344 
184 184 246 258 
330 
89 89 89 358 358 
94 94 315 

463 
13 107 162 162 207 208 208 229 299 413 413 422 509 
196 413 413 
456 
236 
314 418 
61 82 82 184 261 261 289 329 389 
81 81 142 329 329 329 389 
236 236 236 236 236 
312 
41 348 
465 
306 370 408 
5 504 504 
72 72 72 
358 
2 
413 
55 55 55 
73 73 


290 290 
441 441 
41 457 462 462 462 
476 476 496 496 
140 378 378 471 
136 216 
146 146 379 379 379 
19 19 60 60 60 138 138 236 507 507 
106 184 190 
105 149 149 372 
76 
22 414 
199 199 
130 130 176 247 
195 195 340 340 340 
184 184 

367 367 
22 
177 184 184 415 
14 14 125 125 125 135 135 136 236 
364 
122 413 
486 
143 
119 
468 
232 232 232 454 
117 117 117 136 136 
491 
480 
220 220 413 413 413 

110 110 177 
454 
168 413 413 
145 145 
380 
117 117 
102 117 125 125 
41 41 368 368 368 
104 104 236 
381 
101 320 320 
358 358 358 413 
82 
121 217 217 

133 133 
103 103 
344 344 344 
236 
106 106 250 250 
248 339 408 
41 
213 

374 374 
413 413 413 494 494 
450 
233 
26 194 272 408 
39 188 188 205 219 227 257 330 402 428 433 469 477 510 511 
272 312 
413 
76 76 322 
39 


39 
413 413 
132 
179 296 371 
471 471 471 
23 290 
31 31 
344 
335 413 
407 407 407 413 
110 247 
116 130 283 283 300 300 415 
28 
169 
30 30 222 222 
367 367 
15 15 363 444 
2 2 2 
12 14 41 52 70 70 81 105 112 112 116 116 221 236 246 258 260 267 279 284 289 291 292 307 307 315 315 315 324 324 338 345 354 355 366 396 409 415 415 426 426 451 451 465 488 
491 
440 
413 
159 159 477 
2 2 
105 
267 267 268 285 285 304 446 
33 67 236 281 281 
65 65 362 413 479 500 
158 
111 111 267 267 471 471 471 
77 413 
240 496 496 
5 386 386 508 
109 109 337 337 

415 
12 501 
271 271 
267 268 268 
159 
274 274 274 
76 478 
76 76 
328 
35 309 309 

233 
152 

314 314 
102 
143 143 

39 39 159 232 232 274 274 402 402 402 454 
128 128 413 413 
184 
180 180 341 376 413 413 413 483 
329 329 
313 350 350 
5 5 53 53 259 377 377 393 393 458 458 
292 
159 305 392 477 482 

76 295 509 509 
275 275 303 415 
39 
124 124 124 219 219 454 
7 7 7 157 212 238 238 374 375 
503 

40 49 55 56 56 69 69 79 83 83 83 83 83 104 117 138 148 184 192 237 267 278 344 351 415 415 415 432 432 
236 
233 233 
268 268 405 405 
197 476 
39 39 62 
423 
413 494 494 
325 

70 184 
110 176 288 288 
150 408 

149 149 374 442 442 
270 413 

330 330 
283 

273 354 
159 
70 184 409 
225 419 
184 
81 81 
364 364 410 410 
315 
11 334 334 385 
496 496 
271 
39 184 191 191 195 195 204 236 268 356 356 471 
191 204 204 239 239 267 
415 
251 
3 7 9 203 203 266 282 297 354 368 374 374 375 391 401 401 408 412 
158 160 
5 5 256 354 472 475 
206 206 206 219 219 402 405 405 405 
230 230 

415 
236 460 
5 184 496 
308 308 467 
192 192 347 347 421 
271 427 427 427 
177 177 254 
184 
191 191 


247 247 
81 184 
23 23 97 97 171 480 
184 426 
184 226 
408 
58 397 397 
229 
68 169 425 425 425 
271 
347 
76 413 413 
177 177 
339 
39 
230 415 
56 191 
227 
87 370 408 
184 184 354 396 465 
280 280 
35 35 210 210 

424 
84 160 
224 
80 215 215 319 413 418 434 449 449 449 467 467 
73 184 184 184 263 336 486 486 


413 413 
314 
140 140 396 
323 323 
162 
321 321 
41 184 184 
244 503 
358 358 
7 
209 
81 82 82 82 223 223 
39 62 62 71 159 253 253 369 428 428 

407 
413 
264 264 385 413 413 
174 413 
315 486 
199 199 
184 446 
46 46 150 301 381 381 452 464 464 
111 111 111 
222 


69 69 147 147 147 173 236 447 
184 

281 281 298 421 506 
85 
481 481 
224 224 
236 432 432 
402 402 482 
456 
21 31 31 184 256 271 273 307 411 411 450 462 490 502 
12 184 
267 267 
367 431 
72 72 90 141 141 141 326 326 413 466 466 
61 61 


193 413 
182 
118 262 262 410 
415 
184 
114 114 181 181 357 390 496 496 
137 137 137 271 401 
330 
87 306 
68 169 
36 106 

154 154 233 250 271 271 408 
233 271 
222 
225 225 
101 101 
103 103 103 
134 
0 0 46 64 139 339 339 395 408 408 
413 
415 463 463 

264 334 
198 198 

487 487 487 
22 22 81 82 461 461 497 
367 
271 
227 
225 225 
495 
381 
184 307 320 
58 58 294 294 


50 
271 271 368 
39 159 219 219 219 274 352 352 

6 6 
39 39 239 239 274 274 274 
37 
175 175 175 332 
25 26 26 87 150 158 248 271 293 306 374 381 381 437 
184 258 
262 262 364 
354 354 
271 
45 45 76 76 77 77 92 119 128 128 128 132 132 141 155 155 155 161 167 167 174 175 187 193 196 220 220 222 222 222 243 251 299 299 314 318 318 333 334 334 335 358 362 382 455 500 
108 497 
37 37 57 116 177 184 184 201 230 236 236 236 269 277 303 365 383 
65 

80 314 
259 
441 
281 347 
76 
242 
311 
296 296 296 
184 184 291 
282 282 282 
159 330 330 


357 496 
236 236 351 351 460 460 460 
159 
314 

22 
408 

45 
186 
1 1 18 18 98 98 420 
250 250 468 468 468 

15 59 59 182 
41 41 
56 56 191 338 
344 

314 314 314 467 
41 41 156 354 462 
184 184 
339 

4 124 131 219 232 
413 
78 353 462 
99 
5 225 225 

278 432 432 432 
22 389 389 497 497 
99 99 99 354 450 456 
63 75 383 383 
339 339 
86 184 307 
358 358 
280 314 314 449 
123 442 442 442 
159 511 

101 170 170 170 195 195 195 267 
273 

487 487 
5 5 5 273 
100 100 240 496 496 496 
39 159 188 227 
207 
193 
127 290 
349 349 
227 352 
222 


31 120 315 315 336 489 
388 388 388 474 474 
184 
31 486 
51 51 51 354 
126 185 
41 
3 
155 155 243 243 
394 
10 100 100 197 197 265 265 279 367 367 431 476 476 476 
389 414 461 461 


193 413 
54 54 202 
354 
234 325 
88 88 

347 
104 104 
5 198 
76 229 229 
159 
159 469 
