Nodes: 512, Edges: 729

441 441 
28 91 91 183 
271 493 
454 
34 48 50 88 198 225 225 255 273 354 441 441 475 504 508 508 
404 
233 327 327 
224 313 373 373 

476 
264 
184 202 

117 
316 444 444 444 
41 41 

441 441 
104 
330 330 
31 354 
108 108 115 331 389 461 
290 
76 76 
408 
158 158 158 408 
76 
2 183 183 
56 
180 
21 172 172 184 184 354 486 489 489 489 
184 
67 192 192 
5 
210 222 309 413 
106 372 372 372 
406 406 415 

62 163 166 219 219 219 231 302 302 330 402 405 477 477 
192 249 
16 16 85 99 99 99 137 137 151 354 445 445 
323 323 
193 
137 
413 
339 
346 459 
5 50 50 
236 236 
5 48 48 
490 490 
184 345 345 
225 

93 195 
29 191 446 487 


444 444 
104 236 

39 241 241 
383 

193 362 362 362 416 
141 141 
33 192 192 281 
296 296 371 
236 344 
184 258 258 258 
330 
358 358 
94 94 315 315 
413 
383 
24 24 27 196 229 229 242 328 360 360 413 422 478 509 509 509 
413 
456 

418 418 
82 82 113 184 289 289 329 329 359 389 394 
81 81 121 142 143 143 329 329 389 
236 
85 85 85 348 348 
41 84 84 84 312 312 312 348 348 
198 198 386 386 465 
306 370 408 
5 190 504 504 504 
358 
358 
2 2 
182 182 413 
55 
73 73 315 
418 
321 
171 290 290 
420 420 441 441 
41 41 41 457 462 462 
496 
140 195 378 378 471 471 
136 136 
146 379 379 425 425 
19 60 138 138 507 507 
106 106 184 190 
36 105 105 149 149 

22 22 414 414 

130 130 130 130 247 247 
340 
184 
81 
367 367 
22 
177 177 184 
14 135 136 136 184 236 236 
364 
122 
486 489 
82 143 143 
119 
468 
232 232 232 387 387 387 454 
136 136 
185 
480 
220 413 448 
415 
110 110 110 110 177 177 

413 

354 380 
117 
102 102 117 117 125 125 
41 41 44 184 368 
104 104 164 236 236 
294 381 381 
101 
66 66 358 
82 389 
82 82 121 121 217 
282 282 
339 
103 
236 283 344 344 
236 
106 106 417 417 

41 354 354 
213 292 364 

374 374 

450 450 

26 26 26 180 194 271 271 271 
188 205 219 227 227 231 231 305 330 469 510 510 511 
272 312 498 498 
413 439 
322 
39 
138 

39 477 477 
220 
413 413 
296 296 371 

97 
31 31 

222 222 335 376 413 
407 407 413 

116 116 130 130 269 283 415 
183 

30 158 
367 
92 92 363 413 413 444 
2 28 28 178 
12 31 31 32 52 70 81 105 112 116 117 137 221 236 236 258 260 260 279 279 284 289 307 307 315 315 324 338 345 345 355 355 396 409 409 415 415 426 426 426 451 456 465 484 488 
126 473 473 491 491 
440 440 

159 477 

88 105 372 
56 236 236 267 268 268 304 446 
33 33 40 67 67 236 281 
43 65 286 313 362 413 479 500 
158 
55 101 267 267 267 
76 200 290 
240 476 
5 86 86 279 386 386 386 508 508 
207 337 337 
196 
236 415 
12 355 355 501 

267 267 267 268 
159 
274 
199 

328 328 
35 309 

233 233 
152 



143 
271 
39 39 39 159 232 274 
128 167 413 413 
184 
35 174 174 341 413 

8 276 350 
5 5 53 259 393 393 441 458 458 458 
292 292 
159 159 305 305 343 392 392 477 482 482 
245 292 
76 76 295 509 
236 275 303 
39 159 159 
124 124 124 219 454 454 
7 212 212 238 271 310 310 374 375 505 
503 

49 49 60 69 83 117 117 138 138 147 148 184 184 191 191 192 201 230 237 267 267 278 278 351 356 432 460 460 460 
236 
233 
342 342 405 
197 357 476 496 
62 62 
76 
413 
358 
228 

110 110 288 401 401 401 
408 
40 
401 401 417 442 
270 270 286 413 413 


283 415 
5 
273 273 
375 375 
70 70 70 184 409 409 
225 261 419 419 
184 184 324 
259 329 
410 

11 385 385 385 
496 
271 
191 195 195 195 204 204 204 236 236 268 268 471 471 
191 191 204 267 267 
177 
251 251 
3 158 158 158 218 233 266 339 354 354 354 374 374 375 375 391 391 408 427 442 442 453 453 453 
160 
5 256 256 472 475 
206 219 405 
230 
224 
415 415 
236 236 460 460 
184 184 198 496 
308 
67 192 347 
144 144 427 
147 177 254 415 
184 

193 251 382 382 

247 
81 81 184 
23 97 97 196 

152 226 226 228 410 
408 408 
139 397 408 
229 
68 68 169 169 

347 
413 


39 39 485 
230 
191 
159 227 227 392 
87 370 408 408 
184 184 465 
280 
35 210 
233 233 
424 
85 85 85 160 
8 193 
398 413 413 418 429 449 449 449 467 467 
73 73 94 184 184 336 
15 
413 



96 323 
162 
42 42 321 359 
184 260 
503 
358 
7 7 
76 209 209 
81 81 82 82 261 
20 20 39 71 159 369 369 428 
22 
407 407 407 413 
413 
385 413 
174 
315 486 
199 199 
184 415 415 
46 145 271 381 381 452 464 464 470 
111 
222 
239 239 
227 
69 147 147 
52 52 184 184 
47 
281 298 421 506 
84 84 85 85 
481 
224 
236 432 
402 402 
456 
5 21 31 41 134 151 151 271 271 271 490 490 508 
184 184 202 202 
236 
240 431 431 496 
72 72 89 90 141 244 326 413 466 
81 323 
76 76 

65 65 65 193 
182 
118 152 410 
415 

114 114 181 
137 
330 330 
87 306 
68 169 
36 36 36 190 
8 8 
154 154 233 271 271 408 408 417 417 442 442 
233 257 257 271 271 
174 

101 101 
103 103 
134 
139 139 339 339 395 
286 286 
63 75 415 432 
449 
264 264 264 334 413 
86 86 198 198 198 
124 124 124 
487 
22 81 82 142 461 497 

271 271 
227 227 305 
225 225 
81 495 495 
381 
184 
294 
314 
445 445 445 

247 247 247 250 250 
39 352 352 
427 427 427 
6 
39 239 274 
37 37 
175 175 332 332 332 
25 26 87 248 271 293 293 294 306 306 374 374 437 
184 184 258 258 
262 292 364 


35 45 74 76 77 92 128 132 161 168 168 174 175 182 182 193 220 220 222 243 251 251 299 314 314 317 332 333 334 358 385 448 455 500 
108 108 497 497 
37 129 177 184 184 201 254 277 277 283 338 338 365 383 432 463 
65 
149 149 250 374 374 
80 80 95 314 
259 259 
98 98 
347 
76 

311 
103 103 
184 184 184 
271 282 403 403 403 
330 
314 

357 357 
236 351 383 415 




408 

161 
186 186 
1 1 5 5 18 18 98 98 225 
250 271 271 374 374 468 

15 15 15 59 59 182 
41 41 399 399 399 
56 191 

128 413 
314 314 314 384 
156 156 
184 
339 464 
271 271 271 
4 124 232 232 
413 
78 184 353 491 491 
99 
225 225 225 
47 
236 236 236 278 278 
22 389 497 497 
99 99 
415 
339 339 452 
86 184 307 
358 
314 314 
123 442 
159 
339 
101 101 267 267 
273 475 
185 185 
487 487 
5 273 472 
10 197 240 496 
39 39 166 166 188 227 
76 
193 
127 
349 
227 227 

184 
302 
31 120 336 
56 388 474 474 
184 
31 31 31 120 
51 51 354 354 
185 185 456 456 

3 

394 394 
100 240 265 279 357 476 
389 414 414 461 461 
160 160 

193 413 
202 

234 325 
5 88 88 88 
233 
347 
104 104 
5 5 198 198 354 
76 76 76 229 
159 159 
159 
