Nodes: 512, Edges: 729
301 381 381 

28 183 183 189 


34 50 88 88 184 198 225 354 354 400 400 441 441 443 443 443 458 475 475 504 504 508 
404 404 
271 327 327 327 
224 313 313 313 

476 476 

202 355 355 

117 
444 
41 41 184 
390 390 
441 
104 
330 330 
354 354 
108 331 331 389 414 436 436 461 
171 171 290 290 
76 
408 
158 408 408 
76 
2 178 178 178 183 


184 354 489 489 
184 
192 
5 
309 
372 


62 62 166 219 219 241 241 267 302 330 405 477 485 485 
192 236 236 236 
16 16 85 99 137 156 156 160 160 160 324 399 445 450 492 
321 321 323 323 323 
193 

413 413 
64 64 381 381 
346 
50 50 
236 
5 48 48 400 400 
490 
184 184 345 345 


195 195 236 
236 304 446 446 487 487 

294 397 397 
444 
104 104 104 236 
359 359 
39 39 330 
383 463 463 463 
46 46 
193 193 362 362 416 
141 
192 281 347 347 
296 371 371 
236 236 236 
184 246 258 
330 
89 466 
94 315 315 
413 413 413 
383 463 
24 27 107 199 207 242 322 322 328 478 509 509 

456 
236 236 236 
418 418 
184 184 184 261 289 289 329 359 359 389 389 394 
121 142 142 143 143 329 389 389 389 
236 236 
85 312 312 
41 84 160 160 312 312 
198 465 465 
306 306 306 370 408 
5 5 504 
72 358 
358 

182 413 

73 315 

321 
171 171 290 
420 441 
41 462 462 
496 
140 378 471 471 
117 117 
379 379 379 379 
19 60 60 60 507 
106 190 
105 149 190 190 372 
76 
22 414 
199 199 
130 130 130 130 176 
195 340 
184 184 

367 

177 177 
14 102 102 125 135 184 236 236 

413 
486 489 
82 143 143 

468 468 
232 232 454 
117 136 
185 185 491 491 
480 480 
413 413 
415 415 
110 110 110 110 177 177 177 389 
454 
168 413 413 
145 145 145 
354 380 
117 
125 
41 184 184 368 368 
164 236 252 

101 320 
66 413 
82 82 389 
82 82 121 121 
282 
133 133 133 


236 236 
106 250 250 
408 408 
354 
292 364 
325 
374 374 
413 413 494 
41 41 450 450 
276 
26 271 271 271 272 408 
188 205 219 219 227 231 231 305 402 402 433 477 477 510 511 
41 41 41 85 85 312 498 
413 413 439 
322 

138 
329 
39 
413 413 
132 
296 371 

23 23 97 97 

344 
335 413 
407 413 413 413 
110 247 
116 116 130 130 130 283 283 300 415 
28 28 28 

222 
367 
92 363 363 413 444 444 
2 2 28 495 
5 16 31 32 52 52 70 81 81 81 112 112 117 137 137 213 221 236 236 246 258 267 279 284 284 289 307 315 345 366 396 409 409 415 451 465 465 465 484 490 
126 126 491 491 
245 440 

159 
2 
105 106 106 372 
267 268 285 285 304 446 446 497 
33 40 67 281 
43 65 65 413 413 479 500 500 500 

55 55 111 236 267 
200 290 290 413 
240 496 
5 86 386 508 508 
76 109 109 337 
196 
236 415 
12 355 501 

267 268 268 
159 
274 
76 

328 328 

460 
233 
184 
215 
214 467 


271 
39 39 159 159 232 274 402 454 

184 
180 341 376 413 
329 
8 313 
5 259 393 458 

159 305 305 392 392 482 482 482 
245 

275 275 303 415 
159 159 
124 124 219 
212 238 271 271 

487 
40 40 40 49 55 56 60 69 69 69 79 79 79 83 83 117 117 138 148 148 184 184 195 201 237 267 267 275 278 344 356 415 415 432 460 487 
236 
233 
342 405 405 
197 476 476 
39 39 
76 
311 311 413 
325 
186 228 
70 184 
176 401 
408 408 

149 149 374 401 417 442 
270 270 270 413 
138 

415 

273 

70 184 
225 261 419 

81 259 329 
364 364 410 410 

334 385 
496 496 

39 184 191 195 204 236 236 268 356 471 
191 204 204 267 285 

251 251 251 
7 158 158 158 218 233 233 297 297 339 354 368 374 374 375 401 401 427 442 442 453 
158 
256 354 354 472 472 475 475 
206 219 402 405 
230 230 236 
157 
415 
236 460 460 
184 496 
308 449 
67 192 298 347 421 421 
144 427 
177 177 415 
184 184 
191 191 268 
382 413 


81 81 184 
23 23 97 196 196 

152 364 364 
408 408 
58 397 408 

68 169 
271 271 408 408 
281 347 347 
413 
177 
0 
39 
230 415 415 415 
56 191 
159 227 227 392 392 
87 87 87 370 370 408 408 408 
184 354 354 396 
280 
35 

243 243 
84 84 85 85 160 
8 8 8 224 
349 413 418 418 429 434 467 467 481 
73 73 94 184 336 

398 413 413 


140 396 
42 42 96 323 
76 76 162 
42 42 42 321 359 359 
41 
153 244 503 503 
358 
7 7 7 
76 209 209 
81 82 165 223 261 
20 20 39 62 71 369 369 428 
22 22 
413 413 
413 
264 385 385 413 
174 413 
315 
199 
415 
271 381 381 408 408 427 427 427 452 452 453 
111 
222 
239 

173 236 447 
52 52 184 
47 
67 67 281 298 298 421 421 506 

314 481 481 

415 432 
402 402 

5 5 21 21 31 134 151 271 273 273 307 307 411 462 490 490 502 
12 12 202 
236 267 
367 431 
89 90 326 413 
61 61 81 81 323 323 


65 65 413 
182 182 
152 262 262 292 292 410 410 

184 
114 181 357 496 496 
137 137 271 
330 330 
87 306 306 
68 68 169 
36 106 190 

154 154 250 271 271 408 417 417 442 442 
271 
222 

101 
103 103 103 103 
134 
0 0 46 46 339 339 395 408 408 
286 
63 75 415 432 
449 
264 334 334 
198 


22 81 81 82 82 82 130 142 461 461 
17 17 455 

227 227 305 305 
225 
81 495 
381 
184 307 320 
58 58 294 
317 
41 
5 5 50 50 
247 250 271 271 
159 159 219 274 352 352 
427 427 
6 6 
39 239 239 274 

175 
25 26 26 87 150 150 158 248 248 293 293 294 297 297 306 306 306 339 339 374 381 381 437 437 470 
184 184 
262 262 364 364 
354 

45 45 74 74 74 92 119 128 128 132 132 141 155 155 161 161 167 167 174 175 175 175 182 193 193 196 222 243 251 286 299 314 317 317 332 332 333 334 335 358 362 448 448 455 455 500 
22 108 497 
129 129 177 184 201 230 236 236 254 277 283 303 303 303 338 351 383 463 463 
65 
250 374 374 
80 80 314 314 
259 
98 
281 281 347 347 





271 282 339 339 339 403 403 
330 
314 

357 
236 351 383 460 
159 
314 
449 
22 22 
408 408 

161 
186 
5 5 18 98 
250 271 271 374 374 468 
5 5 5 
15 59 182 182 
41 
56 56 191 191 
344 
413 413 
280 384 435 
41 156 156 462 
184 
339 339 464 464 
271 339 
124 131 219 
390 413 413 
78 

5 225 

211 236 278 278 432 
22 389 389 497 
99 99 354 450 
63 63 63 75 415 415 
452 452 
86 86 184 184 184 
72 
215 314 314 
123 123 442 
511 
408 
101 101 267 
273 273 475 

487 487 
5 5 273 273 472 
10 10 240 240 
39 159 159 
76 
193 
127 127 
314 349 349 
227 227 227 

184 
39 39 
120 489 489 
56 56 235 236 474 474 

31 31 120 486 486 
51 184 354 354 
126 126 185 185 
41 

155 
183 394 
100 197 265 265 279 367 367 
191 414 461 
160 

193 193 193 413 
202 
354 
325 325 
5 5 88 

347 
104 
5 198 198 
76 76 
159 
159 469 
