Nodes: 512, Edges: 729
381 381 

28 28 183 189 189 189 
271 271 493 
454 454 
34 48 50 88 105 184 198 225 255 273 273 279 279 400 441 475 475 504 
404 404 
271 327 327 327 
224 313 313 350 373 
271 
476 
264 264 
184 202 202 
76 
52 117 117 
182 182 444 444 
41 184 
390 
441 441 
104 
330 330 330 
31 354 
108 108 115 115 331 389 414 436 


408 408 
158 158 408 408 
76 76 168 
2 2 178 183 
56 56 56 

21 172 184 184 315 315 354 489 489 
184 
67 
5 
222 222 
106 269 372 
406 415 415 
358 
62 62 62 163 219 231 231 241 330 330 402 402 405 
192 236 249 249 
16 85 151 156 160 184 324 354 354 445 450 450 
321 321 323 
193 
137 
413 
339 395 
346 459 459 
5 50 
236 
5 48 400 
490 
14 184 184 345 345 345 

299 299 
236 
29 29 29 191 446 487 
415 415 
294 
444 
104 236 
359 
39 39 39 
383 463 
381 
416 
141 
33 192 281 
169 169 296 371 
236 
184 258 
330 330 
89 89 325 325 
94 94 94 315 
413 
383 463 
13 27 27 107 109 162 199 199 199 207 207 208 208 208 229 242 245 328 328 360 413 413 413 
196 


314 418 418 
82 261 261 289 329 389 394 394 
81 121 121 142 143 143 329 389 
236 236 
85 312 
41 84 160 160 312 
198 198 386 465 465 
306 306 
5 
72 72 358 358 
358 

182 404 

73 73 73 
418 


420 441 
462 462 462 
496 
140 140 195 378 471 
136 216 
146 146 379 425 
19 60 138 507 
5 106 184 
36 105 149 372 
76 
22 22 
76 199 
130 
340 
184 184 

367 
22 22 
177 177 177 177 184 415 415 
14 14 125 184 184 236 
364 
222 413 413 
486 
82 82 

468 
387 
117 136 136 
491 491 
480 
220 220 413 413 413 
236 415 
110 389 
454 454 
413 413 
145 145 
354 

102 125 125 
44 184 368 368 
104 236 236 

101 101 320 
66 413 
82 
82 82 217 217 

133 133 339 
103 103 
236 283 344 344 344 
304 389 
106 250 250 417 417 
248 339 408 
41 
213 213 292 364 
325 
374 
494 494 
41 

26 26 194 
219 219 227 231 305 305 330 330 428 469 510 
41 85 85 272 312 312 498 498 
413 413 
76 322 322 
39 

329 329 329 

220 413 
27 413 
68 68 179 371 371 371 374 
471 

31 
344 
335 413 413 
407 413 

116 116 116 116 300 300 415 
28 183 183 
169 

367 
15 15 92 220 220 363 363 404 
2 28 178 178 
5 12 16 31 31 32 41 52 52 70 105 112 112 116 117 117 137 236 246 260 260 267 279 284 284 291 292 315 324 345 345 354 354 355 366 366 396 426 451 456 465 488 
473 491 491 
245 
413 
477 
2 2 2 

56 267 285 285 446 446 
40 67 
43 413 500 
158 
101 236 
77 290 413 413 
496 
5 86 86 386 508 508 
76 76 76 109 207 207 337 337 337 337 

236 415 
12 12 355 
271 
268 

274 274 
76 76 199 199 478 478 478 
76 76 76 
328 
309 
460 
233 
152 152 
215 215 
214 214 314 
102 
143 143 

39 159 159 274 
128 128 167 182 182 413 

35 35 119 341 341 376 376 483 483 483 

8 276 350 
5 259 259 259 377 393 458 458 
292 
159 305 305 343 343 477 482 

76 295 509 509 509 
236 236 275 415 
39 39 159 
454 
212 238 238 238 296 310 375 505 505 

487 
40 49 55 60 69 83 83 117 129 138 138 147 184 195 201 230 230 237 267 278 344 356 415 415 415 432 487 
236 
233 233 233 
268 342 
476 496 
39 
76 
311 311 
325 
76 186 
184 
288 288 
150 
40 40 
149 149 401 401 417 
270 286 413 413 

330 
415 
5 
273 273 354 354 
375 
70 
225 225 225 419 419 419 
184 184 324 
81 81 329 329 


11 11 334 334 385 
496 496 496 
271 
184 191 236 356 
204 239 
36 415 
251 
3 3 7 9 203 266 282 287 297 327 327 354 368 375 391 401 401 408 408 412 427 453 
160 
5 5 256 256 354 472 475 
206 206 219 402 
230 
224 
415 
236 460 460 
5 5 184 496 
449 
67 
271 427 427 
147 415 
184 184 
191 191 
251 382 
271 
247 247 
81 
196 480 480 
184 426 
152 184 226 
408 
58 397 397 397 408 408 
229 
68 233 
271 408 
347 
54 54 
177 177 

485 

148 
159 159 227 227 392 392 
87 87 408 408 
354 465 465 
467 
210 
233 
243 243 
84 85 160 160 
8 8 
80 215 349 349 384 398 413 418 434 434 467 481 
31 31 73 184 336 

413 413 


140 
42 42 
162 162 
42 359 
41 184 260 
72 72 153 244 503 
358 
7 7 7 271 271 
76 76 209 
81 82 165 165 165 261 261 
20 20 20 39 39 71 71 159 159 253 369 428 
22 
407 413 
413 413 
264 264 385 413 
174 413 413 
315 486 
199 199 199 199 
415 415 415 446 
46 145 150 381 381 427 
111 
222 222 
239 
227 227 
147 147 147 173 236 447 447 
52 52 52 184 184 
47 459 
298 421 421 

314 314 481 
8 224 
415 
402 402 482 

21 31 41 41 134 184 184 256 256 271 273 307 450 462 502 508 
184 202 
236 267 
431 431 
38 89 89 90 326 413 413 413 466 466 503 
61 323 
76 

413 
182 182 
118 152 410 410 
415 
184 184 
114 181 390 496 
137 137 271 401 
330 

68 169 169 169 
36 106 
8 
154 169 408 408 417 442 442 
233 257 271 
222 222 
225 
101 
103 

0 0 64 339 339 408 408 408 
286 413 
63 75 415 415 463 
314 
264 334 413 
86 198 
124 
487 487 
22 81 82 130 148 461 497 
17 367 
271 
305 305 
225 
81 81 
46 
184 
294 294 294 
314 
445 445 
5 50 
250 250 271 271 368 
39 39 274 352 352 
427 427 
6 6 92 182 
39 
37 
175 332 413 
25 25 26 26 150 271 271 293 294 294 297 306 306 374 374 381 381 381 470 

364 364 

271 
45 74 76 76 76 119 119 128 128 128 132 132 141 161 161 167 168 174 174 175 187 193 196 196 220 251 251 314 317 317 332 333 333 334 335 335 358 358 358 362 382 385 407 439 448 448 500 
22 497 
37 37 57 57 116 116 129 177 201 230 236 236 236 254 269 277 283 338 338 338 351 365 383 383 432 463 
65 
149 149 250 374 
80 80 95 314 
259 259 259 
98 441 441 441 
347 347 



103 
184 291 
271 282 282 339 403 403 
159 330 


357 357 496 
236 415 460 

314 314 

22 


413 

5 18 18 98 420 420 420 
374 374 468 468 468 

15 15 59 
41 399 399 
56 191 191 338 
344 344 
413 413 
280 467 
41 41 354 
184 
464 464 
271 
4 4 131 131 232 

184 491 491 491 

225 225 
47 47 346 
211 278 278 432 
389 497 497 
99 99 99 354 
63 75 383 415 
452 452 
86 86 184 307 307 
358 358 
308 314 449 
123 442 442 442 
159 511 511 511 
408 
101 170 
273 475 475 
185 

5 5 273 472 472 
10 240 
188 227 
207 207 207 

127 290 290 
314 349 
227 352 
222 222 222 

302 
120 336 489 
56 235 236 388 388 
184 
31 31 486 
51 
126 126 185 185 456 456 456 

3 
155 155 

100 197 240 265 265 265 279 367 431 
389 414 461 461 
160 160 

193 413 

354 
325 358 
5 
233 233 

104 
198 198 354 
229 229 229 
159 
469 469 469 
