Nodes: 512, Edges: 729
381 
441 
28 91 189 189 
271 493 493 

34 48 50 50 105 198 225 255 255 255 273 279 279 400 441 504 504 
404 
233 271 271 

271 
476 476 496 
264 
184 355 

52 184 
182 182 182 316 444 444 
41 41 
390 

104 
330 330 
31 354 354 
108 108 115 331 389 389 461 461 
171 171 


158 408 

2 178 

180 180 
21 172 315 315 354 489 489 
184 
192 
5 
210 222 222 309 413 
106 372 
406 
358 
163 166 166 166 219 231 241 302 302 402 405 485 485 
192 236 249 
16 16 85 99 99 151 151 156 160 160 184 324 354 399 450 
323 
193 193 193 
137 137 
413 413 439 
64 64 64 339 
346 
5 50 50 50 
236 236 
5 5 48 48 48 
490 
14 184 184 
225 
76 
93 236 236 
304 304 

294 294 397 397 
444 444 444 
104 236 236 
81 359 

383 463 
46 46 46 381 
362 362 
141 141 
192 347 347 
169 169 296 
236 344 344 
184 184 246 

89 89 358 358 466 466 
94 94 

463 
54 107 109 109 186 199 207 207 208 242 328 413 423 423 509 509 
413 413 413 

236 
418 418 418 
61 184 289 359 359 389 389 394 495 
142 142 142 143 329 389 389 
236 236 
85 348 
41 84 312 
198 198 386 508 508 
370 
504 
72 72 358 
358 
2 

55 
73 73 315 

321 321 321 
171 171 290 
420 441 
41 41 462 462 
197 197 496 496 
140 195 471 471 
117 136 216 
146 379 
19 60 138 236 507 507 
5 106 106 190 
36 105 105 149 149 190 
76 
22 22 414 414 
76 76 
130 130 176 247 401 
182 
184 

367 
22 
177 177 415 
102 125 136 184 184 236 
364 
413 
486 
143 

468 468 
232 232 232 454 
117 136 
185 491 491 
480 
220 413 413 448 448 
236 415 415 
110 110 177 

168 413 
145 145 
380 380 

102 117 125 
44 44 368 
104 236 236 

101 
66 66 358 413 
82 82 82 
82 121 217 217 
282 
133 133 339 339 
103 
236 344 344 344 
236 304 
106 106 
248 
41 41 354 
213 213 292 364 364 
325 325 
374 374 
413 494 
41 450 
233 
26 194 
188 205 205 205 219 227 227 227 305 305 330 402 402 433 469 477 510 510 510 511 
41 41 272 312 
413 413 413 
322 322 
39 


39 39 39 
220 
132 413 413 
68 68 296 371 371 374 
471 
23 23 97 97 290 290 
31 

335 
413 
110 247 
116 116 130 283 300 415 415 
28 

30 30 
367 
15 15 15 111 340 363 404 413 413 444 

12 14 32 41 52 52 70 70 81 112 117 117 221 221 246 258 258 260 260 267 279 284 289 291 291 292 307 315 324 338 338 345 345 354 355 366 396 409 409 415 426 451 465 484 
126 473 491 
76 245 361 440 440 
413 
159 477 
2 2 
105 106 
236 268 285 285 446 
33 40 67 281 281 
43 43 43 286 358 413 413 413 479 500 
158 
101 267 267 471 
200 350 373 
100 100 
5 86 86 508 508 
76 337 
196 
236 
355 
271 
267 267 
159 159 159 
274 274 
76 76 478 
76 
328 
35 309 309 
460 460 

152 152 
215 314 
214 314 314 314 
102 
143 143 
271 
39 159 232 
128 167 413 
184 184 
35 35 341 341 341 376 413 413 413 483 

313 
5 53 259 393 393 393 
292 292 292 
159 159 159 305 343 343 392 477 477 482 482 482 
245 
509 
236 303 303 
39 
124 124 124 219 454 
7 157 238 271 310 310 310 374 375 375 
503 

40 49 49 55 55 60 60 69 79 83 83 104 117 129 138 138 147 148 191 201 230 237 267 275 278 278 344 351 351 415 432 438 460 487 
236 
233 
268 342 405 
476 476 
39 
76 423 
413 413 413 
325 
186 228 
70 184 
110 176 288 
150 408 
40 
401 401 417 
270 286 413 


415 415 
5 5 5 
273 354 354 354 
375 
184 184 409 
225 419 419 
184 184 
329 
410 410 

11 334 334 385 
496 
271 271 
184 195 195 204 204 236 268 471 
191 239 267 

251 
3 7 7 9 203 218 233 266 266 282 287 327 339 354 375 408 412 412 427 442 442 453 
160 
5 256 472 472 
206 206 402 405 
236 


236 236 
5 5 184 496 
308 
192 192 298 347 421 
144 271 427 
177 415 415 
184 
191 191 
193 251 382 
271 
247 
81 184 
97 171 171 
184 184 
152 184 226 226 226 364 410 
408 408 
58 58 397 397 408 

68 169 425 
408 
281 347 347 
413 
177 
339 339 339 
39 39 485 485 
230 230 
56 56 148 
159 159 227 392 392 
370 370 
184 
280 
35 210 210 
233 233 233 

85 160 
224 
214 215 215 215 317 349 349 398 398 413 413 418 434 434 449 449 449 449 467 467 467 
31 31 94 184 336 486 486 
15 
314 413 413 
413 

396 
96 96 96 323 
162 162 
42 321 359 359 
41 184 459 
153 153 244 503 503 

271 
76 209 
82 261 
20 20 159 369 428 428 
22 
407 413 413 
413 413 
264 264 413 
174 
315 
199 
184 184 415 
46 145 145 271 301 301 301 381 452 464 
182 
222 222 222 
239 
227 227 
69 69 147 147 147 236 447 
184 184 
47 
67 67 281 298 298 421 421 506 
84 
314 314 481 
196 
236 236 432 
402 
456 
21 21 31 41 151 184 256 256 256 271 462 462 502 
12 184 202 

367 431 496 496 
38 72 72 89 90 141 193 
61 81 81 323 323 

186 
65 65 
182 
118 152 152 292 410 
415 
184 
114 181 357 496 
137 401 
330 
87 306 306 
169 169 
36 
196 
154 154 169 233 408 417 417 
233 233 257 271 
222 


103 
134 134 
0 64 339 395 
286 413 
63 463 463 
449 
264 
86 

487 487 
22 22 81 81 82 82 461 461 
17 

227 305 305 
225 225 225 
81 495 495 
381 
184 320 
58 58 294 294 
314 314 
41 445 445 
5 
110 250 250 368 
39 159 159 274 352 
427 
6 182 
39 239 274 
37 
332 413 
26 248 271 293 293 294 297 374 437 
184 184 258 
262 262 292 364 

271 271 
35 45 45 76 77 77 77 119 128 128 132 141 155 161 161 161 168 168 175 182 182 187 193 193 193 220 222 222 222 243 243 243 251 299 314 314 317 317 318 332 332 333 333 334 382 407 439 
108 108 497 497 
116 129 129 177 177 184 236 254 254 283 283 338 365 432 463 

250 374 374 
80 80 80 314 
259 259 
98 441 
281 347 347 

76 76 242 

296 
184 
271 282 403 
330 330 


357 496 
236 351 415 460 
159 
314 314 
449 

408 
236 470 
45 413 
186 186 
1 5 98 420 
271 271 468 

15 15 59 59 59 182 
399 399 
191 
344 
128 128 
314 314 314 314 384 435 467 467 
41 156 
184 
339 464 464 
271 
124 232 

353 491 


324 
211 211 236 432 
22 22 389 389 497 497 
99 99 354 354 
63 75 383 383 415 
339 452 452 
184 
72 72 
314 314 314 449 449 
123 123 442 
159 511 511 
438 
101 101 170 195 267 
273 273 475 
185 
487 
472 
10 10 240 240 496 
159 188 227 227 
207 
193 
127 
349 
227 227 227 
222 
184 
39 39 302 302 
120 315 315 489 489 
236 388 388 474 

31 31 486 486 
51 
126 126 185 456 

3 3 
155 
81 394 394 
10 100 100 265 279 357 357 367 431 476 
414 414 461 461 


193 

354 
234 325 325 
5 5 88 

347 
104 104 
86 86 198 198 
76 76 229 
159 159 159 
159 469 469 
