Nodes: 512, Edges: 729

441 441 
28 28 91 183 183 189 189 
493 493 

34 34 48 50 50 50 88 184 198 255 255 279 354 400 441 504 504 508 
404 404 
327 327 327 
373 373 
271 
476 476 
264 264 
184 202 355 
76 
52 117 
182 444 
184 
455 455 
441 

330 330 
354 354 354 
108 115 115 331 414 414 436 436 436 
171 290 


158 158 408 

2 2 178 
56 56 
222 
172 184 489 

67 67 
5 5 
222 
106 372 
406 
358 
62 62 159 159 163 166 219 219 231 241 267 330 402 405 
236 249 
85 85 99 137 156 160 184 354 354 445 450 
321 323 
193 
137 
439 
64 339 395 395 395 
346 346 459 
5 50 50 
236 236 
5 5 5 48 48 400 400 
490 490 490 
14 345 
225 

93 93 236 
29 29 304 
415 
397 
444 444 
104 236 236 236 
81 359 359 
39 39 241 330 
383 463 
46 381 
362 362 
141 
33 33 192 281 347 347 
296 371 
236 
184 246 258 
330 330 
325 358 
94 
413 413 413 

13 109 109 162 162 186 199 199 199 207 245 245 245 314 322 328 353 413 478 478 509 509 
413 

236 
314 418 418 
61 113 184 184 184 261 261 289 289 329 389 389 394 
142 143 143 329 389 389 
236 
85 312 348 
41 41 84 160 312 312 348 
198 465 465 508 
370 
5 504 
358 358 358 

2 
404 
55 55 
73 
418 

171 171 290 
420 441 
41 462 462 
197 197 197 496 496 
140 195 378 378 471 
117 117 216 216 
379 379 379 425 425 
60 236 507 
184 190 
36 190 

22 414 414 414 
76 76 
176 176 

184 184 
81 
367 
22 22 
184 415 
14 102 102 135 136 184 236 
364 
122 222 222 413 
486 489 
143 143 
119 
468 468 468 
232 454 
136 136 
185 491 491 
480 
220 220 413 448 448 
415 
177 389 389 
454 
413 
145 145 

117 
117 125 125 
41 44 184 184 368 368 
164 236 236 236 252 
381 381 
101 320 
66 413 413 
82 389 389 
82 82 121 121 217 
282 
133 133 

344 

250 417 
248 339 408 408 
354 354 
213 213 213 213 292 292 364 
325 

413 494 494 
41 

26 26 271 272 408 
39 39 188 188 205 219 219 227 231 305 305 330 428 433 433 477 477 510 511 
41 85 
413 439 
76 76 322 
39 
138 

39 477 
413 

179 371 371 371 374 

23 97 97 290 
31 
344 
413 
407 
110 110 247 247 
130 269 283 300 415 415 
28 
169 


15 363 363 413 444 
2 2 
5 12 16 31 41 70 81 81 81 105 112 112 116 117 137 137 213 221 221 236 246 258 260 284 289 292 307 315 315 324 354 354 355 396 409 409 426 451 488 490 490 490 
126 473 
76 245 245 361 440 

159 159 
2 2 
105 106 372 
267 268 
67 236 236 281 281 281 
43 358 358 362 362 479 500 

101 236 236 267 
413 
100 100 100 240 
5 86 279 386 508 
76 76 76 337 337 337 

236 415 
12 355 501 
271 
267 267 268 
159 
274 274 274 274 
76 478 

328 
309 309 309 
460 
233 
152 152 152 152 184 


102 102 
143 

39 39 159 159 232 274 402 454 454 
128 128 413 
184 184 
30 35 119 119 341 413 413 483 483 

276 276 276 313 
53 259 259 393 441 441 458 458 458 
292 292 
159 305 305 343 392 392 482 

295 295 
236 415 415 
39 159 
124 219 454 
212 310 310 310 374 375 505 
503 
487 
40 49 49 55 60 60 60 69 79 83 104 117 138 138 138 184 192 192 195 195 201 230 237 267 278 278 344 415 415 415 415 460 
236 

405 
197 476 
39 62 


358 
76 76 76 186 186 
70 184 
176 176 288 401 
150 408 
40 
149 374 401 401 401 401 401 417 442 
270 270 286 
138 
330 
283 
5 5 
273 273 
375 
70 184 
225 225 419 
184 
81 81 329 
364 410 410 
315 
11 11 334 334 334 385 385 385 
496 

39 191 195 204 204 236 471 471 
191 204 
177 
251 251 
9 158 203 282 282 297 297 327 374 375 391 408 408 427 427 442 442 453 453 453 
158 
256 256 472 475 
206 206 206 206 219 405 405 

224 224 224 
415 
236 236 460 
5 198 
308 
67 192 192 192 298 421 421 
144 271 271 427 
177 254 415 
184 

251 382 

247 
81 81 184 
23 97 171 480 480 
426 
152 152 184 226 226 364 
408 
408 
229 229 
68 425 425 
271 271 
281 347 347 
413 
177 
339 
485 485 

56 
159 159 227 227 
408 
184 354 354 396 465 465 
280 
210 210 210 
233 233 233 

84 85 85 
224 
76 80 384 413 413 429 449 449 467 467 
184 184 263 336 336 486 

398 413 


140 
42 323 
76 162 
42 321 
184 459 
72 153 
358 
7 7 7 271 
76 209 
81 82 261 
20 20 39 62 71 71 159 253 369 369 369 
22 
407 
413 413 
264 264 264 413 
413 413 
315 315 
199 199 199 
415 
46 150 301 381 381 408 427 427 452 464 

222 

227 
147 173 236 447 447 447 
52 
47 47 
67 67 298 298 
84 85 


415 432 
482 
76 
5 21 21 21 41 41 151 151 184 184 307 307 411 490 490 502 502 508 
12 184 202 

367 367 431 431 431 496 
38 72 89 89 89 193 193 244 326 466 466 503 
61 61 

186 
65 65 193 193 413 
182 182 
118 152 262 292 410 
415 415 

114 357 357 496 496 
137 137 
330 330 330 
87 
68 169 169 169 
36 190 
8 8 
169 233 250 271 408 408 417 442 442 
233 257 271 


101 101 
103 103 103 

64 139 139 339 339 395 408 408 
286 413 
63 432 432 432 463 463 
314 449 
264 264 264 413 413 413 
198 


81 81 82 82 130 130 142 142 461 461 
455 455 
271 
227 227 
225 
81 495 
46 46 46 381 
184 307 
58 
317 
445 
5 50 50 
247 250 250 250 250 250 
39 219 
427 
6 6 92 
39 239 274 274 
37 
175 332 413 
26 150 150 158 248 271 271 293 294 306 339 374 374 381 381 437 
184 184 
262 262 364 
354 

74 74 74 76 77 119 128 132 141 141 155 161 167 174 182 196 220 222 222 299 314 314 317 333 333 334 335 335 362 382 385 385 385 407 439 439 448 
22 22 108 108 108 497 497 497 
57 116 129 177 177 201 230 230 236 236 236 236 277 283 338 351 365 365 432 463 

149 250 374 
80 80 95 
259 
98 
281 281 



103 103 296 296 
184 291 
271 271 282 339 339 403 
159 
314 

357 357 357 496 
351 383 383 383 415 460 460 
159 159 

449 449 449 
22 22 22 
408 

45 161 413 413 
186 
1 1 5 18 98 225 225 
250 271 271 374 374 468 
456 
15 59 59 182 
41 399 

344 344 344 
128 128 413 
314 314 384 435 435 435 
41 462 
184 
339 464 
271 271 271 
124 131 219 219 232 
17 17 390 390 
443 

225 225 225 
47 324 
211 236 278 432 432 
389 389 497 
99 99 450 
63 383 383 415 
339 452 
86 86 307 307 
358 358 
314 314 
123 123 123 442 
511 

101 267 267 
273 475 
185 
487 
273 472 
10 10 240 
159 159 166 
76 76 207 
193 
127 290 290 

227 352 
222 222 

302 302 
120 315 489 
235 474 
184 
31 120 486 
51 51 51 184 184 184 354 354 
126 126 

3 3 
155 155 
394 
100 100 265 357 367 367 431 
414 414 414 461 


193 
202 
354 354 
234 358 
5 5 88 
233 

104 
5 86 198 354 
76 76 
159 
159 469 
