Nodes: 512, Edges: 729
301 381 381 

28 91 91 111 183 183 
271 271 271 
454 
34 34 48 48 50 50 105 198 225 255 273 273 279 279 354 400 441 443 475 504 504 
404 
327 327 327 
224 313 350 350 
271 
476 476 476 496 
264 
184 

184 
182 316 444 444 
41 184 
455 
441 
104 
330 330 330 330 
31 354 
108 115 115 331 414 436 461 
171 290 290 

408 408 
158 408 
346 346 
2 178 
56 
180 
21 172 172 184 184 315 354 486 486 489 

67 
5 5 
210 309 413 413 
372 372 
406 415 415 415 

62 62 159 163 166 219 219 231 241 241 267 267 302 302 330 330 402 405 477 485 485 
192 236 249 249 
16 85 99 151 156 324 324 354 354 399 399 445 492 492 492 
321 321 323 



339 339 395 
459 
5 5 50 50 50 
236 236 
5 5 48 48 48 
490 
184 345 
225 

93 236 
29 304 446 487 
415 415 
294 294 397 397 
444 
104 
81 359 
39 39 
463 463 
381 381 
193 193 416 
141 
33 192 192 347 
371 371 
236 344 
184 246 258 

89 358 358 
315 

383 383 
109 162 162 186 199 207 229 242 245 322 413 423 509 509 509 
413 
456 
236 236 
418 418 
61 82 113 184 184 184 261 289 389 394 495 
81 121 143 143 143 389 
236 
312 348 348 
41 
198 198 386 386 465 508 
306 370 370 408 
504 504 504 
72 358 358 
358 
2 2 
182 413 413 
55 

418 
321 
171 171 290 290 
441 
41 457 462 
476 
140 195 195 195 378 
117 117 136 216 
146 146 425 
19 60 138 507 
5 106 184 184 190 
105 149 149 190 190 372 

22 414 
76 
130 130 176 247 247 401 
2 195 195 340 
184 
81 
367 367 
22 22 
177 177 415 
102 102 125 135 184 236 
364 
413 413 

82 143 

468 468 
387 387 454 454 
117 136 
491 491 491 

413 448 
236 415 
110 110 177 177 389 389 389 
454 454 
168 413 413 413 
145 145 145 
354 380 
117 
102 125 
184 368 
104 164 164 236 237 

101 320 
66 413 
389 
82 82 82 121 217 217 
282 282 
133 133 133 339 339 
103 103 
236 
236 304 304 304 
106 106 250 
248 339 408 408 
41 354 
213 292 364 364 
325 325 
374 374 
413 413 494 
41 450 
233 276 
26 194 271 272 408 
39 188 205 219 227 231 257 305 402 428 428 433 469 477 510 510 511 
272 272 

76 76 322 
39 
138 138 
329 
39 
413 413 
132 413 413 


23 97 97 290 
31 31 

335 362 413 
413 
110 
116 116 130 130 283 283 300 
28 183 

30 483 
367 367 
15 92 363 363 404 413 
2 2 178 495 
12 14 16 31 31 52 70 81 81 81 105 105 112 117 137 213 213 221 236 236 236 246 258 258 267 279 284 289 291 291 315 324 338 338 354 355 396 396 415 426 426 451 451 465 484 484 488 488 488 490 
473 491 
76 361 440 
413 
159 

105 106 106 
236 267 267 268 285 304 446 497 
40 67 67 236 281 
65 65 286 358 362 362 479 479 500 500 
158 
101 101 101 111 111 471 471 
200 
240 496 
5 86 86 279 508 
76 
196 
236 236 236 415 
355 
271 
267 267 268 
159 
274 
76 478 478 

328 
35 309 
460 460 

152 184 184 
215 
214 314 
102 
143 143 

39 39 159 402 402 454 
413 413 
184 
341 341 376 413 413 

8 350 
5 53 377 393 393 441 
292 
159 343 392 392 477 

76 295 
236 415 415 
39 159 
454 
157 238 238 238 296 374 505 
503 

40 49 49 55 69 79 79 83 117 129 138 147 148 184 184 184 191 192 201 201 201 230 237 267 275 351 351 356 356 415 415 415 438 460 
138 236 
233 233 233 367 
268 405 
197 476 476 
39 39 
76 
311 413 
325 
76 
70 184 
110 110 401 
150 
40 40 
149 374 374 401 401 401 417 442 442 442 
270 270 413 


283 
5 

159 375 
70 184 184 409 

324 
81 
410 

11 334 334 385 
496 

39 39 184 191 191 204 204 236 268 356 471 471 
191 204 239 267 
415 
251 251 
3 3 3 9 158 203 282 282 287 391 427 427 453 453 
158 160 160 
5 5 354 354 472 
206 405 
236 
157 

460 460 460 
5 5 184 198 496 
467 
192 298 421 
144 144 271 271 
177 177 254 415 
184 
191 
193 382 382 382 413 413 
271 

81 184 
23 23 97 97 171 480 
184 184 426 
152 226 
408 
58 58 397 408 
229 
233 
408 
281 347 
413 413 413 
177 
0 
39 39 485 
415 
56 148 148 148 191 
159 392 
87 
396 465 
467 
35 210 

243 
84 
8 
215 384 413 418 418 434 434 481 
31 73 184 486 
15 
413 


140 
42 42 96 
76 162 
42 359 359 
41 41 184 260 
153 153 244 
358 
7 7 7 
209 
165 
20 20 20 20 39 39 428 
22 

413 
264 264 
174 413 
486 

184 184 415 446 
46 46 145 145 150 381 427 452 470 470 
111 
222 222 

227 
69 447 447 
52 
27 27 
67 298 421 
84 84 

8 8 224 
236 236 415 

456 
5 21 31 41 41 134 151 184 273 273 411 411 450 462 490 490 502 502 508 
184 202 
236 236 267 
367 367 367 431 496 
72 72 89 89 90 193 326 413 466 503 
61 323 323 

186 
174 193 193 413 
182 182 
118 152 152 410 410 


114 114 181 181 238 357 357 357 390 
137 401 

87 87 
68 68 
36 36 106 

154 154 233 250 250 408 442 
257 
222 
225 
101 

134 
0 0 64 64 339 408 
286 286 286 
75 75 415 415 432 463 
314 
264 413 
86 86 
124 124 
487 
81 82 130 130 130 142 461 497 497 
367 
271 
227 227 305 
225 225 
81 
46 
184 184 307 
58 58 294 

41 41 445 445 445 
5 
110 247 250 250 250 368 
39 159 219 219 
427 427 
6 182 
39 239 274 
37 
413 
25 25 26 87 150 150 158 293 294 297 374 381 412 470 470 
258 
262 364 364 
354 354 
408 
35 35 76 77 92 92 119 119 128 132 132 132 141 155 155 167 167 168 168 174 175 182 187 220 220 222 222 243 251 286 286 299 299 299 314 317 333 335 358 362 385 407 448 455 
22 108 497 497 497 
37 37 37 57 57 116 129 184 201 230 230 236 236 236 269 283 303 338 351 383 383 
65 
250 
80 80 95 314 314 

441 
281 347 

76 

103 
184 184 291 
271 271 339 403 403 
159 159 330 


357 
383 460 
159 
314 314 
449 
22 

236 

186 
5 18 98 225 420 
250 250 250 374 468 468 
5 
15 15 59 
41 399 399 399 
56 191 338 
344 344 
128 413 
435 467 
156 354 462 462 462 
184 184 
339 464 
271 271 
4 124 124 131 131 219 232 
17 413 
78 353 462 491 491 
99 

47 
211 211 236 278 278 278 432 
22 389 497 497 
99 354 450 450 450 456 
63 63 383 
452 
86 184 307 
358 
280 308 449 
123 123 442 442 
159 511 
339 339 408 408 
195 195 267 267 
273 475 
185 
487 
5 472 
10 10 10 100 240 240 496 496 
39 159 227 
207 207 
193 193 
290 
314 

180 
184 184 
39 39 302 
31 31 315 336 489 
56 388 474 
184 184 184 
31 486 
51 184 354 354 
126 126 126 185 456 456 
41 41 41 

155 
81 183 
10 197 265 279 357 476 476 
191 389 389 414 414 414 461 461 


193 193 

354 354 
234 358 
5 5 88 88 88 
233 

104 
86 198 354 
76 76 76 
159 159 
159 469 
