Nodes: 512, Edges: 729
381 

28 183 189 189 
493 
454 454 
48 48 88 88 184 225 255 255 279 279 354 443 475 475 504 504 504 508 
404 
233 233 233 271 271 327 327 327 327 
224 350 373 373 373 
271 
476 
264 264 
355 
76 
52 117 117 184 
182 444 444 
41 41 
455 
441 

330 330 
31 31 354 
108 108 108 115 115 115 389 414 
171 

408 

346 
2 178 
56 
180 
21 21 172 172 172 184 184 315 486 486 489 

67 192 

210 222 222 222 309 413 
106 269 372 


62 62 166 219 219 231 302 330 330 485 
236 
16 16 85 99 99 151 156 184 324 445 
323 323 323 
193 
137 137 
76 413 
64 339 381 
346 
5 5 50 50 50 
236 
48 48 48 400 

14 345 345 
225 
76 
195 195 236 
29 191 191 191 236 446 487 
415 
294 294 
444 444 
104 
359 359 
39 39 241 241 330 
383 463 463 
46 
362 

33 192 281 
169 
236 
184 184 246 258 258 
330 
358 358 466 
315 315 
413 
383 383 
13 45 54 107 162 186 199 199 242 245 322 360 413 423 456 
196 196 413 413 
456 
236 236 
314 
82 184 261 289 289 289 329 359 359 389 389 495 
81 121 121 142 142 142 143 143 
236 
85 312 
41 84 160 160 348 348 
198 198 465 508 
370 370 
5 5 504 
358 
358 

182 182 404 404 413 

315 
418 418 



41 41 457 462 462 
197 197 
140 195 
117 117 136 136 216 
146 379 379 425 
60 138 507 
106 106 190 
36 105 105 149 
76 
22 22 22 414 

130 176 176 247 247 401 401 
195 195 195 
184 

367 
22 22 22 
177 184 415 
14 14 102 102 125 135 136 184 
364 
413 413 413 
489 
82 82 143 

468 
232 232 387 454 
117 136 
491 

220 448 
236 
110 177 177 389 
454 454 454 

145 
354 380 
117 
102 102 117 125 
44 44 184 184 368 
104 164 
381 381 
101 320 
358 
82 82 82 389 389 
82 82 121 

133 339 339 
103 
236 236 344 
236 236 304 304 
106 250 
248 408 
41 
213 292 292 364 364 
325 
374 374 
413 494 
41 450 
233 
194 408 408 
188 188 205 205 231 231 231 305 330 402 428 510 511 511 511 
85 85 272 312 
413 
76 322 

138 
329 329 
39 
413 413 
413 413 
68 296 371 
471 471 
23 
31 31 31 
344 344 

407 413 413 
110 110 
116 130 130 269 283 
28 183 

30 
367 
15 92 92 316 363 444 
2 178 495 
5 14 31 31 41 70 70 81 112 116 117 137 137 221 221 236 236 236 246 258 267 267 279 279 284 289 289 289 291 291 292 307 315 324 354 354 355 355 366 366 409 415 426 426 451 451 465 488 490 
473 491 491 
76 

159 159 477 
2 2 
105 372 
56 56 56 236 267 267 267 268 285 304 446 497 
33 67 281 
43 362 362 413 479 500 
158 
55 55 101 111 111 111 267 471 471 471 
77 77 200 200 290 413 
100 100 496 
86 86 279 386 386 
76 76 207 207 337 337 
196 196 
236 236 415 415 
355 355 355 501 
271 271 

159 159 
274 274 274 
199 199 478 

328 
35 
460 460 
233 233 233 
152 
215 314 
214 314 314 
102 

271 
39 39 232 402 402 454 
128 413 
184 184 
35 35 35 341 341 413 483 
329 
8 350 350 
5 53 259 377 393 419 419 458 
292 
343 343 392 
245 
295 509 
236 275 275 303 415 
39 159 159 159 
124 124 219 454 
7 7 7 157 212 212 212 238 238 271 310 375 505 505 505 

487 
40 49 55 56 69 79 79 83 129 147 147 148 148 184 184 184 191 201 201 230 278 344 344 351 351 415 460 487 

233 233 367 
268 268 
357 476 
62 62 
76 423 
413 494 494 
325 
76 228 
70 184 
110 110 288 
150 408 408 

149 374 401 417 417 
270 270 

330 
283 283 415 
5 5 

375 375 375 375 375 
70 70 184 409 
225 261 

81 259 329 
410 

11 11 334 385 
496 496 

184 184 191 191 191 195 268 268 356 356 471 
191 239 239 267 267 
36 177 415 
251 251 
7 7 9 203 203 218 233 287 297 327 354 374 374 375 375 391 391 408 412 412 427 442 453 
160 
354 472 475 475 
206 206 206 402 405 405 
230 230 


236 460 
5 5 184 184 198 
308 467 467 
67 192 298 298 
427 
177 254 254 415 415 415 
184 
191 
382 382 382 
271 
247 
81 81 81 184 184 184 
196 480 
184 184 426 
152 152 184 226 364 410 
408 
58 58 408 408 
229 
169 425 425 
271 408 
281 281 
413 413 


39 485 
230 415 
148 148 191 
159 
370 370 408 
184 354 354 354 396 465 465 
280 467 467 
35 
233 
424 
84 160 

80 214 215 215 413 413 434 449 449 481 
31 73 73 94 184 336 336 
182 
413 
413 
354 
140 
323 
76 162 
42 42 42 321 359 
41 184 459 
153 244 503 503 503 503 
358 
7 7 7 7 271 
209 
81 165 165 223 261 
20 20 39 39 62 71 159 253 369 369 428 

407 407 413 
413 413 
264 413 
413 
315 315 486 
199 199 

46 145 145 381 381 408 452 453 464 470 

222 222 

227 227 
147 173 173 236 236 
52 52 
27 47 459 

85 85 
481 
8 224 224 
236 236 
402 402 

5 21 134 184 184 271 273 307 307 307 319 411 450 462 490 
12 184 184 202 202 202 
267 267 
240 431 496 496 496 
72 72 89 90 141 326 466 
61 61 81 81 323 
76 

65 193 193 413 
182 
118 152 152 292 410 410 
415 415 
184 184 
114 181 238 496 
137 
330 330 
87 87 306 306 
169 
36 190 
8 8 8 
154 154 250 271 271 417 417 442 
233 257 257 257 257 257 271 271 

225 

103 103 
134 
0 46 139 139 339 339 395 408 
286 286 286 
63 75 75 463 

264 
198 198 
124 

22 81 81 130 142 142 461 497 
455 455 
271 271 
227 
225 

381 
307 


445 
50 
110 110 250 
159 219 219 274 352 352 
427 427 
6 92 92 
274 274 

175 332 332 413 
25 150 158 158 248 248 271 293 294 294 297 306 339 381 412 437 470 470 
184 258 
262 292 364 364 
354 
271 271 408 
35 45 74 76 77 77 92 119 119 119 155 161 167 167 168 168 175 175 193 196 220 222 243 299 299 314 314 317 318 332 333 333 334 335 362 407 439 448 455 455 
22 108 497 
57 116 184 201 201 230 236 254 269 283 283 283 303 365 365 

250 250 374 374 
95 95 
225 225 



76 242 
311 
103 296 296 
184 184 291 
271 282 403 403 
159 330 


357 496 
460 

314 


408 

413 

18 
271 374 468 
5 
15 15 59 59 182 
41 399 
56 191 

128 413 
314 314 
156 354 
184 184 
339 464 
271 339 
4 4 124 131 131 131 219 232 
17 390 390 413 413 
76 78 491 491 
99 
225 
324 346 
211 211 236 278 432 
389 497 
99 99 354 
63 63 383 
339 452 
86 184 307 307 
72 358 
280 280 308 308 
123 442 

339 408 408 
170 170 195 195 195 267 
273 475 
185 
487 
5 5 273 273 472 
10 240 496 
188 
207 
193 
290 
314 349 

222 

39 302 
31 31 336 489 489 489 
56 235 236 474 
184 
31 120 486 486 486 
184 354 
126 185 185 456 456 

3 
155 243 243 
81 183 
197 265 265 357 357 357 367 431 476 
191 389 414 461 


193 
202 

325 325 325 325 
5 5 5 88 
233 233 233 

104 
5 86 
229 
159 
159 159 159 
