Nodes: 512, Edges: 729

441 
91 91 183 189 
271 493 493 
454 
34 34 48 50 50 105 184 184 198 255 273 273 354 354 400 441 441 443 475 475 504 504 504 508 508 
404 
233 233 271 
350 
271 271 
476 476 476 
264 
184 184 355 
76 

444 
184 

441 
104 

31 354 
115 389 389 414 436 
171 171 290 290 

408 
158 408 

178 183 
56 
180 
21 172 184 315 354 489 


5 5 
210 222 222 309 413 
106 269 372 372 
406 415 415 

62 159 163 219 231 267 330 405 405 477 485 485 485 
192 192 236 236 249 
85 85 99 99 137 137 137 151 160 184 184 445 450 492 492 
321 321 323 
193 193 193 
137 137 
413 439 
64 64 339 
459 
5 

5 5 

184 345 

76 
93 195 236 
29 191 236 236 304 446 487 487 
415 415 
294 397 
444 
104 236 236 

39 
463 463 
46 46 381 381 
193 
141 141 
192 192 281 347 
371 371 
236 344 
184 246 258 
330 
325 358 
94 315 315 315 

463 
13 54 186 186 199 207 208 229 229 322 346 346 413 509 

456 
236 236 236 
314 314 314 418 418 418 
82 113 261 289 289 329 329 359 359 
81 121 142 143 143 329 389 
236 
348 
41 41 312 348 
198 386 386 465 465 508 
306 370 
504 
358 358 358 358 
358 
2 2 
182 
55 
73 
418 

171 290 290 
420 
41 41 462 462 
197 197 476 
140 195 378 378 
117 136 136 216 216 
146 425 425 
19 60 507 507 
5 106 184 
36 105 149 149 149 149 372 


199 199 
130 130 176 401 
340 340 340 
184 184 
81 

22 
177 184 415 
102 125 135 136 184 236 
364 
413 
486 
82 143 

468 
387 
117 
185 185 491 491 
480 
448 448 
236 415 
110 110 177 
454 454 
168 413 
145 
354 380 380 380 
117 
102 102 117 
41 41 41 44 44 368 
164 237 

101 
66 66 413 
82 389 389 
82 82 121 
282 
133 339 
103 

236 236 236 304 
106 106 106 106 250 250 
248 248 408 
41 354 
213 292 
325 

413 413 

276 
26 194 194 271 408 
39 188 205 219 219 227 227 231 305 402 428 428 477 477 510 510 511 511 511 
41 272 312 312 
439 
322 
39 
138 
329 329 
477 
413 
132 413 
179 296 371 
471 
23 23 97 
31 
344 
222 335 362 413 
413 
110 247 247 
116 130 283 283 300 415 
28 
169 
30 222 

92 363 363 404 
2 28 495 
5 5 12 12 16 31 41 41 52 70 105 112 112 116 117 221 236 267 279 284 284 289 291 292 307 324 324 345 354 355 355 415 426 426 465 484 488 488 490 
126 126 473 
76 76 440 
413 413 
159 
2 
372 
56 236 267 268 285 304 497 
40 40 67 67 236 
43 43 43 65 286 413 479 
158 158 
55 101 236 236 267 471 
200 290 290 413 
100 100 476 496 
5 86 386 508 
76 109 109 207 337 337 
196 
236 236 236 415 415 
355 

268 
159 
274 
76 199 478 478 
76 

35 309 
460 460 
233 233 
152 
314 314 
467 
102 102 

271 
39 159 159 232 274 274 402 402 454 
413 
184 
35 35 174 180 341 341 413 483 
329 329 329 
313 
259 377 419 419 458 
292 292 
159 159 343 343 392 477 477 482 
245 
76 76 509 
236 275 303 303 303 415 
39 159 
219 454 
7 7 212 212 271 271 296 310 375 505 505 
503 503 
487 
40 40 55 56 56 60 60 69 79 79 79 83 117 129 148 148 148 184 191 192 195 195 201 201 201 230 237 237 267 267 275 278 344 356 415 460 460 487 
138 236 236 
367 
342 405 405 
496 


311 413 494 494 
325 
228 
70 
176 176 288 288 
150 150 408 
40 
149 149 401 417 417 
270 270 413 

330 330 
283 283 
5 
273 
375 375 
70 409 
225 419 419 

81 329 

315 
11 334 334 385 

271 271 
39 184 191 195 236 236 268 
191 204 267 
36 415 
251 251 
3 7 9 9 158 218 233 233 266 266 297 327 339 391 401 408 427 427 442 442 453 
160 
5 5 256 354 472 
206 219 219 402 405 405 
230 236 
157 
415 
236 460 
184 496 
449 467 467 
67 298 298 347 421 
144 427 
177 177 254 254 415 
184 184 
191 
193 382 413 

247 247 
81 81 184 
23 23 97 97 196 196 480 
184 
152 184 226 226 364 410 410 410 

58 397 397 408 

169 233 425 
271 
281 281 347 

177 

485 
230 230 230 
56 148 191 
159 
87 
184 354 396 396 465 
467 467 
35 210 
233 
243 
85 160 160 
224 
80 80 80 214 214 349 349 349 384 418 418 429 434 434 434 449 455 467 467 
31 73 73 73 263 486 

413 
413 
354 354 

42 42 
76 162 
42 
184 184 
72 153 244 

271 

81 81 82 165 165 223 223 223 261 
39 71 253 253 369 

407 407 413 413 
413 
264 264 385 
174 413 
486 486 
199 199 
415 415 
46 145 271 381 381 381 408 427 427 452 453 
111 111 111 
222 222 
239 
227 227 
69 173 236 447 
52 184 
76 76 
67 281 298 421 
84 85 
314 314 314 481 
8 
432 432 
402 402 

5 5 21 31 134 151 184 273 307 319 319 411 450 462 490 490 502 502 508 508 
12 184 184 202 
236 
431 431 496 496 
72 89 89 89 89 90 413 466 466 
81 81 


174 
182 182 
118 292 410 
415 

238 390 496 496 
137 
330 
87 
68 68 169 
36 36 106 190 

417 417 442 442 
233 257 257 

225 
101 101 

134 134 134 
64 64 339 339 339 395 408 
286 413 413 
415 432 432 463 463 
314 
264 334 413 
86 86 198 
124 
487 487 
22 22 82 142 142 461 461 497 
367 
271 
227 

495 
381 
307 307 
58 294 294 


5 
110 250 271 
159 219 219 274 352 352 
427 427 
6 182 
39 39 239 239 274 274 
37 
332 332 413 
25 26 150 158 248 271 294 339 381 412 412 412 437 437 470 
258 
292 292 292 364 
354 
408 408 408 
35 45 76 119 132 141 155 155 167 168 174 175 187 187 193 196 220 222 243 251 286 317 318 332 332 333 335 358 382 382 385 407 455 500 
22 
37 37 57 57 116 129 177 184 201 201 230 236 269 277 283 338 338 365 383 432 

250 250 374 374 
80 80 80 95 314 314 
225 225 259 259 
98 
281 347 



103 103 296 
184 184 
271 271 282 339 339 403 403 
159 159 
314 

357 357 496 
351 351 383 383 415 460 460 

314 314 314 
449 449 
22 
408 408 
470 
45 161 
186 
1 5 5 18 
271 271 374 374 468 
5 
15 59 
41 
56 
344 
128 128 
280 314 435 435 467 467 
41 354 462 

339 
271 339 
4 131 131 219 232 
314 413 
78 462 462 462 491 

225 
47 
211 211 236 236 278 432 432 
389 389 497 497 
99 99 354 450 456 456 456 
63 63 75 383 383 

86 86 184 307 
358 358 
215 280 280 308 308 314 314 449 449 
123 442 
511 511 511 
408 438 
170 195 
273 475 
185 
487 487 
5 5 472 
10 10 10 100 197 
39 159 159 166 227 227 
207 207 
193 
127 290 
349 
227 
222 
184 
39 39 39 302 
120 315 336 336 489 
56 56 235 236 388 388 474 474 
184 184 
31 486 
184 354 354 
126 126 456 
41 41 
3 3 
243 243 
183 394 
197 240 279 357 357 367 367 431 
191 389 461 461 


413 

354 354 
234 234 
5 5 5 88 
233 233 

104 104 
5 5 86 198 354 354 
76 229 
159 159 
159 159 159 469 469 469 
