Nodes: 512, Edges: 729

441 
91 111 183 
271 493 
454 
34 34 48 88 225 255 354 400 441 443 443 443 504 
404 404 
233 271 271 327 
224 313 
271 

264 
184 202 
76 
184 
182 444 
41 41 


104 
330 
354 
108 108 108 115 331 389 414 436 


408 
158 408 
76 
178 183 
56 
222 
172 184 184 354 486 489 
184 184 
67 
5 5 
210 222 309 309 
106 372 
406 415 
358 
163 166 241 241 267 302 302 330 405 485 485 
192 236 236 249 
16 16 99 99 137 151 156 160 184 184 324 324 354 399 445 445 450 450 492 
321 323 
193 
137 
413 413 
339 381 
346 459 
5 50 50 50 

48 48 48 
490 490 
184 184 345 345 
225 225 
299 
93 195 
29 236 236 304 304 446 487 
415 
294 294 397 
444 
104 104 236 
81 359 359 
241 241 330 
383 383 463 
381 
362 

33 281 347 347 
169 371 
236 236 344 344 344 
184 184 246 258 
330 330 
325 358 
94 315 

463 463 
13 27 109 109 199 199 207 299 322 322 360 413 413 423 423 
413 

236 236 
314 314 418 418 418 
61 82 82 184 184 184 261 289 289 329 359 389 394 495 
81 81 121 142 
236 
85 85 312 
84 84 312 312 
198 386 465 465 508 508 
306 306 370 
5 190 


2 
404 413 413 
55 
73 
418 418 
321 
171 
420 420 
41 41 457 
476 476 496 
140 195 471 
117 136 136 216 
146 146 379 
19 60 60 138 138 236 236 507 
106 
36 105 149 149 149 190 190 372 

22 22 22 414 414 
76 76 
130 130 130 176 176 401 401 
2 195 340 
184 184 184 

367 367 367 
22 
177 184 184 
102 125 125 125 135 136 184 184 236 
364 364 
222 222 
486 
82 143 


232 232 
117 117 117 
185 185 491 491 
480 480 
220 220 413 
236 
110 110 110 177 177 389 

168 413 413 
145 
354 
117 
102 102 117 
41 44 184 368 368 
104 104 164 164 236 236 

101 320 320 
358 
82 389 
121 217 217 217 
282 282 
133 339 
103 103 
344 344 
236 236 304 
106 106 106 250 
248 408 408 
41 354 354 
213 213 364 364 

374 
413 
41 450 450 
374 
26 194 271 271 272 408 408 
219 219 227 231 231 231 257 305 402 402 428 433 469 510 511 
41 272 312 498 498 
439 
322 322 
39 
138 138 
329 
39 477 
220 413 
132 
68 371 
471 471 
97 290 
31 
344 
222 413 413 
407 413 413 
110 110 247 247 
116 130 130 300 415 
28 183 



15 444 
2 28 178 
12 14 31 31 32 32 41 41 52 52 70 70 81 81 81 112 112 112 116 116 117 117 137 221 236 246 246 258 258 260 267 279 284 284 289 315 324 338 354 355 366 366 396 396 415 426 451 451 456 465 484 484 488 
126 126 473 491 
245 245 361 
413 413 
477 

88 106 106 
268 285 446 497 
40 
43 286 286 479 479 500 
158 
55 101 111 471 471 
200 200 290 373 413 
240 496 
86 386 508 
76 76 207 337 
196 196 
236 236 415 
12 

268 

274 
76 199 478 

328 328 
35 309 309 309 

233 
152 152 

314 314 
102 
143 143 143 
271 
159 159 402 402 454 
128 128 167 413 
184 
30 35 119 119 174 341 413 483 483 
329 329 
8 350 
5 53 53 259 377 393 393 419 419 441 458 458 458 458 
292 292 
159 305 343 482 482 
245 
295 509 
236 275 275 303 415 
159 159 159 
124 124 454 
7 212 271 271 271 296 310 310 375 
503 503 503 
487 
40 40 56 56 60 69 69 79 79 83 104 104 117 129 138 138 148 148 184 201 201 230 237 278 356 415 432 438 487 487 
236 
367 
268 405 
197 476 476 
39 39 62 62 

311 311 
358 
186 186 228 
70 184 184 
176 176 288 401 401 
150 
40 
149 374 401 401 417 442 442 
270 413 413 

330 330 
283 
5 
273 354 
159 
70 184 184 
225 261 419 
184 
81 259 329 
410 
315 
11 334 385 385 


39 184 356 356 356 471 
191 204 239 
415 
251 
3 7 7 9 158 158 218 233 233 233 282 282 287 287 297 327 339 354 374 374 375 391 391 401 401 408 412 412 412 427 442 
158 160 
256 
206 405 
230 230 

415 
236 460 460 
184 
308 467 
67 298 298 347 421 
144 144 271 271 
254 
184 184 
191 
193 193 413 
271 271 
247 
81 81 184 
171 196 480 
426 
226 226 364 

58 58 408 
229 
233 425 
271 408 
281 281 347 
54 76 413 413 
177 
339 
39 39 485 485 
230 415 
56 56 148 
159 227 392 
87 87 370 370 408 
396 465 465 
280 467 
35 35 210 210 210 
233 233 
243 243 424 
84 85 85 160 
8 
80 80 215 215 349 384 418 449 449 449 481 481 
73 184 263 


413 
354 354 
140 140 
42 96 
76 76 162 162 
42 359 
41 41 184 
72 
358 
7 271 
209 209 
81 165 223 223 261 
20 39 62 71 71 253 253 369 369 369 430 
22 
413 413 

264 385 385 413 
413 
486 
199 
184 415 
46 145 271 301 381 381 381 408 452 453 470 
111 
222 

227 
69 69 69 147 147 173 
52 52 
47 
67 67 281 298 

314 481 
224 
432 


5 21 31 41 134 151 151 184 256 271 319 319 411 450 462 462 490 508 
184 
236 267 267 267 
367 431 431 
38 72 141 244 326 413 413 503 
61 61 81 323 
76 
186 
65 413 

118 118 152 152 292 410 410 410 
415 
184 184 
114 114 114 238 357 390 390 390 496 496 
137 137 
330 330 330 
87 306 306 
68 169 
36 106 
196 
154 157 250 271 271 408 408 417 442 
233 271 

225 

103 

46 64 339 339 339 408 408 
413 
63 63 432 432 463 
314 449 
264 264 334 334 413 413 
86 198 

487 
22 81 130 142 
367 367 367 
271 271 
305 
225 225 
81 495 

184 184 307 
58 

41 445 
5 
110 110 247 247 250 250 271 271 
159 159 219 219 
427 
6 6 92 499 
39 239 274 
37 
175 413 
25 26 150 150 158 158 271 294 297 306 339 374 374 381 381 437 

262 364 364 364 
354 
271 271 271 
45 45 76 76 77 92 92 128 132 132 155 167 174 174 175 175 187 187 196 220 222 251 251 286 299 299 318 332 332 334 335 358 358 362 382 385 385 407 439 439 448 455 500 
22 108 108 497 497 
37 57 177 184 201 230 236 269 277 303 338 365 432 

250 374 
80 80 80 95 95 314 
225 225 259 
98 98 
281 

76 76 
311 
296 
184 291 
271 403 
159 

330 
357 357 496 
236 351 383 383 415 460 
159 


22 
408 
236 470 
161 413 413 

1 5 225 
250 250 271 374 468 
5 5 5 
15 59 182 
41 41 399 
56 191 

413 
314 314 314 384 
41 41 156 156 354 
184 184 
339 464 464 
339 
4 219 232 
413 
184 462 462 491 491 
99 
225 225 225 225 
47 
278 278 432 

354 354 456 456 
63 75 75 383 
452 452 
86 86 184 307 307 

280 308 
442 
159 
339 438 
101 170 170 195 195 267 
475 475 
185 
487 487 
472 472 
100 100 240 240 496 
166 188 
207 
193 193 
127 127 290 
314 314 349 
227 227 
222 222 
184 184 
39 39 302 302 
31 120 336 489 489 
56 235 236 236 388 474 474 
184 
31 486 486 
51 51 354 
126 126 185 456 456 
41 
3 

81 394 
100 197 367 367 431 476 
191 414 414 
160 160 
404 
193 413 


234 234 234 358 
5 


104 
86 86 198 354 
229 
159 
159 
