Nodes: 512, Edges: 729
301 
441 441 
28 28 111 183 189 
493 

48 48 50 50 105 198 255 273 354 354 443 458 475 475 508 508 
404 404 
233 271 327 327 
196 196 373 373 
271 
476 476 
264 
202 
76 
117 117 184 
316 444 444 444 
41 184 
455 455 
441 
104 
330 330 
354 354 
108 389 414 436 461 
171 171 290 


158 158 
346 346 
2 2 183 

222 
172 184 184 315 354 354 486 489 489 489 
184 
67 

210 309 309 413 
106 106 372 372 
415 

159 163 219 231 241 241 267 302 302 330 330 402 402 405 405 477 485 
192 249 
16 85 99 99 137 151 156 160 160 324 399 492 492 

193 
137 
413 
381 395 395 
459 
5 5 50 
236 236 
5 5 48 400 


225 
76 76 
93 93 93 195 236 
191 236 446 
415 415 
294 294 294 397 397 

236 236 

241 330 330 
383 463 
381 381 
193 416 

33 281 281 347 347 
296 371 
236 344 
184 184 246 258 
330 
89 325 358 
94 94 315 

383 383 
13 54 54 107 109 186 196 196 199 207 208 228 229 328 328 328 360 360 423 478 509 509 
413 


314 418 418 
82 82 184 261 329 329 359 359 389 394 394 394 
81 81 121 121 121 142 143 143 329 389 389 
236 
312 348 
41 160 312 
465 508 
306 306 370 408 408 408 
190 
72 358 358 358 


182 182 404 413 413 
55 55 55 
73 73 
418 
314 
171 171 
420 441 
41 41 462 462 462 
197 496 
378 378 471 471 
117 136 216 
146 379 379 425 
19 138 236 236 
5 184 
36 36 149 149 149 190 190 372 
76 
22 
76 199 
130 130 176 
2 195 340 
184 

367 367 

184 184 415 
14 14 102 125 136 184 236 236 
364 
222 222 413 413 413 
486 486 489 
82 82 82 143 

468 468 
232 232 232 387 454 
117 136 
185 491 

220 413 413 
236 
110 110 177 389 
454 

145 


102 117 125 
41 44 184 368 
104 164 
381 381 

413 413 
82 389 
82 82 121 
282 282 
133 339 
103 
236 344 
236 236 304 
106 106 106 
248 248 408 408 
41 
213 213 213 292 292 
325 
374 374 
413 494 494 494 
41 
276 276 
26 26 194 194 271 271 271 
39 188 219 227 231 305 330 428 428 433 433 477 511 
41 41 85 272 312 312 498 498 
413 439 
322 322 
39 
138 

477 
220 

179 371 

23 23 97 97 
31 

335 413 
407 
110 247 247 
130 283 300 300 415 

169 

367 
92 92 316 413 444 
2 28 
14 16 31 31 32 70 70 81 105 112 116 116 117 137 213 213 221 236 246 258 260 260 267 267 291 292 292 307 315 324 345 355 366 396 409 415 415 426 426 451 456 465 465 484 
126 
76 
413 
159 477 
2 
88 106 106 
56 236 267 268 268 285 497 
40 236 281 281 
43 65 313 413 413 479 500 
158 158 
55 111 236 236 267 
8 8 76 76 413 413 
100 496 
5 386 386 
76 109 207 337 337 337 

236 415 
12 355 
271 
268 268 


76 199 
76 
328 328 
35 309 309 309 

233 233 
152 152 152 184 184 

314 
102 

271 
39 159 232 274 274 454 
128 167 413 413 
184 
30 119 119 341 341 376 483 
329 329 
276 313 
53 259 377 393 419 458 458 458 
292 
159 305 392 482 482 
76 245 
76 295 509 509 
236 236 275 275 
39 159 
124 124 124 219 454 
7 212 212 238 271 296 296 310 374 374 375 505 505 
503 
487 
49 49 55 56 60 60 69 83 104 104 117 117 129 147 148 148 184 191 192 195 195 201 230 230 267 267 275 278 278 278 344 344 351 351 356 415 432 438 438 487 

233 
268 342 405 405 
476 
39 39 62 

311 311 311 413 494 
358 
228 
70 184 
176 176 401 
150 150 
40 
374 401 417 417 
270 270 270 270 286 413 


283 
5 

375 
70 184 
225 419 419 419 
184 184 324 
81 329 329 
364 410 

11 

271 
39 184 184 191 195 236 236 356 356 356 
191 191 204 204 239 
415 415 
251 251 251 251 
7 9 158 158 158 203 218 233 266 282 327 339 354 354 391 391 442 442 
160 
5 354 354 475 
219 219 405 
230 230 236 
157 157 224 
415 
236 236 236 460 460 
496 
308 449 467 
67 67 192 192 421 421 
144 144 271 
177 254 

191 
251 382 382 



23 480 
184 
152 152 184 184 226 
408 
58 58 58 397 408 
229 
68 233 233 425 425 
408 
347 
413 413 
177 177 
0 339 339 
39 39 485 
415 
148 
159 227 392 
87 87 370 
184 354 354 
280 467 
35 35 210 210 210 
233 
243 243 243 424 
84 85 160 160 
193 224 
80 96 215 317 349 349 384 398 413 413 418 429 434 449 449 467 481 
31 73 184 486 
15 182 
314 398 413 

354 354 

323 
162 162 
321 359 359 
41 184 260 
72 153 503 
358 
7 7 271 
76 76 76 209 209 
81 81 82 223 223 261 261 
20 20 39 39 62 62 71 159 428 

407 413 413 

385 
174 413 
486 
199 199 199 
415 
145 271 301 301 408 452 453 464 470 
111 
222 222 
239 

69 147 236 236 447 
184 
27 27 459 
67 67 298 506 
84 
314 314 481 

236 236 415 
402 

5 5 21 21 31 31 271 271 273 273 307 307 319 319 490 502 
184 202 
236 267 267 267 
367 431 496 496 
72 89 89 89 244 326 503 503 
81 81 323 323 
76 76 

413 

118 262 410 
415 
184 
114 114 181 357 
137 

87 306 
68 169 
36 36 106 
8 8 
154 154 233 233 250 408 408 417 442 
233 257 
222 
225 
101 101 
103 103 

46 64 64 139 139 395 408 
286 286 
63 75 75 415 415 432 
314 
334 413 
198 198 
124 
487 
22 81 82 82 130 142 461 461 497 
455 455 
271 271 
227 305 
225 
81 81 81 
46 46 381 
184 
58 58 294 
314 317 
41 445 445 445 
50 
247 250 
39 39 352 
427 
6 6 92 499 
39 39 239 239 274 

175 332 413 
87 87 87 150 150 293 294 297 339 374 374 381 412 437 437 470 470 
184 
262 364 

408 
35 45 77 92 92 119 119 119 128 128 141 141 155 161 174 182 187 193 193 196 196 220 220 243 251 299 299 314 314 317 332 332 335 362 385 407 
22 497 
37 57 57 116 177 184 184 201 236 269 269 277 303 338 351 365 383 383 463 463 
65 
250 250 374 
80 80 95 314 
225 259 259 259 
98 441 441 
281 281 

76 
311 
103 296 296 
184 184 
403 
159 159 330 
314 

357 
236 383 460 
159 159 
314 
449 
22 
408 408 
236 236 
161 

1 1 18 98 420 420 
271 271 374 468 468 
5 
15 15 15 182 
399 399 399 
56 
344 

280 314 314 435 467 467 

184 
339 
339 
124 131 219 232 
17 17 390 390 
184 462 462 462 491 

5 225 225 225 
47 346 
278 278 432 
22 389 389 
99 99 99 456 456 456 
63 415 415 
339 
86 184 184 

280 308 314 449 449 
123 123 442 442 
511 
339 408 408 
101 101 
475 

487 487 487 
5 5 273 472 
10 10 240 496 
39 159 166 188 
76 
193 
290 
314 349 
227 227 
222 
184 
39 302 
31 120 120 315 336 489 489 489 489 
235 236 388 474 474 474 

31 31 31 120 486 486 486 486 
354 
126 456 
41 41 
3 
155 155 155 243 

100 197 279 357 357 476 
191 389 414 
160 160 
404 
193 

354 
234 325 358 358 

233 233 
347 

5 5 86 
76 76 229 229 

159 469 
