Nodes: 512, Edges: 729
301 381 
441 441 
28 91 183 189 189 
493 
454 
34 48 50 50 88 184 184 354 354 441 443 443 475 475 504 508 
404 
327 
373 
271 
476 476 496 
264 
184 202 202 355 

117 117 
182 444 444 
41 41 41 

441 

330 330 
354 
108 115 414 414 436 
290 

408 
158 408 

2 178 178 178 183 
56 

172 315 354 489 489 

67 192 
5 
210 413 
106 
406 415 415 

62 62 163 163 166 231 231 231 267 402 405 477 485 485 485 
236 236 249 249 
16 16 16 85 99 99 137 156 184 184 324 354 399 445 450 

193 193 
137 137 
76 413 413 
64 339 381 395 
346 459 
5 50 50 50 
236 236 
5 5 48 48 48 400 
490 
345 345 


93 195 236 
29 

294 294 397 
444 
104 236 236 
81 81 81 359 
39 39 241 241 241 
383 
46 381 
193 193 
141 141 141 
33 192 281 347 
169 296 296 371 
236 344 344 
184 246 258 258 
330 330 
89 358 358 358 466 466 
94 94 315 
413 413 
383 463 463 
45 109 186 199 207 207 207 228 228 245 299 299 322 328 346 360 413 413 422 478 
413 


418 
61 61 61 82 184 289 289 329 359 359 389 389 394 
81 121 121 142 143 143 329 389 
236 236 
85 312 312 348 348 
41 84 348 
198 386 465 
306 370 408 
5 190 
72 
358 
2 
182 413 
55 
73 73 315 
418 
321 321 321 
290 290 
420 441 
41 41 457 462 
476 496 496 
195 378 471 471 
136 
146 425 425 
60 138 236 507 
106 184 184 190 
36 105 149 190 372 372 

22 
76 
130 130 130 176 247 247 
182 340 
184 184 

367 367 
22 
177 184 415 
14 14 125 125 135 136 136 184 184 236 236 
364 
222 
486 489 489 
82 82 


232 232 232 232 454 454 454 
117 117 136 136 
185 491 
480 
413 413 448 
236 415 415 415 
110 110 110 177 
454 
168 413 413 
145 

117 
102 117 117 125 125 
41 44 44 368 368 
104 164 164 164 236 236 
294 
320 320 
66 66 66 413 413 
82 
82 82 217 217 
282 
133 339 339 
103 
344 344 344 
304 
106 
248 248 408 

213 292 364 

374 374 
494 494 
41 450 

26 194 272 408 
219 231 305 305 330 330 402 428 469 477 510 
312 498 
439 
322 
39 39 
138 138 138 
329 
39 477 
220 413 413 
132 413 413 
68 371 371 
471 
290 
31 
344 
222 376 
407 
110 
116 130 269 
28 28 28 183 


367 367 
15 92 111 363 363 404 404 444 
2 28 178 
5 5 12 41 41 70 81 105 105 112 112 116 117 117 213 213 221 236 260 267 284 289 291 292 307 315 315 315 324 345 345 354 355 366 366 366 396 409 415 426 426 484 488 490 
126 473 473 491 491 
76 245 440 
413 413 
477 
2 2 
88 105 106 372 372 372 
267 267 267 268 285 285 304 446 
33 67 281 281 
43 43 65 65 286 286 358 413 500 
158 
55 101 236 267 267 267 471 
200 290 290 350 413 
240 496 
86 279 386 508 
76 207 207 337 337 
196 
415 415 
12 12 355 

268 

274 274 
76 76 76 199 199 478 


35 309 
460 460 
233 
152 184 184 
314 314 314 
467 

143 143 
271 
159 232 274 454 454 
167 413 
184 
119 174 341 376 413 413 
329 329 
276 276 276 313 313 
441 441 458 458 
292 292 
343 343 477 482 482 
76 76 
295 295 509 
236 275 415 
39 39 39 159 
124 124 124 124 219 
212 271 310 310 374 374 374 


40 40 49 49 55 60 60 69 83 83 104 117 117 129 138 138 184 195 230 275 275 278 344 351 351 415 415 415 432 438 460 460 

367 
268 405 
197 476 
62 62 62 

311 413 
358 
76 186 
70 
110 110 
150 150 408 408 
40 40 
374 374 417 442 
270 270 270 413 413 413 




273 273 

70 70 

184 
329 
410 

11 334 334 385 385 
496 
271 
39 184 191 191 191 195 195 195 268 268 
191 204 239 267 267 
177 415 415 
251 251 251 
9 218 233 266 282 282 287 287 287 297 327 327 339 354 374 374 374 375 391 401 401 412 412 427 
158 
256 256 354 472 472 472 475 
206 206 219 405 
230 236 236 
224 224 224 
415 415 415 
236 460 
198 496 
308 308 
67 192 192 
144 271 271 427 

184 
191 191 
193 193 382 382 
271 271 271 

81 81 184 
23 97 97 171 196 196 480 
184 
152 184 226 226 364 
408 
58 58 139 408 
229 229 
68 68 425 425 
271 

76 76 

0 339 
485 
415 415 415 
148 191 
159 159 392 
87 370 
184 354 465 
280 280 
210 
233 233 
243 424 
84 84 160 
224 224 
214 214 214 349 384 398 413 413 413 418 429 434 449 449 449 449 455 467 481 
31 73 94 184 184 184 486 


413 

140 140 396 
96 96 96 
76 162 
359 
41 184 

358 
7 271 271 
76 
81 82 165 223 223 261 
20 20 71 71 159 159 369 369 


413 413 
264 264 385 
413 413 
486 486 
199 199 
415 415 
46 145 145 271 301 381 381 452 452 
111 
222 

227 227 
69 69 147 147 147 173 236 447 
52 52 184 184 
47 76 
67 421 421 
84 84 85 
314 481 
196 
236 236 415 
402 402 
456 
5 5 21 31 41 184 271 273 307 450 490 490 502 
12 184 202 

431 496 496 
72 72 72 90 193 244 326 503 
61 81 81 323 
76 

413 413 
182 182 
118 152 292 410 
415 
184 184 184 
114 114 181 181 238 390 390 390 
137 137 401 
330 330 
87 306 
68 169 169 
106 106 190 190 190 
8 
154 154 233 233 233 250 250 271 271 271 417 
271 
174 222 

101 


0 46 64 339 339 395 408 
286 286 
63 75 432 463 
314 
264 264 334 413 
86 198 

487 
81 81 82 461 497 
367 367 367 
271 
305 

81 
46 381 
184 320 
58 
314 
41 
50 
271 271 368 
39 159 352 352 
427 
6 182 182 
39 239 274 
37 
175 
25 26 87 150 158 248 248 293 294 381 470 470 
184 
262 364 

271 271 
35 45 45 74 74 76 76 77 92 128 128 132 132 141 141 167 167 168 168 187 187 193 196 220 222 222 243 251 251 251 314 314 314 318 333 333 335 335 362 362 385 439 448 455 455 500 
22 22 497 
37 37 116 129 129 129 184 201 201 230 236 236 236 269 269 277 277 277 303 303 303 338 338 351 365 432 

250 374 
80 95 314 

98 441 
347 347 
76 

311 
103 103 296 296 
184 184 
271 282 403 
159 
314 

357 
236 383 415 460 

314 
449 449 
22 

236 
161 413 
186 
1 1 5 18 98 225 225 420 
250 468 468 
5 5 456 
15 15 59 182 
41 
191 
344 
128 413 
314 314 314 314 435 435 
41 156 354 

339 339 464 

4 124 124 124 131 219 219 
314 413 413 
353 443 462 462 491 
99 
225 225 
47 
211 211 236 236 278 432 
389 497 
99 456 456 
75 75 383 
452 
86 307 
72 72 
215 314 
442 442 
159 511 
408 408 
101 101 170 195 
273 273 273 475 
185 185 
487 487 
5 5 273 472 
10 10 100 240 
39 159 166 188 227 
76 207 

127 290 
314 349 
227 227 

184 
39 39 39 302 
120 315 336 336 489 489 489 
388 474 474 
184 
31 31 120 120 486 486 486 
51 184 354 354 
126 185 185 456 

3 
155 155 

10 100 100 197 265 279 357 357 
389 414 461 
160 

193 413 

354 
358 
5 


104 
5 198 
229 
159 
469 
