Nodes: 256, Edges: 644
236 236 
21 21 105 105 105 110 110 110 153 158 158 158 164 164 232 
129 129 129 
81 228 228 
14 18 32 138 
26 26 38 38 38 42 42 46 46 50 56 56 68 81 81 91 91 94 98 98 98 102 102 108 108 108 114 114 114 117 117 117 123 133 143 161 161 161 178 203 203 203 227 227 234 235 238 238 243 244 244 
212 222 222 
41 41 41 74 86 86 97 124 124 125 125 125 203 203 
71 71 81 215 215 228 228 228 247 
182 182 230 
14 14 
33 33 33 
114 227 227 
37 37 
4 10 10 18 32 47 51 60 138 139 139 146 152 152 163 163 163 
26 26 231 231 
89 89 93 93 
66 84 84 226 226 
4 14 34 34 34 34 61 120 120 120 120 137 137 137 138 145 145 145 152 186 186 206 206 
62 62 
98 98 98 166 166 213 213 213 
1 1 45 45 45 140 153 153 179 228 228 
204 204 204 
192 192 192 
107 107 107 152 152 152 223 
81 81 153 153 
5 5 15 15 33 33 44 44 44 59 59 67 72 82 82 82 87 98 108 117 117 122 141 141 207 207 213 213 
153 
88 88 165 165 
205 
64 64 175 182 182 230 239 239 
152 152 
4 14 138 138 
11 11 11 26 26 37 37 44 44 122 122 122 134 134 150 150 169 172 172 185 197 197 219 219 222 
18 18 18 18 
53 
74 
13 13 33 33 122 122 169 169 
5 5 5 
134 134 
203 
7 7 7 
5 5 81 81 81 151 151 151 151 228 228 
195 245 
26 26 26 33 33 73 73 73 150 188 219 222 222 222 
21 21 21 148 148 153 153 153 
5 5 103 103 103 
14 152 152 180 180 
58 152 152 
84 84 
5 
14 

35 81 81 
127 
238 238 
5 5 181 227 
93 93 154 154 
48 104 152 214 
26 26 
14 61 61 61 76 76 152 152 190 206 206 236 236 
18 60 60 60 206 
19 19 108 108 108 108 
90 137 202 242 242 
30 30 
81 93 
17 84 
26 
5 
146 186 186 
122 122 122 249 249 
8 8 228 228 247 247 
26 
44 44 44 
7 36 203 203 
147 171 171 171 205 205 217 217 233 233 
60 60 
122 
89 93 
111 111 
137 137 137 
3 5 5 8 25 25 42 42 42 53 53 65 93 93 93 153 153 153 160 160 160 162 173 173 173 176 176 203 203 220 220 228 228 238 238 238 251 251 
26 26 26 
113 113 177 177 177 204 204 
17 17 49 49 66 100 100 109 127 127 183 183 
228 228 
7 7 203 203 218 218 
26 108 108 108 115 115 237 237 253 253 
28 28 165 165 203 
16 16 78 
63 206 242 242 
5 5 153 
203 203 
16 16 57 57 65 78 81 81 81 111 111 154 154 176 176 176 241 241 
5 112 112 243 
153 
127 200 200 200 229 229 240 
7 130 130 226 226 
5 5 5 20 20 20 26 116 166 209 209 

84 84 127 127 194 198 198 
145 145 204 204 
5 5 142 142 203 203 234 
46 46 46 
58 129 152 
1 1 1 
145 
24 24 24 119 119 
5 5 5 26 62 62 62 62 87 87 87 
84 127 127 127 198 198 255 
1 1 1 153 153 153 
79 79 93 93 154 154 154 
94 94 
83 83 145 145 177 177 204 204 246 246 
5 5 5 12 227 227 227 
87 87 
98 203 203 
5 5 5 26 26 136 
217 
107 107 152 
18 18 18 18 206 
181 
26 33 33 33 37 37 70 70 70 77 207 210 
5 161 196 196 
7 7 
7 7 7 
203 203 
54 84 84 96 100 100 109 109 109 187 187 189 216 216 
228 
2 2 2 104 
97 97 
228 228 
222 222 
5 227 
33 33 39 39 
175 
117 
18 18 18 63 80 80 80 
4 14 18 32 32 208 
14 14 
21 
26 26 
102 102 159 
5 149 203 
200 240 240 
18 18 18 101 101 106 113 113 204 204 204 
14 69 152 152 223 223 
75 
45 45 153 153 
143 203 203 
33 33 44 
42 42 42 42 153 
14 14 18 24 24 24 31 31 47 47 48 48 58 60 60 104 119 146 146 157 163 225 225 225 
1 21 21 25 25 27 45 45 45 81 81 81 91 95 110 110 110 148 148 151 179 228 228 
57 57 93 93 111 111 111 176 176 241 
206 206 
199 199 199 203 203 203 
152 163 163 
1 1 1 164 
142 
81 81 81 
5 5 5 123 
81 238 238 238 
14 14 14 152 157 157 
1 1 158 232 
28 28 88 88 203 203 
20 20 98 209 209 209 


33 37 37 
174 206 
75 75 75 205 205 
33 33 
81 81 81 176 176 
170 206 
30 135 
81 81 93 93 93 154 154 173 173 224 224 224 224 
83 83 83 113 113 204 
5 
21 153 
47 47 
56 121 
9 9 30 30 
84 84 
228 
33 
18 18 69 69 
127 127 
44 
127 
60 236 236 
205 
23 23 23 206 
200 237 237 253 
100 
43 204 204 204 
123 123 239 239 239 
33 33 
100 100 109 109 
156 156 156 
96 96 96 144 193 240 240 

63 
5 5 5 7 7 40 74 74 81 81 86 86 88 92 92 102 102 116 116 126 126 143 149 149 156 156 156 165 165 251 252 252 252 
22 22 22 83 83 101 101 113 113 145 145 145 177 195 195 195 245 245 245 
29 75 75 171 171 191 
18 18 60 60 61 90 120 155 155 170 174 192 250 
26 26 122 
138 
98 98 166 166 166 
122 

6 222 222 222 222 
20 20 20 26 26 
58 
8 8 228 228 
127 127 
75 75 118 233 233 
86 86 
33 33 44 
81 81 251 251 

6 6 33 44 44 44 132 132 212 212 212 212 
24 146 146 
176 176 176 176 
152 152 152 
17 17 97 97 
5 5 12 12 56 114 114 114 133 
3 3 8 8 8 21 21 42 42 71 71 81 81 85 85 128 131 131 153 153 184 215 215 
96 96 240 240 
9 30 
15 15 
1 164 
75 75 217 217 
5 102 254 254 254 
5 
0 0 60 60 190 190 
87 87 193 193 253 
5 5 55 55 81 81 81 162 162 162 
30 30 196 196 196 
96 144 144 200 200 229 229 
93 93 154 
63 63 90 90 
5 94 248 
5 5 
43 204 204 204 
113 113 
8 71 71 
243 
70 70 
206 
81 81 203 220 220 
203 203 203 
87 87 193 237 
234 234 234 
109 
