Nodes: 256, Edges: 644
60 
21 21 105 105 110 110 153 153 158 164 164 232 232 
129 
81 81 228 228 228 228 238 
14 14 14 18 18 32 32 
26 26 38 38 38 38 38 42 42 46 46 50 50 56 68 68 68 81 81 91 91 91 98 102 102 102 108 108 114 114 117 123 123 133 133 143 143 159 159 161 161 161 178 178 196 196 203 203 203 234 234 235 238 238 243 
212 212 
41 41 41 74 74 86 86 97 125 203 203 203 
71 81 168 168 168 215 228 228 228 247 247 247 
182 182 182 
14 
33 33 
227 

4 4 4 10 18 18 47 47 51 51 51 138 138 139 146 152 163 208 208 
26 231 
89 93 93 93 
66 66 84 84 226 226 
4 4 14 14 34 34 34 34 34 61 61 63 120 120 137 137 137 145 145 145 152 152 186 206 
62 
98 213 213 
1 1 45 140 140 153 153 179 179 179 228 228 
204 204 204 245 
192 192 
107 107 152 152 223 
81 81 81 153 153 
5 5 15 33 33 44 44 59 59 62 62 67 70 72 72 82 82 87 87 98 98 108 117 117 141 141 141 196 196 196 207 213 237 237 237 
153 153 
88 
205 205 
64 64 64 175 175 182 182 182 196 196 230 239 239 
152 
4 4 138 138 138 
11 11 26 26 37 44 44 44 134 134 134 134 134 150 150 150 169 169 172 172 172 185 197 219 219 222 222 
18 18 18 18 18 137 137 
53 81 81 81 81 

33 122 122 
5 5 5 5 5 

203 203 
7 7 7 
5 5 81 125 151 151 228 228 243 243 
195 245 
26 26 33 33 33 59 73 150 219 
21 148 148 153 153 
5 5 103 
14 14 152 180 180 180 180 
58 58 152 152 
84 
5 5 
14 14 14 

35 81 81 
83 127 
121 121 121 238 
5 181 227 
93 93 154 154 
48 48 104 203 214 
26 26 44 
0 61 61 61 61 76 76 152 152 206 206 206 236 236 
18 18 60 60 60 60 206 206 
19 26 26 108 108 108 108 
18 90 137 137 202 202 202 242 
30 30 30 
81 93 93 
17 17 
26 
5 5 5 
146 186 
26 122 249 249 249 
8 131 131 228 247 247 
26 26 
44 
7 7 156 203 203 
147 147 147 171 171 171 203 203 205 217 226 233 233 
60 60 
122 122 
89 89 93 
111 111 111 

3 3 5 5 8 25 25 25 35 35 35 35 42 53 53 65 93 93 153 153 162 162 173 173 176 176 203 203 220 220 220 220 228 238 251 
26 26 231 
54 113 177 177 204 204 204 
17 17 49 109 109 109 127 189 189 
228 228 
7 7 203 203 218 
26 26 108 108 115 237 
28 165 
16 78 78 
63 186 206 242 242 
5 5 5 121 153 
104 
16 16 16 57 57 65 65 78 81 81 154 154 176 176 201 201 201 241 241 241 
112 112 243 

127 200 229 240 240 
7 130 130 
5 20 26 26 166 166 209 
251 
109 127 127 198 198 
145 204 204 
5 5 5 142 142 142 234 234 254 
46 
58 92 152 
1 1 
145 
24 24 119 152 
5 5 26 62 62 62 62 87 87 
84 84 84 100 127 194 194 198 255 255 255 
1 1 153 153 153 
79 79 79 154 
94 94 
83 145 177 177 246 
5 5 227 
87 
203 203 
5 26 26 

107 152 
18 18 170 170 206 206 
55 55 55 91 238 238 
37 37 70 77 77 210 210 
5 5 161 182 196 

7 42 
203 
54 84 96 100 100 109 187 187 189 216 216 229 
228 251 
2 
97 97 
71 71 228 228 
222 
5 5 227 227 
33 33 33 33 33 
175 175 

18 18 18 34 34 63 63 202 
14 14 32 32 32 208 
14 
21 21 
26 26 26 
102 102 102 159 159 
5 5 149 149 165 165 203 203 
200 200 200 240 240 
18 18 18 101 106 113 204 204 
14 69 152 
75 75 75 
45 45 
143 143 203 
33 33 33 44 
42 42 153 153 228 252 
14 18 18 24 24 31 47 48 48 60 60 104 107 119 146 157 157 223 225 225 225 
1 1 21 21 25 25 27 27 45 45 81 81 91 110 110 110 151 151 228 228 228 
57 57 93 93 111 176 176 176 241 241 
205 205 206 
74 199 199 199 
152 152 163 163 163 163 163 
1 
5 5 142 142 

5 5 5 123 
81 81 238 
14 157 157 157 157 157 
1 1 232 232 
88 143 143 
98 98 209 209 
173 
8 8 8 
33 33 
120 120 206 206 
75 75 75 205 205 
33 33 33 
81 81 167 176 
206 
30 30 135 135 196 196 
81 81 93 93 154 154 154 173 224 224 224 
83 83 113 113 204 204 204 
5 5 
21 21 21 
47 47 47 47 
56 
9 9 9 30 30 30 123 

228 228 
33 
18 69 90 
127 127 

84 84 127 216 216 

205 205 
23 23 206 206 
200 200 237 253 
109 109 
43 204 245 245 245 
5 5 26 26 26 30 30 123 175 175 239 239 
33 
100 100 109 
156 156 156 
96 144 144 144 193 193 229 240 240 240 240 
93 93 93 
63 63 63 137 
5 5 5 7 7 7 40 40 58 74 74 75 75 81 81 86 86 116 116 126 143 143 149 251 251 252 
22 22 22 83 83 83 101 101 145 145 177 177 177 195 245 245 245 
29 29 75 155 155 171 171 191 191 
18 60 60 60 61 61 90 120 120 155 170 170 174 192 192 250 
26 
14 14 138 
98 166 166 
122 122 
222 
6 6 222 222 
20 20 26 253 
58 
8 228 228 228 
127 127 189 189 
75 233 
86 
33 33 44 
81 81 81 81 251 
248 
33 33 132 211 212 212 
24 152 
176 176 176 
152 152 152 
17 17 75 
12 56 114 133 133 
3 3 3 3 8 8 8 21 21 42 42 71 81 85 85 128 131 131 151 153 153 153 184 184 215 215 215 
96 127 200 
30 
15 82 
1 1 164 164 
75 75 217 
5 5 102 102 254 254 254 
5 
60 60 
26 26 26 87 193 253 
3 5 5 55 81 121 121 162 
30 30 196 196 
96 96 144 144 200 200 200 200 
93 93 93 154 154 
63 90 90 
5 42 42 94 248 248 248 

22 43 195 195 195 204 204 204 
113 
8 8 8 71 71 
221 243 243 243 
70 70 70 
206 
81 99 128 203 203 220 
151 203 
193 213 237 
102 234 234 234 
109 109 109 
