Nodes: 256, Edges: 644
60 60 
21 21 21 105 105 105 110 110 153 158 158 164 164 232 232 232 
129 129 153 
81 228 228 238 
18 18 32 
26 26 42 42 46 46 46 50 50 56 68 81 81 81 91 91 91 91 91 94 94 98 102 102 114 114 123 123 123 123 133 141 141 159 159 161 161 178 203 203 203 227 238 238 243 243 243 244 244 248 
222 222 
41 74 86 86 97 97 97 97 124 124 125 203 203 203 
71 71 81 81 81 168 168 215 215 228 228 228 247 247 
182 182 182 230 
14 14 
33 
227 
33 37 37 
10 10 18 18 32 32 32 47 51 51 138 139 146 208 
26 231 231 
89 93 
66 84 
4 4 14 14 34 51 61 63 63 63 120 120 120 120 137 137 145 152 152 152 186 186 186 206 206 
62 62 
98 166 166 166 213 
1 1 1 45 45 140 140 153 153 179 179 179 179 228 228 
195 204 204 204 204 204 
192 192 
107 107 152 152 223 
81 153 153 
5 5 15 33 33 44 44 59 67 70 70 70 72 82 82 87 87 87 98 98 117 117 122 141 196 196 207 213 231 237 237 
153 153 
88 88 165 165 
205 205 
64 64 175 182 182 196 196 230 239 
152 152 
4 14 14 14 138 138 138 138 
11 13 26 26 37 44 122 122 134 150 150 169 172 172 172 219 219 
18 137 
53 
74 
13 13 33 122 122 122 169 169 

134 134 
203 203 203 
7 
5 5 81 81 81 125 151 151 151 151 228 228 228 
58 245 245 
26 26 33 59 73 188 188 219 222 
21 21 148 148 153 153 
5 5 5 103 103 103 103 
14 152 152 180 180 
152 
84 84 
5 5 
14 14 18 
140 
35 81 81 81 
127 
238 
5 181 227 227 227 
154 
43 104 104 152 203 203 203 214 214 251 
26 44 
0 0 61 61 61 76 152 190 206 206 236 
18 60 60 60 206 
19 19 108 108 108 
18 18 18 90 137 137 202 242 242 
30 30 
81 81 81 93 
17 
26 
5 
146 146 186 186 
26 26 26 122 122 122 249 249 249 
8 8 247 247 
26 
44 
7 36 156 156 203 203 203 218 
147 147 171 203 203 203 205 217 226 233 
60 
122 
86 89 89 89 93 93 
111 111 

3 5 5 5 8 8 8 25 42 42 42 53 53 53 65 65 65 93 93 99 153 153 153 160 162 173 176 176 176 203 203 220 220 228 228 238 
26 26 
113 177 204 204 
17 49 49 100 109 127 127 183 183 189 189 
228 228 228 228 
7 7 78 203 203 218 218 
26 26 26 108 115 115 237 237 237 253 253 
28 28 165 165 203 203 
16 78 78 78 
63 206 242 242 242 
5 5 5 5 5 121 153 
104 203 203 203 
16 65 78 78 81 81 111 111 154 154 154 176 201 201 241 
5 5 112 112 243 

127 200 229 240 240 240 
7 7 7 7 130 130 130 
5 20 26 26 116 166 166 166 
81 251 
84 109 127 127 194 198 
145 204 204 204 204 
5 5 142 142 234 
46 46 46 46 
58 58 92 129 152 
1 1 1 

24 24 119 119 119 152 
62 62 62 87 
84 100 127 127 127 194 198 198 255 255 255 
1 1 153 153 153 
79 79 93 93 154 
94 94 
83 145 177 204 246 246 246 
5 5 227 
87 87 
98 203 203 
26 26 136 
217 
107 107 107 152 
18 18 18 18 170 170 206 
91 181 238 238 
26 33 33 37 37 37 70 70 70 77 210 210 
5 5 5 5 161 
7 7 
7 42 
203 203 203 
54 84 84 96 100 100 109 109 109 229 229 229 
228 
2 2 104 
97 97 97 
228 228 
222 222 
5 227 227 
33 39 39 
175 175 
117 
18 18 34 63 63 202 
14 32 32 32 32 
14 
21 21 52 
5 5 26 
102 102 159 
149 165 165 203 
200 200 240 
18 101 113 204 204 
14 69 69 
75 75 
45 45 153 153 
143 203 203 
33 33 
42 42 42 42 228 
18 18 18 24 24 31 31 47 47 48 58 60 104 107 119 157 157 163 163 223 223 225 
1 2 21 21 25 25 27 27 45 45 81 81 81 91 110 110 110 148 148 179 228 228 
57 93 93 93 111 241 241 
205 205 205 206 
74 74 199 199 203 203 
152 152 163 163 
1 1 164 164 
5 5 142 
81 
5 5 123 
81 
152 152 157 157 
1 1 158 158 232 232 
28 28 88 88 143 143 203 
20 20 20 98 98 98 209 209 
173 173 
8 8 
33 37 37 
120 120 174 206 206 
75 205 
33 33 33 
81 167 167 176 176 
170 206 206 
30 135 135 196 196 
81 81 81 93 173 173 
83 113 204 
5 
21 21 21 21 153 
47 47 
56 121 
9 9 9 30 30 
84 84 
228 228 228 

18 18 18 69 69 

44 44 
84 84 216 216 
60 236 236 
205 
23 23 206 206 
237 237 253 253 253 
100 109 
22 245 
26 26 30 30 175 175 239 239 

100 109 109 
156 156 
96 144 144 229 240 240 240 
93 93 
63 137 
5 5 5 7 7 7 40 40 40 58 58 58 74 74 74 75 75 75 81 81 86 86 88 88 92 92 92 116 116 126 126 126 143 149 149 156 156 165 220 251 252 
22 22 22 22 22 83 83 101 101 101 101 113 145 145 177 
29 29 75 155 155 155 171 191 
18 18 60 60 61 90 120 155 170 170 174 174 192 192 250 250 250 
26 
14 
166 166 
122 122 

222 222 
20 26 237 
58 58 252 
8 8 228 228 228 
189 189 
75 118 233 
74 86 86 
33 33 44 
81 81 203 251 

6 6 44 132 132 212 212 
24 152 152 

152 
75 
5 12 56 56 56 114 133 133 
3 3 8 8 8 21 21 42 42 42 81 81 85 85 85 85 128 131 131 151 153 153 184 184 184 215 215 215 
96 127 127 127 200 
9 30 
15 15 26 
1 1 1 164 164 
75 217 
102 254 254 254 254 

60 190 190 
26 26 87 87 87 193 193 213 
3 5 5 55 81 121 121 
30 196 196 
96 96 96 144 200 200 200 
93 154 154 
63 63 90 90 90 
5 5 5 94 248 248 248 248 
5 5 
43 43 195 
113 113 113 
8 8 71 71 
5 243 243 243 243 
70 70 70 
206 206 206 
58 99 203 220 
203 214 
87 87 193 193 193 
234 234 234 234 
109 109 109 
