Nodes: 256, Edges: 644
60 236 236 
21 21 105 105 110 110 110 153 153 158 164 232 232 232 
129 129 153 
81 81 228 228 238 
14 18 32 32 138 
26 26 26 38 38 38 42 46 46 50 50 56 56 68 68 81 81 81 91 91 91 102 108 108 114 114 117 123 123 123 133 141 141 143 143 159 161 161 161 178 178 178 196 203 203 227 235 235 238 243 243 244 248 
212 212 222 
41 74 74 97 97 97 124 124 125 125 125 203 203 
71 81 81 81 168 168 228 228 247 247 
182 182 230 
14 
33 33 
227 
37 37 
4 10 18 32 32 47 51 138 139 139 146 146 152 163 163 208 208 
26 26 231 
89 89 89 
66 84 226 226 226 
4 14 34 51 61 61 120 120 120 137 138 145 152 186 206 
62 
98 98 98 213 213 213 
1 1 45 140 140 153 153 153 179 179 179 
204 245 245 
192 
107 107 152 152 223 
81 81 153 
5 5 5 15 15 33 33 44 59 59 59 62 67 67 67 72 72 82 87 98 98 108 108 117 117 122 141 141 196 196 207 207 207 213 231 237 237 
52 153 
88 165 165 
205 205 205 
64 175 175 182 182 196 230 230 239 
152 152 
4 4 14 14 138 138 
11 11 26 26 37 39 44 122 122 134 134 134 150 150 169 169 169 185 185 197 197 197 222 
18 137 
53 53 81 81 81 
74 
13 13 33 122 169 169 
5 5 5 
33 
203 203 
7 
5 81 81 125 125 228 228 
58 195 245 
26 33 59 59 73 73 118 150 150 188 219 222 222 222 
21 148 148 153 
5 5 103 103 
14 152 152 152 180 180 
58 58 152 
84 84 
5 5 
14 18 
27 
35 35 
127 127 
121 238 
5 5 181 227 227 227 
93 93 154 154 
43 48 48 104 104 152 214 214 
26 26 26 44 44 
0 61 61 61 61 76 190 206 236 236 
18 18 60 60 60 60 206 
19 26 108 108 
90 90 202 
30 
81 81 81 
17 84 
26 26 26 
5 5 
146 146 186 186 186 186 
122 122 249 249 
8 228 228 247 247 
26 26 
44 44 
7 7 36 156 156 203 203 218 
147 171 203 203 205 217 
60 
122 
86 89 93 93 93 
111 111 111 
137 137 
3 3 5 5 5 8 8 8 25 25 35 35 35 42 42 65 65 65 93 93 99 153 153 153 160 162 162 162 162 173 176 176 176 203 220 220 220 228 238 251 251 
26 231 
113 113 113 177 177 177 204 
17 49 49 66 100 100 109 127 127 183 183 189 189 189 
228 228 
78 203 203 203 218 
26 108 108 115 237 253 253 
28 165 165 203 
16 16 16 78 
63 63 206 206 242 242 
5 5 5 121 
203 203 
57 57 78 78 78 81 81 111 154 154 201 201 201 
243 
153 
127 200 229 240 
7 7 7 130 130 130 226 
20 20 20 26 26 166 209 209 
81 228 
84 84 109 127 127 127 194 194 198 198 198 
145 204 204 204 204 204 
5 142 142 142 203 203 234 
46 46 
58 58 129 152 152 
1 1 
145 
24 24 119 152 
5 5 26 26 62 62 87 87 
84 100 127 127 127 180 198 255 
1 1 1 153 
79 79 79 93 154 154 

83 83 83 145 204 246 246 
5 5 227 
87 
203 
5 26 26 136 
44 217 
107 152 
18 18 18 170 170 206 
55 91 238 
26 33 33 37 70 70 77 
5 5 5 161 161 196 
7 7 
7 7 7 42 42 
203 
54 54 84 84 96 100 100 100 109 109 109 187 189 189 216 216 229 229 229 
228 251 
2 2 104 
97 97 97 
228 228 228 
222 222 
5 227 227 
33 33 33 
175 
117 
18 34 80 80 202 
4 14 18 32 32 208 
14 14 
21 21 
5 5 26 26 
102 102 102 
5 5 149 165 165 203 203 203 
200 200 200 240 
18 101 106 113 204 204 204 
14 14 69 69 152 223 
75 
45 45 153 153 
143 203 
33 33 44 44 
153 153 228 228 
14 18 24 24 31 31 47 47 47 48 58 104 104 107 119 146 157 157 163 163 225 225 
1 1 2 21 21 21 25 27 45 81 81 81 95 110 148 148 151 151 228 
57 57 93 93 111 111 176 241 241 
205 205 205 206 
74 74 203 203 
152 152 163 163 163 
1 164 164 
5 
81 
5 5 5 123 123 
81 81 81 81 238 
14 14 152 152 157 157 157 
1 158 158 
28 28 88 88 143 143 203 
98 209 209 
173 
8 8 
33 33 33 37 37 
120 120 174 174 206 
75 205 

81 167 176 176 
170 170 206 206 206 
30 30 135 196 
81 81 81 154 173 173 224 
83 83 83 204 
5 5 5 
21 21 21 
47 47 109 
56 
9 9 30 30 
84 84 
228 228 
33 33 
18 69 69 69 69 
127 
44 
84 84 84 127 127 216 216 216 
60 236 236 
205 
23 206 206 206 206 
237 253 253 
100 100 
43 204 204 204 245 245 
5 26 26 30 123 175 239 239 239 
33 33 33 
100 100 100 109 

96 144 144 144 229 240 240 240 240 
93 93 93 
63 137 
5 5 7 7 40 40 74 74 75 75 81 86 86 86 88 92 92 102 102 116 126 143 143 143 149 156 156 165 251 252 252 
22 83 101 101 101 101 101 113 145 145 145 177 195 195 195 245 
29 29 29 75 155 155 155 171 191 
18 60 61 90 90 120 155 170 174 174 174 192 192 192 192 
26 26 26 
14 14 138 
98 98 166 166 


6 6 222 222 222 222 
20 20 20 26 
58 58 
228 228 228 
127 127 189 189 189 
75 118 233 
74 86 
44 
81 81 81 251 
248 
6 33 44 44 44 132 132 212 212 212 212 
24 146 
176 
152 152 
17 17 17 97 
5 12 56 56 56 114 133 133 
3 3 8 8 42 42 71 71 81 85 85 99 128 131 131 131 151 151 153 184 184 215 215 215 
96 127 127 127 200 240 240 240 
9 30 30 
15 26 82 
1 1 1 
217 
102 254 254 254 254 
5 5 
0 0 60 60 190 190 
26 26 87 193 
3 5 55 81 121 162 
30 196 196 196 
96 144 200 200 200 200 229 229 229 
154 154 
90 90 
5 5 94 248 248 
5 
22 22 43 195 195 204 
113 113 
8 8 71 71 
5 221 243 243 
70 70 

81 81 128 203 220 
203 203 
87 87 193 193 
234 234 234 234 
109 
