Nodes: 256, Edges: 644
60 60 236 236 
21 105 105 105 110 153 158 158 232 
153 
81 81 228 228 238 238 238 
14 18 18 32 
26 26 38 38 38 38 46 50 50 50 68 81 81 91 94 94 98 102 108 108 114 114 117 117 123 123 123 133 141 141 159 159 159 161 161 178 178 178 203 203 227 227 235 243 243 243 244 248 248 
222 222 
74 74 86 97 97 124 125 125 203 
71 71 71 81 168 168 215 228 228 228 247 
182 182 
14 

114 227 
33 33 37 37 
4 10 18 47 47 51 51 51 138 146 152 152 163 163 163 208 
26 231 231 231 
89 89 93 93 93 
66 66 84 226 
4 4 14 34 34 34 34 34 51 51 63 63 120 120 120 120 137 137 138 145 152 186 
62 62 
166 166 213 213 
1 45 140 140 153 153 179 228 
195 204 204 204 204 245 245 

107 107 152 223 
81 81 153 
5 5 15 33 44 44 62 62 67 67 67 70 70 72 72 82 82 82 87 87 98 117 122 122 141 141 196 207 207 207 231 231 237 237 237 
52 
88 88 88 165 165 165 
205 
64 64 64 175 182 196 230 230 239 
152 152 
4 138 138 
13 13 26 37 37 39 44 122 122 134 134 150 169 172 172 172 197 197 222 222 
18 18 18 18 18 137 
53 81 81 81 
74 
13 13 33 33 122 122 169 169 
5 5 5 5 
33 134 
203 203 

81 81 81 151 151 151 228 243 
195 195 
26 26 33 59 59 73 73 73 150 188 222 222 
21 148 148 153 153 153 
5 103 103 103 
14 14 152 152 180 180 180 
58 
84 84 
5 5 5 
14 14 14 18 18 
27 140 
35 81 
127 127 127 
121 238 238 
103 181 227 
93 93 154 154 
48 104 152 203 203 203 203 203 
44 44 
0 0 61 61 61 152 152 152 206 206 236 236 236 
60 60 60 206 
19 19 26 26 108 108 108 
18 18 90 90 137 202 202 242 
30 30 30 
81 93 93 
17 17 84 84 84 
26 26 26 
5 
146 146 186 186 186 186 
26 26 122 249 249 
8 8 8 131 131 228 228 228 247 
26 26 
44 44 44 
7 7 36 156 203 203 203 
147 147 147 171 205 217 226 

122 
89 89 93 93 93 93 93 

137 137 
3 3 5 5 8 25 25 35 35 35 42 42 42 53 65 93 93 99 153 153 153 160 173 176 176 203 203 203 220 220 228 238 238 238 251 251 
26 26 26 
113 113 177 177 177 177 204 204 
17 49 49 66 66 66 100 109 109 127 127 189 189 
228 228 
7 203 203 218 218 218 
26 26 108 115 115 115 237 253 253 
28 28 28 165 203 
16 16 78 78 
63 63 186 206 206 206 242 242 
5 121 121 
104 203 
16 16 16 57 57 65 65 78 78 78 78 78 81 81 154 154 176 201 241 241 
5 5 112 
153 
127 127 200 200 229 240 240 
7 7 130 130 130 226 
5 26 116 166 166 209 
81 228 251 
84 109 127 127 194 198 
145 204 204 204 204 
5 142 142 203 203 234 
46 46 46 56 
58 92 129 
1 1 1 
145 
24 24 152 152 
5 5 62 62 62 87 
84 84 100 127 194 194 194 198 255 255 255 255 
1 153 153 
154 154 154 154 
94 
83 83 145 145 177 204 204 
5 5 12 227 227 
87 87 87 
98 203 203 203 
5 5 26 

152 
18 18 18 18 170 170 
55 91 91 238 
26 26 33 33 37 37 70 77 210 210 
5 5 5 161 161 196 
7 
7 7 
203 203 203 
54 54 54 84 84 96 96 100 100 109 187 187 187 189 189 216 

104 
97 97 97 
71 71 228 
222 
5 227 
33 33 39 
175 175 

18 18 34 63 80 80 202 
14 18 32 32 

21 21 52 
5 5 26 26 
102 102 
149 149 149 203 203 203 
200 200 200 200 240 
18 101 106 113 113 204 204 
14 69 69 223 223 
75 75 75 
45 45 153 
143 143 143 203 203 
33 44 
42 42 42 153 153 153 
14 14 18 24 31 31 47 47 58 60 60 60 107 107 119 157 163 163 223 225 
1 2 21 21 25 45 45 45 81 81 81 95 110 110 148 151 151 151 179 228 228 
57 57 93 93 111 111 111 111 176 
205 205 206 
74 199 
152 163 163 163 
1 1 164 164 
5 5 5 
81 227 
5 5 123 123 
238 238 238 
14 14 14 152 152 157 157 157 
158 158 232 232 
28 28 28 88 203 203 203 
20 20 98 98 
173 173 
8 8 
33 37 37 
120 120 174 206 
75 205 205 205 
33 33 33 
81 167 167 176 176 
170 206 
30 135 135 196 196 
81 81 93 154 173 173 224 224 224 224 
83 83 83 83 113 204 
5 5 5 
21 153 
47 47 47 
56 
9 9 30 

228 

18 69 69 69 69 90 
127 127 127 
44 
84 84 127 127 216 216 
236 236 236 
205 
206 206 206 
200 253 
100 109 109 109 
22 43 43 204 245 245 
26 30 123 175 175 239 239 
33 33 
100 109 
156 
96 96 144 144 144 144 193 229 229 240 
93 
63 63 137 
5 5 7 40 40 58 58 58 58 58 74 74 74 81 81 81 86 86 88 92 102 102 116 116 116 126 126 126 143 143 143 149 149 165 165 165 220 251 252 
22 22 22 22 83 83 101 101 101 101 113 113 145 145 177 195 
29 75 155 155 171 171 171 191 
60 60 61 90 90 90 155 170 174 192 192 192 250 250 
26 26 26 
14 
98 
122 122 
222 
222 222 
20 20 237 
252 
8 228 228 228 
127 189 189 
75 233 233 
86 86 86 

81 81 203 251 251 

6 6 33 33 44 44 132 211 212 212 
24 146 146 152 
176 176 176 176 
152 
17 75 97 
5 5 12 56 114 114 133 160 
3 3 8 8 8 21 42 71 71 71 81 85 85 99 131 153 153 184 215 215 215 
96 200 200 
30 30 
15 15 15 26 26 
1 164 164 
217 217 
102 254 254 254 
5 
0 0 60 60 60 190 190 190 
26 26 26 87 213 253 253 
3 3 3 55 55 81 81 81 121 162 162 162 
30 196 196 
96 96 144 200 
93 93 
63 90 90 
5 5 5 42 248 
5 
22 22 195 195 

8 71 
5 5 243 
70 70 
206 206 
81 81 99 203 220 220 
203 214 
87 87 193 237 237 
234 234 234 
109 109 109 109 
