Nodes: 256, Edges: 644
60 236 
21 21 21 105 105 105 110 110 153 153 158 164 232 232 
129 129 129 129 153 153 
81 228 228 228 228 
14 14 14 18 18 
26 26 38 38 42 42 46 46 50 56 68 68 81 81 91 91 91 91 94 102 102 108 108 114 123 123 123 141 141 143 143 143 159 159 159 161 161 161 178 196 196 203 203 227 234 235 235 238 238 244 244 244 248 248 
222 
41 41 74 74 86 97 97 124 124 203 203 203 
71 81 81 168 228 228 228 
230 
14 
33 
227 
33 37 37 
4 4 4 10 18 32 47 51 138 146 152 163 163 208 208 
26 231 
89 89 93 93 
66 66 84 84 84 226 226 226 
4 4 14 34 34 34 61 61 61 63 120 120 137 137 138 145 145 145 152 206 206 
62 
98 98 166 166 213 
1 1 1 45 45 140 153 179 179 179 
204 204 204 245 
192 
107 107 107 152 223 
81 81 
5 5 15 33 33 33 44 44 59 59 62 67 70 70 70 72 72 82 82 82 87 87 98 98 98 108 117 117 141 196 196 207 207 207 207 213 231 231 237 
52 153 
88 88 165 165 
205 205 
64 64 175 175 182 182 196 196 196 230 239 239 
152 152 152 
14 138 138 138 138 138 
11 13 26 26 26 37 37 44 44 122 122 134 134 150 169 169 172 172 185 197 219 219 222 
18 18 18 137 
81 81 
74 
13 13 33 33 122 169 
5 5 
134 134 
203 203 
7 7 
5 5 81 81 125 125 151 151 151 228 228 228 243 
245 245 
26 26 33 33 59 73 73 73 118 150 188 188 222 222 222 
21 21 148 153 153 
5 5 103 103 103 
14 152 152 152 180 180 180 180 
58 58 152 
84 84 84 
5 
14 
27 
81 81 
83 127 
121 238 238 
5 103 181 181 227 
93 93 93 154 
48 48 104 104 104 203 203 203 203 214 
26 26 44 
0 61 61 76 76 76 152 152 190 206 206 236 
18 18 18 60 60 
19 26 108 108 
18 90 90 90 137 242 242 
30 30 
81 
17 17 
26 
5 5 
146 186 186 186 186 
26 26 26 122 122 122 249 249 249 
8 131 131 228 228 247 
26 26 
44 44 44 
7 7 36 156 156 
147 147 171 203 203 205 205 217 217 233 233 233 
60 60 60 

89 89 93 93 93 
111 
137 137 137 
3 5 5 8 8 25 25 35 35 42 42 53 53 65 93 93 93 153 160 162 162 162 173 176 176 176 203 203 220 228 228 238 251 251 
26 26 26 
54 113 113 113 177 177 177 204 204 204 
17 17 17 49 49 49 100 109 127 183 183 189 
228 228 
7 203 203 203 218 218 
26 26 108 108 108 115 115 237 237 253 253 
28 28 165 165 203 
16 16 78 78 95 
63 63 63 242 
5 5 5 5 121 
104 
16 16 57 57 57 78 78 78 81 81 81 111 154 154 176 176 176 201 201 241 
5 112 243 243 
89 
127 200 240 
7 7 130 
20 20 26 26 26 166 166 166 
228 251 
84 109 109 127 127 194 198 198 198 229 
145 204 204 
5 5 142 142 142 234 
46 46 46 56 
58 58 58 92 
1 1 1 

24 24 24 119 152 
5 5 26 62 62 87 87 87 
84 100 100 194 194 198 255 255 255 
1 1 153 153 
79 93 154 154 154 154 
94 
83 83 83 145 204 246 246 246 
5 227 227 
87 87 
203 
26 26 
44 
107 152 152 
18 18 170 170 170 206 
55 91 181 238 238 
33 33 37 70 70 70 210 
5 5 5 182 196 
7 7 
42 42 
203 
54 84 96 100 100 187 216 229 229 
228 228 
2 2 2 2 
97 
71 71 228 
222 
227 227 
33 33 39 39 
175 175 

18 18 34 63 80 80 80 202 
14 18 32 32 32 32 32 208 

21 
5 5 26 
102 102 102 159 
5 5 5 149 165 165 203 
200 200 200 240 
18 18 18 101 113 204 204 
14 69 152 152 223 223 223 
75 75 
45 153 153 
143 203 203 
33 44 
42 42 42 228 228 
14 18 24 31 31 31 47 47 47 48 60 60 107 119 119 146 146 163 163 163 223 225 
1 1 2 2 21 27 45 45 81 110 110 148 148 228 
57 93 93 111 111 111 111 176 241 241 
205 205 
74 74 199 
163 163 163 
1 164 164 
5 5 5 142 
81 
5 5 5 
81 81 81 238 238 
14 14 152 152 152 157 157 157 
1 158 158 232 232 
28 28 88 88 143 143 203 
20 20 98 98 98 209 
173 173 
8 
33 33 37 
120 120 120 174 
75 205 
33 33 
81 167 167 176 
170 
30 30 135 135 196 196 
81 81 81 93 93 93 154 173 224 224 224 224 
83 83 83 204 204 
5 
21 21 21 
47 47 47 47 
56 56 121 
30 30 123 
84 84 
228 228 
33 
69 69 69 69 
127 
44 44 
84 216 216 216 
60 236 236 
205 205 
23 206 206 206 
200 200 237 
100 109 109 
204 204 204 245 
5 5 26 26 30 30 30 123 175 175 239 239 
33 
100 100 100 109 
156 
96 144 144 144 193 193 240 240 240 
93 93 
137 
5 5 7 7 7 40 40 58 58 58 58 75 75 81 81 86 86 86 88 116 126 143 149 149 165 220 251 252 
22 22 22 83 83 83 101 101 113 145 145 177 177 195 195 195 
29 29 75 75 155 155 171 191 191 
18 18 60 60 120 192 192 192 250 250 
26 26 26 26 
14 14 138 
166 
122 

222 222 222 
20 26 253 
58 
228 
127 189 189 189 
75 75 233 
86 86 
33 33 
81 203 

6 33 44 44 44 132 212 212 212 
24 146 146 146 152 
176 176 176 176 
152 
17 17 17 
5 12 56 114 114 133 133 
3 3 3 3 8 8 8 42 42 42 71 71 81 81 85 85 99 128 128 131 151 151 153 184 184 215 
100 127 127 240 240 
9 30 
15 26 26 
1 1 164 164 
75 75 75 217 
5 102 254 254 254 
5 5 
0 60 190 190 
26 87 87 193 253 
5 5 55 55 81 121 121 162 162 
30 30 196 196 
96 144 200 200 200 229 229 
93 154 154 
63 63 90 
42 94 94 248 248 248 
5 5 5 
22 43 43 195 
113 113 113 
71 
5 5 243 243 243 
70 70 70 
206 206 
81 81 99 203 
203 
87 87 213 237 
234 234 234 
109 109 109 
