Nodes: 256, Edges: 644
60 236 
21 21 105 105 110 110 110 110 153 158 158 164 164 232 232 
129 153 
81 81 228 238 
14 14 18 138 
26 38 38 38 42 42 46 50 50 50 56 68 81 81 81 91 91 94 94 102 102 108 114 117 123 123 133 133 143 159 159 159 161 161 161 178 196 196 203 203 227 227 234 234 235 235 238 238 243 243 248 
212 212 222 
41 41 41 74 74 86 86 124 125 203 203 203 
71 81 81 81 168 215 215 228 247 247 
182 230 
14 14 
33 33 
227 
33 33 37 37 37 
4 4 10 10 18 32 47 47 51 51 60 139 146 152 152 163 163 163 208 208 
26 231 231 
89 89 93 93 
66 66 84 226 226 226 
4 14 34 34 34 51 61 61 63 120 120 137 137 138 145 145 152 152 186 186 206 
62 
98 98 166 213 213 
1 1 45 140 140 140 153 153 179 179 179 228 
195 204 204 204 245 245 
192 192 
107 152 223 
81 153 
5 15 33 33 33 44 44 59 62 72 72 82 82 87 87 98 98 108 122 141 141 141 207 207 213 213 231 231 237 237 
52 153 
88 88 165 165 
205 205 
64 64 182 182 196 196 196 239 
152 152 
14 138 138 
11 11 13 13 26 26 26 37 37 44 44 122 122 122 134 150 169 169 172 172 185 197 219 222 222 
18 18 18 137 
81 81 81 

13 13 13 33 33 169 169 
5 5 5 
134 
203 
7 7 7 
5 5 81 81 81 125 151 151 228 228 228 243 243 
195 245 245 
26 26 33 33 59 73 73 73 73 150 222 222 
21 148 153 153 
5 103 103 103 103 
14 14 152 152 152 180 180 

84 
5 5 5 
14 14 18 
27 
81 81 

238 238 238 
5 181 227 
93 154 
203 203 203 214 214 214 
26 44 
0 14 61 61 61 61 76 76 152 152 206 206 236 
18 18 60 60 60 60 206 
19 26 108 108 108 108 
18 90 90 137 202 202 242 
30 30 
81 81 93 93 
17 17 84 

5 
146 186 
122 122 122 122 249 
8 131 131 228 228 228 
26 26 
44 44 44 44 
7 7 156 203 203 203 218 
147 147 171 205 217 217 233 
60 60 
122 
89 93 93 93 93 

137 137 
3 3 5 5 5 8 8 8 25 35 35 35 42 42 42 53 53 65 65 93 93 93 153 153 153 160 160 162 162 162 162 173 176 176 203 203 203 220 220 220 220 228 238 238 251 251 251 
26 26 231 
113 177 177 204 204 
17 49 66 100 100 109 109 127 183 183 189 
228 228 
7 7 203 203 218 218 218 
26 26 108 115 115 115 237 237 237 253 
28 28 165 
16 16 78 95 
63 63 186 242 242 
5 5 121 121 121 153 
203 203 
16 16 57 65 65 78 78 78 78 81 81 81 154 154 154 176 176 201 241 
5 5 243 
89 
229 240 240 240 
130 226 
20 20 26 26 166 166 209 209 

84 84 127 127 194 194 198 198 198 229 
204 204 
5 5 142 142 142 203 203 
46 46 46 46 
129 129 
1 1 
145 
24 119 152 
5 26 62 62 62 62 87 
84 84 127 127 127 180 194 198 
1 1 1 1 153 
154 154 154 

83 145 145 177 204 204 246 
5 227 227 
87 87 87 
203 
5 136 

107 152 
18 18 170 170 170 206 206 
91 91 91 238 238 238 
26 33 33 33 70 70 70 70 77 210 210 
5 5 161 161 182 196 
7 
7 42 
203 
84 100 100 109 109 109 187 189 216 229 229 
228 228 
2 104 104 
97 
71 71 228 
222 
5 5 227 
33 39 
175 175 175 
117 
18 18 34 63 80 80 202 202 
4 18 32 32 
14 
21 21 21 
26 26 26 
102 102 102 159 
5 165 203 203 
200 200 240 
18 18 106 113 113 204 204 204 
14 69 152 152 
75 75 
45 153 153 153 
203 203 203 
33 44 
42 42 228 228 
14 14 18 18 24 31 31 47 47 47 60 60 107 119 146 146 157 157 163 163 223 223 225 225 
1 2 21 21 25 27 45 45 81 81 81 91 110 148 148 148 228 228 
57 93 93 93 111 111 111 176 241 
205 205 206 
74 199 199 199 203 
152 152 163 163 163 163 
1 1 164 164 
5 5 5 142 
81 81 
5 5 5 123 123 
81 81 81 81 
14 14 14 152 152 157 157 157 157 
1 1 158 158 232 232 
28 28 88 143 203 203 
20 98 98 
173 173 
8 
33 33 37 37 
120 120 120 174 174 206 
75 205 205 
33 33 
81 167 167 176 176 
170 170 206 206 206 
135 135 135 
81 81 93 93 154 173 173 224 224 224 
83 83 113 204 
5 
21 21 21 
47 47 109 
56 
9 30 30 123 
84 84 
228 
33 
18 18 69 90 
127 

84 127 216 216 216 216 216 
236 
205 205 
23 23 206 
200 237 253 
100 100 109 
22 43 204 204 245 
5 5 30 30 30 123 239 239 
33 
100 100 100 109 
156 156 156 
144 144 193 229 240 
93 
63 63 137 137 
5 5 7 7 7 40 58 58 58 74 74 74 81 81 81 86 86 92 92 102 102 116 126 143 143 149 149 149 156 165 165 220 251 251 252 
22 22 22 83 83 101 101 113 113 145 145 145 177 195 195 240 245 245 
29 29 75 155 155 171 171 191 191 
18 60 60 61 120 120 155 170 174 174 174 192 250 
26 26 
14 14 
98 98 
122 122 
222 
6 6 222 222 
20 20 26 26 
58 58 58 252 
8 8 228 228 228 
127 189 189 189 189 189 
75 75 233 233 233 
74 86 86 86 
33 
81 81 81 81 203 251 
248 
6 33 33 44 44 132 211 212 212 
24 152 152 
176 176 176 
152 152 
17 17 17 97 
5 5 12 56 114 114 133 
3 8 21 42 42 42 71 71 71 81 85 85 128 128 131 151 151 153 153 184 215 215 215 
96 100 127 127 200 240 240 
9 
15 15 26 26 82 
1 1 164 164 
75 217 217 217 
5 5 254 254 254 
5 5 
0 60 190 
26 26 87 87 87 193 253 
3 5 5 55 55 55 81 81 121 121 121 
30 196 196 
96 96 96 144 200 204 229 229 
93 154 
63 90 90 
5 5 42 42 94 248 

22 22 43 43 195 204 204 
113 
8 8 
5 221 243 
70 
206 
81 81 81 203 203 220 
203 214 
87 193 237 
234 234 234 

