Nodes: 256, Edges: 644
236 236 
110 110 153 153 158 158 164 164 164 232 232 232 
129 129 129 129 153 
81 228 228 238 
14 18 32 
26 26 38 38 38 38 42 42 42 46 46 50 50 56 56 68 81 81 81 91 91 91 94 94 98 102 102 102 114 123 123 133 133 141 143 159 159 161 161 178 196 203 203 227 234 235 235 238 238 243 244 248 
212 212 222 
41 41 97 124 124 125 203 
71 81 168 215 228 
182 182 230 
14 14 
33 33 33 
227 
33 33 37 
4 10 10 18 18 32 32 32 47 138 138 139 146 146 146 152 152 152 163 163 163 208 208 
26 26 
89 89 93 93 93 
84 84 226 226 226 226 
4 14 14 34 34 34 34 51 51 61 61 63 120 120 137 137 138 145 145 152 152 186 186 206 206 
62 62 62 
98 98 166 166 213 213 
140 140 153 153 179 179 179 228 
195 204 204 204 245 
192 
107 107 152 223 
153 
5 5 15 15 44 44 44 59 62 62 67 70 70 72 72 82 82 87 98 98 108 117 141 141 207 207 207 213 213 231 231 237 237 

88 88 
205 
64 175 182 196 196 230 239 239 
152 
4 14 14 14 138 138 138 
11 11 11 13 13 37 37 44 44 44 134 150 150 169 169 169 172 185 185 197 222 222 
18 18 18 18 137 137 
53 81 81 81 81 81 

13 33 33 122 169 
5 5 5 5 
134 
203 
7 7 179 
5 5 5 81 81 81 125 125 151 151 151 151 228 228 228 243 
245 245 
26 26 26 33 33 33 59 59 59 73 73 73 73 118 150 150 188 188 219 222 
148 153 
5 5 103 103 103 
14 152 152 180 180 
152 
84 84 
5 5 
18 18 
140 
35 
83 
238 238 
5 5 103 181 181 227 227 
93 93 93 154 154 
104 152 245 245 
26 44 44 44 
61 61 61 76 76 152 152 152 190 206 206 236 
18 18 60 60 60 206 
19 19 19 26 26 108 108 
18 90 90 137 137 242 242 242 
30 
81 81 81 93 
84 84 
26 
5 
146 186 186 
26 26 122 122 122 249 
8 131 131 228 247 
26 26 
44 44 44 44 
156 218 
171 203 205 205 217 217 217 233 233 
60 60 
122 122 
86 89 89 93 93 
111 111 
137 137 
3 5 5 5 8 35 35 35 35 35 42 42 42 65 65 65 93 93 93 99 153 153 160 162 162 176 176 203 203 203 220 220 220 228 228 251 
26 26 231 
54 113 113 177 177 177 177 204 204 
17 17 49 49 66 66 100 109 109 127 127 183 183 183 
228 228 
78 203 203 203 218 218 
26 108 115 115 237 237 
28 28 165 165 203 203 
16 16 78 78 
63 63 
5 5 5 121 
104 203 
16 16 16 57 57 57 65 78 78 81 81 81 111 111 154 154 154 176 176 201 241 241 
5 5 112 112 243 
153 
127 127 200 200 200 240 240 
7 130 130 226 226 
5 20 20 26 26 166 209 209 209 
81 251 
84 109 109 127 194 198 
204 204 
5 5 5 142 142 142 203 234 254 
46 46 46 56 
58 92 129 

145 
24 24 119 119 119 152 152 
26 62 62 87 
84 84 100 100 194 198 255 255 255 
1 1 153 
79 79 93 93 154 154 154 
94 94 
83 83 177 246 
5 227 227 
87 87 
203 
26 
44 
107 107 107 
18 18 170 170 
91 181 238 
37 70 70 70 77 77 207 210 
5 5 161 182 196 196 
7 7 
7 42 42 
203 
84 84 96 96 100 187 187 187 189 216 216 229 
228 228 
2 2 2 2 104 
97 97 
71 71 228 228 
222 
5 5 227 227 227 
33 39 
175 

18 18 34 34 63 63 80 80 202 202 
14 14 18 32 32 32 
14 
21 21 52 
5 26 26 
102 102 102 
5 149 149 165 165 203 
200 200 200 240 240 
18 18 106 204 204 
14 14 14 69 152 223 

45 153 
143 143 203 
33 33 44 44 
42 42 42 42 153 153 228 228 
14 14 14 18 18 24 31 47 47 48 58 60 60 60 107 107 146 157 157 163 225 225 
1 1 2 21 21 25 45 81 81 95 110 148 151 151 228 228 228 
57 57 93 93 93 111 111 111 241 241 
205 205 205 206 
74 199 199 203 203 
152 152 163 163 163 163 
1 1 164 164 
5 5 
81 
5 5 123 
81 81 238 238 
14 14 14 152 157 157 157 157 
1 1 1 158 158 232 232 
88 88 143 143 
20 20 98 209 
173 173 
8 
33 33 33 37 
120 120 174 
75 205 205 
33 
167 167 
170 206 
30 135 196 196 
81 81 93 93 224 224 
83 83 83 83 113 204 204 
5 
21 21 21 41 
47 47 
56 56 121 
9 9 30 123 
84 84 84 

33 33 
18 18 69 69 
127 127 127 
44 44 
127 
60 236 
205 205 
23 206 206 206 
200 200 237 253 253 
100 109 
22 204 204 245 245 245 
5 30 30 123 123 175 175 239 239 
33 
100 109 
156 156 
96 96 96 144 144 144 193 193 229 229 240 
93 
137 137 
5 5 7 40 75 81 81 81 86 86 86 88 88 92 102 116 126 143 149 156 156 220 220 251 251 252 
22 22 22 83 83 101 101 145 145 177 177 195 195 245 
29 75 75 155 155 155 171 171 191 191 
18 18 60 60 61 155 174 192 192 192 250 250 250 
26 26 26 122 
14 14 
98 98 98 166 
122 
222 
6 6 222 222 
20 20 26 26 237 

8 228 
127 127 
75 75 75 233 233 233 
74 86 86 
44 
81 81 81 203 203 
248 
6 33 33 44 132 211 212 212 
24 146 
176 176 
152 152 
17 17 17 17 97 97 
5 12 56 56 114 114 133 133 133 
3 3 8 21 42 42 42 71 81 81 85 85 128 128 131 131 151 151 153 153 153 215 
127 200 200 240 240 240 
9 30 
26 26 82 
1 1 1 164 164 
75 75 217 217 217 
5 102 254 254 254 254 
5 5 
0 0 60 190 
26 26 87 87 193 213 253 
3 5 5 55 55 121 162 162 
30 30 196 196 
96 96 144 144 200 229 229 229 
93 93 154 154 
63 63 63 
5 42 94 248 248 248 248 248 
5 
22 43 43 58 58 195 195 195 204 
113 
71 
5 221 243 243 243 243 243 
70 
206 206 206 
81 99 203 203 
203 
193 193 237 
102 234 234 234 234 
109 109 109 
