Nodes: 256, Edges: 644
60 60 236 236 
21 21 105 105 105 110 110 110 153 153 158 158 158 164 164 164 232 232 
129 129 129 
228 228 
14 14 18 18 18 
38 38 38 38 38 42 42 42 46 46 50 50 56 56 68 68 81 81 81 91 91 91 91 94 94 102 102 108 117 123 123 123 123 133 133 141 143 161 161 161 178 196 203 203 227 227 227 234 234 235 238 238 238 243 243 243 244 248 
212 212 222 
41 41 74 74 74 97 97 97 124 124 125 203 203 
71 71 81 81 215 228 228 228 247 
230 
14 14 14 
33 
114 
37 37 37 
4 4 10 10 10 18 32 51 51 138 139 139 152 152 163 163 163 208 208 208 
26 26 231 231 231 
89 89 93 93 93 
66 84 226 226 
4 4 4 14 34 34 51 61 63 120 120 120 137 145 152 152 186 206 
62 62 62 
166 213 213 
1 1 45 45 140 140 153 153 153 179 179 179 179 228 
195 204 204 204 245 
192 
107 107 107 152 152 223 
81 81 81 153 153 
15 15 33 44 44 59 59 62 62 67 67 67 70 70 72 82 87 98 98 108 117 122 141 196 196 207 207 213 231 237 
52 
88 88 165 165 
205 
64 64 64 175 175 182 196 196 239 
152 152 
14 138 138 
11 26 37 37 37 44 44 122 134 134 134 134 150 169 169 172 172 197 219 219 222 222 
18 18 137 
53 53 81 81 

13 13 13 33 33 33 122 122 169 
5 5 5 5 5 
134 134 
203 
7 7 
5 5 5 81 81 81 125 151 151 151 228 228 228 228 243 243 
195 195 245 
26 26 33 33 59 59 73 73 73 118 150 188 222 
21 21 148 148 153 
5 5 103 103 103 
152 180 180 180 
58 58 58 
84 
5 5 
14 14 18 
27 140 
35 35 81 81 
83 127 127 
121 121 238 
5 5 103 181 227 
93 154 154 
48 48 48 104 104 152 203 214 214 
26 26 44 44 
0 0 61 61 61 61 76 76 76 152 152 152 206 236 236 
18 60 60 60 60 206 
19 19 19 26 26 108 
18 90 137 137 202 242 
30 30 30 
81 81 81 93 
17 
26 26 26 
5 5 
146 186 
26 26 122 249 
8 8 131 131 228 247 247 247 
26 
44 44 44 
7 7 7 203 218 
147 147 171 171 203 226 233 
60 60 60 
122 
89 89 93 93 93 93 
111 111 111 
137 
5 5 5 8 8 25 25 25 35 35 42 42 42 53 53 65 65 65 93 93 93 99 153 153 160 160 160 162 162 173 173 176 203 228 228 238 251 251 251 
26 231 
54 113 113 177 177 204 
17 49 100 109 109 127 183 183 189 189 

203 203 203 203 203 
26 108 115 115 237 237 253 253 253 
28 28 165 
16 16 78 78 95 
63 206 206 242 
5 5 5 5 121 121 153 
203 
16 16 16 57 65 78 78 78 78 81 81 81 111 111 154 154 176 176 201 201 
5 5 112 112 112 
89 153 
127 200 229 229 
7 7 7 130 
26 26 166 166 209 
81 
84 109 127 127 127 194 198 198 229 
145 145 204 
5 5 142 142 142 234 
46 46 46 56 
58 58 152 
1 1 1 
145 
24 24 24 119 152 152 
5 26 62 87 
84 84 100 127 127 198 255 255 
1 1 1 153 153 
79 79 79 93 93 154 154 154 
94 94 94 
83 83 145 177 204 246 
12 227 
87 87 
203 203 
5 26 136 
44 
107 152 152 
18 18 18 170 206 206 
55 55 91 91 238 238 
26 33 37 37 70 77 207 210 210 
5 5 5 5 161 196 
7 7 
7 42 
203 
54 54 84 96 100 100 100 109 109 187 189 216 229 
228 
2 2 2 
97 
71 71 228 228 
222 
5 5 227 
33 33 33 33 39 39 
175 175 175 
117 
18 34 63 63 80 
14 32 32 
14 14 
21 21 52 
5 26 
102 102 102 
5 165 203 
200 200 200 200 240 240 240 
18 101 101 106 113 204 
69 152 152 152 223 
75 75 
45 45 153 
203 203 
33 44 
42 42 42 153 228 228 228 
14 14 18 18 24 24 31 31 47 58 60 60 60 104 107 107 119 119 146 146 146 157 163 163 223 225 225 
1 1 21 21 21 25 25 45 81 81 91 95 110 110 148 151 179 228 228 
57 57 93 93 111 111 111 176 241 
205 206 
203 203 
152 163 163 
1 1 1 164 164 164 

81 81 81 
5 5 5 123 
81 81 238 
14 14 14 152 152 157 157 
1 1 1 158 158 158 232 232 232 
28 28 88 143 203 
20 98 98 209 
173 

33 33 37 
120 174 174 206 206 
75 75 205 
33 33 
81 81 167 176 176 
170 170 
30 30 135 135 135 196 196 
81 93 93 154 173 173 224 224 224 224 
83 83 113 204 
5 
21 21 21 21 153 
47 47 47 
56 
30 
84 84 
228 228 

18 69 
127 
44 
84 84 127 216 216 
236 236 
205 205 205 
23 206 
237 237 237 
100 
22 43 43 204 245 
5 26 26 30 30 123 175 175 239 239 
33 
100 100 109 

96 144 144 144 144 229 240 240 240 240 240 
93 93 
63 
5 5 7 7 40 58 74 75 81 86 86 86 86 86 92 116 116 126 143 149 149 156 156 165 220 251 252 
22 22 22 83 101 113 145 177 195 240 245 245 
29 155 171 191 191 191 
18 60 61 90 90 120 120 155 170 170 192 250 
26 26 122 
14 14 14 
98 166 
122 122 
222 
6 6 222 222 
20 20 26 237 
58 58 252 252 
8 228 228 
127 189 189 
233 233 
74 
33 33 
203 

6 33 33 44 132 211 212 212 
24 146 152 
176 176 176 176 
152 152 
17 17 75 
5 5 5 56 114 133 
3 3 8 8 8 21 42 42 42 42 71 81 81 128 131 131 151 151 151 153 153 184 184 215 215 
96 96 100 127 200 240 
9 
15 15 15 26 82 
1 1 164 164 164 
75 217 217 
5 5 102 254 254 254 254 
5 
0 0 60 60 190 190 
26 87 87 193 193 193 213 253 253 
5 5 5 55 81 121 121 162 
30 196 196 
144 144 144 200 200 200 200 200 204 229 
154 
63 90 
5 5 5 42 42 248 
5 
22 43 195 204 204 
113 
8 71 71 71 
5 243 
70 
206 
81 81 81 203 
203 214 214 
87 87 87 237 237 
234 234 234 234 
109 109 
