Nodes: 256, Edges: 644
236 236 
21 21 105 105 105 110 110 110 153 158 232 
129 
81 81 228 
14 14 18 32 
26 26 38 38 38 42 42 42 56 68 68 81 81 91 91 91 94 94 98 102 114 114 114 123 133 133 133 141 143 159 161 161 178 203 203 227 234 234 235 235 238 238 243 243 244 248 
212 222 222 
41 41 74 74 97 124 124 125 125 203 203 203 
81 81 81 168 215 215 228 228 228 247 
182 182 230 
14 
33 33 
114 227 
33 33 37 
4 4 10 18 32 32 32 47 51 51 138 139 146 146 152 163 208 208 
231 
89 93 93 
66 66 66 84 226 226 226 
4 14 51 51 61 63 120 120 120 137 137 145 145 145 152 152 186 186 186 206 
62 
98 98 213 
1 1 45 45 140 140 140 153 153 153 179 179 179 228 228 
204 204 204 245 
192 192 
107 107 107 107 152 152 152 
81 153 
5 5 33 33 44 44 59 62 62 67 67 67 70 70 72 72 72 82 82 82 87 87 98 98 98 108 108 117 117 122 122 141 196 196 207 207 213 213 237 237 237 
52 153 153 
88 88 88 165 165 
205 
64 64 175 175 175 182 196 196 230 239 239 
152 152 
4 14 14 14 138 138 
11 11 13 13 26 26 37 37 44 44 134 134 134 150 150 169 172 172 185 197 197 222 222 
137 
53 81 81 81 

13 33 33 122 169 
5 5 5 
134 
203 
7 7 
5 5 5 81 81 125 125 151 151 228 228 243 
195 245 
26 26 33 33 73 73 73 73 73 118 150 150 188 188 188 222 
21 21 148 148 148 153 
103 103 103 103 
14 152 152 152 180 180 
58 58 152 
84 84 84 

14 14 18 18 
27 140 
35 81 
127 
121 238 238 
5 103 181 181 227 227 
93 93 154 
48 48 104 152 214 245 
26 
61 76 76 76 152 152 152 190 206 236 236 236 
18 60 
19 26 26 108 
18 90 90 137 137 202 202 242 
30 30 
81 81 93 
17 17 17 84 
26 26 26 
5 5 
146 
26 26 122 122 
131 228 228 247 
26 26 26 
44 44 44 44 44 
7 7 156 203 203 
147 147 171 171 203 203 205 217 233 
60 60 60 
122 122 
89 89 93 
111 
137 137 
3 3 5 5 8 8 8 25 35 35 35 42 42 53 65 65 93 93 93 99 153 153 153 160 160 162 162 162 173 173 176 176 176 203 203 203 220 220 220 220 228 228 238 238 251 251 251 
26 26 26 
113 177 177 
17 49 49 49 66 109 109 127 183 189 
228 228 228 
203 
26 26 108 108 108 115 237 237 237 253 253 
28 28 28 165 165 203 203 
16 78 78 
63 63 242 
5 5 5 121 121 153 
203 
16 16 57 57 65 78 81 81 81 111 111 154 154 154 176 176 176 201 241 241 
5 5 112 
153 
127 200 229 240 
7 130 130 226 
5 20 20 26 26 26 166 166 209 
81 228 
127 127 194 194 198 229 
145 204 
5 142 142 142 203 234 234 254 
46 46 46 46 56 
58 129 
1 1 1 
145 
24 24 24 24 152 152 
26 26 62 87 87 87 
84 84 127 180 194 194 198 198 255 255 255 
1 1 1 
79 93 93 154 154 
94 
83 145 177 204 204 204 246 246 
5 5 5 12 227 227 
87 
203 
26 26 136 
44 

18 18 18 170 170 170 206 206 
55 91 91 
26 26 37 70 70 77 77 207 210 
5 161 196 
7 7 
7 7 42 42 
203 
54 84 96 100 100 109 187 189 189 216 216 
251 
2 104 
97 97 
71 
222 222 222 
5 5 5 227 227 227 
33 33 33 39 
175 175 175 
117 
18 18 34 63 63 80 80 
14 32 32 208 
14 
21 21 21 52 
5 26 
102 102 102 
5 149 165 203 
200 200 200 200 200 240 240 
18 18 18 101 106 113 204 
14 14 69 152 152 223 223 
75 75 
45 45 45 153 153 
143 
33 33 44 44 
42 42 153 
14 18 18 24 24 24 31 31 47 47 47 48 58 60 60 60 107 107 146 146 157 157 163 163 163 223 223 225 
1 21 21 21 25 27 27 45 81 81 81 91 95 148 148 151 179 228 228 
57 93 93 93 111 111 241 241 241 
205 205 205 
74 199 203 203 
152 152 163 163 
1 164 
5 
81 81 
5 5 123 
81 81 81 238 
14 152 152 152 157 157 
158 232 
28 28 88 88 143 
98 98 209 
173 
8 
33 37 
120 120 120 174 174 206 206 
75 75 205 205 
33 33 
81 81 167 176 176 
170 170 206 
30 30 30 135 135 135 196 196 196 
81 81 81 93 93 93 173 173 224 224 
83 83 113 204 
5 
21 21 21 153 
47 47 109 
56 56 
9 9 30 
84 
228 228 228 
33 
18 18 18 
127 
44 44 44 
84 127 127 216 216 
60 236 
205 205 
23 23 206 206 206 
200 200 200 200 253 
100 100 109 109 
43 204 204 245 
26 26 30 30 123 175 175 175 239 239 
33 33 
100 109 109 
156 
96 144 144 144 144 144 193 193 193 193 229 240 240 
93 
63 63 
5 5 7 7 7 40 74 74 75 75 81 81 81 86 88 88 92 102 116 126 143 156 156 220 251 251 251 
22 22 22 101 113 113 113 145 177 195 195 245 245 245 
29 75 155 155 155 171 171 191 191 
18 60 120 120 170 170 174 192 192 192 250 250 
26 26 122 
14 14 138 
98 166 
122 

6 222 
20 26 26 237 
58 252 252 
8 8 228 228 
127 127 189 189 
75 233 233 233 


81 81 81 81 203 251 
248 
6 6 33 33 44 132 132 132 212 
146 146 152 152 
176 176 
152 
17 17 17 97 
5 12 56 56 114 114 133 133 133 
3 8 8 8 21 21 42 42 71 71 81 81 85 85 85 99 153 153 184 184 184 215 215 
96 100 200 240 240 240 
9 30 
15 
1 164 
75 217 217 217 
5 5 102 102 254 254 
5 5 
0 0 60 60 60 190 
26 26 26 87 87 87 213 
5 5 55 55 81 81 162 
30 30 196 196 
96 144 144 200 200 229 229 229 
93 93 154 154 154 
63 90 
5 5 42 248 248 248 248 
5 
22 43 58 195 204 204 204 
113 113 
8 71 
5 221 243 243 243 243 

206 206 
81 81 81 128 203 203 203 220 
214 214 
87 87 193 
102 234 234 
109 109 109 
