Nodes: 256, Edges: 644
60 60 60 236 236 236 
21 21 105 110 110 110 110 153 153 158 158 164 164 232 
129 153 
81 228 228 228 228 228 
14 14 18 18 32 
26 26 38 38 42 42 50 56 68 81 81 81 91 91 91 94 94 102 108 114 114 123 123 123 123 123 133 133 141 143 161 161 178 178 178 196 203 203 227 227 227 234 234 235 238 243 243 244 244 248 248 
212 212 222 222 
41 74 97 97 124 125 125 203 203 203 
71 81 81 168 168 228 228 228 247 
182 182 
14 14 14 
33 
114 227 
33 33 37 
4 4 10 10 10 18 47 60 138 138 139 139 146 152 152 152 163 163 163 

89 89 93 93 93 
66 84 226 226 226 226 
4 4 14 34 34 51 51 61 63 63 120 137 138 145 152 152 186 186 186 206 206 
62 62 
98 166 166 166 213 213 213 213 
1 1 45 140 140 153 153 179 179 179 228 
204 
192 192 
107 107 107 152 152 223 
81 
5 5 33 44 44 59 59 59 62 70 72 72 82 82 82 87 98 98 108 117 122 141 141 196 207 207 207 213 237 
52 153 
88 88 165 165 
205 
182 196 196 196 230 239 
152 152 152 
4 138 138 
11 13 13 26 37 39 44 122 134 150 150 169 169 197 197 197 219 222 
18 18 
53 81 81 81 81 

13 33 122 122 122 169 169 
5 5 
33 134 134 
203 203 
7 
5 5 81 125 151 151 151 151 228 228 228 
58 195 245 
26 26 33 59 73 73 73 73 118 150 188 219 222 222 
21 148 148 148 153 153 
103 103 103 
14 180 180 180 
58 152 152 
84 
5 
18 18 
27 140 
35 81 81 
127 
121 238 
5 181 227 227 
93 93 154 
43 48 104 104 152 214 245 
26 26 26 44 
0 0 0 14 61 61 61 76 152 152 
18 60 60 60 
19 19 26 108 108 
18 18 90 137 202 202 242 

81 81 93 93 
17 84 

5 
146 186 186 
26 122 122 249 249 
8 131 131 228 228 247 
26 26 
44 44 44 44 
7 156 156 156 203 203 203 218 
147 147 171 171 203 203 205 205 217 217 233 233 
60 
122 122 
89 89 93 93 93 
111 
137 
3 5 5 5 8 8 25 35 35 35 35 42 53 53 65 65 93 93 93 153 153 153 160 160 162 173 173 176 176 176 203 203 203 220 220 220 220 220 228 238 251 251 
26 26 26 
113 177 177 177 204 204 
17 49 66 100 100 109 109 109 127 127 183 189 189 189 
228 
203 203 203 203 218 218 
26 108 108 115 115 237 237 237 
28 28 165 165 
16 16 78 78 95 
63 186 206 242 
5 5 5 121 121 
203 
16 16 16 57 57 65 65 78 78 78 81 81 81 111 111 154 154 154 176 176 176 201 201 241 241 241 
5 5 112 243 243 243 
89 153 
127 127 200 229 229 
7 7 130 
20 26 26 209 
228 
84 84 109 109 127 127 194 198 198 
204 204 
5 142 142 142 203 203 234 254 
46 46 46 
58 58 152 
1 
145 
24 24 24 119 152 
5 26 62 62 87 87 
84 84 84 100 100 127 194 194 198 255 
1 1 1 1 153 153 
79 93 93 154 154 154 
94 
83 145 145 177 204 204 246 246 
5 5 12 227 
87 87 

26 136 
44 
107 152 152 
18 170 206 
55 91 91 238 
26 33 37 37 37 70 70 77 77 207 210 
5 5 5 5 5 161 196 
7 
7 7 42 
203 
54 84 84 96 96 100 100 109 187 189 189 216 229 229 229 
228 
2 
97 
71 71 228 228 

5 5 227 227 
33 39 39 
175 175 
117 
18 63 80 202 202 
14 14 18 32 32 208 
14 14 
21 21 52 
5 26 26 
102 102 102 159 
5 149 165 203 
200 200 200 200 240 
18 106 113 113 204 204 204 
14 69 152 152 223 223 
75 75 
45 45 45 153 153 
143 203 
33 33 44 
42 42 42 42 153 228 228 
14 14 14 18 18 24 24 31 31 31 48 48 58 60 60 104 107 119 119 146 146 157 157 163 163 223 223 225 225 
1 1 2 21 21 27 45 45 81 81 81 95 110 110 148 148 151 179 228 228 228 
57 93 93 93 111 111 111 176 
205 205 205 206 
74 74 74 199 199 
152 152 163 163 
1 1 
142 
81 81 227 
5 5 123 
81 
14 14 14 152 152 157 157 
1 1 232 
28 28 88 88 143 203 
20 20 20 209 
173 173 
8 8 
33 33 37 37 
120 174 174 206 
75 75 205 205 

81 81 167 167 176 176 
170 170 206 206 
135 135 196 196 
81 81 81 93 93 93 154 173 173 224 224 224 224 224 
83 83 83 113 204 
5 5 5 
21 21 21 153 
47 47 47 
56 
9 9 30 
84 
228 

18 18 18 69 69 90 
127 
44 
84 84 84 127 127 216 216 
236 236 

23 23 206 206 
237 237 253 
100 109 109 
43 204 204 245 
5 26 30 30 30 123 175 175 239 
33 33 33 
100 100 109 
156 156 
96 144 144 144 144 229 229 240 240 
93 93 
63 63 137 137 
5 5 7 7 7 40 40 74 74 74 75 75 81 81 81 86 86 86 86 92 102 102 126 143 149 165 251 252 252 252 
22 83 83 101 101 113 113 145 145 145 177 195 195 245 245 
29 75 75 155 155 155 171 171 
18 18 90 120 155 170 174 174 192 192 250 250 250 
26 26 26 122 
138 
98 166 
122 
222 
6 6 222 
20 20 20 20 26 237 
58 252 
228 
127 189 189 
75 75 233 233 233 
74 86 86 
33 44 
81 81 81 81 81 
248 
6 6 33 44 44 211 212 
24 146 146 152 152 
176 176 176 176 176 
152 152 
17 17 17 17 
5 5 5 12 56 56 114 133 133 160 
3 3 3 3 3 8 8 8 21 42 42 42 71 71 81 85 99 128 131 131 151 151 153 153 153 184 215 
96 96 127 127 127 200 200 240 240 
30 

1 164 
75 75 217 217 217 
5 5 102 254 254 254 
5 
0 0 0 190 190 
26 87 87 87 193 193 213 253 
5 55 81 121 
30 196 
144 200 200 229 229 
93 93 93 
63 90 
5 5 94 94 94 248 248 
5 5 
43 58 195 204 204 
113 113 
8 71 
5 5 221 243 243 
70 70 
206 206 206 
81 81 203 
203 203 203 214 
193 237 
102 234 234 234 
109 
