Nodes: 256, Edges: 644
60 236 236 
21 105 105 110 110 110 110 110 153 153 158 158 164 164 232 232 
129 153 153 
81 238 
14 18 18 18 
26 26 38 38 42 42 46 50 50 68 68 81 81 81 91 91 91 94 98 98 102 102 108 108 114 117 123 123 123 133 133 141 141 143 143 159 159 159 161 161 161 161 178 178 196 203 203 203 227 227 227 234 234 235 235 235 238 243 243 243 244 248 
212 212 222 
41 41 74 97 97 124 124 203 203 203 
71 71 81 168 168 215 228 228 228 247 247 
182 182 
14 14 
33 
114 
33 33 37 37 37 
4 10 10 18 18 32 32 32 51 51 60 139 139 146 152 152 152 163 208 208 
26 26 231 
89 89 89 93 
84 84 
4 4 4 14 14 34 34 51 51 61 63 63 120 137 138 152 152 186 206 
62 62 
98 166 166 213 213 213 213 
1 45 45 140 140 153 153 153 179 179 179 228 228 
195 245 
192 
107 107 107 223 
81 153 
5 5 15 15 33 44 44 67 67 70 72 82 82 87 87 98 108 117 122 122 141 196 207 207 213 213 237 

88 88 165 
205 205 
64 64 175 175 182 196 230 230 239 
152 152 152 
14 14 14 138 138 
11 13 13 26 37 39 44 122 122 134 134 150 150 150 169 169 172 172 185 197 219 219 
18 18 137 
53 81 
74 
13 13 13 33 122 169 169 169 
5 5 
33 134 
203 203 
7 7 
5 5 81 81 81 125 151 151 228 228 228 228 243 
58 195 245 
26 26 33 59 59 73 73 73 73 150 150 150 188 188 219 222 
21 21 148 153 153 153 
5 
152 180 180 
58 152 
84 84 84 
5 5 
14 14 18 18 

35 81 
127 127 
121 121 121 
181 227 227 227 
93 93 154 154 
43 48 152 203 214 245 245 245 
44 44 
0 14 61 61 76 76 76 152 152 152 190 206 206 236 236 
18 60 60 
19 19 108 108 108 
18 18 90 242 
30 30 
81 81 93 93 
84 
26 26 
5 5 
186 
26 122 122 122 249 249 
8 8 131 228 228 228 247 
26 
44 44 44 44 
7 36 156 156 203 203 
147 147 147 171 171 171 203 203 205 205 217 217 226 233 233 
60 60 60 
122 122 122 
86 89 
111 111 
137 137 
3 5 5 5 8 25 35 42 42 42 53 65 65 93 93 99 153 153 153 160 160 162 162 162 162 173 173 176 176 203 203 220 220 228 228 238 251 251 251 
26 26 
113 177 204 204 
17 17 49 49 49 66 109 109 127 183 189 
228 228 228 228 228 
78 203 218 218 
26 26 108 115 237 237 253 
28 28 165 165 203 
16 16 16 78 95 
63 206 206 242 242 
5 5 5 121 121 153 
104 203 203 
16 57 57 65 65 81 81 111 154 154 176 176 201 241 241 
5 112 112 112 243 
89 
127 127 200 229 229 240 240 240 
7 7 130 130 226 
5 5 20 26 166 209 209 209 
81 
109 127 127 198 198 198 
145 204 204 
5 5 142 142 203 

92 
1 1 

24 24 24 152 152 
5 5 26 62 62 62 87 
84 84 100 127 180 198 198 255 
1 1 1 1 1 153 153 153 
79 79 93 154 154 154 
94 94 94 
83 145 145 204 204 
5 12 227 227 
87 

5 26 136 

152 152 152 
18 170 170 
55 55 55 91 91 238 238 
26 26 33 33 37 70 70 70 77 77 77 207 210 210 210 
5 5 5 161 161 182 196 
7 7 
42 

54 54 84 96 96 100 100 109 187 187 189 216 229 229 229 
228 251 
2 
97 97 
71 
222 
5 5 227 
33 33 39 
175 175 
117 
18 34 80 80 202 202 
18 32 32 
14 14 
21 21 
5 5 26 
102 102 159 159 
5 5 149 165 203 
200 200 200 240 240 
101 113 113 204 
14 152 152 152 223 223 
75 75 75 
45 
143 203 
33 33 33 44 44 44 
42 42 153 228 
14 14 14 18 18 31 31 31 47 48 58 60 60 60 107 107 119 119 119 146 146 146 157 163 163 163 225 
1 1 2 2 21 21 21 25 45 45 45 81 81 81 91 110 110 110 151 179 228 228 228 
57 57 93 93 111 111 111 241 241 
205 205 206 
74 74 199 203 
152 163 163 163 
1 1 
5 5 5 142 142 
81 81 
5 5 5 5 123 123 
81 81 81 81 238 
14 152 152 152 157 157 157 
1 1 232 232 
28 88 88 143 203 
20 20 98 209 209 
173 173 
8 8 
33 33 37 37 37 
120 120 174 174 
75 75 75 205 205 
33 33 
81 81 167 167 
170 170 206 206 
30 30 135 135 196 196 
81 81 93 93 224 
83 204 204 204 
5 5 
21 21 21 153 
47 47 109 
56 
9 9 30 123 
84 
228 228 
33 
18 69 
127 127 
44 44 
84 127 216 216 
60 236 236 
205 205 205 
23 206 206 
200 200 200 253 

22 43 245 245 
5 26 30 123 175 175 239 239 
33 
100 100 100 109 109 
156 
96 144 144 144 193 193 193 229 229 240 240 240 
93 
137 137 
5 5 5 7 7 7 40 40 58 74 74 75 75 81 81 86 88 92 92 102 143 149 156 165 220 220 251 251 252 252 
83 83 101 101 113 113 145 177 177 177 245 245 245 
29 29 75 75 155 155 171 171 191 191 191 
18 60 60 90 90 155 174 174 192 192 250 250 
26 26 122 
14 14 
98 98 98 166 166 
122 122 122 

6 6 222 222 222 
20 20 20 20 26 26 
58 252 
8 228 228 
127 189 189 
75 75 233 
86 86 
33 33 44 
81 81 203 203 
248 
6 44 132 212 212 212 
24 146 146 
176 
152 
75 97 
5 5 5 56 56 56 114 114 133 
8 8 8 21 21 42 42 42 42 71 71 71 81 81 85 85 85 85 85 128 151 153 153 153 184 184 215 215 
96 96 127 127 127 200 200 240 
30 30 
15 
1 1 164 164 
75 75 217 
5 5 254 254 254 
5 5 5 
0 0 60 60 190 190 
26 87 87 
3 5 81 121 121 162 
30 196 196 
96 96 96 144 144 200 200 200 229 
93 93 154 154 
63 90 90 
5 5 5 42 94 248 
5 
22 43 58 58 58 195 195 204 204 204 

8 8 71 
5 221 243 
70 70 
206 206 
81 81 81 128 203 203 
203 203 214 
87 193 
234 234 234 
109 
