Nodes: 256, Edges: 644

21 105 110 110 153 153 158 158 164 232 232 
129 153 
81 81 228 228 228 238 
14 14 14 18 32 32 
26 26 38 38 38 42 42 46 46 46 56 56 68 68 81 81 81 91 91 94 94 98 102 114 117 123 133 133 141 141 159 161 161 161 161 178 178 178 203 203 203 227 234 243 244 244 248 
222 
41 41 74 86 97 97 97 124 124 124 125 203 203 203 
71 71 71 81 168 228 228 228 
182 182 230 
14 14 
33 33 

33 33 33 37 
4 4 4 10 10 18 32 47 51 51 60 138 139 139 146 146 152 152 152 208 
26 26 231 
93 
66 66 84 226 226 
4 14 34 34 34 34 34 51 51 120 120 120 137 145 145 145 152 186 186 206 206 
62 
98 98 166 213 213 213 
1 45 140 153 153 228 228 
195 204 204 204 204 245 
192 192 192 
107 107 107 152 
81 153 153 
5 5 15 15 33 33 44 44 62 67 67 70 70 72 72 82 82 82 87 87 87 98 98 98 108 108 108 117 141 141 196 196 207 207 207 213 213 213 231 231 237 237 
153 153 
165 165 
205 205 
64 64 175 182 182 196 196 230 230 239 
152 
4 4 14 138 138 138 
11 11 13 13 13 26 26 37 39 44 122 122 134 134 134 134 150 169 169 169 172 172 172 185 197 219 222 
18 18 18 18 18 137 
53 81 
74 
13 33 122 122 169 169 169 
5 5 5 
33 134 
203 203 203 
7 7 
5 5 81 81 81 125 125 151 151 228 228 243 
195 245 245 
26 26 33 59 59 59 73 73 150 150 188 188 188 219 222 222 
21 148 148 153 153 153 
5 5 5 103 
14 152 152 152 180 180 180 
58 152 152 
84 84 84 

14 14 18 18 
140 
35 81 
83 127 
121 238 238 
5 5 103 181 181 227 
93 154 154 
48 104 104 152 214 245 245 245 
44 44 44 
14 61 61 152 190 206 206 236 236 236 
60 60 206 
19 26 108 108 108 108 
90 137 137 202 202 242 
30 30 
81 81 93 93 
17 17 84 84 84 
26 26 
5 5 
146 146 186 186 
26 26 122 122 122 249 
8 8 8 131 131 228 247 
26 26 
44 44 
7 36 156 156 203 203 218 
147 147 171 171 205 205 217 226 

122 122 
86 89 89 93 
111 111 111 

3 3 5 5 5 8 25 35 42 42 42 53 65 65 93 93 99 153 153 153 160 160 162 176 203 203 220 228 228 238 238 238 251 251 
26 26 26 231 
54 177 177 204 
17 49 49 49 66 66 66 109 109 127 127 189 
228 228 228 228 
7 78 203 203 203 218 
26 26 26 108 115 115 237 237 253 253 
165 165 203 203 
78 78 
63 206 242 242 242 
5 5 121 153 
203 203 203 
16 57 65 65 78 81 81 111 154 154 176 176 176 201 241 
5 5 112 112 
153 
200 200 200 229 240 240 
7 7 7 130 130 
5 20 20 26 26 26 166 166 209 
81 251 
109 109 127 127 194 198 
145 145 204 204 204 
5 203 203 203 234 234 254 
46 56 
58 58 152 
1 
145 
24 24 24 119 152 152 
26 26 26 62 62 62 62 87 
84 84 100 100 198 198 255 255 
1 1 153 
79 79 79 93 154 
94 94 
145 177 204 204 204 246 
5 227 
87 87 
203 203 
5 26 136 

107 152 152 
18 18 18 170 
55 91 
33 33 37 37 70 70 70 77 77 210 210 
5 161 182 196 
7 7 7 
7 42 42 
203 203 
54 84 84 100 100 187 187 187 189 216 216 229 229 

2 
97 97 
71 71 228 228 
222 222 
5 5 227 227 227 
33 33 33 33 39 
175 
117 
18 34 63 63 202 
14 32 32 32 
14 14 
21 52 
5 5 26 26 
159 
149 165 165 165 203 203 203 
200 200 
18 18 18 101 101 106 113 204 204 
14 14 69 69 152 152 223 
75 75 
45 45 153 
143 203 
33 44 44 
42 42 228 228 
14 14 14 18 24 31 47 47 47 48 48 58 60 104 107 107 119 119 146 146 157 163 225 225 
1 1 2 21 21 25 25 27 27 45 45 45 81 81 81 91 95 110 148 228 228 228 
57 57 93 93 111 176 241 
205 205 206 206 
74 74 199 203 
152 163 163 163 163 
1 1 164 164 
5 142 
81 81 
5 5 5 5 123 
81 238 
152 157 157 157 157 
1 158 158 
28 28 88 88 143 143 143 203 
20 98 98 209 209 
173 173 173 
8 
33 33 33 37 37 37 
120 174 174 
75 75 205 
33 33 33 
167 167 167 176 176 
170 170 206 
30 135 196 196 
81 93 93 93 154 173 173 224 224 224 224 
83 83 113 
5 5 5 

47 47 47 
56 56 
9 9 30 30 123 

228 228 228 
33 
18 18 69 69 
127 127 127 
44 44 44 
84 127 216 216 216 
60 236 236 236 
205 205 
23 23 23 206 206 206 
200 
100 
22 43 245 
26 26 30 30 123 175 175 239 
33 
100 109 109 
156 
96 96 96 144 144 193 240 240 
93 
63 63 137 
5 5 5 7 7 7 40 40 40 74 74 81 81 86 86 86 88 88 92 92 92 102 102 102 116 116 126 126 143 143 143 149 156 165 220 251 251 252 252 
22 22 22 22 83 101 101 101 113 113 113 145 145 240 245 245 
29 29 75 75 155 155 171 191 191 206 
18 18 60 60 61 90 155 155 174 192 192 192 205 
26 26 26 
14 
98 166 166 
122 122 
222 
222 222 
20 20 20 26 26 26 237 
58 252 
228 228 228 228 
127 127 189 189 189 
75 233 
74 86 
33 44 
81 203 

6 33 44 44 132 132 211 212 212 
146 
176 176 176 176 
152 152 
17 17 75 
5 56 114 133 133 133 
3 3 3 8 8 8 21 21 42 42 71 81 81 85 85 85 85 131 131 151 151 153 153 153 184 184 184 215 215 215 215 
96 127 127 240 240 
9 30 30 
15 26 26 82 
1 1 
217 
5 102 102 254 254 

60 60 60 190 190 190 
26 26 87 87 213 
3 55 55 81 81 81 162 
30 196 
96 96 200 200 204 229 229 
93 154 
63 90 90 90 
5 42 248 248 248 
5 5 
22 43 43 58 58 58 195 204 204 
113 
71 
5 243 243 243 
70 

81 81 99 203 203 
203 203 214 
87 87 
102 234 234 
109 109 
