Nodes: 256, Edges: 644
60 60 236 236 
21 110 110 110 153 158 158 232 
153 
81 228 228 
14 18 18 18 32 32 138 
26 26 38 42 42 46 46 50 56 56 68 81 91 91 91 94 94 98 102 114 114 114 123 123 123 123 123 133 133 143 159 159 159 161 161 178 196 203 203 227 234 235 235 238 243 244 244 
212 212 222 
41 74 74 74 86 86 97 97 97 97 124 125 125 125 203 
71 71 81 81 168 168 228 247 247 247 
182 182 
14 
33 
114 
33 33 33 37 37 
4 10 18 18 32 32 32 47 51 51 138 138 139 139 146 146 152 152 152 163 208 
26 26 26 231 231 
89 
66 84 226 226 226 
4 4 4 14 14 34 34 34 51 61 63 120 120 120 137 137 137 138 145 145 145 152 152 186 186 206 
62 62 
98 166 166 213 213 
1 45 45 140 140 153 153 179 179 228 
245 
192 192 
107 107 107 152 
81 81 153 
5 5 15 15 15 33 33 44 44 59 59 62 67 67 70 70 70 72 72 82 82 82 108 108 108 117 141 141 196 207 207 231 231 237 
52 
88 165 165 
205 
175 175 175 182 182 182 196 196 239 239 
152 152 
4 4 14 14 14 138 138 138 
11 13 13 13 26 26 37 39 44 122 122 134 134 134 134 134 150 150 169 169 169 172 172 172 185 185 185 197 197 219 219 222 222 
18 18 18 
53 53 81 81 81 81 

13 13 33 122 122 169 169 
5 
33 
203 
7 
5 5 81 81 125 151 151 151 228 228 228 
195 195 245 245 245 
26 26 33 59 59 59 73 73 73 118 150 188 219 222 222 222 
21 21 148 153 
5 5 103 103 103 
14 152 152 
58 58 152 
84 84 
5 
14 14 18 
27 
35 35 81 81 81 
127 
121 121 121 238 
5 5 181 227 227 227 
93 154 154 
48 48 104 104 152 152 203 245 
26 26 44 44 44 
0 0 61 61 61 76 152 152 190 206 236 236 
18 60 60 60 
19 19 26 108 
18 90 90 137 137 202 242 

81 81 81 93 93 
17 84 84 
26 26 
5 
146 146 186 
26 26 26 122 122 122 249 249 
8 8 131 228 228 247 
26 26 
44 44 44 
7 7 7 156 203 203 218 
147 171 203 203 205 205 217 233 233 233 
60 
122 
89 89 89 93 93 93 93 
111 
137 137 137 
3 5 8 8 25 25 35 35 35 35 42 42 53 53 53 65 65 65 93 99 153 153 160 160 173 176 176 203 203 220 220 220 220 228 228 238 238 251 251 251 
26 26 26 
113 113 177 177 204 
17 49 49 66 66 100 109 109 127 127 127 183 189 189 189 
228 228 228 228 228 
7 7 203 203 218 218 
108 115 115 115 253 
28 165 165 203 203 
16 78 78 78 
63 63 206 206 
5 5 5 121 
203 
57 65 65 78 78 78 78 81 111 111 154 176 176 176 201 201 201 241 
5 5 112 112 243 243 

127 240 240 240 
7 7 7 7 130 130 130 
5 20 166 209 209 
81 251 
84 109 127 127 194 198 229 
145 204 204 204 
5 142 142 142 203 234 254 
46 46 46 
58 58 129 129 152 


24 24 24 119 119 152 152 
26 26 26 62 87 
84 84 100 127 194 194 198 255 255 255 255 
1 1 1 153 
79 93 93 154 154 
94 94 
83 83 145 145 177 177 204 246 246 
5 5 5 12 227 227 227 
87 87 87 

26 136 
44 
107 107 152 152 
18 18 18 170 206 
55 55 55 91 
33 33 37 37 70 70 70 77 210 210 
5 5 5 5 5 161 
7 
7 7 7 42 
203 
54 84 84 84 96 100 100 109 187 187 187 189 216 229 
228 228 
104 104 
97 97 97 
71 228 
222 222 
5 5 227 227 227 
33 33 33 33 33 

117 
18 18 18 63 63 80 80 80 
4 14 14 18 32 32 32 
14 14 
21 21 
26 26 
102 102 102 
5 203 203 
200 200 240 240 
18 18 18 101 113 113 204 204 
14 14 69 69 152 223 
75 
45 153 153 

33 33 44 
42 42 42 153 153 228 
14 14 14 18 18 24 31 31 47 47 48 58 58 60 60 104 107 107 119 119 146 157 157 157 163 
1 2 21 21 25 45 81 81 110 148 148 151 151 179 228 228 228 
57 57 93 111 111 176 176 241 241 241 

74 199 
152 152 152 163 163 163 
1 1 164 
5 5 5 
81 81 
5 5 123 
238 
14 152 157 157 157 
158 232 232 232 
28 28 88 88 203 203 
20 20 98 

8 8 
33 33 33 37 37 
120 174 174 206 206 
75 205 
33 33 33 
81 176 176 
170 170 206 206 206 
30 30 30 196 196 196 
81 81 93 93 93 154 154 173 173 224 224 224 224 224 
83 83 113 113 204 
5 
21 21 153 

56 
9 9 30 30 30 
84 
228 228 
33 33 33 
18 18 69 
127 127 127 
44 
84 84 84 127 216 216 216 
60 236 
205 205 
23 23 206 
200 200 237 
100 109 109 
43 43 204 204 245 245 
5 26 30 30 175 175 175 239 239 239 
33 33 
100 109 
156 
144 144 193 193 229 229 240 
93 93 93 
63 
5 5 7 40 58 74 74 75 75 81 81 86 86 88 88 92 102 126 143 143 165 165 220 251 251 252 252 
83 101 101 101 113 145 145 177 195 195 
29 75 75 171 191 191 
18 60 90 90 120 170 170 174 174 174 192 250 
26 26 
14 
98 98 
122 122 

6 6 222 
20 20 253 
252 
228 
127 189 189 189 
75 233 233 233 
74 86 86 
33 33 44 
81 81 81 81 203 251 

6 33 33 44 44 44 132 132 212 
146 
176 176 176 176 176 

17 17 17 
5 56 56 56 114 114 114 133 133 133 
3 3 8 21 42 42 42 71 71 81 81 85 85 85 85 85 128 128 131 151 153 153 153 184 184 215 
100 127 200 200 240 240 

15 15 26 26 
1 164 164 164 
75 75 75 217 217 217 
5 102 254 254 
5 5 
0 0 60 60 190 
26 193 
5 55 81 81 162 
30 30 196 196 196 
96 96 96 144 144 200 229 229 
93 154 154 154 
63 
5 94 94 248 
5 5 
22 43 43 43 58 195 195 
113 113 
8 8 8 71 
243 
70 70 
206 
81 81 81 99 203 203 220 
203 203 214 
87 213 
102 234 234 
109 109 109 109 
