Nodes: 256, Edges: 380
236 
21 105 153 158 

238 
14 18 18 32 32 139 208 208 
12 12 26 38 38 46 68 94 94 108 108 117 133 133 142 142 143 159 178 178 178 196 196 196 207 227 227 234 238 243 254 
212 222 222 
41 41 86 86 97 97 124 130 130 203 203 203 218 
71 168 215 215 228 247 
182 
14 

5 5 
33 33 33 37 
4 10 18 32 47 138 139 146 163 163 163 180 
26 26 231 
78 
66 84 84 
4 4 14 51 51 51 60 60 90 90 90 137 186 192 192 192 
62 
98 
1 45 52 65 65 153 184 184 184 228 
245 
192 


5 15 15 33 44 62 67 67 72 87 108 108 117 169 196 231 231 237 

88 88 
205 205 
64 182 196 230 
152 152 
4 4 14 
13 13 13 26 44 46 77 134 150 150 197 222 222 
137 
81 
203 
13 122 169 185 
5 5 42 42 
134 134 
203 
7 7 
38 38 243 
195 245 245 
26 33 172 172 172 222 
21 148 153 
5 33 77 
14 
152 152 152 
84 
159 216 216 
18 18 18 202 
21 
81 81 
127 

227 
93 154 
214 245 245 252 

18 18 76 174 174 206 236 236 236 
138 206 206 
19 26 
90 137 202 202 242 
30 
21 21 
17 
26 26 
5 114 114 
146 146 223 223 223 
169 210 249 
8 131 228 
26 

156 203 203 
233 
60 191 236 
33 46 
16 89 93 95 95 

137 
35 53 53 160 173 251 251 

113 204 
17 17 49 100 109 127 194 194 

7 7 203 218 
26 115 237 237 
28 28 165 165 203 203 203 
78 
18 18 18 63 206 
238 238 
203 203 
57 78 111 201 201 224 241 241 
5 5 112 112 243 
78 78 
127 127 127 240 240 
7 7 130 130 130 
20 237 
251 
84 109 109 183 198 198 

203 

129 
1 
145 145 204 
152 
5 5 26 26 244 
84 100 100 127 198 
228 
93 
94 94 
83 145 177 204 246 246 
68 68 227 
87 
203 203 
5 26 
188 188 
137 152 
206 206 
238 238 238 
37 123 
122 161 161 196 
7 
251 
251 
54 84 96 96 96 109 187 187 189 229 

104 
7 7 97 97 97 
71 228 228 

5 5 227 
33 39 39 227 


18 34 63 80 119 202 
14 61 
4 14 

178 
5 5 159 159 
5 149 165 165 203 203 
240 
106 106 113 
14 69 69 
171 
45 153 153 
143 203 
33 33 
153 
31 31 48 48 48 107 119 157 163 163 223 
1 21 45 148 148 151 179 179 228 
57 241 
206 
74 203 
152 
1 
5 50 142 142 
81 
123 123 
238 
14 14 14 152 152 
232 232 232 
88 88 143 143 203 
209 

8 
26 37 70 
206 206 
147 205 
44 44 44 
81 
60 60 206 
196 

113 204 
5 5 5 141 248 248 248 248 
153 153 
14 
203 
9 30 196 
100 189 
21 21 21 228 
37 
18 
127 127 
118 118 
127 183 
236 
76 
18 18 18 23 
237 237 253 
84 84 255 255 255 
43 204 
5 5 5 26 30 123 175 182 239 239 
33 
100 100 109 

229 
93 93 
51 63 63 137 
7 7 7 36 40 74 74 86 88 88 88 92 92 102 116 116 143 143 149 156 165 181 220 220 
83 106 113 177 195 
29 29 171 
60 61 61 90 120 120 155 170 170 174 
5 
4 4 
166 
70 

6 

58 
8 8 
50 50 
233 
7 86 

203 203 

6 6 33 33 44 
69 69 69 152 
93 


5 5 56 114 133 134 
8 21 71 110 131 131 153 184 
127 200 240 
30 
15 26 26 
164 164 164 
75 217 
5 

0 60 60 60 76 190 
26 87 87 98 193 193 253 
3 5 91 91 121 121 121 162 
196 196 
96 96 144 229 
93 93 154 
63 
5 42 94 
108 
22 43 43 58 58 
113 113 
8 
178 178 178 178 
70 

81 81 99 125 126 
58 
193 237 
5 
194 194 194 
