Nodes: 256, Edges: 380
60 236 236 236 
21 153 158 158 164 
153 153 
153 153 
18 32 208 208 208 
38 50 68 68 94 94 98 103 114 123 142 143 159 178 178 196 203 207 234 234 238 238 244 254 
212 222 222 222 
74 86 86 97 97 124 203 203 218 218 226 
168 168 215 247 
182 

33 197 


47 47 138 138 139 139 146 146 146 152 180 
231 231 
93 

4 51 60 137 152 152 206 206 
62 62 
98 166 166 
1 45 52 65 65 140 140 153 153 153 228 

192 
152 152 

33 59 59 62 62 67 82 82 84 84 87 98 122 196 196 207 231 237 
153 
88 
205 205 
64 64 175 175 182 196 196 196 230 230 
157 
4 202 
11 26 37 73 77 77 150 172 172 211 219 219 
137 137 
81 81 
203 203 
33 169 169 169 
5 
134 
203 

243 
195 
59 59 150 172 172 222 222 
21 148 153 

14 14 152 152 
58 152 
84 84 
5 123 159 
18 63 202 202 202 
21 
81 
127 
238 238 
227 227 227 
79 93 154 
48 104 214 245 
26 26 44 44 
0 18 206 236 
90 206 
19 19 26 26 
51 90 90 137 137 202 242 242 
30 30 
21 21 224 

26 
5 5 114 114 
146 223 223 
122 249 249 249 
131 131 

33 
7 156 203 203 
217 233 
191 223 223 
33 33 134 210 
89 89 93 93 93 95 95 95 
57 

35 35 53 
26 26 
204 
26 26 49 49 100 127 194 194 
228 228 
7 7 203 218 
26 115 237 237 253 
28 
78 78 
61 63 63 242 
121 238 238 
203 
16 57 78 78 78 111 111 154 176 201 224 
5 5 112 112 112 
78 78 78 
127 144 229 240 240 
7 7 130 130 
5 20 26 166 209 209 213 237 237 
251 
84 109 109 194 198 

234 234 
5 221 
58 

145 145 204 
119 119 152 

100 100 127 183 183 198 198 
228 
93 93 
94 94 94 
204 204 204 246 
5 68 68 227 
87 
203 203 

188 
107 107 
170 
91 238 238 238 
26 70 123 123 210 
5 50 122 122 161 161 196 
7 

251 251 
54 84 96 109 187 
228 228 

97 97 
71 71 228 

227 
39 77 
175 175 

18 34 34 63 63 202 202 202 
14 14 
14 14 
21 21 

5 
5 
96 
106 106 204 
14 14 14 69 
171 
45 153 153 
203 203 
33 44 
153 
14 18 18 24 24 47 47 48 107 223 
1 2 2 3 3 21 21 21 27 45 148 148 151 228 
57 93 241 241 

74 199 203 203 
31 
1 1 164 
5 50 

123 123 
238 

1 158 232 
203 
20 20 98 209 209 
173 173 
8 8 
37 37 37 
120 206 
147 
33 33 44 44 
167 167 176 
206 
30 30 135 135 
93 173 

5 5 248 248 248 

14 

9 30 196 
109 109 
228 


127 
118 
196 196 196 

76 205 
23 
237 253 253 
84 84 100 255 
43 204 245 245 245 
5 26 26 30 30 30 123 182 189 189 189 239 
11 
100 109 109 
156 
229 
93 
32 51 51 51 63 137 137 137 
5 7 7 36 36 40 74 74 86 92 116 116 149 149 156 156 165 220 251 251 
83 106 113 113 113 145 195 245 245 
29 29 191 
18 18 60 61 170 174 250 
5 26 
4 4 4 
98 98 166 166 
77 122 
33 
6 
98 
58 
8 

75 233 233 
7 7 86 
33 33 
203 251 
103 
6 6 6 44 44 
69 69 76 76 152 
65 93 

7 
56 56 56 114 133 
21 85 85 110 128 128 131 153 184 
96 200 
30 30 
15 15 26 
164 
75 217 217 
5 5 102 102 

0 0 0 60 
26 87 87 98 98 193 253 253 
5 5 55 55 91 91 121 121 121 162 
196 
96 96 
154 154 
63 63 90 
42 
5 
58 195 195 195 204 204 
113 
8 
178 178 178 
70 70 70 
206 
99 126 126 203 203 220 

87 193 193 237 237 
5 
194 
