Nodes: 256, Edges: 380
60 236 236 
21 21 21 153 158 158 


14 14 32 139 139 208 208 
12 12 26 38 46 50 68 94 94 98 98 102 102 114 133 136 142 159 159 178 196 203 221 235 238 243 243 244 254 
222 
41 86 97 124 124 203 203 218 226 
71 215 228 247 

14 
33 33 
5 5 227 227 
33 33 
4 4 10 18 18 47 51 107 146 152 163 
26 26 231 
78 93 93 93 

14 14 51 51 60 90 90 152 186 186 192 
62 62 
98 98 166 
1 1 1 140 140 153 153 184 184 228 228 232 
245 245 

152 

5 15 15 44 62 82 82 98 108 117 122 122 141 185 207 237 
153 
165 165 
205 205 
64 64 175 182 196 230 
152 
4 
11 11 13 13 37 44 73 77 77 150 172 211 219 219 222 

53 81 81 81 
203 203 203 
33 122 
5 
134 
187 187 203 
7 
243 
245 245 
26 33 59 150 150 188 
153 
5 
14 107 152 152 
58 58 

5 123 159 216 216 
14 18 18 63 202 202 

35 81 

121 238 
227 
93 154 154 
48 48 104 104 214 245 245 245 
44 
0 18 76 76 152 152 174 174 236 236 
138 206 
19 19 26 
51 137 
30 30 



5 114 
146 223 223 223 
122 210 249 249 249 
8 131 247 

33 
156 203 203 
171 217 233 
60 60 191 223 236 
33 33 134 210 
16 93 95 
111 111 
137 137 
35 35 35 53 148 173 251 
26 26 
113 
100 100 109 109 183 189 194 194 
228 
7 203 203 218 
115 237 253 
203 203 

18 18 206 242 
238 
203 203 
16 16 16 57 78 111 154 176 176 
5 5 112 112 243 
78 
127 144 144 229 229 240 240 
7 130 130 
5 5 20 20 26 122 166 166 209 213 213 237 
251 
84 84 109 183 198 198 

5 5 234 
221 
58 58 152 152 

145 145 204 204 
14 47 119 119 152 
26 244 
84 84 100 183 198 
228 228 
79 79 93 
94 94 
83 145 177 177 204 246 
5 68 
87 

26 
188 
107 107 152 
170 
55 238 238 
26 26 37 70 98 123 210 210 
50 122 161 161 
7 7 
251 251 
251 251 
96 189 189 189 229 


97 97 
71 228 228 228 
222 
5 
39 77 227 
175 
5 
63 80 80 202 202 
61 
4 4 
21 21 
26 
5 159 

96 96 240 
106 106 113 204 
14 69 

81 153 
203 
33 44 44 
153 228 
14 18 24 31 47 47 60 60 104 104 107 119 157 223 
1 21 21 27 45 148 151 179 179 
57 57 93 241 241 
206 
74 199 203 
152 
1 1 164 
5 5 50 142 
251 
123 123 

14 
158 
28 28 203 203 203 
20 98 98 209 209 



120 174 206 206 206 
75 205 205 
33 
81 
60 60 170 
30 135 196 196 
93 93 
113 113 
5 248 248 
153 153 


30 196 
84 100 109 189 
21 21 
26 
18 18 
40 40 
44 118 
84 127 127 127 183 

76 
18 
237 253 
84 84 255 255 255 
245 245 
5 30 175 175 182 

100 100 109 
156 
229 

51 51 137 137 
5 7 7 36 36 36 40 74 74 86 86 88 88 92 92 149 156 165 165 165 220 252 
106 106 113 145 245 
29 29 171 171 
61 90 155 170 170 170 250 250 
26 
4 4 
98 166 166 
70 77 122 122 
33 
222 
98 98 
58 
8 
50 50 
75 233 
7 86 
33 33 
203 
5 103 
6 33 132 212 
69 69 69 76 152 


7 
12 12 56 134 
8 21 21 85 110 110 131 131 131 151 
96 96 127 200 
30 
15 
21 
75 217 
102 
5 
0 0 60 60 76 
26 87 98 193 253 
5 55 91 121 121 

96 96 144 
154 154 
90 
5 5 42 94 
5 108 
22 22 43 43 58 58 58 195 195 204 
113 
8 71 
178 178 
70 70 70 
206 206 
81 99 125 125 126 126 160 
203 
87 193 237 
5 
194 194 194 
