Nodes: 256, Edges: 380
60 236 
164 164 

153 
14 18 18 139 139 139 
12 12 26 38 38 42 50 68 68 94 94 98 102 103 114 114 114 117 117 123 133 133 136 142 142 143 143 159 178 178 178 196 203 238 243 243 254 
222 222 
41 41 74 86 86 97 97 124 203 203 218 
71 71 168 215 215 228 228 
182 
14 14 

5 5 
37 37 
4 10 10 18 18 18 51 107 138 138 139 146 146 180 180 208 
26 231 
78 78 89 89 93 
84 
4 4 14 14 14 51 60 60 60 137 152 152 192 192 
62 
98 98 98 166 
52 65 140 140 140 153 184 184 
245 

152 
148 148 148 153 
5 15 44 59 59 67 72 82 84 87 87 98 108 122 141 231 237 237 

165 165 
205 205 
64 64 175 196 196 196 230 230 
152 
202 
37 44 44 150 150 172 172 219 222 

53 53 81 
203 203 203 
13 13 33 122 
5 5 
134 134 134 
187 203 
7 7 
5 
195 245 
26 33 33 59 172 172 222 
148 

152 152 
58 58 

5 123 159 216 216 
14 18 202 202 202 
21 
35 35 81 81 

238 238 
227 
93 93 154 
48 48 104 214 245 
26 26 44 
0 18 18 18 120 174 174 236 
206 
19 
90 90 137 242 242 242 
30 30 
21 224 

26 
5 5 114 114 114 
223 223 
122 249 
8 8 131 131 228 
26 

7 203 203 
217 217 217 233 
191 191 223 223 236 
134 210 210 210 210 
16 16 89 89 95 
111 111 
137 
35 53 53 93 162 176 176 
26 
113 204 
17 26 109 189 194 194 
228 
7 7 
26 26 115 237 
203 203 
16 16 78 78 
63 63 242 
121 121 238 
203 203 
16 57 57 81 154 176 201 
5 5 112 112 112 243 243 
78 
127 144 229 229 
7 7 
5 20 20 20 26 166 209 213 237 237 
251 
109 109 109 194 194 

5 234 234 
5 221 
58 129 129 

204 
14 152 
26 
84 100 100 100 198 

79 79 
94 94 94 
83 145 145 177 246 246 
5 5 5 68 68 68 
87 
203 
5 5 
188 
137 
60 206 206 206 
91 91 238 238 238 
26 37 70 123 
5 50 122 161 196 
7 
251 
251 251 
96 189 189 229 

104 104 

71 71 228 

5 5 
39 39 39 77 227 227 227 227 227 
175 175 
5 
18 63 80 119 
14 14 
4 4 4 14 
21 21 21 
26 
5 5 159 
5 5 
96 
113 113 
14 14 152 152 

25 25 25 45 153 

33 33 
153 
18 18 24 31 47 47 107 146 146 157 157 157 163 
3 21 25 148 151 228 
57 93 241 
206 206 
199 203 203 
152 152 152 
164 
5 50 142 

123 
81 
152 
1 1 158 232 
28 28 203 
20 98 209 
173 
8 

206 
205 
33 33 44 44 
167 176 176 
60 60 206 
30 135 135 196 196 
81 81 93 173 173 
113 204 204 
5 5 5 248 

14 14 

9 196 196 

21 21 


40 
118 
84 127 127 196 
236 236 
76 76 
18 18 
237 253 
84 84 100 100 
43 204 
5 30 30 30 123 175 175 182 182 189 239 239 

109 
156 

93 
32 51 51 51 
5 7 7 36 36 36 40 74 74 88 88 92 92 116 156 156 165 
83 106 177 177 195 245 245 
29 29 171 
61 120 120 120 155 155 170 174 250 

14 
98 166 
77 77 77 77 

222 222 
98 
58 
8 8 
50 50 
75 75 75 233 
7 
33 
251 251 
103 
6 6 33 44 212 212 
69 69 76 76 
65 


56 134 134 134 134 134 
8 8 71 85 131 153 
96 96 127 
30 30 
15 26 
164 
75 217 
102 102 

0 60 76 190 190 
26 26 87 98 98 193 253 
5 55 55 91 121 121 121 
196 196 

154 
63 63 63 90 
5 5 94 94 

22 43 58 204 204 251 
113 113 

178 
70 
206 
99 125 126 126 220 220 245 

193 237 
5 

