Nodes: 256, Edges: 380
60 236 236 
21 105 158 164 
153 153 
81 153 
14 14 18 18 18 139 139 208 208 
42 68 94 98 98 102 103 114 117 123 133 136 142 143 143 181 196 196 196 203 203 221 227 234 234 235 238 238 244 

41 74 130 203 203 203 218 218 
71 81 168 215 215 
182 
14 14 51 

227 

4 4 10 10 18 32 107 138 138 138 139 146 146 152 208 
26 26 231 
78 78 89 93 
84 84 
4 4 4 14 51 51 60 90 90 186 

98 98 98 166 166 
1 52 65 65 65 65 140 140 153 

192 
225 
148 148 153 
15 15 44 59 59 59 62 67 67 82 84 87 87 87 98 98 108 117 122 122 141 169 207 231 237 
153 
165 
205 
64 175 182 182 196 230 
152 152 
14 202 
77 134 172 211 219 
137 137 
53 81 
203 
122 169 

134 134 
187 187 187 
7 
5 243 243 
195 195 
26 59 188 222 


107 152 
152 
84 84 84 
159 216 216 216 
10 18 18 
21 
35 81 
127 
238 
94 227 
79 93 
203 214 214 
26 26 26 44 
0 18 76 152 152 174 174 206 
206 206 
26 
90 202 
30 
21 21 21 21 

26 26 108 
5 
223 223 
122 122 210 249 
8 228 247 


7 203 
171 203 205 217 
60 191 223 223 223 236 
33 
16 16 93 93 
57 

3 8 35 53 93 148 148 153 162 173 173 173 228 228 
26 
204 
17 17 26 49 49 49 127 194 194 194 194 
228 228 
203 203 
26 26 26 115 237 237 253 
203 203 203 203 
16 
18 18 63 206 242 242 
121 238 238 
203 203 
16 57 78 78 81 111 176 201 224 241 
5 56 112 112 

127 127 144 229 229 229 240 
130 
5 5 20 20 20 26 26 209 213 213 213 
251 
109 109 183 198 
106 
5 234 
5 

1 
101 145 145 
14 47 119 
26 67 244 244 244 
100 100 127 183 198 
228 228 228 228 
93 
94 94 
145 246 246 
5 
87 
203 
5 26 

107 152 152 
170 206 206 
91 238 
26 26 37 70 70 123 
5 122 161 161 196 


203 
54 84 96 96 109 
228 

7 97 
228 228 
222 
5 227 
33 39 39 227 

5 
34 34 202 
14 14 14 
4 4 14 
21 21 
26 
5 
5 5 151 151 203 
96 
106 106 113 204 
14 14 152 
171 
25 25 81 81 
203 203 203 

143 143 
14 31 31 47 48 60 60 119 119 146 157 163 
2 2 3 21 25 27 81 179 179 228 
176 241 
206 
199 199 199 
152 
1 164 
50 
251 
123 123 
81 
152 
1 158 232 232 232 
28 203 
20 20 209 209 209 

8 
26 37 
120 174 174 206 
75 147 205 
33 
81 81 81 
60 60 170 170 206 
30 196 
93 154 
204 
248 
153 153 

5 
9 30 30 196 
100 109 


18 
40 40 40 
44 

236 
76 
23 
237 253 
84 84 84 84 255 255 255 
43 43 204 204 204 245 
5 5 5 30 123 175 182 239 

100 109 
156 156 156 

93 
32 63 137 
5 5 7 7 7 36 58 74 75 86 86 88 88 88 88 92 92 116 126 143 149 149 149 165 220 220 251 251 252 
83 145 177 195 195 195 245 245 
29 75 171 
60 61 61 90 120 120 155 170 174 250 
26 
4 4 14 
98 166 166 166 
70 
33 
222 
98 98 98 
58 58 
8 8 
50 50 50 
75 233 
7 7 
33 
203 203 
5 
44 132 212 
69 69 76 76 76 
93 
24 

5 12 56 133 134 
71 81 81 85 85 110 110 110 110 128 131 131 153 
96 96 96 240 
30 
15 26 
164 164 164 
217 
5 5 102 
5 
0 0 76 190 
26 87 87 193 253 253 
5 5 55 91 91 121 
196 
96 229 
93 154 
90 90 
42 42 
5 108 108 108 
195 204 204 
113 113 
71 
178 
70 
206 
99 160 203 203 
203 
87 193 237 237 

194 194 194 
