Nodes: 256, Edges: 380
60 236 
21 105 105 105 153 158 158 164 164 
153 153 

14 14 14 18 32 139 139 139 208 208 
12 12 26 26 38 42 42 46 50 50 81 94 98 98 103 108 108 114 114 117 142 142 159 178 178 196 203 221 227 227 227 234 235 238 243 254 254 
212 
41 41 86 130 203 203 
71 168 215 215 228 
182 
14 
33 33 197 
5 5 227 
33 
4 4 4 10 47 51 107 138 138 139 146 152 
231 
93 
66 84 84 
4 51 60 90 90 186 186 192 206 206 
62 
98 166 
1 65 140 140 153 184 184 
245 
192 192 
152 225 
81 81 
5 5 33 59 67 72 72 82 87 98 98 108 141 185 237 237 

88 165 

64 175 182 182 196 196 196 196 230 230 
152 152 
4 202 
11 11 13 26 44 73 73 150 172 197 211 222 
137 137 137 
53 81 81 
203 203 

5 
134 
203 
7 7 
5 5 
195 
33 59 59 150 172 188 222 

5 
14 

84 
5 5 123 123 159 159 159 216 216 
14 18 191 202 202 

35 81 
127 
121 121 238 238 
94 227 227 
93 154 
214 245 245 245 
26 44 44 
0 18 76 152 174 206 206 

19 
90 137 202 
30 
21 224 
17 
26 

146 146 223 223 
210 249 
8 131 247 
26 26 
33 33 
203 203 
217 233 
60 191 223 223 236 
134 210 210 
93 95 95 95 
111 
137 
5 25 25 35 35 53 160 160 176 176 176 251 251 
26 
113 113 204 
17 17 49 100 109 127 183 189 189 194 
228 228 228 
7 218 
26 115 115 237 253 253 
28 165 203 

18 18 63 206 242 242 
121 121 238 
203 203 
16 57 78 111 154 224 224 241 241 
5 56 112 112 
78 78 78 
127 127 240 240 

5 5 20 26 26 166 213 213 213 237 
251 
84 109 198 

234 
5 221 

1 1 1 
145 
14 119 
5 5 26 244 244 
84 100 183 
228 228 
79 93 
94 94 
83 83 177 246 246 
5 5 227 
87 87 
203 203 
5 
188 
107 137 152 152 
206 
55 55 91 91 238 238 
210 210 
50 50 161 161 161 196 


251 
54 84 96 96 187 187 189 216 229 229 


7 
71 228 

227 
39 77 227 227 
175 

34 34 34 63 80 119 202 
14 14 
4 4 4 14 
21 21 
26 
5 5 159 
203 
240 
106 204 204 
14 69 69 152 


203 203 
33 44 

14 24 31 31 60 119 119 146 157 157 163 223 
1 2 2 21 179 
57 93 

199 203 203 203 
152 152 
1 1 
5 50 50 50 142 
81 81 
123 123 123 

152 
1 1 232 
28 88 203 203 
20 98 209 
173 173 
8 

206 206 
205 205 
33 44 
167 167 
60 206 
30 135 
81 81 81 
113 
5 5 248 248 248 248 
153 

203 
9 30 30 196 196 
84 109 
21 21 
26 
18 18 
127 127 
44 118 
84 84 127 196 

51 76 205 
18 23 23 
237 253 
84 
43 245 
5 30 30 30 30 123 182 182 189 239 
11 33 
100 
156 
229 229 

32 51 51 63 137 
5 7 7 36 36 40 74 74 88 92 92 116 116 143 149 149 156 156 156 165 165 181 
83 145 145 245 
171 171 191 
18 18 60 60 90 120 170 170 174 250 

4 4 
166 
70 77 77 122 122 
33 
6 222 222 
98 98 98 
58 
8 8 
50 50 127 
75 233 
86 

251 
5 103 
33 44 212 212 
69 69 76 76 152 
65 93 93 
24 

5 5 5 12 56 56 114 133 134 134 
8 85 85 85 110 110 131 
127 127 200 200 240 
30 30 
15 
164 
75 217 
5 102 
5 
0 76 
26 26 87 98 193 253 253 
5 55 55 91 121 121 
196 
96 96 144 229 
93 93 
90 90 
5 
108 108 
22 58 58 58 195 204 
113 113 
71 
178 178 178 178 
70 
206 
81 81 99 126 220 

87 87 193 237 237 
5 5 

