Nodes: 256, Edges: 380
236 
105 153 153 158 
153 153 153 
153 153 153 
18 139 139 208 
12 26 38 42 46 50 68 81 98 98 108 108 114 117 117 123 123 123 133 142 143 178 221 221 234 235 235 238 
222 
41 74 74 86 86 97 130 130 130 203 203 203 218 226 
71 81 168 228 228 247 

14 51 
33 
5 
37 
10 18 47 138 138 163 163 180 208 208 
231 
78 78 78 93 93 

4 14 60 60 90 137 152 152 192 

98 98 
45 52 65 65 140 

192 192 192 
152 152 152 225 
81 148 
5 33 33 44 59 62 62 72 72 108 108 122 122 141 169 185 207 207 237 
153 
88 165 165 
205 205 
64 175 182 230 
152 
202 
11 26 26 37 37 44 73 73 77 77 219 222 
137 
53 81 
203 
13 33 33 122 169 
5 42 
134 134 
187 
7 
5 38 125 162 243 
195 195 
26 33 59 59 59 150 150 172 188 188 
21 153 
5 77 
14 107 


5 123 159 159 159 
10 202 202 202 
21 
35 81 81 
127 127 

94 227 
154 
203 214 214 245 245 
26 44 44 44 
18 18 76 152 152 174 206 
138 206 
26 26 
90 90 
30 
21 21 81 81 

108 
5 114 114 
146 223 
122 122 169 210 249 
8 228 228 
26 26 
33 33 
7 7 156 
205 205 217 233 
60 191 223 236 236 
33 33 46 134 210 210 210 
16 16 16 89 89 93 95 95 95 

137 137 
5 8 25 35 53 53 65 65 93 93 148 148 148 153 153 153 160 160 173 173 228 228 251 251 

113 204 
100 100 194 194 
228 228 228 
7 7 
115 237 
28 
78 78 
18 63 63 242 
121 238 
203 203 
16 16 78 81 81 111 154 201 241 
56 112 112 112 243 243 
78 78 78 
144 144 240 240 
7 130 
5 5 20 20 122 166 237 
251 
84 84 109 109 183 194 198 



129 152 
1 

47 119 152 
5 5 26 26 67 244 244 244 
100 100 127 183 
228 
93 
94 94 94 
83 145 204 204 246 246 
5 68 68 
87 

5 5 

107 152 
170 206 
91 238 238 
26 26 37 70 70 98 123 123 
5 5 5 50 122 122 161 

42 251 
251 251 
54 54 109 187 189 216 229 

104 
7 7 7 97 
228 228 
222 
5 227 
39 39 77 
175 

18 34 80 80 
14 14 61 
4 4 
21 
26 
5 159 159 
5 149 151 165 165 203 
96 96 240 
113 204 
69 

25 81 81 81 
143 203 
44 44 
143 228 
18 18 24 24 24 31 60 60 104 107 119 157 
1 1 2 2 2 3 3 3 27 45 81 81 81 179 228 
57 93 241 

74 203 
152 
1 
50 50 50 142 142 
81 81 251 
123 
42 238 
14 14 
232 
28 28 143 143 203 
98 209 
173 173 173 
8 
26 37 70 
120 174 
205 205 
44 
81 81 167 167 167 
60 170 206 206 
30 135 

204 204 
5 248 
153 
14 
203 
30 196 196 
100 109 

26 

40 127 
44 44 
127 196 
236 
76 205 
18 23 23 23 
253 253 
84 84 100 255 255 255 
43 43 
182 182 189 

100 

229 
93 
32 51 51 51 
7 7 7 36 58 92 92 143 149 156 165 181 220 220 252 252 252 
83 113 113 145 177 177 245 
29 29 75 75 171 171 191 
60 61 120 174 174 250 
26 26 
4 14 14 
166 
70 77 77 77 

222 

58 58 

127 
75 233 233 
7 
33 
203 203 
5 5 
6 33 132 212 
69 76 

24 
7 
56 133 
8 8 71 71 81 81 85 85 85 110 131 131 151 153 
127 200 
30 
15 
164 
75 217 217 
5 
5 5 
0 76 76 190 
26 87 98 253 253 
5 91 121 121 162 

96 96 144 
93 154 
90 
42 94 94 
108 108 108 
58 58 204 
113 113 
8 
178 
70 
206 
81 81 99 125 126 126 160 
203 203 203 
193 193 237 237 

194 194 194 
