Nodes: 256, Edges: 380
60 
21 21 105 153 164 


14 14 32 139 139 139 208 
12 12 12 26 26 38 42 46 50 50 68 81 94 102 103 108 114 123 133 136 142 142 159 203 221 234 235 238 243 254 
212 222 
86 124 130 218 218 226 
71 71 168 168 215 228 228 
182 

33 
5 5 5 227 
37 37 
4 4 32 51 138 138 139 146 146 152 163 
26 231 
78 89 93 
66 84 
51 60 60 90 137 152 186 206 206 
62 62 
98 166 166 
1 1 45 45 45 52 52 65 65 140 184 184 184 

192 
152 225 
81 81 
5 5 15 33 33 44 59 59 67 82 84 87 98 108 108 117 141 185 231 231 237 
153 
88 88 88 165 
205 205 205 
64 64 175 182 230 230 
157 
4 14 202 
11 26 26 73 73 134 172 211 222 
137 
81 81 81 
203 
13 13 185 
5 42 
134 
203 203 

5 38 243 243 
245 245 
26 150 150 188 222 
21 21 21 
5 77 
107 
58 

5 5 123 
14 18 202 
21 21 
81 81 
127 127 127 216 
121 
94 227 227 
93 93 154 
48 214 214 252 
26 26 
0 18 18 76 76 174 
138 206 
19 19 
137 242 242 
30 30 
21 21 
17 
26 
5 
146 223 
122 122 210 210 
8 8 228 

33 33 
203 203 
171 205 217 233 233 
60 60 
46 210 
16 93 93 95 95 
111 

5 25 25 35 35 35 53 53 148 148 160 160 160 162 228 228 251 251 
26 
113 204 
17 26 127 
228 228 
7 203 203 218 
26 115 115 237 253 
28 28 28 
16 
18 154 206 242 242 
121 121 
203 
16 57 57 78 78 111 154 171 176 201 224 224 241 241 
5 56 112 243 
78 78 
127 127 127 144 229 240 
130 130 
20 26 166 166 209 209 209 213 237 237 
251 251 
183 194 198 

5 203 203 234 
5 221 
129 
1 
145 145 204 
47 119 152 152 
5 26 26 244 244 244 244 
127 198 
228 228 
79 93 
94 
83 145 145 204 246 
5 227 
87 87 
203 
26 
188 
107 137 152 152 152 
170 170 206 206 206 
55 91 91 238 238 238 
70 70 123 123 123 210 
5 50 122 122 122 161 161 196 196 
7 


54 54 54 84 96 96 96 109 187 187 189 216 216 229 229 
228 
104 
7 97 97 

222 222 
5 227 
33 39 227 

5 
18 34 63 119 
14 14 61 
4 4 4 14 
21 
26 178 
5 5 
149 151 151 151 165 165 
96 
106 106 113 113 
14 14 69 

81 81 
143 
44 44 
143 143 143 
14 18 24 107 107 119 119 119 157 163 
1 27 179 
57 90 93 
206 
199 203 203 
31 152 
164 164 164 
5 
81 81 81 
123 123 
81 
14 152 
1 158 158 158 232 
28 143 143 
20 20 98 98 209 209 
173 
8 8 

120 120 206 
75 93 
33 
167 176 
60 206 
30 196 196 
93 173 
204 204 
141 248 248 
153 


9 30 196 
100 
21 21 21 
26 37 
18 
127 127 
44 118 
127 


23 
253 
100 255 255 255 
204 204 245 
123 123 175 175 182 

100 109 
156 

93 
32 51 
5 36 40 40 74 74 86 86 92 102 102 116 156 156 
83 106 113 177 177 195 195 245 245 
29 29 29 75 
18 18 61 90 120 120 120 155 170 174 250 

4 
98 98 98 166 166 
70 70 77 122 
33 
6 222 
98 
58 58 
8 
54 127 127 
75 233 233 
7 7 86 


5 103 
6 33 44 132 132 212 
69 
93 93 
24 
7 
12 56 56 114 133 134 
8 8 71 81 81 85 85 110 110 128 
96 127 127 240 
30 30 
15 26 26 
164 
75 75 217 217 
5 102 
5 

26 87 98 98 
5 121 121 121 

96 229 
93 93 
63 63 90 90 
5 42 42 94 
108 108 108 108 
43 43 195 204 204 
113 

178 178 

206 
81 81 99 99 
58 
87 193 
5 
194 194 194 
