Nodes: 256, Edges: 380
60 60 236 
21 21 105 158 164 


14 14 18 18 18 32 139 208 208 
12 12 26 26 26 38 42 46 46 46 50 50 81 98 102 108 114 133 133 136 142 142 143 159 159 178 178 196 227 234 234 234 244 
212 
41 74 86 97 124 130 130 203 203 203 218 
168 215 215 228 228 247 247 
182 182 
51 
33 33 
5 5 227 
33 33 
4 4 18 47 51 139 146 152 163 180 208 208 
231 
78 
84 
4 4 4 14 51 51 90 152 192 206 

98 166 
1 1 65 184 

192 
152 
148 
5 5 5 33 44 44 62 62 67 72 82 98 108 117 141 141 169 207 

88 88 165 

64 175 182 182 196 196 196 196 230 
157 
4 
11 11 13 13 26 44 44 73 73 73 77 77 172 222 222 

53 81 81 
203 203 
122 122 169 
5 42 
134 

7 
5 38 81 125 243 

26 26 33 33 59 172 172 188 188 222 
153 
5 5 5 
14 152 152 

84 
5 5 159 159 159 216 216 216 
10 14 18 18 202 

35 81 81 
127 
238 
94 
93 
203 214 245 
44 
0 0 120 206 236 
138 
26 26 
90 202 242 
30 
21 

26 
114 
223 223 
122 169 210 249 249 
228 
26 
33 33 33 
7 156 156 203 203 203 
171 205 217 233 233 
191 191 223 223 
33 33 
16 89 93 95 95 95 
111 111 
137 
5 35 35 42 53 53 93 93 162 176 203 203 238 238 251 251 
26 
113 113 204 204 
17 49 109 127 189 194 194 
228 228 
7 203 218 218 
115 115 115 
28 28 165 203 
78 
18 63 206 206 242 
121 238 238 

57 78 81 81 176 176 176 201 241 241 
56 112 112 243 
78 78 78 
127 144 144 240 
7 130 
5 20 26 122 166 166 209 209 213 213 
251 


5 203 203 234 

129 
1 
204 
152 
5 26 
84 127 183 183 198 198 
228 
79 79 
94 94 
83 83 177 204 246 246 
5 68 
87 87 87 

26 

152 
60 206 206 
91 238 238 238 238 
37 37 70 98 123 123 
122 122 161 196 
7 
42 251 
251 
54 84 96 109 187 189 229 229 
228 
104 
7 7 97 
228 228 
222 222 222 
5 5 227 227 227 
39 227 227 
175 
5 
80 
61 
4 14 

26 26 
5 5 159 
5 151 165 203 
96 96 240 240 

14 152 

25 
203 203 

143 
14 18 24 47 47 107 119 146 157 157 163 
45 179 228 
176 
206 206 
74 74 203 
31 152 152 
1 
5 5 50 50 50 142 
251 251 
123 
81 
14 152 
1 232 
28 88 143 203 
20 98 98 209 

8 
26 37 70 
174 174 206 
75 205 
33 44 44 
176 
170 170 206 
30 135 196 196 196 
81 93 93 93 154 173 
113 204 204 
5 5 248 248 
153 
14 
203 
9 9 30 30 196 
109 109 
21 


127 
44 44 
84 127 196 

76 76 
18 23 
237 237 253 
84 84 255 255 
204 204 
5 30 30 30 30 123 175 175 175 182 189 239 239 

109 109 

229 
93 
51 63 
7 7 7 36 36 58 74 74 74 81 81 86 88 102 102 143 149 149 156 165 181 220 220 252 252 
83 83 106 113 177 177 195 195 245 
75 171 
18 60 90 90 120 120 155 155 170 174 250 250 
26 
4 4 14 14 
98 98 166 
70 

6 222 
98 98 
58 
8 8 
50 50 50 
75 233 
7 86 86 

203 203 251 

33 33 44 132 132 132 212 
69 69 76 76 



5 12 133 133 133 134 134 
8 8 71 85 85 110 128 131 131 153 
127 127 200 
30 
15 
164 
75 75 217 
5 5 5 102 

0 60 
193 193 253 
55 81 81 91 91 121 121 121 121 
196 196 
96 144 144 
93 93 
63 90 
42 94 
5 
58 204 
113 113 
8 8 
178 178 
70 70 
206 206 
81 81 99 125 126 160 160 220 
203 203 
193 237 

194 194 
