Nodes: 256, Edges: 380
236 236 
21 105 164 
153 153 
81 
14 18 18 32 139 139 208 
12 12 26 26 42 46 81 98 102 103 103 114 117 123 123 133 136 136 142 178 181 196 196 221 227 234 235 235 238 243 244 254 254 

41 74 74 86 86 97 97 124 130 203 203 218 218 218 
71 71 71 81 215 247 247 
182 182 
14 
33 33 
5 5 
37 
4 10 18 51 138 138 139 146 163 208 
26 26 231 
93 93 

4 4 14 51 90 152 152 186 186 192 
62 62 

1 52 65 140 184 
245 
192 192 
152 152 

5 5 15 15 33 44 59 62 67 72 98 122 185 207 231 231 237 
153 
165 165 

64 64 175 182 182 182 196 196 230 
152 152 157 157 
4 202 
11 11 26 37 44 73 73 73 77 77 134 150 150 172 197 197 211 222 222 
137 137 
53 81 
203 203 
13 33 122 169 185 

134 134 
187 187 
7 
5 243 243 243 
245 
26 33 150 188 222 

5 77 

152 152 

108 112 159 216 
14 18 202 
21 
35 81 
127 
121 238 238 
94 227 
93 154 154 
203 
26 
152 206 236 236 

19 19 26 
137 137 202 202 
30 30 
21 

26 
114 114 114 
146 146 223 223 223 
122 169 210 249 
8 8 8 131 228 
26 
33 33 33 
7 7 203 203 
171 205 217 217 233 233 
191 191 223 223 
33 33 46 
89 89 93 95 95 


3 5 8 35 53 148 148 148 148 153 153 160 162 173 228 228 228 251 


100 109 109 127 183 
228 228 
7 7 203 218 
115 237 237 
203 
78 78 
18 154 242 
238 
203 203 203 
16 16 57 78 171 176 201 224 
56 112 243 
78 78 
127 229 229 240 
7 7 
5 26 209 213 213 

84 109 109 109 194 198 198 198 

5 203 
5 5 221 
129 152 
1 

119 152 152 
50 
84 84 100 100 100 127 183 183 
228 228 

50 94 
145 177 204 
5 68 68 68 227 
87 
203 
5 
188 
107 137 152 152 

55 238 
26 37 70 123 123 
5 5 122 122 161 161 161 
7 
251 251 251 251 
251 
54 84 96 109 187 189 229 
228 
104 
7 
71 
222 222 222 
5 
33 39 39 
175 175 
5 5 
34 34 63 63 119 202 202 
14 14 
4 4 14 
21 

5 159 
203 

113 204 
14 69 69 152 152 

81 81 81 81 
203 203 
33 33 44 

18 18 24 24 31 31 48 48 60 104 107 107 119 119 146 146 157 163 163 
2 2 27 81 81 179 179 
57 57 90 176 241 
206 206 206 
203 
31 31 152 
164 164 164 
50 142 
81 251 
123 123 123 
81 
14 152 152 
1 158 158 158 232 
28 28 203 203 
209 209 


37 70 
206 
75 93 205 
33 
81 
206 
30 135 135 196 
93 154 
113 
5 248 248 248 
153 153 

5 
9 9 30 30 30 196 196 
84 109 109 
21 
26 37 
18 18 
40 40 127 
44 118 
127 196 196 

76 76 
18 23 23 
237 253 253 
100 255 255 

5 5 30 30 175 182 182 189 189 239 
33 33 
100 100 100 

229 229 
93 
32 51 63 63 137 137 
7 7 36 36 58 74 74 86 88 92 92 92 102 116 143 149 149 156 165 165 220 220 
113 145 
75 171 
60 155 155 155 170 174 250 250 
26 
4 14 
98 166 166 
70 
33 
222 
98 98 

8 
50 
75 75 233 233 
7 7 7 86 

203 203 
5 103 
33 33 44 132 132 132 212 
69 69 69 76 76 
93 


5 56 114 
71 81 81 81 85 85 110 110 128 
96 96 127 200 200 240 
30 
15 26 26 
164 
75 75 217 217 
5 
5 5 
0 0 60 60 
26 87 87 193 253 
5 55 55 91 121 
196 
96 229 
154 
90 
5 42 42 42 94 
5 
22 43 

8 8 
178 178 178 
70 
206 206 
81 125 125 125 125 126 160 

193 193 237 
5 5 
194 194 
