Nodes: 256, Edges: 380
60 236 236 
164 
153 
153 153 153 
18 32 139 208 
12 12 26 38 46 50 68 81 94 94 98 98 108 114 117 133 142 143 143 143 159 159 178 196 196 203 221 234 235 235 254 
222 
41 74 97 124 130 203 203 203 218 226 
71 71 71 168 168 215 215 228 228 247 247 
182 
14 
33 33 
5 5 
37 37 
10 18 18 32 51 51 51 107 139 152 163 180 208 
26 
78 93 
84 203 
4 14 14 51 51 60 60 60 137 137 186 192 

98 98 166 
45 45 45 52 140 184 

192 

81 81 
5 15 33 33 44 44 62 62 62 72 72 72 82 82 87 87 87 108 117 117 141 185 196 196 196 231 231 
153 
88 165 165 

175 182 196 196 230 
152 
4 14 
11 11 26 26 44 73 134 150 150 211 211 219 222 222 
137 137 
53 81 
203 203 
13 13 122 169 185 
5 42 42 

203 
7 
38 38 81 243 243 
195 195 245 
26 26 33 172 172 188 188 
21 21 21 
5 
152 

84 
5 159 159 216 216 
14 14 14 18 18 63 202 
21 
35 
127 127 
238 

154 
203 214 245 252 252 

0 18 18 18 76 76 76 120 206 236 
206 
26 26 26 
51 

81 


5 
223 
210 
8 8 8 228 228 
26 26 26 
33 
7 156 156 203 203 
217 233 
60 60 60 191 223 223 236 
210 210 
16 89 93 93 95 95 
111 
137 
5 25 25 35 42 65 93 148 148 153 153 173 176 176 176 228 228 238 251 251 
26 26 
113 204 204 
17 49 109 189 189 194 194 
228 
203 203 218 218 
26 26 26 115 237 253 
28 165 203 203 
78 
206 206 206 242 242 242 
121 
203 
16 78 78 81 111 224 
5 5 112 243 243 
78 78 
144 229 229 229 229 240 
7 
5 5 20 20 166 213 237 
251 251 
109 109 194 198 

203 234 234 
221 
129 152 

204 
14 119 
5 26 
84 100 100 127 127 183 198 198 
228 
79 93 
94 
83 145 145 145 246 246 
5 227 227 
87 
203 203 
5 26 26 

107 152 152 152 
60 170 206 206 
91 238 
37 123 210 210 
122 161 161 
7 
251 251 
251 251 251 
54 54 109 109 187 187 229 
228 
104 
7 

222 
5 
33 227 227 
175 

18 18 34 34 80 

4 14 
21 
26 
5 
5 5 5 151 165 203 203 
96 240 
113 113 113 204 
152 

81 81 153 

33 33 
143 
14 31 47 104 119 119 119 146 163 163 223 
2 3 3 3 27 81 81 148 
57 241 
206 
74 74 199 199 203 

164 
5 5 50 50 
251 
123 123 
238 238 
14 152 152 
1 158 
28 28 88 143 
20 98 209 209 
173 
8 8 
37 
120 206 206 
205 
44 44 
81 167 176 

30 135 196 
81 81 81 173 
204 
5 248 248 

14 
203 
9 30 196 196 
109 
21 
26 37 
18 
127 127 
44 44 
84 84 
236 
76 
18 23 
237 253 
84 84 100 
43 43 
5 5 26 26 26 30 30 175 182 182 239 

100 109 109 
156 156 


51 
5 7 7 7 17 36 36 40 58 74 74 86 86 88 88 92 102 116 116 143 143 156 181 251 
83 83 106 145 177 
171 
60 61 90 90 90 120 120 155 170 170 250 250 

4 14 
166 166 
70 77 77 122 122 
33 33 

98 
58 
8 8 
50 50 
75 233 233 
7 86 86 
33 
251 251 
5 103 
6 33 33 132 
69 76 76 152 
93 

7 
114 114 134 134 
8 8 71 71 81 81 85 110 128 
96 96 96 96 127 240 240 
30 
26 26 

75 217 217 
5 102 102 
5 5 
0 0 60 76 190 
87 98 193 
55 81 121 162 162 
196 
96 144 229 229 
154 
90 90 90 
42 42 94 94 

43 58 
113 113 
8 8 
178 178 

206 206 
81 81 99 99 125 125 126 126 126 160 203 220 220 
58 58 
87 193 
5 

