Nodes: 256, Edges: 380
60 236 
153 
153 
153 238 
14 14 14 32 139 139 208 
12 12 12 12 26 46 68 68 81 94 98 102 117 123 136 142 142 143 178 196 196 203 203 207 221 221 221 234 243 244 254 
222 
41 86 86 130 203 203 
71 81 81 81 168 168 215 215 228 228 
182 

33 
5 5 5 5 
33 37 
4 4 4 51 152 152 163 180 208 
26 231 
89 
66 84 84 
51 51 60 152 152 192 206 
62 

52 65 65 65 184 184 184 228 
245 
192 192 192 
152 
148 148 153 
5 15 67 67 72 72 72 87 108 108 141 196 231 231 237 
153 
165 
205 205 
64 64 175 175 196 196 196 230 
152 152 
4 
11 13 37 46 73 73 211 219 222 

53 81 
203 203 
13 33 122 
42 
134 134 
187 
7 
38 125 125 125 243 
195 245 
59 150 150 188 222 
153 
5 33 
152 152 
152 
84 84 
112 123 159 216 216 216 
14 18 18 191 202 202 
21 
35 81 
127 
238 
94 
79 93 154 
104 104 245 245 252 
44 
0 18 76 76 206 236 236 
206 
19 
90 202 242 242 
30 30 
21 21 21 81 81 
17 
26 26 
5 5 114 
146 223 
122 122 210 249 249 
8 131 131 131 228 228 247 
26 26 26 
33 33 
156 156 203 203 
203 217 233 233 
60 60 191 223 223 223 223 236 
210 
93 95 95 95 
57 

5 8 8 8 35 53 65 65 148 148 148 148 153 153 160 173 173 176 228 228 228 238 238 251 

113 204 
17 17 49 49 109 127 127 183 183 194 194 
228 
7 7 
26 115 115 115 237 237 253 
203 
16 
63 206 242 
238 238 
203 203 
57 78 111 154 171 201 241 241 
5 56 112 112 
78 78 78 
144 144 
130 130 
5 166 166 166 209 213 213 
251 
183 194 

5 203 234 234 
221 
58 58 152 152 



26 26 
84 127 198 

93 
50 94 94 
83 177 246 
68 227 
87 87 87 
203 203 
5 
188 
152 152 152 
206 206 
238 238 
37 70 70 210 
5 50 161 161 196 196 

42 42 42 
203 251 251 
54 84 84 109 229 
228 228 

7 97 97 
71 71 71 


39 39 227 227 
175 
5 
202 202 

4 4 

26 
5 5 159 159 
5 165 203 203 
96 96 
204 
69 152 
171 
25 25 81 81 81 81 153 
203 220 
44 44 

14 14 18 18 24 31 31 47 47 48 104 104 119 119 119 146 157 223 
1 2 3 25 27 45 81 81 148 179 
57 93 176 176 
206 
74 74 199 203 
152 
164 
50 142 142 
81 
123 123 

14 
158 232 
28 143 203 203 
98 98 98 209 
173 173 
8 8 

206 206 
93 147 

81 81 167 167 

30 30 135 
81 154 154 
113 204 
5 
153 
14 
203 
9 196 196 
84 84 100 
21 21 21 228 


40 
44 118 

236 
51 76 
18 23 23 23 
237 
84 84 100 255 255 
43 204 204 245 245 245 
5 5 26 30 30 30 123 123 182 182 239 

109 
156 

93 
51 51 63 137 137 
5 5 7 7 36 36 74 74 75 88 92 92 102 116 116 126 143 143 149 156 165 165 181 214 251 251 
83 145 177 195 195 245 
29 29 
18 60 61 90 120 120 155 170 170 250 
5 
4 14 
98 166 
70 77 122 
33 
222 222 
98 98 
203 
8 8 
50 50 50 
75 233 

33 
149 251 251 
5 5 5 103 
6 33 44 212 212 
69 76 76 76 76 152 



114 134 134 
8 8 21 71 71 81 81 81 85 128 128 184 
127 240 240 240 
30 
15 26 26 
164 
75 75 217 
5 102 102 

0 60 60 76 190 
26 87 87 193 
3 55 81 81 91 91 121 121 
196 
229 229 229 
93 93 
63 63 90 
5 42 
5 
22 43 58 58 195 195 195 204 
113 
71 

70 70 
206 
81 99 126 126 203 203 220 220 
58 
87 
5 
194 194 
