Nodes: 256, Edges: 380
60 236 
21 105 153 158 164 

81 
14 18 32 32 139 139 208 
26 38 46 46 68 68 81 94 98 102 114 114 114 117 123 133 136 142 142 143 196 196 203 221 227 227 227 235 254 254 
212 222 222 
97 97 130 130 203 218 226 
168 168 215 228 247 
182 

33 


4 32 47 51 51 107 139 152 163 180 208 
231 
78 89 93 
66 
4 51 60 152 186 192 192 206 

98 166 
1 52 140 153 184 184 184 184 
245 
192 


5 44 59 67 67 72 87 108 108 117 117 117 196 196 207 207 237 237 

88 
205 
64 64 64 182 196 196 230 230 
152 152 
4 4 14 
11 37 37 44 44 150 150 211 222 
137 
53 53 81 

33 33 169 169 
5 42 
134 134 
203 

38 162 243 
195 195 245 245 
26 33 33 59 59 150 172 172 
153 
5 5 
14 152 
58 152 
84 
159 
14 14 18 
21 
35 35 81 
127 127 
121 121 238 238 238 

79 154 
48 104 104 
26 44 44 
0 18 76 76 76 152 174 206 236 236 
206 206 

137 202 202 202 242 242 
30 30 30 
224 
17 
26 26 108 
5 5 
223 
210 210 210 
131 
26 

156 203 203 
203 203 233 233 
60 60 60 191 223 236 236 
210 210 
16 89 93 95 95 
57 
137 
3 5 35 53 160 160 173 173 176 238 251 

113 113 204 
49 100 109 109 127 183 189 194 194 
228 
203 218 
26 115 237 237 
28 203 203 
16 78 
154 206 242 
121 238 
203 203 
16 78 154 201 201 224 224 241 
5 112 112 
78 78 
127 127 229 229 229 240 
7 7 130 130 
5 20 122 166 166 213 213 213 213 
251 
84 109 109 109 198 
106 
5 234 

58 58 129 129 152 
1 
101 145 204 
14 152 152 
26 26 67 244 
84 84 100 100 100 183 183 
228 

94 94 
83 83 145 145 177 204 204 
5 5 5 
87 
203 
5 26 26 26 

137 152 152 
170 170 
55 55 91 238 238 
98 123 123 123 
5 122 122 122 161 

251 251 
251 251 251 
54 54 84 96 96 187 189 216 229 229 

104 104 
7 7 97 97 
71 228 
222 222 
5 227 227 
39 39 227 227 

5 
34 63 80 119 202 202 

4 4 14 
21 

5 5 159 
5 149 203 203 203 217 
240 
106 113 113 204 
152 


143 
33 33 44 
153 228 
14 18 31 31 47 48 60 104 107 107 119 119 146 157 163 
1 21 45 151 179 179 228 
57 90 93 241 
206 206 
74 199 199 203 
152 
1 164 
50 142 
81 81 
123 
42 238 
14 152 
1 158 
203 203 
20 98 98 209 209 
173 
8 8 
37 37 
120 120 174 

44 44 
81 81 167 
60 170 

81 
113 204 
248 248 248 248 248 
153 153 
14 
203 
9 30 
84 109 109 
21 21 21 21 228 

18 
127 

84 127 196 196 

76 
18 18 23 
237 253 
84 84 
43 43 245 245 
5 5 26 26 30 30 189 189 239 

100 
156 156 
229 
93 93 
63 63 63 137 137 
5 7 40 74 74 75 75 86 88 88 92 92 116 143 143 143 156 165 165 181 
83 106 113 113 145 177 245 
29 
18 60 61 61 90 155 155 250 250 
26 26 
4 14 
166 166 
70 70 70 77 77 
33 
6 222 
98 98 98 98 

8 
127 
143 
7 86 

251 251 251 
5 
6 6 33 132 132 212 
69 76 
65 93 93 

7 
5 5 5 133 133 134 134 
8 85 110 131 151 153 184 
96 96 96 127 127 200 240 240 240 
30 30 
15 

75 75 
102 
5 
0 60 60 76 76 
26 26 87 87 193 253 253 
55 55 55 81 91 121 121 162 
196 
96 144 229 229 229 
93 154 
63 63 90 
42 
108 
22 43 43 195 195 204 

8 
178 178 178 178 178 

206 206 
81 99 125 125 126 126 126 220 220 220 

193 237 237 
5 5 

