Nodes: 256, Edges: 380
236 236 
21 21 105 105 158 158 164 
153 153 
81 
14 18 18 139 139 
12 12 12 26 26 38 42 50 68 98 102 108 114 114 117 133 142 142 143 143 159 159 178 178 181 196 203 227 227 235 235 238 238 244 254 
212 212 222 
41 41 74 74 74 124 124 124 130 130 203 203 218 218 226 
81 81 168 168 215 247 

14 51 
197 
5 5 5 227 
33 37 37 
4 10 18 18 32 47 138 139 146 146 163 208 208 
26 231 
89 
84 84 
4 4 14 14 51 60 90 137 152 186 186 192 192 206 
62 
166 
1 1 52 140 140 184 

192 

148 
5 5 15 33 33 44 44 59 62 62 67 72 82 84 87 98 98 108 141 185 196 231 231 
153 
88 88 
205 205 
64 196 196 196 196 230 230 
152 152 
14 202 
13 26 26 37 77 77 150 211 219 219 
137 137 
81 
203 
13 13 33 169 
5 42 
134 
203 203 
7 7 
5 38 243 243 
195 195 
26 26 172 172 222 222 222 


14 152 

84 84 
5 112 123 123 159 159 216 216 216 
10 18 202 202 
21 
81 
127 127 
121 238 
227 
154 154 
214 214 
26 
18 152 174 174 174 236 236 236 
90 138 206 
19 26 26 

30 
81 81 

26 
5 114 
223 
210 249 
131 228 
26 

7 7 7 156 203 
203 233 
191 223 
33 33 210 
89 93 95 95 

137 
3 8 8 35 53 65 65 148 148 153 153 153 160 160 173 173 228 228 
26 
204 
17 17 26 49 49 109 189 189 194 194 194 

203 203 218 
26 115 115 115 237 237 237 253 
28 28 165 203 
16 78 
18 61 206 206 
121 121 238 238 
203 203 
78 111 154 154 201 201 224 224 
112 112 
78 78 
127 229 240 
130 
5 26 26 166 166 209 213 237 
251 
183 198 

5 203 234 

152 
1 1 
204 
119 152 152 
5 26 244 
84 127 183 183 
228 
93 
50 94 94 
145 145 177 177 
5 5 68 227 
87 87 87 
203 203 
5 
188 
107 152 152 
170 206 
55 91 91 238 238 
123 210 210 
50 50 122 
7 7 7 
251 
251 251 
54 54 96 109 189 189 229 
136 

7 7 97 
71 228 

5 227 
39 227 227 
175 175 
128 
18 34 34 80 
14 61 
4 4 14 
21 21 
26 178 
5 5 
5 5 151 203 217 

113 113 204 
14 14 152 
171 
25 81 81 
203 
33 
143 
18 31 31 47 60 104 107 107 119 119 146 157 223 223 223 
2 2 27 81 81 81 179 
57 57 93 93 
206 206 
74 203 203 203 
152 
1 1 
5 5 50 50 
81 81 


14 
1 232 
88 
20 98 98 209 
173 
8 8 
37 
120 174 206 206 206 206 
147 205 
44 44 
81 81 167 
60 60 60 170 
135 135 

113 113 204 
5 5 141 
153 

5 
196 
100 109 109 
21 
26 
18 18 

118 
84 84 127 127 
236 236 
76 
18 18 23 
237 237 253 253 
84 84 84 255 
43 43 245 245 
5 26 30 30 30 30 182 239 239 239 
11 
100 

229 
93 93 
32 51 51 
5 7 7 36 40 40 74 75 86 86 88 92 92 102 116 116 143 149 156 156 156 251 251 252 
83 106 145 177 245 
29 29 171 
18 61 90 90 120 155 155 170 170 170 170 

14 14 
98 166 
70 77 122 122 
33 
6 6 
98 
58 58 
8 
50 50 50 
143 
7 7 86 
33 33 
251 

6 44 44 44 
69 76 152 152 152 
93 93 

7 
5 5 12 56 114 133 134 134 
71 81 81 110 131 
96 127 200 240 
30 30 
15 26 26 
164 
75 
102 
5 5 
0 0 60 60 60 190 190 
87 87 87 98 193 193 253 
5 5 55 91 91 121 121 
196 196 196 
96 229 


42 42 
5 108 
195 195 204 

8 

70 

99 125 126 126 203 203 220 
203 
87 193 193 237 
5 
194 
