Nodes: 256, Edges: 380
60 
158 164 

153 
14 14 18 32 32 139 139 139 
12 12 12 38 42 68 81 81 94 114 123 133 136 142 178 203 221 221 227 227 235 235 238 243 254 254 
212 222 
41 86 86 97 124 124 203 203 203 218 218 
71 71 71 168 228 247 
182 

197 
5 5 5 227 
33 37 
4 4 18 32 47 107 152 163 163 180 180 180 
26 231 
89 89 89 
84 
4 14 51 60 60 137 137 152 186 192 

98 98 
65 65 140 140 140 184 184 
245 

152 
153 
15 33 44 62 67 72 72 82 82 84 84 87 98 108 122 122 141 196 231 237 237 
153 
88 165 165 
205 205 
64 175 175 175 182 182 196 196 196 230 
152 152 157 
4 4 14 
13 26 37 37 150 211 219 219 222 

53 81 81 
203 
13 33 33 122 
5 42 
134 

7 
5 38 243 243 
195 245 
26 59 150 172 188 188 222 
148 
77 
14 152 


123 159 159 216 
18 

35 81 
127 216 
238 238 


104 214 214 245 252 
44 
0 18 18 76 76 120 152 174 174 206 

26 
137 137 202 242 
30 
21 21 

26 
5 
146 223 223 

8 8 8 131 228 228 247 247 
26 26 

203 
203 217 217 233 233 
60 60 191 191 236 236 236 
46 210 
89 89 93 93 95 95 95 


5 5 35 35 53 93 153 160 160 160 173 173 176 176 228 228 228 
26 26 
204 
17 26 26 183 183 194 194 

7 7 203 
26 115 237 237 237 
28 203 203 
16 16 16 78 78 

238 238 238 
203 
78 78 81 111 154 176 201 201 224 
5 112 
78 78 78 
127 127 144 144 144 229 229 229 229 240 
7 
20 20 26 166 166 213 213 213 
251 251 
109 109 198 

234 
221 
58 

145 204 204 
14 152 
26 244 244 
100 100 183 198 
228 228 228 
93 
94 
145 145 204 204 246 
5 227 227 
87 
203 203 203 

188 188 
152 152 152 
60 
238 238 238 238 
26 26 37 210 
5 50 161 196 
7 7 
251 
203 251 251 
54 96 96 187 216 229 



71 

5 227 227 
39 227 
175 
5 
18 18 63 63 202 202 

4 4 4 
21 21 21 
26 
5 159 
149 151 151 
96 96 96 
106 113 113 204 204 
69 

45 
143 203 220 
33 44 
143 143 
14 18 24 31 31 47 60 107 119 119 119 157 163 
3 25 27 81 179 
93 
206 
203 
31 152 
1 
50 50 142 
81 81 81 
123 
238 
14 14 152 
1 
28 28 203 
98 98 209 
173 173 
8 

206 206 206 

44 
81 81 167 167 
60 60 206 
30 30 30 135 196 196 
81 81 93 
204 
5 248 248 248 
153 
14 14 14 

9 30 30 196 196 
84 84 109 
21 21 

18 
127 
44 44 118 118 
196 
236 
76 76 205 205 
18 
237 237 
84 84 255 255 255 
43 245 245 
26 30 30 30 123 175 175 182 182 189 239 
11 
100 109 


93 93 
63 137 137 
5 7 7 7 36 74 75 86 88 88 92 116 116 116 126 149 156 165 220 220 220 251 251 251 
83 106 106 113 113 145 145 177 245 
29 29 191 191 
60 155 170 170 170 174 250 250 250 


166 
77 122 
33 
6 222 222 
98 98 98 
58 58 

50 54 127 
75 75 
7 7 
33 33 
149 203 203 203 251 
5 5 103 
6 33 44 212 212 
69 69 
93 


5 5 12 114 114 133 133 134 
8 71 71 81 81 81 110 110 110 
96 96 96 96 127 240 240 240 
30 
15 26 

75 75 
102 
5 5 
76 76 76 190 
26 26 87 87 87 193 193 253 253 253 
5 55 55 91 91 91 121 121 121 121 162 
196 
96 229 229 229 

63 
5 42 42 
108 108 
22 43 58 195 195 204 
113 
8 71 71 
178 178 178 

206 206 206 
99 99 125 126 126 203 203 203 220 
58 
237 237 237 
5 5 
194 194 194 
