Nodes: 256, Edges: 380
60 236 
21 105 158 158 158 164 
153 
153 
14 18 32 32 139 
26 38 42 68 68 94 94 98 102 102 103 108 114 123 133 136 136 142 142 142 178 181 196 203 221 221 227 234 234 238 243 254 254 
222 222 
41 41 74 86 86 97 124 130 130 130 203 203 203 218 226 
71 168 215 228 247 247 
182 
14 
33 

37 37 
4 10 18 18 32 32 139 139 146 163 163 180 180 208 
26 231 231 231 
89 

4 14 14 51 90 137 152 152 192 
62 62 62 
98 166 166 
1 140 184 184 


225 
81 
5 15 44 59 62 67 72 87 98 108 117 207 231 237 
153 
165 
205 
64 64 175 175 182 196 196 196 230 230 
157 
4 4 14 14 
11 37 77 134 150 172 197 197 211 211 222 

53 53 81 
203 203 203 
13 13 33 122 122 169 
5 42 42 
134 134 134 
203 
7 7 
5 38 38 243 
245 245 245 
26 59 222 222 222 



58 152 152 
84 84 
159 159 
18 191 202 202 

35 35 
127 
121 238 238 
94 227 227 

48 252 252 
26 44 
0 120 174 174 206 236 

19 19 19 26 
137 242 242 
30 30 
81 

26 
5 5 114 
223 223 
249 
8 131 247 
26 

7 203 
217 233 
191 191 223 223 223 223 
33 134 210 
89 93 93 93 95 95 
111 111 
137 137 
25 35 65 93 93 160 160 160 173 228 228 

204 204 
49 49 100 100 127 183 194 
228 
7 7 218 
26 115 237 253 
203 203 203 
16 78 
18 206 206 206 242 
121 238 238 238 
203 203 
78 78 78 81 81 111 176 224 241 
5 5 56 112 
78 78 
127 127 144 229 229 229 240 
7 
5 20 26 122 209 209 213 213 237 

84 84 109 194 194 198 198 
106 
5 5 203 234 
5 
152 152 
1 
101 145 204 
119 119 152 152 
5 26 244 244 
100 183 198 
228 228 
79 79 93 
94 
177 246 246 
5 68 227 
87 
203 
26 
188 188 
107 107 
60 170 
55 91 238 238 
37 37 98 123 123 
5 122 122 161 161 196 
7 
251 251 
251 
54 84 96 96 216 216 229 229 229 


7 7 7 
71 

5 227 
33 39 39 39 77 227 227 

5 5 
18 63 80 80 

4 14 14 
21 
178 
5 5 5 
203 
96 240 
106 
14 152 

153 
203 203 
33 
153 
18 18 48 48 104 104 107 107 146 157 163 
2 3 27 148 151 179 179 
176 176 241 

199 199 203 203 
31 152 
1 1 1 164 
50 50 
81 81 81 
123 123 
238 238 238 
14 14 152 
1 158 232 232 
28 203 
20 20 
173 173 173 
8 
37 
120 206 

33 
81 167 167 167 
60 60 
30 30 196 196 
93 154 154 
113 
5 141 248 248 
153 153 
14 14 
5 
9 30 196 196 
84 109 
21 21 



118 118 
196 196 
236 236 
51 76 76 205 
18 
237 253 253 253 
84 100 100 255 
204 245 
5 30 30 30 123 175 175 182 182 189 189 
33 33 
100 100 109 
156 156 


51 51 
5 7 7 7 36 36 36 40 74 88 88 88 92 92 102 116 143 149 149 156 156 165 220 251 
83 83 106 195 245 
29 191 
60 90 90 90 170 250 250 
26 
14 
98 98 
77 
33 33 
222 
98 98 

8 
127 127 
75 
7 86 

203 
5 5 
6 6 33 44 44 44 212 
69 69 76 76 76 76 
93 
24 
7 
5 56 56 114 133 134 134 
8 81 81 85 110 110 
96 96 96 127 127 127 240 
30 30 
15 15 15 26 
164 164 
75 
5 5 102 

0 60 190 190 
26 87 98 193 253 253 
5 55 55 91 91 91 121 121 162 162 162 

96 144 229 
93 154 
63 63 90 
5 42 
108 108 
43 43 43 195 204 
113 113 
8 8 71 
178 178 
70 
206 206 
125 125 126 203 
58 58 
87 193 193 193 237 237 
5 5 
194 
