Nodes: 256, Edges: 380

21 158 158 164 


14 18 32 139 208 
12 12 26 38 42 46 50 98 98 102 102 103 108 114 114 114 114 133 133 133 142 143 181 207 221 221 227 227 235 235 243 
212 222 
41 41 74 74 97 124 130 203 203 218 226 
71 168 168 215 215 228 247 
182 

33 
5 5 
33 37 
4 18 47 51 107 138 139 146 152 152 208 208 208 
26 26 231 
78 78 89 93 93 
84 84 
4 14 51 51 60 60 137 137 152 186 192 206 206 
62 
98 98 166 166 
1 45 65 140 140 140 153 184 
245 245 

152 225 

5 15 15 44 59 67 67 67 72 84 84 87 98 117 117 117 122 141 141 185 196 207 237 
153 153 
88 165 
205 
175 175 175 182 196 230 
152 157 
4 
11 13 37 37 77 77 134 150 211 219 222 
137 137 
53 81 
203 
13 33 33 169 
5 42 
134 
187 203 
7 7 
5 38 243 243 
245 245 
26 150 150 188 
21 
5 
14 152 
152 152 
84 84 
5 112 159 
14 18 18 191 

35 81 

121 238 
94 
93 
104 104 214 214 
26 
18 18 76 120 152 152 206 206 236 
90 138 
19 
137 137 242 

21 

26 26 26 
114 114 114 

122 122 169 210 249 249 
8 247 
26 

7 7 203 
205 205 217 217 233 
60 191 191 223 223 236 236 236 
33 33 210 210 210 
16 16 93 95 
111 111 
137 137 
35 53 153 153 160 173 173 176 228 

113 204 
17 17 26 26 49 49 100 100 127 194 194 194 
228 228 228 
203 218 218 
26 237 237 253 
28 203 203 
16 
61 
238 
203 
16 16 57 78 111 154 154 201 224 241 
56 112 
78 
127 127 229 229 229 240 
7 
5 5 20 20 26 166 213 213 237 
251 
84 84 109 109 198 198 

5 5 234 234 
5 221 
58 58 

145 
14 119 119 152 
5 244 
100 100 
228 
79 79 93 
50 94 
83 177 204 246 246 
5 5 5 5 68 68 68 

203 203 
26 26 26 
188 
107 107 137 152 
60 206 206 
55 238 238 
26 70 70 123 123 
122 122 161 196 
7 
251 
203 251 
84 96 96 189 216 216 229 
228 

7 


5 5 5 227 
33 39 227 
175 175 

18 18 34 34 63 63 80 80 119 202 
14 61 
4 14 
21 21 21 
26 26 178 
5 159 
5 149 151 165 203 

106 204 
14 152 
171 

143 
33 44 44 
143 
14 14 18 24 31 47 48 48 60 60 107 119 146 157 157 223 223 
21 27 27 81 81 179 228 
93 93 241 

199 203 203 203 
31 152 152 
1 1 
50 142 
81 
123 
238 

1 232 
28 143 203 
20 20 98 209 209 
173 173 
8 8 
37 70 
174 174 206 206 206 
147 205 

81 81 167 167 
170 170 
30 30 30 135 135 196 
81 
113 204 
141 248 248 248 248 
153 

5 203 
9 30 196 196 

21 
26 
18 
40 
44 118 
127 
236 
51 76 76 
18 

84 84 84 
245 245 
26 30 123 175 182 182 239 239 

100 100 
156 
229 229 
93 
137 
7 7 36 40 74 86 88 88 92 116 116 126 143 156 156 156 165 181 251 252 
83 113 145 177 245 
29 75 75 171 
18 18 60 60 120 120 170 170 170 250 250 
5 26 
4 14 14 14 
166 166 
70 77 77 77 
33 
6 
98 98 
58 58 
8 8 
127 127 
75 75 233 
7 86 86 
33 

5 5 103 
6 33 
76 76 152 152 
93 
24 
7 
5 5 133 134 
8 81 85 85 85 110 128 153 
96 96 96 127 200 200 240 
30 
15 
164 
75 217 
102 102 
5 5 
60 76 76 76 190 
26 87 87 98 253 253 
55 91 121 121 162 
196 196 
96 229 
93 154 
63 
5 42 42 
108 
22 22 43 43 195 195 204 
113 113 
8 71 
178 178 178 178 
70 70 
206 206 
99 125 126 203 
203 
87 237 237 


