256 256 1288
60 60 60 236 236 236
21 21 21 105 105 105 110 110 110 110 110 153 153 158 158 158 164 164 164 232 232 232
129 129 129 129 129 153 153 153
81 81 228 228 228 228 228 238 238 238
14 14 14 18 18 18 32 32 32 138
26 26 26 38 38 38 38 38 42 42 42 46 46 46 50 50 50 56 56 56 68 68 68 81 81 81 91 91 91 91 91 94 94 94 98 98 98 102 102 102 108 108 108 114 114 114 117 117 117 123 123 123 123 123 133 133 133 141 141 141 143 143 143 159 159 159 159 161 161 161 161 161 178 178 178 196 196 196 203 203 203 227 227 227 234 234 234 235 235 235 238 238 238 243 243 243 244 244 244 248 248
212 212 212 222 222
41 41 41 74 74 74 86 86 97 97 97 97 124 124 124 125 125 125 125 125 203 203 203
71 71 71 81 81 81 168 168 168 215 215 228 228 228 247 247 247
182 182 182 230
14 14 14
33 33 33
114 227 227
33 33 33 37 37 37
4 4 4 10 10 10 18 18 18 32 32 32 47 47 51 51 51 60 138 138 139 139 139 146 146 146 152 152 152 163 163 163 208 208 208
26 26 26 231 231 231
89 89 89 93 93 93
66 66 66 84 84 84 226 226 226 226 226
4 4 4 14 14 14 34 34 34 34 34 51 51 51 61 61 61 63 63 63 120 120 120 120 120 137 137 137 138 145 145 145 145 145 152 152 152 186 186 186 206 206 206
62 62 62
98 98 98 166 166 166 213 213 213 213 213
1 1 1 45 45 45 140 140 140 153 153 153 179 179 179 179 179 228 228 228
195 204 204 204 204 204 245 245
192 192 192
107 107 107 107 107 152 152 152 223
81 81 81 153 153 153
5 5 5 15 15 15 33 33 33 44 44 44 59 59 59 62 62 62 67 67 67 70 70 70 72 72 72 82 82 82 87 87 87 98 98 98 108 108 108 117 117 117 122 122 141 141 141 196 196 196 207 207 207 207 213 213 213 231 231 231 237 237 237
52 153 153
88 88 88 165 165 165
205 205 205
64 64 64 175 175 175 182 182 182 196 196 196 230 230 230 239 239 239
152 152 152
4 4 4 14 14 14 138 138 138 138 138
11 11 11 13 13 13 26 26 26 37 37 37 39 44 44 44 122 122 122 134 134 134 134 134 150 150 150 169 169 169 172 172 172 185 185 185 197 197 197 219 219 222 222 222
18 18 18 18 18 137 137
53 53 81 81 81 81 81
74
13 13 13 33 33 33 122 122 122 169 169 169
5 5 5 5 5
33 134 134
203 203 203
7 7 7 179
5 5 5 81 81 81 125 125 125 151 151 151 151 151 228 228 228 228 228 243 243 243
58 195 195 195 245 245 245
26 26 26 33 33 33 59 59 59 73 73 73 73 73 118 150 150 150 188 188 188 219 222 222 222
21 21 21 119 148 148 148 153 153 153
5 5 5 103 103 103 103 103
14 14 152 152 152 152 152 180 180 180 180 180
58 58 58 152 152 152
84 84 84
5 5 5
14 14 14 18 18 18
27 140
35 35 81 81 81
83 127 127 127
121 121 121 238 238 238
5 5 5 103 181 181 181 227 227 227
93 93 93 154 154 154
43 48 48 48 104 104 104 152 152 152 203 203 203 203 203 214 214 214 245 245 245 251 251 251
26 26 26 44 44 44
0 0 0 14 61 61 61 61 61 76 76 76 152 152 152 190 206 206 206 236 236 236
18 18 18 60 60 60 60 60 206 206
19 19 19 26 26 26 108 108 108 108 108
18 18 18 90 90 90 137 137 137 202 202 202 242 242 242
30 30 30
81 81 81 93 93 93
17 17 17 84 84 84
26 26 26
5 5 5
146 146 146 186 186 186 186 186
26 26 26 122 122 122 122 249 249 249
8 8 8 131 131 131 228 228 228 247 247 247
26 26 26
44 44 44 44 44
7 7 7 36 156 156 156 203 203 203 218
147 147 147 171 171 171 203 203 203 205 205 205 217 217 217 226 233 233 233
60 60 60
122 122 122
86 89 89 89 93 93 93 93 93
111 111 111
137 137 137
3 3 5 5 5 8 8 8 25 25 25 35 35 35 35 35 42 42 42 53 53 53 65 65 65 93 93 93 99 153 153 153 160 160 160 162 162 162 162 173 173 173 176 176 176 203 203 203 220 220 220 220 220 228 228 238 238 238 251 251 251 251
26 26 26 231
54 113 113 113 177 177 177 177 177 204 204 204
17 17 17 49 49 49 66 66 66 100 100 109 109 109 127 127 127 183 183 183 189 189 189
228 228 228 228 228
7 7 78 203 203 203 203 203 218 218 218
26 26 26 108 108 108 108 108 115 115 115 237 237 237 253 253 253
28 28 28 165 165 165 203 203 203
16 16 16 78 78 78 95
63 63 63 186 206 206 206 242 242 242
5 5 5 5 5 111 121 121 121 153
104 203 203 203
16 16 16 57 57 57 65 65 65 78 78 78 78 78 81 81 81 111 111 154 154 154 176 176 176 201 201 201 241 241 241
5 5 5 112 112 112 243 243 243
89 153
127 127 127 200 200 200 229 229 240 240 240
7 7 7 7 130 130 130 226 226 226
5 5 5 20 20 20 26 26 26 116 166 166 166 209 209 209
81 228 251
84 84 109 109 109 127 127 127 127 127 194 194 194 198 198 198 229
145 145 204 204 204 204 204
5 5 5 142 142 142 142 142 203 203 203 234 234 254
46 46 46 46 46 56
58 58 58 92 129 129 129 152 152 152
1 1 1
145
24 24 24 24 24 119 119 119 152 152
5 5 5 26 26 26 62 62 62 62 62 87 87 87 87 87
84 84 84 100 100 100 127 127 127 180 194 194 194 198 198 198 255 255 255 255 255
1 1 1 1 1 153 153 153
79 79 79 91 93 93 154 154 154 154 154
94 94 94
83 83 83 145 145 145 177 177 204 204 204 246 246 246
5 5 5 12 227 227 227
87 87 87
98 203 203 203
5 5 5 26 26 26 136
44 217
45 107 107 107 152 152 152
18 18 18 18 18 170 170 170 206 206 206
55 55 55 91 91 91 181 238 238 238
26 26 33 33 33 37 37 37 70 70 70 70 77 77 77 207 210 210 210
5 5 5 5 5 161 161 182 196 196 196
7 7 7
7 7 7 7 7 42 42 42
203 203 203
54 54 54 84 84 84 96 96 96 100 100 100 100 100 109 109 109 187 187 187 189 189 216 216 216 229 229 229
228 228 251
2 2 2 2 2 104 104 104
97 97 97
71 71 71 228 228 228
222 222 222
5 5 5 227 227 227
33 33 33 33 33 39 39
175 175 175
117
18 18 18 34 34 63 63 63 80 80 80 202 202 202
4 14 14 18 32 32 32 32 32 208
14 14 14
21 21 21 52
5 5 5 26 26 26
102 102 102 102 102 159 159
5 5 5 149 149 149 165 165 165 203 203 203
200 200 200 200 200 240 240 240
18 18 18 18 18 101 101 106 113 113 113 204 204 204 204
14 14 14 69 69 69 152 152 152 223 223 223
75 75 75
45 45 45 153 153 153
143 143 143 203 203 203
33 33 33 44 44 44
42 42 42 42 42 153 153 153 228 228 228 252
14 14 14 18 18 18 24 24 24 31 31 31 47 47 47 47 47 48 48 48 58 58 58 60 60 60 104 104 104 107 107 119 119 119 146 146 146 157 157 157 163 163 163 223 223 225 225 225
1 1 2 2 2 21 21 21 25 25 25 27 27 45 45 45 81 81 81 91 95 110 110 110 148 148 148 151 151 151 179 179 228 228 228
57 57 57 93 93 93 111 111 111 111 111 176 176 176 241 241 241
205 205 205 205 205 206 206 206
74 74 74 199 199 199 203 203 203
152 152 152 163 163 163 163 163
1 1 1 164 164 164
5 5 5 5 142 142
81 81 81 227
5 5 5 5 5 123 123
81 81 81 81 238 238 238
14 14 14 152 152 152 157 157 157 157 157
1 1 1 158 158 158 232 232 232
28 28 28 88 88 88 143 143 143 203 203 203
20 20 20 98 98 98 209 209 209
173 173 173
8 8 8
33 33 33 37 37 37
120 120 120 174 174 174 206 206 206
75 75 75 205 205 205
33 33 33
81 81 81 167 167 167 176 176 176
170 170 170 206 206 206
30 30 30 135 135 135 196 196 196
81 81 81 93 93 93 154 154 154 173 173 173 224 224 224 224 224
83 83 83 83 83 113 113 204 204 204
5 5 5
21 21 21 21 21 41 153 153
47 47 47 47 47 109
56 56 56 121
9 9 9 30 30 30 123
84 84 84
228 228 228
33 33 33
18 18 18 69 69 69 69 69 90
127 127 127
44 44 44
84 84 84 127 127 216 216 216 216 216
60 236 236 236
205 205 205
23 23 23 206 206 206 206 206
200 200 200 200 200 237 237 237 253 253 253
100 100 100 109 109 109
22 43 43 43 204 204 204 245 245 245
5 5 5 26 26 26 30 30 30 123 123 123 175 175 175 239 239 239
33 33 33
100 100 100 109 109 109
156 156 156
96 96 96 144 144 144 144 144 193 193 193 193 193 229 229 240 240 240 240 240
93 93 93
63 63 63 137 137 137
5 5 5 7 7 7 40 40 40 58 58 58 58 58 74 74 74 75 75 75 81 81 81 86 86 86 86 86 88 88 88 92 92 92 102 102 102 116 116 116 126 126 126 143 143 143 149 149 149 156 156 156 165 165 165 220 220 220 251 251 251 252 252 252
22 22 22 22 22 83 83 83 101 101 101 101 101 113 113 113 145 145 145 145 177 177 177 195 195 195 240 245 245 245
29 29 29 75 75 75 155 155 155 155 155 171 171 171 191 191 191 206
18 18 18 60 60 60 61 61 90 90 90 120 120 120 155 155 155 170 170 170 174 174 174 192 192 192 192 192 205 250 250 250
26 26 26 26 122
14 14 14 138
98 98 98 166 166 166
122 122 122
222
6 6 6 222 222 222 222 222
20 20 20 20 20 26 26 26 237 253
58 58 58 252 252 252
8 8 228 228 228 228 228
127 127 127 189 189 189 189 189
75 75 75 118 233 233 233
74 86 86 86
33 33 44
81 81 81 81 81 203 203 203 251 251
248
6 6 33 33 33 44 44 44 132 132 132 211 212 212 212 212 212
24 146 146 146 152 152
176 176 176 176 176
152 152 152
17 17 17 17 17 75 97 97 97
5 5 5 12 12 56 56 56 114 114 114 133 133 133 160
3 3 3 3 3 8 8 8 21 21 21 42 42 42 42 42 71 71 71 81 81 85 85 85 85 85 99 128 128 131 131 131 151 151 151 153 153 153 184 184 184 215 215 215 215 215
96 96 100 127 127 127 200 200 240 240 240 240
9 30 30 30
15 15 15 26 26 26 82
1 1 1 164 164 164
75 75 75 217 217 217
5 5 5 102 102 254 254 254 254 254
5 5 5
0 0 0 60 60 60 190 190 190
26 26 26 87 87 87 193 193 193 213 253 253
3 3 3 5 5 5 55 55 55 81 81 81 121 121 121 162 162 162
30 30 30 196 196 196
96 96 96 144 144 144 200 200 200 200 200 204 229 229 229 229
93 93 93 154 154 154
63 63 63 90 90 90
5 5 5 42 42 42 94 94 94 248 248 248 248 248
5 5 5
22 22 43 43 43 58 58 58 195 195 195 204 204 204
113 113 113
8 8 8 71 71 71
5 5 221 243 243 243 243 243
70 70 70
206 206 206
58 58 58 81 81 81 81 99 128 203 203 203 220 220
151 203 203 203 214 214 214
87 87 87 193 193 193 213 237 237
102 234 234 234 234 234
109 109 109 109 109
