Nodes: 256, Edges: 632
236 236 
21 21 105 105 105 153 153 158 158 158 164 164 
153 
81 153 153 153 238 
14 14 14 14 18 32 139 139 208 
12 12 38 38 42 42 42 46 46 50 68 68 68 81 81 94 98 98 102 102 103 108 108 114 114 123 123 133 136 136 136 142 142 142 142 143 159 178 178 196 203 203 207 221 221 221 227 234 235 238 243 243 254 254 
212 212 222 222 222 
74 74 86 86 86 97 124 130 130 203 203 218 218 226 
71 71 81 81 81 215 215 228 228 228 247 247 
182 182 
14 
33 33 
5 5 227 227 
33 33 33 37 
4 4 4 4 10 18 18 32 32 47 107 138 138 138 139 146 152 152 163 163 180 
26 26 231 231 
78 78 89 89 93 93 
66 84 
4 14 14 51 60 60 90 90 137 152 186 192 192 206 206 
62 
166 166 
1 1 52 52 65 65 65 140 140 140 153 153 184 184 184 184 228 228 
245 
192 

81 81 148 148 
15 15 33 44 44 44 62 62 67 67 72 72 82 84 87 98 108 117 141 169 196 196 207 231 237 237 
153 153 
88 88 88 165 
205 
64 175 175 182 182 196 196 
152 152 157 
4 14 14 202 
11 11 13 13 13 26 37 37 73 73 77 77 150 150 172 172 211 211 219 222 222 
137 
53 
203 203 
13 33 33 122 122 
5 5 42 42 
134 134 134 
187 203 

5 5 5 38 38 81 81 125 125 243 
245 245 
26 26 26 150 150 172 172 172 188 188 222 222 222 
148 
5 5 77 
14 152 
58 
84 84 
5 159 159 216 
18 63 202 202 202 
21 21 
35 81 
127 
238 
94 227 
93 93 
48 104 203 214 245 245 252 252 252 

18 18 76 76 152 152 174 174 174 174 206 236 236 
90 206 
19 26 26 
51 90 90 90 202 242 242 
30 
21 21 21 81 81 
17 
26 26 
5 5 5 114 
146 223 223 223 223 
122 210 249 249 
8 8 131 131 228 247 247 
26 26 
33 33 
7 7 156 203 203 203 
205 217 217 
60 60 191 191 191 191 223 223 223 223 236 
33 33 46 210 210 210 
16 16 89 93 93 93 95 95 95 
111 
137 137 
3 5 5 8 8 8 25 25 42 42 53 65 65 93 148 148 148 153 153 160 160 160 162 176 203 203 228 228 228 238 238 238 251 
26 
113 113 
17 26 49 49 109 127 127 127 189 189 194 194 194 194 
228 228 228 
7 7 7 203 
26 115 237 237 253 253 
28 28 28 165 203 203 
16 16 78 
18 18 61 63 63 63 206 206 242 242 
121 238 238 
203 203 
16 16 57 57 78 78 78 81 111 111 154 176 201 201 224 241 241 
5 56 112 112 112 243 243 
78 78 78 
127 127 144 144 229 229 240 240 
7 
5 5 26 122 166 166 166 213 237 
251 251 251 
194 194 198 198 
106 
5 5 203 203 234 234 234 
5 
58 129 
1 1 1 
101 145 145 204 
14 119 
5 5 26 244 244 
84 127 183 183 183 198 198 
228 228 228 
79 93 93 
94 94 94 
83 83 145 177 204 246 
5 5 68 227 
87 
203 203 203 
26 
188 
107 137 152 152 152 
170 170 170 206 206 
91 238 238 
37 37 70 98 123 123 123 210 
5 5 122 122 122 161 161 196 
7 
42 42 251 
203 203 251 251 251 251 
54 84 84 84 96 96 109 187 189 189 189 216 229 
136 228 
104 
7 7 
71 71 228 
222 222 
5 227 
39 39 39 227 227 
175 175 175 
5 5 5 128 
18 34 80 80 119 202 202 
14 14 14 
4 4 14 
21 21 21 
26 178 
5 5 5 5 159 159 
5 149 149 151 151 151 151 165 203 203 
96 96 
106 106 113 204 204 
14 69 
171 
25 25 45 81 81 81 153 153 
143 143 203 203 203 
33 33 44 44 
143 143 143 143 153 153 228 228 228 
14 14 18 31 31 47 60 60 119 119 119 157 223 223 
1 1 2 3 3 3 21 21 27 27 81 81 148 148 151 151 179 179 228 228 
93 176 176 176 
206 206 
74 199 199 203 
31 152 
1 1 1 164 164 
5 50 50 142 142 
81 81 81 251 251 
123 123 
81 238 238 
14 14 
1 1 158 158 232 232 
28 88 143 
20 20 98 98 98 209 
173 173 173 

26 
120 120 120 174 206 206 
147 205 
33 33 44 44 44 
167 167 167 176 
60 60 60 60 170 206 206 
30 30 135 135 135 196 
81 93 154 154 154 173 
113 204 204 
5 5 141 248 248 
153 153 
14 

9 9 30 30 196 196 196 
109 109 109 189 
21 21 21 21 

18 
40 127 
44 44 118 
84 84 127 127 127 183 196 196 
236 236 
76 76 76 76 
18 18 23 
237 253 
84 84 84 84 100 100 255 255 255 
204 204 245 
5 26 26 30 30 123 175 182 182 182 189 189 239 

100 100 109 109 
156 156 
229 
93 93 
32 51 51 51 63 137 137 
5 5 7 7 36 36 40 58 74 74 74 81 81 86 88 88 92 92 102 102 116 116 116 126 126 143 143 149 149 149 156 220 220 251 
106 113 145 145 177 177 195 195 
29 75 171 
18 18 60 61 90 90 120 120 155 155 170 170 174 174 250 250 250 
5 26 
4 
166 
70 77 77 77 122 
33 33 
6 6 222 222 222 
98 
58 
8 8 
50 127 
75 75 233 233 
7 7 
33 
203 203 251 251 
5 5 5 
6 6 6 33 33 44 44 44 132 132 212 212 212 
69 69 69 69 76 76 76 76 152 152 
93 

7 
5 12 12 56 114 133 134 134 
8 8 8 21 21 71 81 81 81 85 85 85 110 110 110 128 131 151 151 151 153 153 
96 96 127 200 240 240 240 

15 15 26 
164 164 
217 217 
5 102 102 102 
5 
0 0 60 60 76 190 190 
26 26 87 87 98 193 253 
3 5 55 81 81 81 91 91 121 121 162 162 
196 
96 96 229 229 229 
93 93 
63 63 90 90 
5 5 42 94 94 
108 108 
22 43 43 58 58 195 
113 
8 8 71 71 
178 178 
70 70 
206 206 206 
81 99 99 99 125 126 126 126 126 160 160 203 220 220 
58 58 58 
87 87 193 237 
5 5 
194 194 194 
