Nodes: 256, Edges: 632
60 60 236 236 236 
105 105 153 153 153 158 
153 153 153 
153 
14 14 14 14 18 32 32 32 139 139 208 208 
12 12 26 26 38 38 38 42 42 46 50 50 50 68 81 81 81 94 98 102 103 108 114 114 114 117 123 123 123 136 136 142 142 143 143 159 159 178 178 178 181 196 203 203 203 221 227 227 235 235 238 238 243 243 244 254 
212 222 
41 41 74 74 74 86 86 97 124 124 130 130 203 203 226 
71 81 81 168 168 215 228 228 228 
182 

33 33 197 
5 5 227 
33 33 37 37 37 
4 4 4 4 18 18 32 47 51 138 138 138 139 139 146 146 146 152 152 163 163 180 208 208 
26 26 231 
78 89 89 89 93 93 93 
66 84 203 
4 14 14 51 51 60 90 90 137 152 186 192 192 206 206 206 
62 62 
98 166 
52 52 65 140 140 140 140 153 153 184 184 228 
245 245 245 
192 192 
152 152 152 225 
81 81 148 148 148 148 153 153 
5 5 15 15 33 33 44 59 59 62 62 62 67 67 72 72 87 98 108 117 117 122 141 141 169 185 196 196 207 231 231 237 
153 
88 165 
205 205 205 
64 64 175 175 182 182 196 196 196 196 196 230 230 
157 
4 4 4 14 
11 11 13 13 26 26 37 44 73 73 77 150 172 172 197 197 211 219 
137 
53 53 81 81 
203 
13 13 13 33 122 
5 5 5 
134 
187 187 187 
7 7 
5 5 243 243 
195 195 195 245 
26 33 59 150 150 188 188 222 
148 153 
5 77 
14 107 152 152 
152 152 
84 
5 5 5 159 216 
14 18 18 63 202 
21 21 
35 35 81 81 
127 
121 121 238 
227 
79 93 93 154 
104 203 214 214 214 245 245 245 
26 26 44 
0 0 18 76 76 120 152 152 174 174 206 206 206 236 
90 138 206 
19 19 26 26 26 
51 90 90 137 137 202 202 202 242 242 
30 30 
21 81 81 
17 
26 26 
5 114 114 
146 223 223 
249 249 249 
8 131 131 228 228 247 
26 26 
33 33 
7 7 7 156 203 203 203 
205 217 233 
60 60 223 223 223 236 236 236 
33 46 134 210 210 
16 89 89 95 95 95 
57 
137 
5 5 5 8 8 25 25 35 35 53 53 65 65 93 93 93 148 148 148 148 148 153 153 153 160 162 162 173 173 176 176 203 203 203 228 228 228 238 238 251 251 

113 204 
17 49 100 100 109 127 127 127 189 194 194 
228 228 228 
7 7 203 203 218 218 
26 115 115 237 253 
28 165 203 203 203 
16 16 16 78 78 
18 18 61 63 63 206 242 242 
121 238 238 
203 
16 16 16 57 57 81 81 81 111 111 111 154 154 176 201 201 224 
5 112 112 243 243 
78 78 78 
127 127 127 144 229 229 240 
7 130 130 
5 20 26 122 166 209 213 213 237 237 237 

84 84 109 109 194 194 198 198 
106 
5 234 
5 
58 129 129 152 
1 1 
101 145 204 
47 119 119 152 
5 26 244 244 
84 100 100 127 183 198 198 
228 228 228 228 228 
93 93 93 
94 94 
83 145 145 177 177 204 204 246 
5 5 5 68 68 227 
87 87 
203 
5 26 26 
188 188 188 
107 107 152 
60 170 170 170 206 206 
55 55 91 238 238 
26 37 98 123 123 123 210 
5 5 5 122 122 122 161 161 196 
7 7 
251 251 251 
203 203 251 251 
54 84 84 84 96 96 96 109 189 189 216 229 

104 104 
7 7 97 97 
71 71 228 
222 222 222 
227 
39 77 227 
175 
5 5 
18 34 63 63 80 202 
14 14 14 61 
4 4 14 14 
21 21 21 21 
26 26 
5 5 159 159 
5 5 149 151 203 203 203 
96 240 
106 113 113 204 204 
14 14 14 69 152 
171 
25 25 25 25 45 81 81 81 81 81 153 153 
143 203 203 
33 44 44 
143 153 
14 14 18 24 24 24 47 47 48 48 60 60 104 107 119 146 157 163 163 163 223 223 
1 1 1 2 2 2 3 21 21 25 25 27 45 81 81 81 148 148 151 179 179 179 228 228 228 
57 93 93 241 
206 206 
74 199 199 203 203 
31 152 
1 164 164 
5 5 50 142 142 
81 251 251 
123 123 
81 81 238 238 
14 14 152 152 152 
158 158 
28 88 203 203 203 
20 98 209 209 
173 173 
8 8 
26 
120 120 120 174 206 206 206 
147 205 205 
33 33 
81 81 167 167 176 176 
60 60 170 
30 30 135 196 196 196 
81 81 93 173 173 
113 113 204 204 
5 5 5 248 248 248 248 
153 153 153 
14 
5 203 
9 30 30 196 196 
109 
21 21 
26 
18 
40 40 40 
44 44 118 118 118 
84 127 127 196 196 196 
236 236 
205 
18 18 23 23 
237 253 253 
84 84 100 100 255 
43 43 43 204 204 
5 26 26 30 30 30 30 30 123 175 175 175 182 182 189 189 189 239 
11 33 33 
100 100 109 109 
156 156 
229 
93 93 
51 63 63 63 137 
5 5 5 7 7 17 36 58 74 74 74 81 81 81 86 86 88 88 88 92 116 126 126 143 143 143 149 149 156 156 165 165 165 181 220 220 251 251 251 
83 106 113 113 145 145 177 177 195 195 245 245 
29 29 29 75 171 171 191 
18 18 18 60 60 60 61 90 120 120 155 155 170 170 170 250 
26 
4 4 14 14 
98 166 166 
77 77 122 
33 
6 222 
98 98 
58 58 58 
8 
50 127 
75 233 233 
86 86 
33 
203 203 
5 
6 44 132 132 132 212 
69 69 76 76 76 152 152 
93 
24 
7 
5 5 12 56 114 133 134 
8 8 8 21 71 71 81 81 81 85 85 85 110 110 110 110 110 131 153 153 153 
96 96 127 200 
30 30 
15 26 26 

75 217 217 
102 
5 5 
0 0 0 60 76 76 76 190 190 
26 87 98 98 98 193 253 
5 5 55 81 81 91 91 121 121 162 162 
196 
96 144 
154 
63 63 90 90 
5 5 42 42 94 94 
5 108 108 
22 22 22 43 58 58 58 204 204 
113 
71 
178 178 178 178 
70 70 70 
206 
81 81 125 125 125 126 126 160 160 203 203 203 

87 193 193 237 
5 
194 
