Nodes: 256, Edges: 632
60 60 
105 105 153 153 153 158 158 164 164 
153 153 153 
81 81 153 153 153 238 238 
14 18 18 18 32 32 139 139 139 208 208 
12 12 12 26 38 42 42 42 46 46 50 50 68 68 81 81 94 94 94 98 102 103 108 108 114 123 133 133 133 136 136 143 178 178 178 196 196 196 203 203 221 227 234 235 235 238 243 243 244 254 254 
212 222 
86 97 124 124 130 130 203 218 
71 71 71 71 81 81 168 168 215 228 247 247 247 
182 
51 
33 
5 5 5 
33 33 33 37 37 
4 32 47 47 51 51 51 107 138 146 152 152 180 180 208 208 
26 26 231 231 
78 89 93 

4 4 4 51 60 60 90 90 137 137 137 152 186 186 186 192 192 192 

98 98 166 166 
52 52 52 65 65 140 140 140 140 153 153 153 184 184 184 
245 245 
192 
152 
81 148 148 153 153 
5 15 15 33 33 59 59 62 67 72 72 72 82 82 84 84 87 98 117 117 122 122 141 141 196 196 207 207 231 231 237 
153 153 153 
88 88 88 165 
205 205 
64 64 64 175 175 196 196 230 230 
152 157 157 
4 4 14 
11 13 13 13 26 26 37 37 37 44 73 77 77 150 150 172 197 197 211 211 219 222 
137 137 137 
53 81 
203 203 203 
13 13 33 33 33 122 169 
5 42 

187 187 187 203 

5 5 5 38 243 243 243 
195 195 195 245 
33 59 59 150 150 150 172 172 172 172 188 188 188 222 
148 
5 5 
14 14 152 
152 
84 
5 5 123 159 159 159 
10 14 14 14 18 63 191 202 202 202 
21 21 21 
35 81 81 
127 216 
121 121 238 238 
94 227 227 
93 93 154 
203 203 203 214 214 245 252 252 252 
26 26 44 44 
0 0 18 18 76 76 76 174 174 174 174 206 236 
138 206 206 206 
26 
51 90 90 137 202 242 
30 30 30 
21 21 81 

26 
5 5 114 114 
223 223 223 223 223 
122 122 249 249 249 
8 8 8 8 131 228 247 247 
26 26 26 
33 
156 
171 205 205 217 217 233 233 
60 60 60 191 191 191 191 191 
33 33 210 210 
16 89 89 89 93 93 95 95 95 
111 111 
137 137 
3 3 5 5 8 8 25 35 53 53 65 93 93 93 148 148 153 153 153 160 162 176 176 203 203 203 228 228 228 238 238 251 251 
26 26 
113 204 204 204 
26 26 49 100 109 109 127 127 183 183 189 189 194 194 194 
228 228 
7 203 203 218 
26 115 237 237 237 237 253 
28 28 28 165 203 
16 78 78 78 
18 18 63 63 206 242 242 
121 
203 203 
16 57 57 78 78 81 81 81 111 111 154 154 176 176 201 201 224 241 
5 5 5 56 112 112 243 
78 78 78 
127 127 144 144 229 229 229 240 
7 130 130 
5 20 20 26 166 166 209 209 209 213 
251 251 251 
84 109 109 183 194 198 
106 
5 234 234 
5 221 
129 129 129 152 
1 1 
101 145 145 204 204 204 
14 119 119 152 
5 5 244 
84 84 100 100 127 127 127 183 183 198 
228 228 
79 79 93 93 
94 94 
83 145 177 204 204 246 246 246 
5 68 68 
87 
203 
26 26 
188 
107 107 152 152 152 152 
170 206 206 206 
55 55 91 238 238 
26 26 37 70 70 123 123 123 
5 50 122 122 122 161 161 161 
7 7 
251 
203 251 251 
54 84 84 96 96 109 109 109 187 187 189 216 229 229 229 
136 228 
104 104 104 
7 7 97 97 
71 228 228 
222 222 222 
5 5 5 227 
227 227 
175 175 175 
5 5 128 
18 18 18 34 34 34 63 80 80 202 202 
14 61 
4 4 4 
21 21 21 21 
26 26 
159 
5 149 149 151 165 203 203 203 
96 96 240 240 
106 106 113 204 
14 
171 
25 25 45 81 81 153 
143 143 203 203 
33 33 44 44 44 
143 
14 14 18 24 31 47 48 104 107 119 119 119 119 157 157 163 163 223 223 223 
1 1 1 2 2 2 3 3 3 21 21 21 25 25 27 27 27 81 81 81 148 179 228 228 
57 93 93 
206 206 
74 199 203 
31 31 152 152 
1 1 
50 50 50 142 
81 251 251 
123 123 123 
81 238 
152 152 
1 1 232 232 232 
28 88 143 203 203 
20 20 98 98 209 
173 
8 8 
37 
120 174 174 206 206 206 
75 147 205 205 
33 44 44 44 44 
167 176 176 176 
60 60 60 60 170 170 
30 30 135 135 135 196 196 
81 81 93 93 173 173 173 
113 204 
5 5 5 
153 
14 14 

9 196 
84 84 100 109 109 
21 21 21 

18 18 18 
40 40 40 127 127 
44 44 44 118 
84 84 127 196 196 
236 236 
51 76 76 76 76 76 205 205 
18 18 18 23 
237 253 
84 84 84 100 255 255 
43 43 43 204 245 
5 5 5 26 26 30 30 175 175 182 189 189 239 
33 33 
100 109 
156 
229 229 229 
93 93 
51 51 51 63 137 137 
5 5 7 36 36 36 40 58 58 58 81 81 81 86 86 88 92 92 116 126 143 143 143 149 149 156 165 165 214 220 251 251 251 
83 83 83 106 106 106 113 113 145 177 195 245 245 245 
29 29 75 75 171 171 191 191 
60 61 61 61 90 120 120 120 155 155 170 170 170 250 
26 26 
4 4 14 14 
98 98 98 166 
77 77 
33 33 
6 222 
98 
58 58 203 
8 
54 127 
75 75 
7 86 
33 
203 251 251 
5 103 
6 33 44 132 132 132 212 
69 69 69 69 69 152 152 152 
93 


5 56 56 133 134 134 
8 71 81 81 81 85 85 110 110 128 131 131 153 153 
96 96 96 127 127 127 200 200 200 
30 30 
15 15 26 26 
164 164 164 
75 75 
5 102 102 
5 5 
60 190 190 
26 87 87 87 87 193 253 253 253 
3 3 5 55 55 81 81 121 121 162 
196 
96 144 144 
93 
63 90 90 
5 5 42 42 42 94 
5 108 
22 22 43 58 195 204 204 204 251 
113 113 113 
8 8 8 71 71 

70 70 70 
206 
81 81 99 99 99 125 126 126 160 160 203 203 203 220 220 245 
58 58 58 
87 193 237 237 237 
5 5 
194 194 
