Nodes: 256, Edges: 632
60 60 60 236 236 
105 105 153 153 153 158 158 164 
153 153 
153 153 
14 14 14 18 139 139 208 
12 12 26 26 26 42 42 42 46 46 50 68 81 81 94 98 98 98 103 103 114 114 114 114 117 117 117 123 123 133 133 136 142 142 142 143 143 159 178 178 181 196 196 203 203 221 234 243 244 254 
212 222 
41 74 86 97 97 124 124 130 130 203 203 203 218 
71 71 81 81 168 168 168 215 215 228 228 228 247 
182 
51 
33 33 197 
5 5 
37 37 
4 4 4 18 18 32 32 47 51 138 139 139 146 146 146 152 152 163 163 208 
26 26 26 231 
78 89 89 93 
84 
4 14 14 51 51 90 90 90 137 152 186 186 186 192 192 206 
62 62 
98 98 98 166 
52 65 65 65 140 140 184 184 184 184 228 232 
245 245 
192 192 
152 152 
81 81 81 148 153 153 
5 5 5 15 15 15 33 33 44 44 59 62 62 67 67 72 72 82 82 98 108 108 117 122 141 196 196 196 207 207 231 237 
153 
88 88 165 165 165 
205 
64 175 175 182 182 196 196 
152 152 157 157 
14 14 202 
11 11 26 26 37 44 44 73 73 134 150 150 172 172 197 211 211 211 219 219 222 222 222 
137 137 
53 53 81 81 
203 203 
13 13 33 169 
42 42 
134 
203 203 
7 
5 5 5 38 38 81 243 243 
195 195 245 
26 26 33 33 59 59 150 150 172 172 172 172 172 188 188 188 222 222 222 
148 148 153 
5 5 
14 152 152 
58 152 152 
84 84 84 
5 159 159 216 216 216 216 
10 14 18 18 63 202 202 
21 
35 35 
216 
121 121 238 
227 227 227 
93 93 93 
48 104 104 152 245 245 
26 44 44 
0 0 0 76 152 174 174 174 174 206 236 
206 206 206 
19 19 26 26 
51 90 90 137 202 202 242 242 
30 
21 21 21 81 81 

26 26 108 
5 114 114 114 
146 146 223 
122 122 169 210 249 249 
8 8 131 131 228 228 247 247 
26 26 
33 33 
7 156 156 156 203 203 203 
171 203 205 217 217 233 233 
60 191 191 223 223 223 223 236 236 236 236 236 
134 210 210 
16 89 89 93 93 95 
111 
137 137 137 
5 5 8 8 25 25 25 35 35 42 65 65 93 93 148 148 148 148 153 153 153 160 162 162 176 176 176 203 203 228 228 228 238 238 251 
26 26 
113 113 204 
17 49 49 49 100 100 127 194 194 194 
228 228 
7 203 203 
115 115 237 237 237 253 253 
28 28 165 203 203 203 203 
16 16 78 78 
18 18 18 63 63 206 242 
238 
203 203 203 
16 57 57 57 78 78 81 81 111 154 154 154 176 176 201 224 241 241 241 
5 112 112 243 
78 
127 127 144 144 229 229 229 229 240 240 
7 7 130 130 130 
5 5 5 20 20 20 26 166 166 209 209 213 213 237 237 
251 251 
84 84 109 183 194 194 194 198 
106 
234 
5 5 221 
58 58 129 129 152 
1 1 
101 145 145 204 204 204 
119 119 
26 26 67 244 
100 183 183 183 183 198 
228 228 228 
79 93 
94 94 
83 83 145 204 204 246 246 
5 5 5 5 68 68 68 227 
87 87 
203 
5 5 5 26 
188 188 
107 107 152 
170 206 
55 55 238 238 
26 70 70 123 123 
5 5 122 122 161 196 196 
7 7 
251 251 251 
251 251 251 251 251 
84 96 96 187 189 189 229 229 
228 228 228 
104 104 
7 7 97 97 97 
71 71 228 228 

5 5 
33 39 77 

5 
18 34 34 63 80 80 80 202 202 
14 
4 4 14 14 
21 21 
26 
5 5 5 159 
5 5 149 149 151 151 203 203 
96 96 240 240 
106 106 113 204 
14 14 14 69 69 152 152 
171 
25 45 45 81 81 81 81 153 153 
143 143 203 
33 33 44 44 
143 143 228 
14 14 18 24 24 31 31 47 47 48 48 58 60 104 119 146 146 157 163 223 
1 1 1 2 2 3 3 25 25 27 45 81 81 81 148 148 179 
93 93 93 176 176 241 241 
206 
74 74 74 199 199 203 203 
31 31 152 
1 1 164 164 164 
5 50 50 142 
81 251 
123 
81 81 238 
14 14 152 
1 158 158 158 232 
28 28 28 88 203 
20 98 98 209 209 209 

8 8 8 
37 70 
120 174 206 206 206 
75 147 205 
33 33 44 44 44 44 44 
176 
60 60 60 60 170 
30 30 196 196 
81 81 81 93 93 154 154 173 
204 204 
5 5 248 248 
153 

5 
9 30 30 196 
100 109 109 109 109 
21 21 21 21 

18 18 18 
127 
44 44 44 118 118 
127 127 196 196 196 
236 236 
76 76 
18 18 23 23 
237 253 253 
84 84 84 100 100 100 255 255 
43 43 204 204 245 
5 5 26 26 26 30 30 123 123 175 175 182 189 189 189 239 239 239 
11 33 
100 109 
156 156 
229 229 
93 
32 51 51 63 63 137 137 
5 5 7 7 7 36 36 40 40 74 74 74 75 81 81 86 86 88 88 88 88 92 92 92 116 143 143 149 156 156 165 214 220 251 251 252 
83 106 106 106 113 113 145 177 177 195 195 245 245 
29 75 171 
18 60 61 61 61 90 120 155 170 170 170 250 
26 26 
4 14 
98 98 166 166 166 
70 77 77 
33 33 33 
6 222 222 
98 98 
203 
8 8 
50 50 50 50 54 
75 75 233 
7 
33 33 
203 251 
5 103 
6 33 33 33 44 44 44 212 212 
69 76 76 76 76 152 
93 


56 56 56 114 
8 8 8 21 71 71 81 81 81 85 85 110 110 110 128 128 128 131 131 151 
96 96 96 96 127 127 200 200 240 240 

15 26 
21 164 
75 75 217 
5 102 

0 0 60 76 76 76 76 76 190 190 
26 87 87 87 98 98 193 253 253 
55 81 81 91 121 121 162 
196 196 196 
96 96 144 144 229 229 
93 93 93 154 154 
63 63 90 
5 42 42 94 
5 108 
22 22 43 58 58 195 204 204 
113 113 
8 71 71 
178 178 
70 70 
206 
81 99 99 125 125 125 126 126 126 126 126 160 203 203 220 
203 
87 87 193 193 237 237 
5 
194 194 
