Nodes: 256, Edges: 632
60 60 60 236 236 236 
21 21 105 105 153 158 158 164 164 
153 153 
81 153 238 
14 18 18 32 32 139 139 139 139 139 208 208 
12 12 12 26 26 26 38 46 50 50 68 81 81 81 94 94 98 102 108 114 114 117 123 133 136 142 142 159 159 178 178 178 181 196 196 203 207 221 221 227 227 234 235 243 243 244 244 254 
212 222 222 222 
41 74 74 86 86 86 97 97 203 203 203 
81 81 215 215 215 228 228 247 
182 182 
14 51 
33 197 
5 5 5 227 
33 37 37 
4 10 18 18 32 32 47 47 51 51 138 139 139 146 146 146 152 163 180 180 208 208 
26 26 231 231 231 
78 78 89 89 93 93 93 
66 84 84 84 203 
4 4 14 14 51 60 60 137 137 152 152 152 186 186 186 192 206 206 
62 
98 98 166 166 
1 1 45 45 52 65 65 140 153 153 184 184 184 228 228 
245 
192 192 
152 152 225 
81 148 148 153 
5 5 5 15 15 33 33 33 59 62 62 72 82 82 84 87 87 108 122 122 141 169 207 231 231 231 237 237 
153 
88 88 165 
205 
64 64 175 175 175 182 182 182 196 196 230 
152 152 152 157 
4 4 14 14 202 
11 13 26 26 26 37 37 44 73 134 134 150 172 172 197 197 211 211 219 219 219 222 222 222 
137 137 
53 53 53 81 81 
203 203 
13 13 33 33 122 169 185 
5 42 

187 187 
7 
38 81 162 243 
195 195 195 245 245 
33 59 150 150 172 172 172 188 
21 21 153 
5 
14 14 152 152 
58 
84 84 
5 5 108 123 123 123 159 159 159 216 
10 14 14 18 202 202 202 202 
21 
35 35 35 81 81 
127 
238 238 
227 
93 93 93 154 
48 203 203 214 245 245 252 252 
26 44 
0 0 0 18 18 76 152 174 174 206 206 206 236 
206 
19 26 26 
90 202 202 242 
30 30 
21 21 81 81 81 
17 

5 114 114 114 
146 146 146 223 223 223 223 
122 122 169 210 210 210 249 
131 131 228 
26 
33 
7 7 156 203 203 203 
171 205 233 
60 191 191 191 223 223 223 236 
210 210 
16 16 89 93 93 95 95 95 
111 111 

3 5 5 5 8 8 25 35 35 42 53 53 65 65 65 93 93 148 148 153 153 153 160 162 173 176 176 176 203 203 203 228 228 228 238 238 238 251 251 
26 26 
204 
17 17 17 26 49 49 100 100 100 109 127 127 183 189 194 194 194 194 
228 228 228 
7 7 7 218 218 
26 26 115 237 237 237 253 
28 28 165 165 203 203 
16 16 78 
63 206 206 242 
121 121 238 238 
203 203 203 
16 16 16 57 57 57 78 78 81 81 111 111 154 154 176 176 201 201 201 224 224 241 
5 5 112 112 243 
78 78 78 
127 127 144 229 229 229 240 240 240 
7 7 130 130 
5 20 20 122 166 209 209 213 237 237 
251 251 251 
84 84 84 109 109 109 

5 203 234 
221 
129 
1 1 
204 
119 119 152 152 
5 26 50 244 
84 100 100 100 127 183 183 198 
228 228 
79 79 93 93 
94 94 
204 204 204 
5 5 68 68 68 
87 
203 203 203 
5 
188 
107 107 152 152 152 
170 
91 91 238 238 238 238 
26 26 37 70 70 98 123 123 210 
5 50 50 50 122 122 161 161 196 196 

251 251 
203 251 251 
54 84 84 96 96 109 187 189 229 229 229 
228 
104 
97 97 
71 71 228 228 
222 222 
5 
33 33 227 227 227 227 
175 
5 
18 18 34 34 202 202 
14 
4 4 4 4 4 14 14 
21 
26 178 
5 5 159 
149 149 151 151 165 165 203 203 203 
96 240 

14 14 14 69 69 69 152 152 

25 25 81 81 153 153 
143 143 203 
33 44 44 
143 143 
14 18 18 18 24 24 31 31 31 47 47 60 107 107 119 119 119 146 146 157 163 223 223 223 
1 2 2 3 21 21 25 27 45 81 81 81 148 148 179 228 228 228 
57 93 93 241 
206 206 
74 203 
31 152 
1 1 164 164 
5 5 50 50 50 142 
81 251 251 
123 123 
42 81 238 
14 152 
1 1 158 158 232 
28 88 88 143 143 203 203 203 
20 20 98 209 209 
173 173 

26 37 70 
120 206 206 206 
75 205 205 
33 33 44 44 44 
81 167 167 176 176 
60 60 206 
30 30 30 135 196 
81 81 81 93 93 173 173 
204 204 
5 5 5 141 248 248 
153 
14 14 
5 203 
9 9 30 30 30 
84 109 109 
21 21 21 
37 
18 18 18 
40 40 127 
44 118 
84 127 196 196 196 
236 236 236 
76 76 76 205 
18 23 23 
237 237 253 253 
84 84 84 84 255 255 255 
43 43 43 204 245 
5 5 30 30 123 123 175 189 189 189 
11 33 33 
109 

229 229 229 
93 93 93 
32 51 51 51 51 63 63 137 137 
5 7 7 7 17 36 36 58 58 74 74 74 81 81 81 88 88 92 92 92 102 116 116 116 126 143 143 143 149 156 165 165 165 181 220 220 251 251 252 252 
83 106 113 113 113 177 177 195 245 245 245 
29 75 171 171 191 
18 18 60 60 60 61 90 90 155 155 170 170 170 174 250 
5 26 
4 4 14 14 
98 98 166 166 
70 70 70 77 77 122 
33 33 
6 222 
98 
58 
8 8 8 
50 
233 233 
86 86 
33 33 33 
203 203 251 
5 5 103 
6 6 6 33 33 33 132 132 212 
69 69 69 69 76 76 76 152 152 152 
93 93 
24 

5 5 12 56 134 134 134 134 
8 8 21 21 71 81 81 81 85 85 85 110 110 128 131 131 153 153 153 
96 96 96 127 127 127 200 200 200 240 240 
30 
15 15 15 26 26 26 
164 
75 217 217 
5 102 
5 
0 0 0 60 76 190 190 190 
26 26 87 87 87 98 98 193 193 
3 55 55 81 81 81 91 91 121 121 121 121 162 

96 96 96 144 229 229 
93 154 
63 90 
5 5 42 94 
5 5 108 
22 43 43 58 58 195 204 204 204 

8 
178 178 
70 
206 
81 81 99 99 99 125 125 126 126 160 160 203 203 220 
58 58 203 203 
87 193 193 
5 
194 194 194 
