Nodes: 256, Edges: 632
60 236 236 236 
21 153 158 158 164 164 
153 153 153 
81 81 153 238 
14 14 18 18 18 32 32 139 139 208 208 208 
12 12 26 26 38 38 42 42 42 46 46 50 68 68 81 81 81 94 94 94 102 102 102 114 114 117 123 123 136 136 142 143 159 178 178 196 196 196 203 203 203 207 221 221 227 234 234 235 238 243 244 254 254 
212 222 222 222 
41 74 86 86 86 97 97 97 124 124 130 130 203 218 226 
71 71 81 81 81 168 215 215 215 228 247 247 
182 182 
14 
33 197 
5 5 
33 37 37 
4 4 10 18 18 32 32 47 47 51 107 138 138 146 146 152 163 163 163 180 180 
26 231 231 
78 78 89 89 93 93 93 
66 84 
4 4 4 14 14 51 60 90 90 137 137 152 186 186 
62 
98 166 
1 52 65 65 140 140 140 153 184 184 184 228 228 
245 245 

225 
81 81 148 148 153 153 
5 5 15 33 33 33 59 59 62 62 67 67 72 87 98 98 108 108 117 141 169 196 196 231 237 
153 153 
88 165 165 
205 
64 64 64 175 175 182 182 196 196 196 196 230 
152 152 152 157 
4 4 14 14 202 
11 13 26 26 26 37 37 44 46 73 73 77 77 134 150 150 172 172 197 197 211 211 211 219 222 
137 
53 81 
203 203 
13 13 33 33 169 169 185 
5 5 42 
134 
203 203 
7 
5 5 5 38 81 125 125 243 
245 
33 59 150 150 172 188 188 222 222 
148 148 148 153 
5 5 33 77 
14 14 152 152 152 


5 123 216 
14 18 63 202 202 202 202 202 
21 
35 81 
127 127 
121 121 238 238 238 
227 
79 93 93 93 154 154 
203 214 245 245 252 252 
26 26 44 
0 18 76 76 120 152 174 174 206 236 236 
138 206 206 
19 26 26 
51 90 90 137 137 137 
30 30 30 
21 21 81 81 81 
17 
26 26 108 
5 5 114 114 
146 223 223 223 
122 122 210 210 249 
8 8 131 247 247 
26 
33 33 
7 156 203 
171 205 205 
60 60 191 191 191 223 223 236 236 236 
33 33 46 210 210 
16 16 89 89 89 93 93 93 95 95 95 
57 111 

3 3 5 5 5 8 8 8 25 25 35 42 53 65 65 65 93 93 148 148 148 148 153 153 153 162 173 176 176 203 203 228 228 228 238 238 251 251 

113 204 204 
17 100 100 109 127 127 127 183 189 194 194 194 194 
228 
7 7 7 203 203 
26 237 237 
28 165 165 203 203 
16 16 78 78 78 
18 18 63 63 206 242 
121 121 121 238 238 
203 
16 16 16 57 57 57 78 78 78 81 81 111 111 154 154 154 176 176 176 201 224 224 224 241 
5 5 5 112 112 112 243 243 243 
78 78 78 
127 127 144 144 144 229 229 229 229 240 240 
7 7 7 130 130 
20 26 26 122 166 209 209 213 237 
251 
84 84 109 194 194 198 
106 
5 5 5 203 234 
221 
129 129 129 152 

101 204 
14 152 
26 26 67 244 244 
84 100 127 183 183 183 198 
228 
79 93 93 
94 94 94 
83 145 177 177 204 246 246 
5 5 68 68 227 

203 203 203 
5 26 
188 
152 152 152 152 152 
60 170 170 170 206 
55 55 91 91 91 238 238 238 
70 70 98 123 123 123 123 123 210 210 210 
5 5 50 122 122 122 122 122 161 196 196 
7 7 
42 42 251 
203 251 251 
54 54 84 84 84 96 96 109 189 189 216 216 
228 228 228 
104 104 104 
7 7 97 97 
71 
222 
227 227 227 
33 39 227 227 227 
175 175 175 
5 5 
18 18 34 63 63 63 202 
14 14 61 
4 4 
21 21 21 
26 178 
5 159 
5 149 149 151 151 165 203 203 
96 96 96 240 240 
113 204 204 
14 14 69 152 152 
171 
25 25 45 45 45 81 81 81 81 153 
143 143 203 203 220 
33 33 44 44 
143 143 228 
14 18 31 31 31 47 47 47 60 104 107 119 119 119 119 119 146 146 157 157 163 163 163 
1 2 2 2 3 21 25 25 27 27 45 81 81 81 148 179 228 228 228 
57 57 93 93 93 176 176 
206 
74 199 199 203 
31 152 152 
1 1 164 
5 142 
251 
123 
81 238 238 
14 14 14 152 152 152 
1 1 158 232 232 232 
28 28 88 88 143 203 203 
20 98 

8 
26 37 37 
120 120 120 174 206 206 206 206 
75 147 205 
33 33 44 
81 176 
60 60 170 206 
30 30 135 135 135 
81 81 93 93 93 154 154 173 
113 113 204 204 204 
5 5 141 248 
153 
14 14 
203 
9 9 30 30 196 196 
84 109 109 109 
21 21 21 
37 
18 18 

44 44 118 
84 127 127 196 196 
236 
76 76 76 

237 237 253 
84 84 84 84 100 100 255 
204 204 204 245 
5 5 5 26 26 30 30 30 30 123 123 182 182 189 189 239 
11 33 33 
100 109 
156 156 
229 
93 
32 51 51 51 51 51 137 
5 5 5 7 36 36 40 40 58 74 81 81 86 86 88 88 92 102 116 116 116 126 143 143 149 149 156 165 165 181 214 251 251 252 252 
83 83 106 113 145 145 177 177 177 195 195 195 245 
29 75 75 171 
60 61 61 90 120 155 170 170 170 170 174 250 250 
5 
4 4 4 
98 98 
70 70 77 77 122 122 122 
33 33 33 
6 222 
98 
58 203 
8 8 8 
50 127 127 
233 233 
7 
33 
149 251 251 
5 5 103 
6 6 6 33 44 44 132 212 
69 69 69 76 76 
93 93 93 
24 
7 
5 56 114 133 133 133 134 134 134 
8 21 21 81 81 81 85 110 128 128 128 151 153 153 153 
96 96 96 96 200 240 
30 
15 15 26 
164 164 164 
217 217 
5 5 102 
5 
0 0 0 60 60 76 76 76 190 
26 87 87 98 193 193 253 253 253 
3 5 55 55 55 81 81 91 91 121 121 121 162 162 
196 
96 96 144 144 229 
93 
90 
5 42 94 94 94 
5 108 108 
22 22 43 58 58 195 204 
113 113 
8 8 71 71 
178 
70 
206 206 
81 81 99 125 126 126 160 203 203 220 220 
58 58 203 203 
193 237 237 237 
5 5 
194 
