Nodes: 256, Edges: 632
60 60 236 
105 153 153 158 158 164 164 
153 153 
81 153 
18 18 32 139 139 139 
12 12 12 12 26 26 38 38 38 42 46 46 50 50 50 68 68 68 81 81 94 98 98 102 108 114 114 114 117 117 117 123 123 133 136 136 142 142 142 159 178 196 203 203 207 221 234 235 235 238 243 244 244 254 
212 222 222 
41 41 41 74 86 86 97 97 124 203 203 218 218 226 
71 71 81 81 81 168 168 215 215 215 228 228 247 
182 182 
51 
33 197 
5 5 5 5 227 

18 32 32 47 47 107 138 138 138 139 146 146 152 180 208 
26 26 231 231 
78 89 89 93 
66 84 84 84 84 
4 4 14 51 60 90 90 137 137 152 152 152 186 186 186 192 192 206 206 
62 62 62 
166 166 166 
52 52 52 65 65 140 184 184 228 232 
245 245 
192 192 192 
152 225 
81 81 148 148 153 153 
5 5 15 15 33 44 44 59 59 62 62 62 67 67 72 84 84 87 87 98 98 108 108 117 117 117 122 141 185 207 231 231 231 237 
153 153 
88 165 165 165 
205 205 
64 64 64 175 182 196 196 196 196 230 230 230 
152 152 
4 14 14 
11 26 37 44 46 73 73 73 150 172 172 197 211 211 219 219 219 222 
137 137 
53 81 
203 
33 122 169 169 185 
5 5 5 42 42 
134 134 
187 187 
7 7 7 
5 38 38 81 81 162 243 
195 195 
26 26 33 59 59 150 172 172 188 188 222 222 
148 
5 5 33 77 
14 14 152 152 
58 152 152 

5 5 5 108 112 123 159 159 216 216 216 
10 18 202 
21 21 21 
35 81 81 
127 
121 121 238 
227 227 227 
93 93 
48 104 152 245 245 252 252 
26 26 44 44 
0 0 18 76 76 152 152 174 174 174 206 206 236 
138 206 206 
19 19 19 26 26 26 
90 137 137 137 202 242 242 
30 30 30 
21 21 81 81 81 
17 
26 26 
5 5 5 114 114 
146 223 
122 210 210 249 
8 8 131 228 247 247 
26 
33 33 33 
7 156 156 156 
203 205 205 205 217 217 233 
60 60 223 223 223 236 236 236 
46 134 210 
16 89 89 93 93 95 95 
111 111 
137 
3 5 5 8 8 8 25 25 35 42 42 53 53 65 65 65 93 148 148 153 153 153 160 160 176 203 203 228 228 228 238 238 251 

113 113 204 
17 17 17 17 26 26 100 100 100 109 109 127 127 127 183 189 189 194 194 194 
228 228 
7 7 203 203 218 218 
26 26 115 115 237 253 
28 165 203 
16 16 78 78 
18 18 63 242 
121 238 238 

16 57 57 78 78 81 111 111 111 176 176 176 201 201 224 224 241 241 
5 112 112 243 
78 78 
229 229 229 229 229 
7 7 130 
5 5 26 26 166 209 209 209 213 237 237 
251 251 
84 84 84 109 109 183 194 198 
106 
5 203 203 234 234 234 

58 129 129 152 
1 
101 145 145 145 204 204 
14 119 119 152 
5 26 26 50 244 244 
84 84 100 100 127 127 127 183 183 
228 228 228 228 228 
79 79 93 93 93 
50 94 94 
83 83 145 145 145 177 177 177 246 
5 5 5 68 68 227 227 227 
87 87 
203 
5 5 5 26 26 26 
188 188 188 
107 107 137 152 152 152 
170 206 
55 55 91 238 
26 37 70 123 123 210 
5 5 50 122 122 161 161 196 196 
7 
251 251 
203 251 
54 84 84 84 109 109 109 187 187 189 189 189 216 229 229 
228 
104 104 
97 
71 228 

5 
39 39 77 227 227 227 
175 
5 5 
18 18 34 34 63 63 63 80 119 
14 14 14 61 
4 4 4 14 
21 
26 178 
5 5 5 159 
149 149 149 165 165 203 
240 
106 106 106 113 113 113 
14 14 69 152 152 
171 
25 25 45 81 81 153 153 
143 143 143 
33 44 
153 153 
14 18 18 18 24 31 31 47 47 48 48 58 60 60 104 107 119 119 119 146 146 157 163 163 223 223 
1 1 2 2 3 25 25 27 27 81 81 81 148 148 151 151 179 179 179 228 228 
176 176 241 
206 
74 74 74 199 199 203 
152 
1 1 164 164 164 
5 50 50 142 
81 81 251 251 
123 123 
42 238 
152 152 
1 1 158 158 158 232 
28 28 28 88 143 143 203 203 
20 20 20 98 209 209 
173 
8 8 
37 37 
120 206 206 206 
147 205 205 
33 33 44 44 
167 176 176 
60 60 60 
30 135 196 196 
81 93 93 93 154 154 173 173 
113 113 113 204 
5 141 248 248 248 
153 153 153 
14 
203 
9 9 30 196 196 
84 100 109 109 
21 21 228 
26 37 
18 18 18 
40 40 127 127 
44 44 118 118 118 
84 84 127 127 127 
236 236 236 
205 
18 18 23 23 23 
237 237 253 
84 84 84 100 255 255 255 255 
43 43 204 204 245 
5 30 30 30 30 123 123 175 175 182 182 239 
11 33 
100 
156 156 
229 229 
93 93 
51 63 
5 5 7 7 36 75 81 81 86 86 88 102 102 116 126 143 156 165 165 181 214 220 251 251 251 252 
83 106 106 177 195 195 245 245 
29 29 75 75 75 171 171 191 
18 18 60 60 61 61 120 155 170 170 170 250 250 
5 26 
14 
98 98 98 166 166 
70 70 77 122 
33 33 
6 222 222 
98 
203 
8 8 8 
50 50 50 127 
75 75 233 
7 7 86 86 
33 33 33 
203 251 
5 
6 6 33 44 44 212 212 
69 76 76 76 152 152 
93 93 
24 
7 
12 56 56 56 114 114 114 134 134 134 
8 8 21 71 81 81 81 85 85 110 110 110 110 110 128 131 153 153 184 
96 96 96 96 96 127 127 200 200 240 240 
30 30 30 
15 15 26 26 26 
21 164 
75 217 
5 102 102 102 
5 5 
0 60 76 76 76 190 190 190 
26 87 98 98 193 193 253 
5 55 81 81 91 91 121 162 
196 
144 229 229 
93 93 154 
63 63 90 
5 42 94 
5 5 108 108 
22 22 58 58 195 204 204 
113 
8 71 71 
178 178 178 
70 
206 206 
81 99 99 125 125 126 160 160 203 203 203 220 
58 58 203 
87 193 237 
5 
194 194 194 194 
