Nodes: 256, Edges: 632
60 60 236 
21 105 153 158 164 164 164 
153 
81 153 153 238 238 
18 18 18 32 139 139 208 208 
12 12 26 26 26 38 42 46 46 50 68 81 81 98 98 102 102 103 114 114 123 133 133 136 142 181 203 203 207 221 221 221 227 234 235 238 238 244 244 254 254 
212 222 222 222 222 
41 41 41 74 74 86 86 97 97 124 130 130 203 203 203 218 218 218 226 
71 71 71 81 81 168 215 228 228 228 
182 182 


5 5 227 
33 33 37 
32 32 47 47 51 138 146 152 152 163 208 208 
26 26 26 231 231 
78 78 89 89 89 93 93 
66 84 
4 4 4 51 51 60 90 137 137 152 152 186 192 192 206 206 206 
62 62 
98 98 
1 45 52 52 65 65 65 65 140 140 140 153 153 184 184 184 228 
245 
192 192 
152 
81 148 
5 5 5 15 15 15 44 59 62 62 67 67 72 72 82 82 82 84 87 87 98 108 108 117 117 122 122 141 141 196 207 207 231 231 
153 
88 88 165 165 165 
205 
64 175 175 175 182 182 196 196 196 196 196 230 
152 152 
4 14 14 
13 13 37 73 73 73 77 77 134 134 172 211 211 211 219 219 219 222 
137 
81 81 81 
203 203 
13 33 122 169 185 
5 42 42 42 
134 134 
187 187 187 203 203 203 
7 7 7 
5 38 38 38 81 81 125 125 125 162 243 243 
195 245 245 
26 59 59 150 150 172 172 172 188 188 188 222 222 
21 148 153 
5 5 77 
14 14 107 152 152 152 
152 152 
84 
5 123 123 159 159 216 216 
14 18 18 63 191 202 202 202 
21 21 

127 
121 121 238 
94 227 227 227 
93 154 
203 203 214 245 252 252 
26 44 44 
0 0 18 76 152 152 174 174 174 206 236 
206 206 
19 19 26 26 
51 90 137 202 202 202 
30 
21 21 21 21 81 81 
17 
26 26 
5 114 114 114 
146 146 223 223 
122 122 122 169 210 249 249 249 
8 8 8 131 228 228 228 247 247 
26 26 
33 33 33 
7 7 156 203 203 
171 205 217 217 217 233 233 
60 191 223 223 236 236 236 236 
33 33 46 134 210 210 
16 16 93 93 95 
111 111 
137 137 
3 5 5 8 8 25 35 35 35 42 42 65 65 93 93 93 148 148 148 148 153 153 153 160 162 162 176 203 203 228 228 228 238 238 238 251 
26 26 26 
113 204 
17 26 49 100 100 127 127 183 189 189 194 
228 228 
7 7 203 203 218 218 218 
26 26 237 253 253 
28 28 165 203 203 203 
16 16 16 
18 63 206 242 242 
121 238 238 
203 203 
16 16 57 78 78 81 81 81 111 111 154 154 176 176 224 241 
56 112 112 243 
78 
127 127 144 229 229 229 229 240 240 240 
7 7 130 
5 5 20 20 26 166 166 166 209 213 213 237 237 
251 251 251 
84 84 109 109 194 194 198 
106 
5 5 203 234 
5 221 
129 129 152 
1 
101 145 145 145 204 204 204 
47 119 119 152 
26 26 244 
100 100 127 183 183 
228 228 228 
79 79 93 93 
94 94 
83 145 145 177 204 246 246 
5 5 68 68 68 227 227 227 

203 
26 26 
188 
107 107 152 152 152 152 
170 170 206 
55 55 91 238 238 238 
26 26 37 70 70 70 123 123 
5 50 50 122 122 161 161 196 196 
7 
42 42 42 
203 251 
54 84 84 96 96 109 216 229 

104 104 
7 7 97 
71 
222 222 
5 5 227 
33 33 39 39 77 227 
175 
5 
18 18 34 63 80 80 202 202 
14 
4 4 
21 21 21 
26 26 
5 
149 151 151 151 151 165 165 203 203 217 
96 240 240 
106 106 106 113 113 204 
14 69 69 152 

25 45 81 81 81 81 153 153 
143 203 203 220 
44 44 
143 143 143 143 
14 14 18 18 24 31 31 47 47 47 48 48 60 60 104 107 119 119 119 119 146 157 
1 2 3 3 21 21 27 45 81 81 81 148 148 179 179 179 228 228 
57 93 93 241 241 
206 206 
74 199 199 203 203 
152 
1 164 164 
50 50 
81 251 
123 123 
42 81 81 238 
14 
1 1 1 158 158 232 232 
28 28 28 88 143 143 203 203 
98 98 98 
173 173 
8 
37 70 
120 120 174 174 206 206 206 
75 205 205 
33 44 44 44 
167 167 176 
60 60 60 170 170 206 206 
30 30 30 135 196 196 196 
81 93 93 173 
113 204 204 
248 248 248 
153 153 153 

5 203 
9 9 30 30 196 
84 109 109 
21 21 21 
37 
18 
40 40 40 
44 44 44 118 
84 84 196 
236 236 236 
51 76 205 
18 18 23 23 
253 253 
84 100 100 255 255 255 255 
43 204 204 245 245 
26 30 30 30 30 30 123 123 175 175 175 182 189 239 239 

100 
156 156 
229 229 229 

51 51 51 63 63 63 137 137 
5 5 7 7 7 36 36 40 40 40 58 58 74 74 81 81 86 86 88 88 88 92 92 102 116 126 143 143 149 149 156 156 165 165 181 220 251 251 251 252 252 252 
83 106 106 106 113 145 177 177 195 195 245 245 
29 75 171 171 191 
18 18 18 60 61 61 90 120 155 155 170 170 170 174 174 250 250 
5 26 26 
4 4 14 14 
98 
70 77 77 
33 33 33 
6 222 222 
98 98 
58 
8 
50 50 127 
75 75 75 143 
7 7 7 86 86 86 
33 33 33 
149 203 
5 5 5 103 
6 6 6 6 33 44 44 132 132 212 212 
69 69 76 76 
93 

7 
5 12 56 56 56 114 114 114 133 134 
8 8 8 21 71 71 71 81 81 81 85 85 110 110 110 153 153 
96 96 96 96 127 200 200 200 240 
30 
15 15 26 26 
164 164 
75 75 
5 102 
5 
0 60 76 76 76 76 190 190 190 
87 98 98 
3 3 5 5 55 81 81 81 91 91 121 121 121 162 
196 196 
96 96 96 144 144 229 
93 154 154 
90 90 
42 42 94 
5 5 108 
22 43 43 58 195 195 204 204 
113 113 
71 71 
178 178 178 
70 70 70 
206 206 
81 99 99 99 126 160 203 203 203 
58 58 203 203 203 
87 87 193 193 
5 5 
194 194 194 194 
