Nodes: 256, Edges: 632
60 236 236 
21 21 105 105 153 153 158 
153 153 
81 81 153 153 153 238 238 238 
18 18 32 139 139 
12 12 26 26 26 38 42 46 50 50 68 68 68 81 81 94 94 98 102 102 103 103 108 114 114 114 123 123 133 136 136 142 142 142 143 143 143 159 178 178 196 196 203 221 221 221 227 227 234 235 235 238 238 244 254 
212 222 222 
41 41 74 74 86 97 97 124 124 130 130 203 203 203 218 218 218 226 
71 71 81 81 168 168 215 215 215 228 228 247 
182 182 
14 51 
33 
5 5 227 
33 33 
10 18 32 32 32 47 107 138 138 138 139 139 146 146 152 152 152 163 163 180 
26 26 231 
78 78 89 89 
84 84 84 
4 4 14 51 51 60 60 60 90 137 152 152 186 192 206 206 
62 62 
98 166 166 166 
1 1 52 52 65 140 140 140 153 184 228 228 

192 
152 225 
81 148 148 148 153 
5 5 5 15 15 33 33 44 44 59 59 59 62 62 67 72 72 82 82 82 84 87 87 98 108 108 117 117 122 141 141 185 196 207 207 231 237 
153 153 
165 
205 205 
64 175 175 182 182 196 196 230 
152 152 152 152 
4 14 14 14 202 
11 13 13 26 26 37 46 73 73 134 150 150 150 172 172 211 222 222 
137 
53 81 81 81 
203 
33 122 169 169 
5 42 
134 134 
187 203 203 
7 7 
5 38 81 81 125 243 243 243 
195 195 245 245 245 
26 26 59 59 150 150 172 172 172 172 188 222 222 
148 153 
5 33 77 
14 107 152 152 
58 58 
84 
5 5 123 123 159 159 216 216 
10 18 18 63 191 202 202 202 
21 21 
35 81 
127 
121 121 238 238 
227 
79 93 93 154 
48 48 214 214 245 
26 26 26 44 44 
0 18 18 18 76 76 120 152 152 174 174 174 206 206 236 
206 
19 19 26 26 
51 90 137 137 137 202 242 
30 
21 81 81 224 

26 108 
5 5 5 114 
146 146 223 
169 210 249 249 249 
8 8 131 228 228 247 
26 26 
33 33 
7 7 156 156 203 
205 205 217 217 217 233 233 
60 60 191 191 223 223 236 
46 134 210 210 210 210 
16 16 89 89 93 95 95 95 
57 111 111 
137 
3 3 5 5 8 8 25 35 35 35 42 42 53 65 65 93 93 148 148 148 148 148 153 153 153 160 160 162 173 176 176 203 203 228 228 228 238 238 238 251 
26 26 26 
113 113 204 
17 17 17 26 49 100 100 109 109 127 127 183 189 189 189 194 194 194 194 
228 228 
7 203 203 218 218 
26 26 237 237 237 
165 203 203 203 203 203 
16 16 78 78 
18 63 206 242 
121 121 
203 203 
57 57 78 81 81 111 111 154 154 154 176 201 241 241 
5 5 112 112 
78 78 78 
127 127 229 229 229 229 240 
7 7 130 130 130 
5 20 26 122 166 209 209 213 213 237 237 
251 251 
84 84 109 194 198 
106 
5 5 203 203 203 234 
5 5 
129 
1 1 
101 145 204 
14 47 152 152 
5 26 26 67 244 
84 84 100 127 127 127 183 183 198 198 
228 228 228 
79 79 93 93 
94 94 
83 83 177 177 204 246 
5 5 5 68 

203 203 
26 26 
188 
152 152 152 152 152 
60 170 206 
55 55 91 91 238 238 238 
26 37 98 123 123 123 123 210 210 210 
5 5 50 50 122 122 122 122 161 196 
7 7 
42 251 251 251 
251 251 
54 84 84 96 96 109 109 109 187 187 189 216 229 
228 228 
104 
7 7 97 97 97 
71 228 228 
222 222 
5 227 
33 39 39 77 227 227 227 227 
175 
5 5 
18 34 63 63 63 80 202 
14 14 14 
4 4 14 14 
21 21 21 
26 26 
5 5 5 159 
5 5 5 149 149 203 
240 
106 204 204 
14 14 69 69 152 152 
171 
25 25 25 45 81 81 81 81 81 153 153 
143 143 203 
33 33 33 44 44 
153 228 228 
14 14 14 18 18 24 31 31 31 31 47 47 60 60 107 107 119 119 119 119 119 146 146 157 163 163 
1 1 2 2 3 3 3 21 25 27 27 45 81 81 81 148 148 151 228 
57 93 93 93 176 176 241 241 
206 
74 74 199 203 
152 
1 
5 50 50 142 
81 81 251 
123 
81 238 
14 14 152 152 
232 232 232 232 
28 88 203 203 
20 20 20 98 209 

8 8 
37 37 70 
120 174 206 206 206 
147 205 
33 33 44 44 44 44 
81 
60 60 60 170 206 
30 30 135 
81 81 93 154 154 
113 113 204 204 
5 5 248 

14 

9 9 30 30 
84 109 109 189 
21 
26 
18 
40 127 127 
44 118 
84 84 84 127 183 
236 
51 76 76 205 205 
18 23 
237 253 
84 84 84 84 100 255 255 255 255 
43 43 204 204 245 
5 5 26 30 30 123 239 239 

100 109 109 
156 
229 229 
93 
32 51 51 51 63 137 
5 7 7 7 36 40 40 74 81 81 86 86 88 88 88 88 88 92 92 102 102 102 116 116 143 149 156 165 165 220 220 251 251 251 252 252 
83 106 113 145 145 177 177 195 195 245 245 
29 29 75 75 171 191 191 
18 18 60 60 61 90 120 155 170 170 170 174 250 250 
26 26 

98 98 166 
70 77 77 77 77 122 122 122 
33 
6 222 
98 98 
58 58 
8 8 8 
50 50 127 
75 75 75 233 
7 7 7 86 86 

203 203 
5 5 5 
6 6 33 33 44 44 132 132 212 
69 76 76 
65 
24 
7 
5 5 12 56 133 134 134 134 134 
8 8 21 21 71 71 81 81 81 85 85 110 110 110 128 128 131 131 151 151 153 
96 96 96 96 127 200 200 240 240 
30 
15 26 
164 164 164 164 
75 75 217 
5 102 
5 5 
0 0 60 76 190 
26 87 87 87 98 98 193 253 253 
3 3 3 5 5 55 55 81 81 81 121 121 121 162 
196 196 
96 144 229 229 
93 93 154 154 
63 90 
42 42 42 
5 108 
43 43 43 58 195 204 204 251 
113 
8 71 
178 
70 70 70 
206 206 
81 99 99 125 125 125 126 126 160 203 203 203 245 
203 203 
193 237 237 
5 
194 194 194 194 
