Nodes: 256, Edges: 632
236 
21 21 105 105 153 158 158 164 164 
153 
81 81 153 238 
14 18 139 208 
12 12 12 26 26 26 38 38 38 46 46 50 68 81 81 94 94 98 98 98 102 102 102 103 103 114 114 114 117 117 123 123 123 133 133 136 136 136 142 143 159 178 178 203 203 203 221 221 227 227 227 234 235 238 243 243 243 244 
222 222 222 
41 41 41 74 74 74 86 86 86 124 124 124 130 203 218 226 
71 71 81 81 168 215 228 228 228 247 247 
182 182 
14 
33 
5 5 5 227 
33 37 37 37 
4 10 18 32 47 47 51 51 51 138 139 139 146 146 146 152 152 163 180 208 208 
26 26 26 231 
78 78 89 93 93 93 
66 84 203 
4 14 51 60 60 90 90 137 137 152 152 206 
62 62 
98 166 166 
1 1 52 52 65 65 140 153 153 184 184 228 228 228 
245 
192 
152 152 152 225 
81 81 81 148 148 
5 5 5 15 15 15 33 44 44 59 67 72 72 72 82 87 87 87 108 108 141 169 185 196 196 207 
153 
88 165 
205 205 
64 175 175 182 196 196 196 196 230 230 
152 152 157 157 
14 
11 13 26 37 37 44 73 73 150 172 197 211 219 222 222 
137 137 
81 81 81 

13 13 13 33 33 122 122 122 185 
5 5 5 42 
134 134 134 
187 187 203 203 
7 7 7 
38 81 162 
195 245 245 245 
26 26 33 150 172 188 188 222 222 
148 153 153 
5 5 77 
14 14 107 152 152 
58 
84 
5 123 159 159 159 159 216 216 
14 14 14 18 63 191 202 202 
21 21 
81 81 
127 127 
121 121 238 238 
227 
93 154 
48 203 214 245 245 245 252 
26 
18 18 76 120 152 174 174 174 206 206 206 236 236 
206 206 
19 19 
51 90 90 137 202 202 202 242 242 
30 
21 21 81 81 81 224 
17 
26 
5 114 114 
146 146 223 223 223 223 
210 210 249 249 
8 8 131 228 228 247 
26 26 26 
33 33 
7 7 7 203 
171 203 203 217 233 
60 191 191 223 223 223 223 223 236 236 236 
46 134 210 210 210 
16 16 89 89 93 93 95 
111 111 
137 137 137 
3 3 5 5 8 8 25 25 25 35 35 35 42 53 53 65 65 65 93 93 93 148 148 153 153 153 160 160 173 173 176 203 203 203 228 228 228 238 238 251 251 
26 
113 113 204 204 
17 49 100 100 100 109 127 183 189 194 194 194 
228 
7 7 7 203 203 218 
26 26 26 115 237 237 253 253 
28 165 165 203 203 
16 78 78 
18 18 63 63 206 206 242 242 
121 238 
203 203 
16 16 16 57 78 78 81 81 81 111 111 154 154 176 176 201 201 201 224 241 
5 5 112 112 243 
78 
127 127 127 144 229 229 229 240 240 
130 
5 5 5 20 166 166 209 209 213 213 237 237 
251 
84 84 84 109 194 

5 5 5 234 234 
5 5 221 
129 
1 1 
145 145 145 204 
47 152 152 
26 26 244 244 244 244 244 
84 100 127 127 183 198 
228 228 228 228 
79 79 93 93 
94 94 
83 83 145 177 204 
5 5 5 68 68 227 227 227 
87 
203 203 
5 5 
188 188 
152 152 152 152 152 
60 170 206 
55 55 91 238 238 238 
37 37 37 123 123 
5 5 5 50 122 122 161 196 
7 7 7 
251 251 251 251 
203 251 
54 54 84 96 96 96 109 109 187 189 216 216 229 
228 228 
104 
7 97 
71 228 
222 222 222 
5 5 227 227 
39 39 39 77 227 
175 175 175 
5 5 5 
18 18 34 34 63 80 80 80 
14 
4 14 14 
21 
26 
5 159 
5 149 149 165 203 203 203 
96 240 
106 106 106 113 204 
14 14 14 69 69 152 152 152 

25 25 45 81 81 
143 143 203 
33 44 
228 
14 14 18 18 24 24 24 31 31 47 47 60 107 107 119 119 119 119 119 146 146 146 157 157 163 163 163 223 223 
1 2 3 21 21 27 45 45 81 81 81 179 228 228 228 
57 93 93 241 241 
206 
203 203 
31 31 152 152 
1 1 164 164 
5 50 50 50 50 142 
81 81 
123 
42 
14 152 152 152 
1 1 158 158 232 232 232 
28 88 88 143 203 203 203 
20 20 98 98 209 209 
173 173 
8 
26 
120 174 206 206 206 206 
75 205 
33 44 
81 81 167 167 176 176 
60 60 60 170 206 206 
30 30 135 135 135 196 
81 93 93 173 173 
113 204 204 204 
5 5 248 248 248 
153 
14 
203 
9 9 30 196 
84 109 
21 21 228 228 
26 37 

40 40 127 
44 44 118 118 
84 127 196 196 196 196 
236 
51 76 76 
23 
237 237 253 253 
84 84 84 100 255 
43 204 204 245 245 
26 26 30 30 30 30 123 175 182 189 189 189 189 239 239 
33 
109 

229 229 
93 93 93 
51 51 63 63 63 
5 5 5 7 17 40 40 58 74 75 75 81 81 81 86 86 88 88 92 92 116 116 126 143 143 143 149 156 156 165 165 165 181 220 220 251 251 252 
83 83 106 113 145 177 177 177 195 195 245 245 
29 29 171 
18 60 60 60 61 61 90 90 120 155 170 170 170 170 174 174 250 
26 
4 14 14 
98 98 166 166 
70 70 77 77 77 
33 
222 
98 98 
58 
8 
50 50 127 127 
75 233 
7 86 
33 
203 203 251 
5 5 103 
6 6 6 33 33 44 44 132 132 132 212 
69 69 69 69 76 76 76 76 76 152 152 
65 93 
24 
7 
5 5 5 12 56 114 114 114 133 133 134 
8 8 8 21 21 21 71 71 81 81 81 85 110 110 110 110 128 128 131 151 153 153 153 184 184 
96 96 96 127 200 200 240 240 
30 30 
15 
164 164 164 
75 217 
5 102 102 
5 
0 60 60 76 76 76 190 
87 87 98 98 193 193 253 
3 5 55 55 81 81 91 121 121 121 
196 196 
96 96 144 229 229 
93 154 154 
63 63 90 90 
5 5 5 94 
5 108 108 108 108 108 
22 43 43 43 58 58 58 195 195 204 204 

8 8 71 
178 178 178 
70 70 
206 
81 81 99 125 125 125 125 126 203 203 220 
58 203 
87 87 193 193 237 

194 
