Nodes: 256, Edges: 632
60 236 236 
21 21 105 105 153 158 164 164 
153 
81 81 153 153 153 238 
14 14 18 18 32 32 139 208 208 
12 12 26 26 38 38 38 42 42 50 50 50 68 68 81 81 94 94 98 98 102 108 108 114 114 117 117 123 133 136 142 159 178 196 196 203 203 203 207 221 227 227 234 235 235 238 243 243 243 244 254 254 
222 222 
41 41 74 86 86 124 124 203 203 218 218 226 
71 71 71 81 81 168 168 168 215 228 228 228 247 247 247 
182 182 182 
51 
33 33 197 
5 5 227 
33 37 37 
4 4 18 18 18 32 32 32 47 51 107 138 138 139 146 146 152 152 163 180 180 208 
26 26 231 231 231 
78 78 93 
84 
4 4 14 14 14 51 60 90 90 90 137 137 152 152 186 186 192 206 206 
62 
98 98 98 166 166 
1 1 52 52 52 65 140 140 153 153 184 184 184 184 228 228 228 

192 
152 
81 81 81 148 148 148 153 153 
5 5 15 15 33 44 44 59 59 62 62 62 67 67 67 72 72 82 82 87 87 98 98 108 122 169 185 196 231 231 
153 
88 88 165 165 
205 205 
64 64 175 175 182 182 196 196 196 230 230 
152 157 157 
4 4 14 14 14 
11 11 13 26 37 44 44 73 73 77 134 150 172 172 197 197 219 219 222 
137 137 
53 53 81 81 
203 
13 13 33 122 169 169 
5 5 5 42 42 

187 187 187 187 203 203 
7 7 
5 5 38 38 81 243 243 
195 245 
26 26 33 33 59 150 150 172 188 188 222 222 
153 153 

14 152 152 152 
58 152 
84 84 84 
5 5 5 123 159 159 
10 14 18 63 202 
21 21 21 
35 35 81 
216 
238 238 
227 
93 
48 245 245 
26 26 44 
0 18 152 174 174 174 174 206 206 236 236 
138 206 206 
19 26 26 26 
51 90 90 90 137 137 202 242 242 242 
30 30 
21 81 81 

26 26 26 
5 5 114 114 114 114 
146 146 223 223 223 223 
122 122 169 210 210 
8 8 8 131 228 228 228 247 
26 26 
33 33 
7 203 203 
171 203 203 217 217 233 
191 191 191 223 223 223 236 
33 210 210 210 
16 16 89 93 93 95 
111 111 111 
137 137 137 
3 3 5 5 8 8 25 25 25 35 35 42 53 65 65 93 148 148 148 153 153 153 160 162 173 176 176 203 203 203 228 228 228 238 251 251 
26 26 
113 
17 49 49 49 100 100 109 127 127 183 189 189 194 194 194 
228 228 
7 7 203 
26 26 115 115 115 237 253 
28 28 165 203 203 203 
78 
18 18 18 63 63 63 206 242 
121 121 238 238 238 
203 
16 57 78 78 81 176 176 201 201 
5 5 112 243 
78 
127 127 127 144 229 229 240 
130 130 
5 5 20 20 20 26 26 166 166 166 209 213 213 213 213 237 237 
251 251 251 
84 84 109 183 
106 
5 203 203 
221 
129 129 152 
1 1 
101 145 145 204 
14 119 119 152 
5 5 26 244 244 
84 100 127 127 183 198 198 
228 228 228 228 
79 79 79 
94 
83 177 246 
5 5 68 68 68 68 227 227 
87 87 87 

5 5 
188 188 
107 107 137 152 152 152 
170 170 170 206 
91 91 238 238 238 
26 37 70 70 123 123 210 
5 50 122 122 161 196 
7 7 
251 
251 251 251 
84 84 96 96 96 109 109 189 189 229 229 
136 228 228 
104 104 
97 97 
71 228 228 
222 222 
5 227 227 
33 
175 
5 128 
18 18 34 34 63 63 80 80 80 119 
14 14 61 
4 14 
21 21 
178 
5 159 
149 149 151 151 151 151 165 165 165 203 203 203 217 
96 240 240 240 
106 106 
14 14 69 69 152 152 152 

25 25 25 81 81 81 153 153 153 
143 143 203 220 
33 44 44 
143 143 143 143 153 228 
14 14 18 18 24 31 47 47 47 48 60 104 107 119 119 119 146 146 146 157 163 223 223 
1 2 3 3 3 21 21 25 25 27 45 45 81 81 81 148 148 148 151 179 179 228 
176 176 241 
206 
199 199 203 203 203 
31 31 152 
1 164 164 
5 50 50 142 
81 251 
123 
81 238 
14 152 
1 1 158 158 232 232 232 
28 28 88 143 143 143 203 203 203 
20 20 98 98 98 209 209 
173 173 
8 8 8 
26 37 37 70 
120 120 120 174 206 
75 
33 33 44 
81 167 167 176 
60 60 60 60 170 
30 30 135 196 196 
81 81 93 93 154 154 173 
113 204 
5 141 248 248 248 
153 153 
14 14 
203 
9 9 9 30 30 
84 100 109 189 
21 21 21 21 
26 
18 18 
40 40 40 40 
44 44 118 118 
84 84 127 127 183 196 196 196 
236 236 
76 76 76 
18 23 
237 237 237 253 253 
84 84 84 255 
43 245 245 
5 5 26 30 30 30 123 175 175 189 189 189 239 239 
11 33 33 
109 109 
156 156 
229 229 229 
93 93 
51 63 
5 5 5 7 7 36 40 40 74 74 75 75 81 81 81 86 88 88 88 92 102 102 143 143 143 149 156 156 156 165 165 165 181 214 220 251 251 
106 177 245 245 245 
29 29 
18 18 60 60 61 61 90 120 155 170 250 250 
5 
4 4 14 
98 166 166 
70 70 77 77 77 122 

222 
98 98 98 98 
203 
8 
54 
75 75 143 233 233 
7 7 
33 33 
149 203 251 251 
5 103 
6 6 33 44 44 132 132 212 
69 69 69 69 76 76 76 152 152 


7 
5 5 12 56 114 114 133 133 
8 8 8 21 21 21 71 71 71 81 81 81 85 85 110 110 110 110 128 128 131 131 151 153 
96 96 127 127 200 200 200 240 
30 30 
15 15 15 26 26 
164 164 164 
75 217 217 
5 
5 5 
0 0 60 60 76 190 190 
87 98 98 193 193 193 253 253 253 
3 5 55 55 81 91 91 91 121 121 121 162 
196 196 
96 144 144 144 229 
154 
63 63 63 90 
5 5 5 42 42 94 
5 108 108 
43 58 58 195 195 204 204 204 
113 
8 8 8 71 
178 178 178 

206 206 
81 81 99 99 99 125 126 126 126 160 203 203 220 220 

87 193 193 237 237 237 
5 5 
194 
