Nodes: 256, Edges: 632
60 236 
21 105 105 105 153 153 153 158 158 164 164 
153 
153 238 
14 14 18 32 32 139 139 139 208 
12 12 38 38 46 46 50 50 68 68 81 81 81 94 94 98 98 103 103 108 114 114 114 117 123 133 133 136 142 142 142 159 178 181 196 196 203 203 207 221 221 227 227 227 234 234 234 235 235 238 238 238 243 243 254 254 
212 212 222 222 
41 41 86 86 97 97 124 124 130 130 203 203 218 218 226 
71 71 81 81 81 168 168 215 228 228 247 247 
182 
14 51 
33 33 
5 5 227 
33 37 
4 4 10 18 32 32 32 47 47 51 51 51 139 146 146 152 163 163 163 180 180 208 208 
26 
78 89 93 93 93 
84 203 
4 14 60 90 90 137 137 152 152 186 192 192 206 206 
62 
98 166 166 
1 45 45 45 52 52 52 140 140 153 153 153 184 184 184 184 228 228 
245 245 245 
192 192 

81 81 81 148 148 148 153 
15 33 33 44 44 59 59 59 62 67 72 82 98 108 108 117 117 122 141 196 196 231 231 237 
153 
88 88 165 165 
205 
64 64 175 175 182 182 196 196 
152 152 152 157 
4 4 14 14 14 202 
11 11 13 26 26 37 37 46 73 77 134 134 150 150 197 197 211 211 219 222 
137 137 137 
53 53 53 81 81 
203 203 203 
13 33 33 122 122 169 185 
5 5 42 42 
134 
187 187 187 203 203 
7 7 
38 38 81 125 243 
195 195 245 
26 26 59 59 150 172 172 188 188 222 
21 21 21 148 153 153 
5 5 33 
14 14 107 152 152 
58 
84 84 84 
5 5 123 123 159 159 216 216 216 
10 14 14 14 63 202 202 
21 21 21 
35 35 35 81 81 
127 216 
238 238 
227 227 227 
93 154 
48 203 214 214 252 252 252 
26 26 26 44 44 
0 18 76 152 152 174 174 174 206 206 206 236 
206 
19 26 
51 90 137 137 202 242 242 
30 30 
81 81 81 

26 108 
5 5 114 
146 146 146 223 223 
210 
8 8 131 131 228 247 
26 
33 
156 203 203 
171 171 171 203 205 205 217 217 217 233 233 
60 191 191 191 191 223 236 
33 210 210 210 
16 93 95 95 95 
111 
137 137 
5 5 5 8 8 8 25 25 25 35 35 42 53 53 65 65 65 93 93 93 148 148 148 153 153 153 160 162 173 176 176 203 203 203 228 228 228 238 238 238 251 251 
26 
113 204 204 
17 49 49 49 100 109 109 183 183 189 189 194 194 
228 228 
7 7 203 203 218 218 218 
115 237 237 237 253 
28 28 165 165 203 203 
16 
18 18 63 206 
121 238 
203 
16 16 16 57 78 81 81 81 111 111 111 154 154 154 176 176 176 224 224 224 241 
5 5 243 
78 78 78 
127 144 229 229 240 240 
7 7 130 
5 5 20 26 122 166 166 209 213 

84 109 183 198 
106 
203 234 234 
5 5 
129 129 129 152 152 
1 1 1 
101 145 204 
47 119 119 
5 26 26 67 244 244 244 244 
84 84 100 127 183 183 183 
228 228 
79 93 93 93 

83 145 177 204 204 204 246 
5 5 5 68 
87 
203 
5 26 26 
188 188 
107 107 152 152 152 
170 170 170 206 206 
91 238 238 
26 37 37 98 123 123 210 
5 50 50 122 122 161 161 196 196 
7 7 
42 251 
251 251 251 
54 96 109 216 229 
228 228 228 
104 104 104 
7 7 97 
71 71 
222 222 
5 5 227 227 
33 33 39 227 227 227 227 

5 
18 18 34 34 34 63 63 80 80 202 202 

4 4 4 14 
21 21 
26 
5 5 5 159 
149 203 203 
96 240 240 
106 113 204 
14 14 69 69 69 152 152 
171 
25 25 25 45 81 81 81 153 153 
143 203 
33 33 44 
228 228 
14 18 18 31 31 31 47 47 60 60 104 104 119 119 119 146 146 157 157 163 223 223 223 
1 1 1 2 3 21 21 21 25 27 45 45 81 81 81 148 148 179 179 179 228 228 228 
57 93 93 93 176 176 241 
206 206 
74 199 199 203 
31 152 152 
1 1 
5 50 50 142 
81 251 
123 123 
81 238 238 
14 14 14 152 
1 1 232 232 232 
28 28 88 88 203 
20 20 98 98 209 209 209 
173 173 173 
8 8 
37 
120 120 120 174 206 206 
75 75 75 147 205 
44 44 
81 167 167 167 176 176 
60 60 60 170 206 206 
30 30 196 196 
81 81 93 93 93 154 154 173 173 
113 
5 248 248 248 248 248 
153 153 153 
14 14 
5 
9 30 30 196 196 
84 84 100 109 109 109 
21 21 21 21 228 
37 
18 
40 40 40 
44 44 118 118 
84 84 196 
236 
76 76 76 76 
18 18 23 23 
253 253 253 
84 84 255 
43 43 204 245 
5 5 26 26 30 30 123 123 175 175 182 182 189 
33 33 
100 
156 156 
229 229 

32 51 51 63 137 137 
5 5 7 7 17 36 36 36 40 40 58 74 74 75 81 81 81 86 86 88 88 92 102 116 143 143 149 156 165 220 251 252 
83 83 106 113 113 113 145 195 245 245 
29 75 75 171 
18 18 60 60 60 61 90 120 120 155 155 170 170 174 174 250 250 
5 
4 14 14 
98 166 166 166 
70 77 77 77 122 
33 33 
6 6 222 222 
98 
58 58 
8 
50 50 50 54 127 
75 75 75 233 
7 7 86 86 86 
33 
203 251 
5 5 
6 6 33 44 132 132 212 212 
69 69 76 152 152 152 
93 93 93 

7 
5 5 5 12 56 56 56 133 133 134 134 134 134 
8 8 21 21 71 81 81 81 85 85 110 110 128 128 128 151 151 153 153 153 184 
96 96 127 200 200 240 240 240 

26 26 
164 164 164 
75 75 217 
5 5 5 102 102 
5 5 
0 60 76 190 
26 87 87 87 253 
3 5 5 5 55 55 81 81 81 91 121 121 162 162 

96 96 144 144 229 229 229 
93 154 
63 63 
5 5 42 94 
108 108 108 108 
22 22 22 43 195 204 204 251 
113 
8 8 71 
178 178 178 178 178 

206 206 
81 81 125 126 126 126 160 203 220 245 
58 58 58 203 
87 193 193 193 237 
5 5 
194 
