Nodes: 256, Edges: 632
60 60 236 236 236 
105 105 153 158 158 164 
153 153 
153 238 
14 14 14 18 18 32 139 139 139 139 208 208 208 
12 12 26 38 42 42 46 50 50 68 68 68 81 81 94 94 98 98 102 102 103 103 114 114 114 117 117 123 123 133 133 133 136 142 143 143 159 159 178 178 196 196 203 203 203 221 221 227 234 234 235 238 238 243 243 
212 222 222 222 222 
41 41 74 86 86 86 97 124 130 203 218 218 226 
71 71 81 81 81 168 215 215 228 228 247 247 
182 
14 14 
33 33 197 
5 5 
33 33 33 37 37 
4 4 4 10 10 18 32 32 47 47 51 51 138 138 139 146 146 152 152 163 208 208 
231 231 
78 78 89 89 93 
66 84 84 
4 4 14 51 51 60 90 90 137 137 137 152 152 186 186 186 192 206 206 

98 98 166 166 
52 52 65 140 140 140 153 153 184 228 
245 
192 
152 152 225 
81 81 153 
5 33 44 59 59 62 67 67 72 82 84 87 98 98 108 108 108 117 117 117 122 122 141 196 196 196 237 237 237 
153 153 
88 88 165 
205 
175 175 175 182 182 196 196 
157 
4 14 14 
11 11 13 13 13 26 73 73 77 77 77 134 134 150 172 197 211 211 219 219 222 222 222 
137 
53 53 81 

13 13 169 
5 42 42 
134 
187 187 
7 7 
5 5 38 38 81 81 81 243 
195 195 245 245 
26 150 150 172 172 172 188 188 

5 
14 14 107 152 
58 
84 
5 5 123 123 159 159 159 216 216 
14 14 18 18 191 202 202 202 202 
21 21 
35 35 81 81 

121 121 238 
94 227 227 
93 154 
48 214 245 245 
26 26 
0 0 18 76 76 76 152 152 174 174 206 206 236 236 
138 206 
26 
90 90 137 202 242 242 

21 81 81 81 224 
17 
26 26 
5 5 5 114 114 114 
146 223 223 223 
122 122 122 169 210 210 210 249 
8 8 228 228 
26 
33 33 
7 203 203 
217 233 
60 60 60 191 191 191 191 191 223 223 236 
33 33 33 210 
16 16 89 89 93 93 93 95 95 95 95 
111 
137 137 
5 5 8 8 8 25 25 35 42 42 42 53 53 65 65 65 93 93 93 148 148 153 153 153 160 162 162 173 173 176 176 176 203 203 203 228 228 228 238 238 238 251 
26 
113 113 204 
17 17 26 49 100 100 109 183 183 189 194 
228 228 
7 7 7 203 203 203 218 
26 115 237 237 237 237 
28 28 165 203 203 
16 16 78 78 
18 18 63 63 206 242 242 
121 238 
203 203 
16 57 78 78 78 81 81 81 111 111 154 154 176 176 201 201 224 241 
5 5 56 112 112 112 243 243 243 
78 78 78 78 
127 127 144 229 229 229 240 240 
7 130 
5 5 20 20 26 26 166 166 209 213 237 237 
251 251 
84 84 109 

5 5 203 203 234 234 
5 5 221 
152 
1 1 
145 145 204 204 204 
47 119 119 152 
26 26 26 244 244 
84 100 183 183 183 198 198 198 
228 228 
79 93 93 
94 94 94 
83 83 145 177 177 204 204 204 
5 5 5 68 68 68 227 227 
87 
203 203 
5 5 26 26 26 
188 188 188 
107 107 137 152 152 152 
170 170 206 
55 55 91 238 238 238 238 
26 26 70 70 70 123 123 123 210 210 
5 5 50 50 122 122 122 196 196 
7 
251 251 251 251 
251 251 
96 96 187 189 189 229 229 229 
228 

7 97 
228 
222 222 
5 5 5 227 
33 33 39 227 
175 
5 
18 18 18 34 63 80 80 119 202 202 
14 14 61 
4 4 4 4 14 
21 21 21 
26 
5 
5 5 149 151 151 203 203 217 
96 240 240 
106 106 113 
14 14 69 

81 81 153 
143 220 
33 44 44 
143 143 
14 14 18 18 24 24 47 60 60 104 107 119 119 119 157 163 163 223 223 
1 2 2 3 21 21 25 27 27 81 81 81 148 179 179 228 228 228 
57 93 93 176 241 
206 206 
199 199 203 203 
31 152 
1 1 164 164 164 
5 5 50 50 50 
81 251 

81 81 238 238 238 
14 152 152 
1 158 158 158 232 232 232 232 232 
28 88 203 203 
20 20 98 98 209 209 
173 
8 
37 70 
120 120 174 206 206 206 206 

33 44 44 44 
81 81 167 176 176 176 
60 60 170 206 206 
30 30 30 135 196 196 
81 81 81 93 93 154 173 173 173 
113 113 204 
5 5 248 248 
153 153 


9 30 30 
84 84 109 109 109 
21 

18 18 18 
40 40 127 
44 44 118 118 118 
84 127 127 196 196 
236 
51 76 76 76 76 76 205 
18 23 
237 237 237 253 
84 255 255 
43 43 204 204 245 245 245 
5 5 26 26 26 30 30 123 123 175 175 189 189 239 
11 33 
109 109 109 
156 156 
229 
93 93 
51 51 51 51 63 137 137 
5 5 5 7 74 74 81 81 81 86 86 86 88 88 92 92 102 102 116 116 143 143 156 156 165 165 220 251 251 251 252 
83 106 106 106 113 113 113 177 195 195 245 
29 191 
18 18 60 60 61 90 120 155 155 170 170 170 170 174 174 250 250 250 

4 4 4 14 14 
98 166 166 
70 70 70 77 122 122 
33 33 
6 222 222 222 
98 
58 
8 8 
50 50 
75 143 233 
7 7 86 
33 33 
149 203 251 251 
5 5 103 
6 6 6 6 33 33 33 132 132 212 212 212 
69 69 69 76 76 152 152 
65 93 
24 
7 
5 56 56 114 114 133 134 
8 8 21 71 71 81 81 81 85 85 110 110 128 131 153 153 153 
96 96 96 127 127 127 200 240 240 240 

15 15 
164 164 164 164 164 
75 217 
5 5 102 102 
5 
0 0 0 60 60 76 190 
26 26 26 87 87 87 87 98 98 193 193 193 253 253 
3 5 5 55 81 81 81 91 121 121 121 121 162 162 162 
196 
96 96 144 144 229 229 229 
93 154 
63 63 90 90 
5 5 42 94 94 94 
108 108 
22 43 43 58 58 195 195 195 204 251 

8 8 
178 178 
70 
206 206 206 
81 99 99 125 125 125 125 126 126 160 203 203 203 220 220 245 
203 
193 237 237 

194 194 
