Nodes: 512, Edges: 1187
381 
441 441 
28 28 91 91 111 182 183 189 
271 271 493 493 493 
454 
34 48 48 50 88 88 184 184 198 198 225 225 225 255 255 273 273 354 400 400 400 441 475 475 504 508 508 
404 
233 233 271 
196 196 224 313 350 350 
287 287 
476 
264 264 
184 202 355 
76 76 76 
117 117 117 125 184 184 
59 59 59 182 182 182 
184 184 184 
390 390 390 455 
420 441 
104 

31 
108 115 389 414 414 414 414 436 436 461 461 497 497 
290 290 290 290 
76 76 
408 408 408 
158 408 
76 76 346 346 
2 2 183 183 
56 56 
180 180 222 222 483 483 
21 172 172 184 184 279 279 315 315 486 486 489 489 489 
307 
67 192 192 
5 
158 158 158 210 222 222 
106 106 106 
406 415 
358 
62 62 62 62 159 159 159 163 163 166 219 219 219 231 231 231 241 241 267 302 302 402 402 405 405 477 477 477 
192 236 249 249 249 
151 156 160 184 324 399 450 492 492 
321 321 323 
193 193 

76 109 413 413 413 439 439 
64 339 395 
76 76 346 346 
5 5 508 
236 
5 400 400 
484 490 
184 184 345 345 
225 225 
76 76 501 
93 93 195 195 236 236 236 
29 29 191 191 191 236 236 236 446 446 474 474 487 
415 
294 397 397 
15 15 15 444 444 
236 236 236 
81 81 81 359 
39 39 39 39 241 
75 383 383 463 463 
46 381 381 395 
193 193 362 362 416 416 
141 
33 192 281 281 347 
169 179 296 296 296 371 371 
236 344 344 
184 246 258 258 258 
369 
325 325 358 358 466 
94 94 315 315 
413 413 448 
63 383 463 463 
13 13 13 24 24 27 27 45 47 47 54 54 78 96 96 96 107 107 109 162 162 162 184 184 184 186 186 196 207 208 208 228 229 245 245 292 292 299 319 319 319 322 322 328 346 346 354 423 440 440 456 478 478 509 
196 413 
76 
104 
418 
61 61 61 82 184 261 261 289 289 289 329 359 359 394 394 495 
81 121 142 142 143 143 165 165 
104 104 104 236 236 236 438 438 438 
85 85 312 348 
84 84 160 160 312 348 348 
198 198 198 508 508 
306 370 408 
5 5 
358 
325 
2 2 
182 404 413 413 
55 55 
73 73 
418 
76 76 76 398 
171 171 171 290 290 
420 441 441 441 
354 354 354 
476 476 476 496 496 496 496 
140 140 195 378 378 378 471 471 
117 136 216 216 216 
146 379 379 379 425 
19 79 83 83 83 138 236 237 237 507 
184 184 190 190 372 
36 36 36 190 372 372 
76 76 
22 
45 76 199 
176 247 247 
2 182 182 182 
184 

367 367 
22 389 
184 415 
14 14 14 102 125 125 135 184 236 
152 152 152 
122 413 413 
486 
82 143 
119 222 
381 468 468 
232 232 232 309 454 454 
14 117 117 136 136 
185 491 
480 480 480 
413 413 413 448 448 
415 

454 454 454 

381 
354 380 380 380 
117 
102 125 125 
184 184 
104 236 236 
381 381 
101 101 320 320 
66 196 196 358 
82 82 389 
82 82 121 217 217 
282 
339 
103 379 379 
236 236 344 344 
191 304 
250 250 417 
248 408 408 408 
41 354 
118 118 118 292 292 

374 374 374 
413 
41 354 450 
233 233 233 276 425 425 
26 35 35 35 194 194 271 271 408 408 408 
39 39 39 188 188 188 205 205 227 227 231 330 330 330 402 402 428 428 428 433 433 469 510 510 511 
41 85 85 272 272 312 312 312 498 498 498 
413 439 439 
76 76 76 322 322 322 
39 39 

82 82 
39 477 
500 
413 413 413 
68 233 233 425 
471 471 
97 97 97 290 290 480 480 
31 31 
344 344 344 
222 222 
187 407 
110 
300 415 415 415 

68 
30 30 222 

2 15 15 15 92 111 111 111 340 340 363 363 404 404 413 444 444 499 499 
2 28 28 
5 5 12 14 14 16 16 16 31 31 41 52 52 70 76 76 76 81 105 105 112 116 117 137 137 213 221 236 236 246 258 258 258 260 279 284 284 289 289 291 292 307 307 315 315 345 345 354 354 355 396 396 415 415 426 426 456 465 465 484 484 
126 491 491 
76 76 245 245 440 440 440 
175 413 
159 159 159 477 477 477 
2 351 351 351 
105 105 106 372 
56 56 56 148 236 267 267 268 285 304 304 446 446 
33 33 40 67 236 281 
43 43 65 65 251 286 358 358 362 413 413 500 
158 158 
55 55 101 236 471 471 
8 8 76 77 141 141 200 200 350 350 373 373 413 413 422 
496 
5 5 86 86 86 386 
109 207 314 314 314 
196 196 
236 236 236 
12 355 355 
271 271 
267 268 268 
159 159 
405 405 
76 199 478 
76 76 242 
328 
35 232 309 
236 
238 238 
184 488 
314 314 
314 314 467 467 
102 102 102 
143 143 
271 271 
39 39 39 232 232 274 274 402 402 402 454 
494 494 
184 
30 30 35 35 122 174 174 180 309 314 341 341 376 376 376 413 413 483 499 499 499 499 
329 
8 313 313 313 
5 5 5 53 53 259 377 377 393 393 419 458 458 458 
292 
159 159 257 337 337 343 343 392 477 477 
76 245 
76 295 360 360 
236 275 303 303 406 415 415 
39 39 39 159 
124 124 124 210 219 219 390 390 454 
7 7 157 157 157 169 169 238 238 271 271 287 287 287 296 296 296 310 310 374 374 375 375 505 505 
503 503 
487 
40 49 55 55 55 56 56 56 60 60 60 69 83 83 83 104 117 138 138 147 147 184 184 191 192 195 201 201 201 211 230 237 252 267 267 267 275 278 278 283 344 344 344 351 415 415 415 432 438 487 487 
104 104 236 
212 212 233 233 
342 
279 279 279 476 476 496 496 
39 39 62 430 430 430 
208 
311 413 
358 
76 76 186 186 228 
70 184 
110 110 288 
150 408 
40 40 40 
149 149 374 442 
193 286 413 
236 
330 330 
415 
5 5 
271 271 271 273 273 
227 305 305 337 
70 70 70 184 184 184 409 409 
225 367 367 441 
184 
81 81 329 329 
364 410 410 

11 11 334 334 334 385 385 
496 496 
493 
39 191 191 204 236 236 236 268 471 
191 204 204 267 
415 
286 286 
3 3 7 158 158 203 203 218 218 233 233 256 256 256 282 282 282 327 327 327 339 339 339 354 354 354 374 374 375 375 391 391 401 401 408 408 408 412 412 427 427 442 453 453 
160 160 
5 5 256 256 354 472 472 475 475 475 
219 219 402 402 
230 236 
157 
415 415 
236 236 
31 31 184 240 240 240 
308 435 435 435 435 449 449 467 467 
67 67 192 298 347 421 421 421 
144 271 271 271 
236 415 415 415 
184 184 
191 
193 251 270 270 413 413 
9 9 233 233 233 
247 
81 81 81 184 184 451 451 451 
23 23 23 23 97 97 171 171 480 
184 426 426 
76 76 152 152 184 226 364 364 410 410 
408 408 
58 397 408 408 408 
229 509 
68 68 68 233 233 233 
408 
281 347 347 
76 413 413 
177 
339 339 
39 39 485 485 
230 230 415 
148 191 191 
257 257 343 343 392 392 482 
87 370 408 408 408 
32 184 184 354 354 396 396 465 465 
280 467 467 
124 210 222 
233 233 
243 
84 85 160 160 160 
8 224 224 224 
199 199 199 214 214 215 215 222 349 349 354 384 384 398 413 413 418 429 429 434 449 449 455 467 481 481 
31 31 73 73 184 184 336 336 486 

398 413 413 413 

76 76 76 354 354 
140 140 
42 42 
76 76 162 162 162 
42 359 359 
41 
72 72 90 358 358 
358 358 
271 271 271 
76 209 
81 223 261 261 
159 159 159 253 253 369 428 

413 413 413 
413 413 413 
264 264 264 385 385 413 
494 494 494 494 
315 315 486 
227 227 257 

46 145 271 271 271 301 301 381 381 381 408 408 427 427 452 464 470 470 
182 182 
222 222 
239 
227 227 305 305 
69 69 147 147 173 173 173 236 236 236 447 
52 52 184 184 
27 27 47 47 76 76 459 
67 281 298 298 421 506 506 506 
84 85 85 
314 314 481 481 481 
8 8 196 196 
189 189 189 236 356 356 356 
402 402 
456 456 456 
5 76 99 99 99 134 151 156 184 184 271 271 271 273 307 307 314 319 319 411 411 450 502 502 508 
12 184 202 202 
351 351 351 
431 431 431 496 
38 72 72 89 141 193 193 244 325 325 326 326 413 413 466 500 503 
61 81 81 323 323 
229 229 

65 65 193 413 413 
182 182 
262 292 292 
415 

114 114 259 259 
401 401 
71 330 
87 306 
68 68 
105 106 106 190 
196 196 
154 154 154 233 233 250 271 271 417 
233 233 271 271 
222 222 222 
225 225 458 
101 101 101 
103 103 103 146 146 
134 134 134 
0 64 64 123 133 139 139 339 339 339 395 408 408 

63 63 75 415 415 
314 314 449 449 
264 264 334 334 413 
198 

487 487 
22 115 142 497 497 497 
17 17 17 232 232 
271 271 
227 305 305 
225 225 
81 81 495 495 495 
46 64 381 
184 184 307 307 
58 58 294 
96 314 317 
41 
5 5 5 50 50 
271 271 368 368 
39 39 159 159 219 219 219 274 274 352 352 
427 
6 92 182 182 
39 39 206 206 
37 230 415 415 415 
175 413 413 413 413 
25 25 25 26 87 150 150 150 158 158 158 248 271 271 271 293 293 294 294 294 297 306 306 306 339 339 381 381 412 437 437 470 470 
258 258 
262 262 292 292 
354 354 
271 271 408 
45 45 45 74 74 77 92 92 119 119 128 128 128 155 161 168 168 168 182 187 193 193 196 196 222 222 243 251 286 286 299 299 314 314 317 317 317 332 332 332 333 333 333 334 358 358 362 362 385 407 407 407 407 439 439 455 455 500 500 
22 22 22 22 
37 57 116 129 177 177 177 184 184 230 230 236 236 236 254 269 277 277 283 283 283 303 365 383 383 406 406 406 432 432 460 460 463 463 463 
65 65 
149 374 
80 95 314 
225 
18 98 441 441 
281 281 281 347 
196 
76 

103 157 157 169 
184 184 291 291 
271 271 339 339 403 
159 159 159 330 
314 314 
241 241 241 
357 357 357 496 
236 415 415 
159 159 
314 
280 280 280 280 449 
22 22 
408 408 
83 83 83 236 
45 45 161 161 413 413 
76 76 186 186 186 
1 1 5 18 98 98 98 259 420 420 
250 271 468 

59 59 182 182 
450 450 
56 56 191 191 
344 
74 128 128 
280 280 314 314 384 384 435 467 467 
41 156 354 445 445 462 
289 289 289 
339 464 464 464 
271 271 
4 124 124 131 131 131 219 232 
17 314 413 413 
76 184 353 353 353 491 491 491 

225 225 225 377 
346 
415 415 
22 22 
450 
63 63 75 75 415 415 415 
339 452 452 452 
184 184 307 307 
72 358 
215 215 280 280 308 308 314 449 449 
123 123 442 
159 511 511 
339 339 408 408 
101 101 170 170 195 195 267 
273 273 475 475 

56 56 487 487 
5 5 273 273 273 472 472 
10 100 100 100 240 240 496 
39 39 39 166 188 188 188 227 227 
76 76 207 

127 127 127 171 171 290 
314 314 349 349 349 
305 
30 30 222 
51 184 184 
302 302 
31 31 120 315 336 489 489 
56 235 236 236 388 388 474 474 
213 
31 31 31 486 486 
51 
126 185 185 456 456 456 
41 41 
3 3 3 266 
220 220 335 335 335 335 
81 394 394 394 
100 100 100 100 197 240 240 265 265 357 431 476 
22 22 389 389 389 
160 160 160 
182 182 222 222 222 222 
167 193 358 413 413 
54 
354 354 
234 234 358 
5 
233 233 
347 347 347 
104 
5 5 48 86 86 354 
76 295 
159 159 
159 469 469 
