Nodes: 512, Edges: 1187
381 381 381 
441 441 441 
91 182 183 183 183 189 189 
271 271 
454 
34 34 48 48 50 88 88 88 88 184 184 255 273 273 279 279 354 354 400 441 441 443 475 475 508 
404 
233 271 271 
196 196 224 224 224 313 313 313 350 350 
287 287 
476 

184 184 202 355 355 355 
76 
117 117 184 
59 182 182 444 
184 
390 390 455 455 
420 
104 104 
428 
31 31 
108 115 331 389 389 389 414 436 436 461 461 497 497 
290 290 
76 76 
408 408 
158 408 408 
76 76 346 
178 178 183 
56 56 
222 222 483 
21 21 172 172 184 184 279 279 279 299 315 354 354 486 486 489 489 
184 184 
67 192 
5 5 
158 210 210 222 413 
106 106 
57 415 

62 62 62 159 159 163 163 166 166 219 231 231 241 241 302 302 330 402 402 405 405 477 485 485 485 
192 236 236 249 
85 85 99 99 137 151 156 160 160 354 399 445 450 457 492 
321 323 323 
193 
137 
76 109 413 413 439 439 
64 64 339 339 381 
76 346 346 346 346 346 
5 5 508 
236 236 236 
5 400 400 
490 490 490 
184 345 
225 
76 76 76 
93 93 195 236 236 
29 29 191 191 236 236 236 304 446 446 474 474 487 487 
37 
294 397 397 
15 444 
104 236 236 
81 81 359 359 
39 39 39 241 
75 383 383 383 463 463 
46 46 381 381 395 
193 362 362 416 416 
141 
33 192 281 281 
169 169 296 371 
236 236 344 344 
246 258 258 
369 
325 358 358 
94 94 315 
448 448 
63 463 
13 24 24 27 27 45 47 54 54 54 78 96 96 107 107 107 109 162 162 184 184 186 186 186 208 208 228 229 229 229 242 245 245 245 245 292 295 295 295 299 299 299 314 319 319 322 328 328 328 346 346 346 353 353 354 354 361 361 413 413 413 423 423 423 440 440 456 478 509 509 
196 196 413 
76 
104 236 
418 418 
61 61 82 82 113 184 184 261 289 329 329 359 359 359 389 389 495 495 
81 81 121 142 143 143 165 165 389 
104 104 104 104 236 438 
85 85 85 312 348 348 
41 41 84 84 84 160 312 312 312 445 
198 198 198 508 
306 306 370 408 
5 5 5 5 504 

325 358 
2 
182 404 404 413 413 
55 55 
73 73 315 
418 418 418 
76 76 398 
171 171 171 
420 420 420 441 
41 41 
476 476 
140 195 378 378 471 471 
136 216 
146 379 425 425 425 
19 19 60 79 83 83 83 83 138 138 236 236 236 237 507 
184 184 190 190 372 
36 36 190 372 372 
76 76 76 
22 
45 76 199 
176 176 247 401 
182 182 
184 
81 
367 
22 389 
184 184 415 415 
14 14 125 125 184 236 236 236 
152 152 152 152 364 364 
122 122 222 413 
486 486 
82 143 143 
119 119 222 222 
468 468 
232 232 387 387 387 
117 117 136 136 
185 185 491 491 
480 480 
413 413 448 448 
236 236 236 415 

454 454 454 
168 168 
381 
354 380 380 

102 125 125 
41 44 184 
104 104 236 236 236 

101 320 320 
66 196 196 196 196 358 
82 389 389 
82 82 121 121 217 217 
282 282 
339 
103 
236 344 344 
304 304 
250 417 
248 408 408 
41 354 
118 118 118 118 292 292 
325 325 325 
374 

41 399 450 
233 233 276 425 425 425 
26 35 194 194 194 271 271 408 
39 39 188 205 205 227 227 231 305 330 402 402 402 428 428 433 469 477 477 510 
41 41 85 272 272 312 312 312 498 
413 439 439 
76 76 322 
39 39 

82 82 
39 39 477 477 
413 413 
132 132 413 413 413 
68 68 233 233 296 425 425 425 
471 471 
97 97 97 290 290 480 480 
31 31 

222 222 222 280 335 494 
187 187 187 187 407 407 
110 110 247 247 
300 300 415 415 
28 28 183 183 

222 
367 367 
2 15 15 92 111 111 340 363 404 404 444 499 
2 2 2 28 178 178 
5 5 12 12 14 16 31 31 32 32 52 76 76 81 81 105 105 112 116 116 117 137 213 221 221 236 246 258 258 260 260 279 279 284 284 284 291 291 291 292 307 307 307 324 324 338 338 345 345 354 354 355 355 355 366 396 396 409 409 426 426 456 465 465 484 484 484 488 490 
126 126 
76 76 76 245 245 440 
175 175 175 175 413 413 
159 
2 2 351 351 351 
105 105 106 
56 56 236 236 267 285 304 304 
33 40 67 236 
43 65 251 358 413 413 479 479 500 500 
158 158 158 
55 101 236 267 471 471 
8 8 77 77 141 141 141 141 200 290 290 290 350 373 413 413 422 422 422 
496 496 496 
86 86 86 386 386 508 
109 207 207 207 314 314 314 
196 
415 
12 355 355 355 

267 267 268 268 
159 159 
405 405 405 
199 199 199 478 
76 76 242 
328 
35 35 

238 238 310 310 
184 
215 215 314 314 
214 214 314 467 467 
102 
143 143 
271 
39 232 274 274 402 454 
494 494 494 494 
184 184 
30 30 35 119 122 122 174 174 174 180 309 341 341 376 376 413 483 483 499 499 499 
329 329 329 
8 8 8 350 350 
53 259 259 393 419 419 419 458 
292 292 
159 159 257 343 343 343 392 392 
76 245 336 
76 76 76 295 295 360 360 361 
236 236 303 303 
39 39 159 
124 124 219 390 390 390 454 
7 157 157 169 169 238 271 287 296 310 310 374 375 375 375 505 505 
503 
487 487 
40 40 49 49 49 55 55 56 56 56 60 60 69 69 79 83 104 104 104 117 117 117 129 129 129 138 138 138 147 184 191 191 192 195 230 230 237 252 267 267 275 275 278 278 278 344 351 351 415 415 415 432 432 438 460 487 
104 236 
212 212 233 
342 342 342 405 405 
279 279 279 279 279 476 496 
39 39 62 430 430 
76 208 
311 311 311 311 413 424 494 494 494 
358 
76 76 76 76 186 186 228 
70 184 
110 176 176 288 401 401 
150 408 408 
40 
149 374 374 417 442 
193 286 286 413 413 
236 
330 330 
283 283 415 
5 
271 271 271 273 273 
227 305 
70 70 184 184 409 409 
225 225 367 367 
184 184 
81 329 329 
410 
315 315 
334 385 
496 
493 
191 195 204 204 236 236 268 356 471 
204 204 267 
415 415 
286 286 286 
3 3 7 7 158 158 218 233 256 256 256 282 297 327 339 339 374 374 375 375 375 391 401 401 408 408 442 453 453 
160 160 
5 5 256 256 472 472 472 475 475 
219 219 402 402 
236 236 
157 
415 415 415 
236 236 236 
5 5 31 31 31 184 184 240 240 240 240 240 
174 308 435 435 435 449 449 449 
67 67 298 347 347 421 421 421 
144 144 271 
254 254 
184 184 184 
191 
251 251 270 270 270 413 413 
9 9 233 
247 
81 451 451 451 
23 23 171 171 196 196 196 480 480 
184 184 184 426 426 
76 152 152 184 226 226 364 364 410 
408 
58 397 408 408 
76 76 76 229 229 509 
68 169 233 
271 408 408 
281 347 
31 76 76 76 413 
177 177 
339 
39 39 485 485 
230 230 415 
56 148 148 191 191 
159 257 343 392 482 
87 87 370 370 408 
184 184 184 354 354 354 396 396 465 
280 467 467 
222 
212 212 233 233 
243 243 243 243 
84 85 85 85 160 160 160 
8 8 8 
76 199 199 199 214 214 215 349 349 349 354 384 398 413 413 413 418 429 429 434 449 455 455 467 467 
31 73 94 263 263 336 486 
444 444 
398 398 413 
413 
76 76 354 354 
140 140 
42 323 323 
76 162 
42 42 321 321 359 
184 184 
72 90 153 153 153 358 358 358 358 
358 358 
271 
76 76 76 209 
81 81 223 223 223 261 261 
39 159 253 253 369 369 369 
22 
407 407 413 
413 413 
264 385 385 385 413 413 
174 413 
228 315 486 

184 184 
46 46 145 271 271 301 381 381 408 408 408 427 452 452 464 464 470 470 
182 
222 222 
239 239 239 
227 227 227 305 
69 69 147 147 236 447 
52 184 184 
27 47 47 47 47 47 76 76 76 
281 281 298 421 421 506 
84 84 
314 314 314 481 481 481 
8 8 196 224 224 
189 189 189 236 236 356 
402 
76 76 456 
5 5 31 31 41 76 76 134 151 184 184 307 307 307 314 319 319 450 462 462 462 490 502 502 508 
12 12 12 184 184 184 202 202 202 
267 351 
431 431 496 496 
72 72 90 141 193 244 325 325 325 325 326 326 413 413 413 466 466 466 500 503 503 
61 61 81 81 81 323 
229 229 
76 76 229 
65 65 413 413 
182 
118 118 292 292 
415 
184 
114 181 181 259 259 496 496 
401 401 
71 330 330 330 
87 306 306 
68 
105 106 106 
196 
154 233 250 250 271 271 442 442 
233 233 233 271 271 271 
222 222 
458 
101 101 
103 
134 134 
0 0 0 46 64 64 133 339 339 395 

63 63 63 415 415 432 
314 449 
264 334 334 334 413 
198 198 
124 124 124 
487 487 487 
22 22 22 81 81 82 115 142 142 497 497 
17 17 232 232 232 
271 
227 227 305 
225 
495 495 
64 381 
184 184 307 307 
58 58 294 
96 314 317 317 
41 156 
5 50 50 
110 247 247 271 271 368 368 
39 39 159 159 159 219 274 274 352 405 
427 
6 92 92 182 182 
39 39 206 206 206 239 239 402 
415 415 415 
175 175 332 332 413 413 
25 25 26 26 87 150 150 158 248 248 271 271 293 294 294 297 297 306 339 339 339 412 412 437 470 
184 184 258 258 
262 292 

408 408 
35 45 45 76 76 76 77 92 92 119 128 128 161 167 167 168 168 168 187 187 193 193 196 196 222 243 251 251 286 286 299 314 314 314 317 318 332 333 333 334 334 335 358 358 358 362 362 385 407 407 439 439 448 448 448 455 455 494 500 500 
22 
37 116 116 129 177 177 201 236 236 236 254 269 269 277 277 277 303 365 383 383 406 406 406 432 432 460 460 460 463 463 
65 65 
149 250 
80 80 95 95 95 314 
225 225 225 
18 98 98 98 441 441 441 
281 281 281 347 347 
196 196 196 
76 76 76 
243 
103 103 103 157 157 157 169 169 169 
184 184 291 291 
339 403 
20 159 159 
314 314 
241 241 
357 357 496 496 496 
236 236 383 415 415 
159 
314 
280 280 280 449 449 
22 22 
408 
83 236 487 
45 45 161 161 413 413 
76 76 186 
1 1 1 5 5 98 420 420 420 
250 271 374 374 468 
5 
15 59 182 316 316 
41 85 450 450 450 
56 56 
344 
74 74 128 128 413 413 413 
280 280 280 314 384 435 435 467 
41 156 354 445 445 445 462 
289 289 289 
339 339 464 464 
271 271 
4 131 131 131 219 232 
17 17 314 314 413 413 
76 184 353 491 
41 
225 377 

236 415 415 415 
22 22 497 497 
354 354 354 450 
63 63 75 415 415 
339 339 452 452 
184 184 307 
358 358 358 
215 215 308 308 314 314 449 
123 123 442 
159 511 
339 339 408 
101 101 170 170 195 195 267 
273 273 273 475 

56 56 487 487 
5 5 273 273 472 
10 100 100 240 496 
39 159 159 166 166 
76 207 
193 193 
127 127 171 171 290 290 
349 349 349 
305 
30 222 222 
184 184 184 
39 39 39 302 302 
31 31 120 120 315 336 489 489 489 
56 56 235 235 236 388 388 388 438 474 474 
184 
31 31 486 486 486 
51 51 51 184 354 
126 126 456 
41 
266 
174 220 220 220 220 243 243 243 413 
81 81 394 394 
197 197 197 240 265 357 357 367 367 431 431 431 476 
22 22 389 389 461 461 
160 
182 222 222 222 
193 193 358 413 413 

354 354 
234 358 358 
88 
233 233 
347 
104 
5 48 86 198 354 
76 76 295 
159 
469 
