Nodes: 512, Edges: 1187
381 
441 
28 28 28 91 111 111 182 182 182 183 189 189 189 
493 493 493 
454 454 
34 34 48 50 88 88 184 184 225 273 273 279 354 354 354 400 400 443 475 504 504 508 
404 404 
233 271 271 
196 196 224 224 313 350 350 
287 287 
476 476 
264 264 
184 184 202 355 
76 
117 184 
59 59 59 182 444 
184 
390 455 
441 
104 104 
428 428 
31 31 31 
108 108 331 389 414 414 414 461 497 497 
290 290 
76 76 
408 408 
158 158 408 
76 346 346 
2 2 2 178 178 183 183 
56 
222 222 483 483 
21 21 21 172 172 184 184 184 279 279 279 279 315 315 354 354 486 486 489 
184 184 307 
67 67 192 192 
5 5 
158 158 158 158 222 222 413 
106 106 
406 415 
358 358 
62 159 163 163 166 219 219 231 330 402 402 402 405 405 477 485 
192 192 236 249 
85 85 99 99 137 137 151 151 156 160 160 184 184 324 324 354 399 445 450 457 492 492 
321 323 323 323 
193 193 
137 
76 76 76 439 439 
64 339 381 381 
76 346 
5 508 
236 236 236 
5 
484 490 
184 184 345 
225 225 225 
76 76 501 501 
93 195 195 236 
29 191 191 236 304 446 474 474 487 487 
415 
294 294 397 
15 15 15 444 
104 236 236 
81 81 81 359 359 
39 
75 383 383 463 
46 381 381 381 
193 362 416 
141 141 
33 33 192 192 281 281 347 
169 169 169 179 179 371 371 
236 236 344 
184 184 246 

325 358 358 466 
94 94 315 315 
413 448 
63 383 383 
13 24 24 27 45 45 45 47 54 54 78 78 96 96 96 96 107 109 109 109 162 162 162 184 184 186 186 186 196 196 199 207 207 208 208 229 242 245 245 292 292 292 295 295 295 299 299 299 299 314 314 319 319 319 322 328 328 346 353 353 353 354 413 413 423 423 423 440 440 456 456 456 478 478 478 
196 196 196 413 413 
76 76 
104 236 
314 314 418 418 
61 61 61 82 82 184 184 261 289 289 289 329 359 359 389 389 389 394 394 
81 81 121 142 143 143 143 165 165 389 
236 236 438 438 438 
85 312 312 348 348 
41 41 84 160 312 312 348 
198 198 198 
306 306 306 370 408 
5 5 504 
358 
325 358 
2 
182 182 404 404 404 
55 
73 73 315 315 
418 418 
76 76 76 76 
171 171 290 
420 420 420 441 441 
41 41 354 354 
476 476 496 496 
140 140 378 378 471 471 
117 117 136 136 216 
146 379 379 425 425 
19 19 60 79 138 138 138 236 236 237 507 
184 184 190 
36 36 190 190 190 
76 
22 22 414 414 
76 76 76 199 199 199 
176 176 247 247 401 401 
2 2 
184 

367 367 
389 
184 415 415 415 
14 102 102 125 125 135 236 236 
152 152 152 364 
122 222 222 413 413 
486 
82 143 143 
119 222 222 
381 468 
387 387 387 
117 117 136 136 136 
185 185 185 491 491 
480 
413 413 448 
236 415 

454 454 454 
168 

354 354 380 380 
117 
102 102 125 125 125 
41 41 44 184 184 
104 104 104 164 164 236 236 236 
381 381 
101 101 320 320 
66 66 358 358 
82 389 389 389 
82 82 82 121 121 
282 282 

103 379 
236 344 344 
304 304 
250 250 
248 248 408 
41 41 354 354 354 
118 118 118 292 
325 325 
374 
413 413 
41 354 
233 233 276 425 425 425 
26 26 35 35 35 35 271 271 
39 188 227 227 231 305 330 428 433 433 469 469 469 477 511 511 511 
41 41 85 272 272 312 498 498 
413 413 439 439 
76 76 76 322 322 322 
39 39 
138 138 
82 82 329 
39 477 
413 413 
132 413 
68 68 68 233 233 233 296 296 425 425 425 
471 
97 97 480 480 480 
31 31 
344 
222 335 335 
187 187 187 407 
110 110 247 
300 415 415 
28 28 183 183 
68 68 
222 
367 367 
2 2 2 15 92 92 340 340 363 404 404 413 444 444 444 
2 28 28 178 178 
5 5 12 12 14 16 31 31 31 32 32 41 41 52 52 70 70 76 76 81 81 105 105 112 116 137 137 213 221 236 236 236 246 258 260 260 267 279 279 289 289 291 291 292 292 307 315 315 324 324 324 338 338 338 345 354 354 354 355 366 366 396 415 415 426 426 456 456 456 465 484 490 490 
126 126 126 491 491 
76 76 76 245 245 245 440 
175 175 175 413 
159 477 477 
2 2 2 
105 106 106 106 372 
56 56 236 236 267 267 267 268 285 304 304 446 446 446 
33 33 40 40 67 67 236 281 281 281 
43 43 65 251 251 286 358 358 362 362 413 479 479 500 500 

55 55 236 236 236 267 471 471 471 
8 8 76 76 77 77 77 200 350 350 350 373 413 413 413 422 
496 
86 86 86 386 386 508 508 508 
76 109 109 109 207 314 314 314 314 
196 
236 236 415 415 
12 355 
271 
267 268 268 

405 
76 76 199 478 478 
76 76 242 
328 328 328 
309 

238 238 238 310 
184 
215 215 314 314 
214 214 314 314 467 467 
102 

271 
39 39 232 274 274 274 402 454 
494 494 
184 
30 30 35 35 119 119 122 122 174 180 314 341 376 376 376 413 483 483 483 499 
329 329 
8 8 313 313 
5 53 53 53 259 377 377 419 458 
292 292 
159 159 257 257 337 343 343 

76 360 360 360 360 361 
236 236 236 259 275 406 415 
39 159 
219 390 390 390 454 
7 157 157 169 169 169 238 238 271 271 271 287 287 296 310 310 374 374 375 375 505 
503 503 
236 487 487 
40 49 49 49 55 56 60 60 69 69 79 83 83 104 104 117 117 129 138 138 138 147 184 184 184 191 191 192 195 195 195 201 201 230 230 230 235 237 252 267 267 267 275 275 278 278 283 283 283 344 344 351 415 415 415 432 432 432 460 460 487 487 487 
104 236 
212 212 212 233 233 
342 342 405 
279 476 476 496 
430 430 430 
76 208 
311 311 311 424 424 
325 358 
76 76 186 186 186 
70 184 
110 110 176 288 288 288 401 
150 150 408 
40 
149 149 374 374 417 417 442 
193 193 286 413 
236 
330 
283 415 415 415 

271 271 271 273 273 
227 227 
184 409 
225 230 
184 184 
81 329 
364 364 
315 315 315 
11 11 334 
496 

184 191 191 191 195 204 236 236 236 268 
191 204 204 267 
415 
286 
7 7 158 158 203 218 233 233 233 256 256 256 282 327 327 339 339 374 375 375 391 391 401 401 408 408 412 427 442 442 453 
160 160 
5 5 256 256 472 475 475 
219 219 219 402 
230 236 236 
157 
415 415 415 
236 236 
5 31 31 31 31 184 184 240 
308 308 435 435 435 449 449 467 
67 67 192 192 192 298 298 347 347 421 
144 144 271 427 
236 236 236 254 415 415 

191 
193 251 270 413 413 
9 9 233 233 
247 247 247 
81 81 81 184 184 451 451 
23 23 97 480 480 
184 184 
76 76 76 152 184 184 226 226 364 410 
408 408 
58 58 408 408 408 
76 76 76 
169 169 233 
408 408 
281 281 
76 76 76 76 413 413 
177 

485 485 
415 415 
56 148 148 191 191 
159 
87 87 87 370 408 408 
32 184 354 396 396 465 
280 280 467 
210 
212 233 233 
243 243 243 
84 84 85 85 160 
8 224 224 
76 76 80 80 199 199 199 199 214 214 215 215 222 349 354 354 398 398 398 418 429 429 429 434 434 449 455 467 481 481 
31 31 73 73 94 94 184 184 263 263 263 336 336 486 486 
444 444 
398 398 
413 
76 76 76 
140 140 
42 323 
76 162 162 162 
42 42 42 321 359 359 359 
41 41 184 184 184 
72 90 153 153 244 358 358 358 
358 358 
271 271 
76 76 209 209 209 
81 165 223 223 261 
39 159 253 369 428 428 
22 
407 407 413 

264 385 413 
174 174 413 413 494 494 
315 315 486 
227 
184 184 184 415 
46 271 271 381 408 427 427 452 452 452 464 464 470 
182 182 
222 
239 239 
227 227 
69 147 147 173 236 236 447 
52 184 
27 27 47 76 459 459 
67 281 281 421 421 
84 84 85 
314 
8 8 196 196 196 
236 356 356 432 
402 402 
76 76 76 456 456 
5 5 5 31 31 41 76 99 99 134 134 151 151 151 156 184 184 184 307 314 314 411 450 490 490 502 502 508 508 
12 184 202 
351 351 
367 367 431 431 496 496 
38 38 72 72 89 90 141 141 193 193 244 325 325 325 326 326 413 413 466 466 466 503 503 
61 61 81 81 323 323 323 
229 229 229 229 
229 
65 193 193 413 413 
182 
118 262 262 292 
415 415 
184 184 
114 114 181 181 357 357 496 496 496 
401 
330 
87 306 
68 68 
190 
196 
154 233 233 250 250 271 408 417 442 442 
233 233 271 271 
222 222 222 
225 225 458 458 458 
101 101 
103 103 146 
134 134 
0 46 46 64 64 64 123 139 139 339 395 
413 
63 63 75 75 415 415 432 
449 449 449 
334 413 413 
198 198 
124 124 124 
487 487 
22 81 81 81 82 115 142 142 142 497 
17 232 232 232 
271 271 


81 81 495 495 
381 
184 307 307 
58 
314 314 314 317 317 
41 
5 5 
110 110 247 271 271 368 
39 39 39 219 274 352 352 405 405 405 
427 427 
6 6 92 92 92 182 182 
39 39 206 239 402 402 402 
37 230 415 415 
175 332 332 413 413 413 
25 25 26 87 150 248 271 271 293 293 294 294 294 297 297 306 306 339 374 412 412 437 470 470 
258 
292 
354 
271 408 408 
35 74 76 76 77 77 119 119 128 128 155 155 161 161 167 167 168 182 187 193 196 196 196 222 251 286 286 299 299 318 332 334 335 335 358 358 362 362 382 385 385 407 407 407 439 448 448 448 448 455 455 500 
22 22 22 108 108 
37 57 116 116 116 129 177 177 184 184 201 201 230 236 236 236 254 254 254 269 277 277 277 283 283 303 303 338 365 365 383 383 406 406 460 460 460 463 463 
65 
250 250 374 
80 80 95 95 314 
225 
98 98 98 
281 347 347 
196 
76 76 76 
243 243 
103 103 157 157 157 169 169 169 
184 184 
271 282 339 339 403 403 
20 20 159 330 330 
314 314 314 
241 241 241 
357 357 496 496 496 
236 236 236 351 383 
159 159 
314 314 
280 280 280 449 

408 
83 83 83 
45 45 161 161 413 
76 76 186 
1 18 98 98 
250 271 271 374 374 468 468 
5 
15 59 182 182 182 316 316 
41 450 450 
56 191 191 191 
344 
74 128 413 413 413 413 
280 280 314 384 384 384 435 467 467 467 
41 354 445 445 
289 289 
339 339 339 464 464 
271 
4 4 131 131 131 219 232 
17 314 413 413 
76 76 76 184 184 184 353 353 491 
41 
225 377 377 377 
346 346 
236 236 415 415 415 
22 497 

63 415 415 
339 339 452 452 
184 307 
72 358 358 358 
215 215 280 308 314 449 449 449 
123 442 442 
159 159 159 511 511 511 
339 408 408 
101 101 170 195 195 195 
273 475 

56 56 
5 273 273 472 
10 10 100 100 240 240 496 496 
39 159 166 188 188 
76 76 76 207 207 
193 193 
127 171 171 171 290 290 
314 314 

30 30 222 222 222 
51 184 
39 302 302 
31 31 120 315 315 336 489 489 
56 56 235 235 236 236 236 388 388 

31 486 486 
51 184 184 354 354 
126 126 185 185 456 
41 41 
3 3 3 
220 220 335 335 
394 394 
100 100 197 240 265 357 357 367 367 367 431 431 431 476 476 
22 22 389 461 
160 160 
222 
193 193 413 
54 54 
354 354 
234 234 358 358 
5 5 88 
233 

104 
5 48 198 198 198 354 354 


159 159 159 469 469 469 
