Nodes: 512, Edges: 1187
133 381 381 
441 
28 91 111 111 182 183 183 189 189 
271 
454 454 454 
34 34 48 48 50 88 88 88 184 255 255 273 354 354 400 400 441 441 443 475 508 508 508 
404 404 404 
233 233 
196 224 224 224 350 350 
287 287 
476 476 
264 264 
184 184 202 355 
76 76 
117 117 117 125 184 
59 59 182 
184 
390 455 
420 441 
104 104 104 
428 428 
31 31 31 
108 108 108 115 331 331 389 389 389 414 414 414 414 436 436 436 461 461 497 497 
290 290 290 
76 76 76 
408 
158 158 408 
346 
2 178 178 
56 
180 180 222 222 222 483 483 483 
21 21 21 172 184 279 279 279 299 315 315 315 354 486 489 
184 307 
67 67 67 192 192 
5 5 
158 158 210 210 210 413 
106 106 
406 415 
358 358 
62 62 62 62 159 163 163 166 219 219 219 241 241 302 302 330 330 330 402 405 405 405 477 485 485 
192 192 236 236 249 
85 85 85 99 99 137 151 151 156 156 184 184 184 324 324 354 354 354 450 450 457 457 492 492 
321 321 323 
193 193 
137 137 137 
76 109 413 413 439 
64 339 381 395 
76 78 346 346 346 346 
5 5 508 
236 
5 400 400 
484 490 490 490 
184 184 184 345 
225 
76 299 501 
93 93 93 195 195 195 236 
29 191 236 236 236 304 304 304 446 446 474 474 487 487 487 
415 415 
294 
15 15 444 
104 104 104 236 236 
81 359 
39 39 39 39 241 
383 383 383 463 
46 381 381 381 395 
193 362 416 416 416 
141 141 
33 33 33 192 192 281 347 347 
169 179 296 296 296 371 
236 344 344 344 
184 184 246 246 258 258 

325 325 358 466 
94 94 315 
413 448 448 448 
383 463 
13 13 24 24 24 45 47 54 78 96 96 96 96 107 109 109 162 162 184 184 184 186 196 199 207 207 208 208 229 242 242 245 245 292 292 292 295 295 295 299 314 314 319 319 319 322 322 328 328 346 353 354 354 413 413 423 456 456 478 478 478 509 509 
196 413 
47 76 
104 
314 418 418 418 
61 82 82 113 184 184 261 261 289 329 359 389 394 394 
81 81 121 165 165 165 165 389 
104 104 236 236 438 438 438 438 
85 312 312 348 
41 41 41 84 160 160 312 312 348 348 445 
198 198 508 
306 306 370 370 408 
5 5 5 
358 358 
325 358 358 
2 
182 413 
55 55 55 
73 73 315 315 
418 418 
76 76 76 76 
290 
441 
41 41 354 354 
476 496 
140 140 140 195 195 378 378 471 471 471 
117 136 136 216 
146 146 379 425 
19 19 19 60 60 60 79 83 83 138 236 236 507 507 
184 190 
36 36 190 190 190 372 
76 
22 22 22 414 414 
45 76 76 199 
176 247 401 
2 2 182 

81 

22 
184 184 415 
14 14 14 102 135 135 184 184 236 236 
152 152 
122 
486 
82 143 
119 222 
381 468 468 468 
232 309 
14 136 
185 185 185 491 491 

413 448 448 
236 415 415 


168 168 
0 381 381 
354 380 
117 117 
102 102 125 
41 44 44 44 184 184 
104 164 164 164 236 236 
381 
101 101 101 320 
66 66 196 

121 217 217 217 
282 282 
339 339 
103 103 379 
236 344 
191 191 304 304 
250 417 417 
248 248 408 408 408 
41 41 
118 118 292 292 
325 325 
374 374 

41 41 399 
233 233 276 425 425 
26 26 35 35 194 194 271 
39 188 205 205 227 227 305 305 305 330 330 402 428 433 469 469 469 477 510 510 510 
85 85 272 272 312 312 
439 
76 76 322 322 322 
39 39 
138 138 138 
82 82 82 82 329 329 
39 477 

132 132 413 
68 233 233 296 425 425 425 425 425 
471 
290 290 290 480 480 480 480 
31 
344 344 
222 222 280 335 
187 187 407 
110 247 
300 300 300 415 415 
28 28 183 
68 
30 30 222 
367 
2 15 92 111 220 220 340 340 404 413 444 444 444 499 
2 2 178 
5 12 12 14 16 31 32 41 41 41 52 52 52 70 70 76 76 76 81 81 105 116 116 117 117 137 137 213 213 221 221 236 236 236 246 246 258 260 260 267 267 279 279 284 284 289 289 289 291 292 307 324 324 338 338 345 345 345 354 354 355 355 366 396 409 409 415 415 426 426 426 456 456 465 465 484 484 488 488 490 490 490 
126 126 126 491 491 
76 245 245 440 
175 175 413 413 413 
159 477 477 
2 2 351 
105 106 106 106 372 
56 148 148 236 236 267 267 285 304 304 446 446 446 
33 33 40 40 67 67 281 
43 43 65 251 251 286 358 358 413 413 479 479 479 
158 158 
55 55 55 101 101 267 267 471 471 
8 76 77 141 200 200 290 350 350 413 422 422 
496 496 
86 86 386 386 508 508 508 
76 109 207 314 314 
196 196 269 
415 415 
12 355 355 
271 
267 268 268 
159 159 

76 76 199 337 
76 76 242 
328 
35 35 35 309 
236 
238 238 
184 184 488 
215 314 
214 314 467 
102 
143 143 143 
271 
39 39 39 274 402 454 454 
182 182 494 494 
184 184 
30 30 30 122 174 174 180 314 341 376 413 413 483 483 499 
329 329 
8 8 8 313 313 313 350 350 350 
53 259 259 377 393 419 419 
292 
159 159 257 257 343 343 392 392 477 
245 
76 295 360 360 360 360 360 361 
236 236 275 275 303 303 303 406 406 415 415 

124 390 390 454 
7 7 157 157 169 169 238 238 271 271 287 287 296 310 375 375 505 505 

236 487 
40 40 49 55 56 56 56 60 60 69 83 83 104 104 117 117 129 138 138 147 184 184 184 191 191 211 230 230 235 237 237 252 252 267 267 267 275 278 278 283 283 344 344 351 415 415 415 432 487 487 
236 236 
212 212 233 233 
342 342 405 405 405 
279 476 476 496 496 496 
39 39 62 430 
76 76 208 
311 311 311 413 424 494 494 
358 358 
76 76 186 186 228 
70 70 184 184 
110 176 288 401 401 
150 150 408 408 
40 
149 374 417 442 
193 193 286 286 413 413 
236 236 
330 
283 283 415 
5 5 
273 273 
227 227 305 
70 70 184 
225 225 367 367 
184 184 
81 81 329 329 
410 410 
315 315 
11 11 334 385 

493 
184 184 191 191 195 195 204 236 236 236 268 471 471 471 
204 204 267 
200 415 
286 
3 158 203 218 233 233 282 282 297 297 327 339 354 354 374 375 375 375 391 401 401 401 408 408 412 412 427 442 453 
160 160 
5 256 256 354 
219 402 402 
230 230 236 
157 
415 
236 236 
31 31 31 184 184 240 
174 308 435 435 435 435 449 449 467 467 467 
67 192 298 347 347 421 421 
144 144 271 271 427 
236 236 254 254 415 
184 184 
191 
193 251 251 270 413 
9 9 233 233 
247 
81 184 184 184 451 451 451 451 
23 23 23 97 171 171 171 196 480 
184 426 
76 76 76 152 152 184 226 364 364 364 410 410 
408 408 
58 397 397 397 
76 76 76 229 509 
68 68 68 169 233 
271 271 408 408 
281 347 
31 54 76 413 413 
177 177 177 
339 
39 39 485 485 
230 230 230 415 
56 56 56 148 148 191 191 
159 159 159 257 343 343 343 343 482 482 
87 87 370 408 408 
32 184 396 465 
280 467 
124 210 
233 
243 243 243 
84 84 85 85 160 160 
224 224 224 
76 76 80 199 199 214 215 222 317 317 349 354 384 398 418 429 434 434 455 467 481 481 
31 31 31 73 94 94 263 263 336 336 486 
444 444 
314 314 398 398 413 413 
413 413 
76 76 76 354 354 
140 
42 42 323 
76 76 162 162 162 
42 321 
41 41 184 184 
72 72 90 153 153 358 358 
358 358 358 
271 
76 76 209 
81 165 165 223 223 261 261 
39 39 39 159 159 253 428 428 
22 22 
407 
413 413 
264 385 413 
174 413 413 494 494 
315 315 486 486 
207 
184 184 415 
46 145 145 271 301 381 381 408 408 427 427 452 464 464 470 
182 182 
222 
239 239 
227 227 305 305 305 305 
69 69 69 147 173 173 236 236 447 
52 184 184 184 
27 47 47 47 47 76 459 459 
67 67 281 281 298 421 421 506 506 
84 85 85 
314 481 
8 8 196 196 224 224 224 
189 236 356 356 356 
402 402 
76 456 
5 5 31 41 41 41 76 76 99 99 134 184 184 271 271 273 314 319 319 411 411 450 462 462 490 490 490 502 502 508 
12 184 184 202 202 
351 351 351 
367 367 431 496 
38 38 72 89 89 90 90 193 193 244 244 325 325 326 326 326 413 413 466 466 500 503 503 
61 81 
229 229 229 229 229 
229 
65 413 

292 292 292 
415 
184 
181 259 259 357 357 496 
401 

87 87 306 
68 
106 190 

154 154 250 271 408 417 442 
233 233 271 271 271 
222 
225 458 
101 101 
103 146 
134 
0 0 46 64 64 64 123 133 133 139 339 339 408 
413 
63 63 63 75 415 415 415 432 
314 449 449 449 
264 334 413 413 413 
198 198 

487 487 
22 22 22 81 82 497 497 
17 232 232 
271 
227 227 
225 
81 81 495 495 
46 64 
184 307 
294 294 294 
314 317 317 
156 
5 5 50 50 
110 247 247 271 271 271 368 
39 159 219 274 274 352 352 405 
427 
6 6 6 182 
39 39 39 239 239 239 402 
37 230 230 415 415 415 415 
175 332 413 413 
25 26 87 150 150 150 248 248 271 271 293 293 297 297 306 306 339 339 374 381 412 412 412 437 470 
184 184 
262 262 292 292 
354 354 
271 271 408 408 408 
35 45 45 74 76 76 77 92 128 168 182 187 187 187 193 193 196 222 222 243 251 251 286 299 299 317 317 318 318 333 333 334 335 335 358 358 362 382 385 385 385 407 407 448 455 455 500 500 
22 22 22 22 108 108 
37 57 57 116 129 129 177 177 184 184 201 201 230 230 236 236 236 254 269 277 283 303 338 365 383 383 383 406 406 406 406 432 432 460 460 460 460 463 463 
65 65 65 
149 149 250 374 
80 80 80 95 95 314 
225 225 
18 441 
281 281 347 347 
196 196 
76 
243 
103 157 157 169 169 169 169 169 
184 184 184 291 
271 282 339 339 403 
20 20 159 330 330 
314 
241 
357 496 496 
236 383 415 415 
159 
314 314 
280 280 280 280 449 
22 22 22 
408 
83 83 83 83 
45 161 
186 
1 5 5 18 98 420 
250 271 374 468 468 468 
5 
59 182 182 182 316 316 
85 450 
56 56 191 191 191 
344 
74 74 74 128 128 413 
280 280 384 384 384 435 467 467 
41 41 354 445 462 
289 289 289 289 
339 464 464 
271 
4 4 4 219 219 232 
17 314 413 413 
76 76 184 184 353 491 491 
41 41 
377 
346 346 
415 415 415 415 
22 22 
354 354 450 
63 75 415 415 
339 339 452 452 
184 184 307 
72 358 358 
215 280 280 280 308 314 449 449 
123 123 123 442 442 442 
159 159 159 511 
339 408 
101 101 101 170 195 195 267 267 267 
475 

56 56 487 487 
5 472 
10 10 100 240 240 496 496 
39 159 166 188 188 227 
76 76 76 
193 193 193 
171 171 171 171 290 
314 314 349 
305 305 
30 30 30 222 222 
51 184 184 
39 39 302 302 
31 120 315 336 336 489 
56 56 56 235 236 236 388 388 474 474 
184 184 213 
31 486 
51 51 51 184 184 184 354 354 354 
126 126 185 185 456 456 
41 41 
266 
220 220 243 243 335 335 
394 394 
100 197 197 240 240 240 357 367 431 431 476 476 
22 22 389 389 

182 222 
358 413 413 
54 
354 354 
358 358 

233 233 
347 347 
104 104 
5 5 5 48 86 198 198 198 354 
76 76 295 
159 159 159 
469 
