Nodes: 512, Edges: 1187
133 381 
441 441 
28 28 111 111 182 183 183 189 
271 271 271 
454 
34 48 50 50 50 88 88 88 88 184 198 273 273 273 354 354 354 400 441 441 443 475 504 504 508 
404 404 
233 233 271 271 
196 196 196 224 224 313 350 350 
287 287 
476 476 476 
264 264 
184 202 202 202 355 
76 
117 125 184 184 
59 59 59 
184 
390 390 
420 
104 104 
428 428 
31 31 31 
108 115 331 331 389 389 414 436 436 461 461 461 497 497 
290 290 290 

408 
158 408 
76 346 
2 2 178 
56 
180 180 222 222 483 483 
21 21 21 172 184 184 279 279 279 279 315 315 486 486 489 489 
184 
67 67 192 192 192 
5 
222 413 
106 
406 406 415 415 
358 
62 62 62 163 163 166 166 166 219 219 231 241 302 330 330 402 405 477 477 485 485 
192 236 236 249 
85 85 99 99 99 137 137 160 160 160 184 184 184 324 354 399 450 457 457 492 
323 
193 193 
137 137 
76 76 76 109 439 
64 339 381 395 395 
76 76 346 346 
5 

5 5 5 400 400 
490 490 490 
184 345 
225 
299 501 501 501 
93 195 195 236 
29 191 191 236 236 304 304 446 446 487 
415 
294 397 397 
15 15 15 444 444 
104 236 236 
81 359 359 
39 39 39 241 241 
75 383 383 383 
46 381 
193 193 193 362 362 416 416 
141 
33 33 192 281 281 347 347 347 
169 169 179 179 296 296 296 371 371 
236 344 344 
184 184 246 258 258 

325 358 358 358 466 
94 315 315 
413 448 448 448 
63 383 463 463 
13 27 45 45 45 47 47 78 78 78 96 96 107 107 107 109 162 162 184 184 186 196 199 199 199 207 207 207 228 228 242 245 245 292 292 295 299 314 314 319 319 328 328 346 346 353 353 354 413 423 423 423 478 509 509 
196 413 413 
76 76 76 
236 236 
314 314 418 418 
61 82 82 113 113 184 261 261 289 289 329 329 389 389 389 394 495 
81 81 121 142 143 143 389 389 
104 236 438 438 
85 85 85 
41 41 84 84 84 160 160 312 312 348 348 
198 198 508 508 
306 306 370 370 408 408 408 
5 5 5 5 
358 358 
358 358 

182 182 182 404 404 413 413 413 
55 
73 315 315 315 
418 
76 76 
171 171 290 290 290 
420 420 420 441 441 
41 41 41 354 354 
476 496 496 496 
140 195 195 195 378 471 471 
136 216 
146 379 379 379 425 425 
19 19 60 83 236 236 237 237 507 
190 190 
36 190 372 372 
76 76 76 
22 414 
45 76 199 
176 176 247 401 
2 2 182 182 
184 
81 81 
367 
22 389 
184 184 415 415 
14 125 125 135 135 184 184 184 236 236 236 
152 152 152 152 262 364 364 
122 122 222 413 413 
486 
82 143 
119 119 222 
381 468 468 
232 232 387 387 454 454 
14 117 117 136 136 
185 185 491 491 
480 
413 448 448 
236 415 

454 454 

0 381 
354 380 380 
117 117 
102 125 125 
41 41 44 44 184 184 
164 236 

101 320 320 
66 196 196 358 
82 389 
82 82 121 217 217 
282 
339 
103 379 379 
344 344 
191 191 304 304 
250 417 
248 408 
354 
118 118 118 118 292 

374 374 
413 413 
354 399 
233 276 276 425 425 425 
26 194 194 271 
188 188 188 205 205 227 231 231 305 305 330 402 428 433 433 469 477 477 510 510 511 511 
41 41 41 85 85 272 312 312 498 498 
413 439 439 
76 76 322 
39 39 
138 
329 
39 39 39 477 
500 
413 
68 68 233 233 296 425 425 425 

97 97 290 480 480 480 
31 

222 280 335 494 
187 187 187 407 407 
110 110 247 247 247 
300 300 415 415 415 
28 183 183 
68 68 
30 30 222 
367 367 
2 92 92 92 111 111 220 220 340 340 340 363 363 404 413 413 413 444 444 
2 2 178 178 
5 12 14 14 16 31 31 32 41 41 41 52 70 70 76 76 81 112 116 116 117 117 117 137 137 213 213 213 236 236 246 267 279 279 279 284 289 289 289 291 291 292 307 315 315 324 324 338 338 345 354 355 366 396 409 409 409 415 415 426 426 456 465 484 488 490 
126 126 491 491 
76 440 
175 175 175 413 
159 159 159 477 
2 351 351 
105 105 106 372 
56 56 148 148 236 236 236 267 267 268 285 304 446 446 446 
33 33 33 40 67 
43 43 65 65 65 251 251 251 286 362 413 479 
158 158 
55 55 101 101 101 236 236 267 267 471 
8 8 8 76 77 141 141 200 200 290 350 350 373 373 373 413 413 422 422 
496 496 
5 86 86 386 386 508 
76 76 76 109 207 207 207 314 314 
196 196 
236 236 
12 12 12 355 355 
271 
267 268 268 268 
159 159 
405 405 
76 76 76 199 199 199 337 478 478 

328 328 328 
309 

238 238 238 310 310 
184 184 184 488 
215 314 314 
214 467 
102 
143 143 
271 271 
39 39 232 274 274 402 402 454 
182 182 494 494 494 494 

30 30 35 119 122 174 180 314 314 341 341 341 376 376 376 413 413 483 499 499 

8 8 313 
53 259 377 419 419 458 458 
292 
159 257 257 337 343 392 477 477 
76 76 245 245 
295 295 360 360 361 
236 236 275 275 303 406 406 415 415 
39 159 159 
124 124 219 390 390 390 
7 7 157 169 169 271 287 287 287 287 296 310 310 374 374 374 375 375 375 505 505 
503 
487 487 
40 40 55 56 56 60 60 69 79 79 83 104 104 117 117 117 129 138 184 184 191 191 191 195 195 201 201 230 230 237 237 252 252 252 267 267 267 275 275 278 283 283 344 344 351 415 415 432 432 460 460 487 487 487 
104 104 236 236 
212 212 212 
342 342 405 
279 279 476 476 496 
39 62 62 430 430 430 
76 
311 311 311 413 413 424 494 
325 358 
76 76 228 228 
70 184 
110 176 176 176 288 288 
150 408 
40 
149 417 417 442 442 
193 193 193 286 286 286 413 
236 236 236 
330 330 
283 283 

271 271 271 
227 227 305 337 
70 70 409 409 
225 367 367 367 367 367 

81 81 329 329 
118 364 364 410 410 410 
315 315 
11 11 334 334 
496 

184 191 191 195 195 204 236 236 236 268 268 356 
191 204 204 204 267 267 
415 415 
286 286 
3 3 3 7 7 158 203 218 218 233 256 256 256 297 297 327 339 339 354 354 374 375 375 391 401 408 408 412 412 427 442 453 453 
160 
5 5 5 354 472 472 475 
219 219 402 402 
230 230 236 236 
157 157 
415 
236 
31 31 31 31 184 184 184 240 240 
174 435 435 435 435 435 449 449 467 
67 67 298 347 347 421 
144 427 
236 236 254 254 415 
184 
191 
193 251 251 251 270 270 413 413 
9 9 233 233 233 233 
247 247 
81 81 184 184 184 451 451 
23 23 23 97 97 97 171 196 480 
184 184 426 
76 76 152 184 226 364 
408 
58 397 397 408 
76 229 229 509 
68 68 68 169 233 
271 271 
281 347 347 
54 76 413 413 
177 177 
339 339 
39 485 485 
230 
56 56 148 148 191 
159 159 257 343 343 392 392 482 
87 87 370 408 
184 354 396 465 465 
467 
210 
212 212 233 233 
243 243 243 
85 85 160 160 
8 224 
76 76 80 80 199 199 214 214 222 222 317 349 349 354 354 354 384 398 398 398 413 418 429 434 455 455 467 467 481 
31 31 73 73 94 94 94 184 184 263 263 336 336 486 486 
444 
314 
413 413 
76 76 354 
140 140 
323 
162 
42 321 359 359 359 
41 184 184 
72 244 358 358 
358 358 
271 
76 76 209 209 209 
81 81 165 261 261 
39 39 159 253 253 369 428 428 
22 22 
407 407 413 413 413 
413 413 
264 264 385 385 413 
174 413 413 494 494 
315 315 486 486 
207 227 257 
184 184 415 
46 145 271 271 301 301 381 408 408 427 452 452 464 464 470 470 
182 182 182 
222 222 222 
239 239 
227 305 305 
69 69 147 147 236 236 
52 184 
27 47 47 76 76 459 459 
67 67 67 281 281 298 298 506 506 
85 85 
314 314 481 
8 8 196 196 
189 189 236 356 432 
402 402 402 
76 76 456 
5 5 5 41 76 99 99 134 151 156 184 271 271 273 307 314 314 314 319 411 411 411 450 462 490 502 
12 184 202 202 
267 351 
367 431 496 
38 72 72 72 89 89 90 90 141 244 325 325 326 326 413 413 503 503 
61 61 323 323 323 
229 229 
229 
65 65 193 413 413 
182 182 
118 118 262 262 292 

184 
114 181 181 259 259 259 259 259 357 496 496 
401 401 
330 
87 87 306 
68 68 
106 106 190 
196 196 196 
154 154 233 233 233 271 408 408 408 417 442 442 442 
233 233 233 271 271 
222 222 222 
225 458 458 
101 
103 103 103 146 146 
134 134 
0 46 64 123 133 339 395 408 408 
413 413 413 
63 63 63 75 415 415 
314 449 449 
334 334 413 
198 198 
124 124 
487 487 
22 22 81 81 81 82 82 115 142 497 497 
17 17 232 232 232 
271 
227 305 305 

81 495 495 
46 46 381 
184 307 
58 58 294 294 
314 314 314 
41 156 
5 50 50 
110 271 368 368 
39 159 219 219 274 274 352 352 352 405 405 
427 427 
6 6 92 92 182 
39 206 206 239 402 402 
37 37 230 230 415 415 415 415 
175 175 332 332 413 413 413 
25 26 87 87 87 150 248 271 271 293 294 306 339 339 374 374 374 381 381 412 437 437 470 
184 184 184 258 258 
262 262 262 
354 354 354 
271 271 408 
35 74 76 77 77 92 92 92 119 119 128 155 155 161 168 182 182 182 187 193 196 196 222 222 243 243 251 286 286 299 299 314 318 318 332 332 332 333 333 334 335 335 358 358 362 362 382 382 382 385 407 407 407 439 439 439 448 448 455 455 455 494 500 500 
22 108 
37 37 57 116 116 129 177 177 177 184 184 230 230 236 236 269 269 277 283 338 383 383 406 406 406 406 432 460 460 463 
65 65 
149 250 250 374 
80 80 95 314 
225 225 
18 98 98 98 441 441 
281 
196 196 
76 76 76 
243 
103 103 157 157 157 169 169 169 
184 184 291 
271 282 339 403 403 
20 20 159 330 330 
314 
241 241 241 
357 496 
236 236 351 415 
159 159 
314 
280 280 280 280 280 449 
22 22 
408 408 
83 83 487 
45 161 161 413 413 413 
186 
1 1 5 5 98 98 420 420 
250 250 271 374 374 374 468 
5 
59 59 182 182 316 
450 450 450 450 
56 56 191 191 191 

74 74 74 128 128 413 413 
280 280 384 384 435 467 
41 354 445 445 445 445 462 
289 289 
339 339 464 
271 271 
4 124 124 131 131 219 
314 314 413 413 413 
184 353 491 
41 41 
225 225 377 377 
346 346 
236 236 415 415 
22 22 22 497 
354 450 
75 75 415 
339 339 452 
184 307 307 
72 
215 280 308 314 314 449 
123 123 442 
159 
339 339 408 
101 101 195 
273 273 475 475 
491 
487 487 
5 273 472 472 
10 10 10 100 240 240 496 496 
39 39 159 159 166 188 227 227 
76 207 207 
193 
127 171 171 171 290 
314 349 
305 
30 30 222 
184 
39 39 302 302 
31 31 120 315 315 336 336 489 489 
56 235 235 236 236 236 388 388 438 474 474 
184 213 
31 31 486 486 
51 51 51 184 354 
126 126 185 185 456 473 
41 

174 220 220 220 220 243 335 335 413 
81 394 394 
100 100 100 197 197 240 265 357 367 367 431 476 476 
22 22 389 389 461 
160 160 
222 222 
167 413 413 
54 54 54 
354 
234 358 358 
5 5 
233 233 
347 347 
104 
5 86 86 198 
76 76 295 
159 159 
159 159 
