Nodes: 512, Edges: 1187
133 381 381 381 
441 441 
28 28 91 91 111 111 182 182 182 183 183 189 
271 493 493 
454 454 454 
34 34 50 50 88 184 184 198 198 198 273 279 354 354 400 441 441 475 475 504 504 508 508 508 
404 
233 233 233 271 271 
196 224 224 224 350 350 
287 287 287 
476 476 
264 
184 184 202 355 
76 76 
117 125 184 184 
59 59 182 
184 
390 390 
420 
104 
428 428 
31 31 
108 108 115 331 331 414 436 436 461 497 
290 290 
76 
408 408 
158 408 408 408 
76 76 346 
2 2 178 183 183 183 
56 
180 222 
21 21 184 279 279 279 279 315 354 354 486 489 
184 
67 67 192 192 
5 5 
158 158 210 222 413 
106 106 106 
57 406 406 415 
358 358 
62 62 62 62 159 159 163 219 219 231 241 241 302 302 302 330 402 402 402 405 485 485 
192 236 249 249 
85 85 85 99 160 160 160 184 324 354 354 354 399 445 450 450 450 457 457 492 
321 323 


76 76 109 
64 64 339 381 381 395 
346 346 

236 236 236 
5 5 400 400 
484 490 490 
184 345 
225 225 
76 76 76 299 501 501 
195 195 236 236 
29 191 236 236 304 304 446 446 474 487 487 
37 415 
294 397 397 397 
15 15 444 
104 
359 
39 39 39 39 241 241 
75 383 383 463 
46 46 381 395 
193 362 362 416 
141 141 141 
33 33 192 192 281 347 
169 179 296 296 371 
236 236 236 
184 184 246 258 258 
369 
325 358 358 358 466 466 
94 94 315 463 
413 448 
63 463 463 463 
13 13 24 27 27 45 45 54 54 54 78 78 96 96 107 107 109 109 162 184 184 186 186 196 199 199 207 207 207 208 228 229 229 242 245 245 245 245 292 292 292 295 295 295 299 299 314 314 319 322 322 322 328 328 346 346 346 361 361 413 413 423 423 423 440 440 456 456 509 509 
196 413 413 
76 76 
236 
314 418 
82 82 113 113 113 184 184 261 261 261 289 289 329 329 359 389 389 394 394 495 
81 81 121 142 143 143 165 389 389 
104 236 236 236 236 438 438 438 438 438 
85 85 85 312 312 348 348 
41 41 41 84 84 84 160 160 312 312 348 348 445 
198 198 198 508 
306 306 370 370 408 
5 
358 
325 358 358 
2 2 
404 404 413 413 

73 73 315 315 
418 
76 76 
171 171 
420 420 441 
41 354 354 
476 476 496 
140 195 378 378 471 
117 136 216 
146 146 379 425 425 
19 60 83 138 236 236 237 507 
184 184 190 190 190 372 
36 36 36 190 372 
76 76 
22 22 414 
45 76 76 199 
176 176 247 401 401 
2 2 182 
184 184 
81 81 81 
367 
22 
184 184 415 
14 102 125 125 135 135 184 184 184 236 236 
152 152 152 262 364 364 
122 222 222 
486 486 
82 143 
119 222 
381 468 
232 232 387 454 454 
14 117 117 136 136 136 
185 185 185 491 491 
480 480 
413 448 
415 415 415 

454 454 
168 168 168 
0 
380 380 380 
117 117 
102 125 125 125 
184 184 
104 164 164 164 
381 
101 320 320 
66 66 66 196 196 196 358 
82 389 389 
82 82 121 
282 
339 
103 103 379 
236 236 
304 
250 
248 248 408 
354 
118 118 118 292 292 292 
325 
374 
413 413 
354 450 
276 425 425 425 
26 35 35 194 271 408 
39 39 188 188 188 205 227 231 305 305 402 428 428 428 433 433 477 510 510 511 511 511 
41 41 41 85 85 272 272 312 312 312 498 
413 439 
76 322 322 
39 
138 138 138 
82 329 
477 477 
413 500 
132 132 132 413 
68 233 233 233 425 425 
471 
97 97 290 480 

344 344 344 
222 222 335 335 335 
187 187 187 187 187 407 407 
110 110 
300 415 415 415 
28 183 183 
68 
30 222 222 222 
367 367 
2 2 2 15 111 220 220 340 363 363 404 413 444 444 499 
2 2 28 28 28 178 178 
5 5 12 12 14 14 16 31 32 41 52 70 70 76 76 81 81 105 105 112 112 116 116 117 117 117 137 137 213 221 236 236 236 246 258 258 260 267 267 279 279 279 284 289 291 307 315 315 315 324 324 324 338 345 354 355 355 355 366 396 409 415 415 415 426 456 465 465 465 484 484 484 490 490 
126 126 126 491 
76 76 245 245 
175 175 175 175 175 
159 159 159 477 477 477 
2 351 351 351 
105 105 105 106 372 372 
56 236 236 267 267 268 285 446 
33 33 40 67 67 236 236 281 281 
65 251 251 251 286 286 362 362 413 413 479 479 500 
158 
55 55 101 236 236 267 267 267 
8 76 77 141 141 141 200 200 200 290 290 350 350 373 373 413 422 
496 496 
5 5 5 86 86 86 386 386 508 508 508 
76 76 109 207 207 314 
196 196 196 
236 236 415 415 
12 355 
271 
267 268 268 268 
159 
405 
76 76 76 199 199 337 
76 
328 328 328 
35 309 
236 
238 310 
184 
215 314 314 
214 314 467 
102 

271 
39 39 232 274 402 402 454 454 
182 182 494 
184 
30 35 119 119 122 174 174 180 180 180 309 314 341 376 376 413 413 483 499 499 499 499 
329 329 329 
8 8 8 313 
53 53 259 377 377 419 419 458 
292 292 292 
159 257 337 343 392 477 477 
76 245 245 
76 76 295 360 360 360 361 
236 236 275 303 303 303 415 415 
39 159 
124 124 219 390 390 390 454 454 
7 7 7 169 169 169 238 238 238 287 287 296 310 374 375 375 505 505 505 

236 487 
40 49 49 49 55 55 56 56 69 69 69 79 83 83 83 83 104 104 117 117 147 147 184 184 184 191 191 192 192 195 195 201 201 211 230 230 235 267 267 275 275 275 283 283 283 344 351 351 415 415 415 432 432 460 460 487 487 
104 
212 233 233 233 
342 342 405 405 
279 476 476 496 
39 39 62 62 430 430 430 
76 
311 311 311 311 413 413 424 494 
325 358 358 
76 76 76 76 186 186 228 228 
70 184 
110 288 288 401 401 
150 150 408 408 408 
40 40 
149 374 417 442 
193 193 193 286 286 413 413 413 

330 
283 415 415 

273 
227 305 305 305 
70 70 184 184 409 
225 367 367 367 
184 
81 81 81 
118 364 410 410 
315 315 315 
11 334 334 385 385 
496 
493 
184 184 191 191 195 195 195 204 236 236 268 268 356 356 471 
191 204 204 204 267 267 
415 415 415 
286 286 
3 7 7 158 203 218 282 282 297 297 297 327 327 339 339 354 374 374 375 391 391 401 408 408 412 412 442 442 453 
160 160 
5 256 354 354 472 475 475 
219 402 
230 236 236 236 
157 


5 31 31 31 31 184 184 184 240 
308 308 435 435 435 435 449 449 467 
67 192 192 298 347 347 421 
144 271 271 427 
236 236 236 254 415 
184 
191 
193 193 251 251 270 270 413 413 
9 9 9 233 233 
247 247 
81 81 184 451 
23 23 171 196 196 
184 426 426 426 
76 76 76 152 152 152 226 226 226 364 410 410 410 
408 408 
58 397 408 
76 76 76 229 509 
68 68 233 
271 271 271 408 
281 
54 76 76 413 413 
177 
339 339 339 
39 39 39 485 
230 230 230 415 415 
56 56 148 
159 159 257 257 257 343 343 392 392 482 
87 87 408 408 
184 354 396 396 465 
280 280 467 467 467 
210 222 
212 233 
243 243 243 243 
84 84 85 85 160 160 160 
224 
76 76 80 199 214 214 215 222 384 384 384 398 398 398 413 413 413 429 429 434 434 434 455 455 467 467 481 
31 73 94 94 184 184 184 263 263 263 336 486 
444 444 
398 398 398 413 
413 413 413 
76 354 354 
140 140 
42 
76 76 76 162 162 
42 359 
41 184 184 184 
72 90 153 244 358 358 

271 271 
76 76 209 209 209 
81 81 165 223 223 223 432 
39 253 369 428 
22 22 
407 413 413 
413 413 
264 264 385 413 
174 174 174 413 494 494 494 494 
315 486 
207 227 
184 415 415 415 
46 145 271 271 301 301 301 381 408 408 427 452 464 470 
182 
222 
239 239 
227 305 305 
173 173 173 236 447 
52 184 
27 47 47 76 76 76 459 459 
67 281 281 421 421 506 506 
84 84 85 85 
481 
8 8 196 196 
189 189 189 236 236 432 
402 

5 5 31 31 41 41 41 99 99 151 156 184 271 273 273 307 319 319 411 450 450 450 462 490 490 502 502 508 508 
12 184 184 184 202 
267 267 
367 367 431 431 431 496 
38 38 72 72 72 89 90 90 141 244 244 325 325 413 466 500 503 503 
61 81 323 
229 229 229 
76 76 229 
65 65 193 193 413 
182 182 
118 118 262 292 
415 
184 
114 181 181 259 259 259 357 357 496 
401 
71 330 
87 87 
68 
105 106 190 190 
196 196 
154 233 250 271 271 417 417 417 442 
233 233 271 
222 222 
225 225 458 458 
101 101 
103 146 
134 134 134 
0 0 0 46 46 64 123 139 339 408 408 
413 413 
63 63 415 432 432 
314 314 314 
264 264 334 413 
198 198 
124 
487 
81 81 82 82 142 142 497 
17 17 232 232 232 
271 271 
227 305 305 

81 81 
46 64 
184 307 307 
58 58 58 294 
314 314 314 317 317 317 
41 
5 50 50 
110 110 247 247 271 368 
39 39 39 159 219 219 274 352 405 
427 427 
6 92 92 182 
39 206 239 239 402 
37 37 415 
175 175 332 413 413 
25 25 26 26 26 87 150 158 248 248 248 271 271 293 293 294 297 306 306 339 339 381 381 412 412 437 437 437 470 
184 258 
262 262 292 292 292 
354 
271 271 408 408 
35 74 76 76 77 77 92 92 128 155 155 161 167 168 182 193 193 196 222 222 243 243 251 251 251 286 286 299 299 314 314 314 317 318 318 318 332 332 333 333 334 335 358 362 382 382 385 407 407 439 448 448 448 455 494 500 
22 108 
37 57 116 129 129 129 177 177 177 184 184 184 201 201 230 230 236 236 236 254 254 269 269 269 283 303 303 338 338 338 365 383 406 432 463 463 
65 
250 374 374 374 
80 95 
225 225 
18 98 98 441 441 441 
281 347 347 
196 
76 76 76 
243 
103 103 157 157 157 169 169 
184 291 291 291 
282 339 403 403 
20 20 159 159 159 330 
314 314 
241 241 241 
357 357 357 496 496 
236 236 329 351 383 383 415 
159 159 
314 314 314 
280 280 280 280 449 
22 22 
408 408 408 
83 83 83 83 83 
161 413 
76 76 
1 1 5 5 98 420 420 420 
250 271 271 374 468 

59 182 182 316 316 
41 85 450 450 450 
56 56 191 
344 
74 128 413 413 413 
280 280 435 467 467 
41 41 41 156 354 354 354 445 445 445 462 
289 
339 464 
271 
4 4 4 124 124 131 131 219 219 232 232 
314 314 413 
76 76 184 
41 41 
225 377 377 
346 346 
236 236 
22 497 497 
354 450 
63 73 75 75 75 415 415 
339 452 
184 184 184 307 
72 72 358 
215 280 308 308 308 314 314 449 449 
123 442 
511 
339 408 
101 170 267 
273 475 

56 487 
5 5 273 273 472 
10 10 100 100 240 240 496 496 
159 166 166 188 188 188 227 227 

193 193 
127 127 171 
314 349 
305 
222 
51 184 184 184 
39 39 302 
31 120 120 315 336 489 
56 56 235 236 236 388 474 

31 486 
51 51 184 184 354 354 
126 126 185 
41 
3 3 266 
220 243 335 335 335 335 413 
81 
100 197 197 240 265 357 367 431 431 476 476 
22 389 461 461 
160 
182 222 222 222 222 
167 193 358 413 
54 54 
354 354 
358 358 
5 5 
233 233 233 
347 347 
104 
5 5 5 86 198 198 198 354 354 
76 76 295 
159 159 
159 159 159 469 
