Nodes: 512, Edges: 1187
381 381 
441 441 
91 183 183 189 189 
271 271 493 493 
454 
34 34 34 48 48 50 50 88 88 184 184 198 255 255 273 279 279 354 400 400 400 441 441 443 443 475 504 504 504 508 508 
404 404 
233 271 271 
196 196 224 224 313 
287 287 287 287 
476 476 476 
264 264 
184 184 202 202 355 355 
76 
117 117 117 125 184 
59 59 59 59 59 182 182 
184 184 
390 
420 
104 104 104 
428 428 428 
31 31 
108 331 331 389 389 414 414 436 436 461 
290 290 
76 
408 408 
158 158 408 408 408 
76 76 346 346 346 
178 178 

180 483 483 483 
21 21 172 172 184 184 279 279 279 315 315 486 486 489 
307 
67 67 192 
5 5 5 
158 158 158 413 413 413 
106 
406 415 

62 62 62 159 163 163 166 219 231 231 241 302 330 402 405 477 477 477 485 485 485 
236 236 249 249 249 
85 85 85 99 99 151 151 160 160 324 399 450 
321 321 323 323 323 323 
193 
137 
76 439 439 
64 339 339 381 381 395 395 395 
76 76 346 346 
5 5 
236 236 
5 5 400 
484 490 
184 184 
225 
76 76 299 299 501 501 
93 93 236 
191 191 236 304 304 446 446 474 487 487 
415 
294 397 397 
15 15 15 15 15 444 
104 104 
81 81 81 
39 39 39 241 241 241 
463 
46 381 381 395 
193 193 193 362 362 362 
141 141 
33 33 192 192 281 281 347 
169 179 179 296 
236 344 
184 246 246 
369 
325 325 358 466 
94 315 315 
413 
383 463 
13 24 27 27 45 47 47 54 54 78 78 96 96 96 107 107 107 109 162 184 186 196 199 199 199 207 208 208 228 228 229 242 242 245 295 295 295 295 299 314 314 319 319 322 322 328 328 328 353 353 354 354 361 413 423 423 440 440 456 456 478 
196 196 
76 76 
236 
314 418 
61 61 61 82 82 82 113 113 184 184 289 329 359 359 389 389 389 394 394 495 495 
81 81 81 121 121 121 142 142 142 143 143 143 165 165 389 389 389 
104 104 236 236 236 438 438 438 438 
85 85 312 312 348 
41 41 41 84 84 160 160 312 312 
198 508 508 
306 306 370 370 408 408 
5 5 504 
358 358 
325 358 
2 
182 182 404 
55 55 
73 315 315 
418 418 
76 76 76 
171 171 290 290 290 
420 441 
41 41 354 
476 496 496 
140 195 378 378 471 471 471 
117 117 136 
379 425 425 
19 19 19 60 60 83 83 138 138 138 236 236 237 237 
184 184 190 372 
36 372 
76 76 76 
22 
76 199 
176 176 247 401 
182 182 182 
184 184 
81 81 
367 
389 
415 
14 14 14 102 102 125 125 135 135 135 184 184 236 
152 152 152 152 
222 222 413 413 413 
486 486 
82 82 82 143 
222 222 
468 
232 232 309 387 454 
14 117 117 136 136 136 
185 491 
480 
413 448 
236 415 
497 
454 454 
168 
381 
354 354 380 380 380 
117 117 117 
102 125 125 125 
44 184 184 
104 104 104 164 236 236 
381 
101 320 
66 66 358 
82 82 82 
82 82 82 121 217 217 
282 282 
339 
379 379 379 
236 236 344 
191 191 304 
250 250 417 
248 408 408 
41 41 354 354 
118 118 118 118 292 
325 325 
374 374 374 

354 450 450 
233 276 276 
26 26 35 35 35 194 194 194 271 408 
39 188 188 205 205 231 231 305 305 330 402 402 428 433 433 469 477 477 510 510 510 511 511 
41 41 85 85 272 312 312 
439 
76 322 
39 39 
138 
82 82 329 
39 477 
413 413 
132 413 
68 296 296 425 425 
471 471 
97 97 290 480 
31 31 
344 
222 494 
187 187 187 407 407 
110 110 247 247 
415 415 415 
28 28 183 183 
68 68 
30 222 222 222 
367 367 
15 15 92 92 111 111 111 220 220 220 340 340 363 404 404 413 444 499 499 
2 2 178 178 
5 5 12 12 14 16 16 31 31 52 52 70 76 81 81 105 105 112 112 117 117 137 137 213 221 236 236 246 246 258 260 260 267 267 279 279 284 284 284 289 289 291 291 292 292 292 307 307 307 315 338 338 345 345 345 354 354 355 355 396 396 409 415 426 465 465 484 488 488 490 490 
126 491 491 
76 245 440 
175 175 175 413 413 
159 159 477 477 
2 2 
105 372 372 
56 56 148 148 236 236 236 267 267 268 268 285 304 
33 67 67 236 281 281 281 
43 65 65 65 251 251 251 286 358 358 362 413 413 479 
158 158 158 
101 236 267 267 471 471 
8 8 76 77 77 200 200 290 350 373 413 413 422 
496 496 
5 86 386 386 508 508 
76 76 76 109 207 314 314 
196 196 269 
236 415 415 415 
12 12 355 355 
271 
267 268 
159 159 
405 
76 199 478 478 
76 76 242 
328 328 
309 
236 
238 310 310 310 
184 488 
215 
214 314 467 467 

143 143 
271 271 
39 402 402 
182 182 182 
184 
119 119 122 122 174 180 180 180 314 341 341 341 376 376 376 413 483 483 
329 329 
8 8 350 
53 259 377 377 393 458 458 
292 
257 257 337 337 343 343 392 392 392 
76 76 245 
76 295 360 360 361 
236 236 259 303 303 303 406 406 415 415 415 
39 39 159 159 
124 124 390 390 454 
7 157 238 238 271 287 287 287 287 296 374 374 375 375 505 505 
503 
236 487 
40 40 49 49 55 56 69 79 83 83 83 104 104 117 129 138 138 147 147 184 184 191 191 191 192 195 201 211 230 230 235 237 252 267 267 267 275 278 278 283 283 344 344 351 415 415 415 432 438 460 460 460 487 487 487 
104 104 236 
212 233 233 
342 342 405 405 
279 279 279 476 476 
39 62 62 62 430 430 430 
76 76 208 
311 311 311 311 413 424 494 
325 358 358 
76 186 228 
70 70 184 184 
110 176 176 288 401 
150 408 408 
40 40 40 
149 149 374 374 417 417 442 
193 193 193 286 413 
236 
330 330 
283 415 
5 5 
271 273 
227 227 
184 409 409 
225 230 367 367 367 367 
184 184 
329 329 
410 410 
315 315 
11 11 334 385 385 385 
496 
493 
184 184 191 191 195 195 204 236 236 236 268 356 356 471 471 
191 191 204 267 
200 
286 
3 3 7 7 158 203 218 218 233 256 282 282 327 327 339 339 354 354 374 374 375 375 391 391 391 401 408 408 408 412 427 427 427 442 442 453 453 453 
160 
5 256 354 354 354 472 472 475 475 
402 
236 
157 157 
415 415 415 
236 236 
5 5 31 31 31 184 184 240 240 240 
308 308 435 435 435 449 467 467 467 
67 67 192 192 192 298 347 347 347 421 421 
144 144 271 271 427 427 427 
236 236 254 415 
184 184 184 
191 
193 251 270 
9 9 9 9 233 233 233 233 
247 
81 184 184 451 451 
23 23 97 97 97 171 196 
184 184 426 
152 184 184 184 226 364 364 410 410 
408 408 408 
58 397 397 397 408 
76 76 76 76 229 509 
68 169 169 233 
408 408 
281 347 347 
54 54 76 413 

339 339 
39 485 485 
230 230 230 415 415 415 
56 56 148 191 
159 159 343 343 392 392 482 482 
87 87 370 370 408 408 408 
32 184 184 184 396 396 465 
280 280 
124 210 
212 212 212 
243 243 243 243 
84 84 85 85 160 160 
8 
76 76 80 199 199 215 222 354 354 384 384 384 398 413 413 418 429 434 434 449 455 455 467 467 481 
31 31 73 73 94 94 184 263 263 336 336 486 486 486 
444 
398 
413 413 
76 76 354 
140 
42 42 323 323 
76 76 162 
42 42 42 42 321 321 359 359 
41 
72 72 90 153 153 244 358 
358 358 358 
271 271 
76 76 76 209 209 
81 165 223 223 261 261 432 
39 159 253 253 369 428 
22 22 
407 407 413 
413 
264 385 413 413 413 
413 494 494 
315 315 486 
227 227 
184 184 415 
46 46 145 271 271 301 301 381 408 408 408 427 452 452 464 464 470 470 470 
182 182 
222 222 222 
239 239 
227 227 305 305 
69 147 173 236 236 
184 184 184 
27 27 27 47 47 459 
67 281 281 281 298 298 421 506 
84 
481 
196 224 
236 356 356 432 
402 402 
76 76 456 
5 76 76 99 134 134 151 151 156 184 184 271 271 273 273 273 314 314 319 411 450 450 462 462 490 490 502 502 
12 12 184 184 202 202 
267 267 351 351 
367 367 431 496 496 496 
72 89 89 90 141 193 193 244 244 325 326 326 326 413 413 466 500 503 
81 81 323 323 
229 229 
76 229 
65 65 65 193 413 413 
182 
292 292 
415 

114 181 181 259 259 259 259 357 357 496 496 496 
401 
71 330 
87 87 306 306 

105 106 190 190 
196 
154 154 154 233 233 250 250 271 271 417 417 442 
233 233 271 271 
222 222 222 
225 225 458 458 458 
101 101 
103 146 146 146 
134 134 134 
0 0 46 46 64 64 133 139 339 395 
413 
75 415 415 415 432 
314 314 314 449 
264 264 264 334 413 413 413 
198 198 
124 
487 487 
22 22 81 81 81 82 82 82 115 497 
17 232 232 
271 271 271 
227 227 227 305 305 
225 
81 81 495 495 
46 46 46 64 381 
184 184 307 307 
58 58 294 294 294 
314 317 
41 
5 5 5 50 
110 247 271 368 
39 159 159 219 219 274 352 352 405 
427 427 
6 6 92 182 182 
39 206 239 239 402 
37 230 230 415 415 415 
175 175 332 332 413 413 413 413 413 
25 25 26 26 26 87 87 150 150 158 248 248 271 271 271 293 293 293 294 297 297 306 306 306 339 339 339 412 437 437 470 
184 258 258 
262 262 292 292 
354 
271 408 
35 35 35 74 76 119 119 119 128 167 167 168 182 187 187 193 193 196 196 222 243 251 299 314 314 318 318 332 333 334 334 334 335 358 358 362 362 382 385 385 385 407 407 407 407 407 439 439 494 494 500 
22 22 
37 57 116 129 177 177 177 184 201 201 201 230 230 230 236 236 236 254 277 277 277 283 303 303 303 338 365 383 383 383 406 406 406 432 460 460 460 

149 250 250 374 374 
80 95 95 314 

18 98 441 441 
281 281 347 
196 
76 76 
243 
103 103 169 169 
184 291 
271 271 271 282 282 282 339 403 403 
20 20 20 159 330 
314 
241 241 241 
357 496 496 
236 329 351 383 415 
159 159 
314 314 
280 280 280 
22 22 
408 408 
83 83 83 83 236 
45 45 161 413 413 
76 76 186 
1 1 5 5 98 420 420 
250 271 271 374 468 
5 5 
59 182 316 
450 450 450 
56 56 

128 
280 314 384 467 467 467 
41 156 156 354 354 445 445 445 462 462 
289 289 
339 339 464 
271 271 271 
4 124 131 131 232 
314 314 
76 76 353 491 

225 225 377 377 377 
346 
236 236 236 415 415 415 
22 497 497 497 
354 354 450 450 
63 75 
339 339 452 
184 184 307 
72 358 
215 215 280 280 280 314 314 449 449 449 
123 442 
159 511 
339 339 339 408 
101 101 101 170 170 195 195 267 267 
273 273 

56 487 487 
5 273 273 
10 10 10 100 240 240 
39 39 39 159 159 166 188 188 
76 207 207 
193 
127 171 
314 349 
305 305 
30 30 30 222 222 
51 184 
39 39 39 302 302 
31 31 120 120 315 315 315 336 489 489 
56 56 235 236 236 236 388 388 474 474 
184 184 213 
31 486 486 
51 184 184 354 354 
126 185 185 456 

3 3 266 
174 243 335 335 413 413 
81 81 394 394 
100 100 197 197 265 357 357 357 367 367 367 431 431 
130 389 461 461 461 

182 182 
358 413 
54 54 
354 354 
234 358 
5 5 5 88 
233 233 
347 

5 5 86 86 198 198 
295 
159 159 159 
159 159 469 
