Nodes: 512, Edges: 1187
381 381 
441 
28 28 91 91 111 111 183 183 189 
271 271 493 493 
454 454 
34 34 48 48 50 50 88 88 88 88 184 184 225 225 255 273 273 279 354 354 400 441 443 443 443 475 475 504 504 
404 404 
233 233 271 
196 224 313 313 350 350 
287 287 287 
476 
264 264 
184 202 355 
76 
117 184 184 
59 59 182 182 444 
184 
455 455 
420 441 
104 104 
428 

108 108 115 389 414 436 497 497 
290 290 290 

408 408 
158 158 408 408 
76 76 76 346 346 
2 2 178 183 
56 56 
180 180 180 222 222 483 483 
172 172 172 184 279 279 279 299 315 354 486 486 489 

67 192 
5 5 
158 158 210 210 222 
106 
406 415 
358 358 
62 62 159 159 163 219 231 241 267 402 405 405 477 477 485 
192 192 192 236 236 249 249 
85 85 99 99 137 137 137 151 151 156 156 160 184 184 184 324 354 354 450 450 457 492 492 
321 321 323 323 323 
193 193 
137 
76 76 413 413 413 439 
64 64 339 339 395 395 395 
76 76 78 346 346 
5 5 508 
236 236 
5 5 400 400 
490 490 
184 345 345 
225 225 
76 76 299 299 501 501 
195 236 
29 29 191 191 191 236 236 304 304 446 474 487 487 

294 
15 15 
104 236 
81 359 
39 39 241 241 
383 383 383 463 
46 46 381 381 395 
193 193 193 362 362 416 416 
141 
33 192 281 281 347 347 
169 169 169 179 179 371 371 
236 236 236 344 344 344 
184 184 184 246 258 

325 325 325 358 358 358 466 466 
94 315 
448 448 
463 463 
13 27 27 27 45 45 47 47 54 54 78 78 96 107 184 184 186 186 196 199 207 207 208 208 208 229 242 242 245 245 245 292 292 295 295 295 299 299 314 319 319 319 322 328 328 346 346 353 354 361 361 413 413 413 423 440 440 456 456 456 478 509 
196 413 
47 76 76 
104 236 
314 314 314 418 418 
61 82 82 113 113 113 184 184 261 289 329 359 359 389 394 394 495 
81 81 121 165 165 389 389 
104 104 104 104 236 236 236 438 438 438 438 
85 85 312 312 
41 41 84 84 348 445 
198 198 198 508 508 
370 408 408 
5 5 5 5 504 


2 2 
182 404 404 413 

73 315 315 
418 
76 
171 290 
420 441 
41 41 354 354 354 
476 476 496 496 
140 195 195 378 378 471 471 
117 117 117 136 136 136 216 216 216 
379 379 
19 19 60 79 83 83 83 83 138 138 236 236 236 237 507 
184 184 190 
36 190 372 
76 
22 22 414 
199 199 199 
176 247 247 247 401 401 401 
2 2 182 
184 184 184 
81 81 81 
367 367 
22 
184 184 415 
14 102 102 102 125 125 135 135 184 184 
152 152 152 152 262 364 
122 222 222 413 
486 486 
82 
119 222 
468 
232 232 232 309 387 387 
117 117 136 136 136 
185 185 185 491 
480 
413 413 413 448 
236 415 415 




354 354 380 380 
117 117 
102 102 102 125 125 125 
41 41 41 44 184 
104 104 164 
381 381 
101 320 320 
66 196 358 
389 389 

282 
339 
379 
236 236 344 344 
191 191 304 
250 417 
248 408 408 408 
41 41 
118 118 118 118 292 292 292 
325 325 325 
374 
413 
41 41 399 450 
233 233 276 
26 26 35 35 194 271 271 271 408 
39 39 188 205 205 227 227 231 231 231 305 305 330 330 433 469 469 477 510 510 511 511 
41 272 272 272 312 312 498 498 
413 413 439 439 439 
322 
39 
138 
82 82 329 
477 

413 
68 68 68 233 233 296 296 425 425 425 425 425 
471 
97 480 
31 31 31 
344 344 
222 222 280 335 494 
187 187 187 407 407 
110 
300 300 300 415 415 415 415 
28 183 
68 68 
30 30 30 
367 
15 15 92 111 220 220 363 363 404 404 413 413 499 499 
2 2 28 178 
5 5 12 14 14 16 31 41 41 41 52 70 70 70 76 76 81 81 105 105 112 112 112 116 116 117 117 137 213 213 221 221 236 236 236 246 258 258 258 260 267 267 267 279 284 289 291 291 292 292 292 307 307 307 315 324 324 338 338 345 345 345 354 355 355 366 366 396 409 426 426 426 456 456 465 484 484 488 490 
126 126 126 491 
76 76 245 245 440 440 
175 175 175 
159 477 477 
2 351 351 
105 106 372 372 
56 56 56 148 148 236 236 236 267 267 268 268 285 285 446 446 
33 40 40 40 67 236 281 281 
43 43 65 65 65 251 286 286 358 358 362 362 413 479 479 
158 
55 101 101 236 236 471 471 
8 76 77 141 200 200 373 373 413 422 422 422 
496 496 
86 86 86 386 
76 109 109 109 207 207 207 314 314 
196 196 269 
236 236 
12 355 355 

268 268 
159 159 
405 
76 76 199 199 199 478 
76 76 76 
328 328 328 
35 35 232 309 309 
236 
238 238 238 238 310 
184 184 
314 
314 314 467 
102 102 102 

271 
39 274 402 402 454 
182 182 494 494 
184 184 
30 30 35 119 119 122 174 174 314 314 341 341 376 413 483 483 499 499 499 
329 
8 313 350 350 
5 5 53 53 259 259 259 393 419 419 458 
292 292 
159 159 257 337 343 343 343 392 392 477 477 477 
245 
76 360 360 360 361 
259 275 303 303 303 406 415 415 
39 159 159 159 
124 124 124 210 390 390 390 390 454 
7 7 157 157 169 169 238 238 287 287 287 287 296 296 310 310 310 374 374 375 375 505 
503 503 
487 487 
40 40 49 49 55 56 56 60 69 69 69 79 83 83 83 104 104 104 129 147 147 184 184 184 191 191 191 192 195 195 201 201 211 237 237 252 267 267 275 278 344 351 415 415 415 432 432 460 487 
104 236 236 
212 212 212 212 233 233 
342 405 
476 496 496 
39 62 62 430 430 430 
76 76 
311 311 413 413 
325 325 358 358 358 
76 76 76 186 186 228 
70 184 
110 110 110 288 288 401 
150 408 408 
40 40 
149 374 417 417 417 442 
193 286 286 413 
236 
330 330 
283 283 415 
5 
271 271 271 273 273 
227 
70 184 184 184 409 
225 225 225 230 367 
184 
81 329 329 329 
118 410 410 

11 11 334 385 
496 
493 
39 184 184 184 191 191 236 236 268 356 356 356 471 471 
191 191 204 204 267 
200 415 415 
286 286 
3 3 7 158 158 158 218 256 256 256 282 282 282 297 297 327 327 354 374 374 375 375 391 391 401 401 408 412 412 427 442 442 453 453 
160 160 160 
5 5 256 256 354 354 354 472 
219 402 402 
230 236 
157 
415 415 415 
236 
5 31 31 31 184 
174 308 308 435 435 435 435 449 449 467 
67 67 192 192 298 347 347 
144 271 271 271 427 
254 254 415 415 
184 
191 191 
193 193 251 251 270 270 
9 9 9 233 233 233 233 
247 247 
81 184 451 451 451 
23 23 23 97 480 480 
184 184 426 426 
76 76 152 152 152 184 184 184 226 226 364 364 410 410 
408 408 408 
58 408 408 
76 76 76 
169 169 233 233 
271 271 408 408 408 
281 
31 54 54 76 76 413 
177 177 177 
339 
485 
230 230 230 415 415 
56 56 148 
159 159 392 482 482 482 
370 408 408 
184 184 184 354 396 396 465 465 
280 280 467 467 
124 210 210 
212 233 233 233 
243 243 
84 84 160 160 
8 8 224 
76 80 80 80 199 199 214 215 215 222 222 317 317 349 349 354 354 354 398 413 418 418 434 434 455 467 
31 73 94 94 184 336 486 486 
444 444 
314 314 398 413 413 
413 
76 76 76 354 354 354 
140 140 
42 42 323 
76 162 
42 42 42 321 359 359 
41 184 184 
72 72 72 153 153 153 244 244 358 358 358 
358 358 
271 271 
76 76 209 209 209 
81 165 223 261 261 261 
159 159 253 253 428 428 428 

407 413 
413 413 
264 385 413 413 
174 494 494 494 494 
315 486 486 
227 
184 184 415 
46 46 145 301 381 381 408 408 408 452 464 464 470 470 

222 222 
239 
227 227 227 
69 69 69 147 147 173 173 236 447 447 447 
52 52 184 184 184 
27 27 47 47 76 76 459 459 459 
67 67 281 281 421 506 506 
85 
314 314 481 481 
8 8 224 224 
189 189 236 356 432 
402 
76 456 456 456 
5 5 31 41 41 76 99 99 99 134 134 184 271 273 273 273 307 314 314 314 319 319 319 411 411 411 462 490 490 502 508 
12 184 184 202 202 
267 267 267 351 
367 367 431 431 496 496 
38 38 72 72 72 141 193 193 244 244 244 325 325 325 326 326 413 413 466 503 
61 81 81 323 323 
229 229 229 
76 76 229 
65 65 193 193 413 413 413 
182 182 
118 292 292 

184 184 
114 114 181 259 357 357 
401 401 

87 306 
68 68 
106 190 190 
196 196 
154 233 233 250 271 271 408 417 
233 233 271 271 
222 
458 
101 101 
103 103 146 
134 134 
0 0 64 64 139 139 339 339 395 408 408 408 
413 
63 63 63 415 415 432 432 
449 449 
264 334 413 413 
198 
124 124 
487 
22 81 82 82 142 142 497 
232 232 232 232 
271 271 
227 227 305 
225 
81 81 495 
46 46 46 64 381 
184 307 307 

314 317 
156 
5 50 50 
110 110 110 247 271 271 368 368 
39 219 219 274 274 352 405 405 405 
427 
6 6 92 92 182 182 
39 39 206 239 402 402 402 
37 230 415 415 415 
175 175 332 413 413 413 413 
25 25 26 26 87 87 150 150 150 158 248 248 271 293 293 293 294 294 297 297 297 306 306 339 339 339 374 381 381 381 412 412 470 
184 258 
262 262 292 292 
354 354 354 
271 271 408 408 
45 45 45 76 76 76 77 92 119 128 128 128 155 161 161 168 182 182 193 196 222 243 243 251 299 314 317 317 318 332 333 333 334 334 358 358 362 362 362 382 385 385 407 407 407 407 448 455 500 
22 108 
37 116 129 129 177 177 177 177 230 230 236 236 236 254 269 269 277 277 277 283 283 303 303 338 383 383 406 406 406 460 460 460 463 
65 65 
149 250 250 250 374 
80 80 95 314 314 
225 225 
18 98 441 441 
347 
196 196 196 
76 

169 169 169 169 169 
184 184 184 291 291 
271 282 403 
20 330 330 330 

241 241 241 
357 357 496 496 
236 236 351 383 383 
159 
314 314 
280 280 280 280 449 449 
22 

83 83 83 83 487 
45 161 161 161 
76 76 186 186 
1 5 18 98 420 420 
250 271 271 
5 5 5 
15 316 316 
85 450 450 
56 191 191 
344 344 344 
74 74 128 413 
280 280 384 384 435 435 467 467 
41 41 156 445 445 462 
289 289 289 
339 464 464 464 
271 271 
4 4 219 232 
17 17 314 413 
76 76 76 184 184 353 353 353 491 491 
41 
225 377 
346 346 346 
236 415 415 415 

354 450 
63 75 75 415 
339 339 452 452 452 
184 307 307 
72 72 358 
215 280 308 308 314 449 449 
123 
159 159 511 511 511 
339 339 408 
101 101 170 195 195 267 267 
273 475 475 
491 
56 487 
5 5 472 472 
10 100 100 240 496 
39 39 159 166 188 188 227 227 227 
76 207 
193 193 
127 171 290 290 
349 349 
305 305 305 
30 30 222 222 
184 184 
39 302 
31 31 120 120 315 315 336 336 489 
56 56 235 235 236 388 438 474 
184 
31 486 
51 51 184 354 354 
126 185 456 456 473 
41 41 
3 3 266 
174 220 220 335 335 335 335 
81 394 
100 100 197 197 240 240 265 357 357 431 431 476 
22 22 389 
160 160 
182 182 222 222 222 
413 
54 54 
354 
234 234 358 
5 5 88 
233 
347 347 
104 
48 86 86 354 
76 
159 159 
159 159 469 469 469 
