Nodes: 512, Edges: 1187
381 381 381 
441 441 441 
91 111 182 182 182 183 
271 271 493 
454 454 454 
34 34 48 88 88 88 184 184 198 198 225 225 225 273 279 279 279 354 400 400 441 443 443 475 475 504 504 504 
404 
233 271 271 
196 196 224 313 350 350 350 
287 287 287 
476 476 
264 
184 202 355 
76 
125 184 184 
59 59 59 
184 184 
455 
441 

428 
31 31 
108 108 331 389 389 414 414 436 436 436 461 461 497 497 
290 290 
76 
408 
158 158 408 408 
76 346 
178 

180 483 483 
21 21 172 184 184 279 279 315 315 354 354 486 489 
184 184 
67 192 
5 5 
158 158 158 210 222 222 
106 
57 406 406 415 415 415 
358 358 
62 62 62 159 159 159 163 166 166 166 219 219 231 302 302 330 330 402 402 405 405 405 477 485 485 
192 192 192 236 
85 85 99 99 151 156 160 160 184 354 354 399 399 445 457 492 492 
321 321 323 323 
193 
137 137 
76 76 109 413 439 439 439 
64 64 339 339 395 395 
76 78 346 346 
5 508 
236 236 
400 400 400 
484 490 490 
184 184 345 345 
225 225 
76 299 501 501 501 
93 93 93 195 236 236 
191 191 191 236 236 304 304 474 474 487 487 
37 
294 294 397 397 
15 15 15 444 444 
104 104 236 
81 81 
39 39 39 241 
383 383 383 463 
46 46 381 381 381 
193 193 416 416 
141 141 
33 192 281 281 281 347 347 
169 169 179 179 296 371 
236 236 344 
184 246 258 258 
369 
325 358 358 466 466 466 
94 94 315 315 
448 448 
383 463 463 
13 24 27 45 45 47 54 96 96 107 107 109 109 162 184 184 186 196 199 199 207 208 208 208 228 228 229 242 245 245 292 295 299 314 314 314 319 319 322 322 328 328 346 353 354 361 361 413 413 440 440 456 456 478 478 509 
196 413 413 
47 
104 236 
314 314 418 418 
61 61 82 82 113 113 184 184 261 261 289 329 329 359 389 394 394 394 495 
81 81 121 142 142 143 143 165 165 165 389 
104 104 104 236 438 438 
85 85 312 348 348 348 
41 41 84 84 160 312 312 348 348 348 
198 198 
306 306 306 370 408 
5 5 5 504 
358 
325 
2 
182 182 182 404 413 413 
55 55 55 
73 73 315 315 
418 
76 76 
171 171 290 
420 420 441 
41 41 354 354 
476 476 476 496 496 
140 195 378 471 471 
117 117 136 
146 146 379 379 425 
60 60 79 83 83 83 138 138 138 236 236 236 237 237 507 
190 
36 190 372 372 
76 76 
22 22 414 
45 76 76 199 199 
176 176 247 247 401 
2 182 182 
184 
81 81 
367 367 

184 184 415 
102 102 125 125 125 135 135 184 184 236 236 
152 152 152 262 
122 122 222 222 
486 
82 143 143 
119 119 222 222 
468 
232 232 387 
14 117 117 117 136 136 136 
185 491 491 
480 480 
413 413 413 448 448 
236 415 

454 454 
168 
381 
354 380 
117 117 
102 125 125 125 
44 44 184 184 
104 104 104 164 236 
381 381 
101 320 
66 66 196 358 358 358 
82 82 389 
82 82 121 121 217 217 
282 282 282 
339 339 339 
103 103 379 379 
236 236 344 344 
191 304 304 
417 417 
248 248 408 408 408 
41 354 354 
118 118 118 292 292 
325 325 
374 374 
413 
41 450 450 
233 276 425 
26 26 35 35 35 194 271 271 408 408 
39 39 39 188 188 188 205 227 231 231 305 330 330 428 428 433 433 469 469 477 477 510 510 511 
41 41 85 312 312 498 
413 413 439 
76 322 
39 
138 
82 82 82 
39 39 39 477 477 
413 413 
132 413 413 
68 68 296 296 
471 471 
97 97 480 480 480 
31 
344 
222 222 222 335 494 
187 187 187 407 407 407 
110 110 247 
300 300 300 415 415 
28 
68 68 
30 222 222 
367 367 
2 2 2 92 92 92 111 111 220 220 340 340 363 404 413 413 413 444 499 499 
2 
5 5 12 14 14 16 16 31 31 32 32 41 52 52 70 76 76 81 81 112 116 116 117 117 137 137 213 213 221 221 221 236 236 246 246 246 258 258 260 260 260 267 279 279 284 284 284 291 291 291 292 292 307 315 324 324 338 338 345 345 354 354 355 355 396 409 409 415 415 426 456 456 465 465 484 484 488 488 490 
126 491 491 
76 245 
175 175 175 413 413 
159 159 159 477 477 

105 106 372 
56 56 56 148 236 236 267 267 285 285 304 304 446 446 
33 40 40 40 67 236 236 281 
43 65 65 251 251 251 251 286 286 358 358 362 362 413 413 479 500 
158 
55 101 236 236 267 267 471 
8 8 76 77 141 200 200 350 350 373 373 413 413 413 

5 5 86 86 386 508 508 
76 76 109 109 207 314 314 
196 196 

12 355 355 
271 271 271 
267 268 
159 
405 
76 199 478 478 
76 76 76 
328 328 
35 309 

238 238 238 238 310 
184 184 
215 314 314 
214 314 

143 143 
271 
39 39 232 274 274 402 402 
182 182 494 494 494 494 
184 184 184 
35 35 119 119 122 122 174 174 174 180 180 314 314 341 376 376 376 413 413 483 483 499 499 

8 313 313 350 350 
5 5 5 53 53 259 377 377 393 419 458 458 
292 292 
159 257 337 337 343 343 392 392 
76 76 245 245 
76 360 360 
236 236 236 275 303 406 406 406 406 415 
39 159 159 
124 124 219 390 390 454 
7 157 271 271 271 287 296 374 374 375 505 
503 503 
487 
40 49 49 55 55 56 56 60 69 69 79 83 104 104 104 117 117 129 138 147 147 184 184 191 191 192 192 195 195 230 230 230 237 252 252 267 267 275 278 278 283 283 344 351 415 415 432 432 438 460 460 460 487 487 
104 104 236 
212 212 212 212 
342 342 405 405 405 
279 496 496 
62 430 430 
76 
311 311 311 413 413 424 424 494 494 494 
325 325 358 358 
76 76 186 228 228 
70 184 184 184 
110 110 176 288 288 288 401 
150 150 

374 374 442 442 
193 193 193 193 286 286 286 413 413 
236 236 
330 
283 283 283 415 415 

271 271 273 
227 305 305 305 
70 70 184 184 409 409 
225 441 
184 184 184 
81 81 329 
118 364 410 410 
315 315 
11 334 334 385 
496 

184 191 191 195 195 204 236 236 268 268 471 
204 267 267 
415 415 
286 286 
3 3 7 7 158 158 203 203 203 218 233 233 233 256 256 297 297 297 327 339 354 354 354 374 374 374 375 391 401 401 408 408 408 412 412 427 427 442 453 

5 256 354 354 
219 219 402 402 
230 236 
157 
415 415 
236 236 
5 5 5 31 31 184 184 240 
308 435 467 467 
67 67 67 192 298 298 347 347 421 421 
144 144 144 427 427 
236 236 254 254 254 415 
184 184 184 
191 191 
193 193 251 251 251 270 270 413 
9 9 9 233 
247 247 247 
81 451 451 451 451 
23 23 97 480 480 
184 184 184 426 426 426 
76 152 152 184 184 226 226 364 364 410 410 
408 408 
58 58 397 397 408 
76 
68 169 169 233 
271 271 271 408 
281 281 
54 76 413 413 
177 177 177 
339 339 
39 39 485 
230 415 415 
56 56 148 148 191 191 
159 257 257 257 343 392 482 482 
87 87 87 370 370 370 
184 396 465 465 
280 
210 
212 
243 243 243 
84 85 85 160 160 
8 224 224 
76 76 76 80 80 199 199 214 214 215 222 222 317 317 349 349 349 384 384 398 418 418 429 429 449 449 467 481 
31 31 73 73 94 94 184 263 263 336 336 

314 314 398 398 413 413 
413 
76 76 354 354 
140 
42 42 
76 76 162 
42 42 
184 184 
72 90 153 153 244 244 358 358 358 358 
358 358 
271 
76 76 209 209 
81 81 261 
39 39 159 159 253 369 428 
22 

413 
264 264 413 
174 413 494 494 
315 315 486 486 
227 227 
184 184 
46 46 145 145 145 271 301 301 381 408 408 427 452 464 470 470 470 
182 182 
222 
239 239 
227 227 305 
69 147 147 173 236 447 447 
52 52 184 184 
27 47 47 76 
67 67 281 281 421 506 
84 84 84 85 85 85 
314 314 314 481 
8 8 8 196 196 224 224 
236 356 356 
402 402 402 
76 456 
5 31 31 41 41 76 99 99 134 151 151 184 184 271 271 271 273 273 319 319 411 411 411 450 450 462 490 490 502 502 508 
12 184 184 202 202 
351 351 
431 431 496 
38 38 72 72 89 141 141 141 193 193 244 244 325 325 325 325 326 326 413 500 503 503 
81 
229 229 
76 76 
193 193 413 413 
182 
262 292 292 
415 415 

114 114 181 181 496 
401 401 
71 330 
87 306 306 306 
68 
106 106 190 
196 196 
154 154 233 233 250 250 271 271 271 408 408 417 442 442 
233 271 
222 222 222 
225 225 458 458 
101 
103 103 146 146 
134 
0 0 0 64 64 64 133 139 139 339 395 395 408 408 408 
413 413 413 
63 63 63 75 415 415 432 432 
314 314 449 
264 413 413 413 
198 
124 
487 487 
22 22 81 82 142 497 497 497 
232 232 
271 
227 227 305 
225 
81 81 81 495 495 
46 46 381 381 
184 307 
58 58 294 294 
314 317 317 
41 41 
5 5 50 50 50 
110 247 271 271 368 368 
39 39 219 219 274 274 352 352 352 

6 92 182 
39 39 39 206 239 239 239 
37 37 230 230 230 230 415 415 
175 175 175 413 413 413 
25 26 26 87 150 150 150 158 158 271 271 271 293 293 294 297 339 339 374 374 381 381 381 437 437 470 470 
184 184 258 258 
262 262 292 292 
354 354 354 
271 271 
45 76 76 77 77 92 92 128 128 128 155 161 161 167 167 168 168 182 182 182 187 187 193 193 196 196 196 222 222 243 243 251 251 286 299 299 317 317 318 333 334 335 358 362 362 382 382 382 385 385 385 407 407 407 439 448 448 448 494 
22 22 108 
37 37 37 116 129 177 177 184 184 230 236 236 254 254 269 269 277 277 283 303 303 365 365 383 383 406 406 432 432 432 460 463 463 
65 65 
149 149 374 
80 80 95 314 314 
225 
98 98 441 441 
281 281 347 


243 243 
103 157 
184 291 291 291 
271 271 282 282 339 
20 159 159 330 
314 314 
241 241 
357 357 496 496 
236 236 383 383 415 415 415 
159 159 

280 449 
22 22 22 
408 408 
83 83 236 
45 45 45 161 413 
76 76 
1 1 1 5 18 98 259 420 420 
250 250 271 374 374 468 468 
5 5 
59 59 182 
41 
191 191 
344 344 
74 74 128 128 413 413 413 
314 314 384 435 467 467 467 
156 156 354 354 462 462 
289 289 289 289 
339 464 464 464 
271 
4 4 4 131 131 232 
17 
76 76 184 184 353 
41 
225 225 377 377 

236 236 236 415 
22 22 497 497 
354 450 450 
63 75 75 415 415 
339 452 452 452 
184 184 307 307 
72 72 72 
280 280 314 449 449 449 
123 442 442 
159 159 511 
339 339 339 408 408 
101 101 170 170 195 267 


56 56 
5 5 
10 10 100 100 100 496 496 
39 159 159 166 166 188 188 
76 76 207 207 
193 
127 127 171 171 171 290 290 
314 349 
305 305 
30 30 222 222 
51 184 184 
39 39 302 
31 120 336 336 489 489 
56 56 235 236 236 388 388 
184 184 
31 486 486 
51 51 184 354 354 
126 126 185 185 
41 41 
3 
174 220 220 220 220 243 243 243 335 335 413 
81 394 394 
100 100 240 240 265 357 367 431 431 476 476 
22 22 389 389 389 461 461 
160 
182 182 222 222 
193 358 
54 54 54 
354 354 
234 234 358 358 
5 5 5 88 
233 
347 
104 
48 198 198 354 
76 
159 159 
159 469 
