Nodes: 512, Edges: 1187
133 381 381 
441 441 
28 91 91 91 111 111 111 182 183 189 189 
271 493 
454 454 
34 50 88 88 88 184 198 198 225 225 255 273 273 273 279 279 354 354 354 400 441 443 475 504 508 508 
404 404 
233 233 271 271 
196 196 224 313 350 350 
287 287 287 
476 
264 
184 184 184 202 202 
76 
117 125 184 184 
59 59 182 182 444 
184 
390 390 390 455 
420 441 
104 104 104 

31 31 
108 115 331 389 414 414 414 436 436 461 497 497 
290 290 290 290 
76 
408 408 
158 158 408 
76 346 346 
2 178 183 
56 56 
180 180 222 222 222 483 483 
21 21 172 172 184 184 184 279 279 279 279 279 315 315 354 354 486 
184 
67 67 192 192 192 
5 
210 222 222 222 413 
106 106 106 
57 406 406 415 
358 358 
62 62 159 159 159 166 219 219 219 231 241 241 302 330 402 405 405 477 477 485 
192 236 236 236 249 249 
85 85 85 99 137 151 156 156 156 160 160 184 324 354 354 399 445 450 450 457 457 492 
321 323 323 323 
193 193 

76 109 439 
64 339 381 395 
76 76 346 346 346 
508 
236 236 236 
5 400 
490 
184 184 345 
225 
76 299 299 501 
93 93 93 195 195 236 236 236 
29 29 191 191 236 236 304 304 446 474 487 487 487 
37 415 
294 294 294 397 
15 15 444 
104 104 104 236 236 
81 81 359 
39 39 241 
383 383 383 
46 381 381 381 381 
193 193 416 416 
141 
33 33 192 192 281 281 347 347 
179 179 296 296 296 371 371 
236 236 344 
184 184 184 246 258 258 

325 325 466 466 
94 94 315 
413 413 448 
383 383 463 
13 24 27 45 47 47 54 78 78 96 96 96 107 162 184 186 199 207 208 208 228 229 229 242 245 245 295 299 299 314 314 319 319 322 328 328 328 346 346 353 353 354 413 413 423 440 440 456 456 
196 413 413 
76 76 

314 314 418 418 
61 61 82 82 113 113 261 261 289 289 359 389 394 495 495 
81 81 121 142 142 143 143 165 165 165 165 389 389 
104 104 236 236 236 236 438 438 438 438 
85 85 312 312 348 348 348 
41 41 41 84 84 160 160 312 312 348 348 348 
198 508 
306 306 408 408 
5 5 5 504 504 
358 
358 
2 2 2 
182 182 404 404 413 
55 55 55 
73 73 315 315 
418 418 
76 76 76 398 
171 171 290 290 
420 441 441 
41 354 
476 476 496 496 
140 140 195 378 471 471 
117 117 117 216 216 
379 379 425 
19 19 19 60 60 60 83 83 138 138 236 237 507 507 
184 184 190 372 
36 36 36 190 190 372 372 
76 
22 414 414 
45 
176 247 247 401 401 401 
2 2 2 182 182 
184 
81 81 
367 367 
22 389 
184 184 415 415 
14 102 102 102 135 184 184 236 
262 364 
413 
486 486 
82 143 143 
222 
468 
232 232 232 309 387 387 387 454 
14 136 136 136 136 
185 185 491 
480 
413 448 448 
236 236 415 415 415 
497 
454 454 
168 
0 
354 380 380 
117 
125 125 125 125 
41 184 184 
104 104 164 164 236 
381 381 
101 101 320 
66 196 196 196 196 196 358 358 
82 82 389 389 
82 82 121 121 217 
282 282 
339 
379 379 
236 344 
191 304 
250 417 
248 248 408 408 
41 
292 292 
325 325 325 
374 
413 
41 41 41 354 450 
233 233 276 
26 26 194 271 271 271 408 408 
39 39 39 188 188 205 231 231 305 402 402 428 428 433 469 510 510 510 511 511 
41 41 85 85 498 498 
413 413 439 
76 322 322 322 

138 138 
82 82 82 82 329 329 
39 477 477 
413 413 413 
132 413 
233 233 296 296 425 425 
471 
97 97 290 290 480 480 480 
31 31 
344 
222 335 335 494 
187 187 407 
110 247 
415 415 
28 183 
68 68 
30 30 222 222 

2 15 15 92 92 111 111 220 220 340 340 363 404 413 413 499 499 
2 28 178 
5 12 12 12 14 14 16 31 31 31 32 41 52 52 70 70 70 76 105 105 112 116 116 117 117 137 137 221 221 236 236 246 246 258 258 260 260 267 267 279 279 284 284 289 289 289 291 292 292 307 307 307 324 338 338 345 345 354 355 366 396 409 415 415 415 426 456 465 465 484 490 490 
126 126 491 
76 440 440 
175 175 
159 159 477 477 
2 2 351 351 351 
105 106 106 372 372 
56 56 148 236 236 236 267 267 267 285 285 285 304 
33 33 33 40 67 67 236 281 281 
43 43 65 65 251 286 413 413 479 479 500 
158 
55 55 101 236 236 267 471 471 
8 8 77 141 141 141 141 141 200 290 290 350 350 373 373 413 422 422 
496 496 
5 5 86 386 386 386 
76 207 314 314 314 314 314 
196 
236 236 
12 12 355 355 355 
271 271 
267 268 268 
159 
405 
76 199 337 337 478 
76 76 242 
328 
35 309 
236 
238 238 238 238 310 

215 215 314 314 
214 214 314 314 467 467 
102 102 
143 
271 271 
39 39 39 274 274 402 454 
182 182 494 494 
184 184 
30 30 30 35 35 35 122 174 180 180 309 314 314 341 341 341 413 413 483 499 499 
329 
8 313 350 
5 5 53 259 377 393 393 419 458 458 458 
292 
343 343 392 
76 336 
76 76 295 360 
236 236 236 275 303 303 303 406 415 415 
39 159 159 
124 124 124 390 390 390 454 454 
7 7 157 157 169 169 238 271 271 296 310 310 374 374 374 375 375 
503 503 

40 40 40 49 49 49 55 55 55 56 56 60 60 69 69 83 83 83 83 104 117 129 129 138 147 184 184 191 191 191 192 195 195 201 201 211 230 230 230 237 237 237 252 252 267 267 267 283 283 283 344 344 351 351 415 415 415 432 432 438 487 487 487 
104 236 236 236 
212 212 212 212 233 
342 342 405 
279 
39 39 62 430 430 430 
76 208 
311 311 413 424 424 494 
325 325 325 358 358 
76 76 
70 184 184 
110 110 176 288 401 
150 150 408 
40 40 
149 374 374 417 442 
193 286 413 
236 236 
330 
283 415 
5 
271 273 
305 305 
70 70 184 184 409 409 409 
225 441 
184 184 
81 81 329 
118 364 
315 315 315 
11 385 
496 
493 
184 184 191 191 191 195 204 236 236 236 268 268 471 
204 204 267 267 

286 
3 7 7 158 158 158 203 203 218 218 233 233 256 282 282 297 297 297 327 339 339 339 354 354 374 374 374 375 375 391 408 408 412 412 427 442 453 453 

5 5 5 256 354 472 472 472 475 475 
219 219 
230 
157 
415 415 

5 5 31 31 31 31 31 184 184 240 
308 308 435 435 435 449 449 467 
67 67 192 192 298 298 347 421 421 
144 144 271 271 427 427 
236 236 236 254 415 415 
184 184 
191 191 191 
193 251 270 413 413 413 
9 9 9 
247 
81 81 184 184 184 451 451 451 451 
23 23 23 23 97 97 171 171 196 196 
184 426 426 
152 152 184 184 226 364 364 410 410 410 

58 58 58 397 397 397 408 408 
76 229 509 
68 68 68 169 169 233 
271 271 271 408 408 
281 281 347 347 
54 54 76 76 413 

339 339 
39 485 
230 230 230 415 
56 56 148 191 
159 257 257 343 343 343 392 392 
87 87 370 408 
184 184 184 354 354 354 396 
280 280 467 
124 210 222 
212 233 233 
243 243 
84 84 85 85 
8 224 
76 76 80 80 199 199 199 199 199 214 214 215 215 222 222 317 317 349 354 354 384 384 418 418 449 449 467 467 481 481 
31 31 73 94 94 263 263 263 336 336 
444 444 
314 314 398 398 413 
413 413 
76 76 354 354 
140 
42 323 
76 162 162 162 
42 42 42 321 359 359 
41 184 
72 72 153 153 153 244 244 244 358 
358 
271 
76 76 76 209 
165 165 223 261 
39 253 369 369 428 
22 
407 407 413 413 
413 413 
385 385 413 413 413 
174 174 494 494 494 
228 315 315 486 
207 207 
184 184 415 
46 145 271 271 271 301 301 381 381 381 408 408 427 427 427 452 464 464 470 470 
182 182 
222 222 222 
239 239 
227 227 305 305 305 
69 147 173 236 236 447 447 447 
52 184 184 
27 27 47 47 47 76 76 
67 67 281 298 298 421 506 
84 84 84 85 85 85 
314 481 481 
8 8 196 196 224 
189 189 189 236 236 356 356 356 356 
402 402 402 
76 76 456 
5 5 5 31 31 41 41 76 99 134 156 184 271 271 273 307 307 307 314 314 319 319 450 462 490 490 502 502 508 508 508 
184 202 202 202 
351 351 351 351 
367 367 431 431 496 496 
38 38 89 90 141 141 244 244 325 326 413 466 503 
61 81 323 323 
229 

413 
182 
118 262 292 292 
415 415 
184 
114 114 357 357 496 
401 
330 330 
306 
68 68 
105 106 106 190 190 
196 196 
154 233 233 233 250 250 271 271 271 408 417 417 
233 233 271 271 

225 458 458 
101 
103 103 146 146 
134 134 
0 0 46 64 64 64 64 139 139 339 339 339 408 
413 
63 63 63 75 75 415 415 415 
314 314 449 
264 334 334 413 413 413 
198 198 198 
124 124 124 

22 81 82 82 115 142 142 497 497 
17 17 17 232 232 232 
271 
227 305 305 
225 225 
81 495 
46 
184 307 
58 294 294 294 
96 317 317 
41 
5 50 
110 110 110 247 368 
39 159 159 219 352 352 352 405 405 
427 427 
6 6 92 92 182 
39 39 206 239 402 402 
37 37 230 415 415 
175 332 332 413 413 413 413 
25 25 26 87 87 150 150 158 158 248 271 271 294 294 297 297 306 339 339 374 381 412 412 437 
184 258 258 258 
292 292 292 

271 271 408 408 
35 74 74 76 76 77 77 92 119 128 155 161 161 167 167 167 168 182 182 193 193 196 222 222 243 251 286 286 286 299 317 318 318 332 332 333 333 334 334 334 358 362 382 385 385 385 407 407 407 407 439 448 455 455 494 494 500 
22 22 22 108 108 
37 57 116 116 129 129 129 177 177 184 184 184 230 230 236 236 236 254 277 277 283 283 303 338 365 365 383 383 383 406 406 432 432 460 463 463 
65 65 
149 250 374 374 
80 80 95 95 314 314 
225 
18 98 441 
281 281 347 
196 196 
76 
243 243 
103 169 169 
184 291 291 
271 282 282 339 339 339 403 403 
159 159 330 

241 241 241 
357 357 496 
236 236 415 415 
159 

280 280 280 
22 22 
408 
83 83 83 83 236 487 
45 161 413 
76 76 186 186 
1 1 5 18 98 98 259 420 
250 271 
5 
15 59 316 316 
41 450 450 
56 
344 344 344 
74 128 128 413 
280 280 314 314 384 467 
41 41 156 354 445 445 462 
289 289 289 289 
339 464 464 
271 271 
4 4 124 131 131 219 232 232 
17 413 413 
76 76 184 353 491 491 491 
41 41 
225 225 225 377 377 

415 
22 497 497 
354 450 
75 415 415 
339 339 452 452 
184 184 
72 72 358 
215 215 280 308 314 314 449 
123 
159 511 
339 339 
101 101 170 195 195 267 
273 273 273 475 475 

56 487 487 
5 273 273 472 472 
10 100 100 496 
39 39 166 166 188 188 
207 
193 193 
127 171 171 171 
314 314 349 349 

30 30 222 
184 
39 302 
31 120 120 336 489 
56 56 56 236 236 236 438 474 474 

486 
51 184 184 354 354 
126 185 456 456 456 
41 
3 266 
174 220 220 243 335 335 335 413 413 
81 81 394 
100 100 197 197 265 357 357 367 431 476 
22 22 130 389 389 461 461 
160 160 
182 182 222 222 
193 413 
54 
354 354 
234 234 358 
5 88 88 

347 
104 104 
5 5 48 86 354 354 354 
295 
159 159 159 
159 159 469 
