Nodes: 512, Edges: 1187
133 381 381 381 
441 441 
28 91 111 111 182 183 183 
271 493 
454 
34 34 34 50 50 88 88 184 198 198 225 225 255 255 273 273 279 279 279 354 354 354 400 400 441 441 443 443 475 508 508 
404 404 
233 233 271 271 
196 196 196 224 224 313 350 350 
287 287 
476 
264 264 264 
202 202 
76 76 
117 125 184 184 
182 
184 184 
390 390 455 

104 104 

31 31 31 
108 331 331 331 389 389 414 414 414 414 436 461 497 497 
290 290 290 290 
76 
408 408 
408 
76 346 
2 178 183 183 
56 56 56 
180 222 222 
21 21 21 184 279 279 279 315 315 354 486 486 489 
307 
67 67 67 192 192 192 
5 5 5 
158 158 210 210 413 
106 
406 406 415 
358 
62 62 62 159 159 163 166 219 219 231 231 231 241 241 302 330 402 405 405 477 485 485 
192 192 192 236 249 249 
85 99 137 137 151 156 156 156 160 160 184 184 184 324 354 354 399 450 457 492 492 492 
321 323 323 
193 193 193 
137 137 
76 413 439 
64 339 381 381 395 
76 76 346 346 

236 
5 5 400 400 
490 490 
184 184 184 345 
225 
76 76 501 501 
93 93 93 195 195 236 236 236 
29 29 29 191 236 236 236 304 304 446 474 487 487 
415 
294 397 
444 444 
104 104 104 236 236 236 
81 81 
39 39 39 241 241 
75 383 383 463 463 
46 381 381 381 
193 193 362 416 416 
141 141 
33 33 33 192 192 192 281 347 347 
169 169 179 179 371 
236 236 344 
184 184 184 246 258 

325 325 358 
94 315 
413 413 448 448 
63 383 463 
13 13 24 27 45 47 47 54 54 78 78 96 96 96 96 107 162 184 184 196 199 199 207 207 208 228 229 229 229 245 245 245 245 292 295 295 299 299 299 319 322 322 328 328 353 413 413 440 440 456 456 478 478 509 
196 196 413 413 
76 76 
236 
418 418 
61 61 82 82 82 113 113 184 184 261 261 261 289 289 329 359 359 359 389 389 389 495 
81 81 81 121 142 143 143 165 165 165 389 389 
104 104 236 236 236 
85 85 312 312 312 348 348 348 
41 84 84 160 160 160 312 312 312 348 348 445 
198 198 508 
306 306 408 408 
5 5 
358 358 
325 358 358 
2 
182 404 404 404 413 
55 55 55 
73 315 315 315 
418 
76 76 76 76 398 
171 290 290 
420 420 420 441 
41 354 
476 496 496 
195 195 378 471 471 
117 136 
146 146 146 379 379 379 425 
19 19 60 60 60 83 83 138 138 138 236 236 237 237 507 507 
190 190 372 
36 190 372 372 
76 
22 414 414 
199 
176 176 247 247 247 401 401 401 
2 2 182 
184 
81 81 
367 367 

184 415 
14 102 135 135 184 184 184 236 
152 152 152 364 364 
122 413 
486 486 
82 143 143 
119 222 
468 
232 387 454 
14 136 
185 185 
480 
448 
415 415 

454 454 454 
168 168 168 
0 381 
380 380 
117 117 
102 125 
41 41 44 44 184 184 184 
104 104 104 164 164 236 
381 381 

66 66 196 358 
82 389 389 
82 82 121 121 217 217 
282 
339 
103 103 103 
236 344 
191 304 304 
250 417 417 
248 248 408 
41 354 
118 118 118 292 292 
325 
374 
413 
41 41 41 399 
233 276 276 276 
35 35 194 271 408 408 408 
39 39 227 227 231 231 305 402 402 433 433 469 510 511 511 
41 41 85 85 85 272 312 498 

76 322 322 
39 
138 138 
82 82 82 329 
39 477 477 
413 
132 132 132 413 
68 68 233 296 296 425 425 
471 471 
97 290 480 480 

344 
222 335 
187 187 187 407 407 
110 110 
300 300 300 415 
28 183 
68 68 
30 222 
367 367 
2 15 92 111 220 340 340 340 404 404 413 413 444 444 
2 2 28 28 178 
5 14 14 16 16 31 41 41 41 52 52 52 70 70 70 76 76 81 81 112 116 117 117 117 137 137 137 213 213 221 221 221 236 236 246 258 258 260 267 267 279 279 284 284 289 289 289 291 291 315 315 324 324 324 338 338 345 354 354 355 355 366 366 366 415 426 426 456 465 484 484 484 490 490 490 
126 126 491 
245 245 245 440 440 
175 175 175 413 413 

351 
105 105 106 
56 148 236 236 267 267 267 268 268 285 285 304 304 446 446 
33 33 33 40 40 40 67 67 67 281 281 
43 43 43 65 65 251 251 251 358 362 362 413 413 479 479 479 
158 
55 55 101 101 236 236 267 471 471 
8 8 8 76 77 77 141 200 200 290 350 373 373 413 413 422 
496 
5 5 86 86 386 508 508 
76 76 109 207 314 314 314 314 
196 196 
415 415 
12 12 355 
271 271 
267 267 267 268 268 

405 405 
76 76 199 337 337 478 
76 242 

35 35 232 

238 238 238 310 
184 184 
215 215 314 
214 214 314 314 

143 143 
271 271 
39 39 274 274 402 454 
182 494 494 494 494 
184 184 184 
30 30 122 174 180 314 341 341 376 413 413 483 483 483 499 499 499 
329 329 329 
8 8 313 313 350 350 
5 5 53 259 259 259 377 377 377 393 393 419 419 419 458 458 
292 292 292 
159 159 257 257 337 343 392 
76 245 245 
76 76 76 360 360 
236 275 303 406 406 415 
39 39 39 159 159 
124 210 454 454 
7 7 157 169 238 271 271 271 287 287 296 310 374 375 375 505 505 505 
503 
236 
40 49 55 55 55 56 56 56 60 60 60 69 69 79 83 83 83 104 104 117 138 147 184 184 191 191 195 195 230 235 252 252 267 267 267 283 283 344 351 415 415 415 432 432 432 438 460 487 487 
104 104 
212 212 212 233 
342 405 
279 279 476 476 476 496 496 496 
39 39 62 62 430 430 
208 
311 311 311 413 413 424 424 494 494 
325 325 358 
76 76 76 76 186 186 186 228 228 
70 184 
110 110 110 288 288 401 
150 150 408 
40 40 
149 374 417 417 442 442 
193 193 193 286 
236 236 
330 
283 283 415 415 
5 5 
271 
227 227 305 
70 184 184 409 
225 225 225 367 367 367 
184 
81 81 81 329 
364 364 410 
315 
11 11 11 334 334 385 385 385 
496 496 

184 184 191 191 191 195 204 204 204 236 236 236 268 268 356 356 356 471 471 
191 191 204 204 267 267 

286 
3 7 7 158 203 203 218 218 233 233 233 256 282 282 327 339 339 354 374 375 375 391 401 408 427 427 442 453 453 453 
160 
5 5 354 475 
219 219 402 402 
230 
157 157 157 
415 415 

5 5 5 31 31 31 184 184 240 240 
308 308 435 435 467 467 467 
67 192 192 298 298 298 421 
144 271 271 427 427 
236 236 254 254 415 415 
184 184 
191 191 
251 270 413 413 
9 9 233 233 
247 247 
81 81 184 184 184 451 451 451 
23 23 23 23 97 97 171 196 480 
184 184 426 426 426 
76 152 152 226 226 226 410 410 
408 408 
58 397 408 408 408 
76 76 509 
169 169 233 
408 408 408 
281 281 281 347 
76 76 76 413 
177 177 177 
339 339 339 
39 
230 415 
56 56 148 148 191 191 
159 257 343 343 343 343 343 392 392 
87 87 408 408 
32 354 396 396 396 465 
280 280 

212 233 
243 243 243 
84 84 84 85 85 85 160 
8 224 224 
199 199 199 199 214 215 215 222 317 317 317 349 349 354 354 384 384 398 413 413 418 429 429 434 434 449 455 455 467 467 467 481 481 
31 31 73 94 94 94 184 184 263 336 336 486 486 
444 
314 314 314 398 413 
413 
76 354 354 

42 323 
76 76 162 162 
42 42 321 359 359 359 
41 184 184 184 
72 72 90 153 244 244 358 358 

271 
76 76 
81 165 223 223 223 261 
39 253 369 
22 22 22 
407 407 413 413 
413 413 413 
264 264 385 385 385 
174 413 494 494 494 
315 315 486 486 486 
207 207 227 
184 184 415 415 
46 145 271 271 301 301 301 381 381 408 408 408 452 452 464 464 470 
182 182 182 
222 222 
239 
227 305 305 305 305 305 
69 147 173 236 447 447 
52 184 
27 47 47 459 
67 67 298 421 506 506 
84 84 84 85 85 
314 314 481 481 481 
8 8 196 224 224 
189 236 356 356 356 432 432 
402 402 
76 456 456 
5 5 5 31 41 41 99 151 184 184 271 273 307 314 314 319 319 411 411 450 450 462 462 490 490 502 502 508 
184 184 202 
267 267 267 351 351 351 
367 367 431 431 496 
38 72 89 89 90 90 141 193 244 325 325 413 466 503 503 503 
81 81 81 323 323 323 
229 229 

65 193 193 413 

118 118 262 262 
415 415 
184 184 184 
114 114 181 181 259 259 259 357 357 496 
401 401 
330 

68 
105 106 106 
196 196 
154 233 250 271 408 417 417 417 442 
233 233 271 271 
222 
225 225 225 
101 
103 103 103 
134 134 
0 0 0 46 46 64 64 64 133 139 139 339 339 395 395 408 408 

63 63 75 
314 314 449 449 
264 264 264 334 334 334 413 
198 
124 
487 487 487 
22 22 81 81 81 82 82 142 142 
17 17 
271 
227 305 305 
225 225 
495 495 495 
46 381 381 
307 307 307 
58 294 
96 314 317 
41 156 
5 5 50 50 
110 110 110 247 271 368 368 
39 159 159 219 274 274 352 352 
427 427 
6 6 92 92 92 182 182 
39 39 206 206 239 
37 37 230 230 415 415 415 
175 175 332 332 413 413 
25 25 26 87 87 150 158 158 158 248 271 293 293 294 294 294 297 297 297 306 306 339 339 339 374 381 381 412 437 470 470 470 
258 
262 292 292 
354 354 
408 
35 45 74 74 76 76 77 77 92 119 155 167 168 182 182 187 187 193 193 196 196 222 222 243 243 286 286 299 314 314 317 318 332 332 333 333 333 335 358 362 385 407 407 439 439 448 455 455 494 500 
22 22 22 22 108 108 
37 57 116 129 129 177 184 201 201 230 236 236 236 254 254 277 277 283 283 303 338 338 365 365 406 406 406 432 432 460 460 463 
65 65 
149 149 250 250 374 374 374 
80 80 95 314 
225 225 225 
98 98 98 441 441 441 
281 347 
196 

243 243 
103 169 169 
184 184 291 291 291 
271 271 282 282 403 403 

314 314 
241 241 
357 357 496 
236 236 236 351 351 415 415 
159 159 
314 314 
280 280 449 
22 
408 
236 487 
45 413 413 
76 76 186 186 
1 1 5 5 98 420 420 420 
250 250 271 374 
5 5 
59 59 182 182 316 
85 450 450 450 
56 191 191 
344 344 
74 74 128 413 
314 384 384 435 467 
41 354 354 445 445 445 462 462 
289 289 289 
339 339 464 464 
271 271 271 
4 124 131 131 131 219 232 232 
17 314 314 413 413 
76 76 184 353 353 491 
41 
225 225 
346 
236 415 415 
22 497 497 
354 354 450 450 
63 63 75 415 
339 339 452 452 
184 307 
358 
280 280 280 314 314 314 449 
123 
159 511 
339 408 408 408 
101 101 170 170 195 195 267 267 
475 

56 487 487 487 
5 273 472 
10 100 240 240 240 496 
39 166 166 
76 76 207 
193 193 193 
127 171 171 290 
314 314 349 349 349 

222 222 222 
184 184 184 
39 39 
31 31 120 120 315 315 336 336 336 489 489 
56 56 236 236 388 388 388 438 474 474 474 

31 486 486 
51 51 184 184 184 354 354 
185 456 
41 41 41 
3 
220 220 220 220 243 243 335 335 335 413 
81 394 394 394 
100 100 197 240 240 240 265 265 357 367 431 476 
22 22 461 461 
160 
222 222 222 
413 
54 54 
354 354 
234 358 358 358 

233 233 233 
347 347 
104 104 
5 5 86 198 198 354 
76 295 
159 
159 159 469 
