Nodes: 512, Edges: 1187
133 
441 
28 91 91 111 182 183 189 189 
493 493 
454 
34 48 50 50 88 88 184 184 198 225 255 255 273 273 279 354 354 400 400 441 443 443 443 475 475 475 504 504 508 
404 404 
233 233 271 
196 196 196 313 313 350 
287 287 287 
476 476 476 
264 264 
184 202 202 355 355 
76 76 
117 125 184 184 
182 182 182 

390 390 390 455 
420 441 
104 
428 
31 31 
108 331 389 389 414 414 436 436 
290 290 290 
76 76 
408 
158 
76 346 
2 178 178 
56 56 
180 180 180 222 222 483 
21 21 172 172 184 184 184 279 315 354 486 486 486 489 
184 307 
67 67 192 192 
5 
210 222 222 413 413 
106 106 
415 415 415 
358 358 
62 62 62 62 163 219 219 231 241 302 302 402 402 405 477 477 477 485 
192 192 236 249 
85 99 137 151 151 156 156 156 160 184 184 184 324 354 354 399 445 450 450 457 492 
321 323 

137 137 
76 109 413 413 439 439 439 
64 381 
76 76 78 346 346 
5 
236 
5 5 400 400 400 
490 490 490 
184 184 345 345 
225 225 
299 299 501 
93 93 195 195 236 
29 29 191 191 236 236 236 446 446 487 487 
415 415 
294 397 

236 
81 81 359 
39 39 39 39 241 241 
383 
46 381 381 381 381 
193 193 362 362 416 
141 
33 33 192 281 281 281 347 
169 179 179 296 371 371 371 
344 
184 246 246 258 258 258 

325 325 358 466 
94 94 94 315 
413 448 
383 463 
13 13 24 24 27 45 47 47 78 96 96 107 109 109 186 196 199 199 207 229 229 245 245 295 299 299 299 314 319 319 322 322 328 346 346 353 353 361 361 413 413 423 423 440 440 456 456 456 478 478 509 509 509 
196 
47 76 
104 236 236 
314 418 
61 61 82 113 113 113 184 184 184 261 289 329 329 329 359 389 389 394 495 495 495 
81 121 121 142 142 143 143 165 165 389 
104 104 104 236 438 
85 85 85 312 348 
41 84 84 84 160 160 312 312 348 445 
198 198 198 198 508 508 
306 306 370 408 
5 5 504 504 

358 358 
2 2 
182 404 413 
55 55 
73 73 73 315 315 
418 
76 76 
290 
420 420 420 441 441 
41 354 
496 
140 140 195 471 
117 117 117 216 
146 146 379 379 
19 79 83 83 83 138 138 138 236 236 236 237 507 507 
184 190 190 372 
36 36 190 372 372 
76 
22 414 
45 76 76 199 
176 247 401 401 401 
2 182 
184 
81 81 81 
367 367 367 
389 
184 415 
14 102 102 102 125 135 135 184 236 236 
152 152 152 364 
122 122 222 222 
486 486 
82 82 143 143 
119 119 222 
468 
232 309 387 387 387 454 454 
14 117 136 136 136 
185 185 491 491 491 
480 
413 413 448 
236 415 
497 
454 454 
168 168 168 
0 381 381 
354 380 380 
117 117 
125 125 125 
41 44 44 
104 104 104 236 
381 381 
101 101 320 
66 196 196 358 358 358 
82 82 389 389 389 
82 82 121 121 217 
282 282 282 
339 339 339 
103 103 379 
236 236 344 344 
191 304 304 
250 250 250 417 417 
248 248 408 408 
41 41 354 
118 118 118 292 292 
325 325 
374 374 374 
413 
41 41 41 354 399 
233 276 425 425 425 
26 194 271 271 408 408 408 
188 205 227 227 227 231 305 305 305 330 330 402 402 402 428 433 469 477 511 511 
41 85 85 272 272 312 312 498 
413 413 439 
322 
39 

82 82 329 329 329 
477 477 
413 413 413 
132 132 132 413 413 413 
68 425 425 425 
471 
480 480 
31 31 

280 335 
187 187 187 407 
110 247 247 
300 415 415 415 
28 28 183 
68 68 
30 30 30 222 
367 367 
2 15 15 15 92 111 220 220 340 363 404 404 413 413 444 499 
2 178 
5 5 12 14 14 31 31 31 32 41 41 41 52 52 70 81 81 81 105 112 116 117 213 213 236 236 236 246 246 258 258 260 260 267 267 267 284 284 289 289 291 291 291 307 307 307 315 338 338 338 345 345 354 354 354 355 355 366 396 396 396 415 426 456 456 484 484 488 490 490 
126 126 
76 245 440 
175 175 175 
159 477 477 
2 2 351 351 
105 105 106 372 
56 56 148 236 236 267 267 268 285 285 304 446 446 
33 33 40 40 67 236 236 236 281 
65 65 251 251 286 358 358 362 413 413 479 500 500 
158 
55 55 101 236 267 267 267 471 471 
8 8 8 76 77 141 141 200 290 290 373 413 413 413 422 422 

5 86 86 86 86 386 508 
76 76 109 207 314 314 
196 
415 
12 12 355 355 
271 271 
267 268 
159 

76 199 478 

328 328 
35 309 

238 238 310 310 
184 184 
215 215 314 314 314 
214 214 314 314 467 467 
102 
143 

39 39 274 402 402 454 
182 182 494 494 494 494 

30 30 35 35 119 119 122 180 309 314 314 314 341 341 376 376 413 413 483 483 483 499 499 499 499 
329 
313 313 350 
5 53 53 259 377 377 377 393 419 458 458 
292 292 
159 159 159 257 343 392 
245 
76 76 361 
236 236 275 275 303 303 303 406 415 415 
39 159 
124 390 390 454 454 454 
7 7 157 238 238 271 271 271 287 287 287 287 296 375 375 505 505 
503 
487 
40 49 55 56 56 56 60 79 79 83 104 104 104 117 117 129 138 147 147 184 184 184 191 191 192 192 192 195 230 230 252 252 267 267 275 275 283 344 344 415 415 415 432 438 460 487 487 487 
104 
212 212 233 233 
342 342 342 405 
279 279 279 279 
39 62 62 430 430 

311 311 413 413 424 424 494 494 494 
325 358 
76 76 186 228 
70 70 184 184 
110 176 176 
150 150 408 408 
40 
149 149 149 374 374 417 417 442 442 442 
193 193 286 286 286 413 413 
236 236 
330 330 
283 415 415 
5 5 
271 271 273 
227 
70 70 70 184 184 409 409 
225 367 
184 184 
81 329 329 
364 410 410 
315 315 
11 11 334 334 334 385 385 
496 

184 184 184 191 191 195 195 195 204 236 236 268 356 471 471 471 
191 204 267 

286 
7 158 158 203 203 233 233 233 256 256 282 282 297 297 327 339 339 354 374 375 375 391 391 391 401 401 401 408 408 412 412 412 427 427 453 
160 160 
5 5 256 354 354 472 472 472 475 475 
219 402 
230 230 236 236 
157 
415 415 

5 31 240 240 240 240 
174 308 308 308 435 435 435 449 449 467 467 
67 67 67 192 298 298 347 347 421 421 421 
144 144 144 271 271 427 
236 254 415 415 415 
184 184 
191 191 
193 251 251 251 270 413 
9 9 9 233 233 233 233 

81 184 184 451 451 451 
23 23 23 97 196 196 
184 184 184 426 
152 152 226 226 364 364 410 410 
408 408 
58 397 408 
76 509 
68 233 
271 271 408 408 408 
281 281 347 347 
54 54 76 76 76 413 
177 
339 339 
39 39 485 485 
230 230 230 415 
148 148 191 
159 159 159 343 392 392 482 482 482 
87 87 370 408 408 
32 184 184 184 354 396 396 396 
280 280 280 467 467 
124 210 222 
212 212 
243 243 
84 85 85 160 160 
8 8 224 224 
76 80 199 199 214 214 214 215 215 222 222 222 317 317 317 349 349 354 354 354 384 398 413 413 418 418 429 429 434 449 455 455 467 467 467 481 
31 73 94 94 184 263 263 336 486 
444 
314 314 314 398 398 413 
413 413 
76 76 354 
140 
42 323 323 
76 76 162 
42 321 321 359 
41 
72 72 153 153 244 358 358 358 
358 358 
271 
76 209 209 
81 81 81 165 165 165 223 261 261 
159 159 253 253 369 428 
22 
407 413 
413 413 
264 264 264 385 413 
174 413 413 494 494 
315 486 

184 184 184 415 
145 145 145 271 271 301 301 381 381 381 408 408 408 427 427 452 464 464 470 
182 
222 222 
239 239 239 
227 305 
69 147 147 236 236 447 
52 52 184 184 
27 47 47 76 76 459 459 
67 281 281 298 298 421 
84 85 
314 314 481 
8 224 
189 189 356 356 356 

76 76 456 
5 5 31 41 41 99 134 151 156 184 184 184 271 273 273 307 314 314 314 319 411 450 450 450 462 462 490 490 508 508 
12 12 184 184 202 202 
267 351 351 351 
367 367 367 431 496 496 
38 38 72 90 90 141 141 141 193 193 244 325 325 325 326 326 413 413 466 466 503 
61 81 323 

76 76 229 
65 65 193 
182 
118 262 292 292 
415 
184 
114 114 114 181 181 259 357 357 357 496 496 496 
401 
330 
87 306 
68 68 68 
105 106 106 190 
196 
154 154 154 250 250 271 408 442 442 
233 233 271 271 
222 222 
225 225 225 458 458 

103 103 146 
134 134 
46 64 64 64 64 133 133 139 139 339 339 339 395 395 408 
413 
63 75 432 
314 449 449 
264 264 334 413 
198 
124 124 124 
487 
22 22 81 81 82 115 142 142 142 497 497 
17 17 17 232 232 
271 271 271 
227 305 305 
225 
81 495 495 
381 381 
184 184 184 307 307 307 
58 294 
314 317 317 
41 156 
5 5 50 50 50 
110 110 110 271 271 271 368 
39 39 159 159 159 219 219 274 405 
427 427 427 
6 6 92 182 182 
39 239 402 
230 415 415 
175 332 413 413 413 413 
25 87 150 150 158 158 158 248 248 271 271 293 293 294 297 297 297 306 306 339 339 339 374 381 412 412 437 437 437 470 
258 258 
262 262 292 292 
354 
271 271 271 408 408 
35 35 45 45 74 76 76 92 128 128 155 161 161 167 167 167 168 168 168 182 182 193 193 196 196 196 222 222 243 243 251 251 286 299 314 314 317 318 318 332 333 333 334 335 335 358 358 382 385 407 407 407 407 439 439 448 448 455 494 494 
22 22 108 
37 37 37 57 57 116 129 177 177 177 184 201 230 230 236 236 236 254 254 277 277 283 283 283 303 338 365 406 406 432 460 460 460 
65 
149 149 250 250 
80 95 314 314 
225 
18 98 98 98 441 441 441 
281 281 281 347 
196 196 
76 76 
243 243 
157 157 157 169 169 169 
184 291 
271 271 282 339 339 403 403 403 
20 159 330 
314 314 
241 241 
357 496 496 
236 383 415 
159 
314 
280 280 280 449 
22 22 
408 408 408 
83 236 487 
45 45 45 161 413 413 
76 76 186 
1 5 18 98 98 420 420 420 
250 250 250 374 374 468 
5 5 5 
182 316 
41 85 450 450 450 
56 56 191 191 
344 
74 128 413 413 
280 280 314 384 384 435 467 
41 41 354 354 354 445 445 445 462 
289 289 289 
339 464 
271 
4 124 124 131 131 219 232 232 232 
17 314 314 413 
76 76 76 184 184 353 491 
41 
225 225 377 377 
346 346 
236 415 415 415 
497 
354 354 450 
75 
339 339 452 

72 358 358 
215 215 280 280 308 308 314 314 314 449 
123 442 
159 511 511 
339 408 
101 170 195 195 267 267 267 
273 273 273 475 475 475 
491 
487 487 
5 5 5 273 273 472 472 472 
10 10 10 496 496 
39 39 39 159 166 166 188 188 
76 76 207 
193 
127 171 171 
314 349 
305 305 305 
30 222 222 222 
184 184 
39 302 302 
31 31 31 120 120 315 336 489 489 489 
56 56 235 236 236 236 388 438 474 474 
184 
31 486 486 486 
51 51 51 184 184 354 354 
126 126 126 456 473 
41 
3 3 
220 220 220 220 243 243 243 335 335 413 413 
81 81 81 394 394 
100 265 357 357 367 367 367 431 431 476 476 
130 389 389 461 
160 
182 222 222 222 222 
193 193 
54 

234 358 
5 5 88 88 
233 233 

104 104 
5 86 86 198 354 354 
76 76 76 295 

159 159 469 469 
