Nodes: 512, Edges: 1187
133 381 381 

28 28 91 91 111 111 182 182 183 183 189 
271 271 271 493 
454 
34 48 50 88 88 184 184 184 198 198 225 225 255 255 273 273 279 354 400 400 400 441 443 475 504 504 508 508 508 
404 
233 271 
196 196 224 224 313 350 

476 476 476 
264 
184 202 202 355 
76 76 
117 117 184 
59 59 59 59 182 182 444 
184 184 

441 
104 
428 428 
31 31 31 
108 108 108 115 331 331 389 389 414 436 461 497 
290 290 290 
76 76 
408 408 408 
158 158 158 408 
346 346 
2 2 178 183 
56 56 56 
180 180 222 222 222 483 483 
21 21 21 172 172 184 184 279 299 315 315 354 354 486 489 489 
184 307 
67 67 67 192 
5 
158 158 158 210 210 210 222 222 222 413 
106 106 106 
57 
358 358 
62 62 62 159 159 159 166 219 219 219 241 267 402 402 405 405 477 485 485 
192 249 249 
85 85 99 137 137 151 156 160 160 184 184 324 324 354 354 399 445 450 457 492 492 
321 323 323 323 
193 
137 137 137 
76 109 413 413 439 
64 339 339 381 395 395 395 
76 76 76 346 346 346 346 346 
5 

5 400 400 
484 490 
184 345 345 
225 
76 501 501 
93 93 195 195 195 236 236 
29 29 29 191 191 236 236 304 446 446 446 487 487 
37 415 
397 
15 15 15 15 444 
104 236 236 
359 359 
39 39 39 241 
75 383 383 383 463 463 463 
46 381 381 395 
193 362 362 362 416 
141 
33 33 33 192 192 281 281 347 347 
169 169 296 296 296 371 371 
344 344 
184 246 246 258 258 

358 466 466 
94 315 315 315 
448 448 
63 383 463 
13 13 24 24 45 47 47 47 54 78 96 96 96 96 107 107 107 162 184 184 184 186 186 196 199 207 207 207 208 208 229 229 229 242 245 245 245 245 292 292 295 295 295 295 299 322 322 328 328 328 353 354 361 413 413 423 423 423 440 456 456 456 478 478 509 509 509 
196 413 
76 

314 314 418 
82 82 113 184 261 329 329 359 389 389 394 
81 81 142 142 143 165 165 389 
104 104 236 438 
85 85 312 312 348 348 
41 41 84 84 160 312 312 348 348 445 
198 
306 306 408 
5 5 504 
358 358 
325 358 
2 2 
404 404 413 413 413 
55 55 
73 315 315 
418 
76 76 76 76 
171 290 
420 420 441 441 
41 354 354 
496 496 496 
140 195 195 378 471 
117 117 136 136 216 
146 146 146 379 379 425 
19 60 83 83 138 236 236 237 507 
184 190 372 
36 36 36 372 
76 76 76 
22 22 22 414 414 
45 199 
176 176 247 401 401 401 
2 2 
184 
81 
367 367 367 
22 
184 184 
14 14 102 102 125 125 236 
152 152 262 364 
122 222 
486 486 

119 222 222 
381 
232 387 387 454 
117 117 136 136 136 136 
185 185 491 491 
480 480 
413 413 448 448 
236 415 415 415 

454 
168 168 
0 381 
380 

102 102 125 125 125 125 
41 41 44 44 44 184 184 
104 164 236 236 236 
381 
101 
66 196 358 358 
82 82 389 
82 217 
282 
339 339 
103 103 103 379 379 379 
236 236 236 344 
191 191 304 
250 250 417 
248 408 408 
41 354 
118 118 292 292 292 
325 
374 374 
413 413 
41 399 
233 233 276 276 276 425 425 
26 26 26 35 35 35 194 194 271 271 408 
39 39 39 188 205 227 227 227 231 305 305 305 330 330 402 402 428 428 433 433 433 469 469 477 477 511 
41 41 85 272 272 272 312 312 498 498 
413 413 413 439 439 
76 322 

138 
82 82 329 
39 477 
413 500 
132 132 413 
68 68 233 233 296 296 425 425 425 425 
471 
97 290 290 480 
31 31 
344 
222 222 222 335 335 494 
187 407 407 
110 110 247 
300 300 300 415 
28 183 

30 30 222 222 222 
367 
2 2 15 15 220 363 363 413 413 444 444 499 499 
2 2 28 178 
5 5 5 12 14 16 16 31 31 32 41 41 52 70 76 76 76 81 105 112 116 116 137 137 213 213 213 236 236 246 246 258 258 260 260 267 267 279 284 284 284 289 291 291 292 307 315 315 324 338 338 338 354 354 355 366 366 396 396 409 409 415 415 415 426 456 465 484 488 490 
126 126 491 491 491 
76 76 245 245 440 
175 413 
159 477 
2 351 351 351 351 
105 372 372 
56 56 148 148 236 267 267 268 268 285 446 
33 40 67 67 236 236 236 281 
43 65 251 251 251 251 251 286 286 358 362 362 413 479 479 500 500 
158 158 
55 55 55 101 101 236 267 267 267 471 471 
8 8 76 77 141 200 290 290 350 350 373 413 422 
496 496 
5 5 86 386 508 
76 109 207 207 314 
196 
236 236 236 415 
12 12 355 355 

267 267 268 
159 
405 
76 76 76 199 199 337 478 
76 76 
328 
35 35 35 232 309 
236 
238 238 
184 184 184 488 
215 215 215 314 314 
214 214 214 314 314 
102 
143 
271 
39 39 39 232 232 274 274 274 402 454 
182 494 494 

30 30 30 35 35 35 119 122 122 174 174 174 180 180 180 309 314 341 341 376 483 483 499 
329 329 329 
8 8 313 350 350 
5 5 53 377 377 393 393 419 419 458 
292 292 
159 159 159 337 337 337 343 392 477 

76 76 76 295 360 360 361 
236 303 303 415 415 
159 
124 210 219 219 390 390 
7 157 157 169 169 238 271 287 287 296 296 310 374 374 
503 
236 487 
55 55 56 56 60 60 83 104 104 117 129 138 138 138 147 147 147 184 184 191 192 192 192 195 201 201 201 211 230 235 237 237 252 267 267 267 278 278 283 283 344 351 415 432 432 460 460 487 
104 236 236 
212 212 233 
342 405 405 405 
279 476 496 
39 62 430 430 
76 
311 311 311 413 424 424 494 494 
325 325 358 
76 76 76 76 186 186 
70 70 184 184 
110 176 288 288 288 
150 408 408 
40 40 
149 149 374 417 442 
193 193 193 193 193 286 286 413 
236 
330 330 
283 283 415 
5 5 

305 
70 70 184 184 409 
367 367 367 
184 184 
81 329 329 329 
118 410 410 410 

11 334 334 385 
496 496 

39 184 184 191 191 195 195 195 204 204 236 236 236 268 268 268 356 356 471 471 
191 191 204 267 267 267 
415 
286 286 
3 3 3 7 158 158 218 233 297 297 327 327 339 339 354 354 354 374 375 391 391 401 401 408 412 427 442 442 453 453 
160 160 160 
5 5 354 354 354 472 475 475 
219 219 219 402 402 

157 157 157 
415 415 
236 236 
5 31 184 240 
308 308 308 435 435 435 435 449 449 467 
67 67 192 298 298 347 347 347 421 
144 427 
236 236 254 254 415 
184 184 184 
191 
193 193 251 251 270 270 413 413 
233 233 
247 247 247 
184 451 
23 23 23 97 171 171 196 196 480 
184 184 426 
76 76 152 152 152 184 226 226 364 364 410 410 
408 408 
397 408 408 
76 76 76 76 229 509 
68 68 68 169 169 233 233 
271 271 408 
281 281 347 347 
31 76 413 413 
177 177 177 
339 
485 
230 230 415 415 
56 148 
159 159 159 257 343 343 343 343 392 392 
87 87 370 370 
32 184 354 396 465 465 465 
280 280 280 467 
210 222 
233 
243 243 243 
84 84 85 85 160 160 
8 224 
80 80 199 214 214 215 215 222 317 349 354 384 398 398 413 418 429 429 434 467 467 481 
31 31 73 73 73 94 94 184 184 336 486 486 
444 444 
314 398 413 413 413 
413 413 
354 354 

42 
76 76 162 
42 42 42 359 
41 41 184 
90 153 244 244 358 
358 358 
271 271 
76 76 76 209 
81 81 165 223 223 223 261 261 261 
159 159 253 253 369 369 369 428 
22 22 
407 407 413 
413 
264 264 385 385 413 
174 174 494 494 494 494 
315 486 
207 227 227 227 
184 184 184 415 415 
46 46 145 145 271 271 301 381 381 381 408 408 427 427 452 464 464 470 

222 222 
239 
227 305 305 305 305 
69 69 147 173 236 447 
52 52 
27 27 47 47 47 47 47 459 459 
67 67 281 281 281 298 298 421 421 506 
84 84 85 85 
314 481 481 481 
8 196 196 224 224 
189 189 189 189 236 356 356 
402 402 
76 456 
5 31 31 41 41 76 99 99 151 184 184 271 271 271 273 273 273 307 314 319 319 450 450 462 462 490 502 
12 184 202 202 
267 267 351 351 
431 431 496 496 496 
38 38 72 89 89 90 141 141 193 244 325 326 326 413 413 466 466 503 
61 61 81 323 
229 229 
76 229 
65 65 65 193 193 413 413 
182 182 
118 292 292 
415 
184 184 
114 114 114 181 259 259 259 496 
401 401 401 
330 330 330 
306 306 
68 68 
105 106 190 190 
196 
154 154 233 233 250 271 408 408 442 
271 
222 
225 225 
101 
103 103 146 146 146 
134 
0 0 46 64 64 123 133 139 339 339 339 395 395 395 408 408 
413 
63 63 63 75 415 415 432 
314 449 
264 334 334 413 413 
198 
124 124 
487 487 
22 22 81 81 82 142 497 497 
232 232 
271 271 
227 305 305 
225 225 
81 495 495 
46 46 46 64 381 381 381 
184 184 307 
58 294 
314 314 317 
41 156 
5 5 5 50 50 
110 110 110 271 271 368 368 368 
39 39 159 159 219 274 274 352 352 405 405 
427 427 
6 92 92 
39 39 206 239 239 239 402 402 
415 415 
175 175 332 332 413 413 
25 25 25 26 87 150 150 158 248 248 271 293 293 294 294 297 339 339 374 374 381 381 412 437 437 470 470 470 
184 184 258 
262 262 262 292 292 

271 408 
35 45 45 76 76 77 92 92 92 128 128 155 155 161 161 161 167 168 182 182 187 193 196 243 251 286 286 299 299 314 317 317 317 318 318 332 333 334 358 358 362 362 382 385 385 407 407 439 439 448 455 455 494 494 
22 108 108 
57 129 129 129 177 184 184 184 201 230 230 236 254 269 277 277 283 303 303 338 338 365 383 383 406 406 432 460 463 
65 
149 250 
80 95 314 
225 225 
98 98 441 441 
281 347 347 
196 
76 76 76 
243 243 
103 157 157 169 169 169 169 
184 291 
271 282 339 339 403 403 
20 20 159 159 330 
314 314 
241 241 
357 357 496 496 
236 236 383 415 
159 159 159 
314 
280 280 280 280 449 
22 
408 408 
83 
45 161 161 413 413 
76 186 
5 18 98 98 420 420 
250 271 271 374 468 468 
5 
15 59 182 182 316 316 
41 85 450 450 450 
56 56 56 191 
344 
74 74 128 128 413 
280 280 384 435 467 467 
41 354 354 445 445 445 462 462 462 
289 
339 464 464 
271 271 
4 124 131 219 
413 413 
76 76 76 184 353 491 
41 
225 
346 346 
236 236 415 
22 497 
354 354 450 450 450 
63 63 63 75 415 
339 339 452 452 
184 307 307 307 
72 72 358 358 
280 308 314 314 449 449 
442 442 
159 159 511 511 
339 408 408 408 
101 170 195 195 267 267 
273 475 475 

487 487 
5 273 273 472 472 
10 10 10 240 496 
39 159 159 166 188 227 
76 76 207 
193 193 
127 127 171 290 
314 349 349 349 

30 30 222 222 
51 184 
39 39 302 
31 120 120 315 315 336 489 489 
56 56 235 236 388 388 474 474 
184 213 
31 31 486 486 
51 184 354 
126 126 185 185 185 456 
41 41 
3 
174 220 220 243 243 335 335 335 335 413 413 
394 394 
100 100 100 197 197 240 265 265 357 357 357 367 431 431 476 
22 389 389 461 
160 160 
182 182 222 
167 193 193 
54 54 
354 
234 358 
5 5 88 

347 
104 
5 5 5 198 
76 76 76 295 

159 469 469 
