Nodes: 256, Edges: 376
18 190 236 
105 158 158 164 164 232 
153 153 
81 81 
14 18 138 138 
26 26 50 56 56 94 94 98 108 114 114 114 123 123 126 126 133 133 136 141 142 159 165 165 221 227 254 

41 41 86 97 203 203 218 218 
81 168 168 215 


134 172 
227 227 
33 37 37 37 
4 32 32 51 146 152 152 
26 207 207 231 231 
93 
66 84 
0 4 60 63 80 90 152 192 206 
62 62 
98 98 98 166 
45 52 71 131 131 140 

192 
223 223 223 
81 81 
5 5 15 33 44 44 59 62 67 67 67 70 72 87 117 122 122 141 175 196 213 231 237 237 
110 

191 205 
175 196 230 230 239 239 239 
157 157 
14 14 
13 26 37 39 39 39 44 185 185 185 222 222 
137 137 
53 
203 203 
13 13 13 33 122 134 169 169 219 219 219 

33 33 33 

7 7 

195 
26 26 33 59 59 150 150 150 188 
21 148 153 
221 
152 152 
152 245 
84 
5 254 
14 61 137 
21 
35 81 81 
127 
121 238 238 
5 5 181 181 
241 241 
104 104 203 214 245 245 251 252 
26 44 44 
18 76 206 236 250 250 
51 206 
19 19 26 
18 90 192 202 
175 196 196 
81 93 93 
17 
26 26 26 

223 
26 77 122 122 249 
21 131 131 247 
26 

156 156 203 
171 171 203 203 217 233 
60 
70 122 

111 
18 137 
3 3 8 25 25 53 53 65 93 93 93 162 173 176 203 228 238 
84 197 
113 177 177 204 
17 49 82 100 127 183 183 189 255 255 
128 
7 92 92 203 
26 237 237 253 
203 203 
93 
18 63 206 242 
121 
86 86 203 
16 65 65 81 81 81 89 176 224 
5 5 112 

127 144 240 
7 130 226 
5 20 20 20 213 237 
251 
84 194 
145 


58 58 129 129 
1 
145 145 145 204 204 
119 152 152 
5 
127 194 216 
27 153 
79 
94 
83 145 145 204 204 246 
5 5 5 


26 234 
188 
107 152 152 
170 170 206 
55 91 238 238 
26 26 37 70 70 77 210 
5 5 161 161 161 


5 5 
54 84 96 109 144 144 187 216 229 229 
85 228 
104 104 
97 
21 21 71 71 

5 5 
11 37 
175 
5 
34 34 51 80 
4 4 

21 
5 26 
5 159 
203 
96 127 127 
101 106 106 106 113 113 204 204 204 246 246 
14 152 223 

45 
203 203 
44 44 44 
228 
14 14 18 47 47 48 107 107 119 119 146 157 157 223 223 225 225 
2 2 45 110 179 179 228 
176 241 241 

74 74 199 199 203 203 
31 31 152 152 
1 1 164 
5 142 
251 
123 123 123 
81 238 238 

1 1 158 232 
5 5 
20 209 

8 8 
37 37 
120 120 174 206 
75 75 205 
11 
81 176 176 
170 206 
26 30 64 135 196 196 
81 93 154 173 173 
83 83 

153 153 

56 56 
196 
84 84 
228 
33 33 33 

127 
44 118 
84 
0 236 236 
29 205 
18 23 63 
237 253 
100 109 
43 245 
26 30 64 64 175 175 182 
82 

156 156 
229 

63 
7 7 36 36 58 74 75 75 81 86 88 88 92 143 149 149 156 156 220 
83 106 106 113 113 145 145 145 245 245 245 
29 171 191 
18 60 61 90 120 170 174 
15 15 

166 
122 


26 98 
58 252 
8 
109 127 
75 233 
7 7 
37 37 37 
203 
5 46 
33 33 
24 24 24 69 146 152 152 
93 
152 152 
97 
5 12 12 
81 128 151 153 184 
127 127 200 
30 30 
15 15 26 
1 164 
75 217 
117 
243 
0 60 190 190 
26 26 87 87 98 193 
55 55 81 121 121 162 162 
30 30 30 
96 
57 57 154 154 
90 
235 

48 58 58 195 204 204 204 
113 145 145 
71 

70 
60 60 
58 99 160 
58 214 
87 193 
5 50 
84 84 
