Nodes: 256, Edges: 376
18 190 190 190 236 
21 21 105 158 164 232 
153 
81 81 
14 32 138 208 208 208 
38 50 50 68 81 81 94 102 103 103 108 108 114 114 114 114 123 123 123 126 136 141 142 159 159 159 178 221 227 227 234 244 244 
212 212 212 
86 124 203 218 218 
81 168 215 
182 182 

134 134 134 172 
227 
33 37 
4 146 152 163 180 208 
207 207 207 207 231 231 
78 78 93 
66 66 66 84 
0 60 63 80 206 206 
62 62 
98 166 
1 1 71 140 151 228 228 


223 223 
81 
44 59 62 67 67 84 84 87 108 108 117 117 141 175 213 
110 
88 88 165 
191 205 205 
182 182 196 196 230 230 239 
157 157 
4 
13 37 37 37 44 44 122 134 197 197 211 211 

81 
203 203 
13 33 33 33 134 134 169 
5 
73 
203 

81 
195 
26 33 33 59 150 188 
148 153 
56 221 
152 
58 152 245 

5 5 123 254 254 254 
61 

81 81 
127 
121 238 238 
46 181 
154 241 
48 104 152 152 152 
26 44 
18 152 236 250 250 
51 
19 19 26 
18 90 90 202 202 242 
175 196 196 
93 93 
17 17 17 
26 26 
5 
223 223 
210 249 249 
21 228 247 247 

39 
86 156 203 
203 205 217 217 217 233 

122 
16 16 89 93 93 

18 
3 3 5 5 8 25 35 42 53 53 93 93 93 125 153 162 173 238 238 
197 
177 204 204 
17 26 26 100 109 109 127 127 183 189 255 
128 
7 74 92 92 203 203 203 
26 237 253 253 
28 28 165 
78 93 93 
63 63 206 206 242 
121 238 238 238 
86 86 203 
16 65 65 78 78 81 81 81 89 89 154 201 201 201 224 
5 112 

127 200 229 229 240 
226 
20 166 209 209 213 213 237 237 237 

84 109 194 198 

5 
5 5 
58 152 
1 
204 204 
152 152 
5 5 26 26 126 
84 84 100 127 194 198 216 
27 

94 
145 204 204 246 
5 5 5 5 
253 253 
203 203 
26 26 
188 188 
152 
155 155 170 170 
55 91 
33 77 210 
5 5 5 50 161 
7 
81 
5 108 
54 84 84 96 109 144 144 187 216 229 
85 228 


228 
222 
227 227 
11 11 11 33 37 37 
175 
5 
202 202 202 
4 

21 
5 26 
5 159 159 
149 
127 127 
113 204 
14 152 152 

45 153 
143 233 
44 
21 228 228 
14 47 48 58 58 58 60 104 107 107 119 146 146 157 163 223 225 225 
2 45 81 148 179 
57 93 241 241 
120 120 206 
74 199 203 
31 31 152 
1 164 
5 5 5 142 142 
251 
123 
81 238 238 
14 152 
1 158 232 232 232 
28 88 203 
20 98 209 209 
173 
8 
37 222 
120 120 174 206 

11 
81 167 
170 
26 64 135 

83 
5 
153 
14 
56 
9 9 30 30 
84 
228 228 


127 
44 118 118 
84 
0 0 0 
29 205 205 

253 
100 109 
43 245 
30 30 64 64 
33 33 82 
100 109 
156 
96 229 
93 93 93 
63 63 137 137 137 
7 36 36 40 74 75 86 86 86 92 116 116 156 165 220 
83 83 106 106 113 113 145 245 
29 29 75 191 191 
18 18 90 90 155 170 
15 15 15 15 
4 4 4 14 
98 98 166 166 
70 122 
33 33 
6 6 6 222 222 
26 98 98 
252 
8 
109 127 
75 75 75 
7 7 

203 
5 46 
132 169 212 212 
24 24 69 69 152 
93 
152 152 
97 
5 5 12 133 133 
21 21 71 128 131 151 151 184 184 
96 96 127 200 
30 30 
15 15 
1 164 164 164 
75 149 
5 

0 60 
87 98 98 98 
55 55 81 81 91 91 91 162 162 
30 
96 
57 154 154 
63 90 

5 5 
48 195 204 
113 
71 71 

70 70 
60 60 
160 
214 
87 87 115 115 193 
50 50 50 
84 
