Nodes: 256, Edges: 376
190 190 236 
105 105 153 153 158 
153 
81 
14 32 32 208 
26 26 46 50 50 56 56 94 108 108 114 114 117 126 126 133 136 142 178 178 178 221 227 227 244 
212 
41 86 97 124 203 203 218 
71 215 228 247 

14 
134 134 172 172 

33 33 
4 10 18 47 51 51 138 138 146 146 152 163 208 208 
26 207 231 
78 89 95 
66 84 84 
14 61 63 80 152 152 180 186 192 
62 
98 98 166 
71 71 131 140 

192 
223 
153 
5 5 15 33 33 44 44 59 62 62 67 67 72 87 108 122 141 141 175 175 175 175 196 231 237 

165 
205 
182 182 182 196 196 230 239 
157 157 
4 4 
13 13 26 26 37 37 39 39 39 44 185 211 211 222 222 222 
137 
81 81 
203 203 
33 33 134 169 219 
42 42 
33 33 33 

7 
38 38 
195 
26 26 33 59 150 188 
148 153 153 
5 
14 
152 245 245 
84 84 84 
5 5 254 254 
14 14 137 

81 81 
127 127 
121 
5 5 181 
93 241 241 241 
104 104 152 203 251 252 252 
26 44 
152 152 206 236 250 250 
18 206 
19 26 26 
18 90 90 137 192 
175 175 
81 93 93 
17 
26 26 

223 
122 122 122 210 249 249 
8 21 21 247 247 
26 

156 
203 205 217 217 233 233 

122 122 122 
16 93 93 93 

18 
3 35 35 53 53 65 93 93 162 173 176 176 203 203 228 251 251 
197 197 197 197 
113 177 204 
17 17 49 49 49 127 183 255 255 
128 128 
7 92 92 92 218 
26 237 237 253 

16 93 93 93 
63 63 206 242 242 
121 238 
86 86 86 203 203 
57 65 65 78 78 78 81 81 89 89 89 111 111 176 176 201 224 
5 112 112 
16 
127 200 229 240 
7 130 130 
20 20 209 213 237 

109 109 109 194 



58 58 129 152 
1 1 
145 
119 152 
5 5 26 126 
100 100 100 194 194 198 216 216 
153 
93 93 
94 94 
83 177 177 204 246 
5 5 


5 234 

107 152 
155 155 155 206 206 206 
55 91 238 
26 70 70 70 77 77 77 
161 161 196 
7 

5 5 108 
54 54 84 96 144 144 144 144 187 189 189 229 229 
85 85 228 
104 
97 97 
21 
222 222 
5 
11 11 37 
175 
5 
34 51 63 202 
14 14 

21 
26 26 
5 159 159 159 

127 127 127 127 
106 204 204 
14 14 223 

45 
233 
44 

14 18 18 48 58 60 60 104 107 119 157 223 223 
1 1 2 25 45 45 110 228 
176 241 
120 120 120 
74 199 203 203 
31 31 152 
1 164 
142 142 142 

123 123 
81 
14 
158 232 232 
28 203 
20 209 209 
173 173 

37 
174 
205 
11 11 
81 167 167 176 
170 206 
26 26 26 26 64 64 135 196 
81 81 93 93 154 173 
83 113 113 
5 5 5 

18 
56 
30 30 30 
84 
228 
33 
18 
127 
44 
127 127 
0 0 236 
205 205 
18 23 63 
253 
100 109 109 
43 204 204 245 
26 30 30 123 175 
82 82 82 82 
109 
156 
96 229 
93 
137 
7 7 36 36 58 75 81 81 92 92 156 156 165 
83 113 145 145 195 195 245 245 
29 75 171 191 191 
60 61 90 120 120 120 174 
15 
4 14 14 
98 166 166 
70 
33 33 
6 222 222 
98 
252 
8 
109 109 
75 75 233 233 233 
7 86 
37 
251 
5 235 
33 33 33 132 132 212 212 
24 69 146 152 152 
93 


5 5 
8 81 128 153 184 
96 127 127 200 
30 
15 26 
164 164 
75 75 149 217 217 217 
117 
221 
0 60 190 
26 87 87 98 
91 121 
30 
96 
57 57 57 154 
90 90 

5 
48 48 195 204 204 
113 
8 71 71 

70 70 
60 60 
58 81 81 220 
58 58 214 
87 193 
50 50 
84 84 
