Nodes: 256, Edges: 376
18 190 190 236 236 236 
105 105 105 158 158 164 232 232 

81 81 81 
138 208 208 
26 26 26 38 38 42 42 46 50 56 94 98 103 114 114 114 123 123 133 133 136 178 221 221 227 243 243 244 244 254 254 
212 212 
41 69 86 86 124 124 124 130 130 
71 71 81 168 228 
182 

134 172 
227 227 227 
33 33 
18 47 51 138 139 139 152 163 180 
26 26 207 207 231 231 
93 93 
66 
0 14 60 60 61 61 63 80 90 90 152 152 180 186 192 206 206 
62 
98 98 166 166 166 
45 52 71 131 151 153 228 228 

192 
223 
153 
5 5 5 15 15 44 44 62 62 67 70 72 87 98 108 108 108 117 141 175 175 196 213 237 



175 175 182 196 230 
104 157 157 

13 13 37 39 39 39 44 44 122 134 185 185 197 211 222 

53 
203 203 
33 150 219 219 219 
5 5 
33 33 33 

7 
5 5 
216 
26 26 33 33 59 
21 148 
5 56 
14 152 152 
152 245 
84 
5 123 254 254 
14 61 
21 
35 81 81 
127 127 
121 238 238 238 
5 46 181 181 227 
93 154 154 
214 245 251 252 252 252 
44 
18 18 76 152 206 236 250 250 
18 18 51 206 
19 26 26 
18 137 137 202 202 
175 196 

17 
26 

7 223 223 223 
26 122 122 210 210 249 
8 8 21 131 247 
26 
134 
86 156 156 
203 203 203 205 205 217 233 233 
60 
122 122 
89 93 
111 111 
18 
3 3 3 8 53 53 93 153 160 160 173 176 176 228 
197 

49 100 109 109 127 127 189 255 255 

7 7 74 
26 237 237 253 
203 
78 93 93 
18 18 206 206 242 
121 121 238 

16 16 57 78 81 89 89 154 154 201 201 224 
5 112 

229 
226 
5 20 20 26 166 166 166 209 213 

84 109 194 198 
145 145 
203 203 
5 
31 129 152 
1 1 1 
145 
119 119 152 152 152 
26 26 26 126 126 126 126 
84 84 100 198 

79 79 
94 
177 177 177 
5 5 5 

203 203 
26 234 
188 188 
107 107 152 
170 206 
55 91 91 238 
33 70 70 77 77 
5 5 50 161 
7 7 7 

108 108 108 108 
54 54 84 84 144 144 187 187 
228 228 
104 
7 7 
21 71 

5 5 
11 33 73 
175 
5 
63 63 202 202 
4 14 
14 14 

26 
159 
149 203 
127 127 
101 101 106 204 246 
152 

45 
143 203 
37 
21 228 228 
14 18 18 47 47 48 60 104 107 107 107 119 146 157 157 163 225 
21 25 81 179 
57 57 93 93 176 176 241 
206 
74 74 203 
31 31 152 152 
1 1 164 
142 
81 81 
123 
238 238 
14 152 
1 158 232 

20 20 20 98 98 98 
173 
8 

120 174 206 
205 
11 
81 167 176 176 
170 206 
26 26 30 30 64 135 196 
81 81 154 154 173 173 
113 113 113 
5 
153 
14 18 
56 56 
9 30 196 


33 33 
18 
127 127 
118 118 
84 
0 0 
205 
18 23 
237 253 
100 
204 204 245 
26 30 64 175 182 
33 82 
100 109 

229 
93 93 
63 63 137 137 
36 36 75 75 75 88 102 102 116 116 143 149 156 220 220 
145 195 195 245 
75 75 171 191 
18 18 60 61 90 90 120 155 170 174 
15 15 
4 4 
98 
70 70 
33 
6 6 
26 98 
58 
241 
43 
75 233 233 

37 37 37 
203 203 
5 5 
33 
24 69 69 69 
93 
152 
97 
5 12 12 12 56 
8 21 21 81 128 128 151 151 
96 200 
30 
15 15 
1 1 164 
75 75 217 217 
117 
243 
0 0 0 60 
26 87 87 193 
55 55 55 91 121 162 162 


154 215 
90 
5 5 235 
5 5 
48 58 195 204 
145 
71 

70 
60 60 
58 
58 58 58 
87 193 
5 5 50 50 
84 84 
