Nodes: 256, Edges: 376
18 18 190 236 
21 158 232 
153 
81 
14 14 18 
26 42 42 42 50 56 56 68 94 102 103 114 114 114 117 117 126 133 141 143 159 221 221 221 227 227 238 238 238 243 
212 212 
74 97 203 203 203 
81 215 228 247 
182 
14 14 
172 
227 227 

4 4 10 10 18 32 47 47 51 51 138 146 152 
26 207 207 231 231 231 
78 93 93 
66 
0 0 4 14 60 60 61 63 63 80 80 90 186 192 192 
62 
98 166 
1 45 52 52 71 131 140 140 153 


223 223 223 
81 153 
5 15 33 44 59 59 62 62 62 67 67 67 72 84 87 87 98 108 108 117 122 122 141 175 175 175 231 237 
110 
88 
191 
64 64 175 175 182 196 196 230 239 
157 
14 
26 39 39 39 44 44 44 122 
137 
81 
203 
134 169 
42 
33 33 33 
203 203 

5 5 5 38 243 
195 195 245 
26 33 33 33 59 
21 148 153 
56 
14 14 
58 245 245 
84 84 
5 254 254 254 
14 14 61 137 
21 21 
81 

121 238 
5 5 46 181 227 227 
93 93 
48 104 152 214 214 
26 26 44 
18 18 236 250 250 
18 51 206 
19 26 26 26 
18 18 90 137 192 202 242 
30 30 175 196 196 196 196 
81 93 
17 
26 26 26 
5 
223 
77 122 122 249 
21 131 247 247 
26 
134 
7 203 
147 171 203 233 

70 122 
16 93 93 

18 18 
3 8 25 35 53 65 93 93 125 153 153 160 162 173 
84 197 
177 177 177 
26 49 49 82 109 109 127 127 183 183 189 
128 
92 92 203 203 203 
26 26 237 237 253 253 
28 165 
93 
18 63 206 242 
238 238 
86 86 203 
16 16 57 57 65 78 78 81 81 89 111 154 176 176 176 201 
5 112 112 112 

127 144 200 229 229 
7 130 226 226 
20 26 166 166 213 213 237 
251 251 
109 109 

5 
5 
58 129 129 

145 204 
119 152 152 152 
26 26 
84 84 100 100 194 198 198 
27 
93 
94 94 94 
204 246 246 
5 5 5 
211 253 
203 203 
5 5 26 
188 
107 152 
155 
55 238 238 
26 26 33 70 70 77 142 210 210 
196 

81 
5 
84 84 96 144 144 144 187 229 229 229 
85 228 
104 104 
97 
21 71 228 
222 222 
5 227 
37 73 
175 

34 51 63 
14 

21 21 
5 26 
122 
5 
96 127 127 127 
106 204 246 246 
14 152 223 
75 
45 
203 233 

228 
14 58 107 107 107 119 146 157 157 223 223 
2 21 25 45 81 81 228 
93 176 176 241 241 241 
120 
199 203 203 203 
31 152 152 
1 
5 
81 251 

81 


88 203 
20 98 98 209 
173 

37 
174 174 206 
75 205 205 
11 
81 167 
170 170 206 206 
26 26 26 30 30 64 135 196 
93 93 93 154 154 
83 83 83 



56 
9 30 196 
84 84 


18 
127 
118 
84 
0 236 
29 
18 18 63 
253 253 
109 
43 43 204 204 
30 30 64 64 64 64 123 175 182 
82 
109 109 
156 
96 229 229 
93 
63 
7 7 7 36 40 40 74 75 86 86 86 92 116 116 149 156 156 156 165 220 
106 113 145 195 195 245 
171 171 
61 90 170 174 174 
15 15 

166 
122 122 
115 
6 6 222 222 
98 98 237 
58 58 252 
8 241 

233 


203 
5 5 5 235 
132 132 212 212 
24 24 24 69 146 152 152 


97 97 
5 5 12 12 56 56 133 
8 128 131 151 153 
96 96 127 127 127 200 200 
30 
15 15 15 26 
1 
75 149 217 

221 
0 60 190 
26 87 87 98 213 
5 5 5 55 91 91 121 121 
30 

154 154 154 215 
63 90 
5 42 

43 48 48 204 
113 113 145 145 
8 71 71 

70 
60 60 
99 99 160 
214 
87 87 115 193 193 
50 50 50 

