Nodes: 256, Edges: 376
18 18 190 236 
105 105 105 153 158 232 
153 
81 
18 18 138 208 208 
26 26 26 42 42 46 50 68 68 94 94 102 103 114 114 117 123 126 133 141 141 142 143 178 178 221 221 227 243 243 244 248 248 
212 212 212 
86 86 124 203 203 218 218 
71 71 81 81 168 228 
182 
14 14 
134 134 172 172 
227 
33 
10 10 18 32 32 47 138 139 146 146 152 180 
26 207 207 231 
78 89 93 95 
84 84 
0 0 4 4 14 60 61 80 80 90 186 
62 62 
98 98 
52 140 153 228 
43 
192 192 

153 
5 5 5 15 33 62 70 72 84 87 87 98 98 108 122 175 175 213 237 
110 
88 88 
191 205 
64 64 175 182 196 196 230 230 239 
104 157 157 
14 14 
13 26 37 39 185 185 197 211 222 
137 
53 
203 
33 134 169 219 

33 73 134 134 
203 203 

5 5 
22 195 195 245 245 
59 59 188 
153 
5 56 
14 152 
152 245 
84 
5 123 123 254 254 254 254 
61 137 
21 
35 81 
127 127 
121 
46 181 
93 154 
104 104 214 245 245 251 252 252 
44 44 
18 76 250 250 
18 51 
19 19 26 
192 202 202 242 
30 30 175 175 196 
81 81 93 


5 5 
223 223 223 
26 210 
8 8 131 228 
26 
39 134 
156 203 
205 217 233 233 
60 
122 
16 89 89 93 

18 18 137 137 
3 8 8 53 65 65 93 93 153 153 162 173 176 203 228 228 228 238 251 
197 197 197 
177 
17 17 26 49 109 109 127 127 127 183 255 255 255 
128 
7 7 92 92 203 218 
26 26 253 253 
28 28 203 
16 78 78 93 93 93 93 
18 
121 238 238 
86 86 
16 57 65 78 81 81 89 89 89 89 154 
5 5 112 243 
16 
127 229 240 240 240 

20 20 26 26 166 166 209 213 237 
251 251 
109 109 194 194 

5 234 
5 
31 58 58 129 152 152 
1 1 1 
145 204 
119 119 
26 126 
84 84 100 100 127 194 198 198 216 216 
27 153 

94 
177 204 246 246 
5 5 
253 
203 
5 

107 107 152 152 
155 155 206 206 
55 91 238 
26 77 210 
5 50 50 161 161 
7 

5 108 
54 54 84 84 84 96 109 144 144 187 189 229 229 
85 228 
104 

71 
222 
5 
11 11 37 39 39 73 
175 

34 51 80 80 
4 14 
14 
21 
5 5 
5 159 159 
5 
127 127 
106 
14 14 152 223 


203 203 233 


14 47 48 104 104 119 119 146 157 163 225 
1 2 21 25 45 81 81 110 179 179 
57 93 176 241 
120 120 
74 199 199 
31 31 152 
1 164 164 
142 142 

123 123 
81 
152 
158 158 232 

98 98 209 209 
173 173 
8 
37 
206 
205 
11 11 
81 167 167 176 176 
206 
26 26 30 64 64 135 196 
81 154 173 173 
83 113 
5 5 
153 153 
14 
56 
9 30 196 
84 

33 33 
18 
127 
44 
127 
0 236 
29 205 
23 23 63 
237 
100 100 109 
43 43 204 245 
30 30 64 175 182 
33 82 82 82 
109 109 
156 156 
229 229 

63 63 
7 7 36 40 40 74 81 86 88 116 149 149 220 220 220 252 
106 113 195 
29 75 171 191 
120 120 170 174 
15 15 
4 4 
98 166 166 
70 122 
33 
6 6 6 222 
26 98 
58 

109 109 
75 233 
7 7 86 
37 
203 203 203 
5 5 235 
33 132 212 
69 69 69 146 

152 

5 12 
8 21 71 81 81 81 128 
96 127 127 200 200 
30 30 
15 
1 164 
75 75 149 217 
102 
221 
0 190 
26 98 193 
81 91 91 121 
30 
96 96 96 
154 
63 
5 5 94 
5 
43 43 48 58 58 195 
113 113 

5 5 

60 60 
58 81 99 99 
58 58 203 
87 87 115 
50 50 50 50 
84 84 84 
