Nodes: 256, Edges: 376
18 190 
21 105 153 158 232 
153 
81 81 81 
14 32 138 208 208 
26 42 42 68 94 94 102 103 108 114 133 136 141 142 142 143 196 227 244 248 
212 212 212 
41 41 86 86 97 124 124 130 203 218 
71 168 168 247 247 


134 134 134 172 172 

33 33 33 37 
4 18 32 32 47 47 51 138 146 152 163 208 
26 207 207 207 231 
89 89 93 95 95 
66 84 
0 14 60 63 80 80 186 186 192 
62 62 62 
98 98 166 166 
1 52 140 140 153 228 
43 

223 223 
81 153 
5 15 33 44 44 59 59 59 62 70 84 87 108 108 117 122 122 141 175 196 237 
110 
88 165 
205 
175 230 239 
157 157 
4 14 14 
13 13 13 26 37 39 44 185 211 222 222 
137 
53 81 
203 
13 33 122 134 169 219 
42 
33 73 
203 
7 7 
5 5 38 
22 195 
26 26 33 150 188 188 
153 153 
221 
14 14 
152 245 
84 84 
123 123 254 
14 137 
21 
35 
127 
121 
181 
241 
245 245 251 252 
26 26 26 
18 152 206 250 250 
206 
19 19 19 26 
18 90 90 137 192 202 242 
175 175 175 175 
93 
17 

5 
223 223 
26 122 249 249 
8 228 

39 134 
86 
147 171 171 203 205 217 233 

122 122 
89 93 93 93 
111 111 
18 18 137 
3 3 3 25 35 93 153 160 162 173 176 228 238 238 251 
197 197 
177 204 
17 26 49 49 109 109 109 127 127 127 183 189 189 255 255 
128 128 
7 7 74 92 92 92 203 
26 237 253 253 
28 165 
16 16 78 93 93 93 
63 63 206 
121 121 238 
86 86 86 203 
16 65 78 78 78 81 89 89 89 111 111 154 176 201 
5 5 112 
16 16 
200 229 240 240 
7 226 
20 20 209 237 237 

194 194 198 
145 
5 
5 
129 129 152 
1 156 
145 145 204 204 
119 119 152 
5 26 26 
84 84 84 127 127 194 216 
27 
79 79 93 93 
94 
177 177 204 246 
5 
253 

26 234 234 
188 188 188 
107 107 152 152 
155 155 170 
55 91 91 238 
26 26 37 70 77 77 
50 50 
7 7 


54 84 84 84 109 109 144 144 144 187 187 187 229 
85 85 
104 104 
7 

222 
5 
11 11 11 37 73 
175 175 
5 
34 51 63 80 202 
4 14 

21 21 
5 26 
5 5 159 
5 
127 127 127 
101 106 106 204 246 246 
14 152 152 223 
75 
153 
203 203 
44 
228 
14 48 60 104 107 119 119 146 146 157 157 163 223 225 
1 2 21 25 45 45 81 148 228 228 228 
93 176 176 241 
120 120 206 
105 203 
31 31 152 152 
1 164 164 
142 
81 

81 238 
14 152 
158 158 232 
28 88 203 203 
20 20 
173 
8 8 
37 
120 174 174 206 
75 75 
11 11 
81 167 176 
170 170 206 
26 30 64 64 64 64 135 135 196 
81 93 154 154 173 
83 113 113 



56 

84 

33 
18 18 
127 127 127 
44 44 118 118 118 
84 84 
0 
205 
18 63 
253 
100 100 109 
43 204 245 245 
5 26 175 
82 82 
100 

96 
93 
63 137 
7 36 40 75 86 92 149 149 156 165 165 252 252 
83 106 106 113 145 195 245 
29 75 191 
60 61 90 155 170 174 
15 15 15 
4 4 14 
98 

33 
6 6 6 222 
237 
252 252 252 

109 
75 233 
7 
37 
251 
46 235 
33 33 132 212 
24 24 69 69 146 152 

152 
97 
5 
21 71 81 151 153 153 153 
96 127 
30 
15 
1 164 
75 217 
117 117 
221 243 

26 87 98 98 213 
81 81 91 121 162 
30 
96 96 
57 154 
63 
235 
5 
48 58 58 195 195 204 
113 145 145 
8 8 
5 
70 70 
60 60 
58 81 220 
58 203 203 214 214 214 
87 87 115 193 
50 
84 84 
