Nodes: 256, Edges: 376
18 18 18 190 
153 158 158 164 
153 
81 81 
32 138 208 208 
26 42 56 56 81 81 102 103 117 126 126 133 133 136 142 142 142 143 143 159 203 221 221 221 248 254 
212 212 
41 86 97 124 124 124 130 203 218 
71 168 168 228 
182 182 

134 134 134 134 172 
227 227 
37 
18 32 32 47 138 138 138 139 208 
26 207 231 
78 78 
66 66 66 84 
0 0 0 14 61 61 63 80 80 152 152 180 192 

98 166 166 
52 131 131 140 228 

192 
223 
153 153 
5 15 59 59 62 67 70 72 84 87 98 122 122 213 213 

88 165 165 165 
205 
64 64 182 196 230 239 239 
157 
4 14 14 
37 37 37 39 134 185 197 222 222 

53 53 

13 33 33 33 134 134 150 169 169 219 219 
42 
33 
203 203 
7 
5 38 243 243 
195 245 
59 188 188 188 
148 153 
56 221 
14 
152 245 
84 
123 254 

21 
35 35 81 81 
127 
121 121 238 
5 5 46 181 227 227 227 
93 241 241 
152 152 214 245 252 
26 26 44 
206 236 250 250 250 
18 18 206 206 
26 
18 90 90 137 202 242 242 
30 30 175 196 196 
93 93 93 
17 17 17 
26 

223 
26 210 210 249 249 
8 131 247 247 
26 
134 
156 156 203 203 
147 203 203 205 205 217 233 233 

122 
16 16 93 93 93 93 

18 18 137 
3 3 5 5 53 53 93 93 93 125 153 153 173 173 173 176 176 
197 
177 177 
17 26 49 109 109 109 127 127 183 183 255 
128 
7 92 92 203 218 
26 253 
28 165 165 
93 
63 63 242 242 
121 
86 86 203 
57 65 65 65 78 78 78 78 81 81 81 89 111 154 154 154 201 224 
112 

127 127 144 200 229 229 240 
7 130 226 
20 26 209 237 237 237 
251 
109 194 194 

5 203 234 
5 
129 129 152 

145 145 
119 

84 84 84 100 127 198 216 
153 153 
93 
94 
145 177 204 246 246 

253 253 
203 
5 
188 
107 
155 
55 55 91 238 238 
26 26 77 
50 161 161 
7 7 7 
81 
5 5 
54 84 84 96 96 109 144 144 187 187 189 216 229 229 
85 
104 104 
7 97 
21 21 71 228 
222 222 
5 5 
11 11 11 11 33 37 37 73 

5 
63 80 202 
4 14 14 14 
14 
21 

5 5 5 159 
5 5 
96 127 127 
106 106 113 246 246 
152 223 
75 
45 153 
203 
37 
228 
18 18 48 58 58 104 146 157 157 163 223 223 225 
1 2 25 25 45 81 81 110 110 148 
93 93 93 
120 206 
74 74 
31 152 152 
1 1 164 
5 142 

123 123 
238 238 
152 
1 158 232 232 
28 28 28 88 88 203 
20 20 209 
173 
8 8 
37 37 
174 174 206 
205 
11 
81 81 81 167 176 
170 170 206 206 
64 196 
81 81 173 
83 83 113 


18 
56 
9 9 30 196 
84 84 
228 
33 

127 127 
44 44 44 118 
127 
0 236 236 

18 23 
237 253 
100 100 
43 
30 64 64 175 182 
33 82 
109 

96 229 229 229 229 
93 
63 137 
5 7 40 40 74 74 75 75 86 92 102 116 149 165 220 
113 
29 75 75 171 
60 61 61 155 170 174 174 
15 
4 4 14 
98 166 
70 70 

6 6 
26 26 237 
58 252 

109 127 
75 
7 86 
37 37 
203 
5 5 5 46 
33 33 132 132 
24 69 146 152 152 
93 
152 
97 
12 12 56 56 56 
8 21 131 151 184 
96 96 127 127 200 200 200 200 
30 
15 
164 164 
75 75 
102 
243 
60 190 190 
98 98 98 193 213 
55 121 121 162 162 
30 30 
96 
57 57 
63 63 90 90 
42 42 235 

43 48 58 
113 113 145 145 
71 71 
5 
70 70 
60 60 60 
99 
58 214 
87 115 115 193 
5 50 
84 
