Nodes: 256, Edges: 376
18 190 190 
153 232 
153 153 
81 81 81 
14 18 32 138 138 208 208 
38 42 50 50 68 103 103 114 114 114 123 123 123 126 126 136 136 141 178 178 243 243 244 244 248 254 
212 
41 86 97 124 124 130 130 203 
71 131 168 247 
182 182 
14 
134 134 
227 227 
33 37 
4 10 18 32 32 47 138 138 139 139 146 152 163 180 208 
26 207 207 231 231 
93 95 
66 84 84 
0 4 14 60 60 61 80 80 80 80 90 152 152 186 192 206 
62 
166 166 166 
45 52 52 71 71 140 228 

192 
223 223 
81 81 81 
15 59 62 67 72 72 98 98 108 108 117 117 122 196 231 237 

88 88 165 
191 205 
175 196 196 230 230 239 239 
157 157 
4 14 14 
13 39 39 39 134 134 185 185 197 211 
137 
53 81 
203 
13 134 134 134 150 219 219 
5 
33 33 33 
203 
7 
5 

188 188 
21 148 153 
56 56 56 56 221 221 221 
14 152 
152 152 245 245 

5 5 123 123 254 

21 21 
35 81 
127 127 
121 238 238 
46 46 46 46 181 227 
241 241 
104 214 245 251 252 252 
26 
18 18 76 152 152 250 250 
18 206 206 
19 26 
90 137 137 202 
196 196 
81 81 93 
17 
26 
5 
223 223 223 223 
77 210 210 
8 21 21 
26 26 
134 
203 
171 205 205 205 217 217 217 233 
60 
70 122 
89 93 

18 18 18 18 137 137 
3 3 3 25 25 25 35 53 65 65 93 93 93 125 153 153 160 162 173 176 203 228 
197 
113 113 177 204 204 
17 17 109 109 183 189 189 255 255 255 
128 
7 92 203 
237 
28 28 165 203 203 
78 93 
18 63 242 
238 238 
86 203 
16 65 78 81 81 81 89 154 201 224 
112 243 243 
16 
127 127 229 240 240 
7 130 226 
26 26 166 166 166 237 




5 5 
58 129 152 

145 145 204 
119 119 152 152 
26 26 
84 84 127 194 194 
153 

94 
83 83 246 
5 5 5 
253 
203 203 203 
26 26 234 
188 
107 107 
155 206 
55 238 238 238 
26 77 142 
5 5 5 50 50 161 
7 7 
81 
5 5 
54 54 96 96 109 144 187 
85 
104 
7 7 97 
8 
222 
227 
11 11 33 33 37 37 37 73 
175 175 175 
5 5 
34 63 63 80 80 
4 4 14 14 
14 14 
21 
5 
122 159 

127 
106 106 204 204 246 246 
14 152 223 

45 
203 233 
37 
228 
14 18 18 47 48 48 60 60 104 107 107 146 163 225 
1 2 2 45 81 81 110 179 179 
93 176 176 176 
120 
199 203 
31 31 

142 
81 
123 
81 
14 152 
232 232 232 
28 88 203 
20 20 20 98 98 98 209 
173 173 
8 
222 

75 205 

81 167 167 176 176 
206 
30 135 135 135 
81 154 154 154 173 173 
83 
5 5 
153 153 
14 
56 
9 9 
84 
228 228 
33 33 
18 
127 
44 44 118 
84 84 
0 0 236 236 
29 205 
18 23 
253 
109 109 

26 30 30 64 64 
33 82 

156 
229 229 
93 
63 
7 36 40 74 81 86 88 88 92 116 116 116 149 156 165 220 251 
83 83 106 145 145 245 245 
29 75 75 75 171 191 
18 61 61 120 174 
15 15 
4 4 14 
166 
70 70 
33 
6 222 
237 
58 


75 75 75 

37 37 
203 251 251 
46 46 46 
132 169 212 
24 24 69 69 69 69 146 
93 
152 
97 
12 12 56 133 
21 81 151 184 184 
96 200 200 
30 30 
15 15 26 
1 164 164 164 
75 149 
117 

190 190 
26 87 98 213 
55 55 91 91 121 121 121 
30 30 
96 96 
57 57 
90 
5 5 94 94 
5 5 
48 48 58 204 204 
113 145 145 
8 
5 

60 60 
58 203 220 220 
58 58 
115 193 
5 50 
84 84 84 
