Nodes: 256, Edges: 376
236 
21 153 164 164 232 232 
153 
81 
32 32 32 138 208 
26 42 46 68 68 81 94 98 102 102 103 114 114 117 136 136 142 142 142 165 178 178 196 203 203 221 221 227 243 244 254 
212 
41 41 86 97 124 203 203 
131 168 168 215 215 228 
182 182 
14 14 

227 
37 37 
10 10 18 18 32 51 51 51 139 146 146 152 180 180 208 208 
26 26 207 207 207 207 207 231 
78 89 89 93 
66 66 84 
14 14 61 63 63 80 80 90 180 186 186 206 206 

98 
1 45 52 71 131 140 140 228 


223 223 
153 
5 15 15 44 44 59 62 67 70 84 84 84 87 98 108 108 122 141 175 213 231 231 237 
110 
165 

175 196 230 230 230 239 239 
104 157 157 157 
4 4 4 14 
39 39 39 44 122 185 211 211 222 222 222 

53 81 
203 203 
13 13 122 169 219 219 219 

33 33 33 134 
203 
7 7 
5 243 

26 26 33 59 
21 153 
5 56 
152 
58 152 
84 
123 254 
14 14 14 61 137 
21 
35 

121 121 238 
46 
154 241 
48 152 214 214 245 252 252 
26 44 
76 76 152 206 236 236 250 
18 51 206 229 
26 
18 18 90 137 137 192 202 242 
196 
81 93 
17 17 
26 
5 5 

26 77 122 249 249 
21 228 228 


156 199 203 
147 147 171 203 203 205 
60 60 
70 
16 89 93 93 93 
111 
18 18 
3 5 35 65 93 125 162 173 176 176 176 238 251 

113 113 204 
17 26 26 26 49 100 109 127 127 189 189 255 255 
128 128 
7 92 203 218 218 
26 237 237 253 
203 
16 16 78 93 93 
18 63 206 242 242 
121 121 238 
86 218 
16 65 78 78 78 81 89 89 111 111 154 176 176 201 201 
5 112 

127 144 229 240 240 
7 130 226 226 
5 20 26 166 166 213 213 213 237 
251 
84 194 194 198 
145 145 
5 5 
5 
31 129 129 152 152 152 

145 204 
119 
26 26 126 
84 194 198 216 216 216 
27 153 
79 93 93 
94 
83 83 145 145 177 204 246 
5 5 
253 
203 203 203 
5 
188 
107 
155 
55 55 91 91 238 
26 33 37 70 210 210 
50 
7 
81 
108 
84 84 96 144 187 187 
85 85 228 
104 104 
97 
8 21 


39 
175 
5 5 
51 63 63 202 
4 
14 
21 21 
26 
5 5 5 159 
149 203 203 
96 127 
101 101 106 113 113 246 
14 14 152 223 
75 75 205 
153 
143 


14 47 48 58 60 104 104 104 146 163 225 
1 2 25 45 110 148 179 
57 93 241 
120 206 206 
74 
31 31 31 

142 
251 

81 238 238 
152 
1 1 
5 28 
98 98 209 209 
173 
8 8 
37 
174 206 
75 

81 167 
170 
26 30 135 
81 81 81 93 93 
113 
5 5 
153 
14 14 18 

9 9 196 196 


33 
18 18 
127 127 
118 
84 84 

205 205 
63 

100 100 109 
204 204 245 
5 30 64 182 182 

100 109 
74 
229 229 
93 93 
63 137 
5 5 7 7 36 36 40 74 75 75 86 88 116 116 116 143 143 220 220 
83 106 113 195 195 245 245 245 
75 147 191 191 
18 18 60 61 90 155 155 170 
15 15 15 15 15 
4 14 14 
166 166 
122 122 
33 33 
6 222 
26 98 98 98 
58 58 
8 8 
109 109 109 

86 86 92 
37 37 37 
203 203 
5 5 227 227 235 
33 33 33 212 
24 24 146 

152 
97 97 
5 12 221 221 
8 21 71 71 128 
61 96 200 200 
30 30 30 
15 26 26 
1 1 


221 
0 60 60 
26 87 87 98 
55 81 91 121 162 162 
30 30 
96 96 
57 154 
63 90 90 
5 42 
5 
58 195 204 204 204 
113 145 


70 70 
60 
81 99 160 
58 58 
87 115 
5 50 
84 84 
