Nodes: 256, Edges: 376
18 18 190 236 
21 21 105 153 158 164 164 
153 153 153 
81 81 
18 32 138 138 
26 42 42 50 94 103 103 108 114 133 136 136 142 178 203 227 243 244 244 248 
212 212 212 
41 74 86 86 97 97 124 203 203 
168 215 215 228 247 
182 182 
14 
134 
227 227 
37 
10 18 18 47 51 139 152 180 180 
26 26 207 207 207 
78 89 89 95 
66 66 66 84 
0 0 4 14 14 60 80 80 90 90 152 180 186 186 206 
62 
98 166 166 
1 1 45 45 52 52 71 131 140 153 153 228 
43 
192 
223 223 
153 
5 15 15 44 72 72 72 84 84 87 87 87 98 98 98 117 117 122 175 175 196 213 213 231 237 237 

88 88 165 165 
191 
196 196 230 239 239 
157 
4 
39 39 44 185 197 211 222 222 222 

53 81 
203 203 
13 122 219 219 
42 
33 33 73 134 
203 
7 
5 5 38 
22 195 
26 33 59 150 188 
21 21 
56 56 221 
14 152 
152 245 
84 
5 254 254 
14 61 
21 21 
35 
127 127 
238 238 238 
46 46 181 
241 241 241 
104 152 214 245 
44 
18 152 206 250 250 
51 206 206 
19 
90 137 242 242 
196 196 196 
81 
17 17 17 



122 210 249 
21 131 228 247 
26 26 26 
39 
7 156 156 203 203 203 
147 171 171 203 205 

122 
16 93 93 

18 18 137 137 
3 3 35 65 93 93 125 153 173 173 203 251 
197 197 
113 177 204 
17 26 26 49 100 109 109 109 127 255 255 

7 7 92 92 203 218 
26 26 26 237 237 253 
28 28 165 165 
16 16 
18 18 63 206 242 
121 121 238 
86 86 203 
78 78 81 81 154 224 
5 112 
16 
200 200 240 240 
7 7 130 226 
20 26 26 26 166 209 
251 
84 109 109 109 194 194 198 
145 
203 
5 5 
58 129 152 152 
1 
145 204 
152 
5 
84 84 84 100 100 100 194 198 198 
153 153 

94 
83 145 177 246 
5 
211 253 253 

26 26 
188 188 

155 170 206 
91 91 
26 37 70 77 210 
161 
7 
81 

54 54 84 144 144 144 187 187 216 229 229 

104 
97 
21 71 228 228 
222 222 
5 
11 39 

5 5 
63 80 80 202 
4 4 
14 
21 

5 159 
203 
127 127 127 
101 106 113 246 246 
152 152 223 
75 205 
153 
203 
44 
228 
14 18 47 48 58 60 104 104 107 146 146 157 157 163 163 163 223 225 
1 2 2 2 21 21 25 81 110 110 148 179 
93 176 241 241 
120 206 206 
74 74 199 203 203 
31 152 152 
1 164 164 
142 
251 
123 

152 152 152 
1 1 158 158 232 232 
28 28 88 88 203 
20 20 98 209 

8 

120 174 206 206 
75 75 

81 81 
170 206 
26 26 
154 
83 113 
5 
153 
14 14 18 
56 
9 9 196 196 196 

228 
33 
18 18 
127 127 
44 118 118 

0 236 
29 205 
23 
237 253 
100 100 109 
43 204 245 
26 30 30 64 64 64 182 182 182 
33 82 82 
100 109 109 
156 
96 96 229 

137 
5 7 7 36 36 40 74 74 74 75 81 86 92 102 143 149 156 156 165 252 
83 106 195 245 
75 147 191 
18 60 61 61 90 120 155 155 170 170 174 
15 15 15 

98 166 
70 122 
33 115 
6 6 6 
26 26 
58 
8 8 
127 

86 
37 37 
251 251 
46 
33 33 33 132 132 
24 24 146 152 
93 
152 
97 
5 12 12 
8 21 71 131 131 151 184 
127 127 200 
30 
26 
164 164 


243 
0 190 
26 26 87 87 193 
55 55 55 91 
30 30 
96 96 
57 57 57 154 154 
63 63 90 
5 235 
5 5 
48 58 195 204 
113 145 145 
8 71 
5 
70 
60 60 
81 99 160 220 220 
203 
87 115 115 193 
50 50 
84 84 
