Nodes: 256, Edges: 376
18 236 
21 105 153 153 164 164 232 
153 
81 81 
14 14 32 138 138 208 
26 38 42 50 81 81 81 94 98 103 108 117 117 123 123 133 133 136 136 141 159 178 203 203 203 221 221 227 234 244 254 
212 212 
203 
71 168 168 215 228 247 247 
182 182 
14 
134 172 172 
227 
37 37 
4 4 10 18 18 32 51 138 138 152 180 180 208 
26 207 207 231 231 
78 89 93 93 95 
66 66 66 84 84 
0 14 14 63 63 80 80 90 192 206 206 

166 166 
1 45 71 131 151 228 


223 
153 
5 15 44 44 59 59 62 67 67 70 72 72 84 84 98 108 117 122 141 196 213 213 231 231 

88 

64 175 175 182 182 196 230 239 239 239 
157 
4 14 
44 185 197 197 211 211 
137 
53 53 53 

13 13 134 134 169 169 169 219 219 219 219 
5 
134 134 
203 203 203 

5 
245 245 245 
26 26 33 59 150 
21 148 
221 
152 
152 

5 123 123 123 254 254 
14 

35 35 35 81 81 

121 238 
181 
154 241 
245 252 
26 26 44 
76 152 152 206 236 236 250 250 
206 229 
26 
18 18 90 137 137 
30 175 175 196 196 196 
81 81 93 
17 17 17 
26 26 

223 223 
26 77 122 249 249 
8 21 131 247 
26 26 

86 156 203 
147 171 203 203 205 205 217 
60 
70 122 
16 93 93 
111 
18 18 
3 3 5 5 5 53 53 65 65 93 93 125 173 173 238 
84 197 
113 177 177 204 
17 17 26 26 82 100 109 109 127 127 183 183 189 255 255 255 
128 128 
74 92 92 203 218 218 
237 253 253 
28 
16 
18 63 206 206 242 
238 238 238 
86 86 
16 16 65 78 78 81 81 111 176 201 224 
5 112 112 
16 
127 200 240 240 240 240 
130 226 
5 26 166 237 

84 198 198 
145 145 

5 
152 
1 
204 

5 26 126 126 
84 84 127 127 198 216 
153 
79 93 
94 94 
83 177 246 

253 253 
203 
5 5 26 
188 188 188 
152 
206 206 206 
55 238 
26 70 77 210 210 
5 5 50 50 50 161 161 

81 
108 108 
84 84 96 109 109 144 144 187 187 189 189 
85 85 

97 
21 71 228 

5 5 227 
11 37 37 39 39 
175 175 
5 5 
34 63 63 202 
4 4 14 14 


5 26 

149 203 
127 127 
101 101 204 246 
152 152 223 
75 
45 153 
143 
44 
21 228 228 228 
14 47 48 60 60 104 119 146 146 157 223 223 225 225 
1 1 2 25 110 148 179 228 228 
57 176 176 

74 199 199 203 
31 152 

5 

123 123 
238 

1 1 
203 
20 20 98 209 
173 173 
8 8 
37 37 37 
206 
75 205 
11 11 
81 81 167 167 176 
206 
30 30 64 64 135 135 
93 154 154 173 
83 83 113 
5 
153 
14 14 
56 
9 9 30 30 196 
84 84 

33 

127 127 
118 118 118 
84 127 127 
236 236 

18 
253 

245 245 
26 30 64 64 64 182 
33 33 82 
100 100 109 
156 156 
96 229 
93 
137 
5 5 5 7 40 40 40 74 75 75 86 116 143 156 165 251 
83 106 145 
75 75 171 
18 18 60 61 90 90 120 120 120 170 174 
15 15 
4 14 
166 
122 122 
33 33 
6 6 222 
26 26 237 

8 
109 
75 233 
86 86 
37 37 37 37 
251 
5 5 46 
212 
24 69 69 146 152 152 
93 
152 152 
97 
5 12 133 
8 21 131 151 151 151 153 153 
61 200 
30 
15 15 26 26 
1 
217 
5 
243 
0 60 60 190 190 
87 98 213 
55 81 91 91 91 121 162 
30 30 30 
96 96 96 96 
57 
90 
235 
5 
43 43 43 58 195 195 
113 145 
8 8 71 

70 70 
60 60 
203 220 
58 
87 87 115 115 193 
5 50 50 
84 84 84 
