Nodes: 256, Edges: 376
18 18 190 190 190 236 
105 105 153 158 158 164 232 232 232 
153 153 
81 81 81 
14 18 18 32 32 138 
26 50 50 68 103 114 114 114 117 117 123 123 123 136 142 178 178 238 238 243 243 244 244 244 248 248 
212 212 

215 215 228 247 247 
182 
14 14 
134 134 172 172 
227 227 227 
33 37 
4 10 10 18 32 51 146 163 180 208 
26 207 207 207 231 231 

66 66 84 84 
0 0 4 4 14 60 61 63 80 80 90 180 186 186 192 192 206 
62 62 
98 166 
45 45 52 52 71 71 131 131 140 153 228 


223 
81 153 
5 15 33 59 62 62 67 70 72 98 98 122 122 141 141 175 175 196 231 237 

88 165 
191 205 
175 196 196 230 230 
157 157 
4 4 14 
13 26 37 39 44 134 197 197 222 
137 
53 81 81 
203 
13 33 122 134 134 134 219 219 219 
42 42 
33 
203 

38 38 81 81 
195 245 245 245 
33 188 
21 21 148 
56 221 221 
152 
152 
84 
5 5 123 254 254 
14 137 
21 21 
35 81 
127 
238 238 
46 181 
93 93 154 
152 203 214 245 252 
26 
18 76 76 206 250 
18 
19 19 26 26 
18 90 202 242 
175 196 
81 93 
17 17 
26 
5 
223 223 
26 77 122 122 249 
21 21 247 
26 

86 156 199 203 
171 203 205 205 205 233 
60 60 
70 122 
93 93 

18 18 137 
3 3 3 25 35 35 42 42 53 65 125 162 173 203 

177 177 204 
17 17 49 100 100 109 109 127 255 255 255 
128 128 
74 92 92 92 
237 253 
28 165 203 203 
93 93 
18 63 206 242 
121 238 
86 86 86 203 203 
57 57 65 78 78 89 89 111 154 154 176 201 
112 243 243 

127 127 200 229 229 240 240 
130 226 
20 26 26 166 209 237 
251 251 
84 84 
145 145 

5 
152 152 
1 1 
145 204 
152 

84 84 194 194 198 216 
153 
93 
94 
145 177 177 204 246 
5 5 5 
211 
203 
5 5 234 
188 
152 152 
155 170 206 206 
91 238 238 
26 26 37 70 70 77 210 210 
5 5 5 50 

81 

54 84 96 96 144 144 187 187 189 216 216 229 229 
85 85 228 

97 
21 21 
222 
227 
11 11 33 37 37 37 
175 175 
5 
34 51 80 
4 

21 
26 26 
5 159 
203 221 
127 127 
101 101 106 113 246 246 
14 223 223 

45 
203 

228 228 
47 48 58 104 104 107 119 119 223 225 
1 2 2 21 25 110 228 
57 93 93 176 241 
120 206 
74 203 
31 31 
1 1 164 164 
142 
251 

81 
14 
1 158 158 232 
28 88 203 
20 98 209 209 
173 


120 174 174 206 
75 205 
11 11 
81 167 176 
170 170 206 
26 26 30 64 135 135 196 
93 154 173 
83 83 113 113 
5 5 

14 18 
56 
9 196 



18 18 
127 127 
44 118 
127 
0 0 0 236 236 
29 
18 18 

109 109 
43 245 
26 30 30 64 175 182 
33 33 
109 
74 
96 
93 
63 
36 40 58 74 75 81 88 88 92 92 116 143 149 156 165 220 252 
83 106 113 245 
29 75 75 75 171 
18 60 90 120 120 155 170 174 
15 15 15 
14 
98 166 166 
122 122 
115 
6 6 222 

58 
8 8 
109 127 127 


37 37 37 
203 
46 46 143 227 227 227 235 
33 132 212 
24 69 69 146 146 152 

152 
97 
12 12 12 133 221 221 221 
8 21 128 151 151 153 
96 96 127 127 
30 30 
15 15 26 
1 1 1 164 
75 
117 
221 
0 190 190 
26 87 98 
5 5 55 55 91 121 121 

96 96 
154 
63 90 
5 5 94 94 
5 5 5 
43 43 43 58 195 204 
113 145 145 
8 8 71 
5 5 
70 
60 
99 99 160 
58 203 
87 
50 50 
84 84 84 
