Nodes: 256, Edges: 376
18 18 190 190 
21 21 21 105 158 164 164 164 232 
153 153 153 
81 
14 32 
26 46 50 50 50 56 56 68 81 81 81 94 94 103 114 114 117 117 123 133 136 142 143 143 159 178 203 203 221 227 227 243 243 243 
212 
86 86 86 97 97 124 124 124 130 130 130 203 203 
71 168 215 247 
182 

134 134 134 
227 
33 37 
4 18 18 32 47 138 146 163 208 208 208 
207 207 207 231 231 
78 78 93 95 
66 84 84 84 
0 0 14 14 60 61 63 63 80 80 80 80 152 192 
62 
98 98 98 166 166 
1 1 1 45 52 71 131 140 140 153 153 228 

192 
223 223 
81 
5 33 59 62 67 72 84 87 98 98 117 122 122 141 141 141 175 196 196 231 
110 
165 

64 175 175 230 239 
104 
4 14 
13 26 39 39 39 44 197 222 222 
137 
53 53 81 
203 
13 134 134 134 169 169 

33 33 33 73 134 
203 203 

81 
195 195 245 
33 59 150 188 
21 148 153 
5 56 56 
14 
152 
84 84 84 
5 5 5 254 254 254 

21 
35 35 81 
127 127 
121 121 238 
5 5 46 46 181 
241 
104 152 214 245 
26 44 
18 206 236 236 236 250 
18 206 
19 26 
18 18 90 90 242 242 
30 175 175 
81 
17 
26 
5 
223 
77 122 210 210 249 
8 21 131 247 
26 
39 
156 156 203 
171 205 

70 
16 16 93 

18 18 18 18 137 137 
3 5 5 5 25 35 42 53 65 93 93 160 160 162 162 162 173 238 238 251 251 
197 197 197 
204 
17 17 17 26 49 49 49 100 100 109 109 127 127 189 189 255 255 
128 
7 7 7 
26 
203 
93 93 
63 63 
121 121 238 
203 
16 78 81 81 89 89 111 224 224 
5 5 112 243 
16 
127 144 229 240 
7 7 130 130 130 226 
20 20 20 26 26 166 209 213 213 237 
251 
84 84 194 198 


5 
31 58 
1 156 
145 204 
152 

84 84 194 198 216 216 216 216 
27 153 
93 
94 
145 177 246 246 
5 5 
253 
203 
5 5 26 
188 
152 152 
155 155 155 206 
55 55 91 91 238 238 
26 26 70 210 
5 161 
7 7 7 


54 54 84 84 96 144 187 187 187 216 
85 228 

7 7 7 97 97 97 
21 71 
222 
5 
11 11 11 37 37 37 39 
175 
5 
34 80 80 
14 

21 21 
26 26 26 
5 
5 5 221 
96 127 
106 113 204 246 246 
14 152 223 223 
205 
45 153 153 153 
203 203 
44 
228 
18 48 58 107 119 119 146 157 163 163 223 225 
2 2 2 21 21 45 110 148 148 148 179 
176 241 
120 120 120 
74 74 105 199 
152 
1 164 164 
5 
81 81 
123 
81 81 81 
14 152 152 
1 1 1 158 158 232 232 
28 
20 20 98 209 
173 
8 
37 37 

75 205 

81 167 176 

26 30 30 64 64 135 196 
154 173 
113 
5 
153 

56 
9 

228 


127 127 127 
44 118 
84 84 
0 0 236 
205 
18 23 
253 
100 109 
43 43 204 245 245 
26 26 175 
33 82 82 82 
100 109 
156 
229 229 229 


5 5 7 7 36 40 40 74 88 92 116 149 149 252 
83 106 145 195 245 
75 147 171 191 
60 61 120 
15 15 15 
14 14 14 
98 166 
70 70 122 

6 222 
98 98 
58 
8 241 
109 109 109 109 127 




5 143 227 
33 33 132 212 
24 24 69 146 146 152 
93 93 
152 
97 
5 5 12 221 
21 128 151 184 
96 200 200 200 
30 
15 15 26 
1 164 164 


243 
60 60 60 190 
98 
55 81 81 91 121 121 
30 
96 
57 154 215 
63 63 
5 5 5 94 235 

43 58 195 195 204 
113 113 145 145 
8 71 

70 
60 
81 81 99 
203 
115 193 
50 50 50 
84 84 
