Nodes: 256, Edges: 376
18 18 190 
21 21 21 158 164 164 164 
153 
81 81 
32 138 138 208 
42 42 46 68 68 94 98 103 103 103 108 108 108 114 117 117 123 123 126 133 141 143 143 178 178 227 227 234 234 243 244 248 254 
212 212 
41 74 86 130 203 218 
247 247 247 


134 172 172 
227 
33 
18 51 51 51 146 146 152 163 
207 
89 93 95 95 
66 84 
0 0 14 61 63 80 80 80 90 152 152 186 186 206 
62 62 
98 98 98 166 
1 1 1 45 45 71 140 153 228 228 

192 192 

81 153 
33 44 59 62 67 67 84 87 87 117 117 122 175 175 213 231 237 237 

88 
205 
64 64 182 196 196 196 230 230 239 
157 
4 
13 26 37 44 185 185 197 211 222 222 222 

53 81 
203 
33 122 122 134 150 219 
42 42 
134 
203 
7 
5 5 38 38 
195 245 
26 33 59 150 150 
21 21 148 153 
5 56 56 
152 
152 
84 
123 123 254 254 254 
14 14 14 

35 
127 
121 121 
46 46 
93 154 241 241 
104 104 214 245 252 
26 44 
76 152 152 206 206 236 236 250 250 250 
18 206 
19 19 26 
18 90 242 242 
30 30 

17 
26 26 
5 5 
223 223 223 
77 210 249 249 249 
21 131 


7 156 199 203 
203 203 203 205 205 
60 152 
70 122 
89 93 93 
111 
18 18 18 137 
3 3 25 35 93 125 160 162 238 
197 
113 177 204 204 204 
17 26 49 100 109 127 127 183 189 255 255 255 
128 
7 203 218 
26 26 237 237 253 
28 165 203 
16 78 93 93 
18 63 206 242 
121 121 238 

16 57 78 78 81 89 89 111 154 154 176 176 201 224 
5 243 243 
16 16 
127 229 240 240 
130 
5 20 20 20 166 209 209 213 213 213 237 
251 
84 109 194 194 198 198 

203 
5 5 5 
58 58 152 

145 204 
119 152 
5 5 5 
84 100 198 216 

79 93 

83 177 246 
5 
253 253 

5 5 26 26 234 

107 
155 155 155 170 170 
55 55 91 91 238 
26 37 37 77 142 210 210 
5 5 50 50 161 161 

81 
5 
54 84 84 96 144 144 187 187 189 189 189 229 229 229 
85 

7 97 
71 228 
222 
5 227 
11 37 39 
175 175 

80 202 
4 4 

21 
5 
122 159 
5 5 
127 127 
106 246 
14 14 152 223 

45 153 
203 203 233 
37 44 44 
228 228 
14 18 18 47 48 60 60 76 104 107 146 163 163 223 223 225 225 225 
2 21 25 45 148 179 228 228 
57 93 93 241 
120 120 120 
74 203 203 
31 
1 164 
142 
81 
123 123 
81 238 238 
14 152 152 
1 1 1 158 
88 203 
20 98 
173 


120 120 174 174 
205 205 
11 11 
167 
170 170 
26 26 135 135 
93 93 
83 113 
5 5 
153 


30 196 
84 

33 33 
18 18 
127 127 

84 127 127 127 
0 236 
205 
23 23 
237 237 
100 100 
43 204 245 245 
30 30 30 182 
33 82 
100 100 109 
74 
229 229 
93 
137 
7 36 40 74 75 75 75 86 88 102 149 149 156 156 165 
83 83 83 106 195 245 
29 75 75 171 171 191 
18 60 60 61 90 
15 
4 
98 98 
70 122 122 
33 
6 6 222 
26 98 98 98 237 
58 252 252 

109 

7 86 
37 


33 33 33 132 212 
69 69 69 146 152 152 
93 
152 152 152 

5 5 12 133 
21 21 131 151 151 153 153 
96 127 127 127 200 200 
30 30 
26 

149 
5 5 117 

60 60 190 
26 26 87 87 98 193 193 213 
81 91 121 162 162 
30 
96 96 
57 57 154 
63 63 90 
5 94 94 
5 
43 58 195 195 204 
113 145 
8 8 8 
5 
70 70 70 
60 60 60 
99 
58 214 214 
87 115 115 
5 50 50 50 
84 84 84 
