Nodes: 256, Edges: 376
18 236 
158 164 164 232 
153 153 

14 18 18 
38 38 38 50 56 81 81 81 94 98 102 103 103 108 133 136 142 143 143 178 203 203 203 221 227 227 243 243 248 
212 212 
41 97 124 124 130 203 
71 131 215 247 
182 182 
14 14 
134 172 172 
227 227 227 
33 37 
4 10 10 18 32 32 47 51 51 51 138 139 152 152 163 208 
26 207 207 231 231 
78 78 78 93 95 
66 84 
0 4 4 14 60 61 61 63 80 80 80 90 152 192 192 206 

98 166 
52 71 71 71 131 140 153 



153 
15 33 44 59 62 67 70 70 84 84 87 98 98 108 117 141 196 231 237 237 

165 

64 175 182 196 196 230 230 239 239 
157 
14 14 
13 26 37 39 39 44 122 134 211 222 
137 
81 
203 
13 33 122 134 134 169 219 219 219 
5 5 5 
33 33 
203 203 
7 

195 245 245 
26 33 59 150 188 188 
153 
221 
14 152 
245 245 
84 84 
5 123 254 
14 14 14 61 
21 
81 
127 

5 181 227 
154 154 241 241 241 
104 214 214 245 251 252 
26 44 
18 152 236 236 250 250 
18 18 51 206 206 229 
26 
18 202 242 242 
30 175 
93 
17 
26 

223 223 
26 26 77 122 210 210 210 
8 21 21 21 131 228 247 247 247 


156 199 203 
147 147 171 171 203 203 205 217 
152 
70 122 
16 16 16 93 
111 111 
18 18 18 
5 5 5 35 53 93 93 125 162 162 238 238 
197 
177 177 177 177 177 204 
17 26 26 49 49 100 109 109 127 127 183 189 255 255 255 255 255 

203 
26 237 253 
165 165 
93 93 
18 206 242 
238 
203 203 
16 65 78 81 81 89 89 111 176 176 224 
5 112 243 
16 
127 229 229 240 
7 130 226 
5 20 26 26 166 209 209 209 213 213 237 

84 109 198 
145 
5 234 
5 5 
58 152 152 152 

145 
119 152 
5 26 126 
84 84 100 127 198 198 216 

79 79 93 
94 
177 204 246 

253 253 253 
203 
26 
188 
107 152 
155 155 155 155 206 
238 
33 37 70 77 
50 161 161 
7 7 
81 
108 
54 84 84 96 109 144 187 187 189 


7 97 
8 21 71 
222 222 
5 
11 33 37 37 
175 175 175 
5 
34 202 
14 
14 
21 
26 
5 
5 5 
127 
101 106 204 246 246 
152 223 223 
75 75 
153 
203 
44 
228 
14 14 18 47 60 76 104 104 104 107 119 146 157 225 225 
2 2 21 25 45 148 179 
57 57 176 176 241 
120 120 120 120 206 
74 
31 152 
1 


123 123 
81 81 
14 
1 1 232 232 
28 88 88 203 
20 98 209 
173 173 

37 
174 206 
75 75 
11 11 
167 167 176 
170 206 
30 64 135 135 135 196 196 
93 93 154 154 173 
83 83 83 83 83 113 
5 
153 

56 
9 9 30 196 
84 
228 228 


127 127 
44 44 118 
84 127 
236 
205 
18 18 
237 237 

43 204 204 
26 30 30 175 175 182 
82 
100 109 109 
74 
229 

63 137 
5 5 5 7 36 40 40 74 75 75 86 92 92 116 149 165 
83 113 145 195 195 245 
75 191 
18 61 61 90 120 155 170 174 
15 15 
14 
98 98 98 166 
70 70 70 
33 
6 6 
98 98 
58 58 252 
8 
109 
75 233 

37 37 37 

5 46 227 
33 132 132 
69 69 146 146 
93 
152 152 
97 
5 5 12 12 12 56 221 
71 151 184 184 
61 96 96 200 
30 30 
15 15 26 
1 164 164 
217 
102 

0 60 60 190 
26 26 87 98 193 193 
81 81 91 121 
30 30 
96 
57 57 57 154 
63 63 90 
5 5 94 

43 43 48 48 58 204 
113 145 145 
8 71 71 71 
5 

60 60 
58 
58 214 
87 115 115 115 
50 
84 84 84 84 84 
