Nodes: 256, Edges: 376
236 236 
21 158 164 
153 153 153 
81 81 81 
18 18 138 
26 26 38 38 42 50 68 81 94 98 103 103 114 114 114 114 117 123 123 126 133 136 142 178 196 196 203 221 221 234 238 243 243 244 244 248 254 
212 212 
41 86 86 97 97 124 130 130 203 203 203 218 218 
71 215 
182 182 

134 172 
227 227 
37 37 37 
18 32 47 51 139 139 146 152 163 180 208 
207 
93 95 
66 66 84 
4 4 14 61 63 80 152 152 186 186 192 206 206 
62 62 
98 166 
1 45 52 71 71 131 131 140 228 
43 
192 
223 
81 
5 5 33 67 70 72 84 84 98 98 117 122 141 175 175 196 213 237 

88 165 
205 205 
182 182 196 196 196 230 230 239 

14 
26 39 39 134 197 211 211 222 222 
137 
53 53 81 81 
203 203 
13 13 13 134 134 219 
5 5 
33 33 134 
203 
7 
5 
22 195 
59 59 59 
21 148 

14 152 
152 245 
84 
5 123 254 254 254 254 
14 61 137 
21 
35 35 81 81 
127 
121 238 

241 241 
152 252 252 
44 44 44 
152 206 206 250 250 250 
18 51 206 
19 19 
18 90 192 202 
196 196 196 
81 93 
17 17 
26 
5 

26 77 122 210 210 249 
8 21 21 228 247 
26 
134 
156 203 
171 203 205 217 233 
152 
70 
93 
111 
18 
3 3 3 5 25 35 35 53 53 65 93 93 125 176 
197 197 
113 177 204 204 
17 26 26 49 100 109 127 127 127 183 183 
128 128 
7 7 92 92 203 218 218 
237 237 237 253 253 253 
28 165 
93 93 
63 242 
121 238 
86 86 218 
16 65 78 81 81 89 89 111 111 111 176 201 
5 112 
16 
200 229 240 240 
7 7 130 
5 20 26 26 166 166 213 

84 109 198 198 
145 145 

5 5 
152 

145 204 
119 152 

84 100 194 194 198 198 
153 
79 93 93 93 
94 
83 145 177 204 204 
5 5 5 5 
253 253 253 

5 26 234 
188 188 
107 
155 170 170 206 
55 91 238 
26 70 142 
5 5 50 161 161 161 
7 
81 
5 
54 84 84 84 144 144 144 187 189 189 189 229 
85 85 228 228 

7 7 97 
21 21 
222 222 
5 
11 33 37 37 39 73 
175 
5 
34 51 202 
4 
14 14 
21 
26 
5 122 159 159 159 

127 127 127 
101 101 106 113 246 
14 152 223 

45 153 



14 18 18 47 48 58 60 76 104 107 146 157 163 223 225 
2 2 2 110 148 179 
241 241 
120 206 
74 199 
152 
1 164 164 
142 142 142 

123 123 123 

14 152 
1 158 158 232 232 
28 88 203 
20 98 98 209 209 


222 
120 120 
75 205 
11 
176 
206 
26 26 135 196 
81 93 173 
83 113 
5 
153 
14 

9 9 30 30 196 
84 84 
228 

18 18 
127 
118 118 
127 127 127 

205 
18 23 63 
253 253 253 
109 109 
43 204 
5 5 26 30 30 30 64 64 64 175 182 
33 82 82 
100 100 109 109 
156 
96 229 229 229 
93 
63 137 
5 7 7 7 36 36 40 74 75 86 165 
83 83 106 113 113 195 245 
29 29 75 171 191 
18 18 60 60 61 120 155 174 
15 
14 
166 166 
70 70 
33 33 
6 6 222 
26 98 237 
252 252 
8 

75 233 233 233 
7 7 86 86 92 
37 
251 251 
5 5 227 
33 33 132 132 169 212 
24 146 152 

152 

12 12 221 
21 71 128 128 184 
96 127 200 200 200 
30 30 

164 164 
75 217 217 217 
5 117 
243 
0 0 
26 87 87 87 213 
5 55 91 121 
30 
96 96 
57 57 154 154 
90 
5 5 235 
5 5 
48 204 
145 
71 
5 
70 
60 60 60 
220 220 
58 58 214 214 
87 87 87 115 115 115 193 193 193 
5 50 50 50 50 

