Nodes: 512, Edges: 729
381 381 
441 
28 28 111 111 183 
271 271 493 493 

48 48 50 184 225 255 273 354 441 443 458 504 504 
404 
233 
224 313 373 373 
271 
476 476 476 
264 
184 355 
76 76 

182 182 
41 41 41 184 184 
455 
441 441 

330 
31 354 
108 115 331 389 414 436 461 
171 

408 
158 408 408 
76 
2 2 178 178 183 
56 
180 180 
21 172 184 184 315 315 354 486 

67 

210 309 413 413 413 
106 372 
406 415 
358 
62 159 166 219 219 267 302 330 402 477 
192 236 236 249 249 
16 16 16 85 99 160 184 184 399 445 450 492 
323 
193 193 
137 
413 413 439 
64 339 381 395 
459 
5 5 50 

5 48 400 400 

184 184 

76 
195 195 
29 236 304 487 
415 
294 397 

104 236 
81 81 
39 241 241 330 

46 381 
193 362 416 
141 
33 192 192 281 347 
169 296 371 

184 184 246 258 258 258 

89 325 358 358 466 
94 94 315 315 

383 
13 13 27 54 109 186 186 186 199 199 207 207 208 229 229 229 242 242 245 322 328 360 360 422 478 509 

456 
236 
314 
61 61 184 261 261 289 329 495 
142 142 389 389 

85 312 312 348 
41 84 160 160 312 348 
465 465 465 508 
306 370 
504 
72 358 
358 

413 

73 73 
418 418 
321 321 
171 290 
420 441 
41 462 
197 197 496 496 496 
471 
117 216 216 
146 379 379 379 425 425 
60 138 236 507 507 
106 
36 105 149 149 149 190 

22 414 414 414 
76 199 
130 130 176 247 401 
2 2 195 340 
184 

367 367 367 
22 
184 
102 125 135 136 
364 364 
122 
486 489 
143 143 143 
119 
468 
232 232 387 387 454 
117 136 
491 

220 413 448 448 448 
236 415 
110 110 389 
454 
168 168 413 413 
145 145 145 
354 380 
117 
117 125 
44 368 368 
104 164 164 236 237 252 
294 381 381 
320 
66 358 413 413 
82 82 
121 121 121 217 217 

133 133 133 339 
103 
236 
236 236 
106 106 106 
248 339 408 

213 213 364 364 
325 
374 
494 494 494 494 
450 
233 374 
26 194 194 271 272 408 
39 188 188 188 205 219 227 227 330 330 402 428 428 433 433 469 469 477 510 511 
41 85 85 272 272 498 
439 
322 

138 138 

39 477 
220 220 413 
132 132 413 
68 296 371 371 371 
471 
23 97 290 
31 

335 376 376 413 413 413 
407 407 407 413 413 
110 
300 300 300 415 
28 28 183 

30 30 222 
367 
15 15 316 363 363 444 444 
2 28 178 
5 12 16 16 31 31 41 41 52 52 70 70 81 112 116 221 246 258 279 284 284 292 315 345 345 354 354 354 355 396 409 456 484 
473 491 
76 76 76 361 440 
413 
159 159 159 477 

106 
236 236 267 267 268 285 285 304 304 
40 67 67 236 
43 43 65 362 413 479 500 
158 158 
55 55 111 236 267 267 471 
290 290 290 413 
100 100 240 496 
508 508 
76 76 109 337 

236 236 415 
355 

267 268 268 
159 
274 
76 76 
76 

35 309 309 
460 460 
233 
152 152 
314 314 
314 
102 102 
143 143 

39 39 159 232 232 274 454 
128 167 167 413 413 
184 
180 413 413 
329 
8 
5 259 393 419 441 458 

159 159 343 343 392 477 482 
292 
76 76 76 295 295 509 509 
236 236 236 303 415 

124 124 219 219 454 
7 157 212 238 238 238 271 271 296 310 310 375 505 505 
503 
487 
40 40 56 60 79 104 129 138 147 148 148 191 191 192 195 201 201 230 230 230 344 344 344 351 415 415 438 438 460 460 487 
138 
233 233 233 
268 342 405 
197 357 
62 62 
76 76 
311 413 494 
325 
76 
70 184 
110 401 
150 
40 40 
374 401 401 401 417 
270 270 286 413 413 
138 


5 
273 
375 375 
70 70 70 184 409 
225 261 
324 
81 81 259 329 
410 
315 
11 385 
496 
271 
39 191 191 195 195 204 268 356 471 
191 204 204 239 267 

251 251 
3 3 9 158 233 233 266 282 287 327 339 374 375 391 408 412 427 427 442 453 453 
158 160 160 
5 256 354 472 472 472 475 
206 219 402 405 405 


415 

184 
308 467 467 467 
67 298 347 
271 427 
415 
184 184 
191 191 
251 382 413 
271 

81 
97 171 196 196 196 480 
426 426 
184 228 364 

58 139 397 408 
229 229 
68 169 233 
408 
281 347 
413 
177 177 177 
339 
39 
230 415 
56 191 191 

87 408 
396 396 465 
280 467 
35 210 210 
233 233 
243 
84 84 85 
8 
80 214 214 215 349 349 349 384 384 413 418 418 434 434 449 467 481 481 
31 31 73 73 184 263 
182 
398 
413 

140 
96 96 
76 162 
42 359 
260 459 
72 153 244 503 
358 358 
271 
76 
81 223 261 
20 39 62 159 159 428 430 
22 
407 

385 413 
174 413 
486 486 
199 
415 
46 145 150 271 301 381 381 381 427 427 452 464 470 
111 

239 
227 227 
236 236 236 447 
184 184 

67 281 298 506 506 
84 85 
314 314 314 

236 415 432 432 

456 456 
5 21 31 134 184 184 184 273 411 411 462 502 502 
12 184 202 
267 
240 367 496 
38 72 72 89 90 141 326 326 413 466 
323 
76 76 
186 
65 193 
182 182 
118 118 152 152 292 410 
415 

114 114 114 181 357 390 496 496 
137 137 401 

87 
68 169 169 169 
36 
8 8 
154 157 250 271 408 408 417 
233 257 257 271 
174 174 


103 103 103 
134 
0 0 46 64 139 139 339 339 339 
286 
75 415 415 415 432 432 463 
314 314 
264 334 

124 124 

22 82 82 130 461 461 497 
367 
271 
227 
225 
495 495 
46 
184 307 307 
58 294 
317 
41 445 445 
50 50 
110 247 250 250 250 368 
39 159 274 
427 
6 
239 274 274 
37 
175 175 175 332 413 413 
25 26 26 150 158 271 294 297 306 374 374 437 470 470 470 
184 258 
262 364 
354 354 
271 
35 35 35 45 45 92 128 132 132 141 141 167 168 174 174 174 175 175 187 193 196 220 220 222 222 243 251 251 286 299 314 318 334 335 358 407 407 439 455 455 500 500 
22 108 108 108 
37 57 129 177 201 230 236 236 277 283 303 338 351 365 383 383 383 463 463 
65 
250 374 
95 95 314 314 
225 
98 441 441 

76 


103 103 
291 291 
271 271 282 339 339 403 
159 159 330 

330 
496 496 
351 351 383 383 460 
159 159 
314 314 
449 449 
22 
408 
236 236 
45 161 413 
186 
1 5 18 18 98 225 420 420 
271 468 
5 456 
182 182 
41 399 399 

344 
128 128 128 
314 435 435 467 
41 156 462 

339 464 
271 271 
124 131 219 232 
17 413 413 
78 184 353 353 443 462 462 462 

5 225 
47 324 
211 211 236 236 432 
22 389 389 497 497 
99 354 450 456 456 456 
383 415 415 
339 452 
86 86 86 307 
72 358 
280 280 280 308 314 449 
123 442 
159 159 511 
339 408 408 408 
101 170 195 267 
273 273 273 
185 
487 487 
273 
10 10 10 
39 159 166 188 227 
76 
193 
290 
314 314 
227 

184 

31 120 336 336 489 
56 235 236 474 474 

120 486 

126 185 
41 
3 3 
155 155 155 155 243 
81 394 394 
100 100 100 197 265 357 367 367 431 431 
389 461 461 
160 

193 413 413 

354 354 
234 325 
5 5 88 
233 233 
347 347 
104 104 
86 198 198 
76 229 229 
159 
159 469 
