Nodes: 512, Edges: 729
381 
441 
183 183 189 189 
271 493 
454 
34 48 50 184 184 184 198 225 225 273 354 354 400 400 441 441 443 443 504 508 508 508 
404 
233 233 
373 373 373 

496 

184 184 202 355 

52 117 184 
182 444 

390 
441 441 
104 
330 330 
354 354 
115 115 331 389 389 436 461 461 


408 408 
408 
346 
178 178 183 
56 
222 
172 172 315 354 354 486 489 
184 
67 192 192 192 
5 
210 
372 372 
415 

163 163 219 241 241 330 405 405 485 
192 236 249 
85 99 99 137 151 156 156 184 324 354 445 450 450 450 492 
321 323 323 
193 193 
137 
439 439 
64 339 381 395 
459 
5 50 50 50 

5 48 48 48 

14 184 345 
225 225 
501 
93 93 195 195 236 
29 191 191 236 236 304 304 446 487 487 
415 
294 397 
444 444 
104 104 236 
81 81 359 359 

383 383 463 
46 
193 416 416 416 
141 141 
33 192 

344 
184 246 258 

89 325 358 358 
94 


107 109 186 186 199 199 199 207 208 229 242 242 322 328 353 353 360 360 423 478 478 509 
413 

236 
314 
61 61 82 184 184 261 329 359 394 
81 121 121 142 389 
236 236 
85 312 348 
41 84 312 312 348 
198 465 465 508 
306 370 
190 
72 358 


404 404 
55 55 
73 

314 
171 290 
420 441 
41 41 462 462 
197 197 476 476 496 
140 195 378 378 378 471 
136 216 216 
146 379 425 
19 60 60 138 138 236 
106 106 184 184 
105 105 149 190 
76 

76 199 199 
130 247 247 401 
195 340 340 



22 22 
177 177 184 415 415 
14 125 125 135 135 236 
364 364 
122 122 413 413 
486 489 
82 82 143 
119 119 

232 232 454 454 
117 117 136 
185 
480 
220 413 448 
236 415 
110 177 
454 454 
168 
145 145 
354 380 
117 117 
102 125 
41 44 184 
104 104 252 
381 
101 320 
66 66 358 413 
82 389 389 
121 217 

133 133 339 339 
103 


106 250 250 417 
248 248 408 
41 
213 213 292 364 364 
325 325 
374 
413 494 494 494 
41 41 450 450 
276 
194 194 271 
188 219 219 305 305 402 428 428 433 469 510 510 510 511 
272 312 498 
413 413 
322 
39 39 

329 
477 
413 
132 413 
179 296 371 371 374 
471 471 471 
97 290 290 290 
31 31 

222 222 362 376 413 413 
407 407 

116 116 130 269 283 300 415 
28 28 183 
169 
222 
367 
15 363 413 444 444 
2 2 28 178 
5 5 5 12 12 14 32 41 52 70 81 81 105 105 116 137 213 213 236 236 246 258 260 267 267 279 279 284 289 289 307 324 324 345 354 354 355 366 396 396 409 415 415 451 456 465 484 490 
126 473 473 
76 76 440 
413 413 
159 477 
2 2 
88 106 
56 56 267 268 285 285 304 446 
33 33 33 40 67 236 281 
43 43 65 286 313 358 362 413 
158 158 
55 55 101 111 
200 290 290 290 413 413 
100 100 240 
5 86 386 
76 76 76 109 109 207 337 
196 
236 415 
12 355 

267 268 268 

274 274 274 
76 199 478 
76 
328 
35 309 
460 460 
233 
152 152 184 184 
314 
314 314 
102 102 
143 
271 
39 159 159 232 274 454 
128 

30 174 174 180 341 376 413 483 


5 5 53 53 259 259 377 393 393 441 458 

305 343 343 392 392 477 477 482 482 

76 295 
303 303 415 415 

124 124 219 454 
7 7 212 238 238 238 271 271 296 296 310 310 310 505 505 505 


40 55 56 56 60 79 83 83 104 117 129 184 184 192 201 237 267 275 278 344 356 356 415 415 432 438 438 460 487 487 
236 
233 233 233 
268 268 342 342 405 
197 
39 39 
76 76 423 
311 413 494 
325 358 

70 184 
110 110 288 
150 150 408 408 
40 
149 149 374 374 401 442 442 
270 270 270 286 413 413 
138 
330 
415 

273 273 354 
375 375 375 375 
70 184 409 
225 225 419 
184 
81 
410 410 
315 
334 334 385 
496 496 
271 
184 184 191 204 236 356 
191 204 204 239 239 
177 
251 251 251 
3 158 218 233 233 266 282 287 297 327 327 354 354 374 375 391 401 412 427 442 
160 
5 256 256 475 475 
206 206 206 219 402 405 
236 
157 
415 
236 
184 184 496 496 496 
308 
192 298 347 
271 
177 
184 
191 191 
193 251 382 
271 
247 
184 184 
97 171 171 171 196 196 196 480 480 
426 
152 364 364 364 
408 
58 397 
229 
169 233 233 
271 408 
281 
413 413 
177 
339 
485 
230 230 415 
56 56 191 
159 159 227 392 
87 
184 354 396 396 465 
280 
210 
233 233 233 
243 424 
84 85 85 160 
193 
80 96 214 215 215 349 349 384 384 398 413 418 418 429 429 434 434 449 449 467 467 
31 263 336 

413 413 413 
413 413 

140 
42 
76 162 
42 42 359 
41 184 184 
72 153 153 244 503 

271 271 
76 209 
81 165 
20 20 39 253 369 
22 
407 413 
413 
264 264 385 

315 
199 
415 
46 145 145 301 381 408 452 453 464 470 470 
111 111 
222 
239 239 
227 227 
69 236 447 
52 184 
27 459 
281 506 506 
84 85 
314 314 481 

415 
402 402 
76 76 
5 5 21 21 31 31 41 134 184 184 256 271 271 307 502 508 
12 184 202 
236 236 267 
496 
72 72 89 141 193 244 413 466 
61 61 81 323 
76 76 

174 193 413 413 413 
182 
118 118 152 152 292 292 292 410 
415 
184 
181 390 390 390 390 496 

330 
87 
169 169 
36 36 
8 8 8 
154 169 250 250 271 417 442 
257 257 257 257 271 
174 222 
225 
101 101 101 
103 
134 
0 46 139 339 395 395 408 
286 413 
63 63 415 
314 314 
264 334 413 413 
198 

487 
22 22 82 142 142 
17 367 367 367 367 
271 
227 227 305 
225 225 
81 495 495 495 
46 381 381 
184 184 307 307 
58 294 
314 

5 5 
110 250 271 
159 274 352 352 

6 92 92 499 
39 39 239 274 

175 175 332 
25 25 26 150 248 248 293 297 339 381 412 412 437 470 
184 258 
262 262 364 

271 408 408 
77 119 119 128 141 155 161 161 167 168 174 174 182 187 187 193 196 196 222 243 251 251 299 299 314 317 317 317 318 318 332 333 358 362 362 362 382 385 385 455 455 500 

37 57 116 116 129 177 184 184 201 230 230 236 236 254 277 303 338 351 365 383 432 432 
65 65 65 
149 374 
314 314 
259 
98 


76 242 
311 
103 
291 
271 
159 159 
314 314 


236 415 415 
159 
314 314 
449 
22 
408 
236 236 
45 45 
186 
1 5 5 18 18 98 225 
250 250 271 374 
5 5 
15 59 59 182 182 
41 
56 191 
344 
128 
314 314 435 
41 41 41 156 156 462 
184 
339 
339 
4 124 124 131 131 219 232 
413 413 
184 

225 
47 346 
211 211 236 
22 22 497 497 
99 99 450 
63 
339 
86 86 184 307 
358 
314 314 

159 511 511 
339 339 408 
101 170 170 170 
475 
185 185 
487 487 
273 273 472 
100 100 
166 188 227 227 
76 76 207 

127 290 290 
349 
227 227 
222 
184 
39 302 
31 120 489 489 489 
56 56 236 236 388 474 474 

31 120 486 486 486 
184 

41 
3 
155 155 155 243 
394 394 394 
10 100 265 265 279 279 279 357 367 
461 461 
160 
404 
413 
54 
354 
325 
5 
233 233 233 
347 347 

5 5 5 86 354 
76 
159 159 159 
159 469 469 
