Nodes: 512, Edges: 729


28 91 183 189 
271 
454 454 
34 48 50 50 184 198 225 225 273 279 354 354 400 441 441 443 475 504 

271 327 327 
224 224 224 313 350 350 373 
271 271 
476 476 476 496 
264 264 
184 184 355 
76 76 
52 184 
316 444 444 
41 41 41 41 184 
390 
441 441 
104 

31 354 354 354 
115 331 331 436 436 461 461 
171 171 290 290 
76 

158 408 
76 
2 183 183 
56 56 
222 
21 172 315 315 354 486 489 489 

67 67 192 
5 
210 309 
106 372 
406 
358 
62 166 219 231 231 267 267 302 302 330 330 477 477 477 485 
236 
16 16 16 16 85 156 156 160 160 160 184 354 450 492 


137 137 
439 
395 
346 
5 50 50 
236 
5 5 48 48 400 

14 345 

299 299 
93 93 195 
29 29 191 191 191 304 304 446 446 487 487 

294 294 

236 

39 241 241 241 330 
383 383 463 463 
381 
193 

33 33 192 347 
169 296 296 371 
236 344 344 
184 246 246 258 258 
330 330 
89 89 89 325 358 358 358 466 
94 94 315 
413 
383 463 
13 13 24 27 107 107 199 207 208 208 228 229 229 242 413 423 478 478 509 
196 

236 
418 
184 184 261 261 329 359 389 389 394 394 495 
142 143 

85 
41 84 312 
386 508 
306 
190 504 
72 72 72 358 

2 
182 182 404 413 413 
55 55 
73 73 315 



441 441 
457 462 462 
197 197 476 476 496 496 496 
140 140 195 195 471 
117 136 136 136 216 
146 379 379 379 425 
19 507 
106 184 190 
36 105 149 190 372 
76 76 
414 
199 
130 130 130 130 176 247 401 401 




22 
177 177 184 184 184 415 
102 125 136 136 136 184 184 236 
364 364 
222 413 413 
486 489 
143 
314 
468 468 
232 232 454 
117 136 
185 491 491 

413 413 
415 
110 110 110 110 389 
454 
413 413 413 
145 145 
354 380 

102 102 102 117 117 117 125 
44 44 184 184 368 368 368 
164 236 236 
294 381 
101 101 
358 413 
82 
82 121 217 217 
282 282 
133 133 
103 
236 344 344 
236 304 304 389 
106 250 417 
248 408 
354 
213 
325 
374 
413 494 494 494 
41 41 
374 
26 271 408 
188 219 219 231 257 305 305 330 330 428 433 433 469 511 
41 41 41 272 312 498 



138 
329 
39 
220 413 
413 413 
68 296 371 371 371 374 
471 
23 23 290 290 
31 
344 344 

407 
110 247 247 
116 116 283 300 300 
183 183 

222 222 
367 
92 92 363 363 413 444 
2 28 28 178 178 495 
5 12 12 14 16 41 70 81 81 105 116 116 116 117 117 137 137 236 236 246 246 258 267 284 289 291 315 345 354 355 415 415 451 484 484 490 
126 473 491 491 
245 361 

159 
2 
88 105 106 372 
56 56 56 267 268 268 285 285 285 304 446 446 497 
33 67 236 
65 500 500 

55 101 101 236 267 
77 200 290 290 413 
100 100 240 476 
5 
76 109 207 207 337 337 
196 
236 236 415 415 
355 
271 271 
267 

274 274 
76 199 199 
76 76 

35 309 

233 
152 
215 
214 314 467 467 
102 
143 143 
271 
39 159 159 274 402 402 
167 

30 119 180 180 341 376 376 413 413 483 
329 329 
8 8 8 276 313 
5 5 259 393 419 419 441 

305 392 392 482 
76 
76 76 295 509 
236 415 
39 39 159 
124 124 454 454 
212 271 271 296 296 374 375 375 505 
503 
487 
40 49 60 69 79 117 138 138 147 148 184 184 192 195 201 201 230 237 267 278 344 351 351 356 415 432 438 460 487 
236 
367 
268 342 
197 
62 62 62 
76 423 
311 311 413 494 

186 
70 70 184 184 
110 176 176 
150 

149 374 401 401 
270 286 413 413 

330 
415 415 

273 354 354 
159 375 375 375 
70 70 184 409 
225 419 

81 81 329 329 
364 
315 
11 11 334 334 385 


39 39 184 191 195 204 236 356 356 471 471 471 
191 191 239 
415 
251 
3 7 9 9 158 203 203 218 233 233 282 297 375 391 412 453 
160 
5 256 354 354 475 475 
206 206 219 402 405 

224 
415 415 415 
236 460 460 460 
5 496 
308 308 
298 298 421 421 
144 144 271 
177 
184 
191 191 191 
251 382 382 


184 
23 23 171 171 196 196 480 
184 426 
364 364 410 
408 408 
58 58 139 408 408 
229 
68 68 169 233 233 425 425 
271 
281 281 
54 54 413 413 
177 177 
339 339 
39 39 485 

56 56 148 148 191 
159 159 227 392 392 
87 370 408 
465 465 
280 280 
35 210 

243 243 
85 160 
8 224 
122 215 319 349 349 398 413 429 434 449 467 467 481 481 
31 31 73 94 184 263 336 486 
15 
413 413 413 
413 
314 
396 
323 323 

321 321 359 

72 153 503 503 503 
358 358 
7 7 

81 165 223 223 261 261 
39 39 62 71 71 159 159 253 369 369 428 
22 22 
407 413 
413 
264 264 385 413 413 

315 486 
199 199 

301 301 381 381 452 453 464 470 

222 
239 

69 69 147 147 173 173 236 
52 184 
47 459 
67 506 

314 314 481 
8 8 
236 236 432 432 
402 
456 456 
5 5 21 21 21 31 41 134 151 184 256 256 273 273 450 450 462 462 490 508 508 
12 184 202 
236 267 267 
367 431 496 
38 72 72 72 89 141 326 326 413 
81 323 

186 

182 182 
118 118 262 292 292 410 
415 415 415 

181 238 357 
137 137 137 
330 330 
306 
68 169 169 169 
36 106 190 
8 
154 157 169 233 250 408 417 442 
233 233 257 257 257 271 
222 222 


103 103 103 
134 
64 139 339 339 395 408 
286 286 413 
63 63 75 415 432 432 463 463 
449 449 
264 334 
86 

487 
81 81 130 148 461 
17 
271 
227 227 305 305 
225 
81 81 495 
46 381 
320 

314 

5 50 
110 110 250 250 
219 219 274 352 
427 427 
92 
274 
37 
175 332 
26 150 158 293 293 294 294 306 374 381 412 437 
258 
292 364 

271 408 
74 76 92 92 119 119 128 128 132 132 132 141 155 167 168 168 182 196 222 222 243 251 251 299 299 314 317 317 317 318 332 333 334 334 358 382 439 439 455 
108 497 
116 129 184 184 201 201 230 236 254 254 269 277 277 277 365 365 365 383 432 463 463 463 

149 374 
80 
225 225 259 

281 281 

76 242 

103 296 296 
291 
403 403 
159 330 
314 

357 496 
236 351 351 383 383 415 460 
159 159 
314 
449 
22 22 
408 
236 
45 413 413 

5 5 18 18 98 98 225 
374 468 
5 
15 15 182 

56 56 191 191 


314 384 384 435 467 
41 354 354 
184 
339 464 
271 339 
4 4 124 131 232 232 
413 
353 353 491 491 
99 

346 
236 278 278 278 432 
22 22 389 
99 99 354 354 
63 63 75 383 383 415 415 415 
339 452 
307 307 
72 
215 215 314 314 449 
123 123 442 
159 511 
339 
101 170 267 267 267 
475 
185 
487 487 487 
5 273 273 472 
10 10 10 100 100 197 496 496 
39 39 39 
76 76 

290 
314 314 349 
227 
222 
184 184 
39 302 
31 120 315 336 489 489 
56 56 235 236 388 474 474 474 

31 31 120 486 486 
184 354 
126 126 185 185 456 456 
41 

155 155 155 243 
81 183 394 
10 100 100 100 279 357 431 476 476 
191 414 
160 

193 193 


234 325 325 325 
5 88 
233 
347 
104 
86 354 354 
76 229 

159 469 
