Nodes: 512, Edges: 729
381 381 

28 91 91 183 183 
271 493 
454 
34 34 48 50 50 50 184 184 198 255 400 441 441 443 443 475 504 504 508 
404 404 

313 350 

476 476 476 
264 
202 355 
76 76 
117 117 184 184 
444 444 444 
41 41 41 184 

441 
104 
330 
354 354 354 354 354 
108 115 389 389 436 461 
290 290 

408 
158 408 
346 
2 178 178 
56 
180 222 
184 184 184 315 486 486 
184 
67 192 
5 5 
210 222 309 
106 372 
406 415 
358 358 358 
62 62 159 163 163 166 219 231 231 267 302 330 330 402 402 
192 236 249 
16 16 16 99 137 151 151 156 160 184 324 354 399 450 

193 193 
137 
413 
339 381 381 395 395 
346 459 
5 50 50 
236 236 
5 5 5 48 48 400 
490 490 
184 

76 501 
195 195 
29 191 236 304 446 487 
415 415 
397 

104 236 236 

39 39 241 330 
463 463 
381 381 
362 416 416 

33 192 281 281 347 
169 
236 344 
184 246 258 

89 
94 

383 383 463 463 
13 13 54 107 107 109 162 199 199 199 207 208 228 228 229 229 245 322 322 328 328 353 360 360 360 413 423 440 478 


236 
418 418 
113 261 289 329 359 359 394 495 
142 142 329 389 389 
236 236 236 
85 312 348 348 348 
84 160 312 
465 508 
306 370 370 408 

72 358 358 
358 
2 2 
182 

73 315 
418 418 
321 
290 
420 420 
41 457 462 
197 197 496 
140 195 378 471 471 
136 216 216 
146 146 379 379 
19 60 138 236 507 507 
106 184 
36 105 149 
76 76 
22 414 
76 199 
130 130 176 247 401 
195 340 
184 
81 
367 
22 
177 184 184 415 
14 14 125 125 236 
364 
222 413 
486 486 

314 

232 232 232 387 
117 117 136 136 
185 491 491 
480 
220 413 448 
236 
110 110 
454 
413 
145 145 145 145 
354 354 380 

102 125 125 
41 44 368 368 368 
104 164 164 236 236 236 237 
381 381 
101 320 
358 358 413 413 
82 82 389 389 
217 217 

133 133 133 133 
103 103 
236 283 344 344 
236 304 304 
106 417 
408 
41 41 354 
213 213 292 292 364 
325 325 
374 
413 413 494 494 494 
41 450 
233 374 
26 194 271 
39 188 205 219 231 257 402 402 428 433 469 510 
41 85 272 
413 439 
76 322 322 
39 39 
138 138 
329 
39 477 477 
220 220 

68 179 296 
471 


344 
222 335 413 413 
407 413 413 
110 
116 300 
28 28 
169 
30 
367 
92 316 363 444 444 444 
2 2 
5 5 14 14 16 31 31 31 32 41 52 70 105 112 116 116 213 221 221 236 267 284 289 291 307 307 324 324 345 354 354 355 355 355 415 426 451 456 465 465 484 484 484 488 490 
126 473 491 


159 

372 
56 236 267 267 268 285 285 304 304 
33 40 67 236 236 
43 43 286 358 362 413 413 500 
158 
55 55 101 111 236 267 267 471 
200 290 290 413 413 
100 100 240 
5 386 508 508 
76 76 76 109 207 
196 
236 415 
12 
271 271 
268 268 
159 
274 274 274 
76 199 478 
76 

35 309 309 


152 152 184 
314 314 
314 314 
102 102 
143 143 
271 
39 159 232 402 402 402 454 
128 167 167 
184 184 
30 35 119 174 376 413 483 
329 329 
276 276 
259 393 458 458 458 
292 
343 392 392 477 477 
76 76 245 
76 76 295 509 
415 
39 39 159 
124 124 124 219 
157 238 271 296 296 296 310 374 505 
503 
487 
40 49 49 56 60 60 69 79 83 83 83 104 117 129 138 138 138 147 148 184 191 192 192 195 201 278 344 351 415 432 438 438 438 487 
138 
233 
268 268 342 405 
197 476 476 
62 

413 494 494 
325 
76 228 
70 
110 401 
408 408 
40 
374 374 417 417 
270 270 286 

330 
283 
5 
273 354 354 
159 375 
70 
225 419 
324 
81 
410 

11 334 334 385 385 385 
496 

39 184 191 191 195 195 356 471 
191 204 204 239 239 285 
415 
251 251 
3 158 203 203 218 233 282 287 297 327 327 339 374 375 375 391 401 427 427 453 
160 
256 354 472 475 475 
206 206 206 

224 224 
415 
236 460 
496 
449 
67 67 
271 427 
147 254 415 
184 
191 191 268 
193 251 382 413 413 
271 

81 184 
23 23 97 196 196 480 
184 426 
152 152 226 410 
408 
397 
229 
169 233 233 233 425 425 425 
271 408 
347 347 
413 
177 
339 
39 
415 415 
56 148 148 191 191 
392 
87 
184 184 354 354 

35 210 210 
233 

84 85 
8 
122 214 214 215 215 349 349 384 384 398 398 413 429 434 434 449 467 467 467 481 
31 94 336 
182 
413 413 


140 
96 323 
76 76 162 162 
321 359 359 
41 184 184 260 
153 153 244 503 
358 358 
271 271 
76 76 
81 82 165 223 223 
20 39 39 62 253 428 

407 

264 264 
174 413 413 
315 486 

415 415 446 
46 271 301 381 381 381 408 427 427 464 464 
111 

239 
227 
69 147 147 173 236 447 447 
184 
27 47 
67 298 298 506 
84 84 84 
314 314 
8 
236 415 432 

76 
21 21 21 21 21 41 134 134 151 184 184 256 256 273 307 307 411 411 450 462 490 502 
12 184 184 184 
267 
431 431 496 
38 38 38 89 89 90 141 141 193 326 326 466 
81 81 323 323 
76 76 76 

65 193 413 
182 
118 152 410 


114 181 390 496 
137 137 137 401 

87 87 

36 190 

154 157 233 250 250 271 408 408 417 
257 271 271 
222 

101 
103 103 
134 
0 0 46 46 64 64 139 139 339 339 339 
286 413 
75 75 415 463 
314 314 449 449 
264 264 264 
198 
124 
487 
22 22 82 82 142 142 
367 
271 
227 227 305 
225 
81 495 495 495 
46 46 

58 294 
314 314 
41 445 
5 50 
110 247 271 368 
39 39 159 159 219 219 219 

6 6 
239 
37 
175 332 413 
25 26 87 150 248 248 293 297 339 374 374 412 412 437 470 470 470 

262 292 364 
354 354 
408 408 
45 76 119 128 132 141 141 155 155 161 174 174 175 175 193 193 196 196 222 243 286 286 299 314 317 317 335 335 362 382 407 439 448 455 455 500 500 500 
108 497 497 497 
37 57 57 116 184 201 230 236 269 277 283 303 303 338 338 351 383 432 
65 65 
149 250 250 374 
80 80 95 95 
259 
98 98 441 


76 

296 296 296 
184 291 
271 271 282 339 339 
159 330 
314 

357 357 496 496 
236 351 415 
159 
314 314 
449 
22 
408 
236 236 236 
161 413 
76 
5 5 18 420 
468 468 
5 5 
15 15 15 182 182 182 
399 
56 338 
344 344 
128 413 
280 314 384 384 435 467 
41 156 354 462 462 
184 

271 
4 131 219 
413 413 
184 462 
99 
225 225 225 
47 
278 
22 497 
99 354 450 450 456 
63 63 75 75 383 
339 339 
86 184 184 
358 
314 314 314 449 
442 442 
159 511 
408 408 408 
101 101 170 195 267 
273 
185 
487 487 487 
5 273 273 
10 10 10 240 240 
166 166 227 227 
76 207 

127 290 
314 

222 
184 184 184 

31 31 120 120 336 489 489 489 
56 235 236 388 474 474 474 
184 
486 486 486 
51 51 184 354 
126 126 185 

3 
155 155 155 243 243 
81 394 394 394 
100 265 279 357 367 431 431 
414 414 414 461 


193 413 413 413 
54 
354 
234 325 
5 5 
233 
347 
104 104 
5 86 198 198 
229 
159 
469 
