Nodes: 512, Edges: 729
381 381 
441 
28 28 183 189 
271 271 
454 
48 50 88 255 273 279 354 354 400 441 475 475 504 504 504 508 
404 404 
233 271 271 327 327 
224 350 350 373 
271 
476 496 
264 
184 202 202 
76 
184 
182 182 
184 

441 
104 
330 
354 354 
108 108 115 331 389 414 436 436 461 
290 

408 
158 158 
76 
2 2 178 183 183 

222 222 
184 315 486 489 
184 184 
192 

210 
106 372 

358 
166 219 231 241 241 267 330 405 477 485 485 485 
192 192 236 236 249 249 
85 99 137 160 184 324 399 445 445 445 492 492 
321 323 

137 
413 439 439 
64 339 395 
346 459 
5 50 50 50 
236 
5 48 48 48 400 

345 
225 
501 

191 446 446 487 
415 415 
294 
444 
104 104 
81 359 
241 241 
383 383 463 
46 381 
193 193 362 416 
141 141 141 
192 281 
169 169 296 296 371 
344 
246 246 258 
330 
89 325 325 358 358 466 
94 94 315 
413 
383 463 463 463 
13 27 107 109 109 162 162 199 208 229 242 242 242 322 328 328 328 360 413 423 478 509 
196 196 413 

236 236 
314 418 
61 184 289 329 329 359 389 389 394 
121 121 121 142 143 389 
236 236 
85 312 348 348 
41 84 160 160 312 348 348 
198 198 386 386 508 
408 
5 
72 358 
358 358 

182 404 413 

73 73 
418 418 418 
314 
290 
420 
41 457 462 462 
197 496 496 
140 140 195 195 471 
136 136 216 
146 379 379 425 
19 60 60 236 236 
106 106 184 190 
36 105 105 149 149 190 
76 
22 22 414 414 
76 76 
130 130 176 176 401 401 
195 


367 
22 
177 177 184 184 

364 364 
413 413 
486 486 489 
82 82 82 143 143 

468 
232 232 232 454 454 454 
136 
185 

220 413 448 
236 415 
110 110 177 
454 
413 413 
145 145 145 
354 354 380 380 

102 102 125 
41 44 184 368 368 368 
164 
381 
101 101 320 
66 66 66 358 358 413 413 413 
82 
82 121 121 217 

133 133 133 
103 
236 236 344 
236 304 
106 106 
248 408 
354 354 
213 292 364 
325 

494 

276 276 
26 26 194 272 408 
188 205 305 330 330 402 428 428 433 469 510 510 511 
41 85 85 272 312 
413 
76 76 322 322 

138 
329 329 
39 477 
220 
413 
68 68 296 371 371 374 

290 290 


222 
407 407 413 
110 110 
116 116 130 283 283 300 300 415 
28 183 

222 222 
367 
15 15 92 220 363 363 404 413 413 444 444 
2 28 28 178 
12 14 16 31 32 32 41 81 105 116 116 137 213 221 221 246 258 260 260 267 279 284 307 324 324 345 345 355 355 396 396 409 409 415 426 488 
126 
440 
413 
159 477 477 
2 
105 106 
56 236 236 267 267 285 304 446 
33 40 40 67 281 
65 65 286 362 362 362 413 479 500 
158 
101 101 111 236 
77 77 200 200 413 
100 476 
86 86 508 
76 337 
196 196 
415 415 
12 12 
271 
268 268 268 
159 


76 
328 
35 


152 184 
314 
314 
102 
143 
271 
39 232 274 454 
128 167 182 413 
184 184 
30 30 174 180 180 341 376 376 413 413 413 483 
329 
8 350 
53 377 393 419 419 441 458 458 
292 292 
305 305 477 477 482 

76 509 
236 236 415 415 
39 
124 124 124 219 454 
7 271 271 296 296 310 310 310 374 375 
503 503 
487 
40 40 49 79 79 83 83 104 104 129 147 147 148 191 191 195 230 230 237 237 267 267 344 351 356 415 415 432 438 460 487 
236 236 

268 268 405 
476 476 
39 39 62 62 
76 76 76 423 
311 311 494 494 


70 70 184 
401 
150 408 408 
40 40 
374 401 401 417 417 442 
270 270 270 286 413 


283 415 
5 
273 273 354 
375 375 375 
70 184 409 

184 184 
329 329 
364 364 

11 334 385 


39 184 191 191 236 236 268 268 268 356 356 356 471 
204 204 204 239 239 267 267 267 
415 
251 251 251 
3 3 7 7 9 203 218 233 233 287 297 368 374 375 375 391 408 427 442 442 453 
158 160 
5 256 256 475 
219 402 405 

157 157 
415 415 
460 460 
5 184 
308 467 
67 192 298 421 

177 177 254 415 415 
184 
191 
193 251 382 382 
271 

81 
23 97 171 171 480 

152 226 226 364 
408 408 
58 397 397 

68 68 169 233 233 
271 408 408 
281 347 347 

177 177 
339 
485 
415 
148 191 
159 227 227 392 392 
370 408 
184 465 465 
280 

233 233 233 
243 243 
84 85 160 

80 96 214 215 384 398 413 413 429 429 429 434 434 449 449 449 467 467 481 481 
31 73 336 

398 413 
413 413 
354 354 
140 
42 323 
76 162 162 
42 321 
41 184 184 
72 72 153 503 
358 358 
7 7 
76 76 76 209 
81 81 165 165 223 261 261 
20 39 71 159 159 369 369 428 
22 
407 407 
413 413 
264 385 413 413 
413 413 
315 
199 
415 
46 301 381 408 427 452 452 470 

222 


69 147 236 447 
52 184 184 
47 
298 298 506 
84 84 85 85 
481 
8 8 224 
236 


5 5 21 21 134 134 151 151 256 319 319 450 450 450 490 502 502 
184 184 
236 267 267 267 
431 496 
38 72 72 89 90 90 141 141 326 326 466 503 
61 81 
76 

65 193 193 193 
182 182 
118 118 152 262 262 292 410 
415 

114 181 390 390 390 496 496 
137 137 137 271 
330 330 
306 
68 169 169 
36 
8 
169 233 250 271 417 
233 257 257 257 271 271 
222 222 
225 

103 103 
134 134 
0 0 64 139 339 395 408 408 
286 286 413 
63 63 75 415 415 432 463 463 
314 
264 334 413 
86 86 

487 
22 81 81 82 
367 367 367 
271 
305 305 
225 
81 495 
46 381 
184 184 
294 294 
314 317 
41 445 445 445 
5 50 
110 110 247 250 250 
159 274 

6 6 92 182 
39 239 274 

175 175 332 332 413 413 
25 87 150 158 248 248 271 293 293 297 297 306 339 381 381 412 437 470 
184 184 258 
364 

408 
45 74 76 77 92 119 119 128 132 132 141 141 141 161 168 175 182 182 187 193 196 220 222 222 222 251 314 314 317 318 318 333 333 334 334 335 335 382 385 407 407 439 455 500 
22 108 108 497 
57 57 129 177 184 201 201 230 230 236 236 254 269 277 277 283 283 303 338 365 383 383 
65 
250 250 374 
80 95 95 95 
225 225 
98 441 
281 

76 242 

103 
184 
271 339 
159 159 330 
314 314 314 

357 496 496 
236 383 
159 
314 314 
449 449 
22 22 
408 
236 
45 45 413 
186 
1 5 18 225 420 
250 271 271 468 

59 182 182 
41 41 41 399 399 399 
56 56 191 
344 
128 
314 314 314 435 435 
354 354 354 462 

339 339 464 
271 
4 124 124 124 131 219 232 
413 
462 491 
99 
225 225 
47 
236 278 278 
22 
99 99 450 456 
63 75 75 75 383 383 
452 
307 307 
72 358 
280 314 314 
123 442 
159 511 511 
339 408 
101 267 
475 

487 
5 5 273 472 
10 197 240 240 496 
39 166 188 188 227 227 
76 
193 
290 
314 314 349 
227 
222 

39 39 39 302 
31 120 120 489 
56 235 236 388 474 
184 
31 120 486 
354 
456 
41 41 

155 243 243 
394 
10 100 100 357 367 367 431 431 476 
414 


193 413 
54 
354 354 
234 234 325 358 
5 5 5 

347 

5 86 198 
76 229 
159 159 
159 469 469 
