Nodes: 512, Edges: 729
381 381 381 
441 
111 183 189 189 
271 493 

48 48 50 184 198 225 225 279 354 354 400 400 441 458 475 504 508 508 

233 233 327 327 327 
373 373 373 373 

496 

202 202 355 
76 76 
52 117 184 
182 316 444 444 444 

455 
441 441 

330 

108 108 331 389 414 414 414 436 436 436 461 
171 290 
76 
408 
158 158 408 408 408 
346 
178 183 183 
56 

172 172 184 184 315 354 486 489 489 
184 184 
67 

210 210 309 309 
106 106 106 372 372 
406 
358 
159 166 166 219 219 231 231 231 241 267 330 402 402 405 477 477 485 485 
192 236 249 
85 99 99 137 137 156 156 160 184 354 450 
321 323 323 


413 
64 339 395 
76 
5 5 50 
236 
5 48 400 
490 
14 184 345 
225 225 
501 
195 195 236 236 236 
29 191 487 
415 



81 359 
241 330 330 

46 

141 
33 192 281 347 
169 
344 
184 246 246 246 258 

89 358 358 358 
94 94 94 315 


13 13 24 47 107 162 186 199 199 207 207 207 229 229 242 242 245 322 322 328 360 422 423 423 478 478 509 509 509 
196 


314 314 418 
61 113 261 289 329 394 394 495 
142 143 329 329 389 389 
236 236 236 

41 312 312 348 348 
198 465 508 
306 370 370 408 
504 
72 358 


413 413 

73 73 73 
418 
314 
290 
441 
41 41 462 
197 197 476 496 496 
195 378 471 
117 216 
379 425 
138 138 236 507 
106 
36 36 36 105 149 190 190 
76 
22 22 414 
199 
130 247 247 247 401 401 
2 
184 184 
81 
367 

415 
14 102 125 135 135 136 184 184 184 
364 
122 222 413 
486 

119 
468 
232 232 232 387 454 
117 136 136 
185 491 491 

220 220 220 413 448 
236 236 415 
110 389 389 389 
454 
413 
145 
354 354 380 
117 117 
117 125 125 
41 41 184 368 
104 104 236 237 
381 381 
320 
66 358 358 
82 389 389 
82 217 

133 339 339 

236 283 344 
236 236 
106 
248 248 339 408 
354 
292 364 
325 325 

413 494 494 
41 41 450 450 

26 26 194 408 
39 205 219 219 227 257 330 428 433 469 477 511 511 511 
41 272 272 312 498 498 
413 
76 322 



39 39 477 
413 

68 296 371 371 371 
471 
23 290 290 
31 31 
344 
222 222 335 413 413 
407 413 
247 
300 415 
28 183 


367 367 
15 363 444 
2 28 28 178 
5 14 31 31 32 32 41 52 70 112 112 117 117 117 137 221 236 236 236 258 260 291 291 307 307 315 324 324 338 355 355 396 409 415 415 426 451 456 465 465 
126 473 
76 245 361 440 
413 

2 2 
106 106 372 372 
56 236 267 285 304 304 
40 67 236 
286 313 358 358 362 413 413 500 
158 
55 55 101 267 471 
77 200 200 350 413 
100 100 496 
5 86 508 
76 76 109 207 337 
196 196 
236 236 415 
12 12 355 
271 
268 
159 
274 
76 76 76 199 


35 35 
460 460 
233 

215 215 
214 214 314 314 
102 
143 
271 
39 39 159 159 232 
128 128 128 413 413 
184 
119 174 174 376 413 
329 
276 313 
5 5 53 53 259 259 377 377 441 441 458 458 

159 305 305 343 477 477 477 482 

76 76 295 295 
236 
39 39 39 
124 124 124 219 
7 7 212 238 238 271 310 374 374 375 
503 503 503 
487 
40 49 55 55 55 83 83 83 104 129 129 138 147 148 148 184 184 184 191 192 201 201 230 237 267 275 275 275 278 344 351 351 356 356 415 415 438 487 
138 236 
233 233 
268 268 268 342 
476 
39 62 
76 76 
311 
358 
76 186 
70 70 70 
110 110 110 176 288 401 401 
150 150 408 408 
40 
374 401 417 
270 270 286 286 

330 



159 375 375 375 
70 184 
225 225 419 419 419 
184 324 
81 
364 410 
315 315 
334 334 385 385 

271 
39 191 195 236 268 356 471 471 471 
204 239 239 239 267 
415 415 
251 251 
3 203 218 233 266 282 282 287 327 327 339 354 374 374 375 375 391 401 412 442 453 453 
160 160 
354 
206 405 
236 236 236 
224 

236 460 460 
5 496 496 496 
467 
67 421 
271 271 427 
147 

191 
193 251 251 382 382 413 413 
271 
247 
81 
23 97 171 171 
184 184 
152 364 364 

397 408 
229 229 
169 425 425 
408 
347 
413 
177 


415 
191 191 
227 227 
87 408 
184 184 354 396 

35 35 
233 
243 424 
85 85 160 
193 224 
80 80 96 215 215 319 319 319 349 349 384 384 398 413 418 418 418 429 429 429 434 434 449 449 467 467 481 481 
31 73 184 263 263 486 
15 
413 

314 314 314 
140 
42 323 
76 76 162 
42 42 321 
184 184 260 
153 153 503 503 
358 
7 7 7 271 271 
76 
81 82 82 223 
20 39 62 62 159 253 369 428 428 
22 
407 407 413 
413 413 
264 264 385 385 413 
174 413 413 

199 
184 415 446 
46 145 145 150 271 427 453 464 470 


239 
227 
69 147 173 236 
52 
27 459 
67 298 421 421 506 506 
85 85 
314 314 481 481 
196 
236 236 432 
402 402 

5 5 31 41 134 134 151 271 273 307 411 490 502 502 508 
12 184 184 202 
236 236 267 
367 496 
38 72 72 72 89 141 141 193 193 244 326 413 466 503 
61 
76 
186 
193 413 
182 
118 152 262 292 292 410 
415 415 

114 181 181 357 
137 
330 
87 87 
169 169 169 
36 36 190 190 
8 8 8 8 
233 233 250 271 271 408 442 
233 257 257 257 271 271 
222 
225 225 
101 
103 
134 
0 0 0 139 139 395 395 
286 286 413 413 
415 415 463 
314 314 449 
264 264 334 334 413 

124 
487 
22 82 82 130 130 130 142 142 461 461 461 

271 


81 81 495 495 
46 381 381 
184 307 
294 
314 

5 5 50 
110 110 247 247 250 271 
39 39 352 352 


39 274 
37 
175 332 332 
25 26 26 26 87 150 158 248 248 294 297 306 374 412 437 437 470 
184 
262 364 
354 
271 408 
45 92 92 119 128 132 155 161 167 174 174 175 187 193 193 196 220 220 222 286 286 299 314 317 332 333 333 334 335 335 358 362 382 382 385 448 455 500 
22 22 22 108 497 497 
57 116 129 177 184 184 201 236 236 269 269 303 338 365 365 383 383 432 463 463 

250 
80 95 314 314 314 
259 259 259 
441 
281 347 347 
76 
76 76 
311 
103 296 296 
184 
282 339 
159 330 330 
314 314 314 

496 
351 415 
159 
314 314 
449 
22 22 22 
408 408 
236 

186 
1 5 18 18 98 225 225 420 
271 374 

15 15 15 182 

338 

128 413 
314 314 384 435 467 467 
41 156 156 
184 
464 
271 271 339 
124 131 
17 413 
184 462 462 491 491 

5 225 225 
346 
211 211 278 278 
22 389 389 389 497 497 
99 456 456 
383 415 415 
339 452 
86 184 184 
358 
280 314 314 449 449 
123 
159 511 
339 408 
101 170 195 267 267 267 

185 
487 
5 
100 240 496 
39 39 159 166 227 227 227 
76 76 


314 314 349 349 
227 


39 39 
31 120 315 489 
56 235 236 388 474 

31 31 486 
51 354 
126 126 456 456 

3 
155 155 
81 394 394 
10 100 100 197 279 279 279 357 431 476 
414 414 461 461 
160 160 

193 413 
54 
354 354 
234 234 234 325 325 358 
5 88 

347 347 
104 
5 5 86 198 354 
76 76 76 

159 159 159 469 
