Nodes: 512, Edges: 729
301 381 
441 
28 182 189 189 189 
271 
454 
48 50 50 88 88 184 198 225 225 255 255 273 279 354 441 443 475 504 504 508 
404 
233 233 233 271 271 327 
313 373 
271 
476 476 476 496 

355 355 
76 76 
184 
182 444 444 
41 41 
455 455 
441 
104 
330 
31 354 354 
108 115 331 331 
171 290 


158 

2 178 178 183 
56 56 
180 180 
21 172 184 489 
184 
192 

210 210 222 222 309 413 413 
372 

358 
62 166 219 231 231 241 267 302 402 405 477 485 
236 249 
16 16 99 99 137 151 151 156 184 324 354 399 445 450 450 
321 323 
193 

413 413 439 439 
64 339 381 395 
346 346 
5 50 50 50 

5 5 48 48 48 400 400 
490 490 
184 345 

76 76 
93 236 236 
29 29 236 304 446 
415 
294 
444 444 
104 104 236 
81 81 359 359 
39 330 330 
383 383 383 
46 
193 193 362 
141 
281 347 347 
169 296 371 
236 344 344 
184 246 

89 325 325 358 358 358 
94 94 315 315 
413 413 413 
383 
13 13 54 54 107 109 186 186 199 199 199 207 207 228 229 229 242 245 299 322 328 353 360 360 360 413 413 422 423 440 478 509 509 
413 
456 
236 
314 418 418 
61 61 184 184 329 359 359 359 495 
121 389 
236 236 236 
85 85 348 348 
84 84 160 312 312 
198 465 465 508 
306 408 
5 5 190 504 504 
72 358 
358 358 358 

404 413 413 
55 
73 73 315 
418 418 
321 
171 

41 41 457 462 
197 476 496 
140 195 378 378 471 
117 136 
146 379 379 379 425 
19 60 60 138 507 507 
106 
105 149 149 190 372 
76 
22 414 
76 
130 130 130 176 401 
195 195 340 
184 

367 
22 
184 415 
102 135 135 135 136 184 236 
364 
222 413 413 
486 489 
82 143 

468 
232 387 

185 185 185 
480 480 
413 448 448 
415 
110 110 110 389 389 389 

413 
145 

117 117 117 
102 117 
41 184 368 
104 236 236 237 
381 
101 
66 358 
389 
121 217 
282 282 
133 339 339 
103 
236 236 344 
236 389 
106 106 250 417 
339 408 408 
41 41 
213 213 

374 374 
413 413 494 
41 450 450 
233 276 
26 271 271 272 
205 219 219 219 227 227 231 330 330 402 428 433 469 477 510 
85 312 498 
413 413 439 
322 


329 
39 477 
220 220 
413 
68 371 
471 471 
23 97 
31 

222 222 335 
407 407 407 413 
110 247 
283 300 
28 28 183 

30 30 

2 15 340 363 413 444 444 
28 178 
5 14 31 32 41 52 70 81 81 112 116 117 137 236 236 246 258 260 267 279 279 289 291 291 315 324 338 345 396 409 409 415 451 456 
126 126 126 473 491 
76 76 245 


2 2 2 
88 106 372 
236 236 268 304 304 446 497 
33 236 236 281 
43 65 65 358 362 413 500 

101 111 111 236 267 471 471 
200 290 290 373 373 
100 496 
5 86 508 
76 76 76 207 337 337 
196 

355 
271 271 
268 
159 
274 274 274 
76 76 199 


35 35 309 

233 
152 152 
314 
314 314 

143 
271 
39 159 159 159 232 274 402 454 454 454 
167 167 

35 35 119 174 174 341 376 483 

350 
5 5 377 419 458 458 

159 159 343 343 392 392 477 482 
76 
76 76 295 509 509 
236 275 303 303 
39 39 159 
124 219 454 
7 7 7 157 212 238 238 271 271 310 374 374 375 375 
503 
487 
40 55 55 56 60 69 79 83 83 83 117 138 138 147 147 148 184 184 191 191 192 192 195 230 237 267 278 278 344 344 356 356 415 415 415 460 460 
138 236 
233 233 367 
268 268 268 342 405 405 
476 
39 
76 
311 494 494 

76 186 
70 184 
176 288 401 401 
408 
40 
149 374 417 442 442 
270 413 413 

330 
283 415 
5 5 
273 
375 
184 409 
419 419 
184 
329 
364 364 
315 315 
334 334 334 
496 496 
271 
39 184 195 236 268 356 
191 204 239 239 239 267 
415 
251 
3 7 7 9 158 158 203 203 218 233 233 266 297 327 374 374 375 401 401 408 408 412 427 442 453 
158 
5 256 354 472 472 
206 206 206 219 402 
230 
157 
415 
236 236 460 460 
5 184 184 496 496 496 
308 
67 192 298 298 347 421 
144 144 427 
177 254 415 


382 382 413 

247 
184 
23 196 196 480 
184 184 
364 410 410 410 

58 397 408 408 
229 
68 425 425 
271 
281 281 347 347 
76 
177 
0 339 
39 
230 230 
56 191 191 
392 
87 370 408 408 
396 396 396 
280 467 
35 210 
233 
243 
85 85 160 
8 
80 214 215 215 349 384 413 418 429 429 429 434 449 449 449 467 481 481 
73 73 94 184 263 263 

398 398 398 413 413 



42 96 
76 162 
42 359 
41 184 459 
72 72 503 
358 
7 271 
76 
81 165 261 
20 62 62 159 159 253 428 
22 22 
407 407 
413 413 
264 264 264 413 
174 413 
486 
199 199 
184 415 415 
46 145 145 150 301 381 408 427 470 470 
111 182 
222 
239 
227 227 
69 69 147 236 236 447 
52 184 
47 47 459 
67 67 281 298 298 421 
84 84 
314 481 
224 
415 432 

76 
5 21 21 41 273 411 450 450 450 462 508 
12 12 202 
236 236 267 
367 367 431 496 
38 72 72 72 89 90 90 90 141 193 326 
61 61 81 81 81 323 
76 76 76 

65 193 413 
182 
118 262 262 292 
415 

114 238 357 357 390 390 
137 

306 
68 169 
36 106 190 
8 196 196 
154 154 233 233 250 271 271 442 442 
233 233 257 271 
222 
225 
101 101 
103 103 103 

0 46 139 339 395 
286 286 
63 63 63 75 432 463 
314 449 


124 
487 487 
82 130 130 130 142 148 461 
367 367 

227 227 305 

495 
46 381 
184 307 307 307 
294 
317 317 317 
41 445 445 
50 50 
110 247 247 271 271 
39 159 219 274 
427 
6 92 
39 239 239 

175 175 175 332 332 413 413 
87 150 150 248 271 271 294 294 306 306 339 412 412 470 
184 184 258 
292 292 292 
354 
271 408 408 
35 35 45 45 74 74 74 76 76 77 92 92 119 119 128 132 155 155 161 161 168 175 182 193 251 251 286 314 317 317 333 333 334 335 362 407 407 439 
108 497 
57 116 129 184 236 236 236 254 269 277 283 338 338 351 365 432 432 463 

149 250 
80 80 95 95 314 
225 259 259 

281 347 
76 
76 

103 296 296 

271 282 339 403 
159 330 
314 314 314 

357 496 
351 383 415 415 460 
159 
314 
449 449 



45 45 161 413 
76 
1 5 18 
250 250 271 374 374 468 
5 
15 15 59 59 182 182 
41 399 399 
56 191 
344 
128 128 
314 314 314 384 435 435 
41 41 156 156 354 354 354 
184 
464 
271 
4 219 219 219 232 
17 17 
78 184 462 491 
99 
225 225 
324 346 
236 236 278 278 432 
389 497 497 497 
99 354 456 
383 415 
452 
86 86 

308 314 
123 442 
159 511 
339 339 408 
101 170 170 195 195 
273 273 
185 
487 487 
5 
10 10 10 100 240 496 
39 159 166 227 
76 

127 127 290 
314 314 349 
227 
222 

39 
120 336 
235 388 388 474 474 

31 120 
51 51 
185 456 


155 243 243 
81 394 
10 100 197 265 265 279 279 279 357 431 476 
191 414 461 461 461 
160 

193 


234 325 
5 5 88 88 


104 104 
5 86 198 354 
76 76 229 229 
159 
469 
