Nodes: 512, Edges: 729
381 
441 
28 111 183 183 183 
271 

50 105 198 255 255 273 354 400 441 443 475 504 
404 
271 327 
224 350 373 
271 271 
476 496 
264 264 
184 184 202 355 355 
76 76 76 
52 184 
182 316 
184 
455 


330 
354 354 354 
115 331 389 414 414 461 461 
171 290 
76 
408 408 
158 158 158 408 408 
346 346 
2 183 183 
56 
180 
172 486 
184 
192 192 

210 210 222 309 309 413 
106 106 269 372 
406 406 415 415 
358 
62 159 163 163 166 330 330 402 405 405 477 485 485 
192 249 
99 99 137 151 156 160 160 184 324 354 445 450 492 
321 321 

137 
413 
64 339 381 
346 346 346 
50 
236 
5 48 400 400 

14 184 184 345 345 

501 
93 195 236 
29 191 191 236 
415 415 
294 
444 
104 236 
359 359 
39 241 330 330 
383 383 463 
46 381 381 
362 416 
141 
281 347 
169 169 296 371 
236 236 236 
184 246 258 258 
330 330 
89 358 
94 315 315 

463 463 
13 13 13 24 107 109 186 196 199 199 207 208 208 229 242 242 299 322 360 413 413 423 423 423 440 509 
413 

236 
314 418 
82 184 261 329 359 359 359 389 389 394 495 
81 121 142 142 143 329 329 389 
236 
85 312 312 348 
84 312 348 
386 386 465 465 
408 
504 
72 


182 182 404 404 413 413 
55 
73 315 315 
418 
321 321 
171 
420 441 
41 41 462 462 
476 
140 140 471 
117 117 136 
379 379 379 425 
60 236 
5 184 
36 36 149 190 190 
76 
414 
76 199 
130 176 401 
2 195 
184 


22 
177 177 
102 102 125 135 136 136 236 
364 
122 413 
486 
82 143 143 
119 
468 
232 232 387 387 387 454 454 
117 136 
185 185 491 
480 
220 220 220 448 
236 415 415 
110 389 
454 
168 413 413 

354 380 380 
117 
102 117 117 125 
41 44 368 368 368 
236 
294 381 
101 101 320 
66 413 413 
82 82 389 389 
82 121 121 
282 282 282 
339 339 

236 344 
236 304 
106 250 417 
339 
41 
213 292 


413 494 
41 450 
374 
26 26 26 271 271 272 
39 219 219 227 231 305 330 330 428 428 433 
41 41 312 
413 439 
322 
39 39 


39 477 
220 220 413 
132 413 
68 68 179 371 371 
471 471 
23 97 290 
31 
344 
335 376 
407 
110 247 247 247 
116 116 300 
183 183 
169 
30 222 
367 
15 92 92 316 363 363 413 413 444 
2 2 2 28 28 178 178 
12 12 14 16 32 41 52 52 70 81 105 112 236 246 246 258 258 279 279 279 289 292 307 315 338 338 345 354 366 396 396 409 415 415 426 426 451 465 484 484 488 
126 126 491 
76 440 
413 413 
477 

106 106 372 372 
56 56 236 267 268 446 
33 33 40 281 
413 479 479 

55 111 471 
76 200 290 413 
240 
5 386 386 508 
76 76 109 207 337 337 
196 
415 
12 355 355 501 

267 

274 274 274 274 
76 199 478 478 
76 76 

35 35 309 
460 460 
233 
152 
215 314 
214 314 314 314 467 


271 
159 159 232 274 402 454 
128 128 128 167 167 413 

35 180 341 341 413 
329 
8 276 276 276 313 
259 377 377 419 441 441 441 458 
292 
159 305 392 477 

76 295 295 295 
236 
159 
124 124 219 
212 271 296 296 310 310 374 375 375 375 
503 503 
487 
49 55 56 60 69 69 69 79 83 104 117 129 138 147 148 184 191 230 237 275 275 278 344 415 432 438 438 487 
236 

268 268 342 405 405 
197 
62 
76 76 
311 311 494 494 
358 

70 184 184 
176 176 176 288 401 

40 
149 374 374 401 401 417 
270 286 286 


283 415 
5 5 
354 354 
375 
70 70 184 184 
225 

81 329 
364 410 
315 
11 11 334 385 385 

271 
191 204 268 268 471 
191 239 239 267 267 
36 415 415 
251 
3 7 9 9 158 158 218 233 266 287 287 287 327 339 368 375 391 401 401 408 412 427 442 442 
158 
5 472 475 
206 206 206 206 219 405 405 
236 236 
224 224 224 
415 415 
236 460 460 460 460 
184 184 184 496 496 

67 192 
144 144 144 427 427 
254 


251 251 382 
271 271 271 
247 
184 
23 171 196 480 

152 184 226 364 364 410 

58 139 397 408 
229 229 229 
68 233 233 
408 

76 413 
177 
339 

415 
148 
159 227 392 
370 408 408 
184 354 396 465 

35 35 210 
233 233 
243 243 
84 84 85 160 
224 
80 214 215 215 215 317 384 384 384 413 418 418 429 434 449 449 449 467 467 481 481 
73 73 94 94 184 263 336 486 
15 182 
314 398 413 413 
413 

140 396 
42 42 96 96 
76 162 

41 
503 
358 
7 271 

81 82 82 223 261 
20 39 39 62 62 71 71 159 159 369 428 
22 
407 413 
413 413 
264 385 413 
174 413 
315 486 
199 199 
184 184 
46 145 145 150 271 301 381 381 427 427 452 464 470 470 

222 222 
239 

147 173 236 
52 52 184 
27 27 47 47 47 
67 421 506 506 
84 85 

8 

482 

5 21 21 21 41 134 184 256 256 307 450 490 502 508 508 
12 12 202 202 

367 367 431 431 496 
38 72 244 326 413 413 466 466 466 503 503 
61 61 81 81 81 
76 

65 413 
182 182 
118 262 292 292 410 
415 
184 
181 357 357 496 
137 137 137 271 401 
330 
306 
68 169 169 
36 190 190 
8 
157 233 250 250 408 408 
233 233 233 257 271 
174 
225 225 

103 103 103 
134 134 
0 46 64 64 139 339 339 395 408 
286 
63 63 432 432 
314 314 314 
264 264 334 
86 86 198 198 
124 124 124 
487 
22 81 81 82 130 142 142 461 461 461 461 497 

271 
227 305 

81 495 
381 
184 184 307 320 
294 
317 
445 445 
5 50 50 
110 247 250 250 271 271 368 
39 219 
427 
6 92 92 
39 39 239 239 274 274 
37 37 
175 332 413 413 
25 25 26 26 87 271 294 297 306 306 374 374 381 412 437 470 
184 
262 292 364 

271 408 
35 45 76 76 77 92 92 119 132 132 141 141 155 161 167 168 182 182 187 187 193 196 220 222 299 314 317 317 318 332 333 333 334 335 358 358 362 407 407 
22 22 108 497 497 
37 37 57 57 129 129 184 184 201 236 254 269 269 277 277 303 365 463 463 
65 
149 250 
80 95 314 314 
225 
98 441 441 
347 

76 76 76 

103 
184 184 
271 282 282 339 339 403 
159 159 330 
314 

357 357 496 496 
236 383 383 460 
159 
314 


408 
236 236 
161 
76 186 
1 5 98 225 225 225 420 420 
271 271 
5 456 
59 182 
41 399 399 
191 

128 
314 314 314 467 
41 156 354 
184 
339 464 464 464 

124 124 131 219 
17 
443 462 462 462 462 491 

225 

211 211 278 278 278 278 432 
22 22 389 389 389 389 497 497 497 
99 99 456 456 456 456 
63 75 75 415 415 
339 452 452 452 
86 86 184 307 
358 358 358 
215 314 314 449 
123 
511 511 
339 339 408 
101 170 170 195 267 
273 

487 
5 273 
10 100 496 
39 166 188 227 
207 207 
193 193 
127 290 
314 314 
352 

184 184 
39 39 
31 120 315 336 489 
235 236 388 474 
184 
486 
354 
126 185 456 
41 

155 243 243 
81 394 
10 279 279 357 367 431 431 476 
389 414 414 461 461 461 



54 202 
354 
234 234 325 358 358 
5 88 

347 347 

198 354 354 
76 

469 469 
