Nodes: 512, Edges: 729
301 

28 91 111 189 189 
271 
454 
48 88 198 273 273 354 400 441 443 443 475 504 
404 
233 327 
224 224 350 373 373 373 
271 271 
476 
264 264 
184 


182 316 
41 41 41 
455 
441 
104 104 

31 354 354 
108 115 331 389 389 414 436 436 
171 
76 76 
408 
408 408 
76 
2 183 
56 
222 
21 354 
184 
67 192 

210 309 413 
106 269 372 
406 406 415 
358 
62 62 62 163 166 219 231 241 302 302 402 405 477 
192 236 249 249 
16 16 16 85 85 184 354 399 445 450 450 492 492 492 
321 
193 193 
137 
413 439 439 
64 64 395 
459 
5 
236 

490 
345 

76 76 299 
195 195 236 
29 191 236 487 
415 
294 294 397 
444 
104 236 236 
81 359 
39 39 39 

46 46 
362 416 416 
141 
33 192 192 347 
169 296 296 371 
236 236 344 344 344 
184 246 258 
330 
89 358 358 466 466 

413 
463 463 463 
24 24 27 54 54 107 107 196 199 207 208 229 229 229 242 245 245 299 328 346 346 360 360 413 413 423 423 440 509 
196 413 

236 236 
314 418 
61 82 82 184 261 261 289 359 389 
81 81 121 143 329 389 389 389 
236 236 236 
312 
41 41 160 160 348 
198 386 465 465 508 508 
306 370 408 
5 504 
72 

2 
182 404 


418 
321 321 
171 290 
420 420 
457 462 
197 197 476 496 
195 471 
136 136 216 
146 379 379 
19 19 60 138 507 
106 190 
36 105 190 
76 76 
22 
199 
130 130 130 130 130 176 247 247 401 
2 340 



22 
184 184 
125 
364 364 
222 
486 
82 143 143 


232 387 387 454 
117 
185 
480 480 
413 448 448 448 
415 
110 110 110 110 110 177 389 
454 
413 

354 

102 102 
44 184 368 368 
104 164 164 236 
294 381 381 

66 358 

82 121 121 
282 282 
339 
103 
236 236 283 344 344 
236 236 304 
417 417 
339 408 408 408 
354 354 
292 364 
325 325 
374 374 
413 494 494 

233 
194 408 408 
188 205 205 205 219 227 305 330 330 433 469 510 
85 85 272 
413 439 
322 
39 
138 138 
329 
39 477 
220 220 413 413 
413 
68 371 371 
471 471 
23 97 290 


222 222 335 335 335 376 
407 
110 247 247 
130 269 300 300 300 
183 



15 92 363 363 404 413 444 
28 178 495 
12 32 41 70 81 116 116 137 236 258 258 260 267 279 289 291 291 307 307 324 324 338 345 354 355 366 366 366 409 415 426 426 456 465 484 484 490 
126 
245 245 440 

159 
2 2 
105 106 372 
56 236 236 267 285 304 446 
33 40 67 67 236 281 
43 43 286 286 313 358 358 362 362 
158 
55 55 101 471 
76 77 200 290 290 413 
100 100 476 
5 86 
76 109 
196 
236 
501 
271 

159 159 159 
274 274 274 
76 
76 
328 328 
35 
460 
233 

215 
214 314 
102 


39 159 232 232 274 402 454 454 
167 167 413 413 413 

30 119 174 174 376 413 413 483 
329 
8 8 276 276 313 350 350 350 
259 259 377 377 393 419 458 458 
292 292 
159 305 305 343 392 477 482 482 

76 76 76 295 509 
236 303 415 
39 
124 219 219 
7 157 212 271 374 375 
503 
487 
40 49 55 56 60 60 69 69 79 79 83 83 83 138 147 147 148 148 184 191 191 192 201 230 237 237 275 278 278 344 351 356 432 432 438 438 460 487 
236 236 
367 
268 268 342 342 405 
476 
39 
76 423 
413 494 494 
358 358 
76 76 186 186 
70 
110 110 176 176 288 
408 408 
40 40 
374 374 401 401 401 417 442 442 
270 270 286 286 

330 330 
283 

354 354 354 
375 
70 184 184 409 
225 225 419 419 
184 
81 81 329 329 
364 410 

11 11 334 334 385 
496 

184 191 268 471 
239 239 267 
36 177 415 415 
251 251 
3 9 9 203 233 282 297 297 339 374 374 375 375 375 391 401 408 408 412 412 427 442 453 
160 
5 5 472 
206 206 206 219 402 402 405 
236 
224 224 
415 
236 236 460 
184 496 
308 308 449 449 
192 298 298 347 421 
144 144 271 427 
147 254 415 415 

191 
193 193 251 251 382 413 

247 
81 184 
97 171 196 196 
184 184 426 
152 226 226 410 
408 
58 58 139 397 
229 
68 68 425 425 
271 271 
281 281 347 
54 76 413 
177 177 177 
0 339 
39 39 485 
230 415 
148 191 
159 227 227 392 
87 370 370 408 
184 184 
280 280 
35 


84 
193 224 
80 215 317 384 384 398 398 413 418 418 429 449 449 467 467 467 481 
336 486 
15 
314 398 398 413 413 
413 413 


42 96 96 323 
162 
321 
184 184 
153 153 
358 358 
7 
76 209 209 
82 165 223 261 261 
71 159 159 253 253 369 369 428 
22 
407 413 413 

264 264 385 385 385 
174 174 174 
315 

184 
145 150 271 301 381 381 408 427 427 452 452 464 464 464 470 
111 

239 239 
227 
69 69 69 147 147 236 447 
52 184 
76 76 
67 281 298 421 421 506 
85 
481 
8 224 224 224 
236 432 
402 
456 456 
5 21 21 31 41 134 151 151 184 256 256 256 411 411 411 450 462 
184 
236 
431 431 431 
38 72 72 141 193 193 244 244 326 326 413 503 
61 81 
76 76 

65 193 193 413 413 
182 182 
118 118 152 262 410 
415 415 415 
184 184 184 
238 390 496 
137 137 401 
330 330 
87 306 306 
68 169 169 
36 190 
8 8 8 
154 154 233 250 250 271 271 417 417 
233 257 271 271 271 
174 222 
225 225 

103 103 

139 139 339 339 395 
286 413 
432 463 
314 314 449 
264 334 334 334 413 
86 
124 124 

22 22 81 82 82 82 130 461 461 461 497 
367 455 455 455 
271 
227 305 
225 
495 495 
46 381 

58 294 
314 314 317 317 
41 445 
5 
110 250 250 250 271 368 
39 219 274 274 352 
427 
6 92 182 
39 239 274 
37 37 
175 332 
25 26 26 87 150 150 150 158 158 248 248 271 271 293 306 339 470 470 
184 258 
262 292 364 
354 354 354 
271 271 
35 45 74 76 76 77 128 132 155 161 167 167 168 182 196 220 220 220 222 222 243 286 299 314 317 317 318 318 332 332 358 362 362 382 385 455 500 500 
22 
37 57 129 184 230 269 269 277 283 283 303 365 365 365 432 463 
65 65 
149 149 250 374 374 
80 95 314 314 
225 259 259 
98 98 441 
281 347 347 

76 76 242 

296 296 
184 184 291 
271 282 339 339 403 
330 
314 

357 357 357 
236 236 351 383 415 460 
159 

449 
22 22 

236 236 
45 45 161 
76 186 
5 18 420 
250 250 271 
5 5 
59 182 
41 399 
191 
344 
128 128 128 
280 280 314 314 384 435 467 467 
41 41 354 

339 339 464 
271 
4 124 131 219 219 
17 390 390 390 413 
184 353 353 462 462 491 491 
99 
225 225 
47 
211 236 278 432 
389 389 389 
99 354 456 456 
75 75 75 383 415 
339 339 339 452 
86 86 184 
72 72 
314 314 314 449 449 

159 511 
339 408 408 
101 170 170 195 267 
273 

487 487 487 
5 
10 100 197 240 
39 166 227 


127 127 
314 349 
227 227 
222 
184 184 
302 
120 315 
56 235 236 474 474 474 


51 184 
456 456 
41 41 41 

155 155 243 243 
183 394 394 
100 265 279 367 
389 


413 413 
202 

234 358 
5 88 

347 
104 
86 86 
76 229 
159 
469 
