Nodes: 512, Edges: 729
381 381 381 
441 441 
28 28 183 
271 493 493 
454 
48 50 198 273 273 354 400 400 443 443 475 504 508 

233 271 327 327 327 
373 
271 

264 264 

76 
52 117 184 
182 444 
41 41 
455 
441 
104 

31 
108 
171 290 290 

408 
158 158 408 408 
346 
2 2 178 183 183 

222 
21 184 354 354 486 489 489 

67 

210 222 
106 106 106 269 372 372 372 
415 415 

62 159 166 166 219 241 241 241 302 302 402 405 485 485 485 485 
192 192 236 236 
16 16 85 85 137 151 151 160 184 324 399 399 450 492 492 
323 

137 137 

339 
76 
5 50 50 50 
236 
5 48 48 48 
490 490 
14 

299 
195 195 195 
191 191 236 304 446 487 
415 
294 397 
444 
104 
81 359 359 
39 241 330 
383 

362 416 
141 
33 192 281 347 347 

236 344 
246 

89 89 89 358 358 358 466 
94 94 94 
413 413 413 
463 
13 47 107 109 109 162 186 186 199 207 208 242 242 242 322 346 423 440 478 
196 

236 236 
314 314 
61 184 261 261 289 329 389 389 394 394 495 495 
121 329 329 
236 236 
312 312 
41 41 160 160 312 348 348 
198 198 508 

504 
72 72 72 358 


182 182 404 404 413 413 

73 73 73 315 
418 418 

290 290 
420 420 441 
462 
197 476 476 496 
140 378 378 471 
117 117 136 
146 379 425 
19 60 138 138 507 
184 
36 36 36 149 190 
76 
22 
76 76 199 199 
130 130 176 401 
340 340 340 
184 

367 

177 415 415 
14 102 102 125 125 135 135 184 184 184 
364 
222 413 413 413 
489 
82 143 
314 
468 468 
232 232 387 454 454 454 
117 117 
185 491 
480 
220 220 413 413 
236 
110 110 177 

413 413 413 
145 145 145 
354 354 354 380 
117 117 
102 
41 44 44 184 184 368 
104 104 164 236 237 
381 381 
101 320 
66 358 358 413 413 

121 217 
282 282 
133 133 133 
103 
236 
236 304 304 304 
106 417 
248 408 
41 41 
213 292 364 
325 
374 
413 494 494 
450 

26 26 194 271 408 
39 219 305 330 428 469 477 477 510 510 
41 85 85 272 272 312 498 498 
439 
76 322 322 

138 

39 39 477 477 
220 413 
413 
371 371 
471 
23 290 

344 344 
335 376 
407 407 413 
110 
116 130 283 283 
28 

483 
367 
15 92 92 316 363 363 404 413 413 444 444 
2 28 28 
14 31 41 81 105 112 117 117 117 137 137 213 221 236 236 258 260 267 279 291 292 354 396 409 415 426 451 451 456 465 484 488 490 
126 473 491 
76 76 245 
413 


106 372 372 
56 56 267 285 285 285 304 446 
40 40 67 236 236 281 
413 479 500 500 
158 
55 55 55 236 471 
77 290 413 413 
100 240 476 
5 86 86 386 508 
76 109 109 207 337 337 


355 
271 
267 268 268 

274 
76 199 478 478 478 
76 
328 328 
35 309 309 309 
460 
233 
152 184 
215 
214 314 

143 

39 159 232 402 
128 128 167 413 
184 
30 35 119 341 341 341 376 413 

276 276 313 350 
259 259 377 458 458 458 
292 292 
305 343 343 392 477 482 

295 509 
303 415 415 

124 124 219 454 
7 212 271 271 296 310 375 375 
503 
487 
40 40 49 56 69 79 79 83 83 129 138 147 148 184 184 192 192 195 237 237 267 275 278 344 351 351 351 356 415 438 438 460 
138 236 236 
367 
268 268 342 405 
197 357 496 
39 39 39 62 
76 76 76 
413 494 494 
325 325 358 358 
186 
70 
401 
150 

374 374 401 442 
270 270 286 286 413 

330 330 330 


273 
375 
184 409 409 
225 225 261 419 419 
184 
81 81 259 329 
364 410 

11 11 334 334 385 385 385 
496 
271 
184 191 204 236 268 356 356 
204 204 239 239 267 
36 
251 251 
3 7 9 158 203 233 233 266 282 282 287 327 339 374 375 401 408 412 412 442 453 
160 160 
5 5 256 472 472 472 475 475 
206 405 405 
236 
224 224 
415 
236 460 
184 
308 308 467 
67 192 298 298 347 
144 144 271 271 
177 177 415 

191 191 191 
251 251 382 
271 

81 
23 23 97 97 171 196 480 480 
184 426 426 
152 184 226 226 364 410 410 
408 
58 397 397 397 
229 
233 425 
408 
281 281 
54 413 413 

339 
39 39 485 485 
230 
56 148 148 148 191 
159 227 392 392 
408 
354 354 396 465 
280 280 467 467 467 
210 210 210 
233 

84 84 85 160 
224 
80 80 122 215 349 384 384 398 398 418 434 449 449 449 449 467 467 467 481 
94 336 336 486 486 
182 



140 

76 162 162 
42 
41 459 
153 244 244 503 
358 
7 7 7 271 
209 209 
81 82 82 261 
62 159 253 253 253 

407 407 
413 
264 264 385 
174 413 413 
315 315 486 486 
199 199 

46 271 301 464 470 470 
111 111 111 
222 222 222 
239 
227 227 
69 173 173 236 447 447 

27 76 
67 67 281 421 421 506 
85 85 
314 481 
224 
236 236 236 415 432 432 
402 

5 31 31 134 134 134 184 307 307 411 450 462 490 490 508 
202 
236 267 267 
240 367 
72 72 72 89 141 141 244 244 326 466 
61 61 


65 
182 182 
118 152 262 292 410 410 


114 181 238 357 496 
137 401 


169 169 
36 36 36 190 190 
8 
154 250 250 271 417 442 
233 233 257 271 
174 222 
225 
101 101 
103 
134 
0 0 0 139 139 395 395 408 408 
286 
63 432 432 463 463 
314 314 
264 264 264 334 413 
198 
124 
487 487 
81 81 461 461 461 497 
455 455 455 

227 305 305 

81 81 
381 381 
184 307 
58 294 294 294 
314 314 
41 41 445 445 445 445 
5 5 
110 247 250 271 368 
39 219 352 

92 92 182 
39 239 274 274 

175 175 332 332 
25 26 26 150 158 271 293 297 306 381 381 412 470 
184 258 258 
262 292 292 364 364 
354 
271 271 408 
74 74 74 92 92 119 119 119 128 128 132 132 132 141 141 155 167 168 175 182 182 187 193 196 196 220 222 243 251 299 299 333 335 335 385 439 448 455 455 
497 497 497 497 
37 37 57 116 116 184 230 230 236 277 283 351 432 463 463 
65 
149 374 
95 95 314 
259 259 
98 98 441 441 441 
347 347 

76 

103 296 
184 291 291 

159 


496 
351 351 383 383 415 460 

314 
449 449 


236 236 470 
161 413 
76 
1 1 18 98 420 420 420 
250 271 374 
5 5 
15 59 182 182 
399 399 399 399 
56 191 
344 344 
413 
314 314 314 314 435 435 467 
41 156 354 462 462 
184 184 

271 
4 124 124 124 232 
17 390 390 390 413 413 
184 462 462 

225 225 225 
324 
211 236 278 432 
389 389 389 
99 354 450 450 456 456 
75 383 383 415 415 
339 
184 307 
72 358 
280 308 308 308 314 314 314 449 
123 123 
159 511 
339 339 408 438 
101 170 195 
273 273 273 475 
185 
487 487 
5 273 273 472 
100 100 197 
159 159 166 166 227 
76 207 207 207 
193 
127 290 290 
314 349 
227 
180 
184 
39 39 39 39 302 302 
31 315 315 336 336 489 
56 235 388 388 474 474 
184 
31 31 120 486 
51 51 184 354 354 
126 185 
41 41 
3 3 
155 155 243 243 
81 81 
100 240 265 367 431 
389 414 414 414 414 
160 160 

193 193 


234 325 
5 88 

347 
104 
5 86 198 354 
229 
159 159 
469 
