Nodes: 512, Edges: 729

441 441 
28 28 28 91 189 

454 
88 184 198 225 255 273 354 443 504 504 508 508 
404 404 
233 271 327 
373 373 373 373 


264 
184 355 
76 
52 117 184 
182 182 444 444 
41 41 184 
455 455 
441 441 
104 104 
330 330 330 
354 354 
108 115 331 389 389 414 436 
171 

408 
158 
76 
2 2 2 178 178 183 

180 
172 184 315 486 
184 184 
67 192 192 

210 210 309 309 413 413 
106 106 372 
406 406 

62 62 159 166 166 231 231 241 241 267 302 330 405 477 477 477 485 

16 16 85 99 99 137 156 160 324 324 354 399 445 445 450 450 492 492 
321 323 
193 193 
137 
413 413 
64 
459 
50 

48 
490 
14 345 345 

299 299 
93 93 93 236 
236 304 304 446 446 487 

397 
444 444 
236 
359 
39 39 330 
463 
46 381 381 
193 416 
141 141 
33 192 281 347 347 347 
371 
344 344 
184 258 258 

325 358 358 
94 
413 413 
383 383 
13 27 107 107 109 162 162 186 208 228 229 229 229 242 245 322 322 328 328 346 353 360 360 413 422 423 440 478 478 
196 413 

236 
314 314 314 418 
82 82 113 184 261 289 329 389 389 394 394 495 
81 81 121 142 142 143 389 
236 236 236 
312 348 
41 312 
386 465 
306 306 408 
5 504 
358 

2 
182 182 404 413 
55 55 55 
73 
418 
321 

420 420 441 
41 41 462 462 462 
496 
140 140 195 378 378 
136 216 
146 146 
19 19 
184 190 
36 36 149 372 
76 76 
22 414 
76 199 
130 176 247 247 401 401 
195 195 340 340 

81 

22 
177 415 
14 135 135 136 236 236 

122 122 413 
489 
82 143 
119 119 
468 
232 387 454 
136 
185 
480 
220 220 
236 
110 177 177 177 
454 
168 413 413 413 
145 145 
380 380 
117 117 
102 117 125 
41 44 184 368 
164 237 
381 
101 101 320 
66 66 358 
82 82 389 
82 121 217 217 
282 
133 133 339 
103 103 
236 
236 236 304 
106 
248 248 248 408 
354 
213 364 
325 325 
374 
494 494 494 494 
41 
233 
26 271 272 
39 188 219 219 227 231 428 433 469 469 510 510 
41 272 
413 413 439 439 
76 76 322 

138 
329 329 
39 39 
413 
132 413 413 413 
296 371 371 371 371 

23 
31 
344 
335 413 413 

110 247 
116 130 130 130 269 283 300 415 415 
28 28 

30 222 483 

15 15 92 92 404 444 444 
28 
5 12 14 16 31 32 32 70 81 105 137 221 221 236 258 260 279 279 279 284 289 291 307 338 345 354 355 366 396 426 456 456 465 488 490 
126 473 
76 245 440 
413 
159 477 
2 
105 372 
236 236 268 268 304 446 
33 33 67 236 281 
43 43 65 358 358 413 479 479 500 

101 111 111 267 471 
77 200 290 413 413 413 
476 496 496 
5 386 386 
109 207 207 337 337 
196 
236 
355 355 
271 271 
267 268 268 268 

274 
199 199 
76 
328 
35 35 309 309 


152 
215 
214 314 467 
102 
143 143 
271 
159 159 232 232 454 454 
128 128 
184 184 
180 341 376 376 
329 
313 350 
5 259 377 393 441 458 
292 
159 305 343 343 477 482 
76 
76 76 76 295 509 509 
236 303 
39 39 159 
124 219 219 
7 157 238 238 271 296 310 374 374 374 375 375 505 
503 503 

55 56 60 79 83 83 83 117 117 129 147 148 148 184 191 191 192 201 230 237 267 275 275 278 344 344 356 415 432 438 460 487 487 
138 236 
233 233 
268 405 
357 
39 39 
76 423 
311 494 494 
325 325 358 
76 186 

110 110 176 288 401 
150 150 150 408 

401 
270 270 286 413 413 

330 
283 415 415 
5 

375 
70 70 184 409 409 
225 419 419 
184 
81 329 


11 334 334 385 385 385 
496 496 
271 
39 195 204 236 356 471 
191 191 204 204 204 239 
177 
251 251 
7 158 203 203 218 233 266 297 339 374 374 374 408 412 427 442 453 
158 160 
5 354 472 
206 405 405 
236 236 

415 
236 460 
184 184 184 496 
308 308 308 467 
67 192 347 347 421 
144 427 
177 254 415 415 
184 

251 382 413 413 

247 
81 184 
196 
184 426 
226 364 364 

397 397 397 408 408 
229 
169 233 425 425 425 
271 408 408 
347 347 
54 54 413 
177 

39 
230 
56 56 148 191 
227 392 392 
87 87 370 
184 354 
280 280 280 467 
35 35 210 210 
233 
243 
84 85 
224 
80 80 80 215 349 349 384 398 398 413 413 418 418 429 434 449 449 449 467 467 
31 336 486 

413 
413 413 

140 
42 96 
76 76 162 
42 359 
41 41 
72 153 153 244 244 
358 358 
7 
76 76 209 
81 165 165 223 261 
20 20 20 39 62 253 369 369 369 428 428 
22 
407 
413 
264 264 385 413 
174 413 413 
315 486 
199 199 
184 
145 271 381 408 427 452 453 464 464 470 470 470 
111 111 
222 

227 227 
69 69 173 236 236 447 447 447 
52 52 184 
76 
67 67 67 281 281 298 298 421 421 
84 
314 314 481 
224 
432 432 
402 402 
76 
5 21 21 41 151 184 273 307 411 411 490 502 
12 184 202 202 
236 267 
240 431 
72 72 89 141 193 193 244 326 326 413 413 466 466 466 503 
61 323 
76 76 

413 

152 292 292 
415 
184 
496 496 
137 
330 330 330 
306 
68 169 169 169 169 
36 106 190 
8 8 8 8 
154 233 233 233 271 271 271 417 417 442 
233 233 257 
222 222 
225 
101 101 

134 134 
64 64 139 339 408 408 
286 
75 75 415 432 463 
314 
264 264 264 334 413 
86 198 198 
124 
487 487 487 
22 22 81 81 82 142 461 461 497 


305 305 
225 
81 81 

184 
58 294 294 294 
314 314 
41 

110 110 247 250 
352 352 
427 427 427 
6 6 92 182 499 
39 239 274 274 
37 37 
332 
25 87 150 248 271 294 294 297 297 339 381 381 412 437 470 470 
258 258 

354 354 
271 408 
35 35 45 45 74 74 76 77 92 119 132 132 132 161 161 167 168 168 168 174 174 187 193 196 196 196 251 251 286 286 299 314 314 317 318 318 333 334 335 335 358 358 362 385 439 448 455 455 
22 108 497 497 
116 177 177 236 254 254 277 283 283 365 383 432 432 463 
65 
374 374 
80 95 314 314 
259 259 
98 98 441 
281 347 347 
76 
76 242 

296 296 296 
184 291 
271 282 339 403 403 403 
159 330 330 
314 

357 496 
236 351 351 383 415 415 460 
159 
314 

22 
408 
236 470 
161 161 413 
76 186 
1 1 18 18 98 225 420 
271 374 
5 
15 15 59 59 182 182 
41 41 
56 56 191 
344 344 344 
413 
314 314 314 
41 41 

339 464 464 
271 339 
4 124 131 219 219 
17 17 413 413 
184 184 462 462 

225 
47 
236 278 432 
389 389 497 
99 99 99 456 456 
63 383 415 
339 339 452 452 
86 184 
358 358 358 
215 280 308 314 314 
123 
159 159 
339 339 339 408 408 438 
195 267 
273 475 
185 
487 
472 
197 496 
39 39 39 188 227 
76 76 
193 193 
127 
349 
227 
180 

39 
31 315 336 489 489 489 
56 236 236 388 388 388 474 
184 
120 486 486 486 
51 184 354 

41 41 

155 155 155 155 243 243 
81 
100 197 197 265 265 279 367 367 431 476 
389 414 414 461 

404 
193 

354 
234 234 358 
5 5 88 
233 


5 5 
229 229 
159 159 

