Nodes: 512, Edges: 729
301 381 381 

28 91 182 
493 493 
454 
50 88 225 225 273 273 354 400 441 441 443 458 504 508 508 
404 
233 271 327 327 
224 373 

476 
264 

76 76 
117 
182 182 444 444 
41 



330 330 
31 
115 331 331 331 389 389 389 414 
171 

408 408 
158 408 408 408 
76 76 
2 178 183 
56 
180 180 
21 172 184 315 354 486 489 489 

67 67 192 

210 222 222 222 

406 
358 
62 159 166 166 241 267 267 302 330 405 485 485 485 

16 85 99 156 160 160 184 445 445 450 492 492 
321 321 
193 193 

413 413 439 
64 339 381 
76 
50 50 
236 
5 48 48 400 
490 490 
345 
225 
76 76 
195 
29 236 304 446 446 487 
415 
294 397 397 
444 

81 81 359 
39 330 
383 463 463 
46 381 
362 

33 33 192 192 281 347 
169 169 371 
344 344 
184 184 246 246 258 258 
330 
89 89 358 358 
94 
413 

13 13 27 27 47 54 54 107 109 162 162 186 186 199 199 199 207 207 208 228 229 242 242 242 245 322 328 328 346 346 360 360 413 423 440 478 478 
413 

236 
314 418 418 
61 61 82 82 113 184 184 261 329 329 359 359 359 389 394 495 
81 81 121 329 389 389 

312 348 348 
41 160 348 348 
465 465 508 
306 306 408 
5 
72 72 358 358 
358 358 
2 
404 413 413 

73 
418 
321 
290 

41 462 462 
197 197 496 
195 378 471 471 
216 
146 146 146 379 379 
507 
106 106 184 190 
105 105 190 
76 

76 
130 176 401 

184 184 
81 
367 367 
22 
177 177 177 184 
14 135 135 136 136 184 184 
364 364 
122 122 222 222 413 
486 
82 
119 119 

387 454 454 

185 
480 
220 220 413 413 
236 415 
110 177 177 389 389 389 
454 
413 
145 
354 354 380 
117 117 
117 117 
184 

294 381 
320 320 

389 
217 217 
282 
133 339 
103 103 103 
236 283 
389 
250 
248 408 

213 292 292 292 364 

374 
413 413 494 494 494 
41 450 

26 194 271 271 408 408 
39 205 205 219 219 227 227 231 231 305 402 433 433 477 511 511 
41 41 85 272 312 498 
413 439 439 
76 76 322 322 322 


329 
39 39 477 
220 

68 68 371 374 

23 
31 

222 335 376 413 
407 
110 247 
116 116 116 130 130 269 283 283 300 300 415 
28 

30 30 
367 
2 15 15 316 363 413 413 
28 495 
31 41 70 70 81 81 105 112 112 116 117 117 137 213 221 236 258 260 267 267 289 289 291 291 291 307 315 338 354 396 396 409 409 415 426 426 426 456 456 465 484 488 490 490 490 
126 473 491 491 
76 76 
413 413 
477 

105 106 372 
268 304 497 
33 67 67 236 281 
43 43 286 358 413 413 479 500 500 
158 
55 101 236 236 236 
290 290 373 413 
100 100 476 
508 
76 76 76 207 207 207 337 337 337 

415 415 
355 
271 
268 268 
159 159 
274 274 274 
76 76 199 199 199 478 
76 
328 
35 309 
460 
233 
152 184 
215 314 
214 314 
102 
143 143 
271 
159 159 274 402 454 454 
128 128 167 413 
184 
35 35 35 119 119 174 341 376 
329 329 
8 276 313 
5 5 53 377 377 393 393 441 458 458 458 
292 
159 159 305 392 392 477 477 482 
76 
76 295 509 
275 303 415 415 
159 159 
454 
7 212 238 271 296 310 310 375 
503 503 
487 
49 56 79 129 147 184 192 195 195 195 275 278 351 351 356 415 415 438 460 460 460 487 

233 
268 268 405 
476 476 
39 
76 76 76 
311 311 413 494 
358 358 
76 
70 70 
176 401 
150 408 408 

149 374 401 417 442 442 442 
270 286 413 413 


415 415 

273 354 
375 375 
70 70 184 
261 
184 
81 259 
364 364 410 
315 
11 334 

271 271 
39 39 184 184 268 471 
191 204 204 239 239 267 
177 415 
251 
7 158 158 203 218 233 266 266 287 297 339 339 354 375 391 391 401 408 412 453 
160 
5 5 256 354 472 472 475 
206 206 206 219 402 405 
230 236 
224 
415 
236 
496 496 
308 467 
67 192 421 
144 
147 177 177 


193 251 382 382 
271 

184 184 
97 196 196 
184 184 184 426 426 
152 152 152 226 364 364 

58 139 408 
229 
233 425 
271 408 
347 347 
413 413 
177 177 
0 339 
39 485 
230 415 
56 191 
159 227 
87 87 370 
184 354 396 465 
280 
210 
233 233 
243 243 
84 160 
224 
80 214 215 384 413 418 418 418 429 434 449 467 467 481 
31 184 263 336 486 486 
182 

413 413 

140 140 
42 42 96 323 
76 162 162 162 
321 359 

503 503 503 
358 
7 7 
76 76 209 
81 81 82 165 223 223 
20 20 39 62 71 369 428 
22 22 22 
407 
413 
264 385 385 
174 413 
315 486 486 
199 199 199 
184 446 
46 145 271 271 301 408 427 452 453 464 470 

222 


69 69 447 447 
52 
76 76 
67 298 298 421 421 506 506 
84 84 85 85 
481 

236 236 432 
402 

5 31 134 134 184 256 271 273 307 411 411 450 462 490 
202 
236 
367 431 496 496 
38 72 72 89 89 90 90 193 244 244 326 413 413 413 466 
61 81 81 81 323 
76 76 

65 413 
182 
118 118 152 262 262 292 292 410 410 
415 

114 114 181 357 496 
401 401 
330 
306 
68 169 
190 
8 196 
154 169 250 408 408 417 442 442 
233 257 257 271 
174 222 
225 225 
101 
103 103 
134 
0 0 46 64 139 395 
286 286 413 
63 415 415 432 
314 
334 334 413 

124 

22 22 22 81 82 82 130 130 130 142 148 461 461 497 

271 271 
227 227 
225 225 
81 495 495 
381 
184 184 307 
58 58 

445 
5 50 
110 247 250 271 368 368 
159 219 274 352 
427 427 
6 92 499 
39 239 274 
37 
175 332 
25 25 26 26 26 87 150 158 158 248 248 271 294 297 339 374 374 412 437 437 437 
184 184 
262 364 364 
354 354 
271 408 
45 45 74 76 77 92 92 119 128 128 132 155 155 161 174 182 182 187 187 193 193 196 220 243 251 251 299 299 314 318 318 333 335 358 358 358 362 382 385 439 448 
22 497 497 497 497 
57 129 177 184 201 201 230 230 236 236 254 254 269 277 303 365 383 383 432 432 463 

250 374 
80 80 95 314 314 314 

441 441 
281 347 347 

76 

296 
184 184 184 291 291 
339 403 403 
330 
314 

357 
351 383 415 415 460 460 
159 159 
314 


408 408 408 
236 470 
45 161 161 413 
76 
5 5 225 420 420 
250 250 250 374 374 468 
5 
15 15 59 
41 41 399 
56 56 338 
344 344 
413 
314 
41 156 354 

339 
271 339 
4 124 124 131 219 219 232 

184 184 462 491 491 

5 225 225 225 

211 236 236 236 432 432 
389 389 497 
99 99 354 456 
63 63 415 
339 
86 86 184 307 
358 
280 314 314 
442 

339 438 
101 101 267 
273 273 475 
185 
487 
273 472 
10 197 240 240 
159 166 188 227 227 
76 76 207 
193 
127 
314 349 
227 

184 
39 39 39 302 
31 120 315 315 336 336 489 489 
56 235 236 474 
184 
31 31 486 486 
51 51 184 184 184 354 
185 185 456 456 
41 41 
3 3 
155 155 155 243 
81 183 394 394 
100 279 279 357 357 367 
191 389 414 414 414 414 461 
160 
404 
193 193 


234 234 325 325 325 
5 

347 347 
104 
5 5 86 198 
229 

159 159 
