Nodes: 256, Edges: 626
18 190 190 236 
21 105 105 153 153 158 158 164 164 232 232 
153 
81 81 81 81 
14 18 18 32 32 138 138 208 208 
26 38 38 42 42 46 46 50 56 81 81 81 94 94 94 98 98 102 103 108 117 117 123 126 126 126 133 136 136 143 143 143 165 165 178 178 178 196 221 227 227 227 234 238 238 243 243 244 248 
212 212 212 
41 41 86 86 86 97 97 97 124 203 203 218 
71 71 81 81 81 131 215 215 228 247 247 
182 
14 14 14 
134 134 134 172 172 172 
227 227 
33 37 37 
4 10 10 10 18 18 32 47 51 51 138 139 139 146 152 152 163 163 180 180 180 208 208 
26 26 207 207 207 207 207 231 231 231 
78 89 93 95 95 
66 84 
0 4 4 14 14 60 61 61 63 80 80 90 90 152 152 152 186 192 206 206 

98 166 166 166 
1 45 45 52 52 52 71 131 140 140 151 153 153 228 228 
43 
192 
223 223 
81 81 153 153 153 
5 15 15 33 44 44 59 59 62 62 67 72 84 84 87 87 98 98 98 108 117 122 122 141 141 175 175 175 196 196 237 237 237 

88 88 
191 205 
64 64 175 175 182 196 196 196 230 230 239 
157 157 
4 4 14 
13 26 37 39 39 39 44 44 122 185 197 222 
137 
53 81 81 
203 203 
13 13 33 122 122 134 134 134 169 169 219 219 
5 5 
33 33 33 134 
203 203 
7 7 
5 5 81 81 
22 195 195 245 245 
26 26 33 33 59 59 59 188 
21 21 153 153 
5 5 56 56 56 221 221 221 
14 152 152 
152 245 245 
84 
5 254 254 254 
14 14 
21 21 21 
35 81 81 81 
127 127 
121 121 238 
5 46 46 46 181 181 227 227 
93 154 154 
203 245 245 245 252 252 
26 26 44 44 44 
18 152 206 236 250 250 
18 18 206 
26 26 
18 90 137 137 192 202 242 
30 30 175 175 196 196 196 196 
81 81 93 
17 
26 

223 223 223 
77 122 122 210 210 210 
8 8 21 131 228 247 247 
26 
134 
156 156 199 203 203 203 
147 171 171 203 203 205 205 217 217 233 

70 122 122 
16 89 93 93 93 

18 18 137 137 
3 3 3 3 5 5 5 8 8 8 25 25 35 35 42 42 53 53 53 65 65 93 93 125 153 153 173 173 176 176 228 228 238 238 238 251 251 251 
197 
113 113 177 177 177 177 204 
17 26 26 49 100 127 127 189 255 255 255 
128 128 128 
7 7 7 92 92 92 203 203 218 218 
26 26 237 237 
28 28 165 203 
16 78 93 93 93 
18 18 63 206 242 
121 238 238 
86 86 86 203 218 
16 57 65 78 78 78 81 81 89 89 89 111 111 111 154 176 176 201 224 224 
5 5 5 112 112 243 243 
16 16 
200 200 229 240 240 240 240 
7 7 7 
5 5 20 26 26 26 166 166 209 209 213 237 237 
251 
84 109 109 194 194 198 198 198 
145 
5 203 203 234 
5 
129 129 
1 1 
145 
119 152 152 152 
5 26 
100 100 127 127 194 194 198 216 216 216 
153 153 153 
93 93 93 
94 94 
83 83 145 177 177 177 204 204 246 246 246 

253 
203 
5 5 26 234 234 
188 
107 152 152 
155 155 170 170 206 206 
55 55 91 238 
26 26 33 37 37 70 70 77 77 142 210 
5 161 196 196 
7 
81 
5 5 5 203 
54 54 84 84 109 109 144 144 144 144 187 189 229 229 229 
85 85 85 228 
104 104 

8 21 71 228 
222 
5 227 227 
11 11 11 37 37 37 39 73 
175 175 
5 5 
34 63 63 80 80 202 202 
4 4 14 
14 14 
21 21 
26 26 
122 159 
5 5 5 149 149 203 221 221 
127 127 127 127 
101 106 113 204 204 204 246 246 
14 152 223 
75 205 
153 
143 143 203 

21 228 228 
14 14 18 18 18 47 47 48 60 107 107 107 119 119 146 157 163 163 223 223 223 225 
1 1 2 21 21 25 25 25 45 45 81 81 110 110 110 148 228 
57 57 93 241 
120 120 206 206 
74 74 199 203 
31 31 152 
1 1 164 164 164 
142 
251 251 
123 
238 238 
14 14 152 152 
1 1 158 158 158 232 232 
5 5 88 203 203 203 
20 20 20 98 98 209 
173 

37 37 222 
120 120 174 174 206 
75 75 205 
11 11 11 
81 81 167 
170 170 206 
26 26 26 30 30 64 64 135 135 
81 81 93 93 
83 83 83 83 113 113 113 
5 5 5 

14 14 14 
56 56 
9 30 196 196 

228 228 228 
33 
18 
127 
44 118 
84 127 
0 0 236 
29 205 
18 23 63 
237 253 253 253 
100 100 109 109 
43 43 204 245 245 
5 26 26 30 30 30 64 64 64 64 123 123 182 182 
33 82 
100 100 100 109 
74 156 
96 96 229 229 229 229 
93 
63 137 137 
7 7 36 36 40 40 58 74 74 74 75 75 86 86 88 92 102 102 116 126 143 149 156 165 165 165 220 220 220 251 251 252 
83 113 113 145 145 145 195 245 
29 75 75 147 171 191 
18 18 60 61 90 120 120 155 155 170 174 
15 15 15 15 15 
4 4 14 14 
98 98 166 
70 70 70 122 

6 6 6 222 
98 237 
252 252 
8 8 
109 109 109 
75 75 233 233 233 
7 86 86 92 
37 37 
203 203 203 
5 46 46 46 143 143 227 227 235 
33 132 169 212 
24 24 69 69 69 146 152 152 152 
93 93 
152 

5 5 5 12 12 56 56 133 133 221 221 
8 21 21 71 81 81 128 131 151 151 153 184 184 184 
96 127 127 127 200 200 200 200 
30 30 
15 15 15 
1 1 164 164 
75 217 217 217 
5 102 117 117 
221 243 
0 60 190 
26 26 26 87 87 98 98 193 213 
5 5 55 81 81 81 91 91 121 162 162 
30 
96 96 96 96 
154 
63 90 
5 5 94 94 235 
5 
43 43 48 48 58 58 58 195 195 204 
113 113 113 145 145 
8 8 71 71 
5 

60 60 
81 81 81 99 160 160 203 203 
58 58 203 214 214 
115 193 193 193 
50 50 50 
84 84 84 
