Nodes: 256, Edges: 626
18 18 18 18 236 236 
105 153 158 164 232 232 
153 
81 81 
14 18 32 138 138 208 208 
46 50 50 56 56 68 81 94 94 98 98 102 103 103 108 108 114 114 114 117 117 123 123 126 126 126 133 136 141 142 142 143 143 143 165 165 178 196 196 203 221 221 221 227 227 227 238 243 248 254 254 
212 212 
41 41 86 97 97 124 124 130 130 203 203 203 
71 71 71 81 81 131 168 168 228 228 228 247 
182 182 
14 14 
134 134 134 172 172 
227 227 227 
33 33 33 
4 10 10 18 18 32 32 47 51 138 139 139 139 146 146 152 152 163 163 180 180 208 
26 26 207 207 231 
78 78 78 93 93 93 95 95 
66 66 84 
0 0 0 0 4 14 14 60 60 80 80 80 80 90 152 152 186 186 192 192 192 206 
62 
98 166 166 166 
45 52 52 71 71 71 71 131 140 151 153 153 153 228 228 
43 
192 192 192 
223 
81 153 153 
15 15 44 44 59 59 62 67 67 67 70 72 84 87 98 98 117 122 122 141 196 196 213 231 231 237 

88 165 

64 64 110 123 175 182 182 196 196 196 230 230 239 239 

4 14 14 
13 13 13 39 39 39 39 44 44 122 122 185 185 185 197 211 222 
137 137 
53 53 53 81 
203 
122 122 134 134 169 169 169 219 219 219 
42 42 
33 33 33 33 134 
203 203 
7 7 
38 38 81 81 
22 195 216 245 245 
26 26 33 33 59 150 188 188 188 
21 148 148 153 153 
5 56 56 221 
14 152 
152 245 245 245 
84 
5 5 123 123 254 
14 137 
21 21 
35 35 35 81 81 
127 127 
121 121 238 238 238 
5 5 46 46 227 
93 93 241 
104 104 104 152 203 214 
26 26 44 
18 18 152 206 206 236 236 236 
206 206 
19 26 
90 90 137 137 192 202 242 
30 30 175 175 196 196 196 196 
81 81 
17 17 
26 26 26 
5 
223 223 
26 122 122 210 210 210 
8 8 8 21 21 21 21 131 131 228 228 247 
26 

156 203 203 
147 171 171 171 203 203 205 217 217 233 
152 
122 
16 16 16 93 93 
111 111 
18 18 18 18 137 137 
3 3 5 8 8 25 35 42 42 53 53 65 65 93 93 153 153 160 173 173 176 176 203 203 228 228 238 238 238 251 
197 
177 204 
17 26 49 100 100 100 127 127 127 183 183 189 255 255 255 255 
128 128 128 128 
7 92 92 203 203 218 218 
26 237 237 253 253 
28 165 203 203 203 
93 93 93 93 
18 63 63 206 206 206 242 242 242 
121 238 238 238 
86 86 203 
16 16 16 57 57 78 78 81 81 89 89 89 89 111 111 154 154 176 176 201 224 224 224 
5 5 112 243 
16 16 
127 127 144 229 240 240 240 240 
7 7 130 130 226 226 
5 5 20 26 26 166 209 209 213 213 237 237 
251 251 251 
84 84 84 109 194 198 
145 145 
5 203 203 203 234 234 234 
5 5 
58 58 58 129 
1 156 
145 145 204 
119 119 119 152 152 
5 5 
100 127 194 194 216 216 216 
30 153 
79 79 93 93 
94 
145 204 246 246 
5 5 5 
211 253 253 253 
203 203 
5 5 26 234 234 
188 188 188 
107 107 107 152 
155 155 206 
55 55 91 
26 26 33 33 37 37 70 70 77 
5 5 30 50 50 161 161 196 196 
7 7 

5 5 5 
54 54 84 84 84 96 96 109 144 144 187 189 216 216 229 229 
85 85 85 85 228 
104 
7 7 97 97 
8 21 71 71 
222 
5 227 227 
11 11 11 37 37 39 
175 
5 
34 34 51 63 63 80 80 202 202 
4 4 14 
14 14 14 
21 
5 26 
5 5 159 159 
5 5 5 149 203 221 221 221 221 
96 127 127 
101 101 106 106 113 204 246 246 246 246 
14 14 152 152 223 223 
75 
45 45 153 
143 203 203 
44 
21 228 
14 14 18 18 47 48 58 60 76 107 107 119 146 146 157 157 163 163 223 223 225 
1 2 21 21 21 25 25 45 45 81 81 110 148 179 179 228 228 
93 93 176 241 241 241 
120 120 206 
74 105 199 203 203 
152 152 
1 164 164 
142 142 
81 251 
123 123 
238 238 
14 14 152 152 
1 158 158 232 
5 5 28 88 203 203 203 
20 20 20 98 209 
173 173 
8 8 
37 37 37 
174 206 206 
75 75 75 205 
11 11 
81 81 167 167 176 176 
170 206 206 
30 64 64 135 196 196 
81 81 93 93 154 173 173 
83 
5 
153 153 
14 14 

9 9 30 30 196 
84 84 
228 228 228 
33 33 33 
18 18 
127 
44 44 44 118 118 118 
84 127 

205 205 
18 18 18 23 23 23 63 
237 237 253 
100 109 109 
43 204 204 204 245 245 
5 5 26 26 30 30 30 64 64 64 64 123 123 175 175 182 
33 82 
100 
156 
229 229 
93 
63 137 137 
5 7 7 7 36 40 40 58 74 74 75 75 81 81 86 86 88 88 88 92 102 102 102 116 116 143 149 149 156 156 165 165 165 251 252 252 
83 106 113 145 195 195 195 245 245 
75 171 191 191 
18 60 60 61 61 90 90 90 120 155 170 170 174 174 
15 15 
4 4 14 
98 98 166 
70 70 70 
33 115 
6 6 222 
26 98 98 
58 

43 109 109 109 127 127 
75 75 233 233 233 
86 86 
37 37 37 

5 5 5 46 143 143 143 143 227 
33 132 212 
24 69 69 146 146 152 152 
93 93 93 
152 
97 97 
5 5 5 12 12 12 56 133 133 221 
8 8 8 21 21 71 71 81 81 128 151 153 153 184 184 184 
96 127 127 200 200 
30 30 
15 26 26 
1 1 164 
75 217 217 217 
102 102 102 117 117 
243 
0 0 60 60 60 
26 87 87 98 98 193 193 
5 55 55 55 81 81 81 91 91 91 162 162 
30 30 
96 96 96 96 
57 154 154 154 
63 90 90 90 
5 94 235 

43 43 48 48 48 195 195 204 204 
113 113 145 145 145 145 
8 71 
5 


81 99 99 99 160 203 
203 203 
87 87 115 115 115 193 
5 5 50 
84 84 84 84 
