Nodes: 256, Edges: 626
18 18 190 236 
21 153 153 164 164 232 232 232 
153 153 
81 81 81 
14 18 208 
26 38 38 42 46 50 68 68 68 81 98 102 102 102 103 108 108 114 114 117 123 123 123 126 126 126 133 136 136 141 141 142 143 143 159 165 165 165 165 178 178 196 196 203 221 227 227 234 238 238 243 243 244 244 244 248 248 
212 212 
41 86 86 97 124 124 130 130 130 203 
71 71 71 81 81 81 168 168 215 228 228 247 247 
182 
14 
134 134 134 134 172 172 172 172 
227 
33 33 37 
4 10 18 32 32 47 47 51 51 138 138 139 139 146 146 152 152 163 180 208 208 
26 207 207 207 231 231 
78 78 89 89 93 93 95 95 
66 66 84 
0 0 4 14 60 60 61 61 63 63 80 80 80 80 80 90 90 152 152 152 186 186 192 192 206 206 
62 
98 166 166 
1 45 45 52 71 71 131 140 140 151 153 153 153 228 228 228 
43 

223 223 223 
81 153 
5 15 44 44 59 62 67 67 70 72 72 84 84 87 87 98 98 108 108 108 117 122 141 141 175 196 213 231 231 237 237 237 
110 
88 165 165 

64 64 123 175 182 196 196 196 230 239 239 
157 
14 14 
13 13 37 37 39 39 39 44 122 197 222 222 
137 
53 81 81 81 

13 33 33 134 134 134 134 169 169 219 219 219 
5 5 42 42 
33 33 33 73 134 134 
203 203 203 
7 
5 38 38 81 81 243 
22 195 245 245 
26 26 33 59 59 150 150 150 188 188 188 
21 21 148 148 153 153 153 
5 56 56 56 221 221 
14 14 152 
58 152 152 245 245 245 245 
84 
5 254 254 
14 14 61 
21 
35 81 81 
127 127 
121 121 238 
46 46 46 181 227 227 
154 241 241 
48 104 152 152 152 214 252 252 
26 44 44 
18 18 152 152 152 206 250 250 
18 18 51 206 
19 26 
18 18 90 90 90 137 192 202 202 242 242 
30 30 175 175 175 
81 93 93 93 
17 17 
26 26 
5 5 5 
223 223 
26 122 210 210 249 
8 8 8 21 21 228 228 247 
26 26 
39 134 
156 156 199 203 203 203 
147 171 171 171 203 203 203 205 205 217 233 233 

122 
16 16 89 89 93 93 
111 
18 18 18 18 18 137 137 
3 3 3 5 8 8 8 25 35 35 35 42 42 53 53 65 93 93 93 125 153 153 153 160 162 173 173 176 176 203 203 228 228 228 238 251 251 
84 197 197 
113 113 177 177 204 204 
17 26 26 49 82 100 100 109 109 109 127 127 183 189 255 255 255 
128 128 
7 7 92 92 92 203 203 218 218 218 
26 26 237 237 253 
28 165 
16 16 78 78 93 93 93 
18 18 63 63 63 206 242 
238 238 
86 86 86 
16 16 65 65 65 78 78 81 81 81 89 89 89 111 111 154 176 201 201 224 
112 112 243 
16 16 
127 127 229 229 240 240 
7 226 226 
5 20 26 26 209 209 213 213 237 
251 251 251 
84 84 194 194 
145 
5 5 5 203 234 
5 
58 129 

145 145 204 
119 152 152 
5 5 26 26 26 126 
84 84 84 127 127 198 198 216 216 
27 153 
79 93 93 
94 94 
83 83 145 177 204 204 204 246 
5 5 
253 253 253 253 
203 203 
5 26 234 
188 188 188 
107 152 
155 155 170 206 206 
55 55 
26 33 70 77 210 210 210 
5 5 5 30 161 161 196 196 
7 7 
81 
5 5 5 108 203 
54 54 84 84 96 96 109 109 144 144 144 187 187 187 189 216 229 229 
85 85 228 228 
104 
7 7 7 
21 228 
222 
5 227 227 
11 11 11 11 37 37 37 37 39 39 73 
175 175 
5 5 
34 63 80 80 202 202 
14 14 
14 14 
21 21 
5 5 26 26 
5 159 159 
5 5 149 149 149 203 221 221 221 
127 127 127 
101 106 106 113 204 246 246 246 
14 14 152 223 
75 
45 45 153 
143 143 143 203 
44 44 44 
21 228 228 
14 14 18 18 18 47 48 48 58 58 58 60 60 60 107 107 119 146 163 163 223 225 225 225 
1 1 2 2 21 21 21 25 45 45 45 81 81 81 110 148 179 179 228 228 228 
57 93 241 
120 120 206 
74 74 203 203 203 
31 
164 
5 142 142 
81 251 251 
123 123 
81 238 238 238 
14 152 152 
1 1 158 232 
5 5 5 5 28 28 88 203 203 203 
20 20 
173 173 173 
8 8 
37 37 222 
120 
75 75 75 
11 11 11 11 
81 81 167 167 167 176 
206 
26 30 64 64 64 135 135 196 
81 81 93 173 
83 83 113 
5 5 
153 153 
14 
56 
9 30 
84 
228 

18 18 
127 127 127 
44 44 44 118 118 118 
84 127 
0 236 
205 
18 18 63 
237 237 253 253 
100 100 
43 204 204 245 245 
5 5 26 30 30 30 123 123 175 
33 82 82 
109 109 
74 
229 229 
93 93 
63 63 137 137 
5 7 40 40 40 74 74 74 75 75 75 81 81 86 86 102 116 116 126 143 149 156 156 156 165 165 165 220 251 251 
83 83 106 113 113 113 145 195 195 245 
75 75 191 
18 18 60 61 90 120 120 155 174 
15 15 15 
4 14 14 
98 98 
70 70 122 122 122 

6 6 
26 98 98 237 
58 252 
8 
109 109 127 
75 233 233 
86 86 86 
37 37 37 
203 251 
5 46 46 143 143 143 227 
33 33 132 169 
24 24 24 69 69 146 152 
93 
152 152 152 
97 97 
5 5 12 56 56 133 133 221 
8 8 21 21 21 71 71 81 81 81 128 128 131 151 151 153 153 153 184 
96 96 127 127 200 200 
30 
15 15 26 26 
1 1 1 164 
75 75 217 217 
5 102 117 

0 190 
26 26 26 87 87 98 193 193 213 
5 5 55 81 91 91 162 162 162 
30 30 
96 96 
57 57 154 
63 63 90 
5 5 42 94 
5 5 5 
43 43 48 48 48 48 195 195 204 
113 145 145 145 
8 8 71 
5 5 
70 
60 60 
81 81 99 99 99 160 160 203 203 220 
58 58 214 
87 115 115 115 115 193 193 
50 50 
84 84 84 
