Nodes: 256, Edges: 626
18 18 190 190 236 
21 21 105 105 158 164 164 232 232 232 
153 153 153 
81 81 81 81 
14 14 14 18 18 138 208 
26 26 38 42 46 46 50 56 56 68 81 94 98 98 102 108 114 114 117 123 126 126 126 133 136 136 141 143 159 159 159 165 165 178 178 178 196 203 203 221 227 234 234 238 238 248 
212 
41 41 86 86 97 97 124 130 203 203 203 218 
71 71 81 81 168 168 168 228 228 228 247 
182 182 
14 14 14 
134 134 134 172 
227 
33 37 37 
4 4 4 10 10 10 18 18 32 32 47 47 47 51 138 138 139 139 152 152 163 163 180 180 208 208 208 
207 207 207 207 231 
78 78 89 93 95 
66 66 66 66 84 84 84 
0 0 4 4 14 14 60 60 61 63 80 80 80 80 90 90 152 152 152 186 186 192 206 
62 
98 166 166 
1 1 45 45 52 71 71 71 131 131 140 153 153 153 228 228 228 

192 
223 
81 81 
5 5 33 44 44 44 59 59 67 67 84 87 87 108 108 122 141 175 175 175 196 213 231 231 237 237 

88 88 165 165 
205 
64 175 175 182 182 196 196 230 230 230 239 
157 
14 14 
13 26 37 37 39 39 44 122 122 134 134 185 185 197 197 211 222 222 
137 137 
81 81 
203 203 
13 13 33 33 122 134 134 169 169 219 219 219 
5 42 
33 33 134 
203 
7 7 
5 38 81 243 243 

26 26 26 33 59 59 59 150 150 188 188 
21 21 148 148 153 153 153 
5 5 56 56 56 221 221 
14 14 14 152 152 
152 152 245 245 245 
84 
5 254 254 254 
14 137 
21 
81 81 
127 
121 121 238 
5 5 46 46 46 181 181 227 
93 241 241 241 
203 203 203 252 252 252 
26 26 44 44 44 
18 18 152 152 206 206 236 250 250 250 250 
18 206 206 
19 
18 90 137 137 137 202 202 202 242 
30 175 175 196 
93 93 
17 17 17 17 
26 26 
5 
223 223 
122 122 122 210 249 
8 8 21 21 21 131 228 228 247 247 


156 156 199 203 203 
171 171 203 203 217 233 233 

122 122 
16 16 89 
111 111 
18 18 18 18 137 
3 3 3 3 5 8 8 25 25 35 35 42 53 53 93 93 93 153 153 153 160 160 173 176 203 203 203 228 228 238 238 238 251 
197 197 197 
113 113 177 177 177 204 204 
17 17 17 26 49 100 127 127 183 189 189 255 255 
128 128 128 
7 7 92 92 92 203 203 203 218 218 
26 26 237 253 
28 28 165 165 203 
16 78 93 93 93 93 
18 18 63 206 
121 121 
86 86 86 203 218 
16 57 65 65 81 81 81 89 89 89 89 111 111 154 154 154 176 176 176 201 224 224 224 
5 243 
16 
127 127 144 200 229 229 240 240 240 240 
7 7 130 
5 5 20 166 166 209 209 213 237 237 237 
251 
84 109 194 194 198 198 
145 145 
5 203 203 234 234 

129 152 
1 1 
145 204 204 
119 119 119 152 152 
5 26 26 126 126 
100 194 198 216 216 216 
153 
79 79 93 93 

83 83 145 177 177 204 204 
5 5 
253 253 253 
203 203 
5 234 234 234 
188 188 
107 107 107 152 152 
155 155 155 170 170 170 206 206 
55 55 91 91 238 
26 33 33 37 70 70 70 77 77 210 
5 161 161 161 196 
7 

5 5 5 108 108 203 203 
54 84 84 96 96 144 144 187 187 216 229 229 
85 85 85 228 
104 
7 97 
21 21 71 
222 222 
5 227 
11 11 11 33 33 37 37 39 
175 
5 5 
34 34 51 63 63 63 80 202 
4 14 14 
14 14 
21 
5 26 
159 
5 203 221 221 
96 127 127 
101 101 106 113 204 204 204 246 
152 223 
205 
45 45 153 
203 203 
44 44 
228 228 
14 14 18 18 18 47 47 48 48 60 60 104 107 107 119 119 146 157 157 157 163 163 163 223 225 225 
2 2 2 21 21 21 45 45 45 81 81 81 110 148 179 179 228 228 228 
93 93 93 176 176 176 241 
120 120 120 206 206 
74 74 199 203 203 203 
31 152 152 152 
1 164 
5 5 5 142 
81 81 251 251 
123 123 123 
238 
14 14 152 152 152 
1 1 158 232 
5 5 28 28 88 88 203 203 
20 20 98 98 209 
173 173 
8 8 8 
37 37 
120 120 120 174 174 206 
75 75 205 
11 
81 167 167 176 
170 170 206 
26 26 26 30 30 64 64 135 
81 93 93 93 154 154 154 173 
83 83 83 113 113 
5 5 5 
153 153 
14 14 
56 56 
9 9 30 30 196 
84 
228 
33 33 
18 18 
127 127 
44 44 118 118 
84 84 
0 0 236 
205 
18 23 
237 253 253 
100 100 109 
204 245 245 
5 26 30 30 64 123 182 
33 33 82 82 82 
100 100 109 255 
74 156 
96 229 229 229 229 
93 
63 63 63 137 
5 5 7 7 7 36 36 40 58 58 58 74 74 75 75 81 81 81 86 86 86 88 92 102 102 116 116 126 126 143 149 149 156 156 156 165 165 220 251 251 
83 83 106 106 113 113 145 145 145 195 245 245 
29 147 171 191 
18 60 60 61 61 90 120 120 155 155 170 174 
15 15 15 15 
4 14 14 14 
98 98 166 
70 122 
33 
6 222 
26 98 237 
252 252 252 

109 109 109 127 
75 233 233 
7 86 86 92 
37 37 37 
203 251 
5 46 46 143 143 227 235 
33 33 132 132 212 
24 69 69 146 152 
93 93 93 
152 152 

5 12 56 133 221 
8 8 8 21 21 21 71 71 81 81 128 151 151 153 153 153 184 
96 96 127 127 200 200 200 200 
30 30 30 
15 26 26 
1 1 1 164 
75 75 217 217 
5 5 102 102 117 117 117 
221 243 
0 60 190 
26 26 87 98 98 98 193 213 
5 5 55 81 81 81 121 162 
30 
96 96 96 96 
57 57 57 154 
63 
42 42 94 235 

48 48 48 195 195 204 204 
145 
8 71 71 
5 
70 
60 60 60 60 
81 99 160 160 203 203 220 
58 58 58 214 214 214 
87 115 115 115 193 193 
50 50 50 
84 84 198 
