Nodes: 256, Edges: 626
18 190 
21 21 105 153 158 164 
153 153 
81 81 81 81 
14 18 18 32 138 
26 38 42 42 46 46 50 81 81 94 94 102 103 108 114 117 117 123 126 126 126 133 133 136 136 141 141 142 142 143 143 143 159 159 165 165 178 178 196 203 203 221 221 227 234 234 238 238 243 243 248 248 
212 212 
74 74 86 97 97 124 130 130 203 203 203 218 218 
71 71 71 81 81 131 168 215 215 228 228 228 247 247 

14 14 14 
134 172 172 
227 
33 33 
4 10 10 10 18 18 18 32 138 138 138 139 139 146 152 163 163 163 180 180 208 
26 207 207 207 231 
89 93 93 93 
66 66 66 84 84 
0 4 4 14 14 14 60 60 61 61 63 80 80 80 90 90 152 152 180 186 192 206 

98 166 
1 1 45 52 131 140 151 153 153 228 

192 
223 223 223 
153 
5 15 33 59 67 70 72 72 84 84 87 87 98 108 108 108 117 117 122 141 141 141 213 213 231 237 237 
110 
88 88 165 165 
205 205 
64 175 182 196 196 230 239 239 239 
157 
4 14 
13 13 26 37 39 39 39 44 122 122 134 134 185 185 222 222 
137 137 
53 81 81 81 
203 203 
33 122 134 134 134 169 169 219 219 219 
5 42 42 
33 33 33 73 134 134 
203 203 

5 5 38 38 
195 195 245 245 245 
33 150 150 188 
21 153 153 153 
5 5 56 221 221 
152 
58 152 152 245 245 
84 84 
5 123 254 254 

21 
35 
127 127 
121 121 121 238 
46 181 227 
93 93 93 154 154 241 241 241 
48 104 104 152 214 245 245 252 
26 
18 18 76 152 152 206 206 206 236 250 
18 18 206 206 

18 90 90 137 137 137 192 202 242 
30 175 175 175 196 196 196 
81 93 93 
17 17 17 
26 

223 223 
26 77 122 122 210 249 249 
8 8 8 131 131 228 247 
26 26 
39 
7 7 156 156 199 203 
147 147 171 203 205 205 217 217 217 233 233 
60 152 
70 122 122 
89 93 93 93 93 
111 111 111 
18 18 18 137 137 
3 3 3 3 5 5 8 8 35 35 35 65 93 93 93 153 153 160 162 162 173 176 176 176 203 228 228 238 251 
197 197 
113 177 204 204 
17 17 26 26 49 49 100 109 109 127 127 127 183 189 255 255 255 
128 128 
7 92 92 203 
26 26 237 253 
28 28 165 165 165 203 203 
16 78 93 93 
18 18 63 63 206 242 242 
121 121 121 238 238 
86 86 203 203 
16 16 16 57 57 57 65 65 78 78 78 78 81 81 81 89 89 111 111 111 154 176 176 176 201 224 
5 5 112 112 243 243 243 

229 240 240 240 
7 7 130 130 226 226 226 
20 26 166 209 213 213 237 
251 251 251 
84 198 198 
145 
5 203 234 234 
5 
58 58 129 
1 156 
145 145 204 
119 152 152 152 
5 26 26 26 126 126 126 
84 84 194 194 194 198 198 216 216 
27 153 
79 79 79 93 93 93 
94 94 
83 177 177 204 204 246 
5 
253 253 253 253 
203 203 
5 5 26 26 
188 188 188 
107 
155 155 155 155 170 170 206 206 
55 55 55 91 91 91 238 238 
26 33 33 37 70 70 77 77 142 210 
5 50 161 161 196 196 
7 

5 5 5 108 108 108 203 
54 54 84 84 84 144 144 144 144 189 189 216 216 229 
85 85 228 
104 
7 7 97 97 
8 21 71 71 
222 222 
5 5 227 
11 33 33 37 37 37 39 39 
175 175 
5 5 
34 34 63 63 63 80 80 202 202 
4 14 14 14 
14 14 
21 
5 5 26 26 26 
5 5 122 159 
5 5 5 149 203 203 221 221 
127 127 127 127 
101 106 106 204 204 204 246 246 246 
14 223 
75 75 
153 153 
143 203 233 
44 44 
21 228 228 228 
14 18 18 47 48 48 58 60 60 76 107 107 107 163 163 223 225 
1 2 2 21 21 25 45 45 45 81 81 110 148 148 179 179 179 228 228 
57 57 93 176 241 
120 120 120 120 206 
74 74 105 199 199 203 203 
31 
1 164 164 
5 5 142 
81 251 
123 123 
81 81 
14 14 14 152 152 
1 158 158 232 232 
5 5 28 28 88 88 88 203 203 203 
20 98 209 
173 173 173 
8 
37 37 222 
120 120 206 206 206 
75 205 205 
11 11 
81 167 167 167 176 176 176 
206 206 
30 64 64 64 135 135 196 
81 81 81 93 93 93 154 173 173 173 
83 113 113 
5 5 
153 153 153 
14 14 18 
56 
30 196 196 
84 
228 228 
33 33 
18 

44 118 118 118 
84 127 127 
0 236 
205 
18 23 63 
237 237 253 253 
109 109 109 
43 43 204 204 245 245 245 
5 30 30 64 64 64 123 123 175 182 182 
82 82 
100 100 109 109 
74 156 156 
229 229 229 229 
93 
63 137 137 
5 5 7 7 7 36 36 40 40 74 75 81 86 88 88 92 92 102 116 116 126 143 143 149 156 156 165 165 165 220 251 251 251 
83 83 106 113 113 145 145 145 195 195 245 245 
29 29 75 75 171 171 191 
18 60 60 60 61 61 90 120 120 155 170 170 170 174 174 
15 15 15 
14 
98 166 
70 122 

6 6 222 222 222 
26 26 98 98 237 
58 252 252 
8 8 241 
109 109 127 127 
75 75 75 233 
7 7 
37 37 37 
203 251 
5 5 46 46 143 143 227 227 227 235 
33 33 132 132 169 212 212 212 
24 24 24 69 69 146 152 
93 
152 
97 97 97 
5 12 56 133 221 221 221 
8 8 8 21 71 81 81 128 151 151 151 153 153 184 184 
96 127 200 200 200 200 
30 
15 26 
164 164 
75 75 149 217 
5 5 102 102 
221 
60 190 
26 26 87 98 193 193 213 
5 5 55 81 91 91 121 121 
30 30 30 
96 96 96 
57 57 57 154 215 
63 90 90 
5 5 94 94 94 

43 43 43 48 48 58 58 195 195 195 204 204 
113 145 145 145 
8 8 71 
5 5 
70 70 
60 
81 99 99 99 160 203 203 203 220 
58 214 214 
87 115 115 115 115 193 193 
50 50 
84 84 84 
