Nodes: 256, Edges: 626
18 18 18 190 190 190 236 
21 105 153 153 164 232 
153 
81 81 81 
14 18 18 32 138 138 138 
26 26 38 42 42 50 50 50 56 68 68 68 81 81 98 102 103 103 114 114 117 123 126 126 133 133 136 141 141 141 142 142 143 143 159 159 159 165 165 196 203 221 221 227 227 234 238 243 243 244 244 248 248 254 
212 212 212 
41 74 86 86 86 97 97 124 124 130 130 203 203 203 218 
168 168 215 215 215 228 247 247 
182 182 
14 
134 172 172 
227 227 
33 37 
4 10 18 18 18 47 51 51 51 138 139 146 146 152 152 152 163 163 180 180 180 208 
26 207 207 231 
78 78 78 89 93 93 
66 84 84 
0 0 0 4 4 14 14 14 60 60 61 63 63 80 80 80 90 90 180 192 192 206 
62 62 
98 166 
1 45 52 71 71 131 131 140 153 153 228 228 

192 192 
223 

5 5 15 33 44 44 59 62 67 67 70 70 70 72 72 72 84 84 98 108 108 117 141 141 175 196 196 196 231 
110 
88 88 165 165 
191 205 
64 64 175 175 196 196 196 230 230 230 239 
104 157 
4 
13 26 37 39 39 39 39 44 122 134 134 185 185 185 197 197 211 211 

53 53 53 81 81 81 
203 
13 33 122 122 134 134 134 134 169 169 169 219 219 
5 42 42 
33 33 33 33 73 
203 203 203 
7 
5 5 38 38 81 81 
216 245 
26 26 33 59 59 150 150 188 188 188 
21 148 153 
56 56 221 221 
14 152 152 152 
152 152 152 245 245 
84 84 84 
5 5 5 123 254 254 254 254 
14 14 14 
21 
35 35 35 81 
127 
121 238 
5 46 46 181 227 
93 93 93 154 154 241 241 241 
104 152 214 214 245 252 
26 44 44 
18 18 76 152 206 206 236 236 250 250 
18 206 206 
19 19 26 
18 18 90 90 137 137 137 192 202 242 242 
30 30 175 196 196 
81 81 81 
17 
26 26 
5 5 5 
223 223 223 223 
26 26 26 122 122 122 210 210 210 249 249 249 
21 21 131 228 
26 26 26 
39 134 
7 156 156 199 203 203 
147 147 171 203 203 205 217 217 217 233 233 
60 
122 
16 16 16 93 
111 111 
18 18 18 137 137 
3 3 3 5 5 35 35 35 42 42 53 65 65 65 93 93 93 160 162 162 173 173 176 176 203 238 251 
197 197 197 197 
113 177 177 204 204 
17 17 26 26 49 49 49 127 127 183 189 189 255 
128 128 128 
7 7 7 92 92 203 203 218 218 
237 253 253 
28 28 165 165 
16 93 93 93 
18 18 63 63 206 206 242 242 
121 121 121 
86 86 203 218 
16 16 57 57 57 78 81 81 81 89 89 89 111 111 111 154 154 176 176 201 201 224 
112 243 

127 127 200 200 229 240 240 240 240 
7 7 130 226 
5 20 26 166 166 209 209 209 237 237 237 
251 251 251 
109 194 198 198 
145 145 
5 203 
5 5 
31 58 129 
1 
145 204 
119 119 119 152 152 
26 26 126 126 
100 127 194 194 194 216 216 216 
27 
79 79 93 93 93 
94 
83 145 145 177 177 204 204 246 
5 5 
253 253 
203 203 203 
5 26 
188 
107 107 107 152 
155 155 155 155 170 206 206 
55 91 91 91 238 238 238 
33 37 37 70 70 70 77 
5 50 161 161 161 196 
7 7 

5 5 108 108 203 
54 84 84 96 96 109 144 187 187 187 189 229 
85 85 85 228 
104 
7 7 97 
21 21 71 228 
222 222 
5 5 227 227 227 
11 33 33 37 37 37 37 73 
175 175 175 
5 
63 63 63 80 80 202 202 
4 4 4 14 
14 
21 
5 5 5 26 26 
5 5 159 159 
5 5 149 203 
127 
101 101 106 113 113 204 204 246 246 246 
14 14 152 152 152 223 223 223 
75 75 205 
45 153 
143 
44 44 
228 228 
14 14 14 47 47 47 48 48 48 58 60 107 107 119 146 146 146 157 157 163 223 225 
1 1 2 21 21 45 148 179 179 228 228 228 
57 57 93 93 241 
120 120 120 120 206 
74 74 199 203 203 
31 152 152 
164 
5 5 5 142 142 
81 251 251 251 
123 123 123 
81 81 238 238 
14 14 152 
1 158 232 232 232 
5 5 28 28 88 88 203 203 
20 98 98 209 209 209 
173 173 
8 8 
37 37 37 222 
120 174 174 206 
75 
11 11 
81 81 167 167 176 
170 170 206 206 
26 30 30 64 135 135 135 196 196 
81 81 93 93 173 
83 83 113 113 

153 153 
14 14 14 18 
56 
9 9 196 
84 
228 
33 33 33 

127 127 127 
44 44 44 118 
84 84 127 
0 0 0 
29 205 205 
18 18 23 23 63 
237 253 253 
100 109 109 109 
204 245 
5 26 26 26 30 30 30 64 64 123 175 175 182 
33 33 82 82 82 82 
100 100 255 
74 156 
96 96 229 229 229 
93 93 
63 137 137 
5 7 7 7 36 40 40 40 74 74 75 75 81 86 86 92 102 116 116 116 126 143 156 156 165 165 220 251 252 
83 83 106 113 113 145 145 195 245 245 
29 75 147 191 191 
18 60 60 61 61 90 90 120 120 155 170 174 174 
15 15 
14 
98 98 98 166 166 166 
70 70 70 
33 33 
6 6 6 222 222 

58 58 
8 8 8 
43 109 109 109 
75 75 75 233 
7 86 86 92 
37 37 
203 251 251 
5 5 46 46 227 227 227 
132 132 169 212 212 
24 69 69 69 69 146 146 146 152 
93 
152 
97 
5 5 12 12 56 133 133 133 221 221 221 
8 21 21 71 128 131 151 151 153 153 153 184 
96 127 200 200 200 
30 30 30 
15 26 
1 164 164 164 
75 75 217 
5 
243 
0 60 60 
87 98 98 98 193 
5 55 81 121 121 121 162 162 
30 
96 96 96 96 
57 57 57 154 
63 63 90 90 
5 5 94 235 
5 5 
43 48 48 58 195 204 204 
113 145 145 145 
8 8 
5 5 
70 70 70 
60 60 
81 99 99 99 160 160 160 203 220 220 
58 203 
87 87 115 115 193 193 
5 50 50 50 50 
84 198 
