Nodes: 256, Edges: 626
18 18 18 190 236 
21 21 158 158 164 232 
153 153 
81 81 81 
14 14 14 18 18 32 138 208 208 
38 42 42 46 46 50 50 50 56 56 68 68 68 81 94 94 98 98 103 103 103 108 108 114 117 117 123 123 126 126 133 133 136 136 141 141 142 143 143 143 159 165 165 196 196 203 221 221 227 227 227 234 234 243 243 244 248 248 

41 41 74 74 86 86 124 124 124 130 203 
71 81 168 247 247 
182 182 
14 14 14 
134 172 172 172 
227 227 
33 
4 4 4 10 10 10 18 18 18 32 32 47 51 51 139 146 146 152 152 163 163 208 
26 26 207 207 207 207 
95 
66 66 66 66 84 84 84 
0 0 0 4 4 14 14 14 60 60 61 63 63 80 80 90 90 180 186 192 206 206 
62 
166 166 166 
1 1 45 45 52 71 71 71 71 131 131 131 140 140 151 153 228 228 
43 
192 192 
223 
81 153 153 153 
15 15 33 44 59 59 59 62 67 70 84 84 87 87 98 108 122 141 141 141 175 175 196 196 213 231 231 237 237 
110 
88 165 165 165 191 
205 
64 123 175 182 182 230 230 239 239 239 239 
157 
4 14 14 
13 26 37 37 39 39 39 122 122 134 185 185 197 197 211 222 222 222 
137 137 
53 53 53 
203 203 
33 33 122 122 122 134 134 134 169 219 
5 42 42 
33 33 33 134 
203 203 
7 7 
5 5 38 38 81 81 81 243 243 
22 195 245 245 245 
26 59 59 150 150 150 188 
21 21 148 148 153 153 
5 5 56 56 56 221 221 221 221 
14 152 
152 245 245 245 
84 84 
5 5 5 254 254 254 254 
14 14 61 137 
21 
35 35 35 81 

121 121 
5 5 46 46 46 181 227 
93 93 154 154 241 
104 104 152 152 203 214 245 251 252 
26 26 26 44 44 
18 18 76 76 152 152 206 236 236 250 250 250 
18 51 206 
19 26 
18 18 90 90 90 137 192 242 242 
30 175 175 196 
81 81 81 93 
17 17 17 17 
26 
5 5 5 
223 
26 77 122 249 249 
8 21 21 21 21 228 247 


7 7 86 156 199 203 
147 147 203 203 205 233 
60 60 152 
70 122 
89 93 93 
111 
18 18 137 137 137 
3 3 3 5 8 25 42 42 42 53 65 65 65 93 125 153 160 160 162 162 176 176 176 203 203 203 228 228 228 251 251 
197 197 
113 113 177 177 204 204 
17 17 17 26 26 49 49 100 127 183 189 189 255 255 255 
128 128 
7 7 74 92 92 92 203 203 218 218 
26 26 237 253 
28 165 203 203 
78 93 93 93 93 
18 18 63 63 63 206 206 242 
238 
86 86 86 203 218 
57 57 65 78 78 81 89 89 89 89 111 154 176 201 201 224 224 
5 5 112 243 243 
16 
127 127 144 200 240 240 
130 130 130 226 
5 5 26 166 209 209 209 237 237 237 
251 251 
84 109 109 198 198 
145 145 145 
203 234 
5 5 5 
58 58 152 152 
156 
204 204 
119 119 152 152 152 
5 5 26 126 126 126 
100 100 127 194 198 198 216 
27 153 153 153 
79 93 
94 
83 83 145 177 204 204 204 246 246 246 
5 
211 253 
203 203 
5 5 234 234 
188 188 
107 107 152 152 
155 155 155 155 206 206 
55 55 238 
26 33 33 37 37 37 70 77 142 210 210 
5 5 30 161 196 
7 7 7 
81 
5 5 108 108 108 203 203 
84 96 96 109 144 144 144 187 187 189 189 216 
85 85 228 228 

7 97 97 97 
21 21 21 228 

5 5 227 227 
11 33 37 37 37 39 
175 
5 5 
34 34 51 63 80 80 80 202 202 
4 
14 
21 21 
5 5 26 26 26 
5 122 159 159 
5 5 5 149 203 221 221 
96 127 127 127 
101 101 101 113 204 204 246 246 
14 14 152 
75 75 
45 45 153 153 
143 203 233 
44 44 44 
21 228 
14 14 47 48 58 58 60 60 76 104 104 107 107 107 119 119 146 157 157 163 223 223 225 
2 2 21 25 25 25 45 45 81 110 110 110 148 148 179 179 228 228 
57 57 93 176 176 241 241 241 
120 120 120 120 206 
74 105 199 199 203 203 
31 152 152 
1 1 
5 142 142 
81 81 251 
123 
81 81 238 238 
14 14 152 
1 232 232 
5 5 28 28 28 88 203 203 
20 20 20 98 209 209 209 
173 
8 
37 222 
174 174 206 
205 205 205 
11 11 11 
167 176 
170 170 206 206 
26 26 30 64 64 135 
81 81 81 93 154 154 173 
83 83 113 

153 153 
18 
56 
9 9 30 30 
84 
228 228 
33 33 
18 
127 127 
44 118 118 
84 84 127 127 
0 236 
28 205 205 
18 23 23 63 
237 237 253 253 
109 
43 204 204 245 
5 5 26 26 64 123 
33 33 82 82 
100 100 109 109 255 
74 156 156 
96 229 229 
93 93 
137 137 
5 7 36 36 40 40 58 74 75 75 81 81 81 86 86 88 88 92 102 116 116 126 126 143 149 156 156 165 165 220 220 251 251 252 
83 83 106 106 113 113 113 145 145 195 195 245 
29 75 171 171 171 191 191 
18 18 60 61 90 90 120 120 155 170 174 174 
15 15 15 15 
4 4 14 
98 98 98 166 166 166 
122 122 
33 115 
222 222 
26 
58 252 252 

109 127 
233 
86 86 92 
37 
203 203 251 251 
5 5 46 46 46 46 143 143 227 227 
33 33 33 169 212 212 
24 69 152 152 
93 93 
152 
97 
5 5 5 12 12 56 133 133 221 221 
21 21 71 81 81 81 128 128 131 151 153 153 184 184 
200 200 
30 30 
26 26 
1 164 164 
75 149 217 
5 5 102 117 117 

0 60 60 190 
26 26 87 98 98 98 193 193 
91 121 162 162 
30 30 30 30 
96 96 
57 154 154 154 
63 63 90 
5 5 42 42 94 94 
5 
43 43 43 48 48 48 58 195 204 
113 113 113 145 145 
8 8 71 
5 5 
70 70 
60 60 60 
58 81 81 99 99 160 203 203 220 220 
58 203 214 214 
87 115 193 193 
50 50 50 50 
84 84 84 198 
