Nodes: 256, Edges: 626
18 18 18 18 190 
153 153 158 164 232 232 232 
153 153 153 
81 81 81 
14 14 18 32 32 208 208 
26 38 38 38 42 42 50 56 56 68 81 81 94 94 98 98 102 114 114 114 117 126 136 142 142 143 165 165 196 196 196 203 203 221 221 227 227 227 238 238 243 243 243 244 248 248 254 
212 
41 41 41 86 86 86 97 124 124 130 130 203 203 203 218 
71 71 71 81 81 81 131 168 168 215 215 228 228 247 247 
182 

134 134 134 172 
227 227 
33 33 
4 4 18 18 32 32 47 51 51 138 139 146 146 146 152 152 163 180 180 208 208 
26 26 26 207 207 231 
78 78 89 89 93 93 95 95 
66 66 84 
0 0 0 0 4 14 14 60 60 61 80 80 80 80 90 152 180 186 186 186 192 192 206 206 
62 62 
98 98 
45 52 52 52 71 140 140 151 153 228 228 
43 
192 192 
223 223 223 223 
81 153 153 153 
5 15 15 15 33 44 44 44 59 62 62 67 70 72 84 87 87 98 117 117 122 141 141 175 175 196 213 213 231 231 237 237 

88 88 
191 205 
64 64 110 123 175 196 230 230 239 239 
104 157 
4 4 14 14 
13 13 26 37 39 39 39 44 44 44 122 122 134 185 185 197 211 222 222 222 
137 137 
53 81 81 
203 203 
33 122 134 150 169 219 
5 5 5 42 42 
33 33 33 73 134 134 
203 
7 7 7 
5 5 38 38 81 243 243 
22 195 195 195 245 245 
26 26 26 33 33 33 59 59 150 188 188 
21 148 153 
56 56 56 221 
14 152 
152 245 
84 
5 123 254 254 254 254 254 
14 14 
21 21 21 
35 81 
127 
121 121 238 238 238 
5 5 46 46 46 181 227 
93 93 241 241 241 
203 214 214 252 
26 44 44 
18 18 76 76 152 152 206 206 250 250 250 
18 206 
19 19 26 26 
90 137 137 192 202 202 
30 30 175 175 196 196 
81 81 93 93 
17 17 
26 
5 
223 
26 122 210 210 249 249 
8 8 8 21 131 228 228 
26 
39 134 
156 199 203 
171 203 203 203 205 205 205 217 217 233 
60 60 
122 122 122 
16 16 89 93 

18 18 18 18 137 137 
3 3 3 5 5 8 8 8 25 35 35 42 53 65 65 93 93 93 125 153 153 153 160 162 162 162 173 173 176 176 176 203 228 228 228 238 238 238 251 
197 197 
113 113 177 177 204 204 
17 26 49 100 100 109 127 183 189 189 189 255 255 255 255 
128 
7 7 7 92 92 203 203 218 218 
26 26 237 253 253 253 
28 28 165 203 
16 16 78 93 93 93 93 
18 63 206 206 
121 238 238 
86 86 
16 16 57 57 65 65 78 81 81 81 89 89 89 89 111 111 154 176 201 201 224 
5 5 112 243 
16 16 
144 229 229 240 240 
7 130 130 226 
5 5 20 20 26 166 166 209 209 213 213 237 237 
251 
84 84 109 109 198 198 
145 
5 203 203 234 

31 129 152 152 

145 204 204 
119 119 152 
126 126 126 126 
84 100 100 127 194 194 198 198 198 216 
30 153 153 
93 93 
94 
83 83 177 177 246 
5 5 5 
253 253 253 
203 203 
5 26 26 234 234 
188 188 
107 107 152 
155 155 155 170 170 206 
55 55 91 238 
26 33 33 37 70 77 77 77 142 
30 50 161 161 
7 7 
81 
5 108 108 108 108 
54 84 109 144 144 144 187 187 189 216 216 229 229 
85 228 228 
104 
7 7 97 97 
8 71 228 
222 
227 227 
11 11 11 33 37 39 39 73 
175 
5 
34 34 63 63 80 80 202 
14 
14 
21 21 
26 26 
5 5 122 159 159 
5 203 203 221 221 221 221 
96 127 127 127 
101 106 204 246 
14 14 14 152 223 223 223 
205 
45 153 153 153 
203 233 
37 44 
21 228 228 
14 14 18 47 48 60 60 104 104 107 119 146 157 157 163 163 223 223 225 225 
1 1 2 2 2 21 25 25 25 45 81 81 81 110 110 148 148 148 228 228 
93 176 241 241 
120 120 120 206 
74 199 199 203 203 203 
31 152 152 
1 164 
142 142 
81 251 
123 123 
81 81 81 238 
14 152 152 
1 158 232 232 
5 5 88 203 203 
98 98 209 209 209 
173 173 
8 8 
37 
120 120 174 206 
75 205 205 
11 
81 81 167 167 176 176 
170 206 206 
26 26 30 64 64 135 
81 81 81 93 154 173 173 
83 83 113 113 


14 14 18 
56 
9 196 196 
84 
228 228 228 
33 33 
18 18 18 
127 127 
44 44 118 118 
84 84 84 127 
0 
29 205 205 
18 18 23 23 63 
237 253 253 
109 109 
43 43 43 204 204 204 245 245 
5 5 5 26 30 64 64 182 182 
33 82 82 
100 100 109 109 109 
74 156 156 
229 229 
93 93 
63 63 137 
5 5 7 7 7 36 36 40 58 74 75 75 75 81 86 86 88 102 102 116 116 143 143 149 156 156 156 165 165 220 251 251 252 
83 83 106 106 145 195 195 195 245 245 
29 75 75 75 147 171 171 191 191 
18 18 60 60 61 90 90 120 155 170 174 174 
15 15 
4 4 14 14 
98 98 166 166 166 
70 70 
33 
6 222 222 222 
26 26 98 98 
58 58 252 
8 8 
109 127 127 
75 75 233 
7 86 86 
37 
203 
5 5 46 143 143 143 143 227 227 235 
33 33 33 132 212 212 212 
24 24 24 24 69 146 146 146 152 152 
93 
152 152 
97 
5 5 5 12 12 56 133 133 221 221 
8 8 21 21 71 71 81 81 81 128 128 131 151 151 153 153 184 184 184 
96 96 127 127 200 200 
30 30 
15 26 26 
1 1 1 164 164 
75 149 217 
102 117 117 
221 

26 26 87 98 98 193 
5 5 55 55 55 81 81 81 91 91 121 162 
30 30 
96 96 
57 57 57 154 154 

5 5 5 42 42 94 
5 
43 43 48 195 195 204 204 
113 145 
8 8 
5 5 
70 70 
60 60 60 
81 99 160 203 203 
58 203 214 
87 87 87 115 115 115 193 193 
5 50 50 50 50 50 
84 84 84 84 
