Nodes: 256, Edges: 626
18 18 18 190 236 
21 105 105 153 153 158 158 164 232 
153 153 
81 81 81 
14 14 18 18 138 208 
26 42 46 50 50 56 56 56 68 81 81 94 98 98 98 102 102 103 103 108 114 114 114 114 117 117 123 123 123 126 126 133 133 133 136 136 141 141 142 142 143 143 159 165 178 178 196 203 221 221 227 227 234 243 243 244 248 248 248 254 
212 212 212 
41 74 86 86 86 97 97 130 130 203 218 218 218 
71 71 81 81 81 168 215 215 228 228 228 247 247 
182 
14 14 
134 134 172 172 172 172 
227 
33 33 37 37 
4 4 10 10 18 32 47 47 51 138 139 139 146 152 163 163 180 180 208 208 
26 207 207 207 231 231 231 
78 78 89 93 95 
66 66 66 84 
0 0 0 4 4 14 60 60 60 61 63 80 80 80 152 180 186 192 206 
62 62 62 
98 98 166 
1 45 52 52 71 71 131 131 140 140 153 153 153 228 228 

192 192 
223 
81 81 81 153 
5 15 33 33 33 44 59 59 62 67 70 70 72 72 98 108 117 117 122 122 141 175 175 196 213 231 231 

88 88 165 
205 
64 64 175 175 196 230 230 239 239 239 239 
157 157 
14 
13 13 26 26 26 37 37 39 39 39 44 44 122 185 197 197 222 222 
137 
53 81 
203 203 203 
13 13 33 33 122 122 134 134 134 150 169 169 219 219 
42 42 42 
33 33 33 73 134 
203 
7 
5 38 38 38 243 
195 245 245 
26 33 33 150 150 
21 148 148 
5 56 56 56 56 221 
14 14 152 
58 245 245 245 
84 84 
5 5 254 254 254 
14 137 
21 21 
35 81 
127 
121 121 238 
5 5 5 46 46 46 46 
93 154 241 241 
48 104 104 245 252 252 252 
26 26 
18 18 18 76 76 152 206 250 250 250 
18 206 206 
19 19 19 26 
18 90 202 202 242 242 
30 30 175 175 175 175 196 196 196 
81 93 93 
17 17 17 
26 
5 
223 223 
26 26 122 122 210 249 249 
8 8 21 21 131 228 228 247 247 
26 26 
39 134 
7 86 156 156 156 203 
147 171 171 203 203 205 205 217 217 233 233 233 
60 60 152 
122 
16 16 89 93 93 
111 111 111 
18 18 18 137 
3 3 3 5 5 8 8 8 25 25 25 35 53 65 93 93 125 153 153 160 162 162 162 173 176 176 176 203 203 228 228 238 238 251 
84 197 197 197 
113 177 177 177 177 204 
17 49 49 82 100 109 109 127 183 189 189 255 255 255 
128 128 128 
7 7 7 74 92 203 203 218 
253 
28 28 165 
16 78 93 93 93 93 
63 206 206 206 
238 
86 203 
16 57 65 65 78 78 81 81 89 89 89 89 154 176 176 201 224 224 
5 112 243 
16 
127 127 144 200 229 240 240 240 
7 7 130 130 226 226 
5 5 5 20 20 26 166 213 237 
251 251 
84 109 109 194 194 194 198 
145 145 
5 5 203 234 234 
5 5 
58 58 152 
1 1 
145 145 145 204 204 
119 152 
5 26 126 
84 84 100 100 194 194 216 216 216 
153 153 
79 79 79 
94 
83 145 145 204 204 204 246 246 246 
5 5 5 5 
253 253 
203 203 203 
5 5 26 26 234 234 
188 188 
107 152 
155 155 155 155 170 170 206 
55 55 238 
26 26 33 37 37 70 70 77 142 210 
5 5 5 161 196 

81 
5 5 108 203 203 
54 84 96 96 144 144 144 187 187 216 229 229 
85 85 85 

7 7 97 97 
21 21 71 228 228 
222 222 
5 5 5 227 
11 11 37 37 37 39 73 
175 175 
5 5 
34 51 80 202 202 202 
4 14 
14 14 
21 21 
5 5 26 
5 5 122 159 159 159 
5 5 149 149 203 221 221 221 
96 127 127 127 
101 101 106 106 106 113 113 204 204 246 246 246 
14 223 223 
75 
45 45 153 
143 143 233 
37 44 44 
228 
14 18 47 60 76 104 107 119 157 157 163 223 223 225 225 225 
1 1 2 2 21 21 21 25 81 81 110 110 148 179 228 228 
57 93 241 
120 120 120 120 206 
74 74 74 199 199 203 203 
31 31 152 152 
1 1 164 
5 142 142 142 
81 
123 
81 81 81 
14 14 152 
1 158 232 
5 28 88 203 203 
20 98 209 209 
173 173 173 
8 
37 37 
120 120 174 206 
75 75 205 
11 11 11 11 
81 167 167 167 176 176 176 
170 
26 26 30 30 64 64 64 64 135 135 196 
81 81 81 93 93 173 173 173 
83 83 83 83 
5 5 
153 
14 14 18 

9 196 
84 
228 228 
33 
18 
127 127 
118 118 
84 84 
0 236 
205 205 
18 23 23 
237 237 253 253 253 
100 100 100 109 109 
43 204 204 204 245 
5 26 30 64 64 64 123 175 182 
33 33 82 82 82 
100 
156 156 
96 229 229 
93 
63 63 137 137 137 
5 7 36 36 36 40 74 75 75 81 81 86 86 92 102 116 116 116 126 126 143 156 156 165 165 220 220 220 251 251 
83 106 106 113 113 113 145 145 195 195 195 245 245 245 
29 75 75 171 191 191 
18 60 61 61 90 90 90 120 155 170 
15 15 15 
4 14 14 
166 166 
70 122 

6 6 6 222 
26 98 
252 252 
8 8 241 
109 109 109 127 
75 75 233 
7 7 7 86 
37 37 
203 203 203 251 251 
5 5 46 143 143 143 227 227 
33 33 132 132 212 
24 69 69 146 146 152 152 
93 93 
152 152 152 
97 97 
5 5 12 133 221 221 
8 8 8 21 21 71 71 81 81 131 131 151 153 153 184 184 
96 127 127 200 200 
30 30 
15 15 15 26 26 
1 164 
75 75 75 149 217 
5 102 102 117 117 
243 
0 190 
98 193 193 
55 81 81 91 121 
30 30 30 30 
96 96 96 
57 57 154 215 
63 63 
5 5 42 94 235 
5 
43 43 48 48 48 58 195 204 204 204 
113 113 113 145 145 145 
8 8 71 71 
5 5 5 
70 70 
60 60 60 
81 99 99 203 203 220 220 
58 58 58 214 214 
87 115 115 193 193 193 
5 50 50 50 
84 84 84 
