Nodes: 256, Edges: 626
18 18 18 18 18 190 236 236 
21 105 153 153 158 158 164 164 164 
153 
81 81 81 
18 18 32 138 208 
26 42 46 50 56 56 56 68 81 81 94 98 98 102 103 108 108 117 117 117 123 123 126 126 126 133 133 136 136 141 143 143 159 159 165 165 178 178 196 203 221 227 227 227 234 234 238 238 243 243 244 248 254 254 
212 212 212 
41 41 74 74 86 97 97 124 124 130 130 203 203 218 218 
71 81 81 81 168 168 168 215 215 215 228 228 228 247 247 247 
182 182 
14 
134 134 134 172 172 172 
227 
33 33 37 
10 18 32 32 47 51 138 138 146 146 146 152 152 163 163 180 180 208 208 
26 26 207 207 231 231 
78 78 78 89 93 93 95 
66 66 84 84 84 
0 0 0 0 0 4 4 14 60 61 61 63 63 80 80 80 90 152 152 152 186 192 206 
62 
98 98 166 
1 45 45 52 71 131 131 131 131 140 153 153 228 228 

192 192 
223 223 
81 81 81 153 
5 15 15 33 44 59 59 62 62 62 67 67 84 87 87 98 117 117 122 122 141 141 141 175 196 196 231 237 
110 
88 165 165 
205 
64 64 123 175 182 182 182 230 230 239 239 
104 157 
4 14 14 
13 13 26 37 37 39 39 39 134 134 185 197 197 222 222 222 
137 
53 81 81 
203 203 203 
13 33 33 122 134 169 169 219 219 
42 42 
33 33 33 73 134 134 
203 
7 7 
5 38 38 81 81 
195 245 
26 59 59 150 150 150 188 
21 21 148 153 153 
5 56 56 221 221 
14 
152 245 
84 
5 123 254 254 254 
14 
21 
35 81 
127 127 
121 121 121 238 238 
5 5 5 46 46 181 227 227 227 
93 154 
104 104 152 214 245 245 245 
26 26 44 44 
18 76 152 152 236 250 250 
18 18 206 
19 26 26 26 
18 18 137 137 137 202 242 
30 30 175 175 
81 81 93 93 
17 17 
26 26 
5 

122 122 210 210 210 249 249 
8 21 131 228 247 247 

39 
7 7 156 156 199 203 203 
147 147 203 203 205 205 205 217 217 233 233 
60 152 
122 122 
16 16 16 89 93 93 93 
111 
18 18 18 137 137 
3 3 3 5 5 8 8 8 25 25 25 35 35 42 42 53 65 65 93 93 93 153 153 153 160 160 173 173 176 203 228 228 238 238 251 251 251 
84 197 197 
113 177 204 
17 17 17 26 49 82 100 100 100 109 127 127 183 183 255 255 
128 128 
7 92 92 203 203 203 218 
26 26 237 237 253 
28 165 165 203 203 
16 78 93 93 
18 206 242 
121 121 238 238 
86 86 203 203 
16 16 57 65 65 78 78 78 81 81 81 89 89 154 154 176 176 176 201 201 201 224 224 
5 112 112 112 243 243 
16 
127 200 229 240 240 
7 7 130 226 
5 5 20 20 26 166 209 209 209 213 237 237 
251 
84 84 84 194 194 198 
145 145 
5 203 
5 
31 58 58 129 129 129 152 
1 
145 145 204 204 
119 119 152 152 152 
5 5 126 126 
84 127 194 194 216 216 
27 153 
79 
94 94 94 
83 145 246 246 

253 253 253 
203 203 
5 5 5 26 26 234 234 234 234 
188 188 188 
107 107 152 
155 155 155 170 170 170 206 
55 55 55 91 91 238 
26 26 37 70 70 77 77 210 210 
5 5 30 50 161 161 196 
7 7 

5 5 5 108 108 
54 54 84 84 96 109 144 144 144 187 187 189 189 216 229 
85 85 228 228 228 
104 104 104 
7 7 97 
21 21 21 21 71 
222 
5 5 227 
11 11 11 33 33 37 39 39 
175 175 
5 5 
34 63 63 63 80 80 202 
4 14 14 

21 
5 26 26 26 
159 159 159 
5 5 203 221 221 221 221 
127 127 127 
101 101 106 106 113 204 204 246 246 246 246 
14 14 14 152 223 223 
75 75 205 
45 
203 203 233 
44 44 44 
228 228 228 
14 14 18 18 18 48 58 60 60 76 104 107 107 107 119 146 157 163 223 225 225 
1 1 2 21 21 25 45 45 81 81 81 110 179 179 228 228 
57 93 93 176 241 
120 120 120 206 
74 74 199 203 
31 152 
1 1 164 164 164 
5 5 142 142 142 
81 81 251 
123 123 
238 
14 14 152 
1 1 1 158 158 158 232 
5 5 28 28 88 88 203 203 203 
20 98 209 

8 8 8 
37 37 
120 120 120 206 
205 205 
11 11 11 
81 81 176 176 
206 206 
26 30 64 64 135 135 
81 93 93 93 154 173 173 
83 
5 5 
153 153 
14 14 
56 
9 9 30 30 30 196 
84 84 
228 228 
33 
18 
127 127 
44 118 118 118 
127 127 
0 236 236 
205 
18 23 23 
237 237 237 253 253 
100 100 109 109 
43 204 245 
5 26 26 123 182 
33 33 82 82 
100 255 
74 156 
96 229 229 229 
93 93 93 
63 137 
5 7 7 36 36 36 40 74 74 75 75 81 86 86 86 88 88 92 92 102 116 116 143 149 149 156 165 165 165 220 220 220 252 252 
83 106 106 145 145 195 245 245 
29 75 75 75 147 171 171 191 
18 61 90 120 155 170 174 174 
15 15 
4 14 14 
98 98 98 166 
70 70 70 122 122 

6 6 6 222 
98 
58 252 
8 8 8 
109 109 127 
75 75 233 
7 7 86 
37 37 
203 203 203 251 
5 46 46 143 143 143 143 227 
33 33 33 132 212 
24 24 146 146 152 
93 93 
152 152 
97 
5 5 5 12 56 56 56 133 221 
8 8 8 21 21 71 81 81 128 128 128 151 151 151 153 153 184 184 
96 127 200 200 200 
30 30 
15 15 26 
164 
75 75 149 217 
5 5 117 117 117 117 
243 
0 0 60 190 190 
26 87 87 98 98 193 193 193 
5 5 55 55 81 81 91 91 121 162 
30 30 
96 96 
154 
63 90 
5 5 94 94 235 
5 
43 48 58 58 58 195 204 204 
113 113 145 145 145 145 
8 8 8 71 71 
5 
70 70 
60 60 
81 81 81 99 160 220 
203 203 214 
87 115 115 115 193 193 
5 5 50 50 50 
84 84 198 
