Nodes: 256, Edges: 626
18 18 18 190 236 236 
21 153 158 158 158 164 164 232 
153 
81 
14 14 18 18 32 138 138 208 
26 26 38 42 42 50 56 56 56 68 81 81 94 98 98 102 103 103 108 108 114 123 123 126 133 136 136 141 142 143 143 159 159 165 165 178 196 203 238 243 243 248 248 254 
212 
41 86 97 97 124 130 130 203 203 203 
71 81 81 168 168 168 215 215 215 228 228 228 247 247 
182 182 
14 
134 134 134 134 172 
227 227 227 
33 37 
4 4 10 18 18 32 32 47 51 51 51 138 138 139 139 139 146 152 152 163 163 163 180 208 208 208 
26 26 207 
78 89 93 93 93 95 95 
66 66 66 84 
0 0 0 4 4 14 14 60 61 63 80 80 90 152 152 180 186 192 192 192 206 206 
62 62 
98 98 166 
1 45 45 52 52 52 71 71 140 140 151 153 153 153 228 228 
43 
192 
223 223 
81 153 
5 5 15 15 33 33 44 44 44 59 59 62 67 67 70 70 72 87 98 108 117 122 141 141 175 175 175 196 213 213 231 237 
110 
88 88 165 
205 
64 110 123 182 182 182 196 196 230 230 239 
104 157 
4 14 14 
13 26 26 37 37 39 39 44 44 122 122 197 197 211 211 211 222 222 
137 137 
53 81 81 
203 203 
13 33 33 122 134 134 134 134 169 169 219 219 219 
5 42 42 
33 33 134 134 
203 
7 
5 5 38 38 243 243 243 
22 195 195 245 
26 26 26 33 33 59 150 150 188 
21 21 148 148 153 
56 56 221 
14 152 
152 245 245 
84 84 
5 123 254 254 254 
14 14 14 
21 21 21 
35 81 81 
127 
121 238 238 
5 5 5 46 46 181 181 227 227 
154 154 241 241 241 
152 214 214 245 245 
26 26 44 
18 76 152 152 152 206 236 250 250 250 250 
18 206 206 
19 19 26 
18 90 137 137 137 192 202 242 242 
30 175 196 196 
81 81 
17 17 17 
26 26 
5 
223 223 223 
26 26 77 122 122 210 210 210 249 
8 21 21 131 228 247 
26 

86 156 203 203 
147 171 171 203 203 205 217 217 217 233 233 
60 
70 122 
16 89 93 93 
111 111 
18 18 137 
3 5 5 8 8 25 35 35 53 53 65 65 93 93 125 153 153 153 162 162 173 176 176 176 203 203 228 228 228 238 238 251 
84 197 
113 113 177 177 177 204 204 
17 49 49 82 100 100 109 109 127 127 183 189 189 255 255 255 255 255 
128 128 128 
7 74 92 203 203 203 218 218 
26 237 237 253 253 
28 28 203 
16 78 
18 63 206 
121 121 238 
86 
16 16 16 78 78 81 81 154 154 176 176 201 201 224 224 
5 112 112 112 243 
16 16 
127 127 144 200 229 229 229 240 240 240 
7 7 130 
5 5 20 20 26 166 166 166 209 209 213 213 213 237 

84 84 109 194 194 198 
145 145 
5 203 203 234 
5 5 
31 129 152 

145 145 204 204 204 
119 119 
5 5 26 126 126 
84 84 100 127 127 127 194 194 198 198 216 216 
27 30 
79 79 
94 94 94 
83 83 145 145 177 177 204 246 246 246 
5 
253 253 
203 203 
26 234 234 234 
188 
107 107 152 152 
155 155 155 170 206 206 
55 91 91 238 
26 33 33 37 70 70 77 210 
5 5 30 50 161 196 196 
7 
81 
5 108 108 203 203 
54 84 84 96 96 109 109 109 144 144 187 187 216 229 229 
85 85 85 228 228 
104 
7 7 97 
71 228 

5 227 227 
11 11 11 11 37 37 37 37 39 39 
175 175 175 
5 5 
34 34 63 63 63 80 202 
4 4 14 14 
14 14 14 
21 21 
5 26 26 
5 159 159 
5 5 149 149 203 203 221 221 221 
96 127 127 
101 101 106 106 113 113 204 204 246 246 246 
14 152 152 223 223 
75 205 
45 45 153 
143 143 203 203 203 
44 44 
21 228 228 228 
14 14 18 18 47 48 58 60 60 60 104 119 119 146 146 157 157 163 163 225 225 225 
1 2 21 21 21 25 45 81 81 81 148 179 228 
57 57 93 93 241 
120 120 120 206 
74 199 203 203 
31 152 152 
1 1 1 164 
5 5 142 142 
251 
123 
81 81 238 238 
14 14 14 152 152 
1 1 158 232 
5 5 28 203 203 
20 98 98 98 209 209 

8 8 8 
37 37 222 
120 174 206 
75 75 205 
11 
81 176 176 
170 
26 26 26 64 135 135 135 196 196 
81 81 81 93 93 173 173 
83 83 83 113 113 
5 
153 
14 18 
56 56 
9 9 30 30 30 196 196 
84 
228 

18 
127 127 
44 118 
84 84 
0 236 236 
205 
18 18 18 23 63 
237 253 
100 100 109 109 
43 43 204 204 245 245 
5 26 30 30 64 64 123 123 175 175 182 182 
33 33 82 
100 109 109 
156 
96 229 229 229 
93 93 
63 137 
5 7 7 7 36 36 40 74 74 75 75 81 81 86 86 86 88 102 102 116 116 126 126 143 143 149 149 149 156 156 165 165 220 251 
83 83 106 106 106 113 145 145 195 195 245 245 
29 75 147 171 191 
18 18 60 61 61 90 120 120 155 170 
15 
4 14 14 14 
98 98 166 166 
70 70 70 122 
33 33 33 
6 222 222 222 
26 26 98 98 98 237 
58 58 
8 8 8 
109 109 127 
75 75 75 233 
86 86 
37 37 37 
203 
46 143 143 143 227 227 
33 33 169 212 212 212 
24 24 69 69 69 146 146 
93 93 
152 152 152 

12 12 12 56 56 133 133 221 221 
8 8 8 21 21 71 81 81 81 128 128 131 151 151 151 153 184 
96 96 96 127 127 200 200 200 
30 30 
26 
1 164 
75 75 217 
102 117 117 117 
243 
0 0 60 190 190 
26 87 87 98 193 213 
5 55 55 81 81 91 121 162 162 
30 
96 96 96 
57 57 57 154 
63 63 
5 5 42 42 42 94 235 

43 48 48 58 58 195 195 204 204 
113 113 113 145 145 145 
8 8 71 
5 5 
70 
60 60 60 60 
81 160 203 

87 87 115 115 193 
5 50 50 50 
84 84 84 84 84 
