Nodes: 256, Edges: 626
18 190 190 190 236 
21 105 105 153 153 158 164 164 164 
153 
81 81 81 
14 14 14 18 32 138 
26 26 38 38 42 46 50 50 56 81 81 94 94 94 98 98 98 102 102 103 108 108 114 114 114 117 126 133 133 136 136 141 143 159 159 165 165 165 196 196 196 203 221 221 227 227 227 234 238 238 243 244 244 
212 212 212 
41 41 86 86 86 97 97 97 124 130 130 203 203 
71 71 131 168 215 215 228 228 247 
182 
14 
134 172 172 172 172 172 
227 227 
37 
4 4 4 10 18 18 18 32 47 138 138 139 146 152 152 163 180 180 180 208 208 
26 231 231 
78 78 78 89 93 93 
66 66 66 66 84 
0 4 14 14 14 60 61 61 63 63 80 80 80 90 90 152 152 152 180 186 192 192 206 206 
62 62 
98 98 166 
1 45 45 52 52 71 71 131 153 153 228 228 228 

192 
223 223 
81 153 153 
5 5 15 33 33 44 44 44 59 62 67 67 67 70 72 84 84 87 98 98 108 117 122 122 141 141 175 175 175 213 213 237 237 

88 88 165 165 
205 
175 182 182 182 196 196 230 239 
157 
4 14 
26 26 37 37 39 39 39 44 134 185 185 185 211 211 222 222 
137 
53 53 53 
203 
13 33 33 122 134 134 134 134 169 219 219 
5 5 42 42 
33 33 33 73 134 
203 203 
7 7 
5 38 38 81 81 243 
195 245 
26 26 26 33 59 59 150 188 
21 21 148 148 148 153 153 
5 221 221 221 
14 152 
58 152 152 

5 5 254 254 
137 
21 21 
35 35 35 81 81 
127 127 
121 121 238 
5 227 227 
93 93 241 
48 104 203 214 214 245 245 252 
26 44 44 
18 76 152 206 206 206 236 236 236 250 
18 18 206 206 
19 19 26 
18 18 90 137 192 202 242 
175 175 196 196 
81 93 93 93 
17 17 17 17 
26 26 26 

223 223 223 223 
26 210 249 
8 8 21 21 228 228 247 
26 
39 
86 156 156 199 203 203 
147 171 171 203 205 217 217 233 233 
60 152 
122 122 122 
16 16 16 93 93 
111 111 111 
18 18 18 137 137 
3 3 3 5 5 25 42 42 53 53 65 93 93 93 153 153 153 160 160 162 173 173 173 176 176 176 203 228 228 238 238 251 
197 197 197 197 
177 177 177 177 204 
17 26 26 100 109 127 127 183 255 255 255 
128 128 128 
7 7 7 74 92 92 203 203 203 218 218 
26 237 237 253 
28 28 203 
16 93 93 
18 18 63 206 242 242 

86 86 218 
16 16 57 57 65 65 65 78 78 81 81 81 89 89 111 154 176 176 176 201 201 201 224 224 224 
5 5 5 112 112 243 243 

127 127 144 200 229 229 240 240 240 240 
7 7 7 130 130 226 
5 5 5 20 20 26 26 166 166 166 209 209 213 213 213 237 
251 251 
84 109 109 194 194 198 
145 
5 5 203 203 234 
5 
58 152 152 
1 1 
145 204 204 204 
119 152 
5 5 26 126 126 126 126 
84 100 100 127 194 194 198 198 216 216 216 
153 153 153 
79 79 79 93 
94 94 
145 145 177 204 204 246 
5 5 5 
211 253 253 253 
203 203 
5 26 234 234 
188 188 
107 152 152 
155 155 155 170 206 206 206 
55 55 238 238 
26 26 37 77 77 77 210 
161 161 
7 

5 108 108 108 108 
54 54 84 84 96 96 109 144 144 144 144 189 189 216 216 
85 85 85 228 228 228 

7 7 97 97 
8 21 228 
222 
5 5 227 227 
11 33 37 37 37 37 39 
175 175 
5 5 
34 51 63 80 80 202 202 
4 14 14 
14 

5 26 26 
159 
5 149 203 203 221 221 221 
96 127 127 127 127 
101 106 113 113 246 246 246 
14 152 223 
75 
45 45 45 153 153 
143 233 
44 
228 
14 14 18 18 18 47 48 48 60 76 104 104 107 119 119 146 163 223 225 225 225 
1 1 2 21 21 25 25 45 45 81 81 81 110 110 110 148 148 179 228 228 
93 176 241 241 241 241 
120 120 120 206 
74 74 199 199 203 203 
31 
1 164 
5 5 142 
81 81 
123 123 
81 238 238 
14 152 
1 1 1 158 232 232 232 
5 5 5 28 28 203 203 
20 98 98 98 209 209 
173 
8 
37 222 
120 174 174 206 206 206 
75 75 205 
11 11 11 11 11 
81 81 81 167 176 176 
170 170 206 
26 26 26 30 64 64 135 135 196 196 
81 81 81 93 93 93 154 173 173 
83 83 83 83 113 

153 
14 14 14 18 

9 30 30 30 196 
84 
228 228 
33 33 33 
18 

44 118 118 
127 127 
0 0 0 236 236 
205 205 
18 18 23 63 
237 237 253 253 
100 100 109 109 
43 204 245 
5 5 5 30 30 64 64 175 175 182 
82 82 82 82 
100 109 109 
74 156 156 
96 229 229 
93 93 93 
63 137 137 
5 7 7 36 40 40 58 74 74 75 81 86 86 86 88 102 102 116 116 143 143 156 156 165 165 220 220 251 
83 106 106 106 113 113 195 245 245 
29 75 171 191 191 
18 18 60 60 60 61 61 90 120 120 120 155 170 170 170 174 

14 14 
98 98 166 166 
70 122 
33 33 115 
6 6 6 222 
26 26 98 98 98 
58 58 252 
8 8 
109 109 109 127 127 
75 75 
86 86 92 
37 37 
203 203 251 
5 5 46 46 46 143 143 143 227 227 235 
33 33 132 169 212 
24 24 69 69 69 69 146 152 
93 93 93 
152 152 152 
97 
5 5 5 12 12 56 56 133 133 221 221 
8 8 21 21 21 71 71 81 81 128 128 128 131 151 153 153 184 184 
96 96 200 200 
30 
15 15 
164 164 164 
75 75 149 
5 102 117 117 
221 
0 60 60 60 190 190 
26 26 87 87 98 193 193 
5 5 55 81 81 121 121 162 162 
30 
96 96 96 96 
57 154 154 154 154 
63 90 90 
5 42 94 94 
5 5 
43 58 58 195 204 204 
113 145 145 145 
8 71 

70 
60 
81 99 99 203 220 
58 214 
87 115 115 115 193 193 
50 50 
84 84 84 
