Nodes: 256, Edges: 626
18 18 18 18 190 190 190 236 236 236 
21 105 105 105 164 164 
153 153 
81 81 
14 14 18 32 32 138 138 208 
26 26 42 42 46 46 56 56 56 68 68 68 81 81 94 98 98 102 102 103 103 108 114 114 114 117 123 126 126 126 133 133 133 136 142 143 143 165 178 178 203 203 221 221 221 227 227 234 238 238 243 243 248 248 254 254 
212 212 
41 41 74 86 97 124 130 130 203 203 203 218 
71 71 81 131 141 168 215 215 228 228 
182 182 182 
14 14 
134 134 134 172 172 172 
227 227 
33 33 
4 4 10 10 47 47 51 51 138 139 139 146 146 152 152 163 163 180 180 
26 26 207 207 
78 78 89 93 95 95 95 
66 66 84 
0 0 0 0 4 60 61 61 63 63 63 80 80 80 90 152 152 180 186 186 192 192 206 
62 62 62 
98 98 166 
1 45 45 52 52 71 71 131 131 140 140 153 228 228 
43 
192 192 192 
223 
153 153 153 
5 5 15 15 33 44 59 62 62 62 70 84 87 108 117 117 117 122 141 175 175 196 196 213 213 231 237 
110 
88 88 165 165 165 
205 
64 64 175 175 182 196 196 230 230 230 239 239 239 239 

4 4 
13 13 26 39 39 39 44 44 185 197 
137 
53 53 81 
203 
122 134 134 134 169 219 219 
42 
33 33 33 73 134 
203 
7 7 
5 5 38 243 
22 195 195 195 245 
26 33 33 150 
21 21 148 153 153 
5 5 56 221 221 221 221 221 
14 14 152 152 
152 152 152 
84 84 
123 254 254 254 
14 14 
21 21 
35 35 81 81 
127 
121 121 238 238 238 
5 5 5 46 181 227 227 227 
154 154 241 241 
152 203 214 214 245 251 252 
26 
18 76 76 152 206 236 236 
18 18 206 206 
19 19 19 26 26 26 
18 18 18 90 90 137 137 202 202 242 
30 30 175 175 196 
81 93 
17 17 

5 5 5 
223 
26 77 122 122 122 210 249 
8 8 21 21 131 228 228 

39 
7 86 156 199 203 
147 171 203 203 205 205 205 217 217 233 233 
60 60 152 
70 122 
16 16 89 89 93 
111 
18 18 18 137 
3 3 5 5 8 35 53 53 65 93 93 93 153 153 162 162 173 173 173 176 176 203 203 228 228 228 238 251 251 
197 197 197 
113 177 177 204 
17 26 49 49 100 127 127 127 183 183 189 189 255 255 255 
128 128 128 128 128 
7 74 203 203 218 
26 237 253 
28 28 165 165 
16 78 78 93 93 93 93 
18 63 63 206 206 242 242 
121 121 238 
203 
16 65 78 81 81 81 89 89 89 89 111 154 154 154 176 201 224 224 
5 112 112 112 243 243 
16 16 16 
127 127 127 229 240 240 240 
7 130 226 
5 5 20 20 166 209 209 213 237 
251 251 
84 194 194 198 198 
145 145 
5 5 203 234 234 
5 5 
129 129 152 152 152 
1 1 1 
145 204 204 204 
119 119 152 
5 26 126 126 
127 194 198 198 198 216 216 
27 153 
79 93 
94 94 94 
83 145 145 177 204 246 246 
5 5 5 
253 253 253 
203 203 
5 26 26 26 234 
188 188 
107 107 152 
155 155 155 155 155 170 206 
55 55 91 91 
26 37 70 70 70 77 210 210 210 
5 50 161 161 196 196 
7 

5 5 5 108 108 203 
54 84 84 84 96 96 96 109 144 144 144 187 187 189 189 229 229 
85 85 85 85 85 228 228 
104 104 
7 7 97 
8 21 21 71 228 
222 
5 5 5 227 
11 11 11 37 37 37 39 
175 
5 
34 63 63 80 202 
4 4 14 
14 14 
21 21 
8 26 
5 159 
5 5 149 149 203 203 221 221 221 
127 127 127 
101 101 106 113 113 246 246 
14 14 152 223 223 
75 205 
45 153 153 153 
143 143 203 203 203 
44 
228 
14 14 18 18 47 47 48 48 48 58 60 76 104 104 104 107 119 146 163 223 223 223 225 225 
2 2 21 25 25 25 45 45 81 81 110 148 148 148 179 228 228 228 
57 57 93 93 93 241 241 
120 120 120 120 120 
74 199 203 203 

164 164 
142 
251 251 
123 123 
81 81 238 238 
14 14 152 
1 1 158 158 232 232 232 
5 28 28 28 88 88 203 
20 98 209 209 
173 
8 
37 222 
120 174 206 
75 205 
11 11 11 
81 81 81 167 176 
170 206 206 
26 26 30 30 64 64 135 196 
81 81 93 173 
83 83 113 
5 5 
153 
14 14 18 
56 
9 9 9 30 196 196 
84 84 
228 228 228 
33 
18 18 
127 127 
118 118 
84 84 127 127 
0 0 0 236 236 
205 205 
18 18 23 23 23 
237 237 237 253 253 
100 100 109 
43 43 43 204 204 245 245 
26 26 30 30 64 123 123 175 182 182 
33 82 82 82 
100 100 109 109 109 
74 156 
229 229 
93 
63 63 137 
5 5 7 7 7 36 40 58 74 75 75 81 81 86 86 92 102 116 116 126 143 143 149 149 149 156 156 165 220 220 251 251 
83 106 106 106 113 195 195 245 245 
29 75 75 75 147 171 191 191 
18 60 61 61 90 90 120 170 174 174 
15 15 
4 
98 98 166 166 
70 122 122 122 

6 6 222 
26 26 98 237 
58 58 252 
8 8 
109 109 
75 75 233 233 
7 86 
37 37 
203 203 251 251 
5 5 5 46 46 46 46 46 143 143 143 227 227 
132 169 212 
24 69 146 146 152 152 152 
93 93 
152 152 
97 
5 5 12 12 56 56 56 133 221 221 
8 8 21 21 71 71 81 81 81 128 128 131 151 153 153 153 184 184 184 
96 127 127 200 200 
30 30 30 
26 
164 164 164 
75 75 217 217 
5 102 102 117 
243 
0 0 0 60 60 190 190 
26 87 98 193 193 193 213 
5 5 55 55 55 81 91 162 162 
30 30 30 30 
96 96 96 
57 57 154 154 
63 90 90 
5 5 42 94 94 235 

43 58 195 195 204 204 
113 113 145 145 

5 5 
70 

58 81 81 99 99 160 160 203 203 220 220 
58 214 
87 115 115 115 193 193 
5 5 50 50 50 
84 84 84 
