Nodes: 256, Edges: 626
18 18 18 190 236 236 
21 105 153 153 153 158 158 164 164 232 232 
153 153 
81 81 81 
14 32 32 138 208 208 208 
26 26 38 42 42 42 46 50 56 68 68 81 94 102 102 103 103 108 114 114 117 123 123 126 126 126 126 126 133 136 136 141 142 142 159 159 165 178 196 196 203 203 221 234 243 243 244 244 248 248 254 254 
212 212 212 
41 86 86 86 97 124 130 203 203 218 
71 71 81 81 131 141 168 215 215 215 228 228 228 247 247 
182 
14 
134 134 172 172 172 172 
227 227 227 
33 37 37 
4 10 18 32 32 32 47 47 51 51 138 138 139 146 146 152 163 180 208 208 
26 26 207 207 231 231 
78 78 89 93 93 95 95 
66 84 
0 0 0 14 60 60 60 61 63 63 63 80 80 80 90 90 152 152 152 180 186 192 
62 
98 166 
1 45 52 52 71 71 140 140 140 153 153 153 228 

192 
223 223 
81 81 81 153 
5 5 15 15 44 44 62 72 84 84 87 98 98 98 108 117 122 141 141 141 175 175 175 196 231 237 

88 
191 205 
64 64 123 175 182 182 196 196 230 230 230 239 239 239 
104 157 157 
4 4 14 14 14 
13 39 44 44 122 122 134 185 197 197 211 211 211 
137 137 
53 53 81 81 81 
203 
13 13 122 134 134 134 134 169 169 219 219 219 219 
5 42 
33 73 
203 
7 
5 5 5 38 81 81 243 
195 195 195 245 245 
26 26 33 33 59 59 150 150 150 188 
21 148 148 153 153 
5 56 56 221 221 221 
14 14 152 152 
152 152 152 245 245 245 
84 84 84 
5 123 123 254 254 254 254 
14 14 137 
21 21 
35 35 
127 127 
121 238 238 
5 46 46 181 227 227 
93 93 93 154 154 
203 203 245 252 252 
44 44 
18 18 18 76 152 152 206 236 236 236 250 250 250 250 
18 206 206 
19 26 
18 18 18 90 90 90 137 137 
30 30 175 175 196 196 
81 93 
17 

5 5 
223 223 223 223 
122 122 210 210 249 
8 8 21 21 131 247 247 247 
26 
39 134 
86 156 199 203 203 
171 203 203 203 205 217 217 233 233 
60 152 
122 
16 16 89 93 93 
111 111 
18 18 18 137 137 
3 3 3 5 8 8 25 25 25 35 35 35 42 42 65 93 93 125 153 153 160 160 162 162 176 176 203 203 228 238 238 238 251 251 251 
197 197 197 
113 113 177 177 204 204 
17 26 26 49 49 49 100 109 183 189 255 255 255 255 
128 128 128 
7 7 7 74 92 203 203 203 218 218 218 
26 237 237 253 
28 203 203 
16 78 93 93 
18 18 63 63 63 206 242 242 
238 238 
86 203 
16 16 57 57 57 65 78 78 81 81 89 89 111 154 154 176 176 201 201 
5 112 243 
16 16 
127 127 229 240 240 240 240 
7 130 130 226 226 
20 26 26 26 209 213 
251 
84 109 109 109 194 194 198 198 
145 
5 5 203 234 234 
5 5 
31 129 152 152 
1 156 
145 145 204 
119 152 
5 26 126 126 
84 100 100 100 127 127 194 194 198 198 216 216 
153 153 
79 79 93 
94 
83 83 145 145 177 
5 5 
253 253 253 
203 203 
5 26 234 234 
188 
107 152 
155 155 170 206 206 
55 238 
26 33 33 37 70 70 77 210 210 
5 5 30 50 50 161 161 
7 
81 
5 5 5 5 5 108 108 203 
54 54 96 96 109 109 187 187 189 189 216 
85 85 85 228 228 228 
104 
7 97 97 
8 71 228 
222 
5 227 
11 11 33 37 37 37 37 73 
175 175 
5 5 
34 34 51 63 63 80 80 202 202 
4 14 14 
14 
21 21 21 
5 8 26 26 26 
5 5 159 
203 203 221 221 

101 106 106 113 113 204 
14 14 152 

45 45 153 153 153 
203 233 
44 44 44 

14 18 18 18 47 47 48 48 48 60 60 76 104 104 107 119 146 157 157 163 223 223 225 225 
1 1 1 2 2 21 21 21 25 45 45 81 81 110 110 148 148 148 179 179 228 228 228 
57 57 93 93 241 
120 120 206 206 
74 105 199 199 203 203 203 
31 31 152 152 
1 1 164 
5 5 142 
81 81 251 251 
123 123 
81 81 238 
14 152 
1 1 158 232 
5 203 203 
20 209 209 
173 
8 
37 37 
120 174 174 206 
75 205 205 
11 11 11 11 
167 176 
170 170 206 206 206 
26 26 26 30 64 64 135 135 
81 81 93 93 173 
83 83 113 
5 
153 153 
14 18 
56 
9 30 30 
84 
228 
33 
18 
127 127 
44 118 
84 127 127 
0 236 236 
29 205 205 
18 23 
237 237 253 253 
100 100 109 109 
43 43 43 204 204 245 
5 5 26 30 30 64 64 
33 33 82 82 82 
100 100 109 109 255 
74 156 156 
229 
93 93 
137 137 
5 5 7 7 36 40 58 58 74 74 75 75 75 81 81 86 86 86 88 88 92 102 116 116 126 143 143 149 156 156 156 165 165 220 220 251 251 251 
83 83 106 145 195 195 245 
29 75 171 171 191 191 
60 61 61 90 120 120 155 155 170 174 174 174 
15 15 
4 4 4 14 14 
98 166 166 
70 70 122 122 
33 33 33 
6 6 6 222 222 222 
98 237 
252 
8 8 8 241 
109 109 127 
75 75 
7 86 86 86 
37 37 37 37 
203 203 251 
5 46 46 46 143 143 227 227 235 
132 212 212 212 
24 24 69 69 69 69 152 152 

152 152 
97 97 
12 12 12 56 56 133 221 221 
8 8 8 21 81 128 128 128 131 153 153 153 184 
96 200 
30 30 30 
15 15 26 
1 1 164 
75 75 149 
5 102 102 117 117 
221 
0 0 60 60 60 190 190 
26 87 87 193 193 213 
55 55 81 81 81 91 91 121 162 
30 30 30 
96 96 96 96 
154 215 
90 90 
5 5 42 94 
5 5 
43 43 48 48 48 58 195 204 

8 8 71 71 71 
5 5 
70 
60 60 60 60 
81 81 81 99 160 160 203 203 203 220 
58 58 214 
87 115 115 115 193 193 
5 5 50 50 50 50 
84 84 84 84 198 
