Nodes: 256, Edges: 626
18 18 18 190 190 236 
21 21 21 105 105 153 153 158 164 164 232 
153 153 
81 81 
14 18 32 32 138 138 208 208 208 
26 26 38 38 38 42 42 46 50 50 56 68 68 81 81 94 94 94 98 108 114 114 114 117 123 126 126 126 126 126 133 133 133 136 141 142 142 143 143 159 159 165 165 178 178 178 196 221 221 227 234 238 238 243 243 243 244 244 248 248 254 254 
212 212 212 212 
41 74 86 86 124 130 130 203 203 218 218 
71 71 81 81 81 131 168 168 215 228 228 247 247 247 
182 182 182 
14 14 
134 172 
227 
33 37 37 
4 10 10 18 32 32 47 47 51 51 138 139 139 139 146 152 163 163 180 180 208 208 
26 26 207 207 207 231 231 231 
78 93 93 95 
66 66 66 84 84 84 
0 0 0 4 14 60 60 61 61 63 80 80 80 90 90 90 186 192 192 206 
62 62 
98 98 98 166 
1 1 1 52 52 71 140 153 153 228 228 
43 
192 192 
223 
81 153 153 
5 5 15 15 44 59 70 70 70 72 84 84 84 98 98 108 117 122 122 141 141 175 196 213 231 237 
110 
88 165 165 165 
191 205 205 
64 175 182 182 182 196 196 230 239 
157 157 157 
4 4 14 14 
13 37 37 39 44 44 211 211 222 
137 137 
53 81 81 
203 203 203 
13 13 33 33 122 122 134 134 219 219 219 219 
5 5 5 42 42 42 
33 73 134 
203 
7 
5 5 38 38 38 81 81 243 
22 245 245 
26 33 33 59 59 59 150 150 
148 148 153 
5 56 56 56 56 221 221 221 221 
14 14 152 152 152 
58 152 152 245 245 
84 84 
5 5 123 123 254 
14 14 61 
21 21 
35 81 81 81 
127 
121 121 121 238 238 
5 46 46 46 46 181 181 227 227 
93 154 241 241 
48 152 152 214 214 
26 44 44 44 
18 18 76 152 206 236 236 250 250 
18 18 51 206 
19 19 
18 90 90 137 137 202 242 242 
30 175 175 175 196 196 
81 81 93 93 93 
17 17 17 

5 5 
223 223 223 223 
26 26 26 122 122 210 210 249 
8 8 21 228 228 
26 
39 
7 
147 147 171 203 205 205 217 217 217 233 233 
60 
122 122 122 
16 89 93 93 
111 111 111 
18 18 18 137 137 137 
3 3 5 5 8 8 8 25 35 35 42 42 53 53 53 65 65 93 93 93 125 153 153 160 162 162 176 176 203 228 228 228 238 251 251 251 
197 197 
113 177 177 204 
17 17 17 26 26 26 49 49 100 100 109 109 127 183 183 189 255 255 
128 128 128 
7 7 92 92 92 92 203 203 203 
237 253 253 
28 165 165 203 203 
78 93 93 93 
18 18 18 63 63 206 206 206 
121 121 238 
86 86 86 86 203 
16 16 57 65 65 65 78 78 81 81 81 89 89 89 111 154 154 176 176 176 201 224 224 
5 5 5 112 243 243 
16 
127 200 229 229 229 240 240 240 
130 130 130 
5 20 20 20 26 26 209 213 237 
251 251 
84 84 109 109 194 198 198 198 
145 145 145 
203 203 234 

129 129 152 152 
1 1 
145 204 
119 119 152 152 152 
5 26 126 126 
84 84 100 100 127 194 194 198 198 216 216 216 
27 153 
79 79 79 93 
94 
83 145 204 246 
5 5 5 
253 253 
203 
5 26 234 234 234 

107 107 152 152 
155 170 206 
55 55 55 91 91 238 238 238 
26 26 37 37 70 70 77 77 77 
5 50 50 161 196 196 
7 
81 
5 5 5 5 5 108 108 
54 84 96 109 144 144 187 187 189 216 229 229 229 
85 85 85 228 
104 104 
7 7 97 97 97 
8 228 

5 5 5 227 227 
11 37 37 39 
175 
5 
34 34 63 63 80 80 80 202 
4 4 14 
14 14 14 
21 
5 26 26 
5 5 
5 5 149 149 203 221 
127 127 
101 101 101 106 113 204 246 246 246 246 246 
14 223 
75 75 205 
45 45 153 
143 143 203 
44 44 
228 228 228 
14 47 47 47 48 48 58 58 60 104 104 107 107 107 119 119 157 163 163 223 223 225 225 
1 1 2 2 21 21 25 25 45 81 81 110 148 228 228 228 
57 93 93 176 176 241 
120 206 
203 
31 31 31 152 
1 164 
5 5 
81 251 
123 
81 81 238 238 
14 14 152 152 
1 1 158 232 232 232 
5 5 28 28 28 88 88 203 203 
20 
173 
8 8 
222 
120 174 174 174 
75 205 205 
11 
167 176 176 
170 170 170 
26 30 64 64 64 135 196 196 
81 81 93 93 93 154 154 173 173 
83 83 
5 5 5 

14 14 
56 56 
9 9 9 30 30 30 
84 84 
228 228 228 

18 
127 127 

84 127 
0 0 236 236 
29 205 
18 18 23 23 
237 
100 109 109 
204 245 
5 26 30 30 64 64 123 123 175 175 
82 82 
100 100 100 109 109 

96 
93 
63 137 
7 7 36 36 36 40 75 81 86 86 86 88 88 92 102 102 116 143 149 156 165 165 251 252 
83 106 113 145 195 245 245 
29 29 75 75 147 171 171 191 
18 60 61 90 90 90 120 155 
15 15 15 
4 4 4 14 14 
98 
70 70 
33 33 
6 6 6 6 222 222 
26 98 
58 58 
8 241 
109 109 109 127 
75 75 75 233 233 
7 7 
37 37 37 37 
251 251 251 
5 5 46 46 46 46 143 235 
33 169 212 212 
24 69 69 69 69 146 152 152 
93 93 
152 152 

5 12 56 56 133 133 
8 8 21 21 71 71 81 81 81 128 131 151 151 151 153 153 153 184 184 184 
96 96 96 127 127 127 
30 
15 15 15 26 
1 164 164 164 
75 75 217 217 
5 102 117 117 117 
221 243 
0 60 60 190 190 
26 87 98 193 
5 5 55 55 81 91 121 121 121 162 162 
30 
96 96 96 
57 57 154 215 
63 63 
5 5 5 42 94 94 235 
5 5 
43 43 48 48 195 204 204 
113 145 145 145 145 145 
8 8 8 
5 5 
70 
60 60 
81 81 81 99 99 160 203 220 220 220 
203 
87 87 115 115 
5 5 50 
84 84 
