Nodes: 256, Edges: 626
190 236 
105 105 153 153 158 164 164 
153 153 153 
81 81 81 81 81 
14 14 18 18 32 138 138 208 208 208 
26 38 38 42 46 50 50 56 56 68 81 94 94 94 98 98 98 102 103 108 108 114 114 114 114 117 117 123 126 126 126 133 133 136 136 136 141 141 142 143 159 165 165 165 178 196 196 203 203 203 221 221 227 234 238 238 243 244 248 254 
212 212 212 
86 97 124 203 218 218 
71 71 81 81 168 168 215 228 228 247 
182 
14 
134 172 172 
227 227 
33 33 33 37 37 37 
4 4 10 18 32 47 47 47 51 51 138 139 139 146 146 152 163 180 180 208 208 208 
26 26 207 207 207 231 231 
78 78 78 89 93 93 95 
66 66 66 84 84 
4 4 14 63 90 180 186 192 192 
62 62 
98 166 
52 71 131 131 131 140 153 153 153 228 228 228 

192 
223 223 223 
81 153 
5 15 15 33 33 44 44 44 59 59 59 62 67 67 67 70 72 72 72 84 84 87 98 98 117 117 122 122 141 141 175 196 196 213 231 231 

88 165 165 
205 205 
64 64 110 182 182 196 230 
104 157 157 
4 14 
13 13 13 26 26 37 37 44 122 134 134 185 185 197 211 211 211 
137 137 137 
53 53 81 81 81 
203 203 
13 13 13 33 33 122 122 134 134 134 150 169 219 219 
5 5 42 42 
73 134 
203 203 203 

5 38 38 81 243 
245 
26 26 26 33 59 59 150 150 188 188 188 
148 153 153 
5 56 56 
14 14 14 152 152 
58 152 152 245 245 

5 5 123 123 123 254 254 254 254 
14 14 
21 
35 35 81 81 
127 
121 121 121 238 238 
5 5 46 46 181 181 181 227 227 
93 154 154 241 241 
48 104 152 214 214 
26 26 26 44 44 
152 152 206 206 236 250 250 250 
206 206 
19 19 26 
18 90 137 137 192 202 242 242 
30 30 175 196 196 
81 
17 17 17 
26 26 26 
5 
223 223 
26 122 122 210 249 249 
8 8 21 228 228 
26 26 26 
39 
156 156 199 203 203 203 
147 147 171 171 203 203 203 205 205 217 233 233 

122 122 122 
16 16 16 89 93 

137 137 137 
3 3 3 3 3 5 8 8 25 35 35 35 42 53 53 65 93 93 93 153 153 153 160 162 173 173 176 203 203 228 228 228 238 238 238 251 251 251 
84 197 197 197 
113 113 177 
17 17 26 26 82 100 100 109 127 183 183 189 189 255 255 255 
128 128 
7 92 92 92 203 
26 237 237 253 253 
28 203 203 
16 78 93 93 
18 63 206 206 206 242 242 242 
121 121 238 
86 86 86 203 
16 16 57 78 81 81 81 89 89 111 111 154 154 176 176 176 201 201 201 224 224 224 
5 5 5 112 112 243 
16 
127 127 127 200 229 240 240 240 
7 130 130 226 
5 5 5 20 26 26 166 166 166 237 237 
251 251 251 
84 84 198 

5 203 203 234 234 234 
5 
31 58 129 129 129 152 152 
1 1 
145 145 
152 152 
5 5 126 126 
84 194 194 194 216 216 216 
30 153 
93 93 
94 94 
83 83 145 177 177 204 246 
5 5 5 5 
253 
203 203 
5 5 26 26 234 234 
188 
152 152 
155 155 155 170 206 206 
55 55 55 91 91 238 238 
26 26 33 37 37 70 70 77 77 77 210 
5 50 50 50 196 
7 

5 5 5 108 108 203 203 
54 84 96 96 96 144 187 187 189 216 229 
85 85 228 228 
104 104 104 
97 97 
21 21 21 228 
222 222 
5 5 227 227 
11 33 33 37 37 37 39 
175 
5 5 5 
34 34 34 63 63 80 80 80 202 
4 4 14 
14 14 
21 
5 5 26 26 
5 159 159 
5 203 221 
127 
106 106 113 204 204 246 246 246 246 
14 14 152 152 223 223 
75 75 
45 153 153 153 
203 203 203 
37 44 44 
228 
14 47 47 48 48 58 60 60 104 104 107 107 119 119 146 146 163 
1 1 2 2 2 21 21 21 25 45 45 81 81 81 110 148 148 148 179 228 228 
57 57 93 93 241 241 241 241 
120 120 120 206 206 
74 74 203 203 
31 31 
1 164 
5 142 142 
81 251 

81 238 238 
14 152 
1 1 158 232 232 
5 5 5 28 28 203 
20 98 98 98 209 209 
173 173 173 
8 8 
37 
120 206 
75 75 205 205 205 
11 11 
81 81 167 167 167 
206 206 206 
26 64 135 196 196 
81 93 93 93 
83 113 113 
5 
153 
14 14 18 
56 56 56 
9 30 30 196 196 
84 84 
228 
33 33 
18 
127 127 
44 44 44 118 
84 84 127 
0 236 236 
205 205 
18 18 23 63 
237 253 253 253 
109 109 109 
204 204 245 
5 5 26 26 30 64 64 123 175 175 182 182 
33 82 82 82 
100 
74 
96 229 229 229 
93 93 93 
63 137 
5 5 5 7 36 36 40 40 40 74 74 74 75 75 75 81 81 86 88 88 92 102 102 116 116 126 126 143 149 149 149 156 156 165 220 220 251 252 
113 145 145 195 195 245 245 
29 29 75 75 171 171 171 191 191 
60 60 61 61 90 90 90 120 120 155 155 170 174 174 174 
15 15 15 
4 4 4 14 14 14 
166 166 
70 122 
33 33 33 
6 6 6 
26 
58 58 252 
8 241 
109 109 109 127 
75 233 
7 7 
37 37 
203 203 251 251 
5 5 143 227 235 
132 132 
24 24 24 69 69 146 146 
93 93 93 

97 
5 12 12 56 56 133 133 221 
8 8 21 21 21 71 71 81 81 81 128 128 131 151 153 153 184 
96 127 200 200 200 
30 
15 15 26 26 
164 164 
75 75 217 
5 102 102 102 117 117 
221 243 
0 60 190 190 
87 87 98 98 193 
5 5 55 55 81 81 81 91 121 121 162 162 

96 96 96 
57 57 154 154 154 154 215 
63 63 90 90 90 
5 42 94 235 
5 
43 48 48 195 204 204 
113 145 145 145 145 
8 
5 
70 70 
60 60 60 
81 81 81 99 99 99 160 203 220 220 
203 214 
87 87 115 193 193 193 
5 50 50 50 50 
84 84 84 
