Nodes: 256, Edges: 626
18 18 18 190 190 190 236 
21 21 105 105 153 153 158 164 164 232 232 
153 
81 81 81 81 
14 14 18 18 18 32 138 138 208 
26 38 38 42 42 42 46 56 56 68 81 94 94 98 98 102 103 108 108 117 126 126 126 141 141 142 142 142 143 143 159 159 165 165 165 178 178 196 203 221 227 227 238 243 244 248 248 254 
212 212 
41 41 86 86 124 124 130 203 203 203 218 
71 71 81 168 215 215 228 228 247 247 
182 182 
14 
134 134 134 134 172 172 172 172 
227 227 227 
33 33 
4 4 10 18 18 32 32 47 47 139 146 152 208 
207 231 231 231 
78 78 89 93 93 93 95 95 95 
66 66 66 84 
0 0 0 4 4 4 14 14 60 60 60 61 61 63 63 63 80 80 90 152 152 152 186 186 192 192 206 
62 
98 98 98 166 
1 1 52 52 71 131 131 153 228 228 

192 192 
223 223 223 
81 153 153 153 
5 33 33 44 59 62 62 67 67 67 70 70 72 72 87 98 98 108 108 122 122 141 175 175 175 196 196 213 213 231 237 

88 165 165 165 191 

64 175 182 196 230 230 230 239 239 239 239 
104 157 157 157 
4 14 14 
13 13 26 26 37 37 39 44 122 134 185 197 211 
137 137 137 
81 81 81 
203 203 
33 33 122 122 122 134 134 150 169 169 219 219 219 
5 5 42 42 42 
33 73 134 
203 203 
7 7 
5 5 5 38 38 38 81 243 243 243 
195 195 245 245 
26 33 59 188 188 
148 148 148 153 153 
5 56 56 221 221 221 
14 14 152 152 
152 152 
84 84 84 
123 254 
137 
21 21 
81 

121 121 121 238 238 
5 5 46 46 181 181 
93 93 154 
104 152 214 245 252 252 
26 44 
18 18 18 76 76 152 206 206 206 236 236 250 250 250 
18 18 206 206 206 
19 26 26 
18 18 18 90 137 202 
30 175 175 175 196 
81 93 
17 17 17 
26 26 26 
5 
223 223 223 
26 26 77 122 210 210 249 249 
8 8 21 131 228 228 247 247 
26 26 
39 
86 156 203 203 
171 203 203 203 205 205 217 217 217 233 233 
60 60 152 
70 122 
16 16 93 93 93 
111 
18 18 137 
3 3 3 3 5 8 25 35 35 35 42 53 65 93 93 125 153 153 160 173 176 176 203 203 228 228 228 238 238 238 251 
197 197 197 
113 177 177 177 177 
17 49 49 49 100 100 109 109 127 127 127 183 183 183 255 255 
128 128 128 
7 7 74 92 92 92 203 218 
26 
28 165 165 203 203 
16 93 93 93 93 
18 63 242 242 
121 121 238 
86 86 86 
16 16 16 57 57 65 78 78 78 81 81 89 89 89 89 111 154 154 176 176 176 201 224 224 
5 5 243 243 
16 16 16 
200 229 240 240 240 240 
130 130 130 226 226 
5 5 20 20 20 26 26 166 209 209 209 213 213 237 
251 
84 84 109 109 194 
145 145 
5 
5 
31 58 129 129 129 152 152 152 
1 1 
145 204 204 
119 119 152 152 
5 5 26 26 126 126 
84 84 100 100 127 127 127 194 198 216 216 216 
153 153 153 
79 93 

83 177 177 204 246 

211 253 253 
203 203 203 
5 234 234 
188 188 
107 107 
155 155 206 206 
55 55 55 91 91 238 238 238 
26 26 33 37 37 37 70 77 210 
50 196 
7 7 
81 
5 5 5 108 108 203 
84 84 84 109 109 109 144 144 187 187 189 216 216 
85 85 85 228 228 228 
104 104 104 
7 97 97 97 
21 21 71 228 228 
222 222 
227 227 
11 11 11 11 33 37 37 39 


34 34 34 51 63 80 202 
4 4 
14 

5 5 26 
5 5 5 159 159 
5 5 149 149 203 203 221 
127 127 
101 101 106 204 204 204 246 246 246 246 
14 152 223 

45 45 45 153 153 
143 143 203 203 203 
37 
228 228 
14 18 18 18 47 47 48 48 58 60 76 104 104 104 107 107 146 163 223 225 
1 1 2 21 25 25 25 45 45 81 81 110 110 110 148 148 179 179 228 228 228 
57 93 93 176 176 241 241 241 
120 120 206 206 
74 199 203 203 
31 31 31 
1 164 164 
5 5 142 142 
81 251 251 

238 238 
152 
1 1 158 158 232 232 
5 5 5 28 28 28 88 88 
20 98 209 
173 
8 
37 37 
174 174 174 206 
75 205 
11 11 11 11 
81 167 176 
170 170 170 206 206 206 
26 26 26 30 64 64 64 196 196 
81 81 93 93 93 154 154 173 
83 83 83 83 113 113 
5 5 
153 153 

56 56 
9 9 30 
84 84 84 
228 
33 
18 18 
127 127 
44 44 118 118 
127 
0 0 0 236 
28 205 
18 18 23 23 
253 
100 109 
43 43 204 204 245 
5 26 26 30 64 123 175 175 
33 82 82 82 
109 255 
156 
96 229 229 229 
93 
63 137 
5 7 7 7 36 36 40 40 74 74 75 75 75 81 81 86 88 88 116 116 116 126 143 143 149 149 149 156 156 220 251 251 
106 106 113 145 145 145 195 195 245 245 
75 75 171 191 
18 60 60 60 61 61 61 120 120 155 155 170 174 174 174 
15 
4 14 
98 98 98 166 
70 70 122 
33 115 
6 6 
26 26 98 98 237 
58 252 252 252 
8 8 
109 109 109 127 127 
75 75 75 
7 86 
37 37 37 
203 
5 46 46 46 143 227 227 235 
132 132 
24 24 24 69 69 69 146 152 
93 93 
152 
97 97 
5 5 12 12 12 133 133 221 221 
8 8 21 21 71 71 81 81 81 128 128 128 131 131 151 151 153 153 153 184 
96 200 200 200 
30 30 30 
15 15 15 26 
1 1 164 164 
75 75 
117 117 
221 243 
0 60 60 190 
26 98 213 
5 55 55 81 81 81 91 121 121 121 162 162 
30 30 30 30 
96 96 96 96 
154 154 154 
90 90 
5 42 42 42 94 94 235 
5 
43 43 58 195 204 204 
113 145 145 145 145 
8 8 71 71 
5 5 
70 70 
60 60 60 
81 99 160 160 203 203 
58 58 214 214 214 
115 115 193 
5 50 
84 84 198 
