Nodes: 256, Edges: 626
18 18 18 190 190 236 236 
105 158 158 158 164 164 232 232 
153 153 
81 81 81 81 
14 18 32 138 138 138 208 208 
26 26 38 42 46 50 50 56 68 68 81 102 103 103 108 114 114 114 123 123 126 126 126 133 133 133 136 141 141 141 142 143 143 159 159 165 165 165 178 178 196 196 203 203 221 227 227 227 234 238 244 248 254 
212 212 212 212 212 
41 41 41 74 86 97 97 97 124 124 130 130 203 203 203 
71 71 81 81 81 131 141 168 168 215 228 228 228 247 247 
182 182 
14 14 
134 134 172 172 
227 227 227 
37 
4 10 10 18 47 51 51 138 138 139 146 152 152 163 163 180 180 208 208 
26 26 207 207 207 231 
78 78 89 93 
66 66 66 84 84 84 
0 0 0 4 14 61 61 63 63 63 80 80 90 152 152 152 180 186 192 192 206 206 
62 
98 98 166 
45 45 52 52 71 71 131 140 153 153 228 228 228 
43 
192 192 192 
223 223 
81 81 153 153 
5 5 15 15 33 33 44 59 62 62 67 67 70 72 87 98 98 98 108 117 122 141 141 196 231 231 237 237 
110 
88 165 191 
205 
64 64 123 175 196 230 239 
104 157 157 
4 
26 26 37 37 39 44 44 185 211 222 222 222 
137 137 137 
53 53 81 
203 203 203 
13 33 33 122 169 219 219 219 
5 42 42 
33 73 
203 203 
7 7 7 
5 38 38 243 243 
22 195 245 
26 33 33 59 150 150 
21 21 148 153 153 153 
5 56 56 56 56 221 221 221 
14 152 
152 245 
84 
5 5 123 123 
14 14 137 
21 21 
35 35 81 
127 
121 238 
5 46 46 46 46 181 227 227 
241 241 241 241 
203 245 251 252 252 
26 44 
76 152 206 250 250 
18 18 206 
19 26 26 
18 18 18 90 90 90 137 202 
30 30 175 175 196 
81 81 93 
17 17 17 
26 26 
5 5 
223 223 223 
26 210 210 
8 8 21 21 131 131 228 247 247 247 
26 
39 134 
7 156 156 156 199 203 203 203 
147 171 171 203 205 205 205 217 233 233 233 
60 152 
122 122 122 
16 16 89 93 93 93 
111 
18 18 137 
3 3 3 3 5 8 8 8 25 25 35 53 65 65 93 93 93 125 153 153 153 160 160 162 162 173 173 173 176 176 176 203 203 228 228 228 238 238 251 
197 197 
113 177 
17 17 17 49 109 127 127 127 183 189 255 255 255 
128 128 
7 92 92 92 203 203 218 
26 237 253 253 
28 165 165 203 203 
16 78 93 93 93 93 
18 63 63 63 206 206 242 242 
121 238 
86 86 86 203 203 218 
16 65 78 78 78 81 81 81 89 89 89 89 111 154 154 176 176 201 201 224 224 224 
112 112 243 

127 144 229 240 240 240 240 
7 7 7 130 226 226 
20 20 26 26 26 166 209 209 213 213 237 237 
251 251 251 
109 109 109 194 198 
145 145 
5 
5 5 
31 129 152 152 
1 156 
145 204 204 204 
119 152 152 152 
5 26 126 126 
84 100 100 100 127 198 216 216 216 216 216 
27 153 153 
79 93 
94 94 
83 145 145 177 177 204 246 
5 5 5 
253 
203 
26 234 234 234 234 
188 188 188 
107 
155 155 155 155 155 170 206 206 
55 91 238 238 
26 37 77 77 77 142 210 210 
5 5 30 50 50 161 161 
7 7 
81 
5 5 5 108 108 203 203 
54 84 84 84 96 109 144 144 144 187 229 229 
85 85 228 228 
104 
7 7 97 
8 21 71 71 228 
222 
5 5 5 
11 11 73 
175 175 
5 
34 34 34 51 63 80 202 202 
4 4 4 14 14 
14 
21 
5 5 5 8 26 26 
5 122 
5 5 149 149 149 203 203 221 221 
96 127 127 127 
101 101 106 113 113 204 204 204 246 246 
14 
75 
45 153 153 
143 143 143 203 203 
44 44 
228 
14 14 18 18 18 47 48 60 76 104 104 107 107 107 157 157 157 163 163 223 223 225 225 
2 2 21 21 25 25 45 45 45 81 81 81 110 110 148 148 179 179 228 228 
93 93 241 241 
120 120 120 120 120 206 
74 74 74 105 199 203 
31 31 152 152 152 
1 1 1 164 164 
5 5 
81 81 
123 123 
81 81 
14 14 152 152 
1 1 158 158 232 
5 5 5 28 88 88 
20 98 209 
173 173 
8 8 
37 
120 174 174 174 206 
75 75 205 
11 11 
81 81 81 167 167 176 
170 170 170 
30 64 64 135 135 196 
81 81 81 93 93 173 
83 113 113 
5 5 
153 153 
14 14 18 
56 
9 9 196 196 
84 
228 228 228 
33 
18 
127 
118 118 118 
84 
0 0 236 236 
28 205 205 
18 18 23 23 23 
237 253 253 253 
100 
43 204 204 245 
5 5 26 30 64 175 182 182 
82 82 
100 109 
74 156 
229 229 
93 93 
63 137 137 
5 5 7 7 7 36 36 36 40 40 58 74 74 74 75 81 81 86 86 88 88 92 92 116 126 126 143 143 149 149 156 220 251 251 
106 106 106 113 145 145 145 195 195 245 245 
29 75 75 75 171 191 191 
18 18 60 61 90 90 120 120 155 170 
15 15 15 
4 4 14 14 
98 98 166 
70 70 122 122 
33 
6 6 6 6 6 222 222 
98 98 
252 252 
8 
109 109 109 109 109 
75 233 
86 92 
37 37 37 
203 
5 46 46 46 143 143 227 227 235 
33 33 33 132 212 212 
24 24 69 69 69 152 152 
93 93 93 
152 152 
97 97 
5 5 5 12 12 12 56 56 221 221 
8 8 8 21 21 21 71 81 81 81 128 128 131 151 153 153 184 184 184 
96 127 127 200 200 
30 
15 26 26 
1 1 164 
75 75 75 217 
5 117 117 117 117 
221 243 
0 0 190 190 
26 26 87 98 98 193 
5 55 81 81 91 121 121 
30 
96 96 96 96 
57 57 57 57 154 154 
90 90 
42 42 94 235 
5 
43 48 58 195 204 204 
113 145 145 
8 8 71 71 71 
5 

60 60 
58 81 99 99 99 203 203 
58 58 214 214 
87 87 115 193 193 193 
5 
84 84 84 
