Nodes: 256, Edges: 626
18 18 190 190 236 
153 158 158 164 164 164 232 
153 153 
81 81 81 
14 18 18 32 138 138 138 208 208 
26 38 38 42 46 50 50 56 68 68 81 94 102 102 102 103 108 114 114 114 117 123 123 126 126 133 136 136 141 141 141 142 142 143 159 159 165 165 165 165 178 178 196 196 203 203 221 234 238 238 243 244 254 
212 212 
41 41 41 74 86 86 97 97 130 203 203 203 
71 71 81 81 81 168 215 215 228 228 
182 
14 
134 134 134 172 172 172 172 
227 227 
33 33 
4 10 18 18 32 47 47 51 51 138 138 139 146 152 152 152 163 163 163 208 
26 26 207 207 207 231 231 231 
78 89 93 93 
66 66 66 84 84 
0 0 4 4 14 14 60 63 80 80 80 80 90 90 152 186 186 186 192 206 206 206 
62 62 
98 98 166 166 166 
45 45 71 71 131 131 140 140 153 153 153 228 228 
43 
192 
223 223 
81 81 81 153 153 
5 15 15 33 33 33 44 59 62 62 67 67 70 70 72 87 98 108 117 117 117 141 141 175 175 175 196 213 213 231 231 231 237 237 
110 
165 165 
191 
64 110 175 182 182 196 196 230 230 239 239 
157 157 
4 14 
13 13 26 26 26 37 37 39 39 44 44 122 122 134 134 185 185 185 211 211 211 222 
137 137 
81 
203 
33 33 122 134 134 169 219 219 219 
5 5 42 
33 33 134 

7 7 7 
5 38 81 
22 245 245 
26 33 33 59 59 59 150 150 150 
21 21 148 148 153 153 
5 221 221 221 
14 14 
245 
84 84 
5 5 123 123 123 254 254 
14 14 137 

81 
127 127 127 
121 121 238 238 
5 181 
93 154 154 241 241 
203 203 214 214 252 252 252 
26 44 44 44 
18 76 76 152 152 206 236 236 236 250 250 250 250 250 
206 206 229 
19 19 26 26 
18 90 90 137 192 202 202 242 242 
30 196 196 196 196 
81 93 
17 17 17 
26 26 
5 5 
223 223 223 
26 26 77 122 210 249 249 249 
8 8 21 21 131 228 247 
26 
134 
7 86 156 156 156 199 203 203 
147 171 171 203 203 205 205 217 217 217 233 
60 60 
70 122 
16 93 93 93 93 
111 
18 18 18 18 137 137 
3 3 3 5 8 8 8 25 25 25 35 42 53 65 93 93 93 153 153 160 162 162 176 203 203 228 228 228 238 238 251 
197 197 
113 113 177 177 204 204 
17 17 49 49 127 127 183 189 255 
128 128 128 128 
7 7 74 92 203 218 218 
26 237 253 253 
165 203 
16 93 93 93 93 
18 18 63 63 206 206 242 242 
121 238 238 238 
86 203 218 
16 16 57 65 78 78 78 78 81 81 81 89 89 89 89 111 154 154 154 176 201 224 
5 112 112 

127 127 144 200 229 229 229 240 240 240 
7 7 130 130 
20 20 26 166 166 209 209 213 213 213 237 237 
251 251 251 
109 109 194 194 
145 145 
5 5 5 203 203 
5 
129 129 129 152 
156 
145 145 204 
119 119 152 152 
5 26 126 126 
100 100 127 127 194 198 198 216 216 216 
27 30 
79 93 
94 94 
83 83 177 177 204 246 246 
5 5 5 
253 253 
203 
5 26 26 26 234 234 234 
188 
107 107 152 
155 155 155 170 206 206 
55 55 91 238 
33 33 37 70 77 142 210 210 210 
5 5 50 50 50 161 161 196 


5 5 108 108 
54 54 54 84 84 96 96 109 109 144 144 144 187 189 216 229 
85 85 85 85 228 228 
104 104 104 
7 97 97 
21 21 71 228 

5 227 227 
11 11 11 33 33 37 37 39 73 
175 175 
5 5 
34 34 51 63 80 80 202 
4 4 4 14 14 
14 
21 21 
5 5 5 26 26 
5 5 122 
5 149 203 203 203 221 
96 127 127 127 
101 101 106 106 204 204 246 
14 152 223 223 223 
75 
45 45 153 
143 203 233 
44 44 44 
228 228 
14 14 14 18 60 60 104 107 107 119 146 163 223 225 
1 2 2 21 21 21 25 25 45 45 81 81 148 179 179 228 228 228 
57 57 93 93 93 241 241 241 
120 120 120 206 206 
74 74 74 105 199 199 203 
31 31 
1 1 164 
5 5 
81 251 251 
123 123 
81 81 238 
14 14 14 152 
1 1 1 158 
5 5 5 5 28 28 88 203 203 203 
20 20 20 98 98 209 

8 
37 222 
120 206 206 
75 75 205 205 
11 11 11 11 
176 176 
206 206 
26 26 26 30 135 135 196 196 
81 93 173 173 
83 83 113 113 
5 5 
153 153 

56 
9 30 30 196 196 
84 
228 
33 33 33 
18 18 18 
127 
118 
84 127 
0 0 236 
29 
18 23 63 
237 
100 100 109 
245 
5 5 26 30 30 64 64 64 64 123 175 175 182 182 
82 82 
109 109 255 
74 156 156 
96 229 229 
93 
63 63 137 
5 5 7 7 7 36 58 58 74 74 75 75 81 81 86 88 92 102 102 116 143 143 143 149 156 165 165 165 220 251 251 
83 83 106 113 145 145 245 
75 75 171 171 
18 18 18 60 61 61 90 90 120 120 155 155 170 170 174 174 
15 15 15 
4 4 14 
98 98 166 
70 122 122 122 
33 33 33 
6 6 222 222 222 
26 26 98 98 98 237 
58 58 252 
8 8 
109 109 109 127 
75 75 75 233 
86 86 92 
37 37 37 
203 251 251 
5 46 46 46 143 227 
33 169 212 212 212 
24 24 69 69 69 146 146 146 152 
93 
152 

12 12 133 133 221 
8 8 21 21 71 81 81 81 128 128 131 151 151 153 153 153 184 
61 96 96 96 127 200 200 
30 30 
15 15 15 26 26 26 
1 
75 149 217 
5 117 117 117 
243 
0 60 60 60 190 
26 26 87 98 98 193 213 
5 5 55 55 81 81 91 91 91 121 162 
30 30 
96 96 96 
57 57 154 154 154 
63 63 90 90 
5 235 
5 
43 43 48 195 204 
113 113 145 
71 

70 70 70 
60 60 60 60 60 
81 99 99 99 160 160 203 203 220 220 
58 58 58 214 
87 87 115 115 
5 50 50 
84 198 
