Nodes: 256, Edges: 626
18 18 190 190 236 236 236 
105 153 153 158 158 158 164 164 232 232 
153 153 
81 81 
14 18 32 138 
26 38 42 42 42 46 46 50 50 56 56 68 68 94 98 102 103 114 114 114 117 123 123 123 126 126 133 133 133 141 141 142 159 159 165 165 196 196 203 203 221 221 221 227 234 234 238 238 243 243 244 248 254 
212 
41 41 74 86 97 97 124 124 130 203 203 218 218 
81 168 168 215 228 228 228 247 247 
182 182 
14 14 
134 134 134 172 172 172 
227 227 
33 37 37 
4 10 10 18 32 47 47 51 138 138 146 152 152 163 163 
26 26 207 207 207 207 231 
78 89 93 93 95 
66 66 66 66 66 84 
0 0 4 14 60 60 60 61 63 63 80 90 152 186 192 206 206 
62 62 
98 98 166 166 166 
45 52 52 71 71 71 131 131 140 140 153 153 228 228 
43 
192 
223 223 
153 
5 15 15 33 44 44 59 59 62 67 70 72 87 98 98 108 108 117 117 122 122 175 196 196 213 231 231 231 237 
110 
88 165 

64 123 182 196 196 230 230 239 239 
157 157 
4 14 
13 26 37 39 39 122 122 134 185 197 222 222 222 
137 
53 53 81 
203 203 
13 13 33 134 134 134 134 150 169 169 169 219 219 219 
5 
33 33 134 
203 203 203 
7 7 
5 5 5 81 81 81 243 243 
22 195 195 216 245 245 
26 26 59 59 188 188 188 
21 148 148 148 153 
5 5 56 221 221 
14 14 152 
152 152 152 
84 84 84 
5 5 123 123 254 254 254 
14 61 
21 21 
35 35 81 81 81 
127 127 127 
121 238 
5 5 46 181 181 227 227 
93 154 241 241 241 
104 203 203 214 214 245 252 
26 26 44 44 
18 18 18 76 206 206 236 236 236 250 
18 51 206 
19 19 26 
18 18 90 90 202 202 242 
30 175 175 196 
81 93 93 
17 17 17 17 17 
26 
5 5 
223 223 223 
26 77 122 122 210 210 249 249 
21 21 21 131 228 228 
26 

7 86 156 199 203 203 
147 147 171 171 203 205 217 217 217 233 233 
60 152 
70 122 
16 89 93 93 93 
111 111 111 
18 137 
3 3 8 35 42 42 42 53 53 53 65 93 93 93 153 153 160 160 162 176 203 203 228 228 228 238 251 
197 
113 113 177 177 177 204 
17 49 49 49 100 100 100 109 127 127 189 189 255 255 255 
128 128 128 128 
7 74 92 203 203 
26 237 253 
28 165 165 203 203 
16 78 93 93 93 
18 63 63 206 206 242 242 
121 121 121 238 
86 203 218 
16 16 57 65 65 78 78 78 81 81 81 89 89 89 111 154 154 176 201 201 224 224 224 
5 112 112 
16 
127 127 200 229 229 240 
7 7 130 130 130 226 226 
5 20 20 26 26 166 166 209 209 209 213 213 237 237 
251 
84 84 84 109 109 194 194 198 198 
145 
5 203 203 234 
5 
58 129 152 
1 
145 145 145 
119 119 152 152 
26 26 126 126 126 
84 100 100 127 194 198 216 216 216 
27 153 153 153 
79 79 79 93 
94 94 
83 83 145 177 246 
5 5 5 
211 253 253 253 253 
203 
5 26 26 234 234 234 
188 
107 107 152 
206 206 
55 91 91 91 238 238 238 
26 26 33 33 70 70 77 210 
5 5 5 30 50 50 196 
7 7 

5 5 108 108 108 
54 54 54 84 84 96 96 109 144 144 144 144 187 189 189 189 216 216 229 
85 85 85 85 228 
104 
7 97 97 97 
21 21 71 228 228 
222 
5 5 5 227 
11 11 11 33 37 37 37 37 39 
175 175 

34 80 202 
4 14 14 

21 21 
5 5 
5 159 159 159 
149 149 203 203 203 221 221 221 
127 127 127 127 
101 106 106 106 113 204 246 246 
14 152 152 223 223 
75 75 205 
45 45 45 153 153 
143 143 203 203 
37 
228 
14 14 18 47 48 48 48 76 104 107 107 119 146 146 157 157 157 163 163 223 223 225 
1 1 2 2 21 21 25 45 81 81 110 110 110 148 148 179 179 228 228 228 
57 93 93 176 241 241 241 

74 199 199 203 203 
31 31 152 152 152 
1 1 1 164 
5 5 142 142 142 
81 81 

81 238 
14 14 152 152 
1 1 158 232 232 
5 5 28 88 88 203 203 203 
20 20 20 98 98 209 209 
173 173 
8 8 
37 37 37 222 
174 206 206 
75 75 205 205 
11 11 11 
167 167 176 176 176 
170 206 
26 64 64 135 135 
81 93 154 173 173 173 
83 83 83 113 

153 153 

56 56 
9 9 30 196 196 

228 
33 
18 
127 
44 44 44 118 
84 84 127 127 127 
0 0 236 236 236 

18 23 
237 237 253 
100 100 109 
43 43 204 245 245 
5 5 26 26 30 30 64 123 182 182 
33 82 
100 100 109 
74 156 156 
96 229 229 
93 93 
63 63 137 
5 5 7 7 36 36 40 40 40 58 58 74 74 75 81 81 86 86 88 88 92 102 102 116 143 143 143 149 149 156 156 165 165 165 252 
83 145 195 245 245 
75 147 171 171 
18 18 60 60 61 90 90 120 120 170 170 174 
15 15 15 15 

98 98 98 166 166 
70 70 122 
115 
6 222 
26 98 98 237 
58 58 252 252 252 
8 
43 109 109 109 127 127 
75 75 75 
7 7 92 
37 37 37 

5 5 5 46 46 143 143 143 227 
33 33 33 132 169 212 
24 24 69 69 69 146 146 152 152 
93 93 93 
152 
97 97 
5 12 12 56 56 133 221 
8 8 8 21 21 71 71 81 81 81 128 131 131 151 153 153 153 184 
96 96 127 200 200 
30 30 
15 26 26 26 
1 1 164 164 
75 75 
5 5 102 117 117 117 

0 0 0 60 60 60 190 190 190 
26 87 98 98 193 193 213 
5 5 55 81 91 121 121 121 162 
30 30 
96 
57 57 57 154 154 154 
63 90 90 
5 5 42 42 
5 
43 43 58 195 195 204 204 
113 145 145 
8 8 
5 
70 70 
60 
81 99 
58 203 214 214 214 
87 115 115 115 115 193 
5 50 50 50 
84 84 84 
