Nodes: 256, Edges: 626
18 18 18 18 18 236 236 
21 105 153 153 153 158 158 158 164 232 
153 
81 81 81 81 
14 14 18 138 138 138 208 
26 26 42 46 50 56 68 68 68 81 94 94 98 98 102 103 103 108 108 114 114 114 114 117 117 117 123 126 126 126 136 136 136 142 142 143 143 159 159 165 165 165 165 178 196 203 203 203 227 227 227 234 238 238 244 244 254 
212 212 212 
41 41 74 74 86 86 86 97 124 124 130 203 203 218 218 
81 81 81 131 141 168 168 215 228 228 228 247 247 247 
182 
14 14 14 
134 134 172 
227 
33 37 37 
4 4 10 10 10 18 32 32 47 47 51 51 51 139 139 146 152 152 163 180 180 208 208 
207 207 231 
89 89 93 95 
66 66 66 
0 0 0 0 0 4 14 60 60 61 61 63 63 63 80 90 90 152 180 186 192 206 206 
62 62 62 
98 
1 45 45 71 131 131 140 153 153 228 228 
43 
192 
223 223 223 223 
81 81 153 
5 5 33 33 44 59 62 70 72 72 84 87 87 98 98 108 117 122 122 141 141 175 213 213 237 237 

165 165 
205 
64 64 110 182 196 196 196 230 230 239 239 239 
104 157 157 
14 14 
13 26 26 37 37 39 39 39 44 44 122 122 134 134 185 211 
137 137 
53 53 81 81 81 
203 203 
13 13 33 33 122 122 134 169 169 219 
42 
33 33 33 73 134 
203 203 
7 7 
5 38 81 81 81 243 
22 195 245 245 245 
26 33 33 59 150 150 188 188 
21 21 148 153 153 
5 56 56 221 
14 14 152 152 152 
58 245 
84 84 84 
5 123 254 254 254 
14 14 14 61 137 

35 35 81 81 81 

238 
5 46 46 181 181 227 227 
241 241 241 
48 104 203 203 214 252 252 252 
26 44 
18 18 152 152 236 250 250 250 
18 18 51 206 
19 19 19 26 
18 18 18 90 137 137 202 202 202 242 
30 30 175 196 
81 81 81 93 93 93 
17 17 17 

5 5 5 
223 223 
26 122 122 210 210 249 249 
21 228 228 
26 26 
39 
7 7 86 156 199 203 203 203 
147 171 171 171 203 203 203 217 217 217 233 233 
152 
122 122 122 
89 93 93 93 
111 111 
18 137 137 
3 3 3 3 5 8 8 8 25 25 35 35 35 42 42 42 53 53 53 65 65 65 93 93 153 153 160 160 160 162 173 173 176 176 176 203 203 228 228 238 251 251 
84 
113 177 177 204 
26 49 49 49 82 100 109 109 127 183 183 189 189 189 255 255 255 255 
128 128 128 128 
7 7 7 74 92 92 92 203 203 218 
26 26 237 253 
165 203 203 
16 16 78 93 93 93 
18 18 63 206 206 242 
121 238 238 238 
86 86 86 203 203 218 
16 65 65 65 78 78 78 81 81 89 89 89 111 111 111 154 176 176 176 201 201 201 224 
5 5 112 112 243 243 
16 
127 200 200 229 229 240 240 240 
7 130 130 226 226 
5 5 20 26 26 166 209 213 213 237 237 
251 
84 109 194 194 198 
145 
5 203 203 234 234 
5 5 
31 58 129 
1 
145 145 204 
119 
5 5 26 126 126 
84 84 100 127 194 198 198 198 216 
30 
79 79 93 93 93 
94 94 
83 145 246 
5 5 5 5 
253 253 253 

5 5 5 26 234 234 
188 188 
107 152 152 
155 155 155 155 170 206 
91 238 
26 26 33 33 37 37 70 70 77 77 77 210 210 210 
5 50 161 196 
7 7 

5 5 5 108 108 203 203 
84 96 109 144 144 144 187 187 189 229 
85 85 85 85 228 
104 
7 97 97 
8 21 21 
222 
227 227 
11 11 33 33 37 39 
175 175 
5 5 5 
34 34 51 63 63 80 80 202 202 202 
4 4 4 
14 14 
21 
8 26 26 
5 5 
5 5 149 149 221 221 221 
127 127 127 
101 106 106 113 204 246 246 246 246 
14 152 152 
75 
45 153 
143 143 203 203 203 
44 44 
228 
14 14 18 47 47 47 60 60 76 119 119 146 146 157 157 163 163 223 223 225 225 
1 1 1 2 21 21 25 45 45 81 81 148 179 179 179 228 
93 176 176 241 
120 120 120 120 
74 199 203 
31 31 152 152 
1 1 1 164 164 
5 5 
81 81 81 251 251 
123 
81 238 
14 152 152 
1 158 158 232 232 
5 5 5 5 28 28 88 203 203 
98 209 209 
173 173 
8 8 
37 37 
120 174 206 
75 75 75 205 
11 
81 81 167 167 176 176 
170 206 206 
26 64 135 135 
81 81 81 93 93 93 154 154 173 173 
83 83 
5 
153 153 153 
14 14 18 
56 56 
9 30 196 196 196 
84 84 
228 228 228 
33 
18 
127 127 
44 44 118 118 
84 84 84 127 
236 236 236 

18 23 
253 253 
100 100 109 
43 204 245 245 245 
5 30 30 30 64 123 182 182 182 

100 109 109 109 
74 156 
96 96 229 229 
93 93 93 
63 63 63 137 137 137 
5 5 5 7 7 36 36 40 40 58 58 74 74 74 75 75 75 81 81 86 86 88 88 92 92 102 102 126 126 149 149 149 156 165 165 220 251 251 
83 106 145 195 
29 171 
18 18 61 90 90 120 170 174 174 
15 15 
4 14 14 
98 166 166 
70 70 122 122 122 
33 
6 6 6 
26 26 98 98 237 
58 252 
8 
109 
75 75 75 233 
7 7 86 92 
37 
203 251 
46 143 143 143 227 
132 
24 24 24 24 69 69 152 152 
93 
152 152 
97 97 
5 5 5 12 56 56 133 133 221 
8 8 8 21 21 71 71 81 81 128 151 153 184 184 184 
96 96 127 200 200 
30 30 
15 
1 164 164 
75 75 217 
5 102 102 117 117 

0 0 60 190 190 190 
26 26 87 98 98 213 
5 5 55 81 91 91 91 121 162 
30 30 30 
96 96 96 
57 57 57 154 
63 90 
42 94 94 
5 5 
43 43 43 48 195 195 195 
113 145 145 145 145 
8 8 8 

70 70 
60 60 60 
81 81 99 160 160 203 203 220 
58 58 58 214 
87 115 115 115 193 193 
5 50 50 50 
84 84 84 84 
