Nodes: 256, Edges: 376
18 18 190 
105 153 164 164 
153 153 
81 81 
14 18 18 18 32 138 208 208 
26 38 38 38 50 68 81 81 94 98 98 102 114 114 117 117 123 126 133 133 136 141 141 142 143 159 203 227 238 238 244 248 
212 212 212 
97 124 130 203 203 203 
81 81 168 215 
182 182 
14 
134 134 134 172 172 172 
227 
33 
4 10 18 18 18 138 138 146 152 152 152 163 163 180 180 208 
207 207 
78 89 93 
66 84 84 
0 0 4 4 4 14 14 14 60 61 63 63 63 80 90 152 186 186 192 206 206 
62 
98 98 166 
45 45 52 71 71 71 


223 
81 
5 62 70 70 70 72 84 84 87 87 87 98 117 122 175 175 196 237 
110 
88 88 165 

175 182 182 182 196 230 230 239 239 

4 
13 37 37 44 44 122 134 185 197 211 

53 81 81 

33 33 134 150 169 219 219 219 
5 5 5 42 

203 203 

38 243 243 243 
195 245 
33 33 
21 21 148 148 148 153 
56 221 221 221 
152 
152 245 
84 84 84 
5 123 254 254 
137 
21 
35 
127 
238 238 
46 181 181 
154 154 
252 252 

18 76 76 152 236 
18 206 
19 26 
18 18 18 137 137 
175 175 196 196 
93 
17 

5 
223 223 
26 26 26 122 122 210 210 
21 21 21 131 228 228 
26 

156 203 
147 171 203 203 217 233 
60 60 
122 
16 89 89 93 93 93 
111 111 
18 137 
3 3 5 5 8 8 25 35 35 125 162 173 238 

113 177 177 177 
17 17 26 26 49 49 49 100 100 109 109 127 189 255 255 255 255 
128 
92 203 203 203 218 
26 26 26 237 253 
28 28 165 165 203 
16 78 78 
18 242 
238 
86 203 
16 65 78 78 78 111 154 201 
5 112 112 

127 200 229 
7 130 130 
5 5 20 20 26 166 166 213 237 
251 
84 84 109 109 194 
145 
5 234 

129 
1 
145 
119 119 152 152 

84 84 100 100 127 194 198 216 
27 153 153 
79 79 93 
94 94 
83 204 
5 5 
211 
203 
5 5 26 234 234 
188 
107 107 152 
155 206 206 
238 
26 33 70 70 77 210 210 
5 50 161 161 196 
7 
81 
5 
54 84 96 109 144 144 187 189 216 
85 228 
104 
7 97 97 
71 

5 5 227 
11 11 11 33 37 
175 
5 
51 63 63 80 
4 14 14 


5 5 
5 159 159 
5 149 221 221 
127 127 
101 106 204 246 246 
14 152 
75 
45 45 45 
143 203 
37 
228 
14 14 14 18 47 48 60 107 107 119 146 157 223 
1 2 2 45 110 110 179 
57 57 93 176 241 241 
120 
74 
152 
164 
5 142 142 

123 123 
81 
14 14 
1 1 158 
28 88 88 
20 98 98 

8 
37 
174 206 
75 205 
11 11 11 
81 
170 206 
26 26 30 64 64 135 
154 
83 83 83 

153 
14 14 
56 56 
9 9 30 30 30 


33 
18 18 
127 
118 
84 127 
0 236 236 
205 
18 
237 237 253 
100 109 
43 204 245 245 
26 30 64 64 123 
33 
109 255 

96 229 
93 

5 7 7 7 40 40 74 75 75 86 86 86 88 92 116 149 220 251 251 
113 145 195 245 245 
171 191 
18 18 61 120 120 170 174 
15 15 
4 4 14 

70 70 122 122 
33 115 
6 6 6 
98 
252 
8 241 
109 127 
75 233 
86 
37 37 37 
203 
46 46 46 143 143 227 227 227 235 

24 69 69 152 



5 12 133 221 221 221 
71 71 128 151 
96 200 
30 30 


75 217 
102 117 117 
221 
60 190 190 
26 87 98 193 193 
5 5 55 55 81 91 121 
30 30 

154 154 215 
90 
42 42 42 
5 
43 48 195 195 204 204 
145 145 

5 


99 203 203 
58 58 214 
87 193 
50 50 
84 84 84 84 198 
