Nodes: 256, Edges: 376
18 190 236 236 
21 21 105 105 158 158 164 164 232 
153 153 
81 81 81 
14 14 18 32 208 
42 42 50 56 68 81 81 94 98 102 103 108 114 117 123 126 136 141 143 159 159 159 165 178 178 196 221 227 234 238 243 243 248 254 254 
212 212 
41 86 124 130 203 218 
168 168 247 

14 
134 
227 227 
33 33 33 37 
4 4 10 18 18 32 32 47 51 139 146 146 180 180 
26 26 207 207 
78 93 95 
66 66 84 
0 4 14 14 60 60 61 61 80 80 80 152 192 192 206 206 206 

166 166 
1 1 45 71 71 71 131 140 140 153 




15 15 44 44 59 59 59 62 67 67 70 72 72 84 84 87 87 98 108 117 213 213 231 

165 

182 196 230 230 239 239 

4 14 14 
13 13 13 37 37 39 39 122 122 197 211 211 222 

53 53 81 81 
203 203 
13 33 33 122 134 134 169 219 219 
42 
33 33 
203 203 
7 
5 5 38 81 243 

26 26 150 188 
21 153 153 
56 221 
14 152 
152 
84 
5 254 254 
14 61 

35 35 81 81 
127 127 127 
238 
5 46 181 181 227 
93 241 
104 245 245 252 
26 26 26 
18 18 152 206 250 250 
18 18 51 206 
26 
137 137 242 
175 175 196 
81 
17 17 
26 26 
5 
223 223 223 
26 122 122 210 249 249 
21 21 21 
26 26 

203 203 
205 217 217 

122 
16 89 93 
111 
18 18 18 137 
3 3 3 5 5 35 35 42 53 53 65 93 93 125 160 162 173 176 
197 
113 177 204 204 204 
17 26 26 49 100 100 109 109 127 127 183 255 255 
128 
7 218 
26 26 237 237 
203 
78 93 
206 
238 
203 218 
16 57 78 81 81 89 111 111 154 201 224 224 
5 243 243 
16 
127 200 240 
226 
5 26 237 
251 
84 84 109 109 194 198 
145 145 
5 
5 
58 152 
1 1 
145 
119 152 152 
5 26 126 
84 84 100 100 127 127 194 198 198 216 
153 
79 93 93 

83 145 177 246 
5 
253 
203 
5 26 234 234 234 
188 
107 152 
170 170 
238 238 
33 33 37 70 70 77 210 
5 161 196 
7 
81 
5 108 
54 54 54 84 84 96 109 109 187 189 216 216 
85 228 

7 
21 
222 
227 227 227 
11 37 37 
175 
5 
63 63 80 202 

14 
21 21 
5 

5 203 203 221 221 

101 101 106 113 204 246 246 246 
14 14 

153 
203 203 
44 

18 47 48 60 104 107 107 119 163 163 223 223 225 
2 2 21 45 45 110 148 179 
93 241 241 
206 
203 203 

1 1 164 164 
5 5 5 
81 
123 
81 
152 152 
1 1 158 158 
5 28 203 
20 20 209 209 
173 
8 8 
37 
120 120 206 206 
205 

81 167 176 176 

64 64 135 
81 173 173 
83 113 
5 5 
153 
14 14 
56 56 
30 
84 



127 
44 118 
127 
0 236 
205 
18 18 
237 237 253 
100 109 
204 
5 30 64 123 
33 82 
100 109 109 

96 229 229 
93 
137 
7 36 36 40 40 74 74 88 92 116 143 143 149 149 156 156 165 220 251 
83 83 83 145 195 245 245 
75 171 191 
18 18 18 60 61 90 155 170 170 
15 15 
4 
166 166 
70 122 
33 33 
6 6 222 
26 26 
252 

109 127 127 
75 75 233 
7 86 92 
37 37 
203 
5 46 143 143 227 
33 132 212 
69 69 69 152 152 
93 93 
152 
97 
5 12 12 56 133 133 133 221 
128 
200 200 
30 30 
26 
1 
217 
5 117 117 117 
243 
0 0 190 
87 87 98 193 193 
5 55 91 121 121 
30 30 
96 
57 154 154 
63 
5 5 42 94 94 235 

58 58 204 204 
113 145 145 145 
8 
5 
70 70 
60 60 
99 203 
58 214 
115 193 
5 5 50 50 
84 84 
