Nodes: 256, Edges: 376
18 18 190 236 236 236 
158 158 232 

81 81 81 
14 14 18 138 208 
38 46 50 68 81 81 94 98 114 114 117 123 126 126 136 136 143 143 165 165 178 196 196 221 227 227 234 243 248 

41 41 86 97 97 124 130 130 203 203 
71 71 131 228 

14 
134 134 172 172 172 
227 
37 37 
4 4 10 47 51 138 138 139 146 152 152 180 180 
26 207 231 231 
89 93 95 
66 66 66 66 84 
0 0 4 60 186 186 186 192 192 206 
62 62 
98 98 
45 52 71 71 71 131 131 140 153 228 

192 192 
223 223 
81 81 81 
15 33 44 59 59 70 72 84 84 98 108 141 175 175 196 213 231 
110 
88 165 

64 64 123 182 182 196 196 230 239 
157 

26 39 39 39 44 44 197 211 211 

53 53 81 81 
203 
13 13 122 122 134 134 134 219 
5 
33 33 33 73 
203 203 
7 7 
81 
195 
26 33 33 150 150 188 188 188 
21 153 
5 56 56 221 
14 
152 152 245 245 245 
84 
5 123 123 123 254 254 254 
14 
21 
35 35 81 
127 
238 
46 46 181 181 
93 154 241 241 
104 214 245 245 245 
26 26 
18 152 152 206 236 236 250 250 250 
206 
19 19 
90 137 202 202 242 
30 30 175 196 
81 
17 17 17 17 

5 
223 
26 122 210 249 
8 8 21 21 21 247 247 
26 
39 
203 203 
147 203 203 217 233 


93 


3 3 3 5 5 25 25 25 35 35 42 53 65 125 160 162 173 176 176 
197 
113 177 177 204 204 
17 26 26 49 100 109 109 109 189 189 255 255 255 
128 128 128 
7 92 203 218 

28 165 165 
16 93 93 93 
63 206 
121 121 238 
86 203 203 
16 57 78 89 89 89 111 154 176 201 201 
5 112 112 243 243 
16 
229 240 
7 7 226 226 
5 20 20 26 166 166 209 209 209 213 237 
251 251 
84 194 
145 


58 129 

204 

26 126 
84 84 84 127 198 198 
27 
93 
94 94 
83 177 246 246 
5 5 
253 253 
203 203 
5 
188 

155 155 155 170 206 206 
91 91 238 238 
37 37 70 210 210 
5 30 50 50 50 161 
7 
81 
5 5 108 
54 109 144 144 144 216 229 
85 85 85 228 
104 
7 7 
8 21 21 
222 
227 
11 11 37 37 37 
175 
5 5 
63 202 202 
4 14 14 
14 
21 
26 

5 5 221 221 
127 127 127 
101 204 246 
14 152 152 
75 
153 153 
203 
44 44 
228 
14 14 48 48 60 60 146 146 157 163 223 225 
21 45 148 148 179 
57 93 241 241 
120 120 120 
199 
31 152 
1 1 164 

81 
123 
81 238 
152 
158 
5 5 28 88 88 
98 98 209 209 
173 


120 174 

11 11 11 
81 167 
170 206 
26 26 64 135 
81 81 93 
83 83 113 
5 
153 
14 14 
56 56 
30 30 196 

228 

18 18 18 

44 44 44 118 
84 84 
0 
205 
18 18 23 23 
237 
100 
43 204 
5 5 26 30 30 64 182 
33 82 
109 109 
156 
229 
93 93 
63 63 137 137 
7 7 36 40 40 74 74 75 75 86 92 92 116 116 149 220 
83 83 106 145 195 245 
191 
18 60 61 90 120 120 174 
15 
4 
98 98 98 166 166 
70 122 122 
33 33 
222 222 
26 98 
58 
241 
127 
75 233 233 
86 
37 
203 
5 46 143 143 227 235 
132 212 212 
24 24 69 152 

152 
97 97 
5 5 12 133 221 
8 21 128 151 184 
96 127 200 
30 
15 15 26 
1 
75 217 217 
5 
221 
0 0 0 60 60 
98 193 
55 91 121 121 162 
30 
96 
57 57 154 154 215 
63 
5 94 94 

48 48 48 58 58 58 204 
113 113 145 
71 71 
5 
70 
60 60 60 
99 99 

115 115 
50 50 50 
84 84 84 
