Nodes: 256, Edges: 376
18 18 236 236 
153 164 
153 
81 81 
18 32 138 138 208 
38 38 50 50 81 81 94 94 98 102 103 103 114 114 114 114 117 123 123 126 133 136 136 141 141 142 143 165 165 196 196 203 221 227 243 243 244 248 254 

41 74 86 97 124 130 130 203 203 
168 215 
182 182 

134 172 172 
227 
33 37 
18 32 138 139 146 163 180 180 180 
26 207 207 207 207 231 
93 95 
66 66 
0 0 4 14 63 80 90 90 152 180 186 192 192 
62 62 
98 98 166 166 166 
45 52 52 151 153 153 
43 
192 

153 
15 33 33 59 59 70 84 87 87 98 175 196 231 231 

165 165 
191 
175 182 196 196 230 230 239 239 239 
104 157 
4 14 
13 26 26 37 44 44 44 185 185 197 197 211 
137 137 
53 
203 203 
13 33 169 219 219 
5 5 42 42 
134 
203 
7 
38 38 243 243 
22 245 
33 33 33 150 188 
21 148 148 153 
56 56 221 221 221 

152 152 245 
84 84 
5 5 123 254 
61 
21 21 
35 81 81 
127 
121 238 
46 46 181 181 227 227 
93 241 
214 
26 26 
76 206 236 250 
51 206 206 
19 19 
18 137 192 
175 175 175 196 
81 81 
17 17 


223 223 223 
26 122 249 249 
247 247 


7 156 156 
171 203 203 233 233 
60 
122 122 
93 

18 137 137 
3 3 5 5 53 53 65 65 93 160 162 173 173 176 176 251 251 
84 
113 177 177 204 
26 49 49 82 109 127 183 189 189 
128 
7 92 92 92 
26 26 237 237 253 

93 93 
18 18 242 
121 238 
86 86 86 
16 57 78 81 89 89 154 154 176 201 224 224 
5 5 112 112 243 
16 
200 200 229 229 240 240 
7 
5 20 20 26 237 
251 
109 109 

5 
5 5 
31 129 129 152 

145 145 204 
119 
126 126 126 
84 100 100 127 194 216 
153 

94 94 
83 145 145 204 
5 5 5 5 
253 
203 203 203 
5 234 

107 152 152 
155 170 170 206 
55 91 238 
70 77 77 
5 5 50 161 161 161 196 196 
7 

5 108 108 108 203 
54 84 109 144 187 187 187 216 
85 
104 104 
7 7 


5 227 
11 39 
175 
5 5 
34 34 63 80 80 202 
4 4 14 
14 

5 5 
5 159 
5 149 203 
127 
106 106 113 113 246 246 246 
14 152 152 152 223 
205 
45 45 153 153 153 
143 203 203 
44 
21 
18 48 48 104 119 119 146 146 146 163 223 223 
1 2 21 21 25 45 110 148 148 148 179 228 
93 93 241 
120 206 
74 74 199 199 
31 

142 
81 251 
123 123 123 
81 
14 152 
1 232 232 232 
5 5 28 28 
20 20 20 209 209 

8 
37 
120 120 174 206 
75 205 205 
11 11 
81 81 
170 
26 30 64 64 64 135 196 
81 81 93 
83 83 

153 
14 14 14 18 
56 56 
9 9 30 
84 
228 
33 33 
18 
127 127 127 
44 
84 84 

29 205 
18 18 23 63 
237 253 
109 
204 204 204 
5 5 26 30 30 64 123 123 175 
33 33 

156 156 
96 96 229 229 
93 
137 
5 7 7 36 36 40 75 75 116 116 116 126 143 149 149 
83 106 113 195 195 195 245 
147 171 171 191 
60 61 61 120 155 170 
15 15 15 15 
4 
166 166 

33 
222 
237 
58 252 
8 
109 127 
233 

37 37 

5 46 46 46 227 227 
212 
69 69 69 146 152 152 
93 93 


5 12 56 56 133 221 221 
153 184 
96 96 200 200 
30 30 
15 26 26 
164 164 164 
75 75 217 
117 

0 0 60 
87 87 98 193 213 
55 91 121 
30 30 30 
96 96 
57 154 
90 
5 5 42 42 94 
5 
43 48 204 
145 145 145 
71 71 
5 
70 70 
60 
81 81 99 160 
214 
87 115 193 
5 50 

