Nodes: 256, Edges: 376
18 18 18 190 190 236 
105 158 164 164 164 232 
153 
81 81 81 81 
138 208 208 
26 42 50 50 56 56 81 98 102 103 103 103 114 123 123 126 133 136 141 142 143 159 165 165 165 178 178 203 203 227 227 254 
212 212 
41 124 124 124 130 203 
71 168 168 215 228 247 

14 14 
134 172 172 
227 227 
33 33 
10 10 32 51 138 139 139 146 152 180 
26 26 231 
78 95 

0 0 0 60 61 61 80 80 80 90 152 192 206 
62 
98 166 
45 52 71 131 140 153 

192 192 
223 

5 15 15 59 59 62 67 87 98 117 122 141 175 175 175 196 196 213 231 237 

165 165 165 

110 175 182 182 196 230 230 239 239 239 
157 157 157 
14 
13 13 37 37 39 39 122 134 185 185 211 222 

53 81 81 
203 203 
33 33 134 134 169 169 169 219 

33 33 73 134 
203 
7 
5 81 
195 
59 150 188 188 
21 148 153 153 
221 
152 
152 245 
84 84 
5 5 254 
14 137 
21 
35 81 
127 127 
121 238 238 
5 5 181 181 227 
154 241 241 241 
104 104 252 252 
26 26 44 
18 76 206 
18 18 
19 26 
137 192 202 202 202 
196 196 
93 

26 

223 
210 
8 21 228 

39 134 
203 
147 147 171 203 203 233 233 
60 
122 122 
16 89 93 93 

18 18 18 137 137 
3 3 3 3 5 35 35 42 53 162 
84 197 197 
113 177 177 204 
49 49 82 100 109 109 127 183 183 183 189 189 255 255 255 
128 128 
92 92 92 203 
26 237 
203 
78 93 
18 206 
238 238 
86 86 86 
65 78 78 89 201 201 224 224 
112 
16 
127 127 200 229 240 
130 226 226 226 
5 20 26 209 
251 
84 
145 145 
5 234 
5 5 5 
58 58 129 129 129 152 152 
1 
145 145 
119 152 

84 84 127 127 194 198 216 216 
30 

94 
83 177 204 246 246 
5 
253 

26 234 
188 
107 152 152 
155 155 170 170 
55 238 
26 33 77 77 
5 5 161 161 196 
7 7 7 

5 
54 54 84 96 96 109 109 144 144 144 189 189 229 229 229 
85 85 
104 104 104 
7 97 
21 

5 227 227 
11 33 37 37 39 73 
175 175 
5 
51 63 80 80 
4 14 
14 14 
21 
5 26 
5 
5 221 
127 127 127 
101 101 106 106 204 246 246 
14 152 152 223 223 223 
75 75 205 
45 
203 233 
44 

14 18 47 48 104 104 107 119 119 146 146 157 163 223 
2 21 45 45 179 
57 176 241 241 
120 120 
199 203 203 
31 31 31 152 
1 164 
5 

123 123 
81 238 
152 
1 1 1 158 232 
5 5 5 28 28 28 
20 209 209 
173 
8 8 
37 37 37 
120 120 174 206 206 
75 
11 11 
167 176 176 
170 206 206 
26 26 26 30 135 135 196 196 
154 173 173 
83 83 113 
5 5 
153 
14 
56 56 
30 30 196 
84 84 84 
228 
33 33 


44 44 118 
84 84 127 127 
0 0 
205 
18 23 23 63 
253 253 
109 
43 
26 26 30 64 64 123 175 175 182 
82 82 
109 
156 
96 
93 93 
63 63 63 
5 5 7 36 36 40 74 75 75 86 88 149 156 156 
83 113 145 245 
147 191 
18 60 90 170 170 174 174 

4 4 
98 166 166 
70 
33 
6 6 222 
26 237 
252 
8 
109 109 
233 233 

37 
251 251 
46 143 
33 212 
24 69 146 146 146 152 
93 93 

97 97 97 
5 5 12 12 56 133 133 
8 71 184 
96 127 127 127 
30 30 
15 26 
1 164 
75 75 149 217 217 
102 117 
243 
0 
26 87 213 
55 55 91 91 121 162 
30 30 30 
96 
57 57 57 154 154 

235 

48 204 
113 113 145 145 
8 



99 220 220 
58 58 214 
115 193 193 
5 50 
84 84 84 
