Nodes: 256, Edges: 376
190 236 236 
21 105 153 153 153 158 164 232 

81 81 
14 18 18 32 208 
26 38 38 42 46 56 56 68 81 98 98 102 103 103 108 108 108 114 114 123 126 133 136 136 141 142 143 143 165 196 196 221 234 243 248 
212 
41 86 97 97 124 130 
71 215 
182 182 

134 134 172 172 
227 227 227 
33 37 37 
4 18 47 47 51 138 139 163 163 180 180 208 
26 26 207 
93 
66 66 66 84 
4 4 14 60 63 80 90 152 186 192 206 206 
62 
98 166 
1 52 71 151 228 228 

192 192 
223 223 223 

5 15 15 33 67 67 67 70 72 72 72 84 98 98 108 108 108 117 122 122 141 175 175 175 196 231 
110 
88 165 165 165 
191 
123 175 239 239 239 
104 
4 
13 26 37 39 39 39 44 44 122 222 222 

53 53 81 81 
203 
13 13 33 169 219 219 
5 5 42 42 
33 33 33 134 
203 
7 
5 38 38 243 243 
195 245 
33 33 150 
148 153 
5 56 56 221 221 
14 14 152 152 
152 
84 
123 254 
14 137 
21 
35 35 81 
127 127 
121 238 238 
5 5 46 46 181 181 
154 241 
104 104 152 214 245 252 

18 76 152 206 250 250 250 
206 206 
19 
18 90 90 202 242 

93 
17 17 17 
26 26 26 
5 
223 
26 122 210 249 
8 21 247 
26 26 26 

156 156 199 
147 171 203 203 205 
60 152 

93 93 
111 
18 
3 3 5 35 35 53 125 176 251 251 
84 197 
113 177 177 204 204 
17 26 49 82 100 109 127 189 255 

7 92 
237 253 253 
28 165 165 
93 
18 63 63 
121 238 238 
86 
16 65 78 78 89 111 111 111 201 201 224 224 224 
112 112 

240 
7 7 130 130 226 
5 5 20 26 26 166 166 237 
251 
84 
145 145 145 
5 234 
5 5 
31 58 58 152 152 
1 
145 204 204 
152 
5 5 5 26 26 26 126 126 
84 127 194 198 
27 153 
79 93 93 93 
94 94 
83 177 204 204 204 
5 5 
253 
203 
26 234 
188 188 

155 
55 91 238 
26 26 33 70 210 210 
5 30 50 161 
7 
81 
5 108 108 203 
54 54 84 109 144 187 189 229 


7 97 97 
228 228 
222 
5 227 227 
11 11 39 
175 
5 5 
51 202 
14 
14 

5 26 
5 
5 5 221 
127 
101 101 101 106 246 
152 
75 
45 153 153 
203 233 
44 
21 
18 47 47 48 58 60 76 104 104 107 146 157 157 223 223 225 225 
1 1 1 45 110 148 148 228 
57 241 241 
120 206 
74 74 
152 152 
1 164 

251 251 
123 

14 14 
1 158 232 232 232 
5 28 28 28 88 88 203 
20 98 98 209 
173 173 

37 
174 174 174 206 206 206 
75 205 205 
11 11 
167 167 176 176 
170 170 170 206 
26 26 26 30 135 196 
81 173 173 
83 83 113 


14 14 
56 56 
9 9 196 196 

228 

18 
127 
118 118 
84 127 
0 236 236 
29 205 
18 23 23 

109 
43 204 204 245 245 
5 5 26 175 182 182 
82 
109 
74 
229 229 
93 93 
63 137 
36 40 75 75 116 126 149 165 
83 83 106 106 113 113 113 195 195 245 
75 171 171 191 
18 18 60 61 61 155 170 170 170 174 
15 
4 14 
166 
70 122 122 

6 

58 
8 

233 

37 37 

5 46 46 143 227 235 
33 33 132 
24 24 24 69 152 152 
93 93 93 
152 152 
97 
12 12 12 133 133 221 
21 21 131 131 153 184 
127 200 200 

26 
1 164 164 164 
149 217 
5 102 117 
221 
0 0 190 190 
87 98 
55 55 91 91 121 
30 30 30 
96 
57 154 154 
63 
5 42 42 

43 58 195 195 204 
145 
71 
5 
70 
60 60 60 
81 81 99 160 160 
58 
87 87 115 
50 
84 
