Nodes: 256, Edges: 376
18 236 
105 105 153 153 158 158 164 164 
153 
81 81 81 81 
18 138 208 
26 38 42 46 50 56 94 98 98 114 123 126 126 133 142 159 159 178 196 203 203 221 221 221 227 243 
212 
41 86 86 97 97 124 124 130 203 203 218 
71 215 
182 

134 134 172 172 172 
227 
33 37 
32 47 51 51 146 146 152 152 180 
26 207 207 231 231 231 
78 93 95 
66 84 
0 4 60 60 61 63 63 80 80 90 90 152 192 206 206 

166 166 
52 52 140 140 

192 192 192 
223 223 
81 
5 15 33 33 44 44 59 67 67 70 84 84 87 98 98 108 117 117 175 175 196 231 231 

88 165 165 
205 
196 196 230 230 
104 
14 
13 26 26 39 44 134 185 197 197 222 
137 137 
81 81 
203 
13 122 134 169 
5 
33 73 134 

7 
5 243 
195 245 245 
26 26 33 150 188 
148 
5 56 56 221 
14 

84 
5 123 254 254 254 
14 14 61 137 
21 21 
81 81 
127 127 
238 
5 46 46 181 181 181 227 
241 241 
104 214 252 252 
26 
18 18 76 152 206 236 236 250 250 
18 51 

18 18 90 137 137 192 242 
196 196 196 196 
81 93 
17 
26 26 

223 223 
26 210 210 249 
8 228 

39 134 
86 156 156 199 
171 203 
60 
122 
16 93 93 93 

18 18 137 
3 3 3 3 25 35 35 53 53 65 93 93 93 176 

113 177 204 
17 26 26 49 100 127 127 127 189 255 
128 128 
7 7 74 218 
26 237 
28 165 165 203 
93 
18 18 63 206 242 
121 238 238 
218 
16 65 78 78 78 81 81 81 89 111 176 224 224 
5 112 112 243 
16 
127 229 240 240 240 
7 7 130 130 130 
5 5 26 26 166 166 213 237 237 
251 
84 109 109 194 

203 203 234 

31 58 152 
1 1 
204 
152 
26 
100 100 127 216 
153 153 
93 
94 94 
83 177 177 204 204 246 
5 
253 
203 203 
26 26 234 234 


155 170 206 
91 238 
37 77 
5 50 161 161 196 
7 7 

5 5 203 
54 54 84 84 84 96 109 144 144 144 144 187 
85 85 228 

7 97 97 97 
228 

5 227 227 227 
11 11 33 37 39 73 
175 

34 34 51 63 63 80 202 
4 

21 21 

5 159 
221 221 221 
127 127 127 127 
204 246 246 
14 14 152 223 223 
205 
45 153 
203 203 
44 
228 
14 14 18 60 104 107 146 157 157 163 223 223 
1 1 2 110 110 148 179 179 
241 
120 206 
74 74 199 199 
152 152 
1 1 
5 5 142 

123 123 
238 
152 
1 1 232 
28 28 88 88 203 
20 20 98 98 
173 

37 
120 174 206 
75 
11 11 11 
167 176 176 
170 206 206 206 
26 26 135 
81 93 173 173 
83 113 113 
5 
153 153 
14 
56 56 56 
9 

228 
33 

127 
44 
84 

205 205 205 
18 23 23 23 63 
237 253 253 
100 
43 204 245 245 245 
5 26 30 30 64 64 64 64 123 
33 33 

74 156 156 


137 
5 5 7 7 36 75 88 102 102 116 116 126 149 149 165 251 251 
83 106 113 113 145 195 245 245 
29 147 191 191 191 
18 18 60 90 120 155 170 174 174 174 
15 15 
4 

70 70 

6 222 222 
98 
58 
8 
109 
233 233 
7 86 92 


5 5 5 46 143 143 143 227 
33 212 212 
24 24 69 69 146 146 152 152 
93 93 


5 12 56 133 133 133 221 
71 128 131 151 184 
96 
30 30 
15 15 15 26 26 
164 
217 217 
102 117 117 
243 
0 60 60 
87 98 98 193 
55 91 91 121 162 

96 96 96 
57 57 154 
63 90 
5 42 94 235 

43 43 195 195 195 204 204 
113 145 145 


70 
60 60 
99 203 203 
58 58 
115 193 193 
50 50 50 
84 
