Nodes: 256, Edges: 376
18 190 190 
21 105 105 105 158 164 


18 18 18 32 138 
26 26 38 50 50 56 68 68 81 98 98 103 108 114 117 123 126 126 133 133 136 136 141 141 143 159 159 165 178 203 227 248 
212 212 212 212 
74 86 86 97 124 130 203 203 218 
81 168 168 215 215 
182 182 182 
14 
134 
227 
33 
10 32 47 51 146 152 152 163 180 
26 231 
95 95 
66 66 84 
0 4 4 4 60 60 61 61 80 90 90 186 192 192 192 
62 62 
98 98 98 
1 45 131 131 153 
43 

223 223 
81 
5 5 15 33 44 44 59 59 67 70 72 84 84 87 87 98 108 175 231 231 

88 88 165 
191 
64 230 230 230 239 
157 
4 14 
13 26 37 39 44 44 122 122 134 185 185 197 
137 137 
53 81 81 
203 203 203 
33 122 122 134 
5 
33 134 134 
203 203 

81 243 
22 195 245 
26 26 33 33 59 150 150 
21 148 
56 56 221 221 
14 152 

84 
5 5 123 254 
14 

35 81 

121 238 238 
5 46 46 181 227 

152 214 245 252 
26 26 44 
18 18 76 152 152 206 236 250 250 
18 18 206 
19 19 
202 242 242 
30 175 
81 81 
17 17 
26 
5 5 
223 
26 122 122 210 210 210 
228 247 
26 

7 86 156 
147 171 233 
60 

93 93 93 
111 
18 137 137 
5 8 25 35 35 42 53 65 65 93 160 162 173 173 176 176 203 251 251 

113 177 204 204 
17 26 26 49 100 109 127 127 127 183 183 189 255 

7 7 74 203 203 203 218 
26 26 237 
28 28 165 165 

18 18 
121 121 238 

78 78 78 81 111 176 176 224 224 224 
112 243 
16 16 
127 127 144 229 240 240 240 
7 130 226 
5 5 20 20 20 26 166 209 237 

84 194 194 198 
145 
234 234 
5 
152 
1 1 1 
204 
119 
5 26 126 126 126 
84 127 194 216 

79 93 
94 
83 246 246 246 
5 
253 
203 
5 234 
188 188 
107 
155 206 206 
55 91 91 238 238 
33 33 37 37 70 70 
5 50 161 196 
7 

5 5 108 108 108 203 203 
84 84 84 96 96 109 144 144 187 189 216 216 229 229 
228 

7 97 
21 21 228 
222 222 
5 5 227 227 
11 33 37 39 39 
175 
5 5 
34 34 80 80 202 202 
4 


5 5 
159 
5 149 221 221 221 
96 127 127 
101 246 
14 223 223 
75 
45 
143 203 
44 44 

14 14 47 58 60 60 104 157 157 223 223 
21 179 179 
176 176 241 241 
120 206 206 
74 203 203 
31 152 152 
1 
5 5 142 
81 251 
123 
81 238 238 
14 
1 
5 28 88 88 203 203 
98 209 
173 173 
8 8 

174 206 206 
75 205 

81 81 167 167 176 
170 
26 64 135 196 
81 81 93 93 154 154 173 
83 
5 
153 153 
14 
56 
9 9 9 196 
84 84 
228 228 
33 33 
18 
127 
118 118 
84 127 
0 0 236 
29 205 205 
18 18 18 
237 253 
100 100 109 
43 
123 175 182 
33 
100 



63 137 137 
5 7 7 36 36 36 40 40 81 86 86 86 116 126 126 149 156 156 165 165 
83 83 106 245 
171 191 191 
60 61 120 120 155 155 170 170 


98 166 
70 70 70 

6 6 6 6 222 

58 252 252 
8 8 
109 127 127 
233 
7 86 


46 46 143 143 143 227 227 235 
132 132 212 
24 24 69 146 146 152 152 
93 93 93 

97 
5 12 56 133 133 221 221 
71 128 131 184 184 
96 127 127 
30 30 30 
15 26 26 

75 217 
102 102 117 
221 
60 190 
87 98 193 
55 55 91 121 121 162 162 
30 
96 96 96 
154 154 
63 63 
42 94 

43 58 204 
113 113 113 145 
71 
5 

60 60 
81 81 160 
58 214 214 
115 193 
50 
84 
