Nodes: 256, Edges: 376
18 18 190 190 
21 153 232 232 
153 
81 81 
14 14 18 32 32 
26 42 46 50 56 56 68 68 81 94 98 102 103 108 114 114 123 123 123 126 126 133 136 142 142 143 143 159 165 165 178 196 221 238 254 
212 212 212 
124 203 
168 215 
182 
14 14 
134 172 172 172 172 
227 227 
33 33 37 
4 4 10 10 32 32 47 51 138 138 139 139 146 152 163 180 180 208 208 
26 207 207 
89 95 95 95 
66 66 66 66 84 
0 0 4 60 60 61 63 80 80 90 152 152 180 192 206 206 

98 98 98 166 
1 71 71 71 131 140 151 228 
43 
192 192 

81 
5 15 33 59 70 72 87 98 98 98 117 122 141 175 231 237 237 

88 165 

64 64 230 230 239 239 
157 
4 4 14 14 
13 13 26 39 39 44 134 185 211 
137 
53 53 81 
203 203 
13 122 122 134 134 134 169 
42 
33 33 
203 203 203 

5 38 
22 195 
33 59 150 150 188 188 
148 
5 221 221 221 
14 152 
152 245 
84 
5 123 123 254 254 254 
14 

35 35 81 81 

238 238 
5 5 181 181 181 
93 154 241 
152 245 245 252 
26 44 
18 18 76 152 236 250 250 
18 206 

18 202 202 242 
30 30 175 175 196 
81 81 
17 17 17 17 

5 5 
223 223 
26 122 210 249 249 
21 21 21 247 247 
26 

156 203 
147 171 217 233 
60 
122 
89 93 
111 
18 18 
3 3 5 25 35 53 53 65 65 160 162 176 176 238 251 

113 113 177 177 204 
17 49 109 127 127 183 189 255 

92 92 218 
26 237 253 
28 165 165 165 
16 78 93 93 
18 206 242 242 242 
121 238 238 
86 86 218 
57 78 89 89 154 201 
5 112 112 243 
16 16 16 
200 229 229 240 240 240 240 
130 226 
5 20 20 20 26 26 26 166 209 

109 
145 
5 234 234 
5 
129 152 

145 
152 
5 126 
84 100 127 198 198 
153 
79 
94 94 
83 83 145 145 177 177 204 
5 5 
253 
203 
26 234 
188 188 
152 152 
155 170 170 206 
91 238 
26 37 37 70 77 210 
5 5 5 50 50 161 196 
7 

5 5 108 
84 84 109 144 144 144 229 
228 228 228 
104 
97 
21 
222 222 
5 227 227 
11 33 37 37 37 
175 
5 
34 202 202 
14 14 
14 14 
21 
26 
5 5 
5 5 149 
127 127 127 
101 106 113 113 204 204 246 246 
14 152 223 
75 
45 153 
143 
44 44 
21 
14 18 18 47 48 58 60 104 107 119 119 146 157 163 223 225 
1 2 110 148 179 179 228 
57 93 
120 206 
74 
31 152 

5 
81 
123 
81 238 
14 152 

5 5 28 88 88 88 
20 98 209 209 
173 
8 
37 
120 120 206 
75 205 
11 11 11 11 
167 176 

26 64 64 135 
81 81 173 
83 83 113 113 
5 
153 153 
14 14 18 
56 56 56 
9 
84 
228 228 
33 


44 44 118 118 
84 
0 0 
205 205 
18 23 23 
253 253 

43 204 204 245 
5 64 123 

109 109 

96 229 229 
93 
63 63 137 137 
7 36 36 40 40 40 74 116 
83 113 145 145 195 195 245 
171 191 191 
18 18 61 90 120 155 170 
15 15 
14 14 
98 166 166 
70 122 
33 
6 6 6 222 
237 
252 
8 

75 
86 92 


5 46 46 46 227 235 
132 132 212 
69 69 146 152 

152 
97 
12 12 133 133 221 
21 128 128 128 153 184 184 
96 96 127 200 200 
30 30 
26 
1 1 
75 
102 102 117 
221 243 
60 
26 26 87 213 
5 55 55 81 91 91 121 162 
30 30 
96 96 96 96 
57 
63 90 90 90 
94 235 

48 58 58 195 204 
145 145 
71 71 

70 70 
60 60 
81 
58 214 
87 115 193 193 
5 50 50 50 
84 
