Nodes: 256, Edges: 376
18 18 18 190 190 236 236 236 
21 158 158 164 164 232 
153 

18 32 32 138 208 208 208 
26 26 38 42 50 68 81 98 98 102 103 103 108 114 114 114 117 117 117 123 126 133 136 136 136 141 143 143 159 165 165 196 221 238 243 243 243 244 
212 
41 74 86 97 124 203 
141 215 
182 182 182 
14 14 14 
134 134 134 172 172 
227 227 
37 
10 10 10 18 18 32 32 51 138 138 139 139 152 163 180 208 208 
26 231 
78 89 93 93 95 
66 
0 0 0 4 14 14 63 80 80 80 90 152 152 186 192 192 192 
62 
166 
1 45 45 52 71 71 131 131 131 131 151 153 
43 
192 
223 223 
81 
5 5 15 33 33 33 62 62 67 70 72 84 84 98 98 117 117 122 122 122 141 175 175 237 

165 191 
205 205 
64 175 182 196 230 239 239 

4 4 14 14 
26 26 26 37 39 185 185 197 197 211 211 222 222 
137 
53 53 

13 33 122 134 169 219 219 
5 42 42 
33 134 
203 
7 
5 38 38 243 
22 245 245 
59 59 188 
21 21 

152 152 152 
152 
84 84 
5 123 123 123 254 254 254 
14 61 
21 
35 35 81 81 
127 
238 
181 227 227 
93 241 
104 152 203 245 252 
44 44 
76 152 152 206 250 250 
51 206 
19 26 26 
18 90 202 202 202 
30 175 175 196 196 196 
81 93 
17 
26 
5 
223 223 223 
26 210 249 
21 21 247 
26 
134 
7 86 203 
203 203 205 217 233 233 
60 
122 122 
16 93 93 

18 18 18 137 
5 25 53 53 65 93 160 162 173 176 238 238 
84 
177 177 204 
26 26 49 49 82 100 100 109 255 255 255 
128 
7 74 


16 93 
18 63 206 242 
121 121 238 

16 16 57 65 78 78 81 89 111 154 154 154 224 
112 
16 
127 127 200 229 229 229 240 240 
7 130 226 226 226 
5 5 26 26 166 209 237 

84 84 109 109 194 194 
145 
5 203 
5 5 
58 129 

204 
119 
5 126 126 
84 100 100 127 194 198 198 198 
153 
93 
94 
177 204 
5 5 5 
253 253 253 253 
203 203 
5 5 5 26 26 234 234 
188 
107 
206 
91 91 238 
26 26 26 37 77 77 
5 50 50 50 161 161 
7 

5 108 108 
54 96 96 109 144 216 229 
85 228 228 
104 
97 
21 21 21 21 
222 
5 
11 11 11 37 39 73 
175 
5 5 5 
34 80 202 202 
4 14 14 
14 14 

5 8 26 
159 
5 5 149 203 221 221 
127 
101 246 246 

205 

143 203 233 

21 
14 18 18 47 47 47 48 58 60 60 157 163 
2 21 110 179 228 
93 93 93 

199 203 
152 
1 1 164 
5 142 
81 251 
123 123 
81 
14 152 
1 1 158 
5 5 28 203 
20 98 209 


37 
206 206 

11 11 
81 
206 
26 26 30 64 64 135 196 
81 
83 83 113 

153 
14 
56 
9 9 9 30 


33 33 
18 

44 118 

0 0 236 
28 
18 18 18 23 
253 
100 100 109 
204 
5 30 64 64 64 175 
33 33 
109 109 109 
156 
96 229 

63 63 63 137 137 
7 40 58 74 75 75 102 116 116 143 149 156 165 
83 106 113 195 
29 29 75 147 
60 61 90 120 170 170 174 

4 4 4 14 14 
98 166 
70 
33 33 
6 

252 
8 
127 
75 233 

37 37 

5 143 143 
33 33 132 
24 24 69 69 69 
93 

97 97 97 
12 12 56 56 
128 128 153 
96 96 96 127 200 
30 
15 
1 
75 75 149 217 
117 117 
243 
0 0 0 190 
26 98 
5 55 81 81 91 121 
30 30 
96 96 
57 
90 
5 5 5 42 235 
5 
43 43 58 
145 145 
71 

70 
60 60 
160 
58 214 
115 115 115 115 193 
50 50 50 
84 84 84 
