Nodes: 256, Edges: 376
18 18 18 
21 105 
153 
81 81 81 
14 14 18 18 32 208 
26 26 42 46 46 50 50 56 81 94 98 102 103 103 103 108 108 114 114 117 123 133 133 142 143 143 159 159 165 178 178 196 203 221 221 238 243 248 254 
212 212 212 
41 41 97 203 203 
71 215 
182 
14 14 14 
134 134 134 172 
227 227 227 
33 
4 4 10 10 10 18 18 32 51 146 146 180 180 208 208 
26 207 231 231 231 
78 95 
66 66 66 
0 0 0 4 4 14 14 60 60 61 61 63 80 90 186 192 206 
62 
98 166 
1 52 52 71 131 131 140 
43 
192 
223 
81 81 
5 5 15 33 33 44 44 59 67 70 70 72 72 87 98 117 122 141 175 

165 165 
205 
64 182 196 230 
157 157 
4 14 
13 26 26 39 39 44 122 122 122 134 197 211 222 222 

53 81 81 
203 203 203 
122 134 134 169 219 
42 
33 33 134 
203 203 203 
7 7 
5 38 243 
22 195 245 
26 26 33 59 59 150 150 
153 153 
5 5 56 56 
152 
58 
84 84 
5 5 123 254 254 
14 61 
21 21 
35 81 81 
127 
238 238 238 
5 46 46 181 227 
93 154 241 241 
48 
26 44 44 
18 18 76 76 152 250 250 250 
18 18 51 206 
19 
18 137 202 242 
30 175 175 175 196 196 
81 81 
17 17 17 
26 

223 
26 26 77 122 249 
8 21 131 
26 26 

203 203 
147 217 233 233 
60 60 
70 
16 89 93 93 
111 
18 137 
3 3 3 5 25 25 35 35 53 53 65 65 125 160 160 160 162 162 176 176 

113 177 204 
49 49 109 127 183 189 189 255 255 
128 
203 203 
26 237 237 
203 203 203 
78 93 93 
18 206 242 
238 238 238 
203 
57 78 78 89 89 111 111 154 154 201 201 224 
5 112 243 243 
16 
127 144 200 229 240 240 
7 226 
5 20 26 166 209 209 209 213 237 
251 251 
109 

5 203 234 
5 5 5 
129 
1 

119 152 
5 5 
84 100 

79 93 93 
94 
83 177 204 246 
5 5 

203 203 
5 26 
188 188 
107 152 
155 155 155 155 170 
238 
26 33 33 33 37 70 210 210 
5 50 161 

81 

54 84 96 144 144 189 216 229 
85 228 
104 

21 21 71 228 

5 5 227 
11 11 11 33 37 37 39 
175 

63 80 202 


21 
26 
5 159 159 
5 5 221 221 
96 127 127 
204 204 246 
14 14 152 223 223 223 
75 
153 

44 44 

47 60 107 119 146 157 157 223 225 
2 45 45 148 179 228 
57 93 93 176 
120 120 120 120 206 206 
203 
31 31 152 152 
164 
5 5 142 142 
81 81 81 
123 
81 81 

158 
5 28 28 
20 98 209 


37 
120 174 174 206 206 

11 

170 170 
26 64 64 64 135 196 
81 81 154 
83 113 
5 5 
153 
14 14 
56 
9 30 196 
84 
228 

18 

118 118 
84 84 127 


18 23 
237 237 253 253 253 

43 204 245 
5 30 64 64 175 182 
33 
255 

96 229 
93 93 
63 137 
5 7 7 36 36 36 40 40 40 74 74 86 86 88 88 88 92 102 116 116 156 
83 113 145 145 195 
29 
18 61 90 155 155 170 170 
15 
4 14 14 
98 98 98 166 
122 122 
33 
6 6 6 222 222 
98 

8 241 
127 
75 233 233 

37 

5 5 143 143 227 235 
33 33 212 212 
24 69 146 146 146 152 
93 
152 
97 
12 12 12 56 133 221 
128 131 153 184 
96 127 200 
30 
15 15 15 

75 75 217 217 
102 
221 243 

87 87 98 193 193 
5 55 55 55 91 91 91 121 

96 96 
57 57 215 
63 90 
5 42 94 94 235 

43 195 
113 145 

5 
70 
60 60 60 
99 99 

193 193 193 
5 50 50 
84 84 198 
