Nodes: 256, Edges: 376
18 18 236 
21 105 153 158 164 
153 
81 81 81 
18 18 32 138 138 208 
26 26 38 38 42 46 56 56 56 98 114 117 126 126 141 141 141 142 143 165 165 178 178 203 221 221 234 238 243 244 
212 
41 41 97 97 124 130 203 203 
168 215 215 215 247 247 
182 
14 
134 172 
227 227 
37 
10 18 32 47 138 139 146 152 163 208 
26 26 207 207 231 
78 93 93 
66 66 66 66 84 84 
0 0 4 4 14 61 61 63 63 80 80 90 90 90 186 206 206 
62 
98 166 
1 52 71 131 228 


223 
81 
5 5 15 15 33 59 62 67 70 70 72 87 87 98 108 122 122 141 175 175 237 237 
110 
165 
191 
64 64 175 175 230 239 239 
157 
4 14 
26 39 44 44 134 197 211 222 
137 
53 81 
203 
13 122 219 
5 5 42 
33 
203 203 
7 7 
5 38 243 243 
195 195 216 245 
33 33 59 150 188 
148 
5 56 56 
14 
152 
84 
254 254 254 
61 
21 
35 81 
127 127 127 
121 121 238 
5 5 5 46 46 181 181 227 
93 
214 
26 44 
206 236 250 250 
18 18 51 206 
19 26 
18 18 137 137 137 202 202 242 
30 30 175 

17 17 17 17 
26 

223 223 
26 26 210 249 
21 131 
26 
134 
156 
203 205 205 233 

122 122 
16 89 93 93 93 
111 
18 18 137 
3 3 3 25 35 53 93 93 125 160 162 173 173 176 251 
197 197 
113 204 204 
17 17 49 100 109 109 109 127 127 183 183 255 255 

203 218 
26 26 237 
165 165 203 
78 93 93 93 
18 18 18 206 206 242 242 
121 121 238 238 238 
203 
16 16 57 78 78 78 81 81 89 89 89 111 154 154 176 176 176 201 224 224 224 
112 

127 200 229 240 240 240 
7 7 130 226 226 
5 20 26 209 213 
251 251 
84 109 198 
145 145 
203 234 

129 129 152 
1 
145 204 204 

26 126 126 
84 84 84 100 194 194 198 216 
27 153 
79 93 
94 
83 145 177 177 204 
5 
253 253 
203 
5 234 
188 
152 152 
155 170 
55 55 91 91 238 
26 26 37 77 77 210 
161 196 196 
7 
81 
5 5 108 108 
54 54 54 84 84 96 144 144 187 229 
228 
104 104 
7 97 
21 71 228 
222 222 
227 
11 33 73 
175 

34 63 63 63 80 
4 4 14 
14 

5 5 5 26 
5 159 
5 149 203 221 221 
127 127 
101 101 106 113 204 246 
14 
205 
45 
143 203 
44 
228 228 
14 48 104 119 119 157 157 223 223 225 225 
1 2 110 179 
93 93 241 241 
120 
74 
31 152 152 
1 
142 
81 
123 
81 
14 
1 
5 5 28 88 88 
20 
173 
8 

120 174 174 
205 
11 
81 81 167 
170 170 
26 26 30 30 64 135 196 
81 93 93 93 
113 113 
5 5 
153 

56 56 
9 
84 84 
228 

18 
127 
44 118 

236 236 
29 205 

253 253 
109 109 
43 43 204 204 
123 123 175 
33 82 82 
100 109 

96 229 229 
93 
63 63 
5 7 7 36 40 40 75 86 88 92 102 116 143 149 
83 83 106 106 113 145 195 195 245 
75 75 147 171 191 
18 18 60 61 90 90 
15 15 
4 14 
98 
70 122 
33 
6 222 
98 
58 252 
8 8 8 
43 109 

86 
37 
251 
5 5 143 143 227 235 
33 132 132 212 
24 69 69 152 152 
93 93 93 
152 152 
97 97 
12 12 56 133 221 
21 128 131 151 151 184 
96 127 200 200 
30 
15 

75 
5 102 117 
221 243 
0 60 190 190 
26 26 87 
5 55 91 91 91 121 
30 30 
96 96 96 
154 154 
63 90 90 
5 42 42 235 
5 
43 204 
145 
8 8 

70 
60 60 
81 99 99 220 
214 
115 115 193 193 
50 50 50 
84 84 
