Nodes: 256, Edges: 376
18 236 236 
105 158 164 232 
153 
81 81 81 
14 138 138 138 208 
26 46 50 50 56 68 68 98 98 102 108 123 126 126 133 133 133 136 141 142 143 165 165 178 178 196 196 196 221 221 227 227 234 238 238 243 248 
212 212 
41 74 86 97 130 130 130 203 203 
71 141 
182 182 

134 172 
227 227 
33 33 37 
4 32 47 47 51 138 146 146 163 208 
26 207 231 
89 95 

0 60 60 63 80 90 90 192 206 206 


71 131 151 153 153 228 

192 
223 223 
81 81 
5 15 33 44 59 70 70 72 84 87 98 108 108 108 122 122 141 141 175 196 213 237 

88 165 

64 64 182 182 196 230 230 239 239 

14 
13 13 26 39 39 44 122 122 134 185 197 211 211 222 222 

53 53 81 81 81 
203 203 
13 122 134 150 

33 33 134 134 
203 
7 
81 81 
195 245 
26 33 59 150 150 188 188 

5 56 56 56 221 
14 14 152 152 
152 

5 5 254 254 
14 

35 35 81 
127 127 
121 238 238 
5 46 46 46 181 
93 154 154 241 241 
203 214 252 252 
26 44 
18 18 76 250 
206 229 

18 90 137 202 202 
30 30 175 175 
81 


5 5 
223 223 223 
26 26 210 210 210 249 
8 21 
26 
134 
7 86 156 203 203 
147 203 203 203 205 233 233 
60 
122 
89 93 
111 
18 137 137 137 
3 3 3 25 25 35 35 35 42 42 53 65 93 93 162 173 173 176 203 238 251 
84 197 197 
113 113 177 204 
26 82 100 127 183 183 
128 
7 74 
26 237 253 
28 165 203 
16 78 93 93 
18 18 63 206 
121 
203 
57 78 81 81 89 89 111 176 201 
112 243 
16 
200 229 240 240 240 
7 130 226 
5 5 26 209 209 213 237 237 
251 251 
84 109 109 194 198 
145 145 
5 203 203 


1 
204 
119 152 
5 26 26 26 126 126 
100 100 194 194 198 198 198 216 

79 93 
94 
83 83 145 145 177 204 246 

253 253 
203 
234 234 
188 
107 
155 155 170 170 206 
55 91 238 
26 26 33 33 37 77 
5 196 


5 5 108 108 203 
54 54 84 144 144 189 216 
85 

7 7 7 97 
21 228 
222 222 
5 5 5 
11 33 37 39 39 73 

5 
63 80 80 80 202 
4 4 4 14 


5 8 26 26 
5 
5 149 203 221 221 221 
127 127 
101 101 113 113 204 204 
14 14 
75 

143 
37 44 44 
21 228 
47 47 48 107 163 163 223 225 
2 21 21 179 179 228 
57 57 176 241 
120 120 
74 199 

1 164 164 

251 251 

81 
14 152 152 
1 158 158 232 232 
5 5 28 88 
209 209 



120 120 174 174 206 206 

11 
81 81 
170 170 
26 64 64 
81 93 154 
83 113 
5 5 
153 153 

56 
9 9 30 30 196 196 
84 84 

33 


44 44 118 
127 

205 
18 23 
237 237 253 
100 109 109 
43 245 
5 5 5 26 30 123 182 182 
33 82 82 
100 109 109 109 
156 
96 229 
93 
63 63 137 
7 7 36 36 40 58 74 74 75 75 75 81 88 92 102 102 116 126 143 251 252 
83 106 113 145 145 
75 191 
18 18 61 90 120 170 170 
15 
4 14 
98 98 166 166 
70 70 70 
33 33 
6 6 
26 98 
58 252 252 252 

109 127 
233 



5 5 46 143 143 143 227 
33 33 132 132 
24 24 69 69 69 152 

152 
97 
5 5 12 12 221 
21 131 151 153 
61 96 200 
30 30 
15 
1 164 164 
75 75 217 
5 117 117 

0 0 
26 87 98 98 193 193 
5 5 55 55 81 121 
30 30 
96 96 96 
57 57 154 

5 94 

43 195 
113 

5 
70 
60 
81 99 99 160 160 203 
58 58 203 214 214 214 
87 115 115 193 
50 50 

