Nodes: 256, Edges: 376
18 18 190 236 
21 105 153 153 158 158 164 164 232 
153 
81 81 81 
14 18 18 32 138 208 
26 38 38 42 42 50 56 68 68 81 94 102 108 108 114 123 123 126 126 126 133 136 141 142 143 165 178 178 196 203 203 221 234 238 243 244 244 254 

74 97 124 130 
168 168 228 228 
182 
14 14 
134 134 172 172 172 172 
227 227 227 
37 
4 10 10 32 32 47 138 146 152 163 180 
207 
78 89 89 95 
66 84 
0 0 4 4 60 63 80 80 90 186 192 206 

98 166 
1 71 131 131 140 228 

192 
223 223 223 
81 
5 59 59 62 62 67 70 84 84 87 87 108 108 117 122 141 141 141 175 213 237 

88 165 
205 
182 196 239 
157 
4 14 14 
39 39 39 44 44 122 197 211 211 222 
137 
53 53 
203 
13 134 134 169 219 219 219 
5 5 
33 33 33 
203 

5 5 81 
245 245 
33 33 150 150 188 
153 
56 221 221 
14 
58 152 245 

5 123 254 


35 35 81 

121 238 238 
5 46 181 181 
93 93 241 
48 214 251 252 
26 26 
18 76 76 152 206 

26 26 
18 137 192 202 202 
175 175 196 196 
81 93 
17 
26 
5 5 
223 
26 
21 247 


7 156 199 203 
147 171 203 205 217 217 233 233 
60 60 
122 
16 93 
111 
18 18 
3 3 3 5 25 42 53 65 93 160 160 176 

113 177 177 
17 26 26 100 109 127 183 189 189 255 255 
128 
92 203 
26 26 237 237 253 
28 165 203 
16 16 93 
18 206 
121 121 238 
86 
57 57 65 78 81 89 111 111 154 154 176 201 201 224 
5 112 243 243 
16 
127 127 144 229 
7 130 130 226 
20 166 209 209 213 213 

84 194 194 
145 145 
5 203 

129 152 152 
1 
204 204 
119 119 152 
5 5 26 26 126 126 
84 127 194 198 216 216 
153 153 
79 93 93 
94 
83 177 204 
5 
211 253 

26 234 234 

107 107 152 
155 155 155 170 206 
55 91 91 238 238 
26 33 77 
5 5 50 161 161 196 196 
7 

5 5 5 108 108 
84 96 96 109 144 144 187 216 229 229 
85 228 
104 
7 97 97 
21 21 

5 
11 11 37 37 
175 175 
5 
34 63 202 
4 14 

21 
5 26 26 26 
5 
5 149 203 203 203 221 
96 127 127 
101 101 204 246 
14 
75 
153 153 153 
143 203 203 
44 44 
228 
14 48 60 104 104 107 119 157 157 225 
1 1 2 45 110 110 148 148 148 179 
93 93 176 241 241 241 
120 120 120 206 
74 199 203 
31 152 152 
1 1 164 

81 81 
123 123 
238 
14 
1 1 158 232 
5 28 88 203 
20 98 209 209 

8 8 
37 222 
120 174 
75 205 
11 11 11 11 
176 
170 206 206 
26 64 64 135 135 196 196 
81 93 154 173 
83 83 113 
5 5 
153 
14 
56 56 
9 30 196 
84 


18 
127 
44 
84 84 
0 236 236 
205 
18 23 63 

100 100 109 
204 
5 30 64 64 123 123 175 175 182 
33 
109 255 
74 156 

93 93 
63 63 137 
5 5 36 40 74 75 86 88 102 143 143 143 149 149 156 165 
106 106 113 145 195 245 245 
29 75 171 191 
18 60 90 120 155 174 174 
15 
4 
98 98 166 166 

33 33 115 
222 222 
26 98 98 
58 252 

109 109 127 
75 75 233 

37 37 37 
251 
5 46 46 143 227 227 
33 169 212 212 
24 24 24 69 
93 
152 
97 
12 12 12 221 221 
8 8 21 128 151 
96 127 127 


1 164 
75 75 217 
5 117 117 

0 190 190 
26 87 87 
5 55 55 91 121 121 162 
30 

57 154 154 154 

5 94 94 
5 5 
43 43 48 204 204 
145 
71 



58 220 
58 214 
87 115 
5 50 
84 84 198 
