Nodes: 256, Edges: 376
190 
21 105 153 158 164 232 232 
153 
81 
14 18 18 18 32 138 138 208 208 
26 26 38 42 56 68 94 94 98 102 102 102 103 103 108 114 114 123 126 126 133 136 141 143 143 159 165 165 178 178 203 227 238 244 248 248 254 
212 
41 41 97 97 124 124 203 
247 
182 182 
14 14 
134 134 134 172 172 
227 227 227 
37 
4 10 10 18 32 32 47 51 138 138 139 146 163 180 180 
26 207 231 231 
95 
66 66 84 
4 4 4 14 60 61 63 80 180 186 192 206 
62 

1 45 52 71 131 131 131 228 228 228 


223 223 

5 5 15 44 44 59 62 67 67 70 72 72 87 98 117 117 117 122 175 196 196 213 231 237 237 

165 191 
191 
64 64 175 196 230 230 239 239 

4 14 14 
37 39 39 39 122 185 185 211 211 222 222 

81 81 
203 
13 33 169 219 219 
5 42 
33 33 33 73 
203 203 
7 7 
5 38 
245 
26 26 150 150 188 
21 148 153 
221 221 221 
14 
58 245 245 
84 
123 254 254 
14 61 
21 
81 
127 127 127 
238 238 
5 181 181 227 227 
154 154 154 241 241 
48 251 
26 
18 76 152 206 236 
18 51 206 
19 26 
18 90 192 
30 30 175 196 196 
81 81 81 
17 17 
26 26 
5 
223 
26 77 122 210 
21 
26 26 
39 
86 
147 171 171 203 217 
60 
70 122 
89 
111 111 
18 137 137 
3 35 35 53 65 65 65 93 93 125 162 173 176 176 203 
197 
177 177 
17 49 109 127 183 189 255 255 
128 
74 92 92 92 
26 237 
165 203 203 
78 93 93 
63 242 242 
121 238 
86 86 86 
81 81 89 89 111 201 201 224 
5 5 112 112 243 
16 
127 127 144 240 
7 7 130 226 226 
5 26 209 
251 
109 194 198 198 198 

5 5 5 234 
5 5 
129 
1 
145 
119 119 152 
5 126 
84 100 194 216 216 216 

79 79 93 
94 94 
145 145 177 246 246 
5 5 
253 253 
203 
26 26 26 
188 188 
107 107 152 
155 155 155 170 
91 
26 33 70 77 210 
5 50 161 161 161 
7 7 
81 
5 5 108 203 
54 54 54 84 96 96 144 187 189 189 216 
85 
104 
97 
21 21 21 228 

5 227 
11 11 11 
175 
5 
80 80 
4 4 14 14 
14 

5 
159 
5 5 149 149 221 221 221 
96 127 
106 113 113 204 204 246 
14 152 223 
75 205 
45 153 153 
143 143 
44 44 
228 
60 107 119 146 163 223 223 225 
1 2 45 148 148 179 179 228 
57 57 57 241 
120 120 120 206 
203 

1 164 
5 142 
251 
123 123 123 
81 
14 152 
1 158 
5 5 28 88 203 203 
209 209 
173 173 

37 
120 174 206 
75 75 
11 11 
81 167 167 
170 206 
26 30 64 135 
81 81 
83 83 113 
5 5 
153 153 
14 14 18 
56 56 
9 9 196 
84 
228 
33 33 
18 
127 
44 118 118 
84 127 127 
0 
28 29 205 
18 63 
237 253 
100 109 
245 
26 26 30 64 64 182 
82 
100 100 100 255 

229 229 229 
93 93 

5 7 36 40 40 75 81 88 88 116 126 156 165 165 
145 145 
147 191 
18 60 61 155 170 174 
15 
4 4 
98 166 166 
70 122 
33 33 
6 222 
26 
252 252 

109 109 109 127 
75 233 

37 37 

46 46 46 143 143 143 235 
33 33 212 
24 24 69 146 152 152 
93 
152 
97 97 
5 12 12 12 56 56 133 
21 21 21 131 151 153 184 
200 200 200 
30 30 
15 15 26 
1 1 
217 
102 
221 
60 
26 26 87 193 
5 55 55 91 
30 30 
96 
57 57 154 
90 90 
94 
5 
43 48 48 195 
113 113 145 
8 
5 5 


58 99 160 
214 214 
115 115 193 
5 50 50 
84 84 198 
