Nodes: 256, Edges: 376
18 18 190 236 236 236 
105 105 
153 
81 81 81 81 
32 138 138 208 208 
26 26 38 38 46 50 68 81 102 103 103 103 108 114 114 114 123 126 126 136 142 142 143 143 159 165 165 165 178 178 221 234 243 244 248 254 
212 
41 69 97 130 
168 247 247 247 
182 
14 
134 134 172 
227 
33 37 
10 18 51 138 139 146 180 208 
207 207 207 231 231 

66 84 
0 0 14 60 60 60 63 63 63 80 80 90 152 180 206 

166 166 
52 52 71 131 140 

192 192 
223 
81 
5 5 44 44 59 62 62 67 70 70 84 87 108 117 122 141 175 175 196 237 

165 
191 
64 182 230 230 239 239 239 
104 
4 
13 37 39 39 44 122 122 134 185 185 211 222 222 
137 
53 53 81 81 
203 
13 33 122 134 169 169 219 219 
5 5 42 
33 33 
203 
7 
38 81 243 243 
195 245 
26 26 33 59 59 150 150 150 188 188 

5 56 56 221 221 
152 
245 245 245 

5 123 254 
14 
21 21 
35 35 81 
127 127 
238 
46 46 181 181 227 
154 154 
104 104 152 
26 44 44 
18 18 18 76 152 152 206 206 236 236 250 250 250 
206 
26 26 
18 18 18 90 90 137 137 202 202 242 
30 
81 81 
17 
26 
5 
7 223 
26 26 210 210 249 
21 228 



147 171 203 217 233 233 
60 152 
122 122 
89 93 93 
111 
18 18 137 137 
3 3 3 3 5 25 35 35 42 53 65 65 125 160 160 173 176 176 176 238 
84 
113 113 177 177 177 
17 26 82 109 109 127 127 183 189 255 
128 128 128 
203 203 
26 253 
165 165 203 
78 93 93 93 
18 63 63 206 206 242 242 
121 121 238 
203 
78 78 89 89 89 111 154 224 
243 

127 144 200 200 240 
7 130 130 
166 166 209 209 213 213 237 237 
251 
194 198 198 

5 
5 5 5 
31 58 58 152 
1 1 
145 145 204 204 
119 
5 26 126 
84 84 127 198 216 
153 153 
79 93 

83 83 204 204 246 
5 5 5 


26 

107 152 
155 170 
91 91 
26 33 33 37 77 77 210 210 
5 50 161 

81 
5 5 108 203 
54 54 84 84 96 109 144 144 144 187 189 189 229 
85 85 85 

7 97 97 
21 
222 
227 227 
11 11 33 37 
175 
5 
34 63 63 80 80 
4 4 14 
14 
21 
26 
5 5 159 
5 5 149 203 203 
96 127 127 127 
106 106 204 204 246 
14 152 
75 

143 
44 44 44 
228 
18 47 58 60 60 76 104 119 146 163 163 163 
2 110 110 179 
57 57 93 241 241 
120 206 206 
203 

164 
5 142 
81 81 
123 

152 152 152 
158 
5 5 5 28 88 88 
20 20 98 98 209 

8 
37 37 
120 174 174 
75 205 
11 
81 176 
170 170 206 
26 26 135 196 
81 81 81 173 
83 83 83 
5 5 
153 
14 18 
56 56 
9 30 196 
84 
228 228 
33 33 

127 
44 44 
84 127 127 
0 
29 
23 23 
253 
100 
43 
26 175 182 

100 100 109 255 

96 96 229 229 

63 63 
36 40 75 86 86 88 92 126 143 143 156 220 220 
106 106 113 113 145 145 
171 
18 60 60 61 90 90 155 155 174 
15 15 15 
4 4 14 
98 98 166 
70 70 122 122 
33 
6 222 
98 98 237 
252 252 

109 
75 233 

37 37 
203 203 
5 46 46 227 235 
33 33 132 212 
24 69 
93 


12 56 133 133 221 
71 151 184 184 
127 200 200 
30 30 
15 15 

75 75 217 
5 
221 243 
0 0 0 60 60 
26 98 98 213 
55 81 91 
30 30 30 
96 
154 154 
63 90 90 
5 42 42 94 235 
5 
43 48 48 48 
113 145 
8 8 8 
5 
70 
60 60 60 
99 
214 214 
87 193 
5 50 
84 198 
