Nodes: 512, Edges: 720
64 395 395 395 
225 
111 189 
271 493 

34 34 48 88 184 184 184 198 225 225 255 273 354 400 441 441 475 508 
404 
271 
196 196 224 313 313 313 350 350 350 
271 
476 
264 264 
202 355 355 

117 
182 444 

455 
277 

428 

108 414 461 
171 290 
76 
452 452 452 
158 408 408 
76 
63 178 

180 180 483 
172 172 184 315 354 486 489 
184 
192 
5 5 
309 413 
106 
324 324 324 415 415 415 
89 89 89 
62 159 163 166 219 231 231 241 302 302 330 405 405 477 485 
249 249 
85 137 137 156 156 160 184 184 324 445 445 457 

193 

76 413 439 
301 301 395 
346 346 
5 
236 236 

490 490 
184 184 345 
393 
76 299 

191 191 236 236 304 446 474 474 487 

294 397 
444 
104 236 
359 
39 241 430 
28 
0 381 
193 193 

281 347 
287 371 
236 
184 246 246 

466 
94 315 
413 
435 463 
24 27 45 54 78 107 107 162 162 186 186 196 199 199 208 229 245 245 292 292 322 328 346 353 353 360 423 456 
119 119 119 196 413 
76 
236 
418 
82 113 113 184 261 261 329 329 329 359 495 
81 142 142 143 389 389 389 
236 237 
85 312 348 
41 84 160 160 312 
508 
306 408 
5 
38 38 38 128 466 466 
358 
189 
413 413 
236 236 
73 315 
418 
314 
171 171 290 
420 420 

496 
140 140 471 471 
117 136 216 216 
146 379 
60 236 237 
106 184 184 190 
36 105 190 190 372 372 
76 76 
22 

176 247 401 
2 
184 
81 81 
367 

184 184 415 
14 102 125 135 135 136 136 184 
364 
77 77 77 122 222 222 413 
489 
143 143 143 
119 
468 468 
387 387 387 454 
117 136 
185 473 

89 448 
236 236 236 415 

240 454 


380 380 502 502 
117 117 
102 117 117 125 
41 41 184 184 184 
236 
381 
101 101 
358 413 466 
82 82 389 
82 121 121 121 217 


103 379 
236 
191 191 304 
250 
248 306 306 408 
354 
292 364 364 
325 325 
374 

41 41 450 
276 
26 194 
39 188 227 231 305 305 330 330 330 392 402 428 469 469 510 511 
41 85 85 312 
439 
76 76 
39 
300 300 300 

39 477 477 
413 413 

233 233 233 296 
471 471 
23 97 97 
31 31 

222 376 
407 407 413 
110 247 
269 300 
28 183 
287 287 287 287 287 
30 30 

15 340 340 404 413 413 444 499 499 
178 
5 5 5 31 32 41 41 52 52 70 81 105 105 112 116 116 117 137 137 137 199 213 236 246 258 267 267 279 279 284 289 291 292 292 307 315 338 338 345 354 354 366 366 415 415 456 465 465 490 490 
126 491 
76 76 245 245 245 440 440 

159 477 
2 91 
105 106 106 
56 56 148 148 236 285 304 304 446 
33 236 
43 65 65 286 286 358 479 
158 
471 
8 8 76 77 290 290 

5 386 386 
76 76 184 

415 415 415 
12 355 355 
271 


405 
337 
76 
328 

460 

184 
215 215 314 
214 214 467 
102 102 
143 
442 
39 


119 119 174 314 376 376 376 413 413 
329 
8 
1 5 5 377 377 393 393 441 458 458 458 
292 
159 305 305 305 
245 245 
76 295 509 
236 415 
39 39 159 

169 169 169 238 238 271 375 505 
503 
487 
49 49 56 56 60 69 79 83 93 93 104 129 129 129 138 147 184 191 192 230 237 267 275 275 278 278 283 344 344 351 356 356 356 415 432 432 460 460 
83 104 236 
233 233 505 505 
342 342 
131 496 496 
39 62 

311 311 413 424 424 

76 76 186 186 186 228 228 
70 70 184 
110 176 288 288 401 401 
150 
40 40 
149 417 
413 413 

330 
277 277 277 415 
5 443 443 443 
273 
392 392 
184 409 409 

426 
81 81 

315 
11 11 334 
496 496 
271 
184 184 236 268 268 471 
267 267 
177 415 415 

3 7 9 203 233 266 282 282 287 287 327 374 374 374 375 391 391 442 502 502 

5 256 
352 
236 236 
157 
18 254 254 254 415 415 
236 236 
184 184 431 
308 308 449 467 467 
67 298 421 
271 271 
236 303 303 303 344 344 344 415 415 415 
184 
191 
193 193 413 413 
68 179 179 179 179 179 271 271 
247 247 
184 
23 97 196 196 480 
184 426 
76 76 152 184 184 226 364 410 410 

58 397 397 408 
229 
169 425 
408 408 
281 347 347 
54 413 
164 164 164 177 
46 46 
39 39 485 
283 283 283 415 415 
56 148 191 191 
159 159 227 227 227 392 
87 150 150 370 370 370 408 408 
184 396 396 462 465 
280 280 467 
35 

243 243 
84 85 160 348 
8 8 8 
96 214 222 317 319 354 384 398 418 418 434 449 455 467 481 
31 73 94 184 263 336 
444 
314 413 413 413 
413 413 
314 354 


76 
359 
37 37 37 41 
153 153 358 503 
358 
271 
76 209 
81 81 81 223 
39 159 159 159 253 369 369 369 428 

407 407 
413 
264 413 
413 
315 486 
207 
184 184 415 
381 427 427 427 464 470 
182 182 

239 239 

236 236 283 283 283 447 
52 184 
47 47 76 459 
67 298 298 421 506 
84 312 
481 
8 8 8 
236 432 
274 402 
76 76 456 456 
5 31 151 184 184 314 319 450 450 450 462 490 490 
12 12 202 202 
236 236 236 
367 431 431 431 496 
90 141 193 325 326 413 
61 81 323 
76 


499 499 
118 152 152 292 410 
415 415 
184 184 
114 357 496 496 496 

330 330 330 
306 306 306 
68 
106 106 

154 271 271 271 
233 271 
174 222 222 222 
225 225 

103 146 
134 134 
64 139 339 408 
413 
415 463 
314 449 
413 
198 198 
124 124 124 
487 
82 82 82 142 

271 271 
159 257 257 305 
53 225 225 
495 495 
0 0 0 46 
307 307 
58 294 294 
314 
492 492 492 
5 
110 247 247 
159 352 405 
427 
6 182 
39 39 206 402 

175 175 332 332 
26 26 87 150 294 297 297 306 306 381 412 437 470 
258 258 
292 292 364 

408 
35 45 74 77 92 92 119 141 167 167 175 182 182 222 222 243 251 251 286 286 299 317 317 317 318 318 333 334 335 358 382 385 439 500 
22 
37 37 37 116 129 184 184 201 201 201 230 236 254 269 269 277 277 283 283 283 303 303 338 365 365 383 432 463 

250 
80 95 314 314 

98 98 441 
281 347 

76 
243 243 
296 
260 291 
339 339 339 403 
20 159 330 

62 
279 357 357 357 
236 236 351 415 

314 
75 449 
497 
408 

45 161 413 
186 186 
5 5 225 420 
218 271 468 
255 255 255 
15 59 182 316 
41 41 
56 191 
344 
128 
280 314 384 435 467 
156 354 354 354 462 

25 25 25 464 464 

124 131 
17 314 
76 184 353 353 491 491 
41 
225 225 225 
346 
211 236 236 
22 497 
307 354 450 
75 383 415 
339 452 452 
184 184 307 
72 89 89 141 
215 280 280 308 314 449 
123 123 442 
159 159 
339 408 
101 101 170 170 195 267 

126 
56 56 
5 
10 
39 166 166 188 

193 
290 
314 349 

30 

39 302 
31 336 
56 235 388 

31 120 
51 51 184 184 354 354 
185 456 456 
399 399 399 
3 

81 394 394 
100 240 240 265 265 357 367 367 367 
436 461 

182 182 363 363 
413 

134 134 271 271 
234 325 

233 238 238 
347 

5 86 
229 
159 
159 
