Nodes: 512, Edges: 720
46 395 
441 
111 189 
271 271 493 493 

18 48 50 88 88 184 184 198 198 198 225 225 255 279 400 504 504 508 

271 
196 196 224 224 313 313 350 


264 
202 355 
76 
117 117 135 184 184 
327 444 
184 
390 390 455 
5 277 277 



108 108 115 115 115 461 461 497 
171 
76 
452 
408 
76 346 346 
63 63 63 178 178 183 183 183 

180 222 483 
172 184 315 486 489 
184 184 
192 

210 222 309 413 
106 
324 324 406 406 415 

159 159 163 163 219 241 241 402 485 
192 236 249 
85 99 137 137 160 184 324 399 445 457 457 
321 
193 

413 413 
0 64 301 301 381 395 

5 
236 236 
5 
490 
184 184 345 345 
225 
299 
195 195 
236 304 446 474 487 487 
415 415 
294 397 397 
444 444 
104 236 
81 81 359 359 359 
241 369 430 430 
28 28 28 383 383 383 
46 381 
193 416 
141 
192 192 347 
169 169 296 296 
236 344 
246 

358 466 
315 
413 413 
383 383 
13 24 27 78 107 109 109 184 196 199 199 207 228 228 229 229 292 314 328 328 346 353 354 360 360 361 361 413 413 423 440 509 
196 413 413 
76 
236 
418 
61 61 82 113 184 184 329 389 389 394 495 
81 121 142 143 329 
237 237 
85 85 312 348 
41 84 84 160 312 
198 386 508 
408 
5 5 504 
128 128 466 466 466 466 
358 


236 
315 315 

314 
290 
420 
41 256 450 
197 476 
140 471 
117 117 136 136 216 493 
146 425 
60 138 236 507 507 507 
106 106 106 184 
36 105 105 105 
76 
22 22 115 115 
76 76 
176 247 247 401 
2 182 
184 
81 
181 181 181 
22 22 22 108 108 
184 184 
14 14 102 102 125 125 135 136 184 184 

122 222 413 
486 489 489 
82 143 
119 
468 468 
387 454 454 
117 117 136 
185 491 
480 480 
89 89 448 
236 
389 
454 
168 168 
381 
380 380 502 502 502 
14 117 
102 102 117 125 
41 41 
104 164 
381 
101 320 
66 466 466 466 466 
82 389 
82 121 
282 

103 379 379 

191 
250 
248 

384 
325 
374 
413 
450 
233 276 
408 408 408 
39 39 188 188 188 205 205 330 392 402 428 428 428 433 469 477 477 510 511 511 
41 85 272 312 498 
439 

39 39 
138 300 300 

477 
220 
132 132 413 413 
68 68 
471 471 
23 
31 

335 376 413 
413 
110 247 
283 
28 28 183 
287 
30 222 
114 114 114 
111 220 220 340 363 404 444 444 499 
28 28 28 178 
5 5 14 14 16 31 32 32 41 52 52 76 81 81 105 112 116 116 117 117 213 236 258 258 279 279 284 289 291 291 292 292 307 315 324 345 354 354 366 366 396 396 409 426 426 456 465 465 484 488 488 490 
126 491 
440 440 

159 159 159 477 477 
2 
372 372 
148 236 268 285 285 285 
33 40 67 67 236 281 
43 65 358 358 362 479 

55 55 236 471 
8 8 76 77 200 290 290 350 373 422 422 
100 
5 5 5 86 386 386 
76 76 207 
196 
236 415 
12 355 

267 267 267 268 
159 159 
405 
76 199 478 

328 328 
35 
460 
233 310 310 310 
184 

314 467 
102 

271 442 
39 232 232 274 402 402 
167 182 182 

30 35 119 180 268 314 314 376 413 413 
329 329 
8 8 313 
5 5 53 259 393 419 419 441 458 458 458 
292 
305 305 392 
76 76 
76 76 295 295 509 
236 

219 219 454 
157 212 238 271 310 505 505 505 


40 49 49 56 60 69 79 93 104 129 184 191 192 195 201 230 275 275 278 283 283 344 356 356 415 432 438 460 460 
83 83 
233 505 505 
342 405 405 
476 496 
39 39 62 
478 
311 494 494 
325 358 

70 
110 110 176 288 401 401 
150 293 408 
40 
149 374 417 417 
413 413 413 

330 
277 415 
5 443 443 
99 273 354 

184 184 409 
225 
426 
329 
410 
315 315 
11 

271 
204 204 204 268 
191 204 222 267 
415 
286 
3 3 7 218 233 266 282 297 297 339 339 374 401 401 401 408 412 412 453 453 
160 
256 472 472 
219 
236 236 
157 
18 18 254 415 
236 
5 184 184 
308 308 
192 347 421 
144 271 427 
177 236 236 344 415 
184 
191 191 191 
270 
179 
247 
184 
97 196 196 480 
184 184 426 426 
76 184 184 226 364 
248 408 
58 408 
229 229 
68 68 425 
271 271 408 
347 347 
54 
164 164 
46 46 
485 
415 
56 
227 227 392 482 
370 408 
184 354 396 465 465 
280 280 
35 
212 212 212 233 
243 
84 85 160 348 348 
8 8 224 
76 96 215 222 222 319 384 398 418 429 434 449 
31 73 94 94 184 263 263 336 486 
444 
398 398 
413 
314 354 
140 
42 323 323 

321 321 359 359 
37 37 41 184 
153 244 503 
358 
15 
76 76 209 209 
81 82 223 223 261 
159 253 428 

407 413 

385 385 385 
174 413 
315 

415 415 415 
271 271 381 408 427 427 427 452 464 
182 

239 

69 236 283 447 
52 52 184 
27 27 76 459 459 
67 281 298 298 421 506 
84 312 312 
481 481 
8 196 
432 432 

76 456 
76 184 184 256 307 319 411 411 411 450 462 462 490 508 
12 202 
236 236 
367 
72 90 193 193 244 326 413 466 503 
61 61 61 323 323 
76 76 
76 76 
193 
182 499 499 499 
292 410 
415 415 
184 184 
357 
401 401 
62 
306 

190 190 
196 
154 250 271 417 

174 222 
458 458 

146 146 
134 134 
46 64 133 139 339 395 408 408 

63 63 63 75 75 
152 314 449 
334 334 334 413 
86 198 198 
124 

81 81 130 142 497 
17 17 

159 227 305 
225 
81 495 
0 46 381 
184 184 307 
58 58 
314 317 317 
41 492 
5 
110 247 247 271 271 271 368 368 
39 159 219 219 

182 
206 239 239 
37 37 
332 
26 87 158 158 158 248 271 293 294 297 306 339 381 381 470 470 
184 258 
262 364 
354 354 354 
271 271 
35 45 45 74 74 76 76 77 77 119 155 168 168 174 175 222 222 251 251 251 318 332 335 358 385 448 455 494 

37 57 57 201 236 254 269 277 283 303 338 338 338 365 365 432 463 
65 
250 250 374 
80 314 
225 225 
98 441 441 
281 347 
196 196 
76 

103 296 
184 184 260 291 291 
282 339 339 339 
159 159 159 330 
314 
62 62 
496 
236 351 351 415 
159 
314 

497 

236 
161 
76 186 186 
1 225 420 420 
218 
255 255 
15 59 59 182 182 316 
41 
56 
344 
128 413 
314 384 467 467 
99 156 354 462 

25 339 
271 271 
124 124 131 232 
17 413 
184 353 491 491 491 
41 41 
225 225 225 377 377 
346 346 
211 236 236 
22 22 497 
354 354 450 
415 
339 
184 184 307 307 
72 89 89 89 89 141 141 141 141 358 
215 449 449 
123 123 
159 
408 408 
101 170 170 195 
273 273 475 

56 
472 
100 240 
159 159 166 188 188 
207 242 
193 
127 127 290 
349 349 
305 
30 
184 
39 302 
31 120 315 489 489 
56 56 
184 184 
31 120 120 486 486 
51 184 354 
126 185 456 456 456 
399 
3 3 102 
243 243 413 
81 394 
240 431 
22 389 436 461 
160 
182 363 363 363 


134 134 134 
325 358 
5 5 88 
233 233 233 238 238 
347 
104 104 104 
5 86 354 
76 229 
159 
159 159 
