Nodes: 512, Edges: 720
46 395 395 
225 
111 183 189 189 
271 493 
454 
18 34 48 88 184 184 225 225 255 279 279 400 441 475 504 504 508 
404 
233 271 
313 350 

476 

202 355 
76 
117 117 
182 182 327 327 444 
184 
455 455 
5 277 


31 
108 115 331 331 414 414 461 497 
171 290 
76 

158 
76 
63 111 178 178 183 183 

180 180 222 483 483 
21 184 486 489 

67 192 
5 
210 222 309 413 

415 415 
358 
62 159 163 163 166 219 219 231 241 241 241 302 330 405 477 485 485 
192 192 192 236 249 249 
85 99 137 137 151 151 160 354 399 445 445 457 
323 323 
193 

76 76 76 413 439 
0 64 301 301 301 339 381 395 
346 
5 

400 
490 
184 184 184 345 
225 
76 76 501 
236 236 
104 191 236 236 446 474 487 

294 
444 444 
104 236 

39 241 330 369 430 
28 463 
46 381 
416 
141 141 
33 
287 371 371 
236 252 
184 184 246 246 258 
330 
358 
94 315 
413 413 

13 24 27 45 45 45 54 54 109 109 162 184 186 199 199 207 208 242 242 314 314 314 322 322 346 353 353 354 361 413 413 413 456 501 
196 413 413 

236 
314 418 418 
82 389 394 495 495 
81 142 142 143 329 389 
236 
85 85 312 348 
41 84 84 160 312 312 

306 306 
5 
128 466 466 466 
358 

182 413 

73 315 
418 418 418 
317 
171 171 290 290 
420 441 441 
41 256 450 
197 476 496 
140 195 195 471 471 
216 216 
146 
56 60 236 237 237 507 
106 106 184 
105 105 190 190 372 

22 115 414 
76 76 
176 247 401 
2 28 182 
184 

367 
22 108 
184 415 415 
14 14 125 125 135 135 136 236 236 
364 364 
122 222 222 

143 143 
119 222 
468 

117 117 136 136 
491 491 491 

89 413 
236 415 415 

454 
168 168 
381 381 
380 502 502 502 
117 117 
117 125 125 
41 41 184 
164 236 236 
381 
101 378 
66 66 358 466 466 466 466 
82 82 389 
82 121 121 
282 
339 339 
103 
236 
191 191 304 
250 
248 306 408 
41 41 354 
364 384 384 
325 


450 450 
233 
26 271 271 408 
39 188 188 188 227 227 257 305 402 402 428 428 469 477 
41 85 272 272 498 
413 439 
76 322 
39 39 
138 300 

39 477 
220 413 
132 132 413 


23 97 97 290 290 

344 
222 222 335 376 
407 413 
110 247 
269 415 415 
28 28 
287 
30 30 222 

15 15 92 111 220 363 404 444 444 499 499 
2 28 28 
5 5 16 31 52 52 52 70 70 76 105 112 116 137 213 213 221 221 236 279 279 284 291 292 292 324 345 354 409 415 415 426 426 451 451 456 465 465 484 488 488 488 

76 440 
413 413 413 
159 159 159 
2 2 
106 106 372 372 
56 148 148 267 285 285 285 304 
33 40 40 40 236 281 
43 286 286 362 479 479 500 

101 101 267 267 471 
77 290 290 350 373 413 422 
100 496 
386 
76 76 

236 415 
12 
271 271 
267 268 268 

405 405 
76 337 478 
76 
328 328 
35 
460 460 
233 233 310 
184 184 
215 314 
214 467 467 
102 102 

442 442 
39 39 232 
167 182 413 
184 184 
30 35 119 119 122 174 174 180 314 341 341 376 376 413 483 483 483 


1 5 5 53 377 393 393 441 441 458 
292 
159 159 
245 
295 295 509 509 509 
236 
39 
219 454 
7 157 212 212 238 271 271 310 374 375 375 

487 487 
40 55 55 56 56 60 69 79 83 104 117 117 129 138 138 147 184 192 201 230 237 267 275 283 283 283 344 344 356 415 415 432 438 460 460 460 487 487 
104 104 236 
233 505 505 
342 405 
476 496 
39 39 39 62 
76 76 
311 424 494 
358 
228 
70 70 
110 176 288 
150 293 
40 40 
149 374 417 442 
270 286 
69 
330 
283 415 
5 443 443 443 
99 
159 392 392 
70 


329 
364 364 410 410 

334 334 
496 496 
271 
191 195 195 204 236 
204 204 
177 
251 286 286 
3 7 158 158 203 203 233 233 266 282 282 287 287 339 354 374 374 374 391 391 401 408 408 412 427 442 442 453 502 
160 160 
354 354 472 472 475 

236 

18 415 

5 5 184 184 431 431 
308 449 
192 298 298 
144 271 271 427 
236 236 236 254 344 415 415 
184 
191 191 191 
193 193 251 270 270 413 
68 179 271 271 
247 

23 97 97 171 171 196 196 480 480 
184 426 426 
184 184 226 410 
248 408 
58 397 408 
229 229 
425 
408 408 
281 281 347 
413 
164 
46 46 46 
39 485 
415 
148 191 
159 482 482 
87 87 150 370 370 408 
462 
280 467 
35 
212 233 
243 
84 85 85 348 348 348 
8 
76 76 76 80 214 222 317 349 354 384 429 449 
73 94 336 

96 314 398 413 

354 


76 76 162 
42 42 359 
184 
153 503 
358 
15 15 
209 209 
82 261 
39 62 71 253 428 
22 22 


264 264 385 
174 413 
315 486 
207 
415 415 
46 145 145 271 427 452 452 464 464 

222 222 
239 

173 236 236 283 447 
52 184 
47 76 459 
298 421 506 506 
84 312 312 312 
314 481 
8 196 
432 

76 76 456 
41 76 151 184 271 273 273 314 319 411 450 450 450 490 490 
12 
236 
431 496 496 
38 72 90 141 244 326 466 503 503 503 
323 

76 
193 413 
182 499 
118 118 152 262 262 410 
415 

114 496 496 
401 
62 
306 306 
68 68 
106 190 190 
196 
233 250 271 271 271 408 442 
233 233 
174 222 222 
225 458 458 
140 

134 
46 64 133 133 139 
413 
463 
152 152 314 449 
334 
198 

487 487 487 
81 82 142 

271 271 
257 257 
225 225 
81 495 
0 0 46 

294 
317 
41 492 492 
5 50 
110 271 368 
159 159 405 
427 
6 182 
39 206 206 239 402 

175 413 
150 158 271 271 293 294 297 297 306 374 437 470 
184 
262 262 292 364 
354 
271 
35 45 74 74 76 76 76 77 77 92 128 161 167 168 175 187 187 187 196 220 222 286 299 317 335 362 382 407 439 494 
22 22 108 
37 37 116 116 129 129 177 177 184 184 201 236 236 254 277 283 283 303 338 338 365 432 
65 
250 
80 80 95 95 95 

98 441 441 
347 
196 

243 
296 
184 184 291 291 
271 282 339 403 
159 159 330 
314 
62 
279 279 357 
236 351 415 



497 
408 
236 
45 161 413 
186 
5 98 98 225 225 420 420 
218 218 250 271 271 374 
255 255 255 
15 59 59 182 182 
41 41 
56 
344 

280 314 384 467 
99 156 156 354 354 354 
184 184 
339 339 
271 
4 131 232 
17 17 
76 184 353 491 
41 
225 377 377 
346 
211 211 236 236 236 
22 497 
307 
63 383 
339 339 
184 184 
89 89 89 141 141 141 141 358 
215 215 308 449 
123 
159 
408 
101 101 195 
273 273 

56 487 
5 273 
10 100 240 
39 159 166 
207 
193 193 
290 290 
349 
305 305 
30 30 222 222 222 
184 
39 39 302 
31 336 489 
56 235 235 236 236 388 388 388 474 
184 184 184 
31 486 
51 354 354 
126 126 126 456 
399 399 
3 
243 413 
81 81 394 
100 197 240 265 265 357 357 367 367 
22 436 461 
160 
182 182 363 
193 
54 76 
134 134 134 271 
325 358 358 358 
5 5 
238 238 
347 347 
104 
5 
229 229 229 


