Nodes: 512, Edges: 720
46 395 395 
225 225 441 
111 
271 271 271 493 493 
454 
18 34 34 88 88 184 225 225 255 255 273 279 279 354 400 441 441 475 475 504 504 504 508 
404 
271 
313 
271 271 

264 264 
184 202 355 
76 76 76 
117 117 184 
182 182 
184 184 184 
455 455 
5 277 277 277 
104 

31 
108 108 115 115 331 331 414 414 461 
290 
76 

158 158 408 

178 178 183 
474 
180 180 222 
21 172 184 184 315 315 486 
184 
192 192 
5 5 
210 309 309 309 413 413 
106 
324 324 

62 159 163 166 241 302 330 330 402 405 477 477 485 485 
192 236 249 
44 99 137 137 137 160 184 184 324 399 399 445 445 457 
321 

41 
413 439 
0 301 381 395 
346 

236 
400 400 

184 
225 
76 501 501 
195 195 
104 191 236 304 446 474 487 
415 
294 294 
444 
236 
81 
39 369 369 
463 463 
381 
193 193 416 416 
141 
192 347 
169 287 296 371 371 
236 236 
184 246 
330 330 
325 358 358 466 
94 315 
413 
383 383 463 463 
13 13 13 24 54 78 107 109 184 186 196 199 207 208 228 228 229 245 299 299 314 322 328 346 353 354 360 360 361 361 413 423 423 456 509 
119 119 119 196 
76 
236 236 
314 314 
61 82 82 113 184 394 495 
81 81 121 121 142 143 143 
236 237 237 
312 348 
160 160 
198 198 386 508 
306 408 408 
5 5 
128 128 128 358 358 466 
358 

182 404 404 404 413 

73 315 315 

314 
171 290 
420 441 
41 450 
197 
195 195 
117 117 
146 
19 56 
184 184 190 190 
36 190 190 
76 
22 22 115 414 
76 
176 247 247 401 
2 182 182 
184 
81 
181 
22 22 108 389 
184 415 
14 14 102 102 125 135 135 184 

77 77 77 122 122 222 413 
489 
82 82 143 
119 119 222 
468 
387 387 454 
117 136 
185 491 
480 480 
89 89 89 413 413 448 
236 236 415 
389 
240 240 

381 381 
380 380 502 
117 117 
125 
41 41 41 
236 236 
381 381 
320 320 378 
66 466 
82 
82 82 121 217 217 
282 282 
339 
103 379 
236 
304 
250 250 
248 306 408 
354 354 
292 292 384 384 384 384 
325 

413 413 

276 
26 26 271 408 408 
39 205 227 231 402 428 433 477 510 511 511 
41 85 85 312 498 
413 413 439 

39 

317 317 
39 
413 
413 
68 233 

97 290 
31 
344 
335 376 413 
407 413 
110 
283 300 
28 28 183 
287 287 
30 30 222 
114 
15 15 92 111 111 220 340 404 413 413 444 444 499 
28 178 
5 12 14 16 16 16 31 31 32 41 41 52 70 76 81 105 105 112 116 117 221 236 246 267 267 279 315 338 345 409 415 484 488 488 490 
126 491 491 
76 245 

510 
404 
105 105 106 106 372 
56 267 285 285 304 304 446 
33 33 40 67 236 236 281 
65 65 286 362 413 

55 55 101 101 236 236 471 
76 77 200 200 290 373 373 
100 496 
86 86 386 
76 
196 196 
236 
12 355 
271 271 
267 
159 

76 337 
76 

35 
460 
233 310 310 

215 
214 467 467 

143 143 
271 442 
232 232 274 402 
182 
184 
30 119 122 180 341 341 376 376 413 413 483 
329 
350 350 
1 1 5 5 53 393 441 441 458 

159 305 305 305 343 392 
76 76 245 245 361 
76 
236 275 275 415 
159 
219 219 454 454 
169 212 271 296 310 375 505 

487 
40 49 56 60 69 69 79 79 83 129 129 138 138 147 184 192 192 195 195 201 230 237 267 275 275 278 283 344 415 415 415 438 487 487 
83 83 236 
505 505 
405 
131 131 476 
39 
478 
413 424 
358 
76 186 228 228 
70 184 
110 110 288 401 
150 
40 
149 149 374 417 417 442 
286 286 413 


277 283 415 
5 5 443 443 443 
273 354 391 

409 

426 
329 329 
364 364 364 410 
315 315 
11 11 334 
496 
271 
184 184 191 204 236 268 356 471 
267 
415 
286 
3 3 3 7 9 9 158 203 203 218 233 266 282 282 287 339 374 375 375 401 401 408 408 408 412 412 427 427 442 502 502 

5 256 472 475 
219 352 
230 230 236 236 
157 
18 18 18 254 
236 
5 5 184 431 
308 
192 298 347 347 421 421 421 
144 144 271 271 
177 236 254 303 303 344 344 415 

191 191 
193 251 251 270 
68 179 179 271 
247 

23 97 171 196 480 
426 
152 152 364 410 
408 
58 58 408 408 

68 233 
408 
281 347 
76 76 
177 
46 464 
39 485 485 
283 283 415 415 
56 148 191 191 
227 227 227 392 
87 150 370 370 408 
396 
280 467 467 
35 35 35 
212 212 233 

84 160 348 348 348 
8 
76 80 80 96 317 319 349 354 354 384 384 398 418 434 449 467 467 481 
31 31 73 94 94 184 263 263 486 

165 165 314 413 

314 
140 140 
42 
76 
359 359 
37 37 41 
72 153 358 503 
358 

76 
223 261 261 
39 39 71 71 369 369 369 
22 22 

413 413 
264 385 385 385 413 413 
174 413 
486 
207 
184 415 415 
145 271 381 408 464 
182 
222 222 

227 
173 236 283 283 447 
184 
47 76 459 
67 281 281 298 421 506 506 
84 312 312 312 
314 481 
224 224 

274 402 
76 456 456 
5 76 151 151 256 314 314 450 490 490 
12 202 
267 
431 
72 72 89 89 90 244 325 326 466 
323 323 
76 76 
76 76 228 
193 
499 499 
262 262 262 292 410 410 
415 415 


401 
62 62 330 330 330 
306 306 
68 68 
190 
196 196 
250 271 408 
233 271 271 
174 222 222 
458 
140 
146 
134 134 
46 64 133 133 139 139 339 395 408 
413 
75 75 463 463 
152 152 152 152 314 314 449 
334 334 334 413 413 413 
86 198 
124 124 
487 487 
115 130 497 

256 
227 305 
225 
81 495 
0 0 46 381 
307 

314 
41 41 
5 50 50 
110 247 271 271 368 
39 159 219 352 
427 
6 92 92 92 182 189 
39 239 

175 413 413 
26 87 87 150 158 158 271 271 271 293 294 294 297 306 339 374 381 412 437 
184 258 
262 292 364 364 

271 271 408 
35 35 45 74 76 92 119 128 128 155 155 161 161 167 168 174 175 182 182 193 222 222 243 251 317 333 333 334 334 335 382 385 385 385 407 407 455 494 500 
22 22 108 
57 116 129 184 230 236 236 236 254 269 283 303 303 338 338 365 365 432 
65 65 
250 250 
314 

98 441 
281 281 281 347 

76 76 
243 

260 291 
271 271 403 
159 


279 357 
415 
159 
314 
449 449 

408 
236 
45 161 

1 5 5 98 225 225 420 
218 250 271 468 
255 255 255 
59 182 182 
41 41 
56 191 
344 
128 
314 384 435 435 
99 354 



4 124 232 232 
17 17 413 
76 353 353 
41 
225 377 
346 
211 
22 

63 63 75 75 383 383 
301 339 

72 89 141 358 
215 215 308 308 314 314 
123 442 


195 267 
273 475 475 

29 56 
5 5 273 472 472 
240 496 496 
39 39 159 
242 

127 127 290 
314 349 

222 
184 
39 39 302 302 
31 315 336 
56 235 236 236 388 388 
184 184 
120 
184 354 354 
126 185 185 

3 3 
413 
81 394 
197 265 476 476 
389 
160 
182 363 363 
413 
54 54 
134 271 271 
325 
5 5 5 
233 238 238 
347 347 

5 86 
76 
159 188 
159 159 
