Nodes: 512, Edges: 720
46 
225 225 441 
91 183 189 189 
271 271 271 493 

18 18 18 48 50 88 88 225 255 255 273 279 279 279 354 400 475 504 504 504 508 508 
404 404 
233 233 
224 313 350 350 

476 
264 
184 202 202 
76 

444 
184 
390 390 455 455 
5 5 5 277 

428 
31 
108 115 115 331 414 497 
171 171 290 


408 
346 
178 183 183 183 189 

180 180 180 
21 172 184 315 354 489 489 
184 
67 192 192 192 

222 222 309 309 413 
106 
406 415 
89 358 
62 159 166 219 231 231 231 241 302 302 330 402 402 405 477 477 485 485 
192 236 249 
85 137 151 156 184 184 324 324 354 399 399 445 457 457 
321 
193 193 

413 439 
0 301 301 339 381 395 
346 346 
5 
236 
5 



76 299 501 
195 236 236 236 
104 191 236 304 446 474 487 


444 
236 236 236 
81 81 359 
39 330 330 369 369 430 430 430 


416 

33 192 192 281 
169 371 371 
236 236 
246 258 258 
330 
325 
94 315 
413 
463 
13 54 78 78 107 107 109 162 186 196 228 229 229 242 299 314 322 346 354 360 360 360 361 361 413 423 456 478 509 
119 119 196 413 413 
76 76 
236 
314 314 
61 61 82 113 113 184 261 359 389 394 495 
81 121 142 143 143 329 389 
236 236 237 
85 312 
41 84 160 312 
198 386 386 508 508 
306 306 408 
5 5 
38 128 128 128 466 
358 
2 
404 
236 
73 315 315 
418 418 

171 


197 197 496 
140 471 471 
117 117 136 136 136 216 
146 
56 138 236 507 507 
106 106 184 184 
36 105 105 190 
76 76 
22 115 115 
76 199 
401 

184 
81 81 
181 367 
22 22 108 108 389 
415 
102 102 125 135 136 184 236 236 236 
364 
77 77 122 
486 
82 143 
119 222 

387 
117 136 136 
185 473 491 

89 89 89 413 
236 
389 
240 240 454 
168 168 
381 
502 502 
117 
102 102 102 117 125 125 
41 
104 164 236 

101 320 378 378 
358 413 466 466 466 
82 389 389 
82 82 121 217 

339 339 339 
103 379 
236 
304 
250 
248 248 408 
41 
364 384 
325 
374 374 
413 
41 450 
233 
194 271 
39 188 188 205 205 205 227 227 231 305 392 402 428 433 433 469 477 510 511 511 
85 272 312 
439 
76 322 322 

138 300 
317 329 
39 
413 
132 132 
68 233 296 

23 23 97 
31 
344 
222 
407 413 
247 
300 300 300 415 
28 183 
287 287 
30 30 30 
114 
340 363 413 499 499 
2 28 28 28 178 
12 16 31 32 41 41 81 105 105 112 117 221 221 246 246 267 267 284 289 289 291 292 307 315 324 324 338 345 354 366 396 396 409 415 456 465 484 484 488 490 
126 491 491 
76 245 

159 159 510 
2 2 28 
106 372 372 
56 236 236 268 285 304 446 
33 33 33 40 67 67 
43 43 358 358 358 362 362 362 500 
158 
55 236 471 
76 77 200 290 290 290 350 350 373 373 413 422 
100 100 496 
86 
109 
196 
236 415 415 
12 12 
271 

159 159 159 
405 




460 
233 310 

215 215 
214 214 314 467 467 
102 
143 
442 442 
39 232 274 402 454 

184 184 
35 35 122 174 314 314 341 341 376 

8 313 350 
1 1 5 259 377 419 458 458 458 
292 
159 159 305 343 
76 245 245 361 
76 76 295 
236 275 275 415 415 415 
39 39 39 159 
219 454 454 
7 7 157 169 212 238 271 296 310 310 505 505 505 
503 

40 49 55 55 55 56 60 60 60 69 69 79 83 83 93 104 117 117 117 129 138 147 191 191 195 201 230 237 275 278 278 283 283 344 344 351 415 487 
83 236 
233 505 505 
342 405 
131 131 476 476 496 496 
39 
76 478 
311 424 494 
358 
186 228 228 
70 184 184 
176 
150 150 293 408 
40 
149 417 
286 286 


277 277 277 415 415 415 
5 5 
273 
392 
70 70 
225 
426 
81 
364 
315 315 
11 334 
496 496 
271 271 
184 184 268 268 268 471 
191 267 267 267 
415 415 

3 3 3 158 203 233 266 266 282 282 287 287 297 327 354 375 375 401 412 442 453 453 
160 
5 256 354 354 472 475 
219 352 
230 230 236 

18 254 254 254 
236 236 
5 5 5 431 
308 449 
67 298 298 347 421 
271 271 
236 236 415 
184 
191 
251 251 413 
179 179 271 271 

184 184 
23 196 196 196 
184 426 426 
184 226 410 
248 
397 408 408 
229 
169 233 425 
271 
281 281 347 
54 76 
164 177 177 177 
46 46 
39 39 485 
415 
56 148 191 
159 227 392 
87 87 408 
184 354 462 465 
280 467 467 
35 35 
212 233 233 
243 
84 85 160 348 
8 224 
76 80 80 215 222 222 317 349 354 354 384 384 413 418 418 429 449 467 467 481 
31 73 94 94 184 263 263 
444 
165 314 398 

354 
140 
42 323 
76 162 162 
321 359 
41 41 184 184 
72 153 358 
358 
271 

82 165 
39 62 62 71 369 369 428 
22 
407 413 
413 
264 385 413 413 



184 
46 145 145 145 381 408 
182 
222 222 
239 
227 
173 236 236 447 447 
184 
27 47 47 76 459 
281 298 506 506 
312 
314 481 
8 8 196 196 224 
236 
274 402 
456 
5 31 41 76 184 271 273 273 307 314 314 319 462 490 


367 367 
38 90 141 193 193 193 244 325 326 413 503 503 
61 81 323 
76 76 76 
76 76 228 
193 193 193 413 
182 499 
118 152 262 410 
415 
184 
114 357 357 
401 
62 62 330 330 

68 68 
190 190 
196 196 
154 154 417 442 
271 271 
222 
225 458 
140 140 
146 

46 133 339 395 
413 413 
415 432 463 463 
152 314 314 
334 413 413 
86 86 
124 
487 487 
81 82 115 130 142 142 
17 17 

159 257 305 

81 495 
46 381 
184 184 
294 
317 
41 41 492 
5 
110 271 368 
39 39 159 219 352 405 

6 6 92 
39 206 239 402 
37 
175 332 413 
26 87 150 248 294 294 306 339 437 437 
184 
292 364 

271 
35 45 74 76 77 77 128 141 155 167 175 182 196 286 314 332 333 334 334 358 362 382 382 385 385 407 439 439 439 448 455 455 494 500 500 
22 
37 116 177 184 201 201 230 230 230 236 254 254 254 269 269 283 303 365 383 432 
65 
250 374 
95 95 314 314 
225 

281 
196 
76 
243 
296 
260 291 291 

20 159 330 
314 
62 62 62 
279 
383 415 460 
159 159 


497 
408 408 

45 161 413 413 413 

1 
218 218 271 374 468 468 468 

15 59 316 
41 
56 191 
344 344 
413 
280 314 
156 462 462 

464 
271 271 
131 219 232 232 
17 17 413 413 
76 184 353 491 491 491 
41 41 
225 225 225 377 
346 
211 432 
497 
307 354 450 450 
75 383 383 
452 
184 307 
89 141 141 141 
215 215 308 308 314 314 
442 442 442 
159 

101 101 195 267 
273 475 
126 
56 487 
5 273 472 
10 240 240 496 
39 39 159 
76 242 


314 349 


184 184 
39 39 302 
120 
56 236 388 388 474 
184 
31 31 
184 354 
126 185 185 456 456 456 
399 
3 
243 413 
81 394 
100 197 240 240 265 265 476 
22 436 461 

182 182 363 
193 413 413 
54 
134 134 
234 358 358 
5 5 5 
233 233 233 238 238 
347 347 
104 104 
5 5 86 86 
76 
159 188 
159 159 
