Nodes: 512, Edges: 720
46 64 395 395 
225 441 441 
183 183 189 
271 493 
454 
18 34 48 50 184 225 255 273 279 400 400 441 504 504 508 
404 
271 
196 224 



184 355 
76 76 
135 
182 327 444 444 
184 
390 
5 
104 104 
428 
31 
115 414 461 497 
290 
76 
452 452 452 
408 
76 
63 63 111 178 189 

180 483 483 483 
21 172 184 354 486 489 
184 
67 192 
5 
210 210 222 309 309 
106 106 
324 406 

62 163 163 219 219 231 241 402 402 405 477 
192 236 249 
44 85 99 137 151 160 160 184 184 324 354 354 399 
323 
193 
41 
76 76 439 
0 64 301 301 381 395 
346 346 
5 

5 400 
490 
184 345 345 
225 
299 
195 236 236 
191 236 236 474 487 
415 415 415 
294 397 
444 444 
104 236 
81 
39 241 241 330 369 430 430 
28 28 
0 46 
413 416 
141 
33 
287 287 296 296 
236 236 252 
258 
330 
325 358 
94 94 315 315 
413 413 
383 463 
13 13 24 27 45 45 78 107 109 109 162 184 196 208 229 242 299 314 322 322 328 346 346 360 360 361 361 423 440 456 456 478 509 509 
196 196 
76 
236 
314 314 418 
61 82 184 261 289 495 
81 121 121 143 329 389 389 

312 312 348 348 348 
41 160 160 312 312 
198 386 
306 408 
504 
128 128 358 466 466 466 466 466 


404 404 
236 236 
73 73 315 315 
418 

171 290 

41 
197 476 496 496 
140 195 195 471 
136 
146 379 379 
19 19 60 138 236 237 
106 106 184 
36 36 105 105 190 372 
76 
414 414 
76 76 
176 401 401 
28 


181 367 367 
22 
184 415 
125 135 135 136 184 184 184 236 
364 364 


82 82 143 

468 

117 136 
491 
480 480 
89 89 413 448 

389 
240 454 454 


380 502 502 
14 117 117 
102 117 125 
41 184 184 
104 236 
381 
101 320 320 378 378 378 
66 358 413 
389 
82 121 217 
282 
339 
103 
236 236 236 
191 191 304 
250 250 
306 306 408 
41 354 

325 
374 374 374 

450 
276 
194 408 
188 188 227 231 305 330 330 402 428 433 469 511 
41 41 85 85 272 272 312 498 498 
413 413 
76 322 
39 39 
300 300 300 

477 477 
413 
413 
233 296 296 
471 
97 290 
31 
344 
222 335 335 
407 413 
110 247 
300 300 
28 183 
287 
30 
114 
15 220 220 340 499 
2 2 178 
5 12 16 31 32 41 41 52 76 81 105 116 117 117 117 137 137 213 221 246 246 258 279 284 289 291 292 315 324 324 338 338 345 354 354 355 409 415 426 426 426 451 451 456 484 488 490 

440 440 
413 
159 159 477 
2 28 
106 372 
56 148 148 236 267 285 285 304 446 446 446 
33 40 236 281 
43 358 362 413 
158 
55 101 101 267 
8 76 77 77 200 290 290 350 350 413 422 
100 
86 386 

196 
236 


267 267 

405 
337 337 478 
76 
328 
35 35 
460 
233 
184 
215 215 314 
214 214 467 

143 
442 
39 39 232 274 402 454 454 
182 182 413 413 
184 
35 174 268 268 341 376 413 483 
329 
8 313 313 
1 5 53 259 377 393 393 419 458 458 

159 305 305 392 477 477 

76 295 295 509 
415 
39 159 
219 454 454 
169 212 238 271 296 310 375 505 505 

487 
40 55 55 56 56 60 69 69 79 93 93 104 117 138 147 147 147 191 192 201 237 278 278 283 351 356 415 432 432 460 460 
104 236 
233 505 505 
342 405 405 
131 476 496 496 
39 62 62 
76 
311 311 413 424 494 494 494 
325 358 

184 184 
176 288 401 

40 
149 149 374 417 442 
413 
69 
330 
277 
5 
354 
392 
70 184 409 
225 

81 329 
489 
315 


271 
191 195 204 204 268 356 471 471 471 
222 222 267 
415 415 
286 286 
3 7 233 266 282 374 391 408 408 442 453 
160 160 
5 475 475 
219 402 

157 
254 415 
236 236 
5 184 431 
308 449 449 449 467 
192 298 347 
144 271 
236 344 344 415 415 
184 
191 191 
270 270 413 413 
68 68 179 
247 
81 184 
23 97 171 196 196 480 
184 
184 410 410 
408 
58 397 399 408 408 
229 229 
68 68 169 169 233 425 425 
408 408 
281 347 
54 76 
164 164 164 177 177 
46 46 
485 
415 
148 191 
159 227 227 482 
87 150 150 370 370 370 408 
462 465 465 
280 467 467 467 
35 35 
233 
243 243 
84 84 85 85 160 348 
224 224 
76 80 80 214 319 319 319 349 349 349 354 354 384 398 413 413 449 455 481 
73 73 94 94 184 263 336 486 
444 
398 413 413 
413 
314 314 314 
140 140 
323 
76 76 162 
42 321 359 
37 41 184 184 
72 153 244 503 
358 
15 
76 209 
82 223 261 
62 71 159 159 253 

407 407 407 413 413 


174 174 413 
315 486 
207 207 
184 184 
145 381 408 452 464 470 
182 
222 
239 

173 283 283 447 447 
52 52 184 
47 47 76 76 459 
281 298 
84 84 84 312 
314 314 314 481 
196 196 
236 432 432 

456 
31 41 41 151 184 184 256 314 314 411 462 462 462 490 490 502 502 508 508 
12 184 
236 267 
496 
72 89 141 193 244 326 413 466 466 503 
323 
76 76 
76 76 
193 413 413 
499 
118 118 
415 415 

114 114 496 
401 
62 
306 306 306 

106 190 

154 154 154 250 271 442 442 
233 
222 
225 
140 140 140 
103 103 
134 
46 139 339 395 395 
413 
75 415 415 432 463 
314 
413 
86 198 

487 487 487 
82 82 130 142 497 
17 
271 
227 257 
225 225 
495 
0 0 46 381 381 

58 294 
314 317 
41 294 
5 5 50 
110 110 247 368 
39 39 159 219 274 405 405 405 
427 427 427 
6 92 92 
39 206 239 239 402 402 402 
37 
175 332 332 332 413 413 
26 87 150 158 271 271 293 294 294 297 297 306 339 412 412 412 
184 258 
292 292 
354 
408 408 408 
65 74 74 128 141 161 161 167 168 175 187 193 196 220 220 222 243 251 286 286 314 314 317 317 318 332 332 335 358 362 362 382 385 407 407 439 439 448 494 494 500 
22 108 108 
57 57 57 116 184 230 236 269 269 277 283 283 303 365 365 383 383 432 
65 
250 
80 95 
225 


196 
76 
243 
296 296 
184 184 184 
403 403 403 
20 159 

62 62 
279 496 
236 236 351 351 383 415 
159 

449 
497 


45 413 413 
76 186 186 
1 1 5 
218 250 271 374 374 468 468 

15 15 59 59 316 

191 191 191 
344 344 
128 413 
280 280 280 314 435 467 467 
156 462 
184 184 
25 25 25 339 464 
271 
4 131 131 219 219 232 232 
314 
76 76 184 353 491 

225 225 
346 
211 236 236 
22 497 
307 354 354 354 450 
75 383 
339 452 
307 307 
89 89 89 89 89 358 358 
215 280 308 308 308 449 449 
123 442 442 
159 
339 
101 170 267 267 267 
475 475 

56 
273 273 472 472 
100 240 
39 166 166 188 227 227 
76 207 

127 127 290 
314 349 
305 
30 30 30 222 
184 
302 
31 315 336 
56 235 388 388 388 
184 
31 262 
51 184 354 354 
126 456 

3 
243 243 243 413 413 
81 394 
100 100 240 240 357 367 431 
22 389 436 461 
160 160 
182 363 
413 

134 134 354 354 
325 358 
5 5 88 
233 233 238 238 


5 354 354 
76 76 229 

159 
