Nodes: 512, Edges: 720
46 64 395 395 
225 225 225 441 
183 183 189 
271 
454 454 
18 18 34 34 48 50 50 198 255 255 273 273 273 279 354 354 400 441 441 441 475 504 508 


224 313 313 
271 
476 
264 
355 
76 
117 
182 

390 390 455 455 
5 5 
104 104 

31 
115 331 331 414 461 461 497 
171 
76 
452 
158 408 408 
76 346 
63 63 178 183 

180 222 222 483 483 
21 172 486 486 489 

192 192 192 
5 5 
210 222 309 413 413 413 

324 406 
89 358 
62 159 163 219 231 241 302 330 330 402 405 
192 236 
85 151 151 156 156 160 184 184 354 399 445 457 457 
321 323 
193 193 

76 413 439 
0 64 381 395 

5 
236 236 236 
5 5 400 400 
490 490 
184 184 345 345 

299 501 
236 
191 191 236 304 446 474 474 487 

397 
444 444 
104 236 
81 359 
39 369 369 430 
28 28 383 383 
0 46 381 
193 193 416 
141 
192 281 281 347 
169 169 287 371 
252 
184 246 
330 330 
325 358 358 466 
94 94 315 315 
413 413 
383 463 
13 24 27 45 78 107 109 109 162 186 186 196 208 208 228 229 245 292 314 322 328 346 360 361 440 456 478 501 
119 119 413 
76 
236 236 
314 418 418 
61 82 113 184 289 329 359 394 394 495 
81 121 121 143 329 389 
236 236 236 237 
312 348 
41 160 312 312 
198 386 386 508 
306 
504 504 
38 128 466 466 


182 182 404 
236 236 
73 73 315 
418 
317 
171 290 290 
420 441 
450 
197 476 496 
471 471 
117 136 216 216 
146 146 425 425 
19 19 60 138 507 
106 106 
105 105 190 
76 

76 76 199 199 207 
176 247 247 
182 
184 184 
81 
181 181 
22 389 
415 415 
14 102 125 135 135 136 136 236 
364 364 364 
77 77 122 222 
486 489 
82 82 
119 222 
468 
387 
117 
185 491 

89 413 413 448 
236 415 
389 389 
240 240 240 240 454 


380 502 502 502 
117 117 
102 117 117 
184 
104 
381 
320 378 378 378 
66 358 466 
389 
82 217 217 

339 
103 103 
236 
191 304 
250 
248 248 306 306 408 
41 41 354 354 
384 384 384 

374 

41 41 450 

26 408 408 
39 188 188 188 227 227 231 231 305 305 428 469 477 511 511 
41 85 272 
413 
76 322 322 
39 
300 300 300 
317 
477 
220 220 413 413 
413 413 
68 68 296 
471 
23 97 290 290 
31 
344 
222 335 413 

110 

28 183 
287 
30 
114 114 
15 92 92 111 220 220 404 444 499 
2 2 28 178 
41 41 52 52 70 81 112 112 137 213 213 236 246 267 279 279 284 284 292 307 315 315 315 324 338 345 354 354 366 366 396 396 396 409 415 415 426 426 451 456 465 484 488 490 
126 491 
76 76 
413 
159 159 159 477 510 
2 
106 372 
56 56 148 236 268 285 
33 33 33 40 67 281 281 
43 43 65 65 358 362 413 500 500 

471 
76 200 200 290 350 373 373 373 422 
100 
5 86 386 
109 109 207 
196 196 
236 
355 
271 271 271 
268 268 


109 199 337 337 
76 76 

35 
460 460 460 
233 310 310 
184 184 
215 314 314 
214 314 467 
102 102 
143 143 
271 442 442 
39 232 454 454 
167 167 182 182 413 

30 30 35 119 122 174 268 314 341 341 376 483 

8 313 313 
1 1 1 259 259 419 441 458 
292 
159 159 305 305 392 
76 
76 
236 236 275 275 
39 159 159 
219 454 454 
212 310 374 375 505 505 
503 
487 
40 49 49 49 55 56 60 79 79 83 83 83 93 93 117 129 147 184 191 201 230 230 237 237 237 267 275 283 344 344 438 460 
83 236 236 236 
505 
342 
131 131 131 131 496 
39 
478 
311 413 
325 358 
76 
70 184 
110 110 288 
150 150 

149 374 

69 

277 283 
5 5 443 443 443 443 
273 354 391 
392 
409 
225 225 

329 


11 334 

271 
184 236 
191 204 204 222 
415 
286 
3 9 203 203 203 218 266 282 327 327 339 375 401 401 408 408 453 453 
160 
5 5 5 256 354 354 472 
352 402 
230 230 236 

254 

5 184 184 
308 449 
67 67 192 192 298 421 421 
271 427 427 
236 254 344 415 
184 184 
191 
270 
68 179 
247 
81 
97 97 171 171 196 480 480 
426 
76 184 226 364 
408 
408 408 

169 425 425 
408 408 
281 347 347 
54 
164 164 164 

39 

56 148 
159 159 227 227 
87 150 150 408 408 408 
184 354 396 396 465 
280 467 467 
35 
212 212 233 
243 
84 85 85 
8 8 224 224 
76 80 214 214 215 222 317 319 349 384 413 418 418 429 434 449 455 481 481 
73 73 94 184 184 184 

96 165 314 398 
413 
314 354 354 
140 
42 
76 162 162 
42 
37 184 
72 244 358 503 
358 
271 271 
76 
81 82 261 
39 39 71 71 428 
22 22 
407 413 
413 
264 
174 413 

207 207 
184 415 415 
145 271 381 408 464 464 

222 222 
239 

173 236 236 283 447 
52 52 184 
27 76 459 459 459 
67 298 298 421 421 421 506 
84 
314 
196 
432 
274 402 

5 5 41 151 151 184 184 256 273 273 307 319 319 411 450 462 490 502 508 508 
12 202 

431 496 496 496 
38 72 72 141 193 244 325 326 413 503 503 
61 81 
76 
76 
193 413 413 
499 499 
118 118 118 292 410 410 
415 415 
184 184 
496 

62 62 

68 
190 
196 196 196 
154 233 250 408 408 408 417 417 
233 271 
222 

140 140 140 

134 
46 64 139 339 395 408 
413 
63 63 75 
152 152 152 314 449 449 
413 
86 86 198 
124 
487 487 
82 115 130 130 142 497 
17 17 
256 
227 257 

81 81 495 
0 0 46 381 
184 184 184 307 307 
58 
317 
41 492 492 
5 50 50 
271 271 
39 274 352 405 
427 
92 182 
39 402 
37 
332 413 
26 26 150 158 158 271 271 293 294 294 297 297 306 306 306 339 374 374 374 381 412 437 437 
184 258 
364 364 
354 
408 
35 35 35 45 74 74 77 128 128 161 167 167 168 168 174 187 193 220 243 314 318 332 333 335 358 362 362 382 385 407 439 455 494 
22 
116 116 129 184 184 269 283 338 338 365 365 432 
65 
374 374 
80 80 95 314 314 
225 
98 441 441 
281 281 347 347 347 
196 


103 103 296 296 
184 184 291 
282 282 403 
159 330 
314 
62 
357 496 
351 415 

314 


408 408 
236 
45 413 
76 
1 5 5 5 98 225 420 420 
218 218 468 
255 255 255 255 
59 59 182 
41 
56 
344 
128 
280 314 384 384 467 467 467 
99 156 354 462 
184 
25 464 464 
271 271 
4 4 131 219 219 232 232 
17 17 314 413 
76 184 491 
41 41 
225 
346 346 346 
211 211 211 236 
22 22 497 
354 450 
75 
339 339 452 452 
184 307 
72 89 89 141 
215 308 308 449 449 449 
123 442 
159 

101 101 170 195 
273 

56 56 487 487 
5 
10 100 
159 166 188 
76 242 

290 290 
314 314 

30 30 222 
184 

31 31 120 
56 235 388 388 474 474 
184 
31 120 
51 51 184 354 
126 185 456 
399 399 

413 
81 394 
100 240 357 357 357 367 431 
22 389 461 

182 363 363 
193 193 
54 76 
134 134 134 354 
234 325 358 358 
5 88 88 
233 233 238 
347 
104 
5 86 354 354 

188 
159 159 
