Nodes: 512, Edges: 720
64 
225 225 
111 
271 493 
454 454 
18 18 18 34 34 48 48 50 88 184 225 255 273 279 279 354 354 475 475 
404 
233 
224 224 313 

476 
264 
184 202 355 355 
76 
117 
444 444 
184 
390 455 455 
5 5 5 277 

428 

108 331 331 461 497 
171 290 



76 346 
189 

222 483 
172 184 354 354 

67 192 
5 5 
210 222 222 309 
106 106 
324 406 406 415 
358 
159 163 219 302 302 330 405 485 485 
192 192 236 249 
44 85 85 99 137 137 151 156 160 184 354 399 445 457 457 
321 323 
193 
41 
413 413 439 439 
64 301 381 381 
346 346 
5 5 
236 
5 400 400 
490 
184 
225 393 
501 
236 
191 236 304 446 474 
415 415 
294 294 294 
444 
236 236 
359 359 359 
241 330 369 369 430 
383 463 
0 46 
193 416 
141 141 
33 192 347 
287 287 296 
236 344 
184 
330 330 
358 
315 

463 
13 27 107 109 196 199 207 208 228 229 229 242 314 322 322 346 360 360 361 413 423 423 456 501 509 509 
119 196 196 

236 
314 418 418 
82 113 184 261 261 329 359 389 495 
81 329 
236 236 237 237 
85 348 
41 41 84 160 312 312 
198 508 508 
306 
5 504 504 
128 466 
358 

182 182 404 404 413 
236 
315 
418 
317 
171 
420 441 
41 450 
197 476 476 496 496 
140 471 471 471 
136 216 493 
379 379 379 
138 236 237 237 237 507 507 
106 190 190 
36 36 105 190 190 372 
76 
22 115 115 115 
76 199 199 207 
176 247 401 
2 182 182 
184 
81 
367 
108 108 108 
184 415 
14 125 136 184 236 

77 122 122 222 

143 
119 119 222 

387 
117 170 
491 491 
480 
89 448 
415 
389 

168 

380 380 

102 117 
41 41 
104 164 236 236 

101 320 378 378 
66 66 413 466 466 466 

121 217 
282 
339 339 

173 
191 304 
250 250 
248 306 
41 354 
292 292 364 364 384 384 384 
325 
374 374 
413 
41 450 
233 276 
194 408 408 
39 188 227 231 231 330 402 428 428 433 477 510 511 511 511 
41 85 312 498 
439 439 

39 
138 300 300 300 300 
317 317 
477 477 
220 220 
132 
233 296 
125 471 
23 97 290 290 
31 
147 344 
222 335 413 
407 413 
110 
300 
183 
287 287 287 287 
222 222 222 

92 92 111 111 220 340 340 363 404 404 413 499 
178 
5 12 16 31 41 52 70 81 112 116 117 199 213 213 221 236 246 246 258 289 289 291 291 292 307 315 354 366 396 396 409 409 415 415 415 426 451 456 484 484 

245 
413 
159 
28 
105 105 106 106 
56 148 236 236 285 285 446 
33 40 40 67 236 281 
43 65 286 358 358 362 362 479 479 500 500 
158 
236 
76 77 77 200 200 290 290 350 350 350 373 373 422 
100 496 
86 386 386 
76 109 109 184 207 
196 196 
415 
12 355 
271 271 
267 

405 
76 109 199 
76 

35 
460 
233 
184 184 
215 314 314 
214 314 314 467 467 
102 
143 
271 271 
39 232 274 274 402 454 
167 167 182 413 
184 
30 35 35 119 122 174 180 180 180 268 314 314 314 376 376 413 
329 
8 8 350 
1 1 5 53 259 377 419 441 458 
292 292 
159 305 343 343 343 
76 245 245 
76 76 
236 236 275 275 303 
159 159 
219 
7 157 169 212 296 310 374 375 505 505 505 
503 503 
487 
40 49 55 56 60 60 69 79 83 83 93 104 117 138 138 184 191 191 192 195 230 230 237 237 267 275 275 278 283 344 344 356 356 415 487 
83 83 104 104 104 236 236 
505 505 

476 496 
62 
76 
311 413 424 494 
358 
186 228 228 
184 184 
110 288 288 401 
150 
40 
149 149 374 374 417 417 417 442 
270 413 


283 
5 443 
273 
392 392 
184 
225 

81 81 329 
410 
315 315 315 
11 334 334 

271 
204 236 268 268 356 
222 267 267 
415 
251 286 286 
3 203 203 218 218 266 282 354 354 374 375 375 375 391 401 401 408 412 442 

5 256 354 475 
219 219 402 
230 230 236 236 
157 
18 
236 
5 5 
308 308 449 449 467 
192 298 421 421 
144 271 427 
236 254 303 344 415 415 

191 191 
193 270 270 413 
68 68 179 179 179 179 
247 247 
184 184 
23 171 171 196 196 480 480 
184 184 
152 152 184 226 226 364 410 

58 58 58 397 408 408 408 

68 169 233 425 425 

281 347 

164 164 164 164 177 
46 
39 39 
230 283 415 
56 148 
227 392 482 
87 150 370 370 370 408 408 408 
184 396 462 465 
280 280 467 467 
35 
233 
243 
85 85 160 348 348 
8 
76 80 214 214 215 215 222 222 222 317 319 349 354 413 418 434 449 
73 94 184 263 263 263 336 486 

96 165 165 314 413 

314 354 354 
140 
42 323 323 
76 76 
42 321 321 
37 
153 503 503 
358 358 358 


81 82 223 261 
39 62 71 71 159 369 369 428 428 
22 22 


264 264 385 413 
174 413 
315 486 

415 
145 145 408 408 464 464 464 
182 182 


227 227 227 
69 173 236 236 283 447 

27 47 47 76 459 
67 298 421 506 
84 312 312 
314 481 
196 196 196 224 
432 


5 5 31 31 41 151 184 271 271 273 314 319 319 450 462 508 
12 12 202 
236 236 267 
431 496 
38 72 90 193 193 244 326 326 326 466 466 503 503 503 
61 61 61 81 
76 76 
76 
193 193 
182 499 499 
152 152 292 
415 415 
184 
114 496 
401 
62 62 330 330 
306 306 306 

106 
196 196 
154 154 233 250 250 271 408 408 417 417 442 
233 271 271 271 
222 222 
225 
140 140 
103 103 103 
134 134 
46 46 395 395 

63 463 
152 152 152 
334 413 
198 198 
124 
487 
81 130 497 
17 
271 
257 257 305 
53 
495 
381 381 
184 184 307 
294 

41 492 
50 50 
110 247 271 271 368 
159 219 274 405 405 

6 92 92 182 182 
39 206 402 402 
37 37 
175 
158 158 271 294 294 294 306 306 306 339 339 374 374 412 437 470 
184 184 
262 292 

271 408 
45 45 76 92 141 155 174 175 182 187 220 222 243 251 286 314 317 334 335 385 455 494 494 500 

37 57 57 116 129 184 184 184 201 236 269 283 283 303 338 365 365 432 463 
65 
250 250 250 374 374 
80 80 95 314 
225 
98 441 
281 281 347 
196 
76 76 
243 
296 296 
184 
282 
20 159 159 330 330 

62 
357 
351 415 460 460 
159 
314 
449 

408 

45 45 161 161 

98 225 420 
250 271 374 468 
255 
15 15 59 
41 
56 191 
344 
128 
280 280 314 435 
99 156 354 462 
184 
464 464 

4 4 219 
17 17 413 
76 184 
41 41 
225 
346 
211 432 432 
22 
307 354 450 
63 75 383 415 
339 339 339 452 452 
307 
89 141 141 141 358 358 
215 215 280 308 308 
442 

408 
101 101 101 170 
475 475 

56 487 
5 5 273 472 472 
10 100 100 240 
159 166 166 

193 193 
127 290 290 
349 
305 
30 
184 184 
39 39 
315 336 489 
235 236 388 474 

486 
51 
126 126 
399 
3 102 
243 413 413 
81 394 
100 100 197 240 357 367 
22 389 
160 
182 363 363 
193 193 413 
54 76 

234 234 325 325 358 358 358 
88 88 
233 233 233 238 238 
347 
104 104 
86 86 354 
76 76 
159 
159 159 159 
