Nodes: 512, Edges: 720
46 46 46 395 395 

91 183 189 
271 

18 50 198 198 225 255 255 255 273 273 279 400 441 504 504 508 508 
404 
271 
196 224 224 
271 271 
476 476 
264 
184 202 355 
76 
117 117 
444 444 444 
184 
390 455 
5 277 
104 104 
428 428 
31 
115 115 331 414 461 
290 290 

452 452 
158 
346 
63 189 
474 
180 222 483 
21 172 172 184 
184 
67 67 192 

222 309 
106 106 
324 406 415 415 
89 
62 159 231 302 405 485 485 
192 249 249 249 
137 137 184 324 354 354 399 457 
323 323 
193 193 

76 413 413 413 
0 0 0 301 301 301 339 395 
346 346 346 

236 
5 
490 

225 225 
76 76 
195 
191 191 236 304 446 446 487 
415 
294 294 

104 104 
359 
39 241 241 330 369 430 
28 383 
381 381 
193 416 416 

33 33 192 192 281 281 347 347 
169 287 371 
236 236 344 
184 246 

466 
315 315 

383 435 463 463 
13 45 54 54 107 107 184 186 207 208 208 228 229 242 245 292 292 299 299 314 322 322 322 328 328 360 413 413 423 501 509 
119 119 119 196 196 


314 
82 261 329 329 359 359 389 394 495 
81 142 142 329 389 389 
237 
312 348 
160 
198 198 386 
306 
504 
38 128 128 358 466 466 
358 
2 
182 404 

315 


171 290 
441 
450 
197 197 197 496 
140 140 
117 216 
146 379 425 425 
19 19 60 60 138 507 507 507 
106 184 184 190 190 
36 36 105 190 372 372 
76 76 
115 115 414 
199 
176 401 401 

184 

360 367 
22 22 108 108 
184 415 484 
14 14 102 125 135 136 136 
364 364 364 
77 77 77 413 
486 
143 
222 
468 468 
454 
117 136 136 136 
491 
480 
89 89 
236 415 
389 
454 454 
168 
381 
502 
117 
117 117 125 125 125 
41 41 184 
104 164 236 
381 381 381 
101 101 320 
358 413 466 
82 82 389 389 
121 217 
282 282 

103 

191 304 304 
250 250 
248 306 306 408 

292 292 384 
325 
374 374 
413 413 413 
450 
276 
26 194 
39 188 188 205 231 330 330 330 433 433 469 510 510 511 511 
85 272 272 312 498 498 
413 413 413 


138 
317 317 317 329 
477 477 477 
220 413 413 
132 413 
68 

97 290 
31 31 

222 335 413 
407 413 
110 
415 

287 287 
30 222 

92 220 340 363 404 444 
2 
12 16 31 32 41 70 76 105 105 112 116 137 213 221 221 246 279 289 292 307 324 324 338 345 345 355 366 396 396 396 409 409 426 465 465 484 488 490 
491 
76 245 245 440 
413 
159 159 477 477 
2 28 
105 105 106 372 372 372 
56 56 148 236 304 446 
33 40 67 67 236 281 281 281 
43 43 65 286 286 
158 
55 267 
8 77 77 200 290 350 373 373 413 422 
100 100 100 496 
5 5 86 86 
109 207 207 
196 
236 236 
12 355 
271 271 
268 
159 

76 199 199 337 337 478 
76 76 
328 


310 
184 
215 
214 314 467 467 
102 
143 
442 
232 232 274 402 
167 182 413 413 
184 184 
30 35 122 174 180 268 268 314 341 376 413 413 483 

8 8 313 313 
5 53 53 259 377 393 393 419 441 441 458 

305 305 343 343 343 392 477 
76 245 
76 295 295 509 
236 236 303 415 415 
39 159 
219 219 454 
238 271 296 310 310 310 
503 

49 56 69 69 129 138 191 192 201 201 230 230 267 267 275 278 283 283 344 344 351 351 356 415 415 432 438 460 
83 
233 505 505 

476 496 496 496 
62 62 
76 478 
311 311 424 494 494 
325 
76 186 186 228 
70 184 
288 401 
150 408 
40 40 40 
149 149 417 442 442 
413 413 

330 
277 277 283 415 
5 5 5 443 443 443 

392 392 392 
409 
225 
426 
81 329 329 
410 489 
315 315 
11 334 


195 236 236 356 356 
204 222 222 
415 

3 7 9 9 203 203 233 282 282 297 375 391 401 401 453 502 
160 160 
5 5 354 472 
219 
236 
157 
18 254 254 415 415 
236 
5 184 

67 67 192 192 192 347 347 
144 144 271 271 
236 236 254 303 303 303 344 344 415 415 


193 193 413 413 
68 179 179 
247 
184 
23 23 97 171 196 480 
426 
76 76 152 152 184 364 364 410 
408 
58 58 
229 229 
233 425 425 
271 
347 
76 76 

46 46 46 
39 485 
230 283 283 283 415 
56 148 148 191 
227 227 
87 150 150 370 370 408 
184 354 396 465 465 
467 467 
35 
212 233 233 233 
243 243 
84 160 348 348 
224 224 
76 80 215 222 317 349 354 398 398 418 429 429 455 467 481 
73 73 94 263 263 
444 
165 165 165 314 398 
413 413 

140 
323 323 323 
76 76 76 
42 42 321 321 321 
37 41 184 184 
153 244 358 503 503 503 
358 

76 76 209 
81 81 82 165 261 261 
62 159 159 159 253 369 369 369 428 
22 
407 407 413 413 413 

264 385 385 413 413 413 
174 
486 
207 207 
184 415 
46 381 381 408 452 470 
182 
222 

227 227 227 
69 236 236 283 283 
184 184 
27 47 47 47 459 
67 67 281 281 298 506 
84 312 312 
314 
196 
236 236 

456 
41 41 273 307 314 411 411 462 462 490 
12 184 202 
236 267 267 
431 431 
89 90 141 325 326 413 466 503 
61 81 81 
76 114 

413 
182 499 
118 118 118 292 292 410 
415 
184 
114 496 
401 
62 330 330 330 
306 306 
68 
106 106 190 190 190 
196 196 
154 154 408 417 442 
271 
222 
225 458 

103 

64 64 133 139 139 139 339 339 395 395 408 
413 
63 75 463 463 
152 
334 334 413 
86 

487 
81 82 82 130 142 142 
17 
271 
227 257 257 257 
225 225 
81 495 
0 0 46 381 381 
184 184 184 307 

314 314 317 
41 492 
5 
110 110 247 271 271 368 
219 405 
427 427 
6 92 182 
39 402 
37 
175 332 332 
150 248 293 306 339 374 381 437 437 
184 184 258 
262 292 364 
354 354 

45 45 45 76 76 119 141 155 155 155 161 161 161 167 167 168 174 175 187 196 220 220 222 222 251 251 286 286 318 318 332 332 332 334 334 334 358 362 382 385 448 494 500 500 500 
22 108 
37 37 57 116 129 177 230 230 236 236 254 269 277 277 283 283 303 338 365 432 
65 65 
250 374 
314 
225 
441 441 

196 
76 
243 
103 103 296 296 
184 260 291 
403 403 
20 20 330 
314 314 
62 
357 357 496 496 
236 415 
159 159 

75 449 
497 
408 408 
236 

186 
5 98 225 225 420 420 
218 250 250 374 
255 255 255 
15 15 15 182 316 

56 56 191 

413 
435 467 467 
99 156 462 

25 25 339 464 
271 
124 131 131 232 
17 314 
353 
41 
225 377 
346 
236 
22 497 
354 354 450 
75 75 383 383 
452 
184 184 307 307 
72 89 89 141 358 
215 215 308 308 314 449 449 
123 123 
159 
339 

273 475 

29 487 
472 
10 10 240 496 
166 166 166 188 188 227 
207 242 

127 290 
314 

30 222 
116 184 
39 39 302 
120 336 489 
56 388 474 
184 
262 486 
51 184 354 
126 185 
399 

243 243 413 
81 394 
100 197 240 240 240 367 431 431 476 
436 461 
160 160 
363 
413 413 413 
76 
134 271 
234 325 325 325 358 
5 5 88 
238 238 
347 
104 104 104 
5 5 
76 229 
159 159 
159 159 
