Nodes: 512, Edges: 720
46 46 46 46 64 395 
225 225 441 
91 111 183 189 
271 271 493 493 
454 
18 88 198 273 400 475 475 504 

233 271 
196 224 224 313 313 350 350 

476 
264 
184 
76 76 
184 
182 327 
184 184 
390 390 390 
5 277 
104 
428 428 
31 31 
108 108 331 331 461 497 


452 452 
408 
76 
111 178 183 
474 
180 483 483 483 
21 21 315 354 489 
184 
192 

222 222 309 309 413 

406 415 

62 163 219 231 241 241 241 302 402 405 485 
192 192 192 236 236 249 249 
85 151 151 184 184 354 399 445 450 450 457 457 
323 323 


76 413 413 439 
0 0 0 0 64 339 381 381 395 
346 346 


400 
490 490 
184 

299 501 
195 195 
236 236 446 474 487 487 487 
415 415 415 
294 397 
444 444 
104 104 
359 
39 241 330 330 369 430 430 430 
383 463 
0 46 381 381 
193 416 
141 
192 192 281 347 
169 287 
344 
184 246 246 258 258 

325 358 



13 13 27 45 78 107 109 162 162 186 196 196 199 207 207 208 228 229 242 245 292 292 314 322 328 346 346 353 353 354 354 354 360 361 423 423 440 456 456 478 509 
119 119 196 196 413 
76 
107 236 

82 184 184 261 289 289 289 329 359 389 389 394 394 
81 142 143 329 389 
236 237 
312 312 348 
41 160 160 
198 198 198 

5 
128 128 128 358 466 466 466 
358 358 
2 
413 
236 236 236 
315 315 
418 
317 
171 290 
420 
256 
197 197 476 496 496 
140 195 
117 117 117 
425 
19 60 60 236 237 507 
184 190 
190 
76 79 
22 22 414 414 
76 207 
401 
2 28 
184 



415 
102 102 102 125 135 136 184 236 

77 77 122 413 
489 

119 
468 
387 454 
117 170 
185 185 185 491 491 

89 89 89 413 448 
236 236 
389 
240 454 
168 
381 381 
380 502 
117 
117 
184 
164 236 
381 
101 320 320 
66 358 466 
82 389 
82 217 
282 
339 

173 236 236 
191 191 
250 
408 
41 41 
364 
325 
374 374 374 


276 276 276 
194 
188 188 188 231 231 257 330 402 433 477 477 511 511 511 
85 85 312 498 
439 
76 76 322 322 
39 
138 



132 413 
68 233 296 
125 471 471 
97 290 290 290 

147 344 
222 335 413 
407 407 413 
247 
269 300 300 415 
28 

30 222 222 

15 220 340 340 363 413 444 444 499 
2 28 
12 14 16 16 32 41 41 52 70 81 81 105 112 117 137 213 221 221 258 267 267 279 284 289 291 315 315 338 345 355 366 366 396 409 415 451 451 484 484 484 490 
126 126 126 491 
76 245 440 

159 159 159 477 510 
2 
105 106 
148 148 267 268 285 304 446 446 
33 40 40 40 67 67 281 
65 358 362 413 479 479 479 500 
158 
55 55 101 236 267 471 
8 76 76 77 77 200 290 
100 100 
5 86 86 86 
76 
196 



267 268 268 

405 405 
76 76 109 478 
76 
328 

460 
233 233 
184 
314 


143 
442 
39 232 232 232 
182 413 
184 184 
35 35 174 180 180 341 376 376 413 483 
329 
8 8 313 350 
1 1 393 419 419 419 441 458 458 
292 
305 392 
76 245 
76 295 295 509 

39 159 159 
219 219 219 454 
7 169 212 212 238 271 296 296 310 374 375 505 505 
503 
487 487 487 
40 40 56 56 79 83 93 93 93 104 117 129 129 138 147 147 195 267 278 283 344 351 356 415 438 438 460 460 487 
83 104 
233 505 
342 342 
131 
39 39 39 62 
76 478 
311 311 311 494 494 
358 358 
76 186 228 
70 70 
176 288 288 401 401 401 

40 40 
149 374 417 417 
286 286 

330 
277 415 
443 
99 273 354 
159 392 
70 70 184 409 


81 
489 
315 
11 334 
496 

184 184 191 195 204 236 471 
191 204 204 
177 415 415 
286 
3 3 7 233 282 287 287 297 354 374 374 408 408 412 427 427 442 442 442 453 502 502 

5 256 354 475 475 
402 

157 157 157 
18 254 
236 
184 
308 308 449 
67 192 298 
144 271 
236 303 303 344 344 
184 
191 
251 251 270 413 
68 271 271 
247 247 
81 81 81 184 
97 171 171 171 196 
184 426 426 
76 76 226 364 

58 397 399 408 
229 229 
169 233 233 425 
271 408 408 
281 347 
54 413 
177 177 
464 
39 485 
283 283 415 415 
191 
227 392 
370 408 
396 465 465 465 
280 280 467 
35 35 
233 
243 243 243 
84 84 160 348 
8 8 224 
76 214 384 384 398 413 413 418 429 434 449 455 455 481 481 
31 94 94 184 184 263 

96 398 413 413 413 
413 413 

140 140 
323 
76 162 162 
42 42 321 359 

72 153 503 503 
358 
15 
76 209 
81 82 223 
62 62 159 253 369 369 428 428 
22 22 
407 407 
413 
264 385 
174 413 


184 
46 145 381 381 408 408 427 452 
182 182 
222 
239 239 

69 173 236 283 283 447 447 
184 
47 47 76 76 
67 298 421 506 506 
84 312 

8 8 224 
236 432 
402 
76 76 456 
31 41 76 76 76 256 271 273 411 411 450 462 462 462 490 502 508 
184 
236 
367 367 496 
72 89 90 90 141 193 244 244 326 413 503 503 
61 81 323 
76 
76 
193 413 413 
182 499 499 499 
152 292 

184 184 
357 357 
401 
62 330 330 
306 



154 154 154 233 250 271 271 408 442 
233 
222 222 
458 


134 
46 46 64 64 133 133 139 339 339 395 408 408 
413 
63 432 463 
314 314 449 
334 413 

124 
487 
81 81 82 130 142 497 
17 17 17 

227 257 305 
225 
81 81 495 495 
0 46 381 
184 307 
58 294 
314 317 
41 294 492 
5 50 
110 247 247 247 368 
39 159 274 352 405 405 
427 427 

39 206 206 402 402 
37 
175 175 332 332 413 413 
26 150 271 271 294 297 297 306 339 339 374 381 381 412 470 
184 258 

354 354 
271 408 
35 45 45 77 92 119 128 168 174 175 182 193 220 222 286 299 314 314 317 317 317 318 318 333 335 358 362 362 382 385 407 407 439 448 455 455 494 
108 108 
37 57 57 57 116 177 184 236 254 269 269 303 303 432 
65 
250 250 
95 314 
225 225 225 
98 441 441 
347 

76 76 

103 296 
291 291 
271 271 339 403 403 
20 20 330 330 
314 
62 62 62 
496 496 
351 383 415 
159 
314 



236 236 
45 161 413 
76 186 
1 225 420 420 
218 271 271 271 374 468 
255 
59 59 182 182 
41 
56 191 191 
344 344 
128 413 
280 314 384 467 
41 41 354 462 
184 184 
25 25 339 464 464 
271 
4 124 131 232 
314 314 413 413 
76 76 353 491 491 
41 41 
225 225 377 

211 236 236 
22 497 
354 354 354 450 
63 383 
301 452 452 
307 307 307 
89 89 89 141 
308 449 
123 442 

408 
170 170 195 267 


29 56 487 
5 5 273 273 
10 100 496 
159 159 188 
76 207 242 
193 193 193 

314 314 

30 30 30 222 
184 184 184 
39 302 
489 
56 56 56 235 235 235 236 388 474 

31 120 262 486 
51 51 184 354 
126 126 185 456 456 
399 
3 3 
243 243 413 
394 394 
100 100 265 357 431 431 476 
22 389 461 
160 
182 363 363 363 
193 
54 
134 271 271 354 
234 325 325 358 358 
5 
233 233 238 
347 347 
104 
354 
76 229 
188 
159 159 159 
