Nodes: 512, Edges: 720
46 46 395 
225 225 
111 183 183 189 
271 
454 
18 18 18 34 50 50 184 198 279 279 354 354 354 441 508 

233 271 
196 196 350 



184 355 355 
76 
117 117 
182 327 327 444 
184 
390 
5 5 5 277 



108 115 331 331 331 461 497 


452 
158 158 
76 
63 

180 222 222 483 483 
184 184 315 315 489 489 489 
184 
67 67 192 192 
5 
210 210 222 309 

324 324 406 415 415 
89 89 358 
62 62 159 159 163 163 166 231 330 330 402 405 485 
249 
85 137 151 156 160 324 354 399 399 445 450 450 457 457 457 
321 
193 

76 76 76 413 
0 0 301 339 339 339 381 395 


236 
5 5 
490 
184 
225 
76 76 
236 
191 236 304 446 474 

294 397 
444 

81 359 359 
39 39 241 330 369 430 
28 383 463 
381 
193 413 

33 33 192 281 347 
287 287 371 371 
252 
184 246 246 
330 
325 358 358 
315 315 315 
413 
435 
13 27 45 45 45 54 54 78 78 107 186 196 196 199 199 228 228 228 229 242 299 322 328 360 423 440 440 456 456 501 501 
196 
76 76 
236 236 
314 314 
61 82 82 261 329 359 389 394 394 495 495 
81 81 121 142 142 142 329 
236 
312 348 
41 
198 198 508 
408 
504 504 
38 38 466 466 


404 413 
236 236 236 
315 315 315 
418 
314 
171 290 
441 

197 476 496 496 
140 471 471 
117 117 136 216 216 493 
146 379 425 
138 138 236 507 
106 184 190 190 
105 372 372 
76 
22 115 336 414 
199 
176 247 401 401 401 
2 182 
184 

367 367 
22 108 
184 484 
14 14 102 102 184 
364 
122 222 
486 489 489 
82 143 
119 222 

387 387 454 454 
136 136 
185 

413 
236 236 

240 240 
168 
381 
380 380 502 

102 125 125 
41 
104 104 236 236 
381 381 
101 320 378 378 
466 
82 82 82 389 
121 217 
282 
339 
103 
173 236 236 

250 
248 306 306 408 
41 354 
292 364 364 
325 325 
374 374 374 

41 450 450 
233 233 276 
26 26 194 408 
39 39 205 227 227 231 231 231 305 305 330 330 428 469 477 477 477 510 510 510 511 
41 272 272 312 312 312 498 


39 39 
300 
317 329 
39 477 
220 413 
132 413 
233 233 233 
471 471 
97 

147 344 
335 376 
413 
110 
269 300 300 415 

287 
30 222 

15 111 413 432 444 
2 2 
5 12 16 31 31 32 52 70 105 112 116 117 221 236 246 284 284 289 291 292 292 292 307 315 315 324 338 338 345 354 366 426 451 451 451 456 456 465 490 
126 491 
76 440 
413 
477 
2 404 
105 105 
56 285 304 446 
33 33 67 236 281 281 
43 65 286 362 413 479 500 
158 
267 
8 8 76 76 77 200 350 350 350 373 413 413 422 
100 496 
5 86 86 386 386 
76 76 109 
196 
415 415 
355 
271 271 
268 
159 
405 
337 478 

328 
35 35 
460 
233 

215 215 215 314 
214 214 214 314 467 
102 102 
143 
271 442 
232 274 402 454 454 
167 413 
184 
30 30 35 119 122 180 268 314 341 413 483 483 
329 329 
313 313 350 
1 1 53 259 393 393 419 458 
292 292 
159 159 305 305 305 343 392 
76 76 76 245 
76 295 
275 303 303 415 415 415 
39 159 159 159 
219 454 454 
7 157 157 169 169 169 212 271 296 310 374 374 
503 
487 
49 55 56 79 79 83 93 93 93 104 129 129 138 138 147 147 184 192 237 237 275 278 344 344 415 432 438 438 460 460 
236 236 
505 505 505 
342 405 
131 131 476 
62 
76 478 
413 424 
325 
228 
70 70 184 
110 
150 293 
40 
149 374 417 
413 413 
69 

415 415 415 
443 443 
273 273 391 
392 392 392 
409 
225 

81 329 329 
364 364 410 
315 
334 334 
496 
271 271 
195 268 268 356 356 471 471 
204 222 267 267 
177 415 

3 7 203 203 218 233 266 266 282 354 354 375 375 401 401 408 427 453 502 502 
160 160 
256 256 354 472 472 475 
219 402 402 
230 236 
157 
18 415 
236 
5 5 431 431 431 431 
308 
67 192 192 298 347 421 421 
144 271 427 
303 415 415 
184 184 
191 
193 
68 68 179 

184 
97 
184 426 
152 184 184 184 226 226 364 410 410 
248 
58 397 397 397 408 
229 
233 425 
408 408 
281 347 347 
76 413 
164 177 177 
46 464 
485 485 485 
230 230 283 
56 191 
159 159 227 227 227 482 
150 150 370 
184 354 
280 467 
35 
233 

84 160 160 160 
224 224 
80 80 96 214 215 222 317 317 319 349 349 354 384 413 418 418 434 467 481 
31 31 73 73 73 94 94 94 184 184 263 486 
444 
165 314 314 398 413 
413 413 
314 
140 
42 
76 
359 359 359 
37 37 41 184 
72 153 153 244 358 503 503 
358 358 
15 15 
76 209 
81 82 165 223 223 261 261 
39 39 62 71 159 159 369 369 369 428 428 
22 22 22 
407 413 413 
413 
264 264 413 
174 
108 
207 
184 184 
46 46 46 145 381 381 452 470 470 

222 
239 
227 
173 236 236 447 
184 

67 281 298 298 
84 
314 314 481 
8 196 196 196 224 
432 
402 402 
456 
5 5 5 41 151 184 271 271 273 307 314 411 411 450 502 508 
12 12 202 
267 267 
367 367 431 496 
38 72 72 325 326 326 413 503 
61 61 81 323 323 323 
76 

193 413 

118 152 152 262 262 292 410 410 
415 
184 
114 114 357 357 

62 330 330 330 
306 
68 68 
106 106 
196 
154 154 154 233 233 250 417 
271 271 
174 
458 458 
140 140 
103 
134 134 
46 64 133 139 139 339 339 395 

63 415 415 432 463 
314 

198 198 
124 124 
487 487 
81 142 
17 
256 
227 257 257 257 
225 225 
81 81 495 
0 46 381 

58 294 294 294 
317 
41 41 492 

110 110 110 271 271 
39 219 274 274 352 352 405 
427 427 
92 189 
39 206 239 402 
37 
332 
87 150 158 271 294 297 297 412 437 437 437 
258 
262 292 292 364 364 
354 354 
408 
45 65 74 92 128 167 168 175 182 187 193 196 196 220 222 243 251 251 299 314 317 318 318 332 332 333 334 358 362 448 455 
108 
37 37 177 201 201 230 230 230 236 254 254 254 269 277 283 283 365 383 383 432 463 

250 374 
95 314 314 
225 
441 
281 281 
196 
76 
243 
103 296 
184 291 
271 282 403 403 
159 330 330 

62 
279 279 279 279 357 
182 236 351 383 415 

314 
75 

408 408 408 
236 236 

76 76 186 
5 98 420 
218 468 
255 255 
15 59 182 316 
41 
56 191 
344 
413 

41 41 156 156 354 462 
184 184 184 
25 339 464 
271 
4 124 124 219 219 232 232 
413 
76 76 184 184 353 491 491 
41 41 41 
225 377 377 

211 236 236 
22 497 
450 
63 383 415 
301 452 
184 
89 89 141 
215 308 314 
442 
159 
339 339 
101 101 170 170 267 267 
273 273 475 

56 
273 472 
100 240 
159 159 159 166 188 
207 242 
193 

314 349 
305 
30 30 222 222 
116 
39 302 302 302 
120 315 
235 388 388 

31 31 31 120 120 
51 184 
185 456 456 
399 
102 

81 81 394 
100 100 197 265 357 
22 461 
160 

193 
76 76 
134 271 271 354 
234 325 325 358 
88 88 
238 238 238 

104 
5 86 354 

159 159 159 
159 
