Nodes: 512, Edges: 720
46 395 395 395 
225 441 
189 189 
271 

34 34 48 48 184 225 225 255 273 279 354 354 354 441 475 475 475 504 508 
404 
233 233 271 
196 224 313 350 
271 
476 476 

184 184 202 202 

117 117 135 
182 327 327 444 

390 455 455 
277 277 
104 
428 
31 
108 108 115 115 461 497 497 
171 171 290 

452 
158 408 
76 76 346 
63 178 178 183 

180 483 
21 172 315 354 354 489 

67 192 
5 5 
210 222 413 
106 
324 415 
89 89 89 358 358 
62 159 163 163 166 219 231 231 302 302 302 330 405 477 477 485 
192 236 236 236 249 
85 99 137 151 324 354 354 399 445 450 457 
321 321 321 
193 193 

76 413 413 439 
0 301 381 
346 
5 5 
236 236 
400 
490 
345 345 345 
393 
76 76 299 
195 195 
474 
415 
294 
444 444 
104 104 
81 81 359 
39 241 
28 
381 
193 
141 
33 281 
287 287 287 287 296 296 

246 246 258 
330 330 
358 466 
94 94 315 

383 
27 27 45 54 54 107 109 162 186 186 196 196 207 207 208 292 292 299 314 322 328 328 346 346 353 354 360 361 361 423 440 456 501 501 509 
119 119 

236 
418 
61 61 113 113 184 184 289 359 359 394 
121 121 143 389 389 

85 
41 84 160 160 
508 508 
408 
504 504 
38 38 38 128 358 358 466 466 
358 358 

182 182 182 404 404 413 413 

73 73 315 315 315 

314 317 
171 290 290 
420 441 441 441 
41 256 
197 476 476 496 
140 
117 117 136 216 
425 
19 60 60 236 236 507 507 
184 
36 372 372 
76 
22 22 115 115 414 
76 
247 401 401 
182 
184 
81 81 
181 
22 22 108 108 389 
184 
14 14 102 102 125 136 136 184 

77 77 122 413 
486 
82 82 143 143 
119 
468 
387 454 
117 136 136 
491 
480 480 
89 448 
415 

240 454 
168 
381 
380 502 502 502 
14 
102 117 117 125 125 
41 184 184 
164 236 
381 
101 320 320 378 378 378 
66 466 
389 389 
82 121 121 217 217 
282 

379 

191 191 191 
250 
248 248 248 408 408 
41 354 354 
292 
325 325 
374 374 


233 276 
26 194 271 408 408 408 
39 188 188 188 305 330 330 402 433 469 
85 85 272 312 
413 439 439 
76 322 
39 39 
138 300 
317 329 
39 477 477 477 
220 
132 
296 
471 
23 23 97 
31 
344 
335 335 376 376 376 413 
407 
247 
269 415 415 
28 28 
287 287 
30 222 
114 
15 92 92 92 111 340 363 404 413 444 
28 
5 12 12 81 81 105 112 116 117 137 137 213 213 221 236 267 267 279 289 289 291 307 315 315 324 338 338 345 345 354 355 366 396 409 409 409 415 426 451 451 456 484 488 
491 491 
76 76 440 

159 159 159 477 
2 2 404 

148 148 148 268 285 304 
33 40 236 
43 43 65 358 413 500 500 
158 
55 55 267 267 471 471 
8 76 76 290 373 373 422 
100 496 

207 

415 
12 12 
271 
268 


76 76 199 337 478 
76 
328 
35 
460 460 
310 310 
184 184 
215 314 
214 314 
102 
143 143 
442 442 
39 232 
167 413 413 
184 
35 180 268 314 314 341 376 413 413 483 483 

8 313 
1 5 5 377 441 458 458 
292 
305 343 
245 245 
295 295 295 
275 303 303 
39 39 
219 454 454 
7 7 157 238 271 271 310 374 375 505 
503 503 
487 487 
40 40 40 49 49 79 104 104 138 184 192 237 267 278 283 351 351 356 356 356 432 438 487 487 
236 
233 505 505 
342 
131 476 496 
62 
478 
311 424 

228 228 
70 70 
110 176 288 288 401 
150 150 150 408 
40 
149 374 417 442 
270 286 413 


277 277 415 415 
5 443 443 
99 273 273 354 354 354 

70 409 


329 
364 410 
315 315 
334 334 

271 
184 184 195 195 236 
191 204 222 
177 
251 286 
3 7 9 158 203 233 233 266 339 374 374 375 408 412 442 453 
160 
5 256 256 354 472 475 475 

230 
157 
18 18 254 254 
236 
5 184 
308 308 467 
67 298 347 347 
144 427 
236 344 

191 
251 270 413 
68 68 68 68 179 179 
247 247 
81 184 184 
23 97 97 196 480 480 
184 426 426 
76 76 152 226 364 
408 
58 397 397 399 
229 229 229 
68 68 169 
408 
281 347 
54 76 413 
164 
46 464 
39 39 39 485 
230 230 415 415 
191 
159 227 392 
370 408 408 408 
184 354 396 396 
280 280 467 

212 212 233 
243 
160 348 
8 224 
76 96 214 215 222 222 317 317 319 319 349 398 398 413 418 455 467 467 481 
31 73 94 94 94 184 184 263 263 486 
444 
96 165 314 314 398 413 
413 413 
314 314 
140 140 
42 42 42 
76 162 

37 41 184 
153 153 503 

15 15 
76 76 209 
165 261 
39 71 71 159 159 369 428 

407 407 
413 413 413 
264 264 385 385 413 
174 174 413 
486 
207 
184 184 
271 381 408 408 408 470 470 
182 
222 
239 
227 
173 283 
52 52 52 184 184 
27 47 76 76 459 459 
281 281 298 506 
312 
314 
8 
236 236 
402 
76 
5 5 5 31 31 41 41 76 151 151 184 256 256 256 273 307 411 411 450 462 490 502 502 
184 
236 236 236 

38 38 72 89 89 90 90 193 466 466 503 
61 81 81 
76 
76 76 

182 499 
262 292 410 

184 
496 496 
401 401 
330 
306 

106 106 
196 196 
154 154 233 250 271 271 408 442 
233 271 
174 174 174 222 
225 458 
140 140 140 
146 
134 
46 64 133 139 339 395 408 
413 
75 415 463 
449 
334 334 

124 
487 487 
82 82 115 142 142 497 497 
17 

305 
53 
81 
0 0 0 381 
184 307 307 
294 294 
314 314 317 
41 294 492 492 
50 
110 110 247 368 368 
159 352 405 

6 92 92 182 189 
39 402 

175 332 332 
26 87 150 150 158 158 158 248 271 293 297 306 306 306 339 339 339 374 381 412 412 470 
184 184 184 258 
262 364 
354 354 
271 408 408 
35 45 45 92 92 119 161 174 182 193 220 220 222 222 251 286 299 314 317 318 318 333 333 333 334 335 382 448 448 455 455 494 
108 
37 57 129 177 177 184 201 254 254 303 303 383 432 463 

250 
80 314 

98 441 441 441 441 

196 
76 
243 
103 
184 291 291 
282 
20 330 


496 496 
236 415 460 460 
159 




236 
45 161 161 
76 186 
1 5 98 98 98 225 420 420 420 420 
218 218 250 271 374 468 
255 255 
15 59 59 182 316 
41 


128 413 413 
384 467 
41 354 462 
184 184 
25 464 464 
271 
124 131 232 232 
17 17 314 413 413 
76 184 491 
41 
225 225 377 
346 346 
211 211 432 432 
22 497 
354 450 
383 415 
301 452 452 

72 89 89 141 358 358 
280 308 314 314 449 
123 442 
159 
339 339 408 
170 195 195 
273 

56 487 
5 5 5 273 273 
10 10 100 100 240 496 
39 39 166 166 166 188 
207 242 

127 127 290 290 
314 

30 222 222 
184 
39 302 
120 315 336 489 
235 235 236 236 388 388 474 
184 
31 486 
51 354 
126 185 185 456 
399 399 

413 

100 197 240 367 367 431 431 476 
22 22 389 389 461 

363 
193 193 
76 76 
134 134 134 354 354 
234 234 325 358 
5 88 88 
233 238 238 
347 
104 104 
5 86 86 
76 


