Nodes: 512, Edges: 720
395 395 
225 225 441 
111 111 189 
271 271 

18 18 34 34 48 184 184 198 225 255 255 273 279 279 354 354 400 400 508 508 
404 404 
271 271 

271 271 
476 

184 202 202 202 355 355 
76 76 
117 
182 182 327 327 444 444 
184 

5 5 
104 

31 31 
108 331 331 414 414 461 461 497 
171 

452 
408 
346 346 
63 

180 180 222 483 
21 21 172 184 184 315 354 354 486 489 489 
184 
67 192 
5 5 
222 222 
106 
324 415 
89 89 358 
62 159 159 166 166 241 330 402 402 405 
192 236 249 249 
85 137 160 184 324 324 354 354 399 445 445 445 450 457 457 
321 323 
193 

76 413 413 439 
301 381 395 395 
346 346 
5 
236 236 
400 400 
490 
184 345 345 

76 299 501 
195 236 
191 304 474 474 487 487 
415 


104 104 104 
81 81 
39 241 369 369 369 
28 383 463 

193 416 
141 141 
33 192 347 
169 296 296 371 371 371 
236 252 
184 246 258 
330 330 
466 
94 315 

463 
13 13 45 54 78 78 107 109 162 162 186 196 199 199 207 208 245 299 322 322 322 423 440 440 456 501 501 
119 119 413 
76 76 

418 
61 61 82 82 113 289 289 329 329 394 495 
81 81 121 121 142 143 
236 236 
312 
41 160 
198 198 198 386 386 508 
306 306 408 408 
504 504 
38 38 128 466 


182 
236 
73 315 
418 418 
314 317 
171 
420 441 
256 

195 195 471 471 
117 117 136 216 
146 425 425 
19 60 60 60 236 237 507 
190 190 
36 190 
76 
22 115 115 
76 207 
401 401 
2 2 182 

81 
360 
108 108 
184 415 
14 102 102 125 136 184 
364 364 364 
77 77 122 222 
486 489 489 
82 82 
119 222 
468 
387 387 454 454 454 
117 136 136 
473 491 491 
480 
89 448 
236 415 
389 389 
454 

381 
380 502 502 

102 117 125 125 
41 
236 
381 
320 320 378 378 
66 66 413 413 466 466 
82 
82 217 
282 
339 
103 379 
236 


248 248 306 
354 354 

325 
374 
413 
450 450 
276 276 
271 408 408 
39 39 188 205 227 227 231 231 305 305 402 402 402 433 469 477 477 510 510 511 511 
41 85 272 312 312 498 498 
413 413 
76 76 322 


317 
39 39 
413 

68 

23 97 290 
31 
344 344 
335 413 
413 413 

300 300 

287 
30 30 222 

15 15 92 111 340 340 363 404 413 

5 5 12 16 31 31 32 41 52 70 116 117 213 213 221 236 279 284 289 289 291 292 315 315 324 338 345 345 354 355 366 396 409 426 451 451 456 465 488 488 490 
491 
76 245 440 
413 413 
159 
2 404 
105 105 106 372 
56 236 236 267 285 304 304 304 446 
33 40 67 236 281 
43 65 286 286 413 479 

55 101 101 236 471 471 
76 200 350 373 422 

5 86 86 86 386 
76 76 
196 
236 415 
12 12 12 355 
271 
267 267 
159 
405 
76 109 337 478 
76 
328 328 

460 
233 233 310 310 
184 184 

314 467 
102 
143 
442 442 442 
274 402 402 
413 
184 
30 35 35 119 122 180 314 341 341 483 
329 
313 313 350 
1 1 5 259 377 393 393 419 419 441 458 
292 292 
159 159 305 343 343 477 
361 
509 
303 
159 159 

212 212 238 238 271 296 310 310 505 
503 503 503 
487 487 
40 49 49 55 69 83 83 93 104 129 138 147 184 191 191 192 195 201 237 267 275 275 278 278 415 432 438 438 438 460 460 460 487 
104 236 
233 233 505 
342 405 405 
476 476 496 496 
39 62 

311 413 494 
325 325 358 
76 186 
70 
288 401 
150 150 408 
40 40 
374 417 417 442 442 
270 286 413 413 
69 
330 
277 277 283 415 415 
5 5 443 
99 273 273 
392 
70 
225 

329 
410 
315 315 

496 
271 
191 204 204 236 471 


251 
3 3 7 7 9 9 158 203 233 266 282 287 297 374 374 374 401 401 408 408 412 427 442 453 453 502 502 
160 
5 256 256 354 
219 352 402 
236 236 
157 157 
254 254 
236 236 
5 5 184 431 431 
467 467 
192 421 421 
144 271 427 
254 303 303 344 
184 
191 
193 193 251 413 
179 271 
247 
81 81 184 184 
171 480 
184 426 
184 226 226 364 364 
408 
408 

68 68 233 
271 
347 
54 76 413 
177 177 
46 
485 
230 283 283 
56 191 191 191 
159 159 227 392 392 482 482 
87 87 150 370 370 408 408 
354 396 462 465 465 
467 

212 212 233 233 
243 
84 160 160 348 348 
224 224 
96 215 222 319 349 384 398 413 418 429 429 434 449 
31 73 94 184 184 263 263 
444 444 
96 165 398 398 
413 
314 354 354 354 
140 140 
42 323 
76 76 76 162 
42 321 
37 41 41 184 
153 244 244 358 503 503 
358 
15 15 
209 209 
81 81 223 261 
39 71 71 253 369 369 428 428 
22 22 
407 413 


174 413 413 
486 486 
207 
184 415 
145 381 381 408 452 452 452 470 
182 182 
222 222 
239 
227 227 
173 173 283 447 447 
52 52 184 184 
27 27 47 47 
67 298 
312 312 
314 
196 224 

274 402 
456 
5 5 31 31 41 41 151 151 184 273 307 319 319 319 
12 12 184 202 

367 367 496 
38 244 325 326 413 413 466 

114 
228 

182 499 
118 118 118 292 292 
415 
184 
357 357 496 
401 
62 62 62 330 330 
306 306 
68 68 68 
190 
196 
154 250 271 271 271 417 442 


225 458 
140 140 
146 
134 
46 133 139 339 339 395 395 408 
413 413 
63 463 
314 449 
413 
86 86 198 
124 124 

130 130 497 


257 305 305 
225 225 
81 
0 0 46 46 381 381 
184 307 

314 317 317 
41 492 492 492 
5 5 50 50 
110 110 247 271 271 368 
39 39 159 159 159 219 219 274 352 405 405 

6 6 182 189 
39 206 239 239 402 402 

332 413 
26 87 87 158 158 248 271 271 293 294 306 306 339 381 437 470 
184 
262 

271 
45 45 77 141 141 155 161 161 167 174 175 175 182 187 187 193 220 243 251 251 286 299 314 318 332 335 335 358 358 382 382 385 407 439 448 494 
22 22 
37 57 116 129 201 236 254 254 338 365 432 432 
65 
250 250 374 
80 95 95 314 
225 225 
98 441 441 
281 281 
196 
76 

103 103 
184 291 
271 282 
330 330 
314 314 

279 279 
236 415 415 460 460 
159 
314 
449 449 

408 
236 236 236 
45 413 
76 76 186 
1 98 225 420 420 
218 218 218 250 250 271 374 468 
255 
15 15 316 316 
41 41 41 
191 
344 344 
128 413 
314 384 435 435 467 
41 156 156 462 
184 184 
25 339 339 339 
271 271 
124 124 124 131 

76 184 353 491 
41 41 
225 377 

211 236 236 236 432 432 
22 22 497 
307 450 
63 75 383 

184 307 307 
72 89 141 141 358 
215 280 280 308 449 
123 442 
159 
339 408 
101 101 195 195 267 

126 
56 56 

10 240 240 496 
159 159 227 
207 
193 
127 290 

305 305 
30 222 

302 
31 120 336 336 
56 56 235 235 236 
184 184 
31 31 120 120 
51 184 
126 126 185 456 
399 399 399 

243 413 
81 
240 240 265 357 367 476 
22 389 461 
160 160 
363 

54 76 76 
134 134 271 271 
234 234 234 325 325 
88 88 
233 238 

104 
5 5 86 
229 
159 159 
159 159 
