Nodes: 512, Edges: 720
46 395 395 
225 225 441 
91 91 183 
271 271 493 

18 18 18 34 48 88 184 184 198 198 225 255 273 273 354 400 441 441 504 508 508 508 
404 
233 271 
196 313 350 350 350 
271 
476 
264 264 
184 

117 117 135 184 
182 327 327 444 444 

390 455 
5 5 5 277 


31 
108 115 115 331 414 497 
171 171 290 

452 
408 
76 346 
63 183 189 

180 180 483 483 
21 172 184 184 315 354 
184 
67 67 
5 
210 309 309 413 
106 106 106 
324 406 
89 358 
159 166 219 219 231 241 241 402 402 477 485 
192 192 249 
85 85 151 151 184 184 354 445 450 
321 323 
193 193 

413 439 
0 64 301 301 301 339 339 339 381 381 
346 346 346 
5 
236 236 236 
400 
490 
184 
393 
76 299 501 
195 236 
236 304 304 474 474 487 487 
415 
294 294 397 
444 444 
104 236 

330 369 
28 463 
46 381 381 
416 416 

33 33 347 
169 371 371 
236 252 344 
246 246 
330 

315 315 
413 
383 383 463 463 
27 54 107 109 109 162 184 199 199 207 208 228 229 229 245 245 292 314 322 328 346 354 361 361 413 440 456 478 501 
119 196 196 413 

107 
314 418 
82 113 184 289 289 329 359 359 389 394 394 495 
81 121 142 142 143 329 329 389 

85 348 
41 41 84 
198 386 386 
408 
5 504 
38 128 358 
358 358 
2 2 
182 
236 

418 
314 317 
171 
420 441 441 
450 
197 496 
140 
117 117 
146 
60 237 
106 184 190 
36 36 36 105 190 190 
76 79 
22 414 
76 76 199 199 
176 247 401 
182 

81 
181 181 181 181 367 367 
22 22 
415 
14 14 102 102 135 
364 
77 222 413 
489 
82 143 143 

468 468 
454 
136 
185 473 491 
480 
89 413 
236 236 415 415 
389 
454 454 
168 
381 
502 
14 117 
125 
184 
164 236 

101 320 378 378 
413 
82 82 389 
82 121 121 
282 282 
339 
103 

304 304 
250 
306 306 408 
41 41 354 354 
292 364 
325 
374 
413 
450 450 
233 276 276 
194 271 
39 188 188 205 205 227 231 257 305 305 330 428 428 433 469 477 510 511 511 
272 272 312 498 498 
413 
76 322 322 

138 300 
317 
39 
220 
132 
68 233 296 296 
471 
23 23 97 290 
31 

222 376 376 413 
407 
110 247 
269 283 300 415 415 
183 
287 287 287 
30 30 222 
114 114 114 114 
15 92 111 220 
2 28 178 
5 5 12 14 31 31 32 41 41 52 76 81 105 137 213 221 236 236 246 258 267 284 289 292 307 307 307 315 315 324 338 345 354 366 396 396 409 415 426 465 488 490 490 
126 491 491 
245 245 440 440 
413 
159 159 477 
28 
105 106 106 
236 236 236 267 285 285 304 
40 40 236 
43 43 286 286 358 358 413 500 500 
158 
55 236 267 471 
8 77 77 350 350 373 413 413 422 422 
100 496 
5 5 86 386 
76 76 109 109 207 

236 415 
355 
271 
268 
159 159 
405 
76 199 337 
76 

35 
460 460 
233 310 
184 
314 



271 442 
39 39 232 232 454 
167 182 413 
184 
119 174 180 268 268 376 413 483 483 

313 350 
1 1 5 259 377 419 419 441 441 458 458 

159 305 477 
76 245 
76 76 509 509 
236 236 275 275 415 
39 159 
219 219 454 454 
7 157 169 212 238 271 310 505 505 

487 
49 49 49 55 56 60 69 93 129 129 138 184 184 191 191 191 192 195 201 230 230 237 237 267 278 283 283 344 344 351 415 415 432 438 487 487 
104 236 236 
233 505 505 
405 405 
496 496 
39 39 

311 413 424 424 494 
325 325 325 358 
76 76 186 186 228 
70 70 184 
110 176 
293 408 408 
40 
149 417 442 
286 286 413 413 
69 
330 
277 277 277 415 415 
5 443 
354 391 
159 392 
184 409 
225 
426 
329 329 
364 
315 
11 11 
496 
271 
184 191 195 236 268 268 471 471 
204 222 222 267 267 
177 
286 
3 3 7 9 158 203 218 233 266 282 282 287 287 327 374 401 408 408 412 412 427 502 
160 160 
5 5 472 
352 
230 230 
157 157 
18 254 254 254 
236 
431 431 431 431 
467 467 
347 421 
144 144 271 271 427 
177 236 236 344 415 
184 
191 191 
193 193 251 251 270 413 
179 179 179 271 271 

81 81 184 
23 171 480 
426 
76 152 184 410 
248 
58 58 397 399 408 

169 169 
408 408 

54 413 
164 177 
46 46 46 

415 415 
56 56 148 148 191 
159 159 227 
150 150 370 370 
184 184 184 462 465 465 
467 
35 35 
212 233 
243 
160 348 
8 224 
76 80 96 214 317 349 354 354 354 398 413 429 434 449 455 467 
31 73 73 184 184 263 336 
444 444 444 
96 165 314 398 413 

354 
140 
42 323 
76 162 162 
42 321 
37 184 
153 244 244 244 

15 15 271 
76 
81 82 82 261 261 
62 71 159 253 369 369 369 369 428 
22 
407 

385 413 
413 
315 486 
207 
184 415 415 
46 46 46 145 381 427 427 464 470 470 




69 236 236 283 447 
184 
27 47 47 47 76 459 
67 281 506 506 
84 312 
314 481 
8 8 8 196 196 224 
236 432 
274 402 
456 456 
5 31 41 76 151 151 184 256 314 314 314 319 411 411 462 490 508 
202 

496 496 
38 89 90 90 193 193 244 413 413 503 503 
81 81 

76 76 
413 
499 
118 152 262 410 

184 
114 114 
401 401 
62 330 330 330 330 
306 306 
68 68 

196 
154 271 442 442 

174 174 222 
225 458 
140 140 


46 46 64 64 133 339 395 408 
413 
75 75 415 432 
449 
334 
86 86 198 


81 82 130 142 497 
17 
256 
257 
53 
81 81 495 
0 0 381 
184 184 
58 294 
314 317 
294 492 
5 50 
110 271 368 368 
39 39 352 405 
427 
6 
206 239 239 402 
37 
175 332 413 413 
26 87 150 248 248 271 271 294 297 297 381 437 
184 258 
292 364 
354 354 
271 271 
35 45 74 76 77 119 128 141 155 161 174 187 193 196 196 220 222 243 251 251 286 299 314 317 334 335 358 358 362 382 407 407 448 455 494 494 
22 108 
57 116 129 129 177 177 184 201 230 236 236 254 254 283 303 303 338 338 383 432 
65 65 
250 
80 95 
225 225 
98 
281 
196 196 

243 243 

184 260 291 
271 282 339 339 403 
159 159 330 
314 

279 279 279 279 
236 351 383 415 460 
159 
314 


408 
236 
45 
76 186 186 
1 5 5 98 98 225 225 
218 250 374 374 468 468 
255 
15 15 59 59 316 316 316 
41 

344 
413 
314 384 467 
41 99 156 156 462 

25 464 

124 131 131 219 232 232 
17 314 413 
76 353 353 491 491 

225 225 377 
346 
211 211 432 

307 354 450 
63 75 75 
339 452 
184 307 307 

280 280 308 314 449 
123 123 442 442 
159 
339 339 
170 195 267 267 
273 475 
126 
56 56 487 
472 
10 496 496 
39 159 188 227 
76 

127 290 
349 

30 30 222 222 

39 
336 
56 56 235 236 236 474 
184 
120 
51 184 184 354 
126 185 185 456 456 
399 
3 
243 413 413 
81 394 
100 197 240 240 265 357 357 476 476 
22 389 
160 160 
363 
193 193 
54 76 
134 271 
358 358 
5 88 
233 233 238 238 
347 347 

5 5 5 354 
229 229 
159 
159 159 
