Nodes: 512, Edges: 720
46 46 395 395 
225 225 225 
111 111 189 
271 271 493 
454 
18 34 34 34 50 88 88 255 255 273 273 354 400 400 441 504 504 

233 233 271 
196 224 313 313 
271 
476 

184 184 
76 76 
117 135 184 
182 444 

455 
5 
104 104 
428 
31 
108 108 331 414 414 461 497 
171 171 290 

452 
408 
76 346 346 
63 178 178 183 

180 180 
21 172 172 184 354 
184 
67 67 192 
5 5 5 
222 222 309 413 

324 406 
89 
159 163 166 219 219 219 231 302 330 402 402 405 405 405 477 477 485 485 
236 249 249 
85 99 137 151 156 156 160 399 445 457 
323 323 
193 

76 76 439 
0 0 64 301 339 381 395 
346 346 346 

236 236 
5 400 
490 490 
184 345 
225 
76 299 
236 236 
191 236 236 236 304 304 446 474 474 474 
415 
294 397 
444 444 
104 104 
359 
241 330 369 430 
28 383 
46 381 
193 416 416 

33 33 192 192 192 281 347 
169 169 287 371 
252 344 
184 
330 330 
325 358 358 
94 94 315 315 

383 383 435 
13 13 27 45 45 54 109 109 162 184 186 186 199 207 228 228 229 292 299 299 314 322 328 354 354 361 413 413 456 
413 

236 
314 
113 113 184 261 329 359 389 394 394 
121 143 
237 
85 312 
41 84 312 312 
198 198 386 386 508 508 
408 408 408 
5 5 504 504 
38 128 
358 358 358 

404 
236 236 
73 73 315 315 
418 
314 
171 290 290 290 

41 256 
197 
195 195 195 
136 216 
146 146 379 425 425 
19 19 60 60 138 236 236 237 237 507 
106 106 106 184 
105 105 105 372 372 372 

22 22 115 
76 76 199 
401 
2 2 182 
184 
81 81 
181 181 360 367 
108 

14 136 184 236 
364 
122 

82 143 
119 222 222 222 
468 
454 
136 136 
491 

89 413 448 
236 236 236 415 415 
389 389 
240 240 454 454 
168 
381 
380 
14 
102 117 125 125 
41 
104 236 236 
381 381 
320 
466 466 466 

82 121 
282 
339 
103 103 



248 248 306 
41 354 
364 

374 
413 413 413 
41 41 
233 
194 
39 188 188 205 227 227 231 231 428 469 477 477 510 510 511 
41 272 272 498 498 
413 413 439 
76 
39 
300 300 300 300 
317 
39 
413 
132 
68 68 296 
471 
23 23 97 290 290 
31 31 
344 
222 222 335 335 335 376 376 376 413 
407 413 
247 
415 415 
28 28 183 
287 287 287 
30 30 222 222 
114 114 
15 111 220 340 363 413 413 444 499 
28 178 
12 12 14 31 32 52 70 76 81 105 112 117 199 213 213 221 221 246 258 279 279 284 284 291 292 307 315 324 338 345 345 355 396 409 451 456 465 490 490 
491 491 491 
76 76 

159 159 477 
2 

56 236 236 267 267 285 285 304 446 
33 67 67 67 
43 65 286 413 500 
158 
101 101 101 236 267 471 
8 290 373 422 422 
100 496 
86 86 386 386 
76 109 184 207 207 

236 
355 355 
271 271 

159 
405 
76 199 199 478 



460 
233 
184 184 
314 
314 314 
102 

271 
39 39 39 232 274 402 454 454 
182 
184 184 
35 35 122 122 122 174 174 180 180 314 341 413 413 483 483 

8 350 
1 1 1 53 259 377 377 393 419 441 458 458 
292 
159 159 305 343 343 477 
76 76 361 
76 295 295 
275 275 303 303 415 
39 159 159 
219 454 454 
7 7 157 212 238 296 296 374 505 


40 49 49 55 55 56 56 56 79 93 93 104 104 117 129 129 129 138 138 191 191 195 201 237 237 275 278 283 283 356 356 438 460 487 487 
83 104 104 236 236 
233 
405 405 
131 131 476 496 
62 

413 413 
325 358 

184 
176 
150 150 408 
40 40 
442 
286 413 
69 
330 330 
277 277 283 415 
5 5 443 443 
99 273 
392 392 
184 
225 
426 
81 329 
364 364 
315 315 
334 334 
496 496 
271 
191 191 195 268 471 471 
267 
415 415 

3 3 7 9 203 203 218 266 375 408 408 412 453 453 453 502 
160 160 
5 5 256 354 354 472 472 475 475 
219 402 
230 230 236 

254 254 415 
236 
184 184 431 431 
467 467 
67 298 421 
144 427 
236 236 254 303 303 303 344 415 
184 184 
191 191 
193 251 413 
68 179 179 179 


23 97 97 97 171 171 196 480 480 
184 426 
76 184 226 

58 408 
229 229 
169 233 233 425 

281 
54 76 76 
164 164 164 164 
46 
39 
230 230 283 283 283 
56 56 191 
227 482 482 
150 370 370 408 408 408 
184 354 396 462 465 

35 


84 85 85 348 348 348 
8 8 
76 80 96 214 215 215 222 349 384 398 418 429 434 455 455 467 
73 73 94 94 184 263 263 336 336 486 
444 444 444 
165 


140 

76 
42 42 359 
37 184 
72 244 503 503 
358 

76 
81 261 
39 62 71 71 253 253 428 
22 
407 
413 
264 264 385 385 385 413 
174 174 174 413 
315 315 486 

184 415 415 
46 145 408 408 427 470 470 
182 
222 

227 227 
69 173 283 447 447 
52 184 184 
27 27 47 47 47 
67 506 
312 312 312 
314 
224 
432 

456 
5 31 76 76 151 273 273 307 411 462 462 502 502 508 
184 202 202 
236 236 
367 431 
72 72 90 90 90 244 326 466 
61 81 323 
114 
76 228 
413 413 
182 499 499 
118 152 262 262 410 410 
415 

114 357 496 
401 
62 
306 306 
68 
106 106 106 
196 
154 233 417 442 
271 
174 174 174 
225 225 

103 
134 
46 64 133 139 139 395 395 
413 413 
63 75 75 432 463 463 
314 
334 334 334 413 
86 86 198 198 

487 487 
81 130 130 497 


257 257 
225 
81 81 495 
0 0 46 381 381 
184 307 
58 
314 
41 
5 5 50 
110 368 
39 39 219 274 405 405 405 
427 427 
92 
39 39 39 206 239 239 402 402 402 
37 
175 332 413 
26 87 87 87 248 271 271 294 306 306 306 339 339 437 470 
184 
364 364 
354 
271 
35 76 76 77 128 155 155 155 161 161 167 174 175 182 182 193 222 222 243 243 251 286 333 334 335 362 362 382 382 385 407 448 455 494 494 500 500 
22 22 
57 129 129 177 177 230 254 269 269 277 283 338 338 365 432 432 
65 65 
374 
95 314 
225 
441 441 441 
281 
196 196 


103 103 296 
260 291 
282 339 403 403 
20 159 330 
314 
62 
279 279 357 496 496 
351 383 415 415 

314 
75 
497 
408 
236 
45 161 

5 225 420 420 420 
250 374 468 468 468 
255 255 
15 59 59 182 316 316 316 
41 
56 191 
344 344 
128 413 

462 462 
184 
25 464 
271 271 271 
4 124 131 131 219 219 232 232 
17 314 314 413 
76 184 353 
41 
225 225 

211 236 
22 497 
307 354 354 450 450 
383 383 
452 
184 307 
141 141 141 358 
280 280 314 
123 442 442 442 
159 
339 339 408 
170 195 267 267 
273 273 

56 56 56 487 
273 273 
10 240 
39 39 159 159 188 227 
207 

290 290 

305 305 
222 222 

39 39 
315 336 489 489 
236 236 388 388 474 

486 486 
51 51 184 184 
126 185 185 185 

3 
413 413 
394 
197 240 265 265 367 431 431 
22 389 436 461 
160 160 
182 363 363 
193 413 413 

271 354 354 
325 325 
5 5 88 88 
233 
347 
104 
86 86 354 

159 159 
159 
