Nodes: 512, Edges: 720
46 64 395 395 
225 225 225 441 
91 111 111 183 189 
271 493 

18 34 34 50 88 184 198 225 255 273 279 354 441 441 475 504 
404 404 
271 271 
224 224 350 
271 271 
476 
264 
184 184 184 355 

117 
327 444 444 
184 
455 455 455 
5 277 277 277 

428 
31 31 
115 414 414 461 
171 290 290 
76 
452 
158 158 408 408 
76 346 
63 63 183 189 

180 
21 21 172 315 315 354 354 489 
184 
192 
5 5 
210 222 413 
106 106 
406 415 
89 89 
62 159 159 163 163 219 241 302 330 330 405 477 
192 192 236 236 249 249 
85 99 156 160 184 184 324 354 354 450 450 457 
323 
193 

76 413 413 439 
0 339 339 395 
346 

236 
5 
490 
184 184 345 345 
393 

195 195 236 
104 304 474 487 487 
415 
294 294 397 

236 
81 359 
39 330 369 430 
28 28 383 463 
0 381 381 
193 413 

192 192 347 
169 296 
236 252 
184 184 246 246 
330 
325 466 
94 94 315 

383 383 
24 27 45 78 162 199 199 207 207 208 228 228 242 245 292 299 322 346 346 353 353 354 360 361 423 456 478 501 509 509 
119 119 119 196 
76 
236 
314 418 418 
61 82 113 184 261 359 359 394 394 495 
81 142 329 
236 
85 348 
41 84 312 
508 
408 408 
5 
38 38 

2 189 
182 182 413 
236 236 236 
73 73 315 
418 
317 
290 
420 441 
41 256 450 
197 476 496 
140 471 471 
136 216 

56 236 237 

36 36 190 372 


199 207 
176 247 247 401 
2 2 182 
184 184 
81 
181 181 367 
22 
184 415 415 
14 125 125 135 136 136 184 184 236 
364 
77 77 77 122 122 413 
486 489 
143 143 
119 119 
468 
387 454 
117 117 136 136 


413 448 
236 236 236 415 415 
389 
240 240 

381 
380 502 502 
117 
102 117 117 125 125 
184 
236 
381 
101 378 378 
358 413 466 466 466 
82 
121 121 217 217 
282 282 
339 

173 236 236 
304 304 
250 
248 306 306 408 

364 384 384 


413 
41 
233 
26 26 
39 39 188 205 227 231 330 428 428 428 433 433 469 477 511 511 
41 272 272 272 498 
439 
76 322 
39 39 
300 300 
317 317 329 
477 
220 413 
413 413 
68 
471 
23 290 290 
31 
147 344 
222 335 376 376 376 413 413 
407 407 413 
110 
269 300 415 415 415 

287 
30 
114 114 
92 92 111 220 340 363 404 413 413 413 444 444 499 
2 28 
5 12 12 12 16 32 41 41 52 52 70 70 81 112 112 116 117 117 137 213 221 221 221 236 236 246 246 279 284 284 289 289 289 292 307 315 315 315 324 345 354 354 366 409 415 426 488 488 
491 491 
245 440 440 
413 413 
159 477 
2 28 91 404 
106 372 
236 267 267 268 285 
33 40 40 67 67 236 
43 65 286 362 500 500 

55 55 236 267 
77 290 290 350 373 373 413 
100 
5 386 
76 76 109 207 

236 415 415 


268 
159 
405 405 
76 76 109 199 
76 
328 
35 

310 
184 
215 215 
214 214 
102 
143 143 
442 
39 232 274 402 454 454 
167 182 413 
184 184 184 
35 174 268 341 376 413 483 

8 8 350 350 
1 1 1 5 259 393 419 441 458 458 
292 292 292 
159 305 305 343 392 392 477 
76 76 245 245 
295 509 
236 236 275 275 415 
159 
219 454 454 
157 271 271 296 310 375 375 505 505 
503 
487 
40 40 49 55 60 69 79 83 93 93 93 104 117 129 129 129 138 147 147 184 184 191 192 195 201 230 230 237 267 267 283 344 344 415 415 432 438 
104 236 

342 
131 131 476 496 
39 
76 478 
311 413 424 
358 358 
76 186 228 228 
70 70 184 184 
110 110 288 401 
150 408 
40 40 
149 374 417 417 417 
286 286 413 413 
69 

277 277 415 
5 443 
99 273 354 
392 
409 
225 

81 

315 
11 334 

271 
191 191 195 236 236 268 356 
191 204 222 267 
177 

3 7 7 9 9 233 233 266 282 287 287 297 297 375 375 401 401 408 408 412 427 442 453 502 
160 160 160 
5 256 354 472 472 475 
219 352 402 
230 230 

18 18 18 254 254 415 

5 184 
308 308 467 467 
421 
144 144 271 427 
236 303 303 344 344 415 415 
184 184 
191 
193 251 251 
179 271 271 
247 
184 184 184 
23 23 97 171 171 196 196 
426 426 
76 184 226 226 226 364 

58 58 397 
229 
68 233 425 425 
271 271 

76 
164 164 177 
464 
39 
283 283 
56 148 148 
227 227 392 482 
150 150 370 370 408 
184 462 465 
280 280 467 

212 233 
243 
85 348 348 

80 317 317 354 384 398 413 418 418 429 429 434 434 449 455 467 467 
31 31 73 94 184 184 184 263 336 
444 
96 165 165 314 314 413 413 
413 


323 
76 162 
42 321 359 
41 184 
72 358 358 503 
358 
15 
209 
82 165 
39 39 62 71 159 369 

413 
413 413 
264 385 385 413 
174 413 
315 

415 415 
46 46 145 408 408 452 470 
182 
222 
239 
227 
173 236 236 283 283 447 
52 52 184 
27 47 76 76 459 
67 421 
84 312 312 
481 
8 196 224 224 
432 432 
274 402 
76 76 
5 31 31 41 41 76 184 184 256 273 314 411 450 450 450 462 490 490 508 
12 
267 
367 431 
141 244 244 325 325 326 466 503 503 
61 81 81 323 
76 
76 
193 413 
182 499 
118 152 292 410 
415 415 
184 
114 357 
401 
62 330 
306 306 

106 190 
196 196 
250 417 
233 233 271 271 
174 174 174 222 

140 140 

134 
64 64 133 139 408 
413 
63 75 75 415 463 
152 152 314 
334 334 413 
198 
124 

130 


227 227 257 305 
53 225 
81 81 495 
0 0 46 

58 294 
314 
492 492 

110 247 271 271 368 
219 274 352 405 405 
427 
6 6 182 189 
39 206 206 402 402 
37 
175 175 413 
26 26 87 87 150 248 271 271 306 339 339 381 412 437 
184 258 
364 
354 
271 408 
35 45 45 65 92 119 128 141 155 167 168 168 174 174 175 182 182 182 187 187 196 220 222 243 251 251 314 317 317 318 332 333 333 334 335 362 382 385 407 448 455 494 
22 22 
37 57 116 116 129 129 177 177 177 184 201 201 230 236 236 254 277 283 283 338 338 365 365 383 432 

250 250 250 374 
80 80 95 314 314 
225 
98 
281 347 

76 
243 
296 296 
184 291 291 
271 282 403 
20 159 159 159 
314 314 
62 
357 496 
236 351 351 415 460 
159 159 
314 314 


408 
236 
45 161 
186 186 
1 5 5 98 225 
218 271 468 
255 
15 15 182 182 316 


344 
128 413 
314 
41 41 99 354 354 354 462 

25 339 
271 
124 219 219 232 232 
17 17 17 314 413 
76 491 
41 
225 225 
346 
432 
22 497 
307 354 450 
63 383 
301 
307 
72 141 141 141 358 
280 280 308 314 314 
123 442 
159 
339 
101 101 170 
273 273 475 

56 487 487 487 
5 273 472 
10 100 240 496 496 
39 159 166 188 227 
76 242 


349 
305 
222 


120 489 
56 56 235 474 474 474 
184 184 
31 120 486 
51 354 354 
185 185 456 
399 399 
3 
413 
81 394 
100 240 431 476 476 
461 
160 
182 363 
193 193 
76 
134 134 271 
234 325 358 358 
5 
233 233 


86 354 
76 76 229 

159 159 
