Nodes: 256, Edges: 632
236 
105 153 158 158 164 164 
153 153 153 
81 
14 14 18 18 32 32 139 139 208 208 
12 12 26 38 42 42 42 46 50 50 68 81 81 81 94 98 98 98 102 103 108 114 114 114 114 117 117 117 123 123 133 133 133 136 142 143 143 159 159 181 196 196 203 203 227 227 227 234 235 235 238 238 243 243 243 244 244 254 
212 222 
41 41 74 74 86 97 97 97 124 124 124 130 130 203 203 218 226 
71 81 81 168 168 215 215 228 228 247 
182 
14 
33 197 
5 5 227 
33 37 
4 4 10 18 18 32 32 47 47 47 51 51 138 138 138 139 146 146 152 152 152 163 163 180 180 180 
231 
78 78 89 89 93 93 
66 203 
4 4 14 14 51 60 60 90 137 152 186 186 192 192 206 206 
62 
98 166 
45 52 52 52 140 140 153 153 184 184 184 228 228 228 
245 245 
192 
152 152 152 
81 81 81 148 153 
5 33 59 59 62 62 62 67 72 82 84 84 87 98 98 98 117 122 141 141 169 185 196 196 207 231 237 
153 153 
88 88 165 165 
205 205 
64 64 175 175 182 182 182 196 196 196 230 
152 152 152 152 152 157 
4 4 14 14 
11 13 26 37 37 44 44 77 134 150 172 172 197 211 211 211 219 219 222 
137 137 
53 81 81 
203 
13 33 33 122 169 169 169 
5 42 
134 134 
187 187 
7 7 
5 5 5 38 81 81 81 243 
195 195 
33 33 59 59 59 150 172 172 172 188 188 222 222 
21 148 153 
5 
14 14 14 
58 58 152 152 152 
84 84 84 
5 5 108 112 123 123 159 
14 14 18 202 202 202 202 
21 21 21 
35 81 
127 216 
121 238 238 238 
227 227 
154 
48 48 104 104 214 245 245 252 252 
26 26 44 44 44 
18 18 76 76 120 152 174 174 206 206 236 236 
90 206 206 
19 26 26 26 
90 90 90 137 137 202 202 242 
30 30 
81 81 224 
17 
26 108 
5 114 114 
146 223 223 223 223 
210 210 249 249 
8 131 228 247 247 
26 

7 7 156 203 203 203 
171 171 171 203 205 205 217 217 
60 60 191 191 223 223 236 236 236 
33 210 210 210 210 
16 16 93 95 
111 
137 137 
3 5 5 5 8 8 25 25 25 35 35 42 42 42 53 65 65 93 93 93 148 148 148 153 153 153 160 160 162 173 176 176 203 228 228 228 238 
26 
113 204 204 
26 26 49 49 49 100 109 127 127 183 189 194 194 
228 228 
7 203 203 218 218 
26 115 115 237 
28 28 203 203 
16 16 
18 61 63 63 63 206 206 242 
121 121 238 238 
203 203 
16 16 78 81 81 81 111 111 111 154 154 154 176 176 201 201 224 224 241 241 
5 112 112 
78 
144 229 229 229 229 240 240 
7 7 7 130 130 
5 5 5 20 26 26 26 166 213 237 237 
251 
84 194 
106 
5 203 234 
5 221 
58 58 129 129 152 
1 
101 145 204 204 
119 119 152 
5 50 67 
84 127 127 183 198 
228 228 228 
79 93 93 93 
50 94 94 
83 177 204 204 246 246 
5 5 5 5 68 68 
87 87 
203 203 
5 5 5 26 
188 188 
107 107 152 152 152 
60 170 170 206 
55 91 91 238 
26 37 123 123 123 123 210 210 
5 5 50 50 122 122 122 122 161 161 196 
7 7 7 
251 251 251 251 
203 251 
54 84 84 109 109 187 187 216 216 229 229 
228 
104 104 
7 7 97 97 
71 228 228 
222 222 222 
5 5 5 227 
33 39 39 227 227 227 
175 175 
5 
18 34 34 63 63 80 80 202 202 
14 14 14 
4 4 14 
21 21 
26 26 178 
5 159 
5 5 151 151 165 203 
96 240 
106 204 204 
14 14 69 152 152 

25 45 81 81 81 153 
220 
33 44 
143 143 
14 14 14 18 24 24 24 31 31 31 31 31 48 48 48 60 104 107 119 119 119 146 146 157 163 163 223 223 
1 2 2 2 21 21 25 27 27 45 81 81 81 148 179 179 228 228 
57 93 93 93 176 241 
206 206 
74 199 199 203 203 203 
31 152 
1 1 164 164 
5 5 50 142 
81 81 251 
123 123 
81 
14 14 152 152 
1 1 158 158 232 232 232 
28 28 143 
20 98 209 209 

8 8 
26 37 37 37 
120 120 174 174 206 
75 75 75 
33 33 44 44 44 
81 176 176 
60 60 170 170 206 
30 30 135 135 196 
81 81 93 93 154 173 173 
113 204 204 
141 248 248 248 248 248 
153 153 
14 14 14 
5 203 
9 30 30 30 196 196 
84 109 189 
21 21 21 228 
26 
18 18 
40 40 127 127 
44 44 118 118 
84 183 196 
236 
76 76 
18 18 23 
237 237 253 253 
84 84 100 255 255 255 
43 43 204 204 245 
5 5 26 26 30 30 30 123 175 182 182 189 239 
11 33 
109 
156 156 
229 
93 93 
51 51 51 51 63 63 137 137 
5 5 7 7 17 36 74 74 74 75 81 86 86 88 88 92 92 102 116 116 126 143 156 156 156 181 220 220 220 251 251 251 
83 83 106 106 113 113 145 145 177 177 195 195 245 245 
29 29 75 75 
18 18 60 60 61 61 90 90 120 155 155 170 174 250 250 250 
26 
4 4 
166 166 
70 70 77 77 77 77 122 122 
33 33 33 
6 
98 
58 
8 8 
54 127 127 
75 75 233 233 233 
7 86 86 
33 33 
149 203 203 203 
103 
6 33 44 44 132 132 132 
69 69 69 69 76 76 152 152 
65 93 93 

7 
5 5 5 12 56 56 133 134 134 134 
8 8 21 21 21 71 81 81 81 85 85 110 110 110 128 131 131 153 153 184 
96 96 96 96 127 127 200 240 
30 
15 26 
164 164 164 
217 217 217 
5 102 
5 5 
0 60 60 76 76 76 190 
26 87 98 98 193 193 253 253 
5 5 55 55 55 81 91 91 121 
196 
96 96 144 229 
93 93 154 
63 90 
5 5 5 42 
5 5 
22 22 58 58 195 204 204 
113 113 
8 71 71 
178 178 178 178 178 
70 70 
206 206 206 
99 125 125 125 125 126 160 203 203 203 
58 58 
193 193 237 237 
5 
194 194 194 
