Nodes: 256, Edges: 632
60 60 236 
21 21 105 105 105 153 153 158 164 164 
153 153 
81 81 153 153 153 
14 14 14 18 32 32 139 139 139 139 208 
12 12 12 26 26 42 46 46 50 68 68 81 94 94 94 98 103 114 117 123 123 133 136 142 142 143 178 178 178 196 196 203 207 221 227 227 234 234 238 238 243 243 244 254 254 254 
222 222 222 
41 74 74 74 86 86 86 124 130 203 203 218 218 226 
71 71 81 81 81 215 215 228 228 228 247 
182 182 
14 51 
33 33 197 
5 5 5 
37 
4 4 4 10 18 47 47 47 51 107 138 138 138 146 152 152 163 180 208 208 
231 231 
78 78 78 89 93 93 
84 84 84 203 
4 14 51 51 60 90 137 137 152 152 186 186 192 206 

98 98 166 166 
1 1 52 65 140 140 140 153 153 184 184 228 228 228 
245 
192 192 
152 152 152 225 
81 81 81 148 148 148 
5 5 33 33 44 59 62 62 67 67 72 72 82 84 84 87 98 98 108 108 117 122 122 141 141 141 185 196 196 207 207 237 237 
153 
88 88 165 165 165 

64 64 182 182 182 196 196 230 230 230 
152 152 152 157 
4 4 202 
11 11 26 26 37 37 73 77 77 134 134 150 172 197 211 211 211 219 222 222 
137 
81 
203 
13 33 33 169 185 
42 42 
134 
187 187 187 203 
7 
5 38 38 243 243 
245 
26 59 59 150 150 150 172 172 188 188 222 
153 
5 5 
14 14 14 107 152 
58 152 

5 123 159 216 
10 14 18 18 63 191 202 
21 
81 81 
127 
121 121 238 
94 227 
93 154 154 
48 104 203 203 214 245 252 252 252 
26 44 44 
0 0 18 76 120 152 152 174 174 174 174 206 236 
90 206 
26 26 
51 90 137 202 202 242 242 242 
30 30 
21 81 81 81 224 

26 26 
5 5 114 114 
146 223 223 223 
169 249 249 
8 8 131 131 131 228 247 
26 26 
33 
7 7 7 156 203 
171 203 205 205 205 217 233 
60 191 191 223 236 236 
33 33 
16 16 16 89 89 95 95 
111 111 

3 3 5 8 8 8 25 25 25 35 53 53 65 65 65 93 93 148 148 148 148 153 153 153 160 203 228 228 228 238 
26 
113 113 113 204 204 
17 17 17 26 26 100 100 100 109 109 127 189 194 194 194 194 
228 228 228 
7 7 7 203 203 
26 115 115 237 237 
28 28 165 203 203 203 
16 78 78 
18 61 63 206 206 242 242 
121 238 238 
203 203 203 
16 16 57 81 81 111 111 154 154 176 224 224 241 241 
5 5 5 56 112 112 243 
78 78 
127 144 229 240 240 
130 130 
5 20 20 26 26 122 166 166 209 237 237 237 
251 
84 84 84 109 183 194 194 198 198 

203 234 234 
5 
58 
1 1 1 
145 145 204 204 
14 47 119 152 
26 26 244 244 244 244 
84 84 100 127 183 183 183 198 198 198 
228 228 228 228 
79 79 93 93 
94 94 
83 83 83 145 145 145 177 177 204 246 
5 68 68 227 
87 87 
203 203 203 
5 26 
188 
107 152 152 152 
60 206 206 206 
55 55 91 238 238 
26 26 98 123 123 210 
5 5 50 122 122 161 
7 
251 251 
203 251 251 
54 84 96 109 187 189 216 229 229 
228 228 228 

7 97 97 
71 71 71 228 
222 222 
5 227 227 
33 33 39 227 

5 
18 18 34 63 202 202 202 
14 14 14 
4 4 4 4 
21 21 21 
26 26 26 178 
5 5 
5 149 149 151 151 165 165 203 203 203 
96 240 240 
106 106 113 113 113 204 204 
14 69 152 152 

25 25 25 81 81 81 81 153 
143 143 203 
33 44 44 44 
143 143 153 228 228 228 
14 14 18 18 24 24 24 31 31 31 47 48 60 60 107 119 119 119 146 146 157 157 163 223 223 223 
1 1 2 2 3 3 3 21 21 27 45 81 81 81 148 151 179 179 179 228 228 
57 57 93 93 176 241 241 
206 206 
74 199 199 203 203 203 
31 152 152 
1 
50 
81 
123 
238 238 238 
14 152 
1 1 232 232 232 232 
28 28 28 88 143 143 203 203 
20 20 98 98 209 
173 

37 70 
174 206 206 
75 205 205 205 
33 44 44 
167 176 
60 60 60 60 170 206 206 
196 196 196 
93 154 173 
113 113 204 204 204 
5 5 5 141 248 248 248 
153 153 153 
14 
203 
9 9 30 30 30 196 196 196 
100 109 109 109 
21 21 228 
26 37 
18 18 
40 40 40 127 
44 44 118 
84 127 196 196 
236 236 236 
51 76 76 
18 23 23 
237 237 253 253 
84 84 84 84 100 100 255 255 255 
204 204 245 
5 5 26 26 30 30 175 175 175 182 182 182 189 189 239 239 
11 33 
100 100 109 109 109 
156 156 
229 

32 51 63 63 137 137 137 
5 7 7 17 36 40 58 58 74 75 81 86 86 88 88 88 92 92 92 102 116 116 116 126 143 143 143 149 156 156 156 165 165 181 214 220 220 251 252 
83 83 106 106 113 145 145 177 177 177 195 195 245 245 
75 75 75 171 171 171 
18 60 61 90 90 120 120 120 155 155 170 170 174 174 250 
5 26 26 
4 14 14 
98 166 
122 
33 33 33 
222 222 222 

58 203 
8 8 
50 127 
75 
7 7 
33 
203 203 251 251 251 
5 
6 6 6 33 33 44 132 132 212 212 212 
69 69 69 76 152 152 152 
65 93 93 
24 
7 
5 5 56 114 133 133 134 
8 8 8 21 21 21 71 81 81 81 85 85 85 110 110 110 110 128 128 128 131 151 151 151 153 153 184 
96 127 127 200 240 240 
30 30 30 
15 15 
164 164 164 164 
75 
5 5 102 102 

0 60 76 76 190 190 190 
26 26 87 87 98 98 98 193 193 253 253 
5 5 55 81 91 91 121 121 162 162 162 
196 196 
96 96 144 144 229 229 
93 93 154 154 
63 63 63 90 90 
5 5 42 42 94 
5 108 108 108 108 
22 43 58 195 204 204 
113 
8 71 
178 178 178 
70 70 
206 
99 125 125 126 126 203 220 220 220 
58 58 58 203 
193 193 237 237 
5 5 5 
194 194 194 
