Nodes: 256, Edges: 632
236 236 236 
21 105 105 153 153 153 158 158 164 
153 153 
81 81 153 153 238 238 
14 14 18 32 32 139 139 139 139 208 
12 12 26 26 38 38 42 42 42 46 50 50 50 68 81 81 81 94 98 98 102 103 103 108 114 114 114 117 123 133 136 136 142 142 143 178 178 181 196 203 203 203 207 221 221 227 235 238 238 243 243 254 
212 222 222 222 222 
41 74 97 97 124 124 130 203 218 
71 71 81 81 168 215 215 228 228 247 
182 
14 14 51 
33 33 197 
5 5 227 
33 33 33 37 
4 4 10 10 18 18 32 32 32 47 47 47 51 138 138 138 146 146 152 152 163 180 208 208 
26 231 231 
78 78 78 89 89 89 93 93 
66 84 84 
4 14 14 51 51 90 90 137 137 137 152 186 186 186 192 192 206 206 
62 
98 98 98 166 
1 52 52 52 65 65 140 140 153 153 184 184 228 
245 245 
192 
152 
81 148 153 
5 5 15 33 44 44 59 72 72 82 82 84 84 87 98 98 98 108 108 108 117 117 122 122 141 141 196 196 207 231 237 237 237 
153 
165 165 
205 205 
64 64 175 175 175 182 182 196 196 196 
152 152 152 152 
4 4 14 14 14 202 
11 11 13 13 13 26 37 37 44 73 73 77 77 77 77 150 150 172 197 211 211 211 219 222 222 
137 137 
53 53 53 81 81 

13 33 33 122 122 122 
5 5 42 
134 134 
187 187 
7 
5 5 5 38 81 81 125 162 243 
245 245 
26 26 33 150 172 172 172 
148 153 153 
5 77 
14 14 14 107 
58 
84 84 
5 5 5 108 123 159 159 
10 14 18 18 63 191 202 202 202 202 
21 21 21 
35 35 35 81 81 
127 127 216 
121 238 
94 
93 93 93 
48 203 203 214 245 252 
26 
76 76 120 152 174 174 206 236 
90 138 206 
19 
51 90 90 137 202 202 242 242 
30 30 
21 21 81 81 
17 
108 
5 114 
146 223 
122 169 249 249 
8 8 228 
26 26 
33 33 
7 156 156 203 
171 171 203 205 217 
60 60 191 191 191 236 236 236 236 
33 33 33 33 46 134 210 210 210 210 
16 16 16 89 89 93 93 95 95 
111 111 
137 137 
3 3 5 5 5 8 8 25 35 35 42 42 53 53 65 65 93 93 148 148 148 148 148 153 153 153 162 173 176 176 203 203 203 228 228 228 238 238 251 
26 26 
113 113 204 
17 17 26 26 49 49 100 100 109 109 127 127 127 183 189 189 194 194 
228 
203 203 
26 115 237 237 237 237 
203 
16 16 16 78 78 
18 18 61 63 63 206 206 206 242 242 
121 121 238 238 
203 
16 16 57 57 57 78 78 81 81 154 154 176 176 176 201 201 224 241 241 
5 56 112 243 243 243 
78 78 
127 127 127 144 229 229 229 240 
7 7 
5 5 20 20 20 26 26 26 166 166 209 209 213 213 237 237 
251 251 
84 84 109 109 194 194 198 

5 203 234 234 
5 5 
129 129 
1 1 
145 204 
47 119 119 152 
5 26 26 26 50 67 244 244 244 
84 84 100 100 127 183 198 
228 228 
79 79 
94 
83 83 145 145 177 177 177 204 204 204 246 
5 5 5 68 227 227 
87 
203 203 
5 26 26 
188 188 
107 107 152 152 152 
60 170 170 206 206 
55 91 91 238 238 238 
26 26 37 37 37 70 123 210 
5 50 122 161 161 196 
7 7 
42 251 
251 251 251 
54 54 84 84 84 96 96 96 109 187 189 189 216 216 216 229 
228 
104 104 
7 
228 228 228 
222 
5 227 227 227 
39 39 77 227 227 
175 
5 5 
18 18 18 34 34 63 80 80 202 
14 14 14 61 
4 4 4 4 
21 21 
26 26 
5 5 159 
5 149 149 165 165 165 203 
96 240 
106 113 113 204 204 
14 14 69 152 152 

25 45 81 81 81 81 81 153 
143 143 203 
33 33 44 
228 
14 14 18 24 31 31 31 31 60 107 119 119 119 146 146 163 163 163 223 223 223 
1 1 1 2 2 3 3 21 21 25 27 45 45 81 81 81 148 179 179 228 228 
93 93 176 241 

74 74 199 199 199 203 203 

1 1 164 
50 50 142 
251 251 
123 123 
42 81 238 
14 152 152 152 
1 158 232 
28 28 143 143 143 203 203 203 
20 98 98 209 
173 173 173 
8 
70 
120 120 174 206 
75 75 
33 44 44 44 
81 167 167 167 176 
60 60 170 206 
30 30 30 135 196 
81 81 93 93 93 154 173 
113 113 113 204 204 204 
5 5 248 248 248 
153 153 
14 
5 203 
9 30 30 196 196 196 
84 109 
21 21 

18 18 18 
40 40 127 
118 118 
84 84 127 127 196 196 196 
236 
51 76 76 76 205 
18 18 23 
237 237 253 
84 84 100 100 255 255 
204 245 245 
5 26 26 30 30 30 123 175 182 182 182 189 189 189 239 239 
11 33 
100 109 
156 156 156 
229 229 
93 93 
32 51 51 51 51 63 63 137 
5 5 5 7 58 58 74 75 81 81 81 86 86 88 92 102 116 116 143 149 156 156 165 165 165 181 252 252 
83 106 113 113 113 145 145 177 177 177 195 245 245 
29 29 75 191 
18 18 60 61 90 90 90 120 120 170 174 250 250 
5 26 
4 14 14 
98 98 166 
77 77 77 77 122 
33 33 33 
6 222 
98 98 
58 
8 8 
54 127 127 127 
75 233 
7 
33 
251 
5 5 
6 6 6 6 33 33 132 212 
69 152 152 152 
93 


5 12 114 114 133 133 133 134 134 
8 8 21 71 81 81 81 85 110 110 128 131 131 131 151 153 153 
96 96 96 127 200 200 240 240 

15 15 26 
164 
217 
102 102 
5 
0 0 0 60 76 76 76 76 190 
26 26 26 87 87 87 87 98 98 193 193 253 
3 3 5 5 55 81 81 91 91 121 121 121 162 
196 196 
96 144 229 229 
93 93 154 
63 63 90 90 
5 5 42 94 94 94 
108 108 108 
22 22 43 43 58 195 195 204 204 
113 
8 
178 178 178 
70 70 
206 206 
81 99 99 125 126 126 126 160 160 220 
58 203 203 
193 237 
5 
194 194 
