Nodes: 256, Edges: 632
60 60 60 236 236 236 236 
21 21 105 105 105 153 153 158 
153 153 
81 
14 18 18 32 139 139 139 139 208 208 208 
12 26 46 50 50 68 81 94 94 98 98 102 102 102 103 108 108 114 114 114 114 117 123 123 133 136 142 142 142 143 143 181 196 203 203 221 221 227 234 235 235 235 238 238 243 244 254 254 254 
212 222 
41 41 74 74 86 86 97 97 124 124 124 130 130 130 203 203 218 218 226 
71 81 81 81 215 228 228 
182 182 
14 14 

5 227 227 
33 37 
4 10 10 18 18 47 51 138 138 138 139 146 146 152 152 163 163 
26 26 231 
78 93 
84 84 84 
4 4 14 14 51 51 60 60 90 90 137 152 186 186 192 192 206 206 
62 62 62 
98 98 166 166 
1 1 45 52 65 65 140 140 140 153 153 153 184 184 228 228 232 
245 
192 
152 
81 81 81 148 148 153 
5 15 15 33 44 44 59 59 62 67 72 82 82 82 87 87 98 98 108 108 117 117 122 122 141 231 231 237 237 237 
153 153 153 
88 
205 205 
64 64 64 175 175 182 196 196 230 230 
152 152 152 152 157 
4 
13 26 37 37 37 44 44 73 73 150 150 172 172 197 211 211 219 222 
137 137 137 
53 53 81 81 
203 
13 33 33 33 122 122 169 169 
42 42 
134 
187 187 203 
7 7 
38 38 81 81 125 243 
195 195 195 245 245 245 
26 26 33 33 150 172 172 188 188 188 222 
21 153 
5 
14 152 
58 152 152 
84 84 
5 5 123 123 159 159 216 216 
14 18 18 202 202 202 
21 
35 35 81 
127 
121 121 238 238 

93 154 
48 104 214 214 245 
26 26 
0 0 0 18 18 76 76 76 120 152 174 174 206 206 236 
90 206 
19 19 19 26 
90 90 202 242 
30 30 30 
21 21 81 81 

26 
5 114 114 
146 146 146 223 
122 122 249 249 
8 131 131 228 247 
26 
33 33 
7 7 156 156 203 203 203 
171 171 203 205 205 217 233 233 233 
60 60 60 191 191 191 223 223 223 223 236 236 
210 210 
16 93 93 95 95 95 
111 
137 137 137 
3 5 8 8 8 25 25 25 35 35 42 42 53 65 65 93 93 148 148 148 148 153 153 160 162 173 176 176 203 203 228 228 228 238 251 251 
26 26 26 
113 113 204 204 204 
17 17 17 49 49 100 100 100 109 127 127 183 189 189 194 194 194 194 
228 
7 7 203 
26 26 115 115 237 237 237 237 237 253 
28 165 203 203 203 

18 18 61 63 63 206 206 242 
121 121 121 
203 203 203 
16 57 78 78 81 81 111 154 176 176 176 201 201 224 224 
5 5 112 112 112 
78 78 78 
127 144 144 229 229 229 240 240 240 
7 7 130 130 
5 5 20 20 26 26 122 166 166 209 209 213 237 
251 
84 84 84 109 194 198 

5 5 5 
5 221 
58 129 129 152 
1 1 1 
145 204 204 
119 
5 5 26 26 244 244 244 
84 100 127 183 183 198 198 198 
228 228 
79 93 
94 94 94 
83 83 145 145 204 204 246 246 246 
5 5 5 5 68 68 227 
87 87 
203 
5 26 26 

107 152 152 
60 170 170 206 206 
55 55 91 91 91 238 238 238 238 
26 26 37 37 70 70 98 123 
5 5 50 50 122 161 161 196 
7 7 7 
42 251 251 
203 251 251 251 
54 84 84 96 109 189 189 229 229 229 
228 228 228 
104 104 
7 7 7 97 97 
71 71 228 228 
222 222 
5 227 227 227 
39 227 
175 175 175 
5 
18 34 34 34 80 80 80 202 202 
14 14 14 
4 4 4 4 14 
21 21 21 
26 
5 5 5 159 
5 5 203 203 
96 96 240 
106 113 113 204 
14 14 69 69 69 152 152 
171 
25 25 81 81 81 81 153 153 
203 203 
33 33 44 
153 228 
14 14 18 24 31 31 31 31 47 48 48 60 104 119 119 146 146 157 157 163 163 223 
1 1 2 2 21 21 21 25 27 27 27 45 81 81 148 148 151 179 179 179 228 228 228 
57 93 176 241 241 
206 206 206 
74 74 
31 152 152 
1 164 164 
50 50 142 
81 251 
123 123 
81 238 238 
14 14 152 152 
158 158 232 232 
88 203 203 
20 20 98 98 209 


37 37 
120 120 174 174 206 206 206 
75 75 147 205 205 
33 33 44 44 
81 176 176 176 
60 60 170 170 
30 30 135 135 135 196 
81 81 93 93 93 154 173 173 173 
204 
248 248 248 248 
153 153 153 

5 203 
9 9 30 196 196 
84 109 109 189 
21 21 228 228 

18 18 
40 40 
44 44 44 
84 84 127 127 183 196 196 
236 
76 76 76 
18 18 23 
237 253 253 
84 84 84 84 100 255 255 
43 43 43 204 204 245 
5 30 30 123 175 182 182 189 189 239 239 239 
33 
100 109 109 109 

229 
93 93 
51 51 51 63 137 137 
5 5 7 7 36 40 74 74 74 75 81 81 86 88 88 88 92 92 92 116 126 143 143 149 149 165 165 181 220 251 252 252 
83 83 83 106 106 113 113 145 177 195 195 245 
29 29 75 75 171 171 
18 18 60 60 61 90 90 120 120 155 155 155 170 170 170 250 

4 4 4 
98 98 166 
77 77 
33 33 
6 222 
98 
58 58 
8 
50 50 
75 233 233 233 
7 7 
33 
203 251 
5 5 103 
6 33 44 132 132 212 
69 76 76 76 76 152 
93 93 

7 
5 12 12 114 133 133 133 134 
8 8 21 21 71 81 81 81 85 110 110 128 128 128 131 131 151 153 153 153 184 184 
96 96 96 127 127 127 200 240 240 240 
30 30 
15 26 26 
21 164 164 
75 75 75 217 217 217 
5 
5 5 5 
0 0 0 0 60 76 76 190 
26 26 26 87 87 87 87 87 98 193 253 
5 5 55 55 81 121 121 121 121 162 162 
196 196 196 
96 96 96 144 229 229 229 
154 154 
63 90 
5 42 
5 108 108 108 
22 43 43 43 58 195 204 
113 113 113 
71 
178 178 178 178 
70 70 
206 
81 81 99 125 125 126 126 126 160 203 220 
203 203 
87 193 193 237 
5 5 5 
194 194 
