Nodes: 256, Edges: 632
60 236 236 236 
21 153 158 164 164 
153 
153 153 153 153 
14 18 18 18 32 139 139 139 139 
12 12 26 42 46 50 50 50 68 68 68 81 98 98 98 102 102 102 103 108 114 114 114 114 117 117 123 123 133 136 142 178 196 196 203 221 227 234 234 234 235 235 238 243 243 243 254 
212 212 222 222 
41 41 74 74 86 97 97 124 124 124 130 130 203 203 203 218 218 218 
71 71 81 81 81 168 215 215 228 228 247 247 
182 
14 
33 33 
5 5 227 
33 33 37 37 
4 10 18 18 18 32 47 51 107 138 139 146 152 152 152 163 163 180 180 208 
26 231 231 
78 78 89 93 
66 84 203 
4 4 4 14 14 14 51 51 60 90 137 137 152 186 186 192 192 206 206 

98 98 
1 45 52 52 65 65 140 140 153 153 153 184 184 184 184 228 

192 192 
152 152 152 225 
81 81 81 148 148 148 153 153 
5 15 33 44 44 59 59 59 62 67 72 72 82 82 87 87 98 98 108 108 117 117 122 141 169 185 196 196 196 207 231 

165 165 165 
205 
64 64 175 182 182 196 196 196 230 230 
152 157 
4 14 
11 11 13 13 26 37 37 44 73 77 77 150 150 172 219 219 219 222 
137 137 137 
53 81 81 
203 203 
13 13 33 33 122 169 
42 42 
134 134 134 
187 187 187 
7 7 
5 38 38 
195 245 245 
26 26 33 59 59 172 188 222 
21 148 153 153 
5 
14 152 
58 152 152 152 
84 84 
5 5 5 108 123 159 159 216 216 
14 18 18 63 202 
21 21 
35 81 

121 121 
227 
93 93 154 
48 245 245 252 252 252 
26 26 26 44 44 
0 18 76 120 152 152 174 206 236 236 
90 206 206 206 
26 
51 90 90 90 137 137 202 242 
30 30 
21 21 81 81 81 
17 
26 
5 5 5 
146 146 
122 122 210 210 249 249 249 
8 8 131 131 131 247 
26 26 
33 
7 7 156 156 203 203 203 
171 203 203 205 233 
60 191 191 223 236 236 
33 33 134 210 
16 16 89 89 93 95 
111 
137 137 
5 8 8 8 25 25 25 35 35 53 65 65 65 93 93 148 148 148 148 153 153 153 173 173 176 203 203 203 228 228 228 238 238 251 251 
26 26 

17 49 49 100 100 100 109 127 183 183 189 189 194 194 194 
228 228 
7 203 203 218 
26 26 115 115 237 237 253 253 
165 203 203 203 203 
16 78 78 
18 61 63 63 63 206 206 206 242 
121 121 238 238 238 
203 203 203 
16 57 57 78 81 81 111 111 111 154 176 176 176 201 201 201 224 241 241 
112 112 112 243 243 
78 
127 127 144 229 229 229 240 240 240 
7 7 130 
5 5 5 20 20 26 26 122 166 166 209 209 209 213 213 237 237 
251 251 251 
84 84 84 183 194 194 194 

5 5 5 234 234 
5 
129 129 152 152 

145 204 204 
14 
5 26 26 50 244 
84 127 127 183 183 198 198 
228 228 
79 93 93 93 
94 94 94 
145 145 177 177 204 204 246 
5 5 5 5 227 
87 87 

5 5 26 26 
188 
137 152 
60 170 170 170 206 206 206 
55 55 91 91 238 238 238 
26 37 70 70 98 123 123 123 210 210 
5 5 50 122 122 122 161 161 161 196 196 
7 7 7 

203 251 251 251 251 251 
84 96 96 109 109 189 216 229 
228 228 
104 104 
7 7 97 
71 71 71 228 228 
222 222 222 
5 227 227 227 
39 39 39 77 
175 175 
5 
18 18 34 34 34 63 63 80 80 119 202 202 
14 
4 4 4 4 14 
21 21 
26 
5 
151 151 203 
96 240 240 240 
106 113 113 
14 69 69 152 

25 25 25 45 81 81 81 81 153 153 
203 203 203 
33 33 
143 143 
14 14 14 18 24 24 24 31 47 48 48 48 60 60 104 104 119 146 157 163 223 
1 2 3 3 3 3 21 21 21 25 25 45 45 81 81 81 148 148 179 179 228 228 228 
57 93 176 241 
206 
74 74 199 203 
31 152 
1 164 164 
50 50 
251 251 
123 123 123 

14 14 152 
1 1 158 158 232 232 232 232 
28 28 28 88 203 203 203 
98 98 209 209 
173 173 
8 
26 37 
120 120 120 174 174 206 206 
75 205 205 
33 44 
81 81 167 167 176 176 
60 170 170 206 
30 135 135 196 196 
81 93 93 93 154 173 173 
113 113 204 
5 248 248 248 
153 153 
14 14 
203 
9 30 30 196 196 196 
84 84 100 109 109 189 
21 21 21 21 
26 
18 18 
40 40 40 
44 118 
84 84 127 183 
236 236 
76 76 
18 18 23 23 
237 237 253 253 
84 84 84 100 100 100 255 255 255 
43 204 204 204 245 245 
5 5 26 26 26 30 30 30 123 123 175 175 182 182 182 239 

109 109 
156 
229 229 229 
93 93 93 
51 63 137 137 
5 7 7 7 17 36 36 74 74 74 75 75 81 81 81 86 86 88 88 88 88 92 92 92 126 143 149 149 149 156 165 165 165 181 214 220 251 251 251 
106 106 113 113 177 195 195 195 245 245 
29 75 171 171 
18 18 60 61 61 61 90 90 90 120 120 120 155 170 170 174 250 250 
26 
14 
98 98 98 166 166 
70 70 77 122 122 

6 6 222 
98 98 
203 
8 8 
50 50 127 
233 233 
7 7 7 86 
33 33 33 
203 251 251 251 
5 
6 6 33 44 132 132 132 212 
76 152 
93 
24 

5 12 56 114 133 133 133 
8 8 21 81 81 81 85 85 110 110 128 128 131 131 153 153 153 
96 96 96 127 200 200 200 
30 30 
15 15 26 
164 164 164 164 
75 217 217 
5 5 5 102 102 
5 5 
0 0 0 60 60 76 76 190 190 
87 87 98 98 193 193 253 253 253 
5 81 81 91 91 91 121 121 121 
196 
96 96 96 144 144 144 
93 93 154 
63 90 
5 5 5 94 94 
108 
43 43 58 58 195 195 204 204 
113 
8 8 71 
178 178 178 
70 70 70 
206 206 
81 81 99 99 99 126 126 126 126 126 160 160 203 203 203 220 220 220 
58 58 58 
87 87 193 193 237 237 237 
5 
194 194 194 
