Nodes: 256, Edges: 632
60 60 60 236 236 236 
21 21 105 105 105 153 153 158 158 158 164 164 
153 153 153 
81 81 153 238 238 
14 18 18 139 139 139 208 208 
12 26 26 26 38 42 46 46 50 50 68 68 81 81 81 94 94 94 98 98 102 102 103 108 108 117 117 133 133 133 136 142 142 143 143 159 178 178 181 196 196 203 203 203 227 227 234 234 234 235 243 243 244 254 254 
212 222 222 222 222 
41 74 86 86 97 124 124 130 203 203 203 218 218 218 226 
71 71 71 71 81 81 168 168 215 215 215 228 247 247 
182 182 
14 14 51 
33 33 197 
5 227 227 
33 37 
4 10 10 18 18 18 32 32 32 47 47 51 51 51 138 138 139 139 152 152 163 163 180 180 208 208 
26 231 231 
78 
84 84 
4 4 14 14 14 51 60 60 137 137 137 152 152 186 192 206 
62 
98 98 166 166 
1 1 45 45 52 52 65 140 140 153 153 153 184 228 228 
245 245 
192 192 
152 
81 81 148 153 
5 5 5 15 44 44 62 62 62 67 72 72 72 82 84 84 87 87 117 122 122 122 169 207 231 
153 153 
88 165 165 
205 
64 64 175 182 196 196 196 196 230 230 
152 152 157 
14 14 14 
11 11 13 37 73 73 77 150 150 150 172 172 197 197 211 219 219 222 
137 
53 53 81 
203 
13 33 122 122 169 169 
5 42 
134 134 
187 187 187 203 
7 
5 38 81 81 162 243 243 
195 245 245 245 
26 26 59 172 172 172 172 188 188 222 
21 21 153 
5 5 
14 14 107 152 
152 

5 5 108 159 159 159 159 216 216 216 
10 14 14 14 18 63 202 202 202 202 
21 21 
35 35 81 81 
127 127 
121 121 238 
227 
93 154 
203 214 214 252 
44 
0 0 0 18 18 76 76 76 152 152 174 174 174 174 206 206 236 236 
90 138 206 206 206 
19 26 26 26 
51 137 202 242 242 
30 30 
21 81 81 

26 
5 5 
146 223 
122 169 210 249 249 249 
8 8 8 8 131 131 131 228 247 
26 26 26 
33 33 
7 156 156 203 203 203 
171 203 233 233 
60 60 60 191 191 223 223 223 223 236 236 
33 210 210 
16 89 93 93 95 95 95 95 95 
111 111 
137 137 
3 3 5 5 5 8 8 25 25 35 42 42 53 53 65 65 93 93 148 148 153 153 153 160 160 162 162 173 173 176 203 203 228 228 238 238 
26 
204 
17 17 26 26 100 100 100 127 127 183 189 189 194 
228 228 228 
7 7 218 218 
26 26 115 115 237 237 237 
28 165 203 203 
78 
61 206 206 242 
121 121 238 238 
203 
57 78 78 81 81 111 111 154 154 171 176 201 201 224 224 241 
5 5 5 112 243 
78 78 78 78 78 
127 127 144 144 229 229 229 240 
7 130 130 
5 5 20 20 166 166 166 209 213 213 237 
251 251 
84 84 84 109 109 183 194 198 198 198 

5 5 203 234 234 
5 221 
129 129 152 
1 1 1 
145 204 204 
47 119 152 
5 5 50 244 244 244 
100 100 183 183 183 198 
228 228 228 
79 79 93 93 
94 
145 145 177 204 204 246 246 
227 227 
87 87 
203 203 
5 5 26 
188 
107 152 152 152 
170 170 206 206 206 
55 55 91 91 238 238 238 
26 26 26 37 37 70 123 123 123 210 210 210 
122 122 122 161 161 196 196 
7 7 
251 
251 251 
54 54 84 84 96 96 189 229 
136 
104 104 
7 97 97 
71 71 71 
222 
5 5 5 
39 39 227 227 227 227 
175 
5 128 
18 18 18 34 63 80 80 202 202 
14 14 61 
4 4 4 14 14 
21 21 

5 5 159 
5 5 165 203 203 203 
96 96 240 240 
106 113 113 204 
69 152 152 

25 81 81 153 153 
203 
33 33 33 
153 
14 14 18 18 24 31 31 47 48 60 60 104 107 119 119 119 146 146 157 163 223 
1 1 2 2 2 3 21 21 21 25 27 27 45 81 81 81 148 148 151 228 228 228 
57 93 93 176 241 
206 206 206 
74 74 199 203 
31 152 
1 1 1 164 164 
5 50 50 50 50 142 
81 81 
123 123 
42 81 81 238 
14 14 152 
1 1 158 158 232 232 232 
28 28 88 143 203 203 
20 20 98 98 98 209 
173 
8 8 
26 37 37 70 
120 120 174 206 206 206 
75 93 205 
33 33 44 44 44 44 
81 81 167 176 
60 60 60 60 170 
30 135 196 196 
81 93 154 173 
113 204 204 204 
5 5 248 248 

14 14 
5 203 
9 9 30 196 196 
84 100 109 109 109 
21 228 

18 
40 40 40 
44 44 118 
84 84 127 196 196 196 
236 
76 76 205 
18 23 23 
237 253 
84 100 255 255 255 255 
43 204 245 245 
5 5 30 30 30 30 123 123 175 175 182 182 189 189 189 239 239 
11 33 33 
100 100 100 109 
156 
229 
93 93 
51 51 51 51 63 137 137 
5 5 5 7 7 7 36 40 58 74 74 74 75 81 81 88 88 92 102 116 116 143 143 143 149 156 165 165 181 220 220 251 
83 106 106 113 113 145 177 177 177 195 245 
29 171 191 
18 60 60 61 61 61 90 90 120 120 120 155 155 155 170 170 170 250 
26 
4 4 14 14 
98 166 
70 77 77 122 122 122 
33 
6 
98 98 
58 58 
8 8 8 
50 50 50 
233 233 
7 7 7 86 86 
33 33 
203 203 251 
103 
6 6 6 6 33 44 132 
69 76 76 76 76 152 
93 93 

7 
5 5 12 12 56 114 114 134 134 134 134 
8 21 21 71 81 81 85 85 85 110 110 110 153 153 153 184 
96 96 96 127 200 240 240 
30 30 
15 15 26 
164 164 164 
75 75 217 217 
5 5 5 102 102 
5 
0 0 0 60 60 76 76 190 
87 87 87 98 193 253 253 
3 3 55 81 81 91 91 121 121 121 162 
196 196 
96 144 144 229 229 
93 154 
63 63 90 
5 5 42 42 94 
5 108 108 108 
22 22 43 43 43 195 195 204 251 
113 113 
8 8 71 
178 178 
70 70 70 
206 
99 99 125 126 126 203 220 245 
58 
193 237 237 
5 5 
194 194 194 194 
