Nodes: 256, Edges: 632
60 60 236 236 236 
21 21 105 153 158 158 164 164 
153 153 153 
81 153 238 238 
14 14 18 18 32 32 32 139 139 208 208 
12 12 12 12 26 26 38 38 42 42 46 46 50 50 68 81 81 81 94 94 94 98 98 102 108 114 114 114 114 117 117 123 133 133 136 136 142 143 159 178 178 181 196 196 203 203 207 221 221 227 235 235 238 238 243 244 254 254 
212 212 222 222 222 
41 74 86 97 124 130 130 203 203 218 218 226 
71 81 81 168 215 215 228 228 247 247 

51 
197 
5 5 5 5 
33 33 
4 4 18 18 32 32 32 47 51 163 180 208 
26 26 231 231 231 
78 78 89 93 93 
66 84 203 
4 4 14 14 51 51 60 60 137 152 152 186 186 186 206 206 
62 62 
98 98 166 166 
1 1 45 52 52 65 65 140 153 153 153 184 184 184 228 
245 
192 
152 152 
148 148 148 
5 5 15 15 33 44 59 59 62 62 67 82 82 84 84 84 87 87 98 98 108 108 117 117 141 141 196 196 207 207 231 237 
153 
165 165 
205 205 
64 64 175 175 182 182 182 196 230 
152 157 
4 4 4 14 14 14 
13 13 26 37 44 44 46 73 73 77 77 77 134 150 172 172 197 197 219 219 222 

53 53 53 81 81 81 
203 203 
33 122 169 169 
5 5 
134 134 
187 187 187 203 203 
7 
5 5 81 81 81 125 162 243 
195 195 245 
26 33 33 59 150 172 172 172 188 188 188 222 
21 153 153 153 
5 5 33 
14 152 152 152 
58 152 152 152 

5 5 123 123 159 159 216 
10 14 18 18 63 202 202 
21 21 
35 35 35 81 81 
127 127 127 
121 238 
227 
79 93 93 93 154 
48 104 214 245 
26 26 44 
0 0 18 18 76 76 76 120 152 174 174 236 236 236 
90 138 206 206 
19 19 26 26 
51 137 137 202 
30 30 
21 21 81 81 81 
17 
26 108 
5 114 114 
146 146 223 223 223 223 
122 122 210 210 210 249 249 249 
8 247 247 

33 33 
7 156 203 203 
171 203 203 205 217 233 
60 60 60 191 191 223 223 236 236 
33 33 33 210 
16 16 89 93 93 95 95 95 
57 111 111 111 
137 137 
3 5 5 5 8 8 35 35 35 42 42 42 53 53 65 65 65 93 93 93 148 148 148 153 153 153 160 160 162 173 173 176 176 176 203 203 228 228 228 238 238 238 251 251 
26 26 
204 204 204 
17 26 26 26 100 100 109 127 127 189 194 194 194 
228 
7 203 218 
26 26 115 115 115 237 237 237 237 253 253 
165 203 203 203 
16 78 
61 206 206 206 242 
121 121 121 238 238 
203 203 203 
16 16 57 57 57 78 78 81 81 81 111 154 154 176 176 201 201 224 224 241 241 
5 5 5 112 112 112 243 
78 78 78 
127 144 144 229 229 229 240 
7 130 130 130 
5 5 20 20 26 26 122 166 209 209 213 213 
251 251 
84 84 109 109 183 198 198 
106 
5 203 203 234 
221 
58 129 129 152 
1 
101 145 145 204 
119 119 152 
5 26 26 67 244 244 
84 100 100 183 198 198 
228 228 228 228 
79 79 79 93 
94 94 94 
145 145 177 204 246 
5 5 5 5 68 68 227 227 
87 87 87 

5 5 26 26 

107 107 152 152 
60 170 206 
55 91 91 91 238 238 238 
37 70 70 98 123 123 210 
5 50 50 122 122 161 161 196 
7 
42 251 251 251 
251 251 
54 54 54 84 84 96 216 229 
228 
104 104 
7 7 97 97 97 
228 228 228 
222 222 
5 5 227 227 
33 39 39 227 227 
175 175 
5 5 
18 63 63 80 80 202 202 
61 
4 4 
21 
26 26 
5 
5 149 149 165 165 203 203 
96 96 240 
106 106 113 113 
69 69 152 
171 
25 25 25 81 81 81 153 153 
143 143 203 203 
33 44 
153 153 228 
18 18 24 24 31 47 47 47 48 48 48 60 104 107 119 119 146 163 223 
1 2 2 2 3 21 21 21 27 45 45 45 81 81 81 148 148 151 151 179 228 
57 93 93 176 176 241 
206 206 
74 199 199 203 203 
31 
1 1 164 
5 50 50 
81 81 251 251 
123 123 
42 81 238 
14 152 
1 1 158 232 232 232 232 
28 28 88 143 143 203 
20 20 98 209 209 
173 173 173 
8 
37 37 
120 206 
75 147 205 205 
33 33 44 44 44 
81 81 167 167 167 176 
60 60 206 
30 30 135 135 196 196 
81 81 81 93 93 154 154 173 
113 204 204 
5 5 248 248 
153 
14 
5 
30 30 30 196 196 
100 109 
21 21 21 

18 18 18 
40 40 40 
44 44 44 
84 196 196 
236 236 
76 76 
23 
253 
84 84 84 255 255 255 
43 43 204 204 245 
5 5 26 26 30 123 175 175 182 182 189 189 
11 33 33 
100 100 109 109 
156 156 
229 
93 93 
51 51 63 137 137 
5 5 7 7 17 36 36 40 40 74 74 75 75 81 81 86 88 88 88 92 92 92 102 102 143 143 149 149 156 156 165 214 220 251 252 252 
83 83 83 106 113 177 177 195 195 245 245 
29 29 75 171 171 
18 18 61 61 90 90 90 120 155 155 170 174 250 
5 26 26 
4 4 14 
98 98 166 166 
70 70 70 77 122 

6 6 222 222 
98 98 
58 203 
8 8 
50 127 
75 
7 7 86 
33 33 
203 251 251 
5 5 103 
6 6 6 33 44 132 132 212 212 
69 69 69 69 76 76 152 
93 93 

7 
5 56 114 114 133 133 134 134 
8 8 21 81 81 81 85 110 110 110 110 128 131 131 131 151 153 
96 96 96 127 200 240 
30 
15 15 15 26 
164 164 164 164 
75 
102 
5 5 
0 0 0 60 60 60 76 76 190 190 
26 87 87 87 87 253 253 253 
3 3 5 5 55 81 81 81 91 91 121 121 121 162 

96 144 229 
93 93 154 
90 
5 42 94 
5 108 108 
22 43 58 195 204 204 
113 
8 8 71 71 
178 178 
70 70 70 
206 
81 81 99 99 125 125 125 126 126 160 160 203 220 220 
203 203 
87 87 193 237 237 237 
5 5 
194 194 194 
