Nodes: 256, Edges: 632
60 236 236 
105 105 153 153 153 158 164 164 
153 
238 238 
14 14 18 18 18 32 32 139 139 139 208 
12 12 26 26 26 38 38 42 42 46 50 50 68 81 81 94 94 98 98 102 103 108 114 114 117 117 123 133 136 143 143 178 181 196 196 196 203 203 207 221 227 227 227 234 235 238 238 238 243 243 243 254 254 
212 222 222 222 222 
41 41 74 86 86 86 97 124 130 130 203 203 218 218 
71 81 168 168 215 228 228 228 
182 182 182 
51 
33 197 
5 5 227 227 
33 33 
4 4 32 32 47 51 146 152 163 163 163 180 180 
26 26 231 231 
78 78 78 89 89 89 93 
66 84 84 
4 4 4 51 51 60 90 90 137 152 152 186 192 206 

98 98 166 166 
52 52 65 140 140 140 153 153 184 184 228 228 232 
245 
192 192 
225 
81 148 153 153 
5 5 5 15 15 33 59 59 62 62 67 67 72 72 82 82 87 98 98 98 108 117 117 117 122 122 141 185 196 196 207 231 237 237 
153 
88 165 165 
205 205 
64 64 175 175 182 182 182 196 196 196 230 230 
152 152 152 157 
4 4 14 14 202 
11 13 13 26 37 44 44 46 73 73 77 77 77 134 150 150 172 172 197 211 211 211 219 222 
137 137 
53 81 
203 
33 122 122 
5 5 
134 
187 187 
7 7 
5 5 81 81 243 
195 195 245 245 245 
33 33 59 150 150 172 172 188 222 222 222 

5 33 77 
14 152 
58 152 
84 84 
5 5 108 123 159 159 216 216 216 
10 14 18 18 191 202 202 202 202 
21 21 
35 81 81 
127 127 216 
121 121 238 238 238 
94 227 
79 93 93 93 
48 104 104 214 245 245 252 
26 26 44 
0 18 76 152 174 174 174 174 206 206 236 236 
138 206 
26 26 
90 137 
30 30 
21 81 81 
17 
26 26 108 
5 114 
146 146 223 223 223 
122 169 210 210 249 249 
8 131 131 131 228 228 247 247 
26 26 
33 33 
7 156 156 203 203 
203 203 203 217 233 
60 191 191 223 223 223 223 236 236 
33 33 33 46 210 210 
16 16 16 89 93 93 95 95 95 
57 111 

5 5 8 25 35 42 42 53 53 65 65 93 93 93 148 148 153 153 160 162 173 173 176 203 203 228 228 228 238 238 238 251 251 251 
26 26 
113 204 204 204 
17 17 49 49 100 100 109 109 127 127 127 183 183 189 194 194 194 
228 228 
7 7 7 203 203 218 
26 115 115 115 237 237 237 253 
28 165 165 203 203 
16 16 16 78 
18 18 63 206 242 
121 121 238 238 

16 57 57 57 78 78 81 81 81 111 154 176 176 201 201 224 224 241 241 241 
5 5 56 112 243 243 243 
78 78 78 
127 127 144 144 229 240 240 
7 130 130 
5 5 20 20 26 26 26 166 166 166 209 213 213 213 237 237 
251 251 
84 84 109 194 194 198 

5 203 203 234 234 
5 
58 58 129 
1 1 
204 204 
119 
5 26 50 67 244 244 244 
84 84 100 127 183 183 183 183 198 
228 
79 93 
94 
83 145 145 177 177 204 204 204 246 
5 5 68 
87 87 87 
203 
5 5 26 26 26 
188 
107 137 152 152 152 152 152 
170 206 206 
55 55 91 91 238 
26 26 37 37 70 123 210 210 
5 50 122 161 161 196 196 
7 
251 251 251 
251 251 
54 54 84 84 84 96 96 109 187 189 189 216 229 
228 228 
104 
7 7 97 97 
71 71 71 228 
222 222 222 
5 227 
33 39 227 
175 175 
5 
18 34 34 63 119 202 202 
61 
4 4 4 
21 21 21 
26 178 

5 5 149 151 165 203 203 
96 96 240 240 
113 113 204 204 
14 69 69 152 152 

25 81 81 153 
143 203 203 220 
33 33 44 44 
143 228 228 
14 18 18 31 31 31 47 48 60 119 119 119 119 119 146 146 157 157 163 163 163 
1 1 1 2 21 21 25 25 27 81 81 148 179 228 
93 241 
206 206 
74 74 199 199 203 
31 152 152 
1 164 
50 50 
81 251 
123 123 
81 
14 14 14 152 152 152 
1 1 158 232 232 
28 28 88 88 143 203 203 203 
20 20 98 98 98 209 
173 173 
8 8 
70 
120 174 174 206 206 206 206 
205 
33 33 44 44 
81 81 167 167 176 
60 60 60 60 170 170 206 206 
30 30 135 135 
81 93 93 173 
113 113 204 204 
5 141 248 248 248 
153 
14 14 
5 203 
9 9 9 30 30 30 196 196 
84 84 109 109 109 109 
21 21 
26 
18 
40 40 127 
44 118 
84 127 127 
236 236 
51 76 76 
18 23 23 
237 253 253 
84 84 84 100 100 255 255 
43 43 204 245 245 
5 5 5 26 26 30 30 30 123 123 182 182 239 239 
11 33 
100 109 
156 156 
229 229 
93 93 
32 51 51 51 51 137 137 
5 5 7 7 36 74 74 75 75 75 81 81 86 86 88 88 102 102 116 143 143 149 149 156 165 165 165 181 220 251 251 251 252 
83 83 83 106 106 113 113 113 145 145 177 177 195 245 245 
29 29 171 
18 60 60 61 90 120 120 155 155 170 170 170 170 174 174 250 
5 26 
4 
98 166 
70 70 77 77 122 122 
33 33 33 
6 222 
98 98 98 
58 
8 
50 50 50 54 127 
75 
7 7 86 
33 
149 203 251 
5 
6 6 6 6 33 44 44 44 132 132 132 212 
69 69 69 76 76 76 76 
93 93 
24 

5 5 5 12 12 56 133 134 
8 8 8 21 21 71 71 81 81 81 85 85 110 128 128 131 151 151 153 
96 127 200 200 240 240 
30 30 
15 15 26 
21 164 164 
75 
5 102 102 
5 
0 0 60 60 76 76 190 190 
26 26 87 87 87 98 98 193 253 253 
3 3 5 5 5 55 55 55 81 81 81 91 91 121 
196 196 
96 96 144 144 229 229 
93 93 93 154 
90 
5 5 5 42 94 94 94 
108 108 108 
22 43 43 43 58 58 195 195 204 204 
113 
71 71 
178 178 178 
70 70 
206 
81 81 81 99 99 125 125 125 126 126 160 203 203 203 220 
58 203 
87 193 193 237 237 
5 5 
194 194 
