Nodes: 256, Edges: 632
60 236 236 236 236 
105 153 158 158 
153 153 
81 81 153 153 153 153 238 
14 18 32 32 32 139 139 139 139 208 
12 12 12 12 12 26 38 42 42 46 50 50 68 68 81 81 98 98 108 114 114 114 117 117 123 133 136 142 142 142 142 178 178 178 181 196 203 203 207 221 221 227 235 235 238 244 254 
212 222 
41 41 74 74 86 97 97 124 124 203 203 218 218 226 
71 71 81 81 81 168 168 228 228 247 247 247 
182 182 

33 33 33 
5 5 5 5 5 227 227 
33 33 37 37 
4 32 32 47 107 138 138 138 139 146 146 152 152 152 180 180 180 208 208 
26 231 231 
78 78 89 89 93 93 93 
66 84 84 203 
4 51 60 60 60 90 137 137 152 186 186 192 206 
62 62 
98 166 166 166 
45 52 52 140 140 140 140 153 153 184 228 
245 245 
192 192 
152 152 152 225 
81 148 148 153 
5 15 33 33 33 44 44 59 59 62 62 67 72 72 82 82 84 87 98 98 108 108 117 117 122 169 207 207 231 237 237 
153 
88 88 165 
205 
64 64 175 182 182 182 196 196 196 196 230 
152 152 152 157 
4 4 4 14 14 202 
11 11 11 13 13 26 26 26 37 134 150 150 197 211 211 211 222 222 222 
137 137 
53 81 81 
203 203 203 
13 13 33 169 185 
5 42 
134 134 
187 187 203 
7 7 
5 5 38 243 243 243 
195 245 245 
26 26 59 59 150 172 172 188 222 
21 148 148 
5 77 
14 152 152 
152 
84 84 
5 5 108 123 159 159 216 
18 191 202 202 
21 21 
35 81 81 
127 
121 238 
227 227 227 
79 93 93 
104 104 203 203 245 252 
26 26 44 44 
0 18 18 18 120 152 152 174 174 174 174 206 206 206 236 
90 206 206 206 
19 19 26 26 
90 90 137 137 202 
30 30 
81 
17 
26 108 
5 5 114 114 114 
146 223 223 223 223 223 
122 169 210 249 249 
8 8 131 228 
26 26 

7 7 156 203 203 
171 171 171 203 205 217 233 
191 191 223 223 223 223 223 236 236 236 236 
46 210 210 
16 16 89 89 93 95 
57 111 
137 
3 3 5 5 8 8 8 25 35 35 53 53 65 93 93 148 148 148 153 153 160 160 173 173 176 176 176 203 203 203 228 228 228 238 
26 26 
113 113 204 204 
17 17 26 49 49 100 100 109 127 127 189 189 189 194 194 
228 228 
7 203 218 218 
26 115 237 253 
28 28 165 165 203 
16 16 78 78 
18 61 63 63 206 242 242 
121 121 121 238 238 
203 203 
16 16 16 57 57 78 81 81 111 111 154 154 154 176 176 176 201 224 224 224 
112 112 243 243 
78 
127 127 144 229 229 229 229 240 
7 7 130 
5 5 20 26 26 166 166 166 209 209 209 213 213 237 
251 251 251 
84 84 109 109 183 194 194 194 198 198 

203 203 203 234 
221 
58 58 129 
1 
145 145 145 204 
14 119 119 152 
5 26 26 50 67 244 
84 100 100 183 183 
228 228 
79 93 93 
94 94 
83 83 145 177 204 246 
5 5 5 68 68 68 
87 
203 203 
5 5 26 26 
188 
107 107 152 152 
60 170 170 170 206 206 206 
55 91 91 91 238 238 
26 70 123 123 123 123 210 210 
5 50 122 122 122 122 161 161 
7 7 
251 251 251 
203 251 251 
54 84 84 96 96 187 189 229 229 
228 
104 
97 
71 228 228 
222 
5 227 227 227 
33 39 39 
175 175 
5 
18 18 34 34 63 63 80 202 202 
14 14 14 
4 4 4 4 14 
21 21 21 21 
178 
5 5 5 5 159 
149 149 165 165 203 203 203 
96 240 240 
106 106 106 113 
14 14 69 152 

25 25 45 45 81 81 81 153 153 153 
143 143 203 203 203 
33 33 44 
228 
14 14 14 18 24 24 24 31 31 31 47 47 48 60 60 107 119 119 146 157 163 223 223 
1 2 2 3 3 3 3 21 21 25 27 81 81 148 148 148 179 179 228 228 228 
93 93 93 176 241 241 
206 206 
74 199 199 203 
31 152 
1 1 164 
50 50 142 
81 81 251 
123 123 
238 
152 
158 232 232 232 
28 88 88 143 143 203 
20 20 20 98 98 98 209 
173 173 173 
8 8 
26 37 70 
120 120 120 174 206 206 206 
75 75 75 205 
44 44 
81 81 167 167 167 176 176 
60 60 60 60 170 
30 135 135 196 
81 81 81 93 93 93 154 173 173 
113 204 
5 5 5 141 248 248 248 
153 153 
14 14 14 
5 
9 9 30 30 30 
100 109 109 
21 
37 
18 18 
40 40 127 
44 118 
84 84 84 127 196 196 196 
236 236 236 
51 76 76 
18 23 23 
237 237 253 
84 84 100 100 100 255 255 
43 204 204 245 
5 30 30 30 30 175 189 189 189 239 239 
33 
100 100 
156 156 
229 229 
93 
32 51 51 63 137 137 
5 5 7 7 17 36 36 36 40 58 58 74 74 75 81 81 81 86 88 92 92 102 102 102 116 116 126 143 143 143 149 149 149 156 165 220 251 251 251 
83 83 106 113 177 195 195 245 245 
29 75 171 
18 60 60 60 61 61 61 90 120 120 120 155 155 170 170 170 250 250 
5 26 26 
4 14 14 
98 98 98 166 
70 77 77 122 122 
33 33 33 
6 222 222 
98 98 


50 
75 233 
7 7 86 86 

203 251 
5 5 103 
6 33 33 33 44 132 212 212 
69 69 69 69 69 76 76 76 76 76 152 152 
93 93 93 
24 
7 
5 12 12 56 56 56 133 133 133 
8 8 21 71 81 81 81 85 85 110 110 128 131 131 151 153 153 153 
96 96 96 96 127 127 200 200 240 
30 
15 15 26 
164 164 164 
75 217 
102 
5 5 
0 0 0 0 60 76 76 76 76 190 190 190 
26 26 87 98 193 193 
3 5 55 81 91 91 121 121 162 
196 196 
96 144 144 229 
154 154 
90 90 
42 42 42 94 94 
5 108 
22 22 43 43 58 195 204 204 
113 
8 8 8 
178 178 178 
70 70 
206 206 
99 99 99 125 125 125 126 126 160 203 203 203 220 
58 
87 193 
5 
194 194 
