Nodes: 256, Edges: 387
60 236 
21 21 21 110 110 153 158 164 

81 81 
18 
26 38 38 38 42 46 56 81 91 94 114 123 141 159 159 161 178 178 227 227 234 235 235 235 238 238 238 243 244 
212 212 222 
41 41 41 86 124 125 203 
71 71 81 228 228 247 

14 
33 33 

33 37 
10 18 18 32 32 32 47 51 60 139 146 152 208 
26 26 231 231 
93 93 
66 84 226 226 
4 14 14 34 34 51 51 61 61 63 120 137 145 145 145 152 186 206 
62 
98 98 98 166 166 213 
1 1 1 153 179 
204 204 245 

107 107 107 152 
81 153 
5 15 15 59 62 62 67 67 72 87 87 117 141 141 207 207 207 231 237 237 
153 
165 

64 175 175 196 230 239 

14 14 14 138 138 138 
11 11 13 37 39 134 134 134 134 150 197 197 222 222 222 
18 18 137 137 
53 81 

13 33 122 122 169 
5 5 5 
33 134 
203 
7 7 7 179 
5 81 81 125 228 228 
245 
59 73 118 150 
148 
5 103 103 103 
14 152 180 180 



14 18 18 

35 
127 
121 238 238 
5 103 181 181 
154 
203 
26 44 
0 14 61 61 61 76 152 206 
18 18 60 60 60 
19 26 26 108 
18 90 137 137 242 
30 

17 84 
26 26 

186 
249 249 
8 8 131 228 228 228 247 
26 
44 
203 203 218 
147 171 171 217 226 233 
60 
122 122 
89 93 93 
111 
137 
3 3 5 8 25 35 42 42 93 93 153 160 173 173 203 220 220 228 

113 177 
17 66 109 127 183 183 189 
228 228 
7 203 203 
26 26 108 108 115 237 253 
165 165 203 
78 95 
63 206 242 
5 
203 203 203 
16 16 78 78 81 81 154 201 
5 243 
89 
127 229 240 
130 130 
20 20 20 116 209 
228 251 
109 127 194 194 198 
145 204 
142 
46 46 46 56 
152 


24 24 24 119 
62 87 87 
84 100 180 194 194 198 255 255 
1 1 153 
79 154 

83 177 177 246 246 
5 227 227 
87 
98 203 
26 136 
44 
107 
18 170 206 
55 
37 37 77 77 207 
5 161 
7 
7 42 

54 84 96 100 187 
251 

97 97 
71 228 228 
222 
227 
33 33 33 33 39 

117 
18 34 34 63 63 80 
32 32 32 
14 

5 26 26 
102 
203 

18 18 18 101 204 
14 152 223 
75 
45 153 
203 203 203 
33 44 

14 18 24 47 60 104 146 157 157 157 163 
1 21 25 27 81 110 148 
57 93 111 176 176 241 
205 206 206 206 
199 203 203 
152 152 152 163 163 
1 
5 5 
81 
5 123 
238 238 
152 157 157 
1 232 
28 88 88 203 
20 20 209 
173 173 173 

37 
120 174 
75 75 

81 81 167 167 167 176 
170 
30 30 196 196 
154 154 173 224 
83 113 113 204 204 
5 5 
21 41 
47 47 109 
56 56 

84 84 
228 228 

18 69 
127 

84 
236 
205 205 205 

237 237 253 253 
100 100 109 109 
204 245 245 245 
30 175 175 239 
33 33 
100 109 
156 
229 240 
93 

7 40 58 74 74 81 86 86 88 92 92 92 116 143 149 149 149 156 156 165 220 252 
22 22 101 145 177 177 195 245 
155 191 191 191 206 
18 60 90 120 155 155 155 205 
26 26 26 122 
14 
98 166 

222 
6 6 222 
20 237 253 
252 


75 233 233 233 
74 

81 81 203 251 

6 33 33 33 132 211 212 
146 
176 

17 17 75 
5 5 114 114 133 
8 8 42 42 71 71 71 81 85 85 99 131 131 184 184 
96 200 
30 
15 15 26 
164 
75 217 217 217 
5 254 254 
5 5 5 
0 190 
26 26 87 193 193 213 
5 5 5 55 55 162 162 
30 196 
96 200 
154 
63 90 
5 94 248 248 248 
5 
22 43 195 195 195 204 
113 113 
8 71 
243 243 243 
70 70 

99 128 220 
203 214 
87 193 193 213 
234 234 
109 109 
