Nodes: 256, Edges: 387
60 236 
21 21 105 110 153 158 232 
153 
228 
14 14 32 138 
26 38 46 50 50 56 56 68 68 81 94 94 98 102 102 108 114 117 117 123 123 123 133 141 143 159 161 161 196 203 227 238 243 244 248 
222 
41 74 97 97 124 124 125 125 125 203 203 
81 81 215 228 228 247 247 
182 182 
14 
33 

33 37 
4 4 10 138 152 152 163 208 
26 231 
89 89 
84 84 
34 34 34 51 61 61 63 120 120 120 137 186 
62 
98 98 213 213 
1 1 153 
204 
192 
152 
153 
5 15 33 62 67 72 82 82 87 141 213 
153 153 
88 88 165 
205 205 
175 182 196 196 230 
152 
4 138 138 
11 13 26 37 39 44 134 150 185 185 197 222 
18 18 18 
81 

13 33 122 
5 
33 
203 
7 
81 151 151 228 228 228 243 
245 
33 59 73 73 73 73 118 188 219 222 
148 153 
5 103 103 
152 152 180 
152 
84 
5 5 
18 

81 81 81 
83 127 127 
121 
5 5 181 227 
93 93 
104 245 
44 
0 61 236 236 
18 18 60 
19 26 108 108 
18 202 

81 93 
84 84 
26 
5 5 
186 186 
122 249 
131 228 
26 
44 44 44 44 
7 156 203 203 
147 203 217 217 226 233 


93 

137 
5 8 8 35 42 53 53 53 65 93 93 99 153 153 160 160 162 162 173 176 176 203 203 220 228 238 251 
26 26 231 
54 113 113 177 177 204 
17 17 49 66 66 109 109 127 127 183 183 189 189 
228 
203 203 203 203 218 218 218 
26 108 108 108 253 253 
28 28 165 165 203 203 
16 16 95 
206 
121 121 153 
203 203 
57 57 65 78 81 81 111 154 176 176 201 241 
5 5 112 
89 
127 
7 7 130 130 130 
5 20 20 
81 
194 198 198 198 229 
204 204 
5 5 142 254 
46 46 
58 129 129 
1 


5 62 62 87 87 87 
84 84 180 194 198 255 255 
1 153 
93 154 154 
94 
83 83 145 145 246 
5 227 227 

203 203 
5 5 
44 
152 152 
18 18 18 206 
55 91 91 238 
37 70 210 210 
5 5 5 
7 7 
7 7 7 
203 
54 54 84 84 96 187 187 187 189 216 
228 
104 104 
97 97 97 
71 228 228 

5 
33 
175 175 

18 80 202 
4 14 32 32 


5 26 
102 159 
5 149 203 
200 200 240 
113 113 204 204 
152 152 
75 
45 
143 203 
33 
42 42 228 
14 14 24 31 47 47 48 119 119 146 146 157 157 163 163 
1 2 21 25 27 27 45 81 81 91 110 
93 111 111 176 176 
205 205 
74 203 203 
152 152 163 163 
1 
5 142 
81 81 
5 5 
81 81 
14 152 152 157 157 

28 88 88 203 
209 209 
173 


174 174 206 
205 205 

81 167 176 176 
170 170 206 
30 135 135 196 
81 81 93 93 154 154 173 173 224 224 
83 83 


47 109 
56 
9 9 30 
84 84 
228 228 
33 33 
18 69 69 
127 127 127 
44 
84 84 127 216 216 


23 206 
200 
100 109 
204 245 
5 30 30 175 239 
33 
100 100 100 109 

144 144 193 240 240 
93 
63 137 
5 7 7 40 74 74 75 81 81 86 86 86 86 88 88 92 92 116 116 126 143 149 156 156 165 220 251 
22 83 101 101 145 145 195 
29 29 155 155 171 171 
90 120 170 174 192 250 

14 
166 166 
122 122 
222 
222 222 
20 20 26 237 
252 
8 228 
127 189 189 
75 75 233 233 
86 86 86 
44 
81 203 
248 
6 33 44 211 212 212 

176 176 

75 
5 56 114 114 
3 8 8 42 42 42 71 81 85 128 131 131 151 184 184 215 
100 240 
30 
15 82 
1 
75 217 217 
254 

0 60 60 
213 253 
5 81 121 
196 
144 200 200 229 
93 

5 42 248 
5 
43 58 195 
113 
8 8 
5 221 243 
70 
206 
81 203 
214 
87 87 237 
102 234 
109 109 
