Nodes: 256, Edges: 387
60 
110 110 153 158 158 164 232 

81 228 228 
14 32 138 
26 38 38 46 46 56 56 68 68 81 91 102 102 102 108 123 123 123 141 141 143 159 159 161 178 196 196 234 234 235 235 243 243 248 
212 212 212 
74 74 124 125 203 203 203 
81 81 168 168 228 228 228 247 247 
182 182 

33 

33 37 37 
4 18 47 51 139 139 146 152 


226 226 226 
14 34 51 61 120 120 120 137 137 145 152 186 186 

98 166 
140 153 179 
204 
192 192 
107 107 107 107 152 
81 
5 33 33 59 67 70 72 82 82 87 87 87 117 122 141 207 213 213 237 
52 153 
88 88 88 165 
205 
64 182 196 230 239 
152 
4 138 138 
11 13 26 26 39 122 122 134 134 134 169 172 185 219 222 
18 
53 81 

13 13 122 
5 5 
33 134 
203 

81 151 151 228 228 228 
195 245 
59 73 73 118 150 188 
148 153 153 153 
5 5 
14 152 152 



14 18 
27 
35 81 
127 127 
238 
5 5 103 227 
93 
203 214 
26 44 
0 61 61 76 206 206 236 236 
18 60 60 
108 108 
137 202 242 
30 
81 93 

26 
5 5 
146 186 186 186 
26 122 122 122 249 
131 228 228 247 
26 
44 44 
7 7 156 156 203 218 
147 203 203 217 233 
60 
122 
89 89 89 93 93 93 
111 111 
137 
3 5 8 8 25 35 42 53 65 93 93 153 153 160 162 162 176 203 203 203 220 220 228 238 238 
26 26 
177 204 
183 189 
228 228 
203 203 
26 26 26 108 237 
28 28 28 165 203 
78 78 78 
242 
5 
203 203 
57 65 78 78 78 81 81 154 201 201 241 241 
112 112 112 243 

200 
130 226 
20 209 209 

109 109 127 194 229 
145 204 204 
5 5 5 142 142 203 234 
56 
129 129 152 


24 24 24 24 119 152 152 
5 62 62 87 
100 100 127 255 255 
1 1 
79 79 154 154 
94 94 94 
145 204 246 246 
227 

203 203 
26 136 
44 
107 152 
18 18 18 206 
181 238 
26 33 33 37 70 70 70 77 
5 5 5 161 182 196 
7 
7 
203 203 
54 54 100 109 187 216 229 
228 
104 104 
97 
71 228 
222 
227 
33 33 33 39 

117 
18 18 63 80 202 
4 32 32 
14 14 
21 
5 5 26 
102 102 
5 203 
200 200 
18 101 113 
14 69 152 223 223 
75 
45 153 153 

44 
42 42 228 
14 18 24 31 47 47 104 107 107 119 146 163 223 225 
1 21 27 45 45 45 81 81 148 148 179 
93 111 111 176 241 
206 
74 74 203 
163 
1 1 164 
5 5 
81 
5 123 
81 81 238 
152 157 
1 158 232 
28 88 203 203 
20 
173 
8 8 
33 
206 
205 
33 
167 
206 
196 196 
81 154 224 224 224 
83 
5 
21 153 

121 
9 9 30 123 
84 
228 228 228 
33 
18 18 69 69 69 
127 
44 
84 216 216 216 


23 23 206 
200 
100 
43 245 
5 5 30 123 175 175 



96 144 144 193 240 240 240 
93 93 
63 137 
7 7 7 40 58 74 75 75 81 81 81 86 86 88 92 92 102 116 116 126 126 143 156 165 165 251 252 
22 83 101 101 113 
29 171 206 
60 60 120 155 170 174 192 205 250 
26 

98 98 

222 
6 6 6 222 
26 26 
58 
228 228 228 
127 189 189 189 
75 233 233 
74 
33 
81 81 
248 
33 132 211 212 
146 146 152 
176 176 176 
152 
17 17 17 97 
56 114 133 
3 3 8 8 8 42 42 42 71 71 81 85 85 128 131 151 184 184 184 215 215 215 
100 127 
30 

1 164 
75 217 217 
5 5 102 254 254 254 
5 5 
60 60 
26 87 253 
55 81 81 121 162 
30 
200 200 200 
93 93 154 
63 90 
5 5 94 248 248 

43 195 
113 113 
8 8 71 
5 221 243 243 
70 
206 
203 
203 
237 
234 234 234 
109 109 
