Nodes: 256, Edges: 387
60 60 
105 105 105 110 153 164 164 164 232 232 
129 
228 228 
14 14 14 18 32 138 
26 38 38 46 56 68 81 91 102 108 108 108 114 114 117 123 123 133 133 159 161 161 178 203 234 234 235 238 243 243 
212 222 222 
86 124 124 124 125 125 125 
71 168 168 215 228 247 
182 182 
14 
33 33 
227 
33 33 37 
4 4 4 10 18 18 51 51 146 
26 26 231 231 
93 
66 66 226 
4 14 14 34 61 63 120 137 145 152 186 186 186 

98 166 
153 179 179 
195 204 
192 192 192 
107 107 152 152 152 223 
81 153 
5 15 15 33 44 59 62 67 72 72 82 87 98 108 117 141 196 207 207 213 231 231 231 
52 153 153 
165 
205 205 
64 64 182 196 230 239 239 239 
152 
4 138 
11 11 13 13 26 122 134 134 134 172 185 197 222 
18 
81 81 81 

13 122 169 
5 5 

203 
179 
81 228 243 
195 245 
26 59 59 73 73 188 
148 153 153 
5 103 
152 152 180 180 

84 84 

14 14 
27 


121 238 
5 103 227 
93 154 
203 214 
26 44 44 
0 0 61 61 61 76 76 152 206 206 236 236 
18 60 60 60 206 206 
26 
18 90 137 202 
30 30 
81 
17 17 84 
26 
5 
146 146 
122 249 
8 131 131 247 247 
26 26 
44 44 
203 203 
171 217 217 233 233 
60 60 
122 
89 93 93 93 
111 
137 
5 25 35 35 35 42 65 93 93 160 160 160 162 220 238 251 251 251 
26 
113 
49 49 66 127 183 183 
228 228 228 
7 203 218 
26 108 253 253 
165 203 203 
78 95 
63 242 
5 
203 
16 57 78 78 78 81 81 111 154 176 176 201 
112 
89 
127 200 

20 26 166 209 

127 127 198 
204 204 204 
5 142 142 142 142 254 
46 56 
129 129 129 
1 1 1 
145 
24 24 
5 5 5 26 87 
127 127 194 198 198 255 
1 153 
79 93 154 154 
94 
83 145 
5 5 227 227 

203 
5 26 


18 170 206 206 206 
55 
33 37 70 77 210 210 210 
5 5 161 
7 7 7 
7 7 7 
203 
84 96 100 100 109 109 187 187 229 

2 104 104 104 

71 71 228 

5 5 227 227 
33 33 33 
175 175 175 

18 63 80 
4 32 


26 
102 102 102 102 159 
149 203 
200 
18 106 113 204 204 
14 69 69 152 152 223 223 

45 153 153 
143 203 

153 228 228 
18 24 24 24 31 47 47 60 146 146 157 157 163 163 223 225 
1 21 25 27 27 45 45 110 148 148 151 
57 93 111 111 241 
205 206 
199 203 
152 152 163 163 
164 
5 142 
81 81 81 
5 5 123 
81 
152 152 157 157 
1 1 1 158 
28 88 203 
20 98 
173 
8 8 
37 
120 
75 
33 
167 176 176 
206 
135 135 135 196 196 196 
93 93 173 173 224 
204 204 
5 
21 21 41 
47 47 

9 9 30 
84 84 
228 
33 
18 18 18 
127 127 
44 
216 216 216 
236 
205 205 
23 23 23 

109 
22 43 204 204 
26 30 175 175 175 239 239 
33 
100 109 109 
156 
96 144 240 240 240 
93 
63 
5 40 58 74 74 86 88 88 92 116 126 143 149 156 165 
22 101 101 101 145 145 177 177 195 195 
29 29 155 191 191 
60 60 61 61 120 120 120 155 174 
26 26 

98 
122 122 122 

6 222 222 222 
26 237 
58 
8 228 228 
189 189 189 
75 75 233 
86 

81 

6 6 33 212 212 212 
24 146 146 152 
176 
152 
17 
12 56 114 114 133 133 
3 3 8 42 85 85 85 131 151 151 184 215 215 
127 240 240 
30 
15 15 26 26 26 
1 1 
75 75 217 
5 5 
5 
60 60 190 
213 253 
5 55 81 
30 30 30 196 196 
200 200 200 229 229 
154 
90 
5 5 42 248 248 

43 

8 71 71 
243 243 
70 

81 81 81 

87 87 237 
102 
109 
