Nodes: 256, Edges: 387
60 60 
105 105 153 158 232 


14 14 18 
38 38 42 46 50 50 50 56 56 81 91 102 114 117 117 123 133 159 161 161 161 161 203 227 234 235 238 243 244 244 
212 212 212 222 
41 97 97 124 124 124 
168 168 215 228 247 247 247 
182 
14 

227 227 

4 4 10 18 51 139 139 139 146 152 163 208 
26 231 
93 93 93 
66 66 84 84 226 
4 14 34 34 34 51 61 61 63 137 145 145 152 186 186 206 
62 
98 
153 153 179 179 228 
195 

107 
81 
15 44 44 44 59 62 62 62 67 67 70 70 72 82 82 82 87 98 108 141 213 231 237 237 
52 
88 
205 
64 182 196 230 


37 37 44 122 122 134 134 150 185 197 222 
18 18 18 137 137 
53 81 
74 
33 33 122 
5 5 
134 
203 
7 179 
5 125 151 243 

26 26 26 33 73 118 150 150 188 222 222 
148 153 153 
5 103 103 103 
180 180 
152 
84 
5 5 5 
14 18 
27 
35 81 
127 
121 238 
5 5 
154 
203 214 214 
26 
0 0 61 152 
18 18 60 206 
19 26 26 26 108 
18 90 
30 
81 93 93 
17 17 84 
26 26 

146 186 186 186 
26 26 249 
131 228 247 
26 
44 
36 156 156 156 203 
147 171 203 217 233 233 

122 
89 89 89 93 93 
111 

5 25 35 53 65 93 93 99 160 160 162 173 173 173 176 203 251 
26 26 26 
177 177 204 
17 17 49 66 
228 
218 218 218 
26 108 108 108 108 115 115 237 253 
28 165 165 203 
78 78 78 
63 186 
5 111 121 
203 
16 16 16 65 65 78 78 81 81 154 176 201 201 241 
112 243 243 
153 
200 200 229 
7 7 130 226 
20 26 166 166 209 209 
81 
109 127 194 
145 204 204 204 
5 142 142 234 254 
46 46 46 
129 
1 1 
145 
24 119 119 152 
26 62 87 87 87 87 
100 127 180 194 194 
153 
79 91 154 154 
94 
145 177 204 204 
5 227 227 
87 87 
203 
5 5 136 
44 
107 107 152 152 152 
170 
55 91 238 
33 33 37 77 
5 196 
7 7 7 
42 
203 203 
54 100 109 187 187 187 189 216 216 229 

104 
97 
71 228 

5 
33 33 39 
175 
117 
18 34 34 202 
208 
14 14 14 

26 
102 102 
149 165 165 203 203 203 
200 200 240 
18 18 101 106 113 204 204 
14 69 152 223 
75 
45 153 
143 203 
33 44 44 
42 
14 18 48 60 107 119 119 119 146 157 157 163 225 
1 21 21 45 45 95 110 148 
57 93 111 111 
205 206 206 206 
74 74 74 199 203 
152 152 163 163 163 
1 
5 
81 81 227 
5 5 5 5 
81 
14 152 157 157 157 
232 
88 88 143 143 
98 98 209 209 209 
173 173 
8 8 

120 174 174 174 
75 

81 81 81 167 167 176 176 176 
170 170 170 
135 196 
81 93 173 173 173 
83 83 113 

21 21 41 
47 47 109 

9 30 

228 
33 
18 18 69 69 69 90 
127 127 127 
44 
127 216 
236 
205 
206 
237 
100 109 109 
22 204 245 245 
30 123 175 239 
33 

156 
96 96 144 144 229 240 
93 93 
137 
5 40 58 74 75 81 88 92 116 126 126 143 143 143 149 156 220 251 251 
83 101 101 101 113 113 145 145 195 245 
29 155 191 
18 61 155 155 155 192 250 

14 138 
98 98 166 166 166 


6 6 6 222 
26 253 
58 58 
8 228 
127 127 189 
75 233 
86 86 86 

203 

6 33 44 44 212 
146 

152 
17 97 
5 12 12 114 114 160 
8 21 71 85 131 184 215 
96 127 200 240 240 
30 
15 26 
1 164 
75 75 217 
5 102 254 254 
5 
190 
26 26 87 193 253 
5 55 121 
196 
144 200 229 229 
93 

5 42 94 94 248 
5 5 
195 195 204 

8 8 8 71 
243 
70 
206 
81 203 203 

87 213 237 
102 234 234 

