Nodes: 256, Edges: 387
60 60 236 236 236 
21 21 105 105 110 158 232 
153 153 
81 228 
32 32 
26 50 56 56 68 68 68 81 91 91 98 98 102 114 117 117 123 123 133 133 141 141 143 159 161 161 161 161 178 178 203 203 234 238 238 243 243 244 
212 212 222 
86 124 125 125 203 203 203 
71 71 71 228 228 228 247 
182 182 230 
14 
33 
227 
33 
10 18 18 32 47 47 60 139 146 163 208 208 
26 231 
89 93 93 
66 84 
14 14 51 61 61 63 120 137 145 
62 
98 213 213 
1 1 140 153 179 
204 204 245 

107 107 152 152 
153 
5 15 33 44 59 62 67 70 82 87 108 108 117 141 196 207 207 231 

88 88 165 

64 64 182 196 
152 
4 4 14 138 
11 13 26 44 122 134 169 172 172 185 197 219 222 
137 
81 81 81 
74 
122 122 169 


203 203 

125 151 151 228 228 228 
195 245 245 
26 33 59 73 118 150 188 219 222 
148 153 
103 103 
14 14 152 152 180 180 180 
152 

5 
18 

81 
127 
238 
5 5 227 
93 93 154 
203 214 251 
26 44 
0 0 14 61 61 76 206 236 
18 18 60 60 206 
19 26 108 
18 90 137 242 
30 30 
81 81 93 93 
17 
26 
5 5 5 

26 122 122 
8 8 8 228 228 247 247 

44 
36 156 156 203 203 
147 203 217 217 217 233 233 233 
60 
122 
89 
111 
137 
3 5 35 35 35 53 65 65 93 93 99 160 160 173 176 176 176 203 203 228 
26 
113 177 177 204 204 
17 100 109 183 
228 228 228 
7 203 203 
26 108 115 115 253 
28 28 165 203 
16 78 
63 242 
5 5 121 
203 
16 16 57 57 65 65 81 81 154 176 
243 243 

127 240 
130 130 
5 5 20 209 
81 228 
84 109 109 109 127 127 198 198 

5 142 142 234 
46 46 

1 1 
145 
24 24 119 152 
26 26 62 87 
84 100 100 100 127 194 198 
1 
79 

83 145 177 177 204 204 
5 
87 87 
203 203 
5 5 26 
44 
107 
18 170 
91 238 238 
33 37 37 70 70 77 
5 5 161 
7 
7 7 42 
203 
54 96 100 100 109 189 216 
228 

97 97 
228 

5 5 
33 
175 

18 34 63 80 202 
32 208 
14 
21 
5 5 26 
102 102 159 
5 149 165 203 203 203 
200 200 
18 106 113 204 204 204 
14 223 223 
75 
45 
143 203 
44 
42 42 228 252 
24 24 31 47 47 48 107 157 225 
2 2 21 25 45 
57 93 241 241 
206 
74 74 203 203 
152 163 163 163 
1 164 
5 142 
81 81 
5 5 5 5 123 
238 238 
14 157 157 157 
158 232 232 
28 88 143 203 
209 


33 37 
120 206 206 

33 33 
81 176 
206 206 
135 196 196 
81 81 81 93 173 224 224 224 
83 83 113 113 204 
5 5 
21 
47 47 47 

9 9 30 
84 
228 228 228 
33 


44 
127 216 216 
236 236 
205 205 
206 206 

109 
43 204 204 
26 30 175 175 239 
33 
100 100 109 

144 144 229 

137 
5 5 7 7 7 40 40 58 74 74 75 81 81 86 86 88 92 116 116 126 143 143 143 149 156 156 165 220 
22 22 83 83 113 113 145 145 145 177 195 195 
191 191 
60 61 155 170 170 174 174 192 192 
26 26 
14 14 138 
98 166 


6 6 222 222 
20 20 253 
58 252 
228 228 
127 189 189 
75 75 75 

33 44 
203 

6 33 44 212 212 
146 146 
176 176 176 
152 

12 56 
3 8 8 8 42 42 42 71 71 81 85 85 85 99 128 131 151 184 184 184 215 215 
200 
9 
15 26 
1 164 164 
75 75 75 
5 102 254 254 

0 0 0 60 190 190 
253 
5 5 55 121 121 162 162 
196 
96 
154 154 
63 90 
5 5 94 94 248 248 
5 
22 43 43 

8 71 71 
243 243 


58 
151 214 
87 213 237 
234 234 

