Nodes: 256, Edges: 387
60 60 236 
105 153 158 232 232 232 
129 129 
238 
14 14 14 18 32 
26 38 46 46 68 81 81 91 108 114 117 117 123 123 141 143 161 161 161 196 227 234 235 235 235 238 243 244 

41 86 124 124 125 203 203 
81 81 168 228 247 247 
182 
14 14 
33 
227 

4 4 4 10 10 32 47 47 138 146 163 163 208 
26 
93 
66 84 226 
4 63 63 120 120 137 206 

98 166 166 
153 153 153 179 
204 204 204 245 
192 
107 107 107 152 
81 
5 15 33 44 44 72 72 72 82 87 87 108 108 117 207 213 
153 153 
165 165 165 
205 
64 175 182 182 196 230 230 

4 14 138 138 
11 26 37 37 44 122 134 150 172 185 

53 81 81 81 
74 
33 33 122 122 169 
5 


7 
81 81 125 151 228 228 228 228 243 243 
195 195 
26 26 33 59 73 150 222 
153 
5 5 
14 14 152 152 180 180 180 





35 81 

121 121 121 
181 
93 93 
203 214 214 
44 
0 0 61 61 61 152 190 236 
60 60 60 
108 108 108 
18 18 
30 
81 81 93 
17 84 

5 
186 
122 122 
131 228 228 
26 26 26 
44 
36 156 156 156 203 203 
147 203 217 217 233 233 

122 
93 93 

137 137 
5 5 8 8 25 35 35 35 42 42 53 65 65 93 93 153 160 162 162 173 173 173 176 203 203 220 220 220 228 228 238 251 
26 
113 177 204 204 
17 66 109 127 127 183 189 
228 228 228 228 
7 203 203 203 
26 26 108 108 115 115 237 253 
165 165 203 

206 242 
5 153 
203 203 
16 57 57 65 78 78 81 81 111 111 154 154 176 201 
112 243 
153 
200 229 
130 226 
20 166 209 209 
228 
109 109 127 127 127 
204 204 
142 203 

152 
1 

24 24 24 119 119 152 
5 26 26 62 62 62 87 87 
84 100 100 127 194 198 198 255 
153 
93 93 
94 
83 246 
5 227 227 
87 87 
203 203 
5 5 26 

107 107 152 
18 18 170 
55 55 55 238 238 
33 37 37 70 70 77 207 
5 5 161 196 196 
7 7 
7 42 

84 84 100 100 100 109 187 189 216 216 
228 
2 2 
97 
71 228 
222 
227 
33 
175 175 

18 80 80 
14 32 32 


5 
102 159 
5 165 203 203 
200 200 
204 204 204 204 
14 152 223 
75 

203 203 203 
33 44 
42 
24 47 47 60 104 107 119 146 225 225 225 
1 21 21 21 27 27 45 81 91 95 110 
93 93 241 
205 205 206 
74 74 74 199 199 203 203 
163 163 163 
1 
142 
81 
5 5 5 123 
81 81 238 238 
14 14 157 157 157 

28 28 28 88 88 143 203 
20 20 98 
173 
8 
37 
120 174 206 

33 
81 81 81 167 176 
170 206 
30 135 135 196 
81 93 173 224 224 
83 

21 
47 47 47 
56 
9 30 30 
84 
228 228 
33 
69 
127 

84 127 216 
60 
205 
23 206 
200 200 237 237 253 
109 
43 43 204 204 245 
5 30 123 123 175 

109 109 
156 156 
96 144 144 193 193 240 
93 

7 7 58 74 74 75 81 81 86 86 86 88 92 92 102 116 116 143 143 149 149 149 156 156 165 
22 22 22 83 83 101 101 145 145 145 145 195 195 
29 155 155 191 
18 90 155 170 174 192 
26 122 
14 
98 98 

222 
222 
26 237 253 
58 58 
228 228 228 
127 127 189 
75 75 233 233 


81 81 81 251 

44 132 211 212 
146 
176 176 
152 152 152 
17 97 
5 12 114 114 133 
8 42 42 42 42 71 71 81 81 85 85 85 85 99 128 131 184 184 215 215 215 
96 
30 30 

1 1 1 
75 75 217 217 
5 254 254 
5 5 5 
0 60 
87 193 193 213 253 
3 5 81 121 121 162 162 

200 
154 
90 
5 42 42 94 248 
5 
22 195 
113 
8 8 
243 


81 220 

87 193 213 237 
234 234 
109 
