Nodes: 256, Edges: 387
60 
21 110 158 158 164 164 232 
129 
228 238 
18 
26 46 46 50 56 81 94 98 102 102 108 108 114 123 133 141 143 159 159 161 161 161 178 196 196 227 234 238 238 238 248 248 

41 74 124 124 125 203 
71 168 168 168 215 247 247 
182 182 
14 14 
33 33 
227 
37 
10 10 32 32 51 138 139 146 152 163 163 208 
26 231 
89 
66 66 226 
4 34 61 120 120 145 145 152 206 
62 62 
98 166 166 213 
1 153 153 153 179 
195 245 

107 107 107 
81 
5 15 62 62 67 67 70 87 98 98 108 141 141 196 196 207 

88 88 165 165 
205 205 
64 64 182 182 196 230 
152 
14 14 138 
11 11 37 122 134 134 169 169 185 197 197 219 
18 
53 81 81 81 
74 
13 33 

134 
203 203 
7 
151 151 151 151 228 228 243 243 
195 245 245 245 
59 150 188 219 222 222 
148 153 153 
5 5 103 103 
152 152 152 180 180 
152 
84 
5 
14 

35 81 
83 127 
121 121 121 238 
5 181 181 227 227 
93 93 

44 
0 61 61 152 190 236 
18 60 60 206 
19 19 26 26 108 108 
90 202 242 
30 30 
81 
17 17 84 
26 26 

186 186 186 
26 
8 131 228 228 228 


7 36 203 218 
147 147 171 205 217 217 

122 
89 93 
111 
137 
5 25 35 35 35 53 65 93 153 153 173 173 176 203 203 220 220 220 228 251 251 251 
231 
54 113 113 177 204 
49 66 109 183 183 189 189 
228 
203 203 218 218 
26 108 108 115 115 115 253 
28 28 165 
16 78 
63 242 242 
121 
203 
57 57 78 81 111 154 201 
5 112 243 243 

200 229 240 
130 130 226 
5 20 26 26 116 166 166 209 

127 127 194 198 
145 145 
5 5 234 254 
46 46 
129 129 152 


24 24 24 
5 5 26 62 62 87 87 
84 127 180 194 255 255 255 255 
1 153 
79 93 154 154 154 
94 
83 83 204 204 246 246 
5 
87 87 87 
98 


152 
18 18 206 206 
55 55 55 91 
33 77 210 
5 196 196 
7 7 
7 
203 203 
54 100 100 109 187 
228 251 
2 104 104 
97 97 
71 228 

5 227 
33 33 39 
175 175 

80 202 
14 32 
14 

5 26 26 

5 149 165 203 203 
200 
18 18 101 101 
14 152 
75 75 
45 
143 
44 
42 42 42 42 
14 18 31 47 47 47 48 60 104 119 146 157 225 
21 21 21 45 45 81 81 110 179 
93 111 111 111 
205 206 206 
199 203 203 
152 163 
1 1 164 164 
5 5 

5 5 5 

14 14 157 
1 1 158 158 232 232 
28 28 88 143 203 203 
20 20 98 98 209 209 
173 173 
8 8 8 
33 33 
174 174 206 
75 

81 81 167 167 176 176 
170 170 206 206 
135 135 196 
81 173 173 224 224 224 
83 204 204 
5 
21 153 
47 47 109 
56 56 
9 9 30 30 
84 84 
228 
33 
69 69 69 
127 
44 
84 84 216 
60 236 
205 205 
206 206 206 
237 237 253 
100 109 
22 43 204 
5 5 26 26 30 123 123 175 
33 33 
100 
156 
96 144 240 
93 
63 137 
7 40 40 74 81 81 86 86 92 126 126 143 143 156 156 165 165 220 251 
83 113 113 177 177 195 
29 29 75 155 191 191 
18 61 120 120 155 155 170 174 174 192 192 192 
26 
14 
98 166 166 
122 


20 
252 252 
8 
189 
75 75 233 
74 86 86 
33 44 
81 81 81 203 

44 44 

176 176 176 
152 
17 97 
5 12 56 56 133 
3 42 42 71 71 71 81 85 128 131 184 
96 240 
30 
15 82 
1 164 164 
217 
5 102 254 

60 190 
193 193 253 253 
3 5 5 5 55 

96 200 229 

63 90 90 
42 42 94 94 

22 43 43 43 
113 113 
8 8 
5 5 


81 81 81 128 203 
214 214 
87 193 237 237 
102 234 
109 109 109 109 
