Nodes: 256, Edges: 387
60 
21 21 21 105 110 153 158 164 232 232 
129 129 129 
81 228 228 238 
18 18 32 138 
38 42 42 46 50 56 81 81 91 91 94 114 114 114 123 123 133 159 161 161 196 203 203 227 234 234 234 238 244 244 
212 212 
97 125 
71 215 215 228 228 247 

14 14 

114 227 
33 37 
10 10 18 32 47 51 51 51 139 208 
26 231 231 
89 93 93 
66 84 226 226 
4 4 14 34 34 61 61 63 63 63 137 137 137 138 145 145 152 152 186 186 206 
62 
98 213 
1 1 1 140 153 153 179 
204 245 

107 152 
81 153 153 
15 33 33 44 59 67 70 70 72 87 87 108 122 141 196 207 207 213 231 231 
153 
88 88 165 

175 182 182 230 239 

4 14 138 
13 26 26 37 39 44 122 122 150 169 169 172 185 197 219 222 
18 18 
81 

13 33 
5 
33 134 


5 5 151 151 228 
195 
26 33 73 150 150 222 222 
153 153 
5 103 
14 152 152 180 180 
152 
84 84 
5 
14 14 14 
140 
81 81 
127 127 
121 
5 181 227 227 
154 
203 
26 
0 76 152 152 
18 18 
19 108 
18 18 18 90 137 242 

81 
17 84 84 84 
26 

146 186 
26 26 122 249 
8 131 247 247 
26 
44 
203 203 203 
147 147 171 217 233 
60 

89 93 
111 

3 5 5 25 35 53 53 65 93 153 153 160 160 162 162 162 173 173 176 203 220 220 228 251 
231 
113 177 204 
17 49 49 66 66 66 100 109 183 183 
228 228 
203 218 
26 26 108 237 237 
28 28 165 165 165 203 203 
16 78 
63 206 
5 5 153 

16 16 78 81 111 201 241 241 
5 112 
153 
200 240 240 
7 130 
20 116 

84 109 109 109 194 194 
145 204 
142 203 203 
46 

1 

24 152 
26 62 87 
84 100 100 100 194 198 
1 153 153 
79 93 154 154 
94 
83 145 177 204 246 
5 5 5 12 227 

98 203 

217 
152 
170 170 
55 181 
26 33 33 70 210 210 
5 5 161 182 196 196 

7 
203 
54 54 187 187 189 216 216 229 
228 228 
2 2 2 
97 
71 228 228 
222 
5 227 227 
39 
175 175 

18 18 18 63 202 
4 18 32 
14 
21 52 
26 
102 
149 165 203 203 
200 
18 18 101 113 204 204 204 
69 152 223 
75 75 
153 
143 203 
33 44 44 
42 42 
18 18 24 47 47 48 60 60 107 119 146 223 223 225 
1 21 21 25 25 27 45 45 81 81 91 95 110 110 148 228 
57 111 111 176 
205 
199 203 203 

1 
5 
81 81 
5 5 123 
81 81 81 238 

1 
28 88 88 88 143 203 203 
209 209 
173 173 173 

33 33 
120 120 174 206 
75 205 
33 
81 81 167 167 167 176 
170 
30 135 135 196 
81 154 173 224 
83 113 

21 
47 47 
56 121 
30 30 123 
84 84 
228 
33 
18 18 69 
127 127 

127 216 216 216 


206 206 
237 253 253 
100 100 109 
43 245 
5 26 123 123 175 239 239 
33 
109 
156 
96 144 240 240 
93 
137 
5 5 58 74 74 74 81 86 88 88 102 102 116 126 143 143 149 156 156 165 165 220 251 252 252 252 
22 83 101 113 145 145 145 245 
155 171 
18 90 170 192 192 250 
26 26 
14 
166 166 
122 122 

6 6 222 222 
20 26 237 253 
252 
8 8 228 
127 127 189 189 189 
75 118 
86 
33 
81 81 203 

33 44 44 132 212 212 
146 152 152 
176 
152 
17 17 
5 12 56 56 114 133 133 
3 3 8 8 42 81 85 85 128 128 131 131 153 184 215 
127 
30 
15 15 26 26 82 
1 1 
75 
5 5 5 254 


87 87 193 213 253 253 
3 5 162 
30 196 196 
96 96 200 200 
93 93 
63 
248 
5 5 
22 195 204 
113 
8 71 71 
243 
70 
206 
81 203 
203 203 203 214 
193 193 213 237 237 
234 

