Nodes: 256, Edges: 387
60 
21 105 158 158 164 164 232 
129 
81 81 228 228 228 
14 18 18 
38 38 46 91 91 94 98 102 108 114 133 159 161 178 196 203 227 235 235 

41 74 97 124 124 124 203 
71 81 168 168 228 247 
182 
14 
33 
114 227 
37 
4 10 18 32 139 139 146 152 163 163 208 208 
26 26 
89 89 
84 226 
4 4 14 51 51 61 63 120 120 120 137 137 152 152 186 206 
62 62 
166 213 
1 140 140 153 153 
204 204 
192 192 
107 107 107 107 152 223 
81 153 
15 15 33 44 59 67 70 87 98 117 122 141 141 207 207 213 231 
52 153 
88 

64 175 175 182 182 239 239 
152 
14 138 
11 26 39 122 134 150 169 

53 53 81 81 

13 122 169 
5 5 
33 134 
203 
7 
81 81 125 151 151 151 228 228 228 
195 195 245 245 
26 59 188 188 222 222 
148 148 153 
5 
152 152 
152 


18 18 
27 140 
35 35 
127 
121 238 
103 181 
93 93 
203 203 214 
26 44 
0 61 152 236 236 
18 60 
19 19 108 
18 90 90 137 137 242 
30 
81 81 93 

26 

146 186 186 
26 122 
8 131 228 


7 156 203 203 218 
217 233 233 


89 93 93 93 

137 
3 3 8 25 35 35 42 42 65 65 93 160 160 173 176 228 228 238 251 

113 113 177 204 
17 109 109 183 
228 228 228 228 
203 203 218 
26 108 108 115 115 237 
28 165 165 165 203 
16 16 78 
63 63 
5 5 121 121 
203 
57 57 65 78 78 78 81 111 111 154 154 176 201 241 
5 112 243 

127 200 
7 130 226 
5 26 209 

109 127 127 127 127 194 194 
204 204 204 
5 142 142 203 234 
56 

1 

24 24 24 24 152 
5 62 87 87 
84 84 100 127 180 194 198 198 

93 93 154 
94 
83 83 145 177 204 204 246 246 
5 12 227 227 
87 87 
203 
26 

152 152 
18 18 18 170 
55 91 91 238 
26 33 37 70 210 
161 161 182 196 196 
7 7 7 
42 
203 203 
54 96 100 100 100 100 109 189 229 
228 
2 
97 
71 228 

5 227 
33 39 
175 

18 18 63 63 80 202 202 
32 
14 14 
21 21 52 
26 26 
102 102 159 
165 165 165 203 203 
200 
113 204 
14 69 

45 45 
203 
33 
42 42 42 
14 18 18 24 31 47 47 48 60 107 119 119 157 163 225 225 
21 21 25 27 45 179 
93 93 111 176 176 
205 206 206 
74 199 199 
152 163 
1 1 164 164 
5 142 
81 81 227 
5 123 123 
238 
14 14 152 157 
1 1 158 158 232 232 
88 88 88 143 143 143 203 
20 209 
173 173 
8 8 
33 37 
120 174 174 206 
205 205 

81 167 167 176 
170 170 206 
30 30 135 196 196 
81 93 154 154 173 224 224 224 
83 113 204 
5 
153 
109 
56 
9 30 30 123 
84 
228 228 

18 69 69 

44 44 
127 216 
236 

23 23 206 206 206 
200 253 
100 100 109 
43 43 204 204 204 245 
5 123 123 175 175 239 

109 109 
156 156 
96 144 193 240 240 
93 
137 137 
5 7 40 58 58 74 74 86 86 88 92 102 116 126 126 143 143 149 165 220 220 251 
22 22 83 101 101 101 113 113 145 177 195 195 195 245 
155 171 171 206 
18 155 155 170 174 192 192 192 205 250 
26 26 
14 14 
98 166 
122 


20 26 253 
58 
228 228 228 
189 
75 233 233 
74 86 

203 203 

44 44 
24 
176 176 176 
152 152 
17 97 
5 12 114 114 133 160 
3 3 3 8 42 42 42 71 81 81 85 85 85 85 128 131 184 184 215 215 215 
127 

26 
1 164 164 
75 75 217 217 
102 254 254 
5 5 
60 60 190 
87 
55 81 121 162 
30 30 196 
200 200 
93 
63 
94 248 248 248 

43 43 195 204 
113 113 
8 
243 243 243 

206 
81 203 

193 213 
234 234 

