Nodes: 256, Edges: 387
60 60 236 
21 21 110 110 232 
129 153 
81 
14 18 18 32 138 
26 38 38 38 50 68 81 94 98 114 114 117 123 123 141 143 159 161 178 234 243 244 248 
212 212 222 
97 97 
71 81 168 215 228 228 
182 
14 14 

227 
33 37 37 37 
4 10 10 18 18 18 32 47 51 139 146 146 163 163 208 
26 26 231 231 
93 
66 84 226 
4 4 14 14 14 34 34 51 51 61 120 120 120 145 145 152 186 
62 62 
98 166 166 166 213 
1 1 45 140 140 179 179 
195 204 245 
192 
107 
153 
5 15 15 33 33 33 44 70 70 82 87 108 108 117 207 231 231 237 
52 
88 88 
205 205 
64 196 196 230 230 239 

4 14 138 
13 26 26 26 37 37 44 122 122 134 134 150 185 197 197 219 222 222 
18 18 
53 81 81 

13 13 13 33 33 122 169 
5 5 5 

203 203 203 

125 125 125 151 151 228 
245 245 
26 33 59 73 73 73 73 188 
21 148 153 153 

14 152 152 

84 
5 
14 18 18 
27 
35 81 

238 238 
103 181 
93 93 
203 214 214 
44 
0 0 61 76 152 190 206 236 236 
18 60 
19 19 108 
90 90 90 242 
30 
81 93 
17 84 84 

5 
146 186 
26 26 122 122 249 
8 228 228 

44 44 44 44 
156 156 203 
217 233 
60 
122 
89 89 93 93 


3 5 8 35 35 53 65 93 93 162 162 173 176 203 220 228 238 251 
26 231 
113 204 
17 49 66 66 100 127 183 189 
228 228 
203 203 203 
26 115 115 237 237 
28 28 165 203 
78 78 
63 63 63 186 242 242 
111 
203 203 
16 57 57 65 78 78 81 81 111 111 154 176 176 201 241 
5 243 243 
153 
229 
7 7 130 
5 20 209 
228 251 
84 109 127 127 127 194 198 229 
145 204 204 
142 142 142 142 203 234 
56 
129 129 


24 119 119 
26 26 62 
100 127 194 194 255 
1 1 153 
91 93 93 154 

83 177 204 204 246 
5 5 227 227 
87 87 
203 203 
5 26 

107 107 152 
18 18 18 170 170 
181 238 
33 33 37 70 70 77 207 210 
5 5 182 196 196 

42 42 42 
203 203 
84 100 100 100 109 187 189 
251 
2 104 104 
97 
228 

227 
33 33 
175 175 

202 
4 32 
14 
21 21 
5 
102 102 102 102 159 
5 149 203 203 203 
200 
18 18 101 204 204 
14 14 69 152 223 

45 
143 203 
33 
42 42 
18 47 47 60 119 146 157 163 223 223 225 225 
2 25 45 45 95 110 
93 111 241 
206 206 
74 74 199 199 
152 163 163 163 
164 
5 142 

5 
81 81 238 
14 14 152 157 157 157 
158 
88 
20 20 20 209 209 
173 
8 
37 
120 120 174 
205 

81 167 176 
170 
135 135 196 
81 93 93 173 224 
113 204 
5 
21 21 

56 121 
9 123 
84 
228 
33 
18 69 90 
127 
44 
84 127 216 
60 236 236 
205 
23 206 206 

100 109 109 
22 204 245 
30 30 123 123 175 239 239 
33 33 
100 
156 156 
144 240 
93 
137 
40 40 40 58 74 81 86 86 86 88 92 92 102 116 116 126 126 143 143 143 149 
22 83 101 101 113 113 145 145 177 195 245 
29 29 171 191 
60 155 155 192 192 250 
26 122 
14 
98 166 166 
122 

6 6 222 222 222 222 
20 
58 58 
8 228 228 
189 
75 233 

33 
81 

6 33 33 212 212 212 212 
146 152 152 
176 
152 152 
17 
12 114 114 133 
8 8 42 71 71 81 85 85 99 131 184 215 215 
96 100 240 240 
30 30 
15 15 26 26 82 
1 
75 217 
5 102 254 254 

0 60 60 190 190 
26 87 87 253 
55 55 81 121 162 
30 196 196 
200 229 229 
93 154 
63 90 90 
5 94 94 248 
5 
22 43 43 195 204 
113 

5 243 
70 
206 
81 99 128 

237 
234 234 
109 
