Nodes: 256, Edges: 387
60 236 
21 105 110 110 158 164 232 
153 
81 81 238 238 238 
18 
26 38 38 38 38 46 46 50 56 68 68 91 91 102 108 114 117 123 133 141 141 143 159 159 161 178 178 196 227 235 243 243 244 
212 222 
41 86 124 124 125 125 203 203 
71 71 81 168 168 228 
182 
14 

114 
37 
10 18 32 32 47 47 51 138 146 163 208 

93 93 93 
84 226 
4 14 34 34 120 186 186 
62 
98 213 213 
1 45 140 153 179 179 
195 245 
192 
107 
81 153 
5 33 44 59 67 67 70 72 82 82 87 122 122 141 196 207 213 231 237 237 
52 153 
88 165 165 
205 205 
64 175 175 230 230 239 239 239 
152 
14 14 138 138 138 138 
26 122 169 172 185 185 185 197 219 
18 18 
81 81 

13 169 
5 5 5 5 


7 
81 125 151 228 

26 59 73 73 150 188 222 222 
21 
5 5 103 
14 14 152 152 180 180 
152 
84 
5 
14 
27 
81 81 
127 
121 121 238 238 
5 
93 93 
203 203 214 214 
26 44 
0 190 206 236 
206 206 
19 108 108 108 
90 90 202 
30 
81 81 93 
84 
26 26 
5 5 
146 146 186 186 186 186 
26 122 249 
8 8 
26 
44 44 
156 156 156 203 
147 147 171 203 

122 
89 89 
111 111 
137 
3 3 8 25 35 35 42 53 53 65 65 93 93 99 153 153 153 162 162 176 203 228 228 238 238 251 251 
26 26 
113 177 177 
17 49 66 100 109 109 109 127 183 183 189 
228 228 
7 203 218 
26 108 115 237 253 
28 165 
78 78 
63 63 
5 5 153 
203 203 
16 16 16 57 57 65 81 81 154 176 176 201 241 241 
112 243 

127 229 
226 
20 209 
81 228 
84 109 127 127 194 198 
204 204 
5 142 142 234 234 254 
46 
129 152 
1 

24 152 152 
5 62 62 62 87 
84 84 84 100 127 194 194 255 255 
1 1 
79 79 
94 
83 145 145 177 246 
5 12 227 227 
87 
203 
5 


18 206 206 
55 55 238 
26 26 33 70 77 210 210 
5 196 
7 7 
7 7 42 
203 
54 84 96 100 100 109 187 187 216 
228 228 
104 

228 228 228 

5 

175 

80 
14 32 32 32 32 

21 
5 5 26 
102 102 
5 149 149 203 203 
200 200 200 
113 113 204 204 
14 69 69 152 223 
75 75 
153 
143 143 203 
44 
42 153 228 
31 47 47 48 104 107 107 146 157 157 223 
2 21 25 27 81 81 81 91 148 151 
93 176 241 
205 206 
74 74 74 203 203 
152 152 
1 
5 5 

5 
81 81 
14 
1 
28 28 88 203 
209 
173 
8 8 
33 37 
174 
75 
33 
167 176 
170 206 206 
30 30 135 196 196 
81 93 93 154 173 224 224 
83 83 113 204 204 
5 5 
21 21 
47 47 

9 
84 84 
228 
33 33 33 
18 18 69 69 69 69 
127 127 
44 
84 216 216 
60 236 

23 206 206 

100 109 109 
22 204 245 245 
5 26 123 175 175 239 
33 
100 

144 144 144 229 240 240 240 
93 
63 
7 7 58 58 74 75 81 86 92 92 116 126 143 143 149 156 156 165 220 251 251 
101 101 145 145 177 177 195 245 245 
29 29 155 206 
60 61 61 120 120 155 174 174 192 192 205 250 
26 
14 
98 166 
122 122 

6 222 222 
20 20 26 253 
58 58 
228 228 
127 189 189 

86 
33 
203 251 

6 44 44 212 212 
146 152 
176 176 

17 97 
5 114 114 
8 42 81 81 85 85 99 128 128 131 131 131 151 184 215 215 
96 200 240 
30 30 
26 
1 

102 102 254 
5 
0 60 190 
26 26 87 253 
3 3 3 55 55 81 81 121 
30 30 30 196 
200 200 200 229 
93 93 154 

5 5 94 248 248 
5 
22 195 195 204 204 
113 

243 243 
70 
206 
81 81 203 203 220 

87 213 237 
102 234 
109 109 
