Nodes: 256, Edges: 626
18 18 18 236 236 
21 21 105 153 158 164 164 232 232 
153 
81 
18 18 18 32 32 138 208 208 
26 38 42 42 46 46 50 56 68 68 81 81 94 98 102 102 103 108 108 114 114 114 114 117 123 126 126 136 136 141 141 143 165 165 165 165 165 178 203 203 221 238 238 243 244 244 248 254 
212 212 212 212 
41 41 86 86 97 97 124 124 124 130 130 203 203 203 218 
71 71 81 81 81 168 215 215 215 228 228 247 
182 182 
14 14 
134 134 134 172 172 172 
227 227 
33 37 
10 10 18 18 32 32 32 47 47 51 138 146 146 152 152 163 163 180 208 208 
26 26 207 207 231 
78 78 89 93 93 95 95 
66 66 66 66 66 84 
0 0 0 4 4 4 14 14 60 60 61 61 63 80 80 80 90 152 152 186 192 192 192 206 206 
62 
98 98 98 166 166 166 
1 1 45 45 52 131 131 140 140 153 153 228 228 

192 192 
223 223 
153 
5 15 15 33 44 59 62 67 67 72 72 72 84 84 108 108 108 122 122 122 141 141 175 196 196 196 237 
110 
88 165 165 
205 205 
64 64 64 123 175 182 196 196 196 230 239 
157 157 
4 4 14 14 14 
13 26 37 37 39 39 39 44 44 122 134 197 197 211 222 222 
137 137 
53 53 81 81 
203 203 
13 33 33 134 134 169 169 219 219 219 
5 42 42 42 
33 33 33 
203 203 
7 7 
5 5 38 38 38 81 
195 245 245 
26 33 33 59 59 150 150 188 
21 21 148 
5 5 56 56 221 221 221 221 
14 14 152 152 
152 245 
84 84 
5 123 123 123 254 254 254 
14 61 
21 
35 35 
127 127 127 
121 121 238 238 
5 46 46 181 227 227 
93 93 154 154 241 241 
203 203 214 214 245 252 252 
26 44 44 
18 18 76 152 152 206 206 236 236 250 250 
18 18 51 206 
19 26 
18 90 90 192 202 242 242 
30 30 30 175 196 
81 81 93 93 
17 17 17 17 17 
26 26 
5 5 
223 223 223 223 
77 122 122 210 210 249 249 
8 8 247 
26 26 26 
134 
156 156 199 203 
147 171 171 203 205 217 217 217 233 233 
60 152 
70 122 122 
16 16 89 93 93 
111 111 
18 18 18 137 137 
3 5 5 8 8 8 35 35 42 65 65 93 93 93 125 153 153 160 160 160 162 173 176 176 203 203 203 228 228 228 238 238 
84 197 197 
113 113 177 204 
17 26 26 49 49 82 100 127 183 183 189 189 189 
128 128 
7 7 92 92 203 203 203 218 
237 237 253 253 
28 165 165 165 
16 78 93 93 93 
18 63 63 206 206 206 242 242 
121 121 238 
86 86 203 218 
16 16 57 57 65 65 78 78 81 81 81 89 89 89 111 111 176 176 176 201 201 201 224 224 
5 112 
16 16 
127 200 240 240 240 240 
7 7 130 226 
5 20 20 20 166 209 213 213 237 237 
251 251 
84 109 109 
145 
5 5 203 234 234 
5 
129 129 152 
1 
145 204 204 204 
119 119 152 152 
5 5 26 26 26 126 
100 100 127 194 194 198 216 
27 153 153 
79 79 93 93 
94 
83 83 145 145 177 177 204 246 246 
5 5 5 5 
253 
203 
5 234 234 234 
188 188 
107 107 152 
155 155 206 
55 55 91 91 238 238 
26 26 26 33 70 70 77 77 142 210 
5 30 50 50 50 161 161 161 
7 7 7 
81 
5 5 108 203 
54 54 54 84 96 109 144 144 144 187 189 189 189 216 229 
85 85 228 
104 104 
7 7 97 
21 21 
222 
227 
11 11 11 33 37 37 73 
175 
5 5 
34 34 80 80 202 202 202 
4 14 

21 21 
5 5 26 26 
122 159 159 159 
5 149 149 149 203 203 203 221 
127 127 127 
101 106 113 113 246 246 246 
14 14 152 223 223 223 
75 205 
45 153 153 153 
143 143 143 203 
44 44 
228 
14 14 18 18 47 47 48 60 60 76 104 107 107 119 146 157 157 163 223 225 225 
1 2 21 21 25 81 81 110 110 148 148 148 179 179 228 
57 57 241 241 241 
120 120 206 
74 74 199 199 
31 31 152 152 
1 164 
142 142 142 
81 81 81 251 251 
123 123 123 
81 238 238 
14 14 152 
1 1 158 232 232 
5 5 5 5 5 28 28 88 88 88 203 
20 20 20 98 
173 173 
8 
37 37 
174 206 206 206 
75 75 205 
11 11 11 
81 167 167 176 176 176 
170 206 
26 30 64 135 196 
81 81 93 93 93 173 173 173 
83 113 113 
5 
153 153 
14 
56 
9 9 30 196 196 
84 84 
228 

18 
127 
44 118 118 
84 84 84 127 127 127 
236 236 
205 
18 18 18 23 23 63 
237 253 253 
109 109 
43 204 204 245 
26 26 26 30 30 30 64 175 182 182 
33 33 82 82 
109 
74 156 156 
96 229 229 
93 93 93 
63 137 137 137 
5 5 7 7 7 36 36 40 40 58 58 74 75 81 81 81 86 86 86 92 102 116 126 143 143 143 149 165 220 220 251 251 
83 106 106 106 113 195 195 245 245 245 
29 29 75 147 171 191 
18 18 60 60 61 90 90 90 120 155 170 170 170 174 
15 15 
4 4 14 14 
98 
70 70 122 
33 
6 6 6 6 222 
98 98 
58 58 252 252 
8 8 8 
109 127 
75 75 75 233 233 
7 86 92 
37 37 37 
203 203 
5 46 46 46 46 143 227 227 235 
33 33 132 212 
24 24 69 69 69 69 146 146 146 152 
93 93 
152 152 
97 
12 12 56 56 133 221 221 
8 8 21 21 81 81 81 128 151 153 184 
127 200 200 
30 
15 
1 1 164 164 
75 75 217 217 
102 102 117 117 117 
221 243 
0 0 60 60 190 190 
26 87 87 98 98 193 
5 5 55 55 81 81 91 121 121 162 162 
30 
96 96 96 96 
57 57 154 154 154 
63 63 90 90 
5 235 
5 5 
43 43 48 58 195 204 204 204 
113 113 145 145 145 
8 71 
5 
70 70 
60 60 
99 99 160 160 203 203 
58 58 214 214 
87 87 115 193 193 
5 50 50 50 

