Nodes: 256, Edges: 626
18 18 18 18 236 
105 153 153 158 158 164 164 232 

81 81 81 
14 14 18 32 32 138 138 208 208 
26 42 46 50 50 56 56 56 68 81 81 94 94 98 98 102 103 108 114 117 117 123 123 126 126 126 133 133 136 141 141 142 142 143 159 159 165 165 165 165 165 178 178 178 196 196 203 221 221 221 227 234 238 243 243 244 244 244 248 254 
212 212 
41 74 86 86 86 97 97 124 130 130 203 203 203 218 
81 81 131 168 168 168 215 228 228 228 247 
182 182 182 
14 14 14 
134 134 134 172 172 172 172 
227 227 
33 37 37 37 
4 4 10 10 10 18 18 32 51 51 138 138 139 146 146 152 152 163 163 180 180 180 208 
207 207 231 
78 78 93 93 95 
66 66 84 
0 0 0 0 4 14 14 61 61 63 80 90 152 152 186 186 192 192 
62 62 
98 166 
45 45 45 52 52 71 71 131 131 140 140 151 153 153 228 228 228 
43 

223 223 223 223 
81 
5 33 44 59 67 67 70 70 72 72 98 117 122 122 141 175 175 175 175 196 213 213 231 237 237 

88 165 165 
205 
175 182 182 182 196 196 230 230 230 239 239 
157 
4 4 14 
13 26 37 39 39 44 122 185 185 211 222 222 
137 137 137 
53 81 
203 203 
13 13 13 33 122 122 134 134 169 169 219 219 
42 
33 33 
203 
7 
5 38 81 81 81 243 243 243 
22 195 245 245 245 
26 33 59 59 59 188 
21 21 21 148 
5 56 56 221 221 221 
152 
152 245 

5 5 123 254 254 254 
14 14 
21 21 
35 81 
127 127 
121 121 121 238 
5 5 5 46 46 181 227 
93 93 154 241 241 
203 203 214 251 252 252 252 
26 44 44 44 
76 152 152 206 236 250 250 
18 18 206 206 206 
19 19 
18 90 90 137 137 192 202 202 242 242 242 
175 
81 93 93 
17 17 
26 26 
5 
223 223 
26 26 122 210 249 249 
21 21 131 228 228 
26 26 

7 86 156 199 203 203 
147 171 171 203 203 203 205 205 217 217 217 233 
60 
122 122 
16 16 93 93 93 
111 111 111 
18 137 
3 3 3 5 5 8 8 25 35 42 42 42 53 65 93 93 125 153 153 153 160 162 162 173 176 176 176 203 203 228 228 228 238 238 238 251 
197 197 
113 113 177 177 177 177 204 
17 100 100 109 127 183 183 183 189 255 255 
128 
7 7 7 74 92 203 203 203 218 218 
237 237 253 253 253 
28 203 203 203 
93 
18 63 63 206 242 242 
121 238 
86 203 
16 16 57 57 65 65 78 78 78 81 81 89 111 111 154 154 176 176 176 201 224 224 
5 5 112 112 243 
16 
127 144 200 200 229 240 
7 7 130 226 226 
5 5 20 26 166 166 209 209 213 213 237 
251 
84 84 109 109 198 198 
145 145 
5 203 203 234 
5 
129 
1 156 
145 204 204 204 
119 119 119 152 152 
5 126 126 126 
84 100 100 127 127 198 198 198 216 216 216 216 
153 
79 79 79 93 93 
94 94 
83 83 145 177 204 
5 
253 253 253 253 
203 203 
5 5 26 234 234 234 
188 188 188 
107 107 107 152 
155 155 155 170 170 206 206 206 
55 55 55 91 238 238 238 
26 26 33 37 37 70 77 77 210 210 210 
5 5 50 161 
7 
81 
5 5 5 108 108 108 203 
54 54 84 96 109 109 144 187 187 189 216 229 
85 228 228 
104 
7 7 97 
8 21 21 71 228 
222 222 
5 5 227 227 
11 11 11 37 37 
175 175 
5 
34 34 34 63 63 80 202 202 
4 4 14 14 
14 
21 21 
5 5 26 
5 5 159 
5 149 203 203 221 221 221 221 221 
96 127 
101 101 106 113 204 246 246 
14 14 152 152 152 223 
75 205 
45 
143 203 203 233 

21 228 
14 14 18 18 47 48 60 60 107 107 119 146 146 146 157 157 163 223 225 
1 1 21 21 81 81 81 110 228 228 228 
57 93 93 176 241 
120 120 120 206 
74 105 199 203 203 
31 152 152 
1 1 164 164 
5 5 142 
81 
123 
81 81 238 238 
14 14 152 
1 1 158 158 232 232 232 
5 5 5 5 5 28 28 203 203 
20 98 98 
173 
8 8 8 
37 37 
120 120 174 206 
75 75 205 
11 11 11 11 
81 167 176 176 176 
170 206 
26 26 26 26 30 64 135 135 196 
81 81 81 93 93 93 154 173 173 173 
83 83 83 83 113 
5 5 5 

14 14 14 
56 
9 9 9 30 30 30 
84 84 84 
228 228 
33 33 
18 18 
127 127 
44 118 118 118 
84 127 
236 236 236 
205 205 
18 18 63 
237 253 253 

43 204 204 
5 5 26 30 30 175 
82 82 
100 100 109 109 109 
74 156 
96 96 229 229 229 
93 
63 63 137 137 
5 7 7 7 36 36 40 58 58 74 74 75 75 75 81 81 86 86 86 88 88 88 92 102 102 116 116 126 143 143 149 149 156 156 165 165 220 251 251 252 252 
83 106 106 106 113 145 195 195 
29 75 75 147 171 191 191 
60 61 61 61 90 120 120 120 155 170 174 
15 15 
4 4 14 
98 98 
70 122 122 122 
33 
6 6 222 222 
26 26 98 98 
58 252 252 
8 
109 109 109 109 127 
75 75 75 233 
7 86 86 
37 37 
203 251 
5 5 5 46 46 46 143 143 143 143 143 
33 33 132 132 212 212 
24 24 24 24 69 69 146 152 
93 93 
152 
97 97 
5 12 12 56 133 133 
8 8 8 21 21 21 71 71 81 81 81 128 128 131 151 153 153 153 184 184 
96 127 200 200 200 
30 30 30 
15 26 
1 164 164 164 
75 149 217 
5 102 117 117 117 

0 60 190 190 190 
26 26 87 87 98 193 
5 55 81 81 81 91 121 121 121 162 162 
30 30 
96 
57 57 154 
63 63 63 90 90 
5 5 42 42 42 94 
5 5 5 
43 43 43 48 
145 145 
8 
5 
70 70 
60 60 
58 81 99 203 203 220 
58 58 58 203 203 214 214 
87 87 87 115 115 115 115 193 193 
5 50 50 50 
84 84 
