Nodes: 256, Edges: 626
18 18 18 190 190 190 236 236 
105 105 153 153 158 158 158 164 232 232 232 
153 
81 81 81 81 81 
14 14 18 18 208 208 208 
26 38 42 50 50 68 68 81 81 94 94 98 98 98 103 108 108 108 114 123 123 123 126 126 126 133 159 159 159 165 165 165 165 196 196 196 203 203 203 221 221 227 227 234 238 238 243 244 244 248 248 248 254 
212 212 
41 41 74 86 86 97 124 124 203 203 203 218 218 
71 71 71 81 81 81 131 168 168 215 215 228 228 228 
182 182 
14 
134 134 134 134 172 172 172 
227 227 227 
33 33 
4 4 10 47 51 51 139 139 146 146 146 152 163 180 180 180 208 208 
26 26 207 207 207 231 231 
78 78 93 93 95 95 
66 66 84 84 
0 0 0 4 4 60 60 61 61 61 63 63 80 80 80 90 90 152 180 192 206 
62 
166 
52 52 71 71 131 131 131 131 131 140 140 153 228 228 228 

192 192 192 
223 223 223 
81 153 153 
5 15 15 33 33 44 59 59 62 62 62 67 70 70 72 72 84 98 98 108 108 122 122 141 175 175 196 196 237 237 
110 
165 165 165 

64 64 123 182 196 196 230 230 239 
104 157 

13 13 26 26 37 39 39 39 39 122 185 185 197 197 197 211 222 

53 81 81 81 
203 203 
33 122 134 134 150 219 219 219 
5 42 42 
33 33 33 33 73 134 
203 203 
7 7 
5 38 38 81 243 243 243 
195 195 195 245 245 
26 59 59 150 150 188 
153 
56 56 221 221 221 
14 152 
152 152 245 245 

5 5 123 123 254 254 254 
14 14 61 
21 21 
35 81 
127 
121 238 238 238 
46 46 181 181 227 227 
154 241 241 
203 252 252 252 252 
26 26 44 44 
18 18 76 152 152 152 206 206 236 236 250 250 
18 18 18 51 206 
19 26 26 26 
18 18 90 137 137 202 242 242 242 
30 30 175 196 196 196 
81 93 93 
17 17 
26 
5 5 
223 223 
26 26 77 122 210 249 249 
8 8 8 21 21 131 228 247 
26 26 
39 134 
7 156 156 199 203 203 
171 171 203 203 205 205 217 233 233 
60 152 
70 122 
16 16 89 89 93 93 93 
111 111 
18 18 18 137 137 
3 3 3 3 3 5 5 8 8 8 25 35 35 35 42 53 65 93 93 93 125 153 153 153 160 162 162 162 176 203 203 228 228 228 238 238 251 
84 197 197 
113 113 113 177 177 177 204 
17 17 26 82 109 109 127 183 189 189 255 255 255 255 255 
128 
7 7 203 203 
237 237 237 253 
165 165 203 
78 78 93 93 
18 18 63 206 206 242 
121 121 238 238 
203 
16 16 65 65 78 78 78 81 81 81 89 89 111 111 154 154 176 176 176 201 201 224 
5 5 112 
16 16 
127 127 127 200 229 229 240 240 240 
7 130 130 226 226 
5 5 5 26 26 166 209 209 213 213 213 237 

109 109 198 
145 145 
203 203 234 234 234 
5 
31 129 129 129 152 152 152 
1 1 

152 
5 5 5 26 26 126 126 126 
84 84 100 100 194 194 198 198 198 216 216 216 216 
27 153 153 
79 79 93 93 
94 
83 83 83 145 177 177 204 204 246 
5 
253 253 253 
203 
234 234 234 234 
188 

155 170 206 
55 91 91 
26 26 33 37 70 77 210 210 
5 5 5 30 50 50 161 161 196 
7 7 
81 
5 5 5 108 108 108 203 203 
54 84 96 96 96 144 187 216 229 
85 228 228 228 
104 104 104 
97 97 
8 21 21 21 21 21 71 228 
222 
5 227 
11 11 11 11 37 37 39 73 
175 175 175 

63 63 80 80 202 

14 14 
21 21 
26 

203 221 221 
127 
101 101 113 204 204 246 246 246 246 
14 14 14 152 223 
205 
153 153 153 
203 
37 44 44 
228 228 228 
14 18 47 48 48 60 60 60 76 104 104 104 107 146 157 163 163 223 225 
1 1 2 21 25 25 45 81 81 81 110 110 148 148 148 179 179 228 228 228 
57 93 93 241 
120 
74 74 199 203 203 
31 152 
1 1 1 164 
5 5 5 
81 
123 123 
81 81 81 238 
14 152 152 
1 158 232 232 
5 5 5 5 28 28 28 88 88 203 203 203 
20 98 209 209 
173 
8 8 

120 174 174 174 206 206 206 
75 75 205 
11 11 11 
167 176 
170 170 170 
26 26 64 135 135 135 196 
81 93 93 93 173 
83 83 83 113 113 

153 153 
14 14 14 18 
56 56 
9 9 30 196 
84 
228 
33 33 

127 
44 118 
84 84 
0 0 0 236 236 
205 
18 23 23 23 
253 
109 109 
43 43 43 245 245 
5 5 5 26 26 30 30 64 64 64 123 175 182 
33 33 33 82 82 
100 109 109 109 255 
74 156 
96 229 
93 93 
63 137 
5 5 5 7 7 7 36 36 40 40 58 74 74 75 75 81 81 86 86 88 92 102 102 116 126 126 143 149 156 156 165 165 165 220 220 251 251 251 
83 113 113 145 145 245 245 
75 75 147 171 191 
18 60 60 61 90 90 120 170 170 170 
15 15 15 
4 4 4 14 14 
98 98 166 166 
70 122 122 
33 
6 6 222 
98 98 98 
252 
8 8 
109 109 109 109 127 
75 233 233 
7 7 
37 37 37 
203 203 251 251 
5 5 46 46 46 143 143 227 227 
33 132 212 
24 24 24 69 69 146 152 
93 
152 
97 97 
5 5 12 12 12 56 56 133 221 221 
8 8 8 21 21 21 71 81 81 81 128 128 128 131 151 151 151 153 153 153 184 
96 96 127 200 
30 30 
15 15 
1 1 1 164 164 
75 75 217 217 
5 102 102 102 117 117 117 117 

0 0 60 60 190 190 
26 26 87 87 87 98 
5 5 55 55 55 81 81 91 91 162 
30 
96 96 96 
57 57 154 
63 63 63 90 
5 42 42 42 
5 5 
43 43 48 48 195 195 204 204 
113 145 145 145 145 
71 
5 5 5 
70 70 
60 60 
81 203 203 203 220 220 
58 58 58 58 214 
87 115 115 115 193 
5 50 50 50 
84 84 84 84 84 198 
