Nodes: 256, Edges: 626
18 18 190 190 236 
21 105 105 153 153 158 232 
153 153 153 
81 81 81 
14 18 18 32 32 138 208 
38 42 42 46 46 50 56 68 81 81 98 98 98 102 103 103 103 108 114 114 133 133 136 141 141 142 143 159 159 165 165 165 203 203 221 221 221 227 227 227 234 243 244 248 248 
212 212 
41 41 86 86 97 97 124 124 130 130 203 203 203 218 218 
71 71 71 81 81 131 168 168 215 215 228 228 247 247 
182 182 182 
14 14 
134 172 172 
227 227 
33 37 
4 10 10 18 18 18 32 32 47 47 51 51 138 139 139 139 146 152 152 163 163 163 180 180 208 208 
207 207 231 
78 78 89 93 93 95 
66 66 66 66 84 
0 0 4 4 14 14 14 60 60 60 61 61 63 80 80 90 90 152 192 206 
62 
98 166 166 
1 52 52 71 71 131 131 140 140 151 153 228 228 
43 
192 
223 223 
81 81 153 153 
33 33 44 44 59 62 67 70 70 72 72 84 87 87 98 98 108 108 117 122 122 141 141 175 196 231 231 237 

88 88 165 165 
191 205 
64 64 175 182 182 182 196 196 230 230 239 239 
157 157 
4 4 14 14 
13 26 26 37 37 39 39 44 44 122 185 185 197 197 211 222 222 
137 137 137 
53 53 81 
203 203 203 
13 33 33 122 134 134 134 169 169 219 
5 42 42 42 
33 33 73 
203 203 
7 7 
5 5 38 38 38 243 
22 195 245 
26 26 33 33 150 188 188 
148 148 148 153 
5 5 56 56 221 221 221 
14 14 
245 
84 84 
5 123 123 254 254 254 
14 14 
21 21 
35 35 
127 127 
238 238 
5 46 46 181 181 227 227 
93 93 154 241 241 
104 152 214 245 252 252 
26 
18 18 18 76 76 152 152 152 206 236 236 250 250 
18 18 206 206 
19 26 
18 90 137 192 202 202 242 242 
30 30 175 175 175 175 196 196 196 
81 81 
17 17 17 17 
26 
5 
223 
26 26 122 122 210 210 249 249 
8 8 8 21 21 131 228 228 247 
26 26 
39 134 
203 203 
171 171 171 203 203 205 205 217 233 
60 60 152 
122 122 
16 16 89 89 93 93 93 
111 111 
18 18 137 137 
3 3 3 5 5 8 8 25 25 35 65 65 93 93 125 153 153 160 160 160 162 162 173 176 176 176 203 203 203 228 228 228 238 238 251 251 
84 197 
113 177 177 204 
17 26 49 49 82 100 109 109 109 127 127 183 189 255 255 255 
128 128 
7 7 92 203 218 
26 26 237 
28 28 203 
16 78 78 93 93 93 93 
18 18 63 206 206 206 242 242 
121 121 238 238 
86 203 
16 16 57 57 78 78 78 81 81 89 89 89 89 111 154 154 176 176 201 224 224 224 
243 243 
16 
127 144 229 240 240 
7 7 130 130 226 
5 5 5 20 26 26 166 209 213 237 237 
251 
84 109 109 194 194 194 198 
145 145 145 
5 203 203 203 
5 5 5 
58 129 129 
1 1 
145 145 204 
119 119 119 152 152 
5 26 26 126 126 126 126 126 
84 84 84 100 100 198 198 198 216 
153 
79 79 93 

83 145 145 177 
5 5 
211 253 253 253 
203 203 
26 
188 188 
107 107 107 
155 155 155 155 170 170 206 206 
91 91 238 
26 26 33 37 70 70 77 77 210 
50 50 161 161 196 196 
7 7 
81 
108 108 108 108 108 203 
54 54 84 84 96 144 144 187 187 216 229 229 
85 85 228 228 228 
104 104 
7 7 97 97 
8 21 21 71 
222 222 
5 5 227 227 
11 37 37 37 73 
175 175 
5 
34 34 34 63 80 80 202 
4 14 
14 14 14 
21 21 
5 5 26 26 
5 159 159 
5 149 203 221 221 
96 127 127 
101 101 101 106 106 113 113 204 204 246 246 246 246 246 
14 223 223 

45 45 45 153 153 
143 203 203 
44 
21 
14 14 18 58 60 60 60 76 107 107 157 163 223 223 225 225 
1 1 2 2 2 21 25 25 45 81 81 110 148 148 179 228 228 228 
57 93 93 241 241 
120 120 120 120 
199 
31 31 152 
1 164 164 
5 5 142 142 
81 81 81 251 
123 123 
81 81 238 
14 14 14 152 
158 158 232 
5 5 5 28 28 203 203 203 
20 20 98 209 
173 
8 8 
37 37 222 
120 120 174 174 206 206 
75 75 75 
11 11 
81 167 176 176 
170 170 206 206 
26 30 64 64 64 64 135 135 196 
81 81 81 93 93 173 173 
83 83 113 

153 
14 14 
56 56 
9 9 9 30 30 30 196 
84 
228 228 228 
33 33 

127 127 
44 44 118 118 
84 
0 0 236 236 
29 205 205 
18 23 63 
237 253 253 253 
100 100 100 
43 204 204 245 245 
26 30 30 64 64 64 123 123 175 182 
33 33 82 
100 109 109 109 
156 
229 229 
93 
63 63 137 
5 5 7 7 7 36 36 36 40 40 74 74 75 75 81 81 81 86 88 92 102 102 102 116 116 126 143 149 149 165 165 165 220 251 251 252 
83 106 145 145 195 195 245 245 
29 75 75 191 191 
18 60 61 61 90 90 90 120 120 170 170 174 174 
15 15 
4 14 14 
98 166 
70 70 122 
33 115 
6 6 222 
98 
58 252 252 
8 8 
109 127 
75 233 233 
7 7 86 
37 
203 251 251 
5 5 5 46 46 46 143 143 227 227 227 227 235 
33 33 132 132 169 212 
24 24 69 146 146 152 152 
93 93 93 
152 152 
97 
5 5 5 12 12 56 56 133 133 221 221 221 221 
8 8 21 21 71 71 81 81 81 128 128 128 153 153 153 184 184 184 
96 127 127 200 200 
30 30 
15 26 26 
1 164 
75 217 217 
5 
221 
0 60 60 190 190 
26 87 98 98 193 
55 55 81 81 91 91 121 162 
30 30 
96 96 
57 57 154 154 
63 63 90 90 
5 42 94 94 
5 
43 48 58 195 195 204 204 
145 145 145 145 145 
8 8 71 
5 5 
70 70 
60 60 
81 81 99 160 203 203 220 220 
58 58 203 214 214 
115 115 115 193 193 193 
50 50 50 
84 84 84 
