Nodes: 256, Edges: 626
18 190 190 236 
105 105 153 153 158 164 232 
153 153 
81 81 81 81 81 
14 14 18 18 32 32 138 208 208 
26 38 38 38 42 42 42 46 46 56 68 68 68 81 81 94 98 98 98 102 102 103 103 108 108 114 114 114 114 114 117 117 117 123 123 123 126 126 126 133 133 133 136 141 141 141 142 159 165 178 178 196 196 196 203 203 203 221 221 227 234 234 238 238 243 248 248 254 
212 212 
41 41 86 97 97 124 124 130 130 203 203 203 218 
81 215 215 215 228 

14 
134 134 134 172 172 
227 227 
33 33 37 37 
4 4 10 18 47 47 51 51 138 138 139 139 152 163 208 
26 207 207 207 207 231 231 
89 93 
66 66 84 
0 4 4 14 60 60 61 61 63 80 80 80 90 90 90 152 180 186 192 206 
62 62 
98 166 
45 45 52 71 131 140 140 151 153 228 228 

192 192 
223 223 
81 81 
5 15 33 33 59 62 62 62 67 67 67 70 70 72 72 84 84 98 98 108 117 117 117 122 141 175 175 196 213 213 231 237 
110 
88 165 165 
191 205 205 
64 64 64 123 175 182 182 196 196 230 230 239 239 239 
157 157 157 
4 4 
13 13 26 26 37 37 39 39 44 44 122 122 185 185 197 197 211 222 222 
137 137 137 
53 81 
203 
13 13 33 33 122 134 134 134 169 219 219 219 
5 5 5 42 
33 33 134 

7 7 
5 5 5 38 81 81 81 243 
195 245 
33 33 59 59 59 150 150 188 
21 21 148 148 153 
5 5 56 56 56 56 221 221 
14 14 152 
152 245 245 245 245 
84 84 
254 254 254 
14 14 61 137 
21 
35 81 
127 127 127 
121 121 121 238 238 238 
5 46 46 46 46 181 
154 154 154 241 241 241 
203 203 214 214 252 
26 44 44 44 
18 18 152 236 236 250 250 
18 18 51 206 206 
19 19 26 26 26 
18 90 90 137 192 202 202 242 
30 30 30 196 196 196 
81 81 93 93 
17 17 
26 26 26 
5 5 5 
223 223 223 223 
26 26 77 210 249 
21 131 228 247 
26 26 

156 156 203 
147 171 171 203 203 203 205 205 217 217 233 
152 
70 122 122 
89 93 
111 111 
18 18 18 137 
3 3 3 3 3 5 5 8 25 25 35 42 42 42 53 65 65 93 93 93 153 153 160 173 176 176 203 203 228 228 238 238 251 251 
84 197 197 197 197 
113 177 177 177 177 204 
17 26 26 49 49 82 100 100 109 109 127 127 127 183 183 189 255 
128 
7 92 203 203 203 
253 253 253 
28 165 165 203 203 
16 78 93 93 93 
18 18 18 63 63 206 242 242 
121 121 121 238 238 238 
86 203 203 
16 65 65 78 81 81 81 89 89 89 111 111 111 176 176 201 201 224 
5 112 112 243 243 

127 200 229 240 240 240 
7 7 130 130 226 
5 5 5 20 26 26 166 209 209 209 213 
251 251 
84 84 109 109 194 198 
145 
5 5 234 234 
5 5 
129 129 
1 1 
145 145 204 204 
119 119 152 152 152 
5 5 26 126 126 
84 84 100 100 198 216 
27 153 153 153 
79 79 93 93 93 
94 94 
83 177 204 
5 5 5 5 5 
253 253 253 
203 
5 5 5 26 26 26 234 234 234 
188 188 
107 107 152 152 
155 155 206 
55 55 55 91 91 91 238 238 
26 33 33 37 77 77 210 210 210 
5 5 5 30 161 196 196 
7 7 

5 5 5 108 108 203 203 
54 54 54 84 84 84 96 144 144 187 187 189 216 216 229 
85 228 228 
104 104 
7 7 97 97 
21 71 
222 
5 5 5 
11 11 11 37 37 37 39 
175 175 175 
5 
34 34 34 51 63 80 202 202 
4 14 14 
14 14 
21 21 
5 5 5 26 
5 159 159 159 
149 203 203 221 221 
127 127 
101 106 106 204 204 246 246 246 
152 152 223 223 
75 205 
45 45 153 153 
143 203 203 233 
44 44 
21 228 
14 18 47 48 60 76 107 107 107 119 119 146 146 157 163 223 223 225 225 
1 1 2 2 21 45 81 81 110 110 110 148 148 179 179 179 228 
57 57 57 241 241 
120 120 
74 74 199 203 
31 31 31 152 
1 164 164 
5 142 142 142 
81 251 
123 
238 
14 152 
1 158 158 232 
5 28 28 88 88 203 
20 98 209 209 
173 173 

37 
206 
75 75 205 205 
11 11 
81 167 167 176 176 

26 26 30 135 135 135 196 
81 81 93 93 173 173 
83 83 83 83 113 
5 5 
153 153 153 
18 
56 
30 30 
84 84 
228 228 228 
33 33 
18 
127 127 
44 118 118 
84 127 
0 0 236 
29 205 
18 23 23 63 
237 253 253 253 
100 
43 204 245 245 245 
5 5 5 26 30 30 64 64 64 123 123 175 
33 33 82 82 82 82 
100 109 255 
156 
96 
93 93 
63 63 137 137 
5 5 5 7 7 7 36 58 58 74 75 75 75 81 81 86 86 86 88 88 92 92 116 126 126 143 143 149 149 156 165 251 
83 106 106 113 145 145 195 245 
29 29 75 75 147 171 171 191 
18 61 61 90 120 170 
15 15 15 15 
4 4 14 
98 98 98 166 166 
70 122 122 122 
33 
6 6 222 222 
26 26 98 237 
58 58 252 252 252 
8 8 8 241 
109 127 127 
75 75 233 233 
7 
37 37 37 
251 
5 5 46 46 143 143 227 227 227 235 
33 33 132 212 212 
24 24 69 69 69 69 146 146 152 152 
93 
152 152 
97 
5 12 12 221 221 221 
8 21 21 71 81 81 128 128 151 153 184 184 184 
96 127 
30 30 
15 15 26 
1 164 
75 149 217 217 
5 5 102 102 117 117 117 
221 
0 60 60 190 
26 193 213 
5 5 55 55 55 81 81 91 91 91 121 121 162 
30 30 30 
96 96 96 
57 57 57 154 154 215 
63 90 90 
5 42 94 94 

43 48 48 48 48 195 195 195 204 
145 145 145 
71 
5 5 
70 
60 60 
81 81 99 99 160 203 220 
58 214 214 214 
87 87 87 115 115 115 193 193 193 
5 50 50 50 
84 198 
