Nodes: 256, Edges: 626
18 18 18 190 190 236 
21 21 105 153 158 164 
153 153 
81 81 81 
14 18 32 32 
26 38 42 42 46 50 50 56 68 68 68 81 81 94 98 102 102 102 103 103 108 108 114 114 114 114 117 117 123 123 126 126 126 133 133 133 136 136 141 143 159 165 165 165 165 178 178 196 203 203 221 221 227 234 238 243 244 248 248 254 254 
212 
41 41 74 86 86 97 97 97 124 124 130 130 130 203 203 203 
71 71 71 81 81 81 168 215 215 228 228 228 247 
182 182 
14 
134 134 172 172 
227 227 
33 37 
4 10 18 18 18 32 32 47 47 51 51 138 138 139 139 139 146 163 163 180 208 208 
26 207 207 231 
78 78 89 93 93 
66 66 66 84 
0 0 0 4 14 14 14 60 60 61 80 80 90 90 152 152 180 186 186 186 192 206 
62 62 62 
98 98 
1 1 45 45 52 52 71 71 131 131 131 131 140 151 153 153 153 228 
43 

223 223 223 
81 81 153 153 
5 15 33 33 33 44 59 62 62 62 67 70 72 84 84 87 98 98 98 108 108 117 141 141 175 196 231 237 237 

88 165 165 165 191 
205 
64 64 64 182 182 182 196 196 196 230 230 239 239 239 
157 157 157 
4 4 14 14 
13 26 26 26 37 39 44 44 122 122 134 185 197 211 211 222 222 222 

53 81 81 
203 203 203 
13 33 122 122 134 134 219 219 219 
5 42 42 
33 134 
203 
7 7 
5 5 38 38 81 243 243 
22 195 195 216 
26 33 33 59 59 59 150 188 
21 21 148 153 153 
5 56 56 221 
14 14 152 
58 152 245 245 

5 5 123 254 254 254 
14 14 
21 21 
35 

121 121 238 238 
5 46 46 181 181 181 227 227 
93 93 
48 104 152 214 245 245 
26 44 44 44 
18 18 76 76 152 152 206 236 236 250 
18 206 
19 19 19 26 26 26 
90 137 192 202 202 
30 30 30 175 196 196 196 196 
81 81 93 93 93 
17 17 17 
26 
5 5 5 
223 223 
26 77 210 210 249 249 249 
8 8 8 21 21 131 228 228 247 247 
26 

7 156 203 203 
147 147 171 171 203 203 217 217 233 233 
60 60 
70 122 122 
16 16 89 93 93 93 93 
111 111 
18 18 137 
3 3 3 5 5 8 8 8 25 25 35 35 42 65 65 93 93 153 153 153 160 160 162 173 176 176 176 203 203 203 228 228 228 238 238 238 251 251 251 
84 197 197 
113 113 177 177 177 
17 26 26 82 100 109 183 183 189 189 255 255 255 
128 128 128 
7 7 92 92 203 203 218 218 
26 237 253 253 
28 165 165 
16 78 93 93 
18 18 63 206 206 242 
121 
86 86 203 218 
16 16 57 57 65 65 65 78 78 78 78 81 81 89 89 111 154 154 176 201 201 201 224 224 
5 112 112 112 243 

127 144 200 200 229 229 229 240 240 
7 7 7 130 130 130 226 226 226 
5 20 20 26 26 26 166 166 166 209 209 209 213 213 237 
251 251 
84 109 194 194 198 198 
145 
5 5 5 203 234 
5 5 
58 129 129 152 
1 
145 145 204 
119 119 152 
5 5 26 26 126 126 126 126 
84 100 127 194 194 198 
153 
79 79 93 
94 94 94 
83 83 145 145 177 177 204 204 204 246 
5 5 5 5 
253 253 
203 
5 5 26 234 234 
188 188 
107 107 152 152 
155 155 155 170 206 206 
55 55 91 238 
33 33 37 37 77 77 
5 5 50 161 161 196 196 
7 7 

5 5 5 108 108 108 108 
96 109 144 144 187 216 216 229 
85 85 85 
104 104 
7 7 7 97 97 97 
21 21 21 21 71 228 
222 222 
5 5 5 227 
11 11 33 37 37 39 
175 175 
5 5 
63 80 202 
14 14 
14 14 14 
21 
5 26 26 
159 
5 203 221 
96 127 127 
101 106 106 113 113 204 204 246 
14 152 152 223 223 223 
75 75 205 
45 153 153 
203 203 203 
44 
21 228 228 
18 18 47 48 58 60 60 104 107 119 119 146 146 163 163 223 223 
1 2 2 21 21 21 25 25 45 45 81 81 81 110 148 148 179 179 228 228 228 
93 93 241 241 
120 120 120 
74 199 203 
31 31 31 
1 164 
5 142 
81 81 251 
123 123 
81 238 
14 14 152 152 
1 158 232 232 
5 5 5 5 28 28 28 88 88 203 203 
98 98 98 209 
173 
8 

120 174 174 206 
75 75 205 
11 11 
81 167 
170 170 206 
26 64 135 135 196 196 
81 81 81 93 
83 83 83 113 113 
5 5 
153 153 
14 18 
56 56 56 
9 9 30 30 30 196 196 196 
84 84 
228 
33 
18 18 18 
127 
44 118 118 
84 84 
0 0 236 
28 205 
18 63 
237 237 253 253 
100 100 109 109 
43 43 204 204 245 
5 26 30 30 30 64 64 64 64 123 123 175 175 182 182 182 
33 82 82 
100 100 109 
156 
96 96 229 229 
93 93 93 
63 63 137 
5 5 7 7 7 36 36 36 40 74 74 75 75 81 81 81 86 86 92 102 116 143 149 149 149 156 165 165 251 252 
106 113 113 113 145 145 195 195 
29 147 171 191 
18 60 61 90 90 120 120 170 174 
15 15 
14 14 
98 98 98 166 
70 70 
33 33 
6 222 222 
98 98 
58 252 252 252 
8 8 
43 127 127 
75 75 233 
86 86 92 
37 37 37 
251 
5 5 46 143 227 
33 33 33 132 132 212 212 
24 24 24 69 69 146 146 146 152 152 
93 93 

97 97 97 
5 12 12 56 56 133 221 
8 8 8 21 71 71 81 81 81 131 151 151 153 153 153 184 
96 96 96 127 200 200 
30 30 
15 26 
164 164 
75 75 217 
5 102 117 117 
243 
0 60 60 190 
26 26 87 98 193 193 
5 55 55 81 81 81 121 162 
30 30 30 
96 96 
154 154 
90 
5 42 42 94 235 
5 
48 48 58 58 195 
113 145 
8 71 71 
5 5 
70 70 70 
60 
81 81 81 99 99 160 203 220 
203 214 214 214 
87 87 115 115 193 193 
5 5 50 50 50 
84 84 84 
