Nodes: 256, Edges: 626
18 190 190 190 236 236 236 
105 105 153 158 158 164 232 
153 
81 81 
14 18 32 32 32 138 208 
26 26 26 38 38 42 50 56 56 68 68 81 81 94 98 98 102 102 103 108 114 114 114 114 117 117 117 123 126 126 126 133 136 136 141 141 143 143 159 159 165 196 203 203 221 221 227 227 227 234 234 238 238 243 244 244 254 
212 212 212 
41 97 124 124 130 130 203 
81 131 168 215 228 228 247 247 

14 14 
134 134 134 172 172 172 172 
227 227 227 
33 37 
4 10 10 18 32 47 138 139 139 146 146 146 152 152 163 208 208 208 
26 26 26 207 207 231 231 
78 78 93 
66 84 84 84 
0 4 14 61 61 61 63 63 80 80 90 152 180 186 186 186 206 206 
62 
98 166 166 166 
52 52 71 71 131 131 140 140 140 153 228 228 228 


223 223 
81 81 81 
5 5 5 15 15 15 33 59 62 67 67 70 84 84 84 98 98 98 108 108 117 122 141 175 175 175 196 196 213 231 237 

88 165 165 191 
205 
64 64 64 175 175 182 182 196 196 196 230 239 239 239 
157 
4 4 4 14 
13 26 37 37 39 39 39 44 122 134 185 185 197 211 222 
137 137 
53 
203 
13 33 33 122 134 134 134 134 134 169 169 219 219 219 219 
5 5 42 
33 33 33 134 
203 203 
7 
5 38 81 243 243 
195 245 
33 59 59 150 150 150 188 188 
148 148 153 153 
56 56 221 221 
14 
152 152 245 245 
84 84 84 
5 254 254 254 
61 
21 21 
35 81 81 
127 
121 121 
5 5 46 46 181 181 227 227 
93 154 154 241 241 
203 245 252 
26 44 44 
76 76 152 152 152 236 250 
18 18 18 51 
19 26 
18 18 90 137 137 202 202 
30 30 30 175 175 196 196 
81 81 93 93 93 
17 
26 26 
5 5 
223 223 223 
26 122 122 210 
21 21 131 131 228 228 247 


156 156 156 199 203 
147 171 171 203 203 205 205 205 217 217 233 
60 60 
122 122 
16 16 89 93 93 93 
111 111 111 
18 18 137 137 137 
3 3 5 5 8 25 25 25 42 53 53 65 65 93 93 93 125 153 153 160 162 173 173 176 176 176 203 203 203 228 238 251 
197 197 
113 177 177 177 177 204 
17 17 17 26 26 26 49 49 49 100 100 109 109 127 189 189 255 255 255 255 
128 128 128 
92 92 203 203 218 218 218 
237 237 253 253 
28 165 203 
78 93 93 93 
18 63 206 206 242 
121 238 
86 86 218 
16 57 65 65 65 78 78 78 81 81 81 89 89 89 111 154 154 154 176 176 201 224 224 
5 112 243 

127 144 200 200 229 240 240 
7 130 130 226 226 
5 5 20 26 26 26 166 166 209 209 213 213 237 237 
251 251 
84 84 109 109 198 198 198 
145 
5 5 203 203 203 234 
5 
152 
1 1 
145 
119 119 119 152 152 152 
5 26 26 126 126 
84 84 100 100 127 127 194 194 198 198 216 216 
153 153 
79 79 79 93 
94 
83 145 177 246 
5 5 5 5 
253 253 
203 203 203 
5 5 5 26 234 234 234 
188 
107 107 107 152 152 
155 155 155 170 206 
55 55 91 238 238 
26 33 37 70 70 77 77 142 210 210 
5 161 196 
7 7 
81 
5 5 5 108 108 203 203 
54 84 96 109 109 144 144 144 187 189 189 216 229 229 229 
85 85 85 228 

7 7 97 97 
8 21 21 71 71 
222 222 
5 227 
11 11 11 33 37 37 37 37 37 39 
175 175 
5 5 
34 34 63 63 80 80 80 202 202 202 
4 14 
14 14 
21 21 21 
5 5 26 
122 159 
5 5 203 221 
96 127 127 127 
101 106 113 246 246 246 
14 14 14 152 152 152 223 223 223 
75 205 
45 45 153 153 
203 203 
44 44 44 
228 
14 14 18 48 48 60 60 60 104 107 107 107 119 119 146 146 146 157 163 163 223 225 225 
1 2 21 45 45 81 81 110 110 148 148 228 228 228 
57 57 93 93 93 176 176 241 241 241 
120 120 120 206 
74 74 74 203 203 
31 152 
1 1 164 164 
5 5 142 
81 251 251 
123 
81 238 238 238 
14 152 152 
1 158 158 232 
5 28 28 88 203 203 
20 20 20 98 98 209 
173 173 
8 
37 37 
120 174 206 
75 75 205 205 205 
11 11 11 11 
81 81 167 167 176 
170 206 206 
26 26 26 30 30 64 64 135 135 196 
81 81 81 93 93 154 154 173 
83 83 83 83 113 


18 
56 56 
30 30 196 196 

228 228 
33 33 
18 18 18 
127 
44 44 118 
84 84 127 127 
0 0 0 236 
28 205 205 

253 253 253 
109 109 
43 204 204 245 
5 26 26 30 30 30 64 64 123 175 182 182 
33 82 82 
100 100 100 109 109 
74 
96 96 229 229 
93 
63 63 137 137 137 
5 5 7 36 40 40 58 74 75 75 81 81 81 86 86 88 102 102 102 116 116 116 126 126 143 149 149 156 156 165 165 220 220 251 251 251 
83 195 195 245 
29 75 75 75 147 171 171 171 191 191 
18 18 90 90 120 155 170 174 174 
15 15 
4 14 14 14 
98 98 166 
70 122 122 
33 
6 6 6 222 222 
26 98 98 237 
252 
8 
109 109 127 
75 75 233 
86 86 86 92 
37 37 37 37 
203 203 251 251 
5 5 46 46 143 227 227 
33 132 132 212 212 
24 24 69 69 69 146 146 146 152 
93 93 
152 152 
97 97 
5 5 5 12 12 12 56 56 133 221 221 
8 8 21 21 21 71 71 81 128 151 153 153 153 184 184 
96 127 127 127 200 200 
30 
15 15 26 
1 164 
75 217 
5 5 102 117 117 117 
243 
0 0 0 60 190 
26 87 87 98 98 213 
5 5 81 91 121 121 162 162 162 
30 30 30 
96 96 
57 57 154 154 154 
90 
5 42 42 94 235 
5 5 
43 48 48 58 195 204 
113 145 145 145 
8 8 71 


60 
81 99 99 160 160 203 203 203 220 220 
58 214 
87 87 115 115 193 193 193 
5 50 50 50 
84 84 84 84 
