Nodes: 256, Edges: 626
18 18 190 236 236 
21 105 153 153 153 164 232 232 
153 153 153 
81 81 
32 32 138 138 208 
26 38 38 42 42 56 56 68 81 94 98 98 102 102 103 108 114 117 117 123 123 123 126 126 126 133 136 136 136 141 141 142 143 143 159 159 165 165 178 178 196 203 203 221 221 227 227 227 234 238 238 238 244 248 248 248 254 
212 212 212 212 
86 97 124 130 130 203 203 
71 81 81 168 215 215 228 228 247 247 247 
182 
14 
134 134 134 172 172 172 172 
227 227 
33 37 37 
10 18 18 18 32 47 47 51 138 138 139 146 152 152 163 180 180 180 208 208 208 
26 26 207 207 207 207 
78 89 93 93 95 95 95 
66 66 66 84 84 
0 0 14 14 14 60 61 63 63 80 80 90 90 152 152 186 186 192 192 206 206 
62 
98 98 166 166 166 
1 52 71 131 131 140 140 153 228 228 

192 192 
223 223 223 223 223 
81 153 
5 15 15 33 33 44 44 59 59 67 67 72 84 84 84 98 108 117 117 141 175 175 175 231 231 237 
110 
88 88 88 165 165 
191 
64 175 175 182 196 196 196 230 230 230 239 239 

4 4 14 
13 26 26 37 37 39 39 39 44 44 134 185 197 211 222 222 222 222 

53 81 
203 203 
13 13 33 33 122 134 134 134 134 150 169 219 219 
5 5 42 42 
33 33 33 73 134 


5 5 38 38 243 243 243 
195 245 245 245 
26 26 33 33 150 150 188 188 
148 148 153 
56 56 56 221 
14 14 

84 
123 123 254 254 254 
14 137 
21 
35 81 
127 127 
121 121 121 238 
5 5 46 46 46 227 227 
93 93 154 154 154 241 
104 104 245 252 252 252 
26 26 
18 76 76 152 206 250 250 250 250 
18 206 
19 
18 18 90 137 202 242 
30 175 175 196 196 
81 81 93 93 
17 17 17 
26 26 
5 
223 223 223 
122 210 
8 21 131 247 247 
26 
39 134 
156 199 203 203 
147 203 203 203 205 205 217 233 233 233 
60 60 152 
122 122 122 
16 93 93 
111 111 
18 18 137 137 
3 3 5 8 8 25 35 53 65 65 93 93 125 153 153 160 162 173 173 176 176 176 203 203 228 228 228 238 238 251 251 
197 197 197 197 
113 113 113 177 177 177 204 204 
17 17 26 26 26 49 109 109 127 183 183 183 189 255 255 255 
128 128 128 
7 92 92 203 218 218 
253 253 
28 28 28 165 165 203 203 
16 93 93 93 93 
18 18 63 206 206 206 242 
121 121 121 238 238 
86 86 203 203 218 
16 16 57 57 65 65 78 78 81 81 89 89 89 89 111 111 111 154 176 176 176 201 224 
5 112 112 112 243 243 
16 16 16 
127 127 229 229 229 
7 130 130 226 226 
5 5 20 20 26 166 209 209 209 213 213 237 237 
251 
109 194 194 198 198 198 
145 145 
5 5 203 234 
5 
58 58 129 129 152 
1 
145 145 
119 152 
5 26 126 126 
84 84 100 127 194 194 216 
27 
79 79 93 93 93 
94 94 94 
83 83 83 145 204 204 204 246 
5 
253 253 253 
203 203 
5 5 26 26 234 234 234 
188 188 
107 152 
155 155 155 155 170 170 206 
55 55 55 91 91 91 
37 70 77 77 77 142 210 
5 5 5 50 50 161 196 
7 
81 
5 5 5 108 108 
54 54 84 96 96 109 144 144 189 189 189 216 229 229 229 
85 85 85 228 
104 104 
7 7 97 97 
21 21 71 
222 222 
5 227 227 
11 11 11 33 37 37 37 37 39 73 
175 175 175 
5 5 5 
51 63 80 80 202 
4 4 14 14 
14 
21 21 
5 5 26 
5 122 159 
5 5 149 203 203 221 221 
127 127 
101 101 106 106 113 204 204 246 246 246 246 246 
14 152 152 223 223 
75 205 
45 45 153 153 
143 203 203 
37 44 44 
228 228 
14 14 18 18 60 76 104 107 119 146 146 157 157 157 163 223 223 
1 1 1 2 2 2 21 25 45 81 81 148 148 228 228 
57 57 57 93 241 241 241 
120 120 120 120 206 206 
74 199 203 
152 152 152 
164 
5 5 142 
81 
123 
81 238 
14 152 
1 158 232 
5 5 28 28 88 88 203 203 203 
20 20 20 98 209 209 209 
173 
8 
37 
120 120 174 174 206 
205 205 
11 11 11 11 
81 81 167 176 
170 170 206 
26 26 26 30 30 64 64 135 135 135 196 196 
81 81 81 93 93 93 173 
83 83 83 
5 5 

14 14 14 

9 30 196 196 196 
84 84 84 
228 228 
33 
18 18 

44 44 118 118 
84 127 127 127 
0 236 236 
29 205 205 
18 18 23 23 
237 253 253 
100 100 109 109 
43 
5 30 30 30 64 64 123 175 175 182 182 182 
33 82 82 82 82 
100 100 100 255 
74 156 
229 229 229 229 
93 
63 137 
5 5 7 7 36 36 74 74 75 75 75 81 81 86 88 88 92 92 102 116 116 143 143 149 149 156 165 165 165 
83 83 113 113 113 145 145 245 245 
75 75 147 171 171 191 191 
18 18 60 61 90 90 90 120 155 155 170 174 
15 15 15 15 
4 14 14 14 
98 98 98 166 166 166 
70 122 
33 
6 6 6 6 222 
98 98 237 
252 
8 8 
109 127 
75 233 233 
86 86 92 
37 37 
251 
5 5 46 143 143 227 
33 33 33 33 132 132 212 
24 24 24 24 24 69 69 69 146 146 152 152 
93 

97 97 
5 5 5 12 12 56 56 133 133 221 
8 8 21 21 81 81 81 128 151 151 153 153 184 184 
96 96 96 127 127 127 200 200 200 200 
30 30 30 
26 26 
1 1 164 
75 75 75 217 217 
5 102 117 117 117 
243 
0 0 190 190 
26 98 98 193 213 
5 5 5 55 81 81 91 91 162 
30 30 

57 154 154 154 
63 90 
42 42 42 94 94 235 
5 
43 43 43 58 204 204 
113 145 145 145 145 145 
8 8 8 71 71 
5 5 5 

60 60 60 60 
81 81 99 220 
58 58 58 214 
87 87 115 115 115 193 193 
5 50 50 50 
84 84 84 198 
