Nodes: 256, Edges: 626
18 18 18 190 236 
21 21 21 105 153 153 158 158 158 232 232 
153 153 
81 81 81 81 81 
14 14 18 18 32 138 138 208 208 
26 26 26 38 42 42 46 46 50 68 81 81 81 94 94 98 102 102 103 103 114 114 114 117 123 123 126 126 133 136 142 142 143 159 159 165 178 178 196 196 203 203 203 221 221 221 227 234 238 244 248 248 
212 212 212 
41 86 86 97 97 97 124 124 130 130 130 203 203 218 218 
71 81 81 168 168 215 228 228 228 247 
182 182 
14 14 
134 134 172 172 172 

37 
4 4 10 10 18 18 32 32 47 138 139 139 139 146 152 152 152 180 180 208 208 208 
26 207 207 207 207 231 231 231 
78 78 93 93 
66 66 66 84 84 
0 0 0 4 4 14 14 60 80 80 80 90 90 152 180 186 192 192 

98 
1 1 1 45 45 52 71 131 131 140 140 153 153 153 228 228 
43 
192 192 
223 223 
81 153 
5 5 5 15 59 62 67 67 70 70 72 84 84 84 87 87 98 98 108 108 122 122 122 141 141 175 175 196 231 237 237 
110 
88 165 
191 205 
64 64 123 175 182 230 230 230 239 239 239 
157 157 157 
4 14 14 
37 37 37 39 39 39 122 122 134 185 185 197 211 222 
137 137 
53 53 81 81 
203 
13 33 33 33 122 134 134 134 150 169 219 219 219 219 
5 42 
33 33 33 134 
203 203 203 
7 
5 5 38 81 243 243 
22 195 195 245 
59 59 150 150 188 188 188 
21 21 148 148 153 
5 5 56 221 221 221 221 
14 152 152 152 
245 
84 
5 123 123 123 254 254 254 

21 
35 35 
127 
121 
46 181 
241 241 
104 203 203 203 214 214 245 252 252 
26 44 44 
18 76 152 206 236 236 250 250 
206 206 
26 
90 137 137 192 202 242 
30 30 175 175 196 
81 93 
17 17 17 
26 26 
5 

26 26 210 249 249 
8 21 228 247 
26 

86 156 156 203 203 
171 203 203 203 205 217 217 233 233 
60 152 
122 
16 16 93 93 93 93 
111 111 
18 18 18 137 137 137 
3 3 3 3 3 5 5 5 8 8 25 35 35 42 65 93 125 153 153 160 160 162 173 176 203 203 228 228 228 238 238 251 251 251 
197 197 197 
113 113 177 177 204 204 204 
17 17 26 26 26 49 100 109 109 127 127 183 183 183 189 255 255 
128 
7 7 74 92 203 
26 26 237 253 
28 165 165 203 203 
93 93 93 93 93 
18 18 63 206 206 242 242 
121 121 238 
86 218 
16 16 65 78 78 78 78 81 89 89 89 89 89 111 154 176 176 176 224 
5 5 112 243 

127 127 144 200 200 229 229 229 240 240 240 
7 7 7 130 226 226 226 
5 20 26 26 166 166 209 213 213 213 237 
251 
84 109 109 194 194 
145 145 
5 5 203 234 234 
5 5 
58 129 129 
1 
145 204 
119 152 
26 26 126 
84 84 100 100 127 127 194 198 198 198 216 216 216 
27 153 153 
79 79 93 
94 
83 83 145 177 246 246 
5 5 5 
253 253 253 253 253 
203 
5 234 234 234 
188 188 
107 152 152 
155 155 155 170 170 206 206 206 
55 91 91 238 
26 26 26 33 33 37 77 210 210 210 
5 5 30 50 50 50 161 161 
7 7 
81 
5 5 108 
54 84 84 96 96 109 109 144 144 187 187 189 189 216 229 229 
85 228 228 228 
104 104 
7 7 7 97 
21 21 228 228 
222 222 222 
5 227 227 227 
11 11 33 37 37 37 39 
175 175 
5 
34 34 63 63 80 80 80 202 
4 4 14 
14 14 14 
21 21 
26 26 
5 5 159 159 
5 149 203 203 221 221 221 
96 127 127 
101 101 106 113 204 246 246 
14 152 152 152 
205 
45 45 153 153 153 
143 203 203 
37 44 44 
228 
14 14 14 18 47 47 47 60 76 107 119 119 146 146 146 157 163 163 223 225 
1 1 2 2 21 21 21 25 45 81 81 110 110 148 148 148 179 179 179 228 228 228 
93 176 241 
120 120 120 206 
74 74 199 203 203 
31 31 31 152 
1 1 1 
5 5 142 142 
81 81 251 
123 123 
81 238 238 
152 152 
232 
5 28 88 88 203 203 
98 98 209 
173 173 
8 8 
37 
120 120 174 206 206 206 
75 205 205 
11 11 11 
81 167 167 176 
170 206 
26 26 30 64 64 135 135 196 
81 93 93 93 154 173 
83 83 113 
5 5 
153 153 153 
14 14 18 
56 
9 9 30 196 
84 84 84 
228 
33 33 
18 
127 127 
44 44 44 118 118 
84 127 127 
0 236 236 
29 205 205 
18 18 23 23 63 
237 237 253 253 253 253 
100 100 109 
43 43 204 204 245 
5 5 26 64 175 182 
33 82 82 82 
109 109 109 255 
156 
96 96 229 229 

63 137 
5 5 5 7 7 36 40 40 40 58 58 58 74 74 75 75 75 81 81 86 88 88 102 116 143 143 149 149 156 156 165 165 251 
83 83 83 106 145 195 195 245 
29 75 147 171 171 191 191 
60 61 61 90 90 120 120 120 155 170 170 170 174 
15 15 15 15 
4 4 14 14 14 
98 166 
70 122 122 122 
33 
6 6 6 222 
98 98 98 
58 58 252 252 
8 
109 109 109 127 
75 75 233 
7 7 92 
37 37 37 37 
251 251 
5 5 5 46 46 46 46 143 143 143 227 227 
33 132 132 132 212 
24 24 152 
93 
152 
97 97 97 
5 133 133 133 221 221 
8 8 8 21 21 71 81 81 81 128 128 128 131 131 151 153 153 153 184 
96 96 96 127 127 200 200 
30 30 30 
15 15 15 26 
1 1 164 
75 75 217 
5 102 102 117 117 117 
243 
0 60 60 190 190 
26 26 87 98 193 193 
5 81 81 91 121 162 162 
30 30 30 
96 96 96 
57 57 154 
63 90 90 
42 42 94 235 
5 
43 48 58 195 204 
113 113 145 145 
8 71 
5 5 
70 70 
60 60 
81 81 81 99 160 203 220 220 
58 58 214 214 
87 115 115 115 115 115 193 193 193 193 
50 50 50 
84 84 198 
