Nodes: 256, Edges: 626
18 18 190 190 236 
21 21 105 105 153 153 153 158 158 232 232 
153 153 
81 81 
18 18 32 138 208 
26 26 38 42 50 50 50 68 81 81 94 102 102 102 103 103 108 114 117 117 126 126 126 126 133 136 136 141 141 141 142 143 143 143 165 165 196 196 203 203 221 221 227 227 227 238 243 243 244 248 248 254 254 
212 212 
86 86 97 97 124 124 130 203 203 
71 71 71 81 168 215 215 228 247 
182 
14 
134 134 134 172 172 172 
227 227 227 
33 33 37 
10 18 18 18 51 51 138 139 146 152 163 163 180 208 
26 207 231 231 231 
78 89 89 93 95 95 
66 66 84 84 
0 0 4 4 14 14 14 60 61 63 63 80 80 80 90 152 152 180 186 192 192 206 206 
62 
98 166 
1 1 45 52 71 71 71 131 131 140 140 153 153 228 



81 81 153 
5 5 15 33 44 44 44 59 59 62 67 70 72 84 84 87 87 87 98 98 108 117 122 122 141 141 175 213 231 231 237 237 

88 88 88 165 165 191 

64 123 182 196 196 230 230 239 239 
157 157 157 
4 
13 13 26 37 39 39 39 44 44 44 134 185 211 211 211 222 
137 
53 53 53 81 

13 33 122 134 134 169 169 219 219 219 219 
5 42 42 
33 33 33 134 134 
203 203 

5 38 38 243 
195 216 245 
26 26 26 33 33 33 59 150 150 188 
21 148 148 153 153 153 
56 56 221 221 221 
152 152 
152 152 245 
84 84 
5 5 5 123 123 123 254 254 254 
14 14 
21 
35 35 35 81 81 
127 127 
121 121 238 238 
46 46 181 227 227 227 
93 93 154 241 241 241 
203 203 214 214 245 251 252 
26 26 44 
18 76 152 152 206 236 250 250 250 250 
18 206 206 206 
19 26 
18 18 90 90 137 137 192 202 
30 175 175 175 196 196 196 196 196 
81 81 93 93 93 
17 17 
26 
5 
223 223 
26 77 122 122 210 249 249 
8 8 8 21 21 21 131 131 228 247 
26 

156 156 203 203 
171 203 203 205 205 217 233 233 
60 
70 
16 89 93 93 93 

18 18 18 137 
3 3 5 5 8 25 25 35 53 53 65 65 93 93 153 153 153 162 162 173 176 176 176 203 203 203 228 228 238 238 251 251 251 
84 197 197 197 197 
113 177 177 204 204 
17 17 26 26 49 49 82 100 100 100 109 127 183 183 189 189 189 255 255 255 255 
128 128 128 
7 7 92 92 203 203 203 218 218 
26 26 26 237 237 253 
28 28 28 203 203 
16 16 78 93 
18 63 63 206 206 242 242 
121 238 
86 86 218 
16 57 57 65 65 65 78 78 78 81 81 89 111 176 201 201 201 224 224 
5 112 
16 16 
127 127 144 200 200 229 229 240 240 240 240 240 
7 7 130 130 226 226 226 
20 26 26 166 166 209 209 237 237 237 
251 251 251 
84 84 84 109 109 194 194 198 198 
145 145 
5 5 5 203 234 
5 5 
129 129 152 152 
1 1 
145 145 204 204 204 
119 119 152 
5 26 126 
84 100 100 127 127 194 216 
153 153 153 
93 
94 
83 177 204 
5 
211 253 
203 203 
5 5 26 234 234 
188 188 
107 107 
155 170 170 170 206 
55 55 91 238 238 238 
26 26 37 70 70 142 210 210 
30 50 50 50 161 161 196 196 
7 7 

5 5 5 5 108 203 
54 54 84 96 96 109 109 144 187 187 189 189 229 229 
85 85 85 228 228 
104 104 
7 97 97 
21 21 71 71 228 
222 222 
5 227 227 
11 11 11 33 37 37 39 39 
175 
5 5 
34 63 63 80 202 202 
4 14 
14 
21 21 
5 5 5 26 26 
5 122 
5 5 5 149 203 203 203 221 221 221 
96 127 
101 101 106 106 204 246 246 246 
14 152 152 223 223 
205 
45 45 153 
143 203 203 233 
44 44 
228 228 
14 18 18 47 47 48 48 60 60 104 104 107 146 146 157 163 223 223 225 
1 1 1 2 2 21 21 25 45 45 45 81 81 81 110 110 110 148 228 228 
57 176 241 241 
120 
74 74 199 
31 31 31 152 
1 1 164 


123 123 
81 81 
14 14 152 
158 232 
5 5 28 28 203 203 
20 98 98 209 
173 
8 
37 37 222 
120 120 120 174 206 206 
75 205 205 
11 11 11 
81 167 176 
170 206 
26 64 64 64 135 196 196 
81 81 81 93 154 173 
83 83 113 


14 18 
56 
9 30 196 196 196 
84 84 
228 
33 
18 
127 127 
44 118 118 
84 84 84 127 127 
0 0 236 
28 205 
18 18 63 
237 253 253 253 
100 100 109 
43 204 204 245 245 245 
5 5 30 30 64 64 64 64 64 123 123 175 175 182 182 182 
82 82 82 82 
100 100 
156 
96 96 229 
93 93 93 
63 137 137 
5 5 7 7 40 40 58 58 74 74 75 75 81 81 81 86 86 86 88 88 102 116 116 126 143 143 143 149 149 165 165 220 251 251 252 
83 83 106 106 106 113 145 195 195 245 
75 75 147 171 171 191 
18 18 60 61 61 61 90 90 120 170 170 174 
15 
4 14 
98 98 166 
70 122 122 
33 33 33 115 
6 6 222 
26 
58 58 252 252 
8 8 
43 109 
75 233 233 
86 86 92 
37 37 37 37 
203 251 251 
5 5 46 46 46 143 143 143 227 227 235 
33 132 132 169 212 
69 69 146 146 152 152 
93 93 
152 
97 97 97 
5 5 5 12 12 12 56 56 56 133 133 221 221 
8 21 71 81 81 128 128 131 151 151 153 153 184 
96 96 127 127 200 
30 30 
15 15 15 26 26 
1 1 164 
75 75 149 217 217 
102 117 117 
221 
0 60 190 
26 26 87 87 98 98 98 193 
5 55 55 81 81 91 121 121 121 
30 30 
96 96 96 96 96 
57 57 57 154 154 
90 90 
5 5 42 
5 
43 48 58 195 195 195 204 
145 145 145 
8 71 
5 5 
70 70 
60 60 60 60 
58 81 81 81 99 99 99 203 203 220 220 
58 203 214 214 
87 115 193 193 193 
5 5 50 50 50 
84 84 84 84 
