Nodes: 256, Edges: 626
18 18 18 190 190 
105 105 153 158 158 164 164 
153 153 
81 81 81 
14 14 32 32 138 208 
26 26 38 42 50 56 56 68 68 81 94 94 102 103 103 108 114 114 114 123 126 126 126 133 136 136 141 142 143 143 159 159 159 165 165 178 178 178 196 196 203 203 203 221 221 227 227 227 234 234 243 244 244 248 254 
212 212 212 212 212 
41 41 86 86 97 97 97 124 124 130 203 218 218 
71 71 81 131 168 215 228 228 228 247 
182 182 

134 134 172 172 172 
227 
33 37 37 
4 4 18 47 47 47 51 51 138 139 146 146 152 152 163 208 208 
26 26 207 231 
78 89 93 95 
66 66 66 84 
0 0 0 14 60 60 61 61 63 63 80 80 80 90 90 90 152 152 186 186 192 206 206 
62 
98 
45 45 71 131 131 131 140 153 153 228 228 228 

192 
223 
81 
5 5 15 15 33 33 33 59 59 59 62 62 67 67 67 72 72 72 84 84 98 98 108 108 117 122 141 141 175 175 175 196 196 196 213 231 237 237 
110 
165 165 
191 205 
110 123 175 196 196 196 230 230 239 
104 157 157 157 
4 4 
13 26 26 26 37 37 39 39 39 122 134 134 185 197 197 211 222 222 
137 
53 53 81 
203 203 203 
13 13 33 33 122 122 134 150 169 169 169 219 219 219 219 
5 42 
33 33 33 134 134 
203 
7 7 
5 38 81 81 
195 
150 188 
21 21 148 153 153 
56 56 221 221 221 
14 14 14 152 
152 152 245 245 
84 84 
5 123 254 254 254 254 254 
14 14 137 

35 35 81 
127 127 
121 238 238 
5 5 46 46 181 
93 93 154 
152 203 203 203 214 251 252 
26 26 26 
18 18 152 152 206 206 236 236 236 250 250 250 
18 18 
19 26 26 
18 18 137 192 202 202 242 242 242 
175 175 175 196 196 196 196 196 
81 81 81 93 93 
17 17 17 
26 26 26 
5 5 
223 223 
77 122 122 210 249 249 249 
8 8 21 228 247 247 
26 26 26 
134 
156 203 203 
147 147 203 203 203 205 217 217 233 233 

70 122 
16 93 93 
111 111 111 
18 18 18 137 137 
3 3 3 5 8 25 35 42 42 53 65 65 65 93 93 153 153 162 173 176 176 203 203 228 238 238 238 
197 197 
113 113 177 177 204 204 204 
17 26 26 49 49 100 100 109 109 127 183 183 183 189 255 255 
128 128 
7 7 92 92 203 203 218 218 
237 253 
165 
16 93 93 93 
18 18 18 206 206 242 242 242 
121 121 238 
86 86 203 218 
16 57 57 65 65 78 78 81 81 89 89 89 111 111 111 154 154 176 176 176 224 
5 5 112 112 243 243 
16 
200 229 229 240 240 
7 7 7 130 130 226 226 
20 26 26 166 166 209 209 213 237 237 
251 251 
84 84 109 109 109 194 198 
145 145 145 
5 203 203 234 
5 5 
31 129 152 152 
1 1 156 
145 204 
119 152 
5 26 26 126 126 
84 84 100 100 100 127 194 194 194 198 198 216 216 
27 30 
79 79 79 93 93 93 
94 94 
83 83 177 204 204 204 246 
5 5 5 
253 253 253 253 253 
203 203 
26 234 234 
188 
107 152 
155 155 155 170 
55 91 91 238 238 
26 33 37 37 70 70 77 210 
5 30 50 161 161 161 
7 7 

5 5 5 108 108 203 
54 54 84 109 144 144 144 144 187 187 189 189 216 229 
85 85 228 228 228 
104 
7 97 97 
8 21 21 21 228 

5 227 227 227 
11 11 33 33 37 39 39 73 
175 175 
5 5 
34 51 63 80 80 202 202 
4 14 
14 
21 
5 26 26 
5 159 
5 5 221 221 221 221 
127 127 127 127 
101 101 101 106 204 246 246 246 
14 14 152 152 223 
75 75 205 
45 153 153 
203 233 
37 44 
228 228 
14 14 18 18 47 48 48 58 60 60 104 104 107 119 146 146 157 163 163 223 225 
1 2 2 21 21 45 45 81 81 148 148 179 228 228 
57 93 93 176 241 241 
120 120 120 206 
74 105 199 203 203 
31 31 31 152 
1 1 164 
5 5 5 142 
251 251 
123 123 123 
81 238 238 
14 152 152 
1 1 158 232 
5 5 28 28 88 
98 98 209 209 
173 173 173 
8 
37 37 37 
120 174 174 206 206 
205 205 
11 11 11 
81 167 167 167 176 176 176 
170 170 206 
26 26 26 30 64 64 64 135 135 
81 81 93 93 93 154 173 173 173 
83 83 113 
5 5 5 
153 

56 
9 9 196 196 
84 84 84 
228 228 
33 
18 18 
127 127 
44 118 
84 127 127 
0 0 236 
29 205 205 
18 23 63 
237 253 253 253 
100 109 109 109 
43 204 204 245 245 
5 5 26 26 26 30 30 30 64 64 64 64 64 182 182 
33 33 82 82 
100 109 109 
156 
96 

63 63 137 137 
5 5 5 7 36 36 36 40 58 58 58 74 74 75 75 75 81 81 86 86 92 102 102 116 116 126 149 156 156 220 220 251 
83 83 83 106 113 113 113 145 195 195 245 
29 75 147 171 171 191 191 
18 18 60 60 90 90 155 170 170 174 
15 
4 14 14 
98 98 166 166 
70 122 
33 
6 6 6 6 6 222 
26 98 
58 252 
8 241 
109 109 127 
75 75 233 
7 7 86 86 92 
37 37 37 37 
203 203 251 251 
5 5 46 46 46 143 143 143 143 227 227 235 
33 33 212 
24 69 69 146 152 
93 
152 
97 97 
5 5 5 12 133 133 133 221 221 
8 8 8 21 21 21 71 81 128 128 128 131 151 151 153 153 184 184 
96 96 127 
30 30 
15 26 
164 
75 75 149 217 
5 5 102 117 117 
221 243 
60 60 60 190 
26 26 87 98 98 193 
55 55 81 81 81 91 121 121 162 162 
30 
96 96 
154 154 215 
63 63 63 90 90 90 
5 94 94 235 
5 5 
48 48 195 195 204 
113 145 145 145 
8 71 71 
5 
70 70 70 
60 60 60 
58 99 99 160 160 203 220 220 
58 214 
87 115 115 115 115 115 193 193 193 
5 50 50 50 50 50 
84 84 
