Nodes: 256, Edges: 626
18 18 18 18 236 236 236 
21 21 105 153 153 153 158 158 164 232 
153 153 
81 
14 14 32 32 32 138 138 138 208 
38 38 42 46 50 50 56 56 68 81 81 94 98 102 102 103 103 108 114 114 117 117 117 126 126 133 136 136 141 141 142 143 143 159 159 165 165 165 165 178 196 196 203 203 203 221 221 227 227 238 238 238 243 244 244 244 248 248 254 
212 212 212 
41 86 86 86 124 124 130 130 203 203 203 218 218 218 
71 71 81 81 81 141 168 215 215 215 228 228 228 247 247 247 
182 182 
14 14 
134 134 172 172 172 
227 
33 
4 4 10 10 18 18 32 32 47 51 138 139 139 146 163 163 180 180 208 
26 207 207 207 231 
78 78 78 89 93 93 93 95 
66 84 84 
0 0 0 0 14 14 60 61 61 63 63 80 90 152 180 186 192 192 206 206 
62 62 
98 166 166 
1 1 52 52 71 71 71 71 131 131 140 140 151 153 153 228 228 228 

192 192 
223 223 
81 81 153 153 
15 33 33 33 44 44 59 67 67 70 72 72 84 84 87 87 98 98 108 122 122 141 141 175 175 175 196 196 213 213 231 237 

88 165 
205 
182 182 182 196 230 230 230 239 239 239 

4 4 4 14 14 
13 26 26 26 37 37 39 39 44 44 134 185 197 197 222 222 222 
137 137 
53 53 53 81 81 
203 203 
33 33 122 122 134 134 134 134 150 
5 5 42 
33 33 134 
203 203 
7 
5 38 81 
195 245 245 
26 26 33 33 59 59 150 188 188 
148 148 153 153 
5 56 56 221 221 221 
14 152 152 152 
245 
84 84 84 
5 5 123 254 254 
14 
21 21 
35 35 35 81 
127 127 127 
238 
5 5 46 46 181 181 227 227 
93 93 154 241 
214 245 245 245 252 252 252 
26 44 44 
18 76 152 152 206 236 236 250 250 
18 18 206 206 206 229 
19 19 
18 18 90 90 90 137 137 192 242 242 
175 175 196 
81 81 93 
17 
26 26 
5 
223 223 
26 77 122 210 210 249 249 
8 8 21 21 21 21 131 228 247 
26 26 

156 199 203 203 
147 171 171 203 203 233 233 
60 
70 122 122 122 
16 16 16 89 93 93 
111 
18 
3 5 5 8 8 8 25 25 35 35 42 53 65 65 93 93 93 153 153 153 160 160 160 162 173 173 176 203 203 228 228 228 251 
84 197 197 
113 177 177 177 204 204 204 
17 17 26 26 49 49 49 82 100 109 189 189 189 255 255 
128 128 128 
7 7 7 92 203 218 
26 26 237 237 253 
28 165 203 203 203 
16 78 93 
18 63 63 63 206 242 
121 121 121 238 238 
86 203 218 
16 16 16 57 57 65 78 78 81 81 81 89 111 111 111 154 154 154 176 176 201 224 
5 112 243 
16 
127 127 144 229 240 240 240 240 
130 130 130 226 
5 20 26 26 166 209 213 213 237 
251 251 
84 109 194 194 194 198 198 
145 145 
5 5 203 234 
5 5 
129 152 152 152 
1 
145 145 204 
119 119 152 152 
5 26 126 126 126 
84 100 127 127 198 198 216 216 
153 153 
79 93 93 93 
94 
83 177 177 204 204 246 246 246 
5 5 
253 253 253 253 
203 203 
5 5 5 234 234 234 

107 107 152 152 
155 170 170 206 206 
91 91 91 238 238 
26 26 37 37 70 77 77 77 142 210 
50 161 196 
7 7 

5 5 108 108 108 203 
54 54 54 96 96 109 109 144 144 187 189 189 229 229 
85 85 85 228 228 
104 
7 7 97 97 97 
21 21 71 228 
222 222 222 
5 227 227 
11 11 33 37 37 37 37 39 
175 175 175 
5 5 
34 34 63 63 202 
4 4 4 14 
14 14 
21 21 
5 5 8 26 26 
5 122 159 
5 5 149 203 
96 127 127 
101 101 106 106 204 204 246 
14 152 152 223 
75 205 
45 45 153 153 
143 203 203 
37 44 
21 228 
18 47 47 47 60 60 104 104 104 107 107 119 119 146 146 157 157 163 163 225 
1 1 1 2 2 21 21 25 25 45 45 81 81 81 110 110 148 148 179 179 228 
57 93 93 93 241 241 241 
120 206 
74 199 199 203 
152 152 
1 1 164 164 164 
5 5 142 
81 81 81 251 
123 
81 238 
14 14 152 152 
1 158 158 158 232 
5 5 5 5 28 88 203 203 203 
20 20 98 209 209 
173 173 
8 

120 120 174 206 206 
75 75 
11 11 11 
81 81 167 167 176 
170 206 206 
26 26 26 64 64 135 135 135 
81 93 93 173 
83 83 83 113 113 
5 
153 153 
14 14 18 
56 56 
9 9 30 30 30 196 

228 228 228 
33 
18 
127 
44 44 
84 84 84 127 127 


18 18 23 23 63 
253 253 253 
100 100 100 
43 245 
5 5 26 26 30 64 123 182 
33 33 82 82 
100 100 109 109 
74 156 156 
229 229 
93 
137 
5 5 5 7 7 7 36 36 40 40 74 74 75 75 81 81 86 88 88 88 92 102 116 116 126 143 149 149 156 165 165 165 220 251 
83 83 83 106 113 113 145 145 
29 147 
18 18 60 61 61 61 90 120 120 155 170 170 174 174 
15 15 15 
4 14 
98 166 166 
70 70 122 

6 6 6 222 222 222 
26 26 98 98 
58 
8 8 8 
109 109 
233 233 
7 7 7 86 92 

203 
5 5 46 46 46 227 227 235 
33 33 33 132 132 132 212 212 212 
24 24 69 69 146 
93 
152 
97 
5 5 12 56 56 133 133 221 221 
8 8 8 21 21 21 71 81 81 81 128 128 131 151 153 184 184 184 
61 96 127 127 200 200 
30 30 30 
15 26 
1 164 
75 75 217 217 
102 117 117 117 
221 
0 0 0 60 60 
26 87 87 98 
5 5 5 55 91 91 121 121 162 
30 30 30 
96 96 96 96 
57 154 154 154 
63 63 90 
5 94 
5 5 5 
43 43 48 58 58 58 195 
113 113 113 145 
8 8 8 71 
5 5 
70 70 
60 60 
81 99 99 160 203 
58 58 58 
87 115 115 115 115 193 193 193 
5 50 50 
84 84 
