Nodes: 256, Edges: 626
18 18 190 190 190 236 
21 105 153 153 153 158 164 164 232 232 232 
153 153 
81 81 81 81 81 
14 14 18 18 18 32 32 138 138 138 208 
26 26 38 38 42 42 46 50 50 56 56 68 81 81 94 94 102 103 103 108 108 108 114 114 117 117 123 126 126 126 133 136 136 136 141 142 142 142 143 143 143 159 159 165 165 165 178 196 196 196 203 221 221 238 243 243 244 248 248 254 254 
212 212 212 212 
41 74 74 86 97 97 124 124 130 130 130 203 218 218 
71 81 81 81 168 215 215 215 228 228 247 
182 182 
14 14 
134 134 172 172 172 

33 37 37 
4 4 10 10 18 32 32 32 51 51 138 139 139 146 146 152 152 163 163 180 180 180 208 208 208 
26 26 207 207 231 
78 78 89 93 93 93 95 95 
66 84 84 
0 0 4 4 4 14 60 60 61 61 63 80 80 80 80 90 152 180 192 192 192 206 206 
62 
98 98 166 166 
1 52 52 52 71 71 71 71 131 131 140 140 140 153 153 228 228 228 
43 
192 
223 223 223 223 
153 
5 5 15 15 33 44 44 59 62 62 62 67 67 98 108 108 117 117 122 122 141 175 213 231 237 237 

88 88 165 
191 205 205 
64 175 182 182 182 196 230 239 239 239 

4 4 14 14 14 
13 26 37 37 39 39 39 44 44 122 122 134 197 197 197 222 
137 137 
53 53 81 
203 203 
13 13 33 33 134 169 219 219 
5 5 42 
33 33 33 134 
203 203 203 
7 
5 5 38 81 243 
22 195 195 
26 26 33 33 59 150 188 
148 148 148 153 
5 56 56 221 221 221 
152 
152 245 245 
84 84 
5 5 123 254 254 
14 14 137 
21 21 21 
35 35 81 81 
127 
121 121 
5 5 46 46 181 181 
93 154 154 241 241 241 
104 203 214 
26 44 
18 18 76 152 206 206 236 250 250 
18 18 206 
19 26 26 26 
18 90 137 137 192 202 202 202 242 242 242 
30 175 175 175 196 196 
81 93 
17 
26 26 
5 
223 223 223 
122 
8 21 21 21 21 228 247 


7 7 86 156 203 203 
171 171 171 203 203 203 205 205 217 233 233 
60 
122 122 
16 16 89 89 93 93 93 
111 
18 18 18 18 137 
3 3 3 3 3 5 5 8 8 8 35 42 53 53 65 93 93 125 153 153 153 160 160 162 162 176 176 176 203 203 228 228 228 238 238 251 251 
197 197 197 197 
113 113 113 177 177 177 177 204 204 
17 17 49 49 100 109 109 127 127 183 183 183 189 189 255 255 255 255 
128 128 128 128 
7 74 92 203 
237 237 253 253 
28 28 165 203 
16 78 78 93 93 93 
18 63 206 206 242 242 
121 121 238 238 
86 
16 16 16 57 65 78 78 78 81 81 89 89 89 111 111 154 154 176 176 201 224 224 
5 5 112 112 112 
16 16 
127 144 200 229 240 240 240 240 
7 7 130 130 226 226 226 
20 20 26 166 166 209 237 
251 
84 194 194 198 
145 
5 203 234 
5 5 
58 129 129 152 
1 
145 204 204 
119 119 119 152 
5 5 5 26 26 126 126 126 
84 84 127 127 127 194 198 216 216 

79 93 93 
94 94 94 
83 83 83 145 177 204 246 246 
5 5 
253 
203 203 203 
5 5 26 26 234 
188 188 
107 107 107 
155 155 170 
55 55 91 91 238 238 238 
26 26 33 33 70 77 77 210 
5 50 161 196 
7 7 
81 
5 5 5 108 108 108 203 
54 84 84 96 109 109 109 144 144 187 216 229 229 
85 85 85 85 228 228 
104 104 
7 7 7 97 97 
21 21 228 228 
222 222 
5 227 227 
11 11 33 37 39 
175 
5 5 5 
34 34 51 63 63 80 202 202 
4 4 4 14 
14 14 
21 21 21 
5 26 
5 5 5 159 
5 5 5 149 221 221 221 
96 127 127 
101 106 113 204 246 246 
14 14 152 152 223 
205 
45 45 45 153 153 153 
143 203 233 
44 
228 228 
14 14 18 47 48 60 104 107 146 146 157 163 163 223 225 225 
1 1 1 2 2 21 21 25 45 81 81 81 148 148 148 179 179 228 228 
57 57 93 93 241 241 
120 120 206 
74 203 203 
152 
1 164 164 
5 5 142 
81 81 251 
123 
81 81 238 
14 14 152 152 
1 1 158 158 232 
5 5 5 28 88 203 
20 20 98 98 209 209 

8 
37 
120 174 174 
75 75 75 
11 11 11 
176 
170 170 206 
26 30 64 64 64 135 196 
81 81 81 93 93 173 
83 83 83 83 113 
5 
153 153 
14 14 14 18 
56 56 
9 9 30 30 30 196 196 
84 84 84 
228 


127 
44 118 118 
84 84 
0 0 0 236 
29 205 205 205 
18 18 18 23 63 
237 237 
100 100 109 
43 43 204 204 
5 5 5 30 64 64 123 175 182 182 
33 33 33 82 82 82 82 
100 109 

96 229 229 
93 
63 63 63 137 137 
5 7 36 36 40 40 40 58 74 74 75 75 75 81 81 86 88 102 116 116 116 126 149 156 156 165 220 251 251 252 
83 83 106 106 113 145 195 195 245 245 245 
29 29 75 75 147 191 191 191 
18 18 60 60 61 90 90 155 174 
15 15 
4 14 14 14 
98 166 166 
122 

6 6 6 6 222 
26 237 
58 252 
8 8 8 
109 109 127 
75 
7 7 
37 37 
203 251 251 
5 5 46 46 46 143 143 143 227 235 
33 132 132 212 
24 24 24 24 69 69 69 146 152 
93 93 
152 152 
97 97 97 
133 133 221 
8 8 21 21 21 71 81 81 81 128 128 131 131 151 151 153 153 184 
96 127 127 200 200 
30 
15 26 
1 1 1 164 
75 75 149 
102 117 
221 
0 60 190 
26 26 87 87 98 193 193 213 
5 81 81 91 91 121 121 121 162 
30 30 30 
96 96 96 96 
57 57 57 154 154 
63 63 63 90 90 
5 5 42 
5 
48 48 204 204 204 
113 113 145 145 
8 71 
5 5 

60 60 
81 81 99 160 203 203 220 220 
203 214 
87 87 115 
5 5 50 50 
84 84 84 84 
