Nodes: 256, Edges: 626
18 18 18 18 190 190 236 
21 105 105 153 153 158 158 158 164 232 232 232 
153 
81 81 81 
14 18 18 32 138 138 208 208 
26 38 38 42 42 42 50 50 56 56 68 81 81 81 94 94 98 102 103 103 103 108 108 108 114 123 123 126 126 126 126 133 133 136 136 141 141 141 142 142 142 159 159 165 165 178 203 203 221 227 238 238 243 243 243 244 244 254 
212 212 
41 41 74 86 86 97 124 130 130 203 218 218 
71 71 71 81 81 131 141 168 168 168 215 215 215 228 228 228 247 
182 
14 14 14 
134 134 172 172 
227 
33 37 
4 10 10 10 18 18 18 32 47 47 47 51 51 139 139 139 146 146 152 152 180 180 208 208 
26 26 207 207 207 231 231 
78 78 89 93 93 95 95 
66 66 66 84 84 84 
0 0 0 0 4 4 14 14 14 60 60 61 63 63 80 80 80 80 90 90 152 152 180 186 192 192 206 206 
62 
98 98 166 166 
1 45 45 52 52 52 71 71 140 151 153 153 228 228 228 

192 192 192 
223 223 223 223 
81 81 
5 15 15 44 44 44 59 67 67 70 70 72 72 84 84 87 122 122 141 175 175 196 196 237 
110 
88 88 165 165 
205 205 
64 175 175 182 182 196 196 230 230 239 239 239 

4 14 
13 39 39 39 122 122 134 185 185 222 222 
137 
53 53 53 
203 203 
13 122 122 134 134 169 219 
5 5 42 
33 33 33 134 
203 203 
7 7 
5 5 5 38 81 243 
195 245 245 245 
26 26 26 188 188 
21 21 148 
56 221 221 
14 14 14 152 152 152 
58 245 245 
84 84 
5 5 123 254 254 254 
14 14 
21 21 21 
35 35 35 81 

121 121 238 238 
5 5 46 181 181 227 227 227 
154 241 
48 104 104 152 203 203 214 214 245 252 252 
26 
18 18 76 76 152 152 206 236 250 
18 206 
19 
18 18 90 90 137 137 202 202 242 
30 175 196 196 
81 81 81 93 
17 17 17 
26 26 
5 
223 223 223 223 
26 26 122 122 210 210 249 249 
8 8 8 21 21 131 228 228 
26 26 

7 86 203 
147 171 171 203 205 217 217 233 
60 60 152 
122 
16 16 89 93 
111 
18 18 18 18 137 137 
3 3 3 5 5 5 8 8 25 25 42 53 65 65 65 93 93 153 153 153 160 160 162 162 173 173 173 176 176 203 228 228 228 238 238 251 
84 197 197 197 197 
113 177 177 177 
17 17 17 26 26 49 49 82 100 109 127 127 183 189 189 255 255 255 
128 128 128 
7 7 74 203 203 218 218 
26 237 253 
28 28 
16 78 93 
18 18 63 63 206 206 206 242 242 
121 121 238 238 

16 16 65 78 81 81 89 111 154 154 176 201 201 224 224 
5 5 112 112 243 
16 16 
127 127 127 200 200 229 229 240 240 240 240 240 
7 130 130 226 226 226 
5 20 20 166 209 209 209 213 213 237 237 

84 109 109 109 194 198 
145 
5 203 234 234 
5 5 5 
58 58 129 152 152 152 
1 1 
145 145 
152 
5 5 5 126 126 126 
84 100 100 100 127 194 198 198 216 216 
27 153 153 
79 93 
94 94 
83 145 177 177 204 204 246 
5 
253 253 253 
203 

188 188 
152 152 
155 155 155 155 155 170 206 
55 55 91 91 238 
26 26 33 33 37 37 70 70 77 142 
5 5 50 161 196 
7 

5 5 5 5 108 108 108 203 203 
84 84 96 96 96 109 144 144 187 189 189 189 229 
85 85 85 228 228 
104 
7 7 97 97 
8 71 228 228 
222 222 222 
5 5 227 227 
11 11 33 37 37 39 
175 
5 5 
34 63 63 80 80 202 202 
4 4 
14 14 14 
21 
5 5 5 8 26 
5 5 5 122 159 
149 203 203 221 221 
127 127 
101 106 106 113 204 246 246 
14 14 152 152 223 
75 
45 
143 203 

21 228 228 
14 14 18 18 47 47 47 58 60 60 76 104 104 104 107 119 119 146 146 157 157 163 163 223 225 
1 1 2 21 21 81 81 81 110 110 179 228 228 
57 93 93 176 176 241 241 
120 120 120 120 120 206 
199 
152 152 
1 1 1 164 
5 5 142 
81 81 251 251 
123 
81 81 238 
152 152 
1 158 232 232 
5 5 28 28 203 203 
20 20 98 209 
173 
8 8 8 
37 
120 174 206 206 
75 75 205 205 
11 11 
81 81 81 167 176 
170 206 206 
26 26 30 30 64 135 196 
81 81 93 154 154 173 
83 83 83 113 113 
5 
153 
14 14 18 
56 56 
9 30 30 196 
84 
228 
33 33 
18 
127 
44 44 118 118 
84 84 127 127 127 
0 0 236 236 
205 205 
18 18 23 23 23 
237 253 253 253 
100 109 
43 204 245 
26 26 30 30 64 64 123 175 182 
82 82 82 82 
100 109 109 
156 
96 96 229 
93 93 
63 63 137 137 
5 5 7 36 36 40 40 58 58 74 75 81 86 86 102 116 126 126 143 143 149 165 165 220 220 220 251 251 
113 113 145 195 245 
29 29 75 171 171 191 191 
18 18 60 61 90 90 90 120 155 170 170 174 174 
15 15 15 
4 4 14 14 
98 98 98 166 
70 70 

6 6 222 222 
98 98 237 
58 58 252 252 
8 8 8 
109 109 
75 75 
7 7 86 86 
37 
203 203 203 251 
5 46 46 143 143 227 227 
33 33 132 132 132 212 212 
24 24 24 24 69 69 69 69 146 152 
93 93 
152 
97 97 97 
5 12 56 56 56 133 133 221 221 
8 8 8 21 21 21 71 71 81 81 81 128 128 131 131 151 151 153 153 184 
96 96 127 200 
30 30 
15 15 
1 1 1 164 164 
75 
102 102 

0 60 190 190 
26 87 98 98 193 213 
5 5 55 55 81 81 91 91 121 162 
30 30 30 
96 96 96 96 96 
57 154 154 
63 90 90 
5 5 5 42 94 
5 5 
43 43 43 48 48 58 195 204 
113 145 145 
8 

70 70 
60 
81 160 160 203 203 220 
58 58 214 214 
87 115 115 115 193 193 193 
5 50 50 50 
84 84 84 
