Nodes: 256, Edges: 626
18 18 18 18 190 190 190 236 
21 21 21 153 153 158 232 232 
153 
81 81 81 
14 14 18 18 32 32 208 
26 26 42 42 50 50 56 68 68 68 81 81 94 94 94 98 102 103 108 108 108 114 114 117 117 117 126 126 133 133 136 136 141 142 143 143 143 159 159 165 165 178 196 196 203 203 221 227 227 234 238 238 243 243 244 248 248 
212 212 212 
41 41 41 74 86 86 97 124 124 130 203 203 218 
71 81 81 168 168 215 228 228 228 247 247 
182 182 
14 14 
134 134 134 134 172 172 172 172 
227 
33 37 
4 4 10 10 18 32 32 138 138 139 139 146 146 152 152 163 163 180 180 208 208 
26 26 26 207 207 207 231 
78 78 89 93 95 95 
66 84 84 
0 0 0 0 4 4 14 60 61 61 63 63 80 80 80 80 90 90 152 186 186 186 192 192 206 
62 62 
98 166 
1 1 1 52 71 131 131 140 140 153 228 228 

192 192 192 
223 223 223 
153 153 
5 5 15 15 15 44 44 59 62 67 67 70 70 72 72 84 84 87 87 98 108 117 117 122 141 175 175 175 196 196 237 237 

88 165 
191 205 
64 175 182 182 182 196 230 230 239 
157 
4 4 14 14 
13 37 37 39 39 39 39 39 44 44 122 122 122 134 134 185 185 197 197 211 222 
137 
53 53 53 81 81 81 
203 
13 33 33 122 134 134 134 169 219 219 
42 42 
33 33 33 33 33 134 134 
203 203 
7 7 7 
5 5 38 38 81 243 243 243 
195 195 245 
26 26 33 33 150 150 150 188 188 
148 148 153 153 
56 56 221 221 221 

152 245 245 245 
84 
5 5 123 123 254 254 254 254 
137 
21 
35 35 35 

121 121 121 238 238 
5 46 46 181 181 181 227 
93 154 154 241 241 241 
152 203 214 245 252 
26 
18 76 76 152 206 250 250 250 250 
18 18 206 
19 19 26 
18 18 90 137 192 202 202 242 242 
30 175 196 196 
81 93 93 93 
17 
26 26 
5 5 5 
223 223 223 
26 26 77 249 249 
8 21 228 228 247 
26 26 
134 
7 156 199 203 
147 171 171 203 203 203 205 205 217 233 233 233 
60 60 152 
70 
16 16 89 93 93 93 
111 111 111 
18 18 18 18 137 137 137 
3 3 3 5 5 8 8 35 35 35 42 65 93 93 93 153 153 153 162 162 162 173 173 176 176 203 203 228 228 228 238 238 238 251 
84 
113 177 177 177 204 
17 17 26 26 49 82 100 100 109 109 127 127 183 183 189 255 255 255 255 
128 128 128 128 
7 7 203 218 218 
26 26 
28 165 165 
16 78 93 93 93 
18 18 63 206 242 242 
121 
203 203 
16 57 65 65 65 78 78 78 81 81 81 89 89 89 111 111 111 154 154 154 176 176 201 224 224 
5 5 5 112 243 
16 16 
144 200 229 229 229 240 
7 130 
5 20 26 209 209 209 213 213 237 237 237 
251 251 
84 84 109 109 109 194 198 198 
145 
5 203 234 234 
5 
129 152 152 

145 204 204 
119 119 152 
5 5 5 26 
84 84 100 100 100 194 216 216 
153 153 
79 79 79 93 93 93 
94 
83 177 177 177 204 204 204 246 
5 5 
253 253 253 
203 
5 5 5 26 26 234 
188 
107 107 
155 155 155 170 170 206 206 
55 55 55 91 238 
26 33 33 33 37 142 210 210 
50 50 161 161 196 
7 7 

5 5 203 
84 84 144 216 216 
85 85 85 85 228 228 
104 
7 97 
21 21 228 

5 5 227 227 227 
11 11 11 11 33 33 37 37 37 39 39 73 

5 5 
34 51 63 80 80 80 202 
14 14 
14 14 
21 21 
5 26 
5 122 159 
5 5 5 149 149 149 203 203 203 221 
96 127 
101 106 204 246 246 246 
14 14 152 152 223 
75 205 
45 45 153 153 
143 143 143 203 
44 44 44 
228 
14 14 18 48 58 60 76 104 104 107 146 146 157 163 223 223 225 225 
1 1 2 21 25 25 45 45 81 81 81 110 110 148 148 179 179 179 228 228 
57 57 93 93 93 176 176 241 241 241 
120 120 120 206 
74 199 199 
31 152 
1 164 164 164 
5 5 142 
251 
123 123 
81 81 81 238 
14 14 152 
158 158 158 232 232 232 
5 5 28 88 88 
20 209 209 
173 173 
8 8 
37 
120 120 174 206 
75 75 205 205 
11 11 11 11 
81 81 167 167 176 176 
170 206 206 
26 26 26 30 64 196 
81 81 93 93 154 154 173 173 
83 83 83 113 113 113 
5 
153 153 153 
14 14 
56 56 56 
9 9 30 30 30 196 
84 84 
228 228 228 
33 33 
18 18 18 

44 44 118 
84 
0 0 0 236 
29 205 205 
18 18 23 23 23 63 
237 253 253 
100 109 
43 43 204 204 245 
5 5 26 26 30 64 64 123 175 182 
33 33 
100 100 
74 156 156 
96 229 229 
93 
63 63 137 
5 5 7 7 36 40 40 58 74 75 75 75 81 81 86 92 92 102 116 126 143 143 143 149 220 
83 106 106 113 113 113 145 195 195 245 
29 75 75 147 171 171 191 191 
18 60 61 90 120 120 155 170 174 174 
15 15 15 
4 14 14 
98 98 98 166 166 
122 122 
33 
6 6 6 
98 98 
58 252 
8 
109 109 127 127 
75 
7 86 86 
37 37 
203 251 
5 46 46 46 143 227 227 235 
33 
24 24 24 69 69 69 146 152 152 
93 93 
152 152 

5 5 12 56 133 133 133 221 221 
8 8 8 21 21 71 71 81 81 81 128 128 131 151 153 153 184 184 184 
96 96 96 200 200 
30 30 
15 
1 1 164 164 164 
75 75 75 
5 102 102 117 
221 243 
0 190 
26 26 98 98 98 193 
5 5 55 55 81 81 81 121 162 
30 
96 
57 57 57 154 154 154 
63 63 90 90 
5 5 42 42 42 94 235 
5 
43 48 48 48 58 195 204 
113 145 145 145 
8 8 71 
5 5 
70 70 
60 60 60 60 
81 99 99 160 220 
58 214 
115 115 115 193 193 
50 50 50 50 
84 84 84 84 
