Nodes: 256, Edges: 626
18 18 190 190 236 236 
21 105 105 153 153 158 164 164 164 232 232 232 
153 153 
81 81 
14 14 18 18 32 32 138 138 208 208 
26 26 38 42 42 46 46 50 50 50 68 81 81 81 94 98 102 108 114 114 114 117 123 123 126 126 126 126 133 141 142 143 159 159 165 165 178 196 203 203 221 221 234 238 238 243 244 244 244 248 254 254 
212 212 
41 41 74 74 86 86 97 124 124 130 130 130 203 203 218 
71 81 81 131 168 215 215 228 228 228 247 

14 14 
134 134 172 172 
227 
33 33 37 37 37 
4 4 10 10 18 18 32 47 47 47 51 138 138 146 146 152 152 152 163 163 180 
26 207 207 207 
78 78 78 89 89 95 95 
66 66 84 
0 0 4 4 14 14 60 61 80 80 80 152 186 186 186 192 192 192 206 
62 
98 98 
1 52 52 71 131 140 140 153 153 153 228 
43 
192 192 
223 223 223 223 223 
81 81 153 153 
5 5 15 33 33 44 59 59 62 62 62 70 72 72 84 87 87 98 108 117 122 122 141 175 196 213 213 231 237 237 

88 165 165 191 
205 
64 64 175 182 230 230 230 239 
157 157 157 
4 4 14 
13 13 26 26 44 44 134 185 185 197 211 211 222 
137 137 
53 53 81 
203 
13 13 13 122 134 169 169 219 219 219 
5 42 
73 134 
203 
7 7 
5 5 38 81 81 81 243 243 
22 195 245 245 
26 33 33 59 59 150 150 188 188 
148 148 153 
5 5 56 56 221 221 
14 14 14 152 152 
152 152 152 245 245 245 
84 84 
5 5 5 123 254 254 254 254 
14 
21 21 
35 35 81 81 
127 127 
121 121 121 238 
46 46 181 181 227 
93 241 241 241 
152 214 214 252 252 
26 26 44 44 
18 76 76 152 206 206 236 236 236 250 
18 206 206 
19 26 26 26 
90 137 137 202 202 202 
30 30 175 175 196 196 
81 93 93 
17 17 

5 
223 223 
26 77 122 249 
8 21 131 247 247 
26 26 
39 
7 7 156 156 203 203 203 
171 203 205 217 233 
60 60 
70 122 122 122 
16 16 16 89 89 93 
111 
18 18 18 137 
3 3 5 5 5 8 8 25 25 35 42 42 42 53 53 65 93 93 93 125 153 153 153 160 160 162 162 162 173 173 176 176 176 203 203 203 228 228 228 238 238 251 
84 197 
113 177 177 
17 26 49 49 82 100 109 109 109 127 127 183 255 255 
128 128 128 128 
7 7 92 92 92 92 203 203 203 218 
26 26 237 237 253 253 
28 165 165 203 203 
16 16 78 78 93 93 
63 206 242 
121 121 238 238 
86 86 86 86 203 
57 65 65 78 81 81 81 89 89 111 111 154 176 201 201 224 224 
5 112 243 
16 16 
127 127 200 200 229 229 240 240 240 
7 226 
5 20 20 26 166 166 209 209 213 213 237 237 
251 
84 109 194 198 
145 145 145 
5 203 234 234 

129 129 152 152 
1 1 
145 204 
119 152 
5 26 126 126 
84 84 84 100 127 194 198 216 216 216 
153 153 153 
79 93 93 
94 
83 177 177 204 246 246 
5 5 5 
253 253 

5 26 
188 
107 152 152 
155 155 170 206 206 
55 55 55 91 91 238 
26 26 37 70 77 77 77 142 210 
5 5 50 
7 7 
81 
5 5 5 5 108 108 203 203 
54 54 84 84 96 96 109 144 144 187 187 189 216 216 229 229 229 
85 85 85 85 228 228 
104 104 
7 7 7 
8 21 71 228 228 
222 222 
5 227 
11 11 33 37 39 


34 34 63 63 80 202 202 202 
4 4 14 14 

21 21 
5 26 
5 122 159 
5 149 149 203 203 203 221 221 
127 127 
101 101 101 106 204 246 
14 14 152 152 223 
205 
45 45 153 153 153 
143 143 203 
44 44 
228 228 228 
14 14 14 18 47 47 48 48 48 58 60 104 104 107 119 119 146 146 157 163 163 223 223 225 225 
1 1 2 2 21 21 21 25 25 45 81 81 81 110 110 110 148 148 148 179 228 228 228 
93 176 241 241 
120 120 206 206 
74 74 199 203 203 
31 31 31 152 
1 164 164 164 
5 5 142 
81 81 251 251 251 

81 81 81 238 
14 14 152 152 
1 1 1 158 158 158 232 232 
5 5 28 28 88 88 203 203 
98 98 209 
173 173 173 
8 
37 37 
120 174 206 206 
75 205 
11 11 
81 81 167 167 167 176 
170 206 206 
26 30 64 64 196 
81 81 81 93 154 173 
83 83 113 113 
5 
153 
14 
56 56 
30 196 196 
84 
228 228 
33 33 
18 18 18 
127 127 
44 44 118 
127 
0 0 236 236 236 
28 
18 18 18 23 23 
253 253 
100 109 
43 204 204 245 
5 26 64 64 175 182 182 
33 82 
100 109 
156 
96 96 229 229 229 
93 93 
63 63 63 137 137 137 
5 5 7 7 36 40 74 74 74 75 81 81 81 86 86 86 88 88 92 102 126 126 143 143 143 149 156 156 165 165 220 220 251 251 
106 113 145 195 195 245 245 245 
29 75 147 171 
18 60 60 61 61 90 120 120 155 155 170 170 174 174 
15 15 15 
4 4 
98 98 166 
122 
33 33 
6 6 222 
26 26 98 98 237 
58 58 252 
8 8 241 
109 109 109 127 127 
75 233 
7 86 
37 37 37 
203 203 
5 5 46 46 143 143 227 
33 132 132 212 
24 24 24 24 24 69 69 146 152 152 
93 93 
152 152 
97 
12 56 133 221 
8 8 8 21 81 81 81 128 128 131 131 151 151 151 153 153 153 184 184 
96 96 127 127 127 200 200 200 
30 30 30 
26 
1 1 1 164 164 
75 217 
5 102 102 
243 
0 0 60 60 60 190 190 190 
26 26 87 87 98 98 213 
5 5 55 81 81 91 91 121 162 
30 
96 96 96 
57 57 57 154 154 215 
90 
5 42 42 94 235 
5 5 5 
43 43 48 48 48 195 204 204 204 
113 113 145 
8 71 71 
5 
70 
60 
81 99 160 160 160 203 203 
58 58 214 
87 87 115 115 193 193 
5 5 50 50 50 50 
84 84 
