Nodes: 256, Edges: 387
60 236 
105 110 153 153 158 158 164 
129 129 129 
81 228 228 228 
14 32 
26 38 38 46 68 81 81 91 94 114 114 114 123 123 133 141 141 143 159 178 203 234 235 238 238 244 

41 41 97 124 124 125 125 203 
81 81 168 215 215 228 247 247 
182 

33 
227 227 
37 
4 18 32 32 47 138 146 146 163 208 
26 
89 89 93 
66 84 84 
14 34 61 120 137 137 186 206 
62 62 
213 
140 153 153 
204 204 204 
192 
107 
153 
5 15 44 44 59 62 67 70 87 98 98 108 117 117 122 196 207 207 231 231 237 

88 88 
205 205 
64 175 182 196 230 230 239 

4 14 14 138 
11 37 169 169 222 
18 
53 53 81 81 81 
74 
13 33 169 169 
5 5 
134 

7 7 
81 81 81 151 151 151 228 228 
58 195 245 
26 26 59 73 118 188 222 222 
148 148 148 153 153 
5 103 103 
14 180 
152 152 
84 



35 35 81 
127 127 
121 121 
103 181 227 
93 154 
43 104 152 214 245 
26 44 
0 61 152 206 206 
18 60 
19 19 26 108 
90 137 242 
30 
93 93 
17 84 
26 
5 
186 
26 122 


44 
36 156 156 203 203 218 
147 205 205 217 226 

122 
89 93 93 93 93 
111 
137 137 
3 5 5 8 8 35 35 35 42 42 42 53 93 93 93 153 153 153 160 160 173 173 176 176 203 203 220 220 220 228 228 238 251 

113 177 177 204 
17 17 49 66 100 109 127 127 183 189 
228 228 
203 
26 108 108 115 115 253 
28 28 165 165 203 203 
16 16 78 
63 206 242 242 
5 
203 203 203 
16 57 65 65 78 78 78 78 81 81 81 111 154 176 201 241 241 
5 112 112 112 243 243 
153 
200 240 
7 130 
26 26 166 209 

84 109 127 194 194 198 
204 204 
234 254 
46 46 56 
58 
1 
145 
24 119 119 152 
26 62 87 87 
84 100 127 127 194 194 255 
1 153 153 
79 93 154 
94 94 94 
83 145 145 246 
5 5 5 227 
87 87 

26 26 136 
44 
107 107 152 152 
18 170 206 
55 55 238 
26 70 77 210 
5 5 196 
7 7 
7 7 
203 
54 54 84 84 100 109 109 187 189 216 
228 
2 2 2 
97 
228 228 
222 
5 227 
39 
175 175 
117 
18 18 63 80 80 202 
14 32 

21 
5 5 

5 
200 
106 113 113 204 
14 14 223 
75 
45 45 45 
203 

42 42 42 
48 48 58 60 107 119 119 157 223 223 225 
1 1 21 21 25 45 45 81 81 81 95 110 110 179 228 
57 93 111 241 
206 
74 74 199 
152 163 
1 1 
5 
81 81 


14 157 
1 232 
88 88 
98 
173 173 
8 
33 33 37 37 
120 174 174 206 


81 81 167 167 176 
170 170 
30 135 135 196 196 
81 81 93 173 224 
83 83 
5 
153 
47 
56 
9 30 
84 
228 228 228 

18 69 
127 
44 
84 127 216 
236 

23 
237 253 
100 100 109 109 
43 204 245 
26 30 123 175 175 239 239 

100 
156 
96 144 229 240 240 240 
93 
137 
5 7 74 74 81 81 86 88 88 92 92 92 126 149 220 251 252 252 
22 22 22 83 101 101 145 195 
29 29 75 75 
18 60 60 90 120 155 170 250 
26 26 
14 
98 
122 
222 
222 222 
20 
58 
8 8 228 
127 189 
75 
74 

81 81 81 203 251 
248 
33 44 44 132 211 212 212 
146 152 152 
176 
152 
75 
12 12 56 114 133 
3 3 3 8 42 42 81 81 85 85 128 131 131 153 184 184 184 215 
200 240 
30 30 
26 26 
164 

5 102 254 254 254 
5 
0 190 
26 193 253 
5 5 81 121 
30 196 196 
96 200 200 200 229 
93 93 154 
63 90 90 
94 94 248 248 248 
5 
43 58 195 
113 
8 8 
221 243 243 243 

206 
81 203 220 
203 203 
87 193 237 
102 234 234 234 
109 
