Nodes: 256, Edges: 387
236 
21 105 110 110 153 164 
129 129 129 153 153 
228 228 
18 32 
26 26 26 38 38 46 46 50 56 56 68 91 91 98 108 117 117 123 123 133 133 141 141 141 143 161 161 161 178 178 196 196 227 227 234 235 235 
212 
74 
71 168 168 168 228 228 228 
230 


114 227 227 
33 
32 47 51 60 138 139 139 146 152 163 208 
26 
93 
66 84 226 
4 51 61 61 63 120 120 120 137 186 206 206 
62 62 
213 213 213 
1 140 140 153 153 179 179 
195 204 204 245 

107 107 152 
81 
5 5 5 15 44 62 62 62 67 67 70 70 72 72 82 108 117 117 122 207 207 213 237 
52 153 
88 165 165 
205 
175 175 182 182 196 230 230 239 
152 
4 14 
13 44 122 134 150 150 169 185 185 197 197 222 

53 81 


5 5 
134 


125 
195 195 245 
26 33 73 118 

5 5 103 103 103 
14 152 180 
58 152 152 
84 84 
5 
14 18 
27 
35 81 
127 
121 121 121 
5 5 181 227 
154 
48 104 214 245 

14 61 190 
18 18 60 
19 19 26 26 26 
18 137 202 202 242 242 

81 
17 84 84 84 
26 26 
5 
186 
26 26 
8 131 
26 26 
44 
7 218 
147 171 171 217 217 

122 122 
93 93 93 
111 
137 
25 35 53 65 93 160 162 173 176 176 176 
26 
204 204 204 
17 49 49 66 66 66 100 100 109 127 183 183 
228 228 
203 203 
115 237 253 
28 165 203 203 

206 
5 5 
203 
16 78 78 78 81 111 154 154 201 241 241 
112 112 243 243 

127 127 200 229 229 240 
130 226 226 
5 166 209 

84 84 109 109 198 
145 145 
142 254 
46 46 46 
58 
1 
145 
24 24 
5 26 
84 100 100 127 180 194 194 198 255 255 255 
1 1 153 153 
79 93 154 154 154 154 
94 94 
145 204 204 204 246 246 
12 227 227 
87 
203 
5 5 26 26 136 
44 
152 
18 18 18 170 206 
55 55 55 238 238 
26 33 77 77 207 210 210 
5 5 161 161 196 

42 
203 203 
54 84 96 96 109 189 
228 228 
2 2 2 
97 
71 
222 222 
5 5 
33 39 
175 175 
117 
18 63 80 202 202 202 
14 
14 14 
21 21 
5 5 5 
102 159 
5 149 
200 200 200 240 
101 101 106 113 204 
14 152 152 223 
75 
153 
143 203 
33 33 
228 
14 24 31 47 48 48 119 146 146 157 223 
1 2 2 21 21 27 110 110 148 228 
57 93 93 111 111 111 111 241 
205 206 206 206 

152 163 163 
164 
142 
81 
5 5 5 123 123 
81 
14 157 157 
1 158 232 
28 28 88 203 203 
98 209 209 
173 
8 8 8 
33 
120 174 206 
75 75 205 

81 167 176 
170 206 
30 30 135 135 196 196 
81 81 81 173 224 224 224 
204 
5 5 
21 21 
47 109 
56 
30 30 
84 84 
228 
33 33 
18 69 


127 216 
60 236 
205 205 205 
206 206 
237 253 
109 109 
22 43 43 245 
5 5 30 123 175 175 
33 33 
100 109 

96 144 144 144 240 240 
93 
63 63 137 137 137 
86 86 88 88 92 116 126 126 149 165 165 251 252 
22 22 83 83 83 113 113 113 145 177 240 245 
29 155 171 191 191 191 
18 18 90 120 155 155 155 170 174 192 192 250 
26 26 122 
14 
98 166 166 
122 122 
222 
6 222 
20 20 20 26 
58 

189 
75 75 233 
74 

251 
248 
33 132 132 211 212 
146 152 
176 176 176 

17 97 97 
5 5 12 12 56 114 114 
3 3 8 8 8 85 85 128 128 151 153 184 
96 96 
9 30 30 

164 
217 
5 254 254 
5 5 
0 190 
26 87 193 253 
121 121 
30 
96 144 200 200 204 
93 93 154 
63 63 
94 94 248 248 

22 43 58 195 204 
113 113 

221 243 243 

206 
203 220 
203 
87 193 237 
102 234 234 
109 109 109 
