Nodes: 256, Edges: 387
236 236 
21 21 105 110 110 153 158 164 
129 129 129 153 

14 14 18 32 
38 38 46 46 56 68 81 81 91 91 94 98 102 108 114 114 117 123 133 141 141 143 159 161 161 161 196 196 235 235 238 243 244 248 
212 212 222 
41 125 125 125 
168 168 228 
182 182 182 230 
14 
33 
227 
33 
4 4 10 32 60 138 139 152 163 208 208 
26 
93 93 
66 226 226 
4 34 34 61 63 120 120 137 138 145 145 186 206 
62 
98 213 
1 1 45 153 179 179 
204 204 

107 107 107 152 223 
81 
15 33 59 70 72 72 82 87 87 98 108 231 237 
52 153 
88 
205 
182 196 230 239 239 

4 14 138 138 
11 13 26 37 122 134 134 134 169 185 185 197 197 
18 18 137 
53 53 81 81 

33 122 169 
5 5 
134 
203 
7 179 
81 228 
245 
73 73 73 150 188 219 222 222 
21 
5 5 103 103 
152 152 
152 
84 


27 
35 35 81 
83 
238 
5 227 227 
93 
104 214 245 
26 
14 61 61 76 190 
18 60 60 
19 108 108 
18 90 90 137 137 137 202 202 

81 93 93 
17 

5 
146 186 186 186 
26 122 122 249 
228 228 
26 26 
44 44 44 
203 
147 147 171 203 217 233 
60 
122 122 122 
89 93 
111 

5 5 25 35 35 42 53 65 93 93 160 160 162 162 173 173 176 220 238 238 
26 
54 113 113 204 204 
49 100 100 109 183 183 189 
228 228 228 
203 
26 26 108 108 
28 165 165 
78 
63 63 206 
5 5 121 
203 
16 16 57 65 65 78 81 81 111 154 176 201 201 201 241 241 
5 112 112 
153 
200 240 
130 226 
5 20 26 166 166 

84 84 194 198 198 
204 
5 142 142 142 203 203 
46 46 
58 129 152 
1 

24 24 24 119 119 152 
5 26 62 62 87 87 
84 127 180 194 194 255 255 
1 1 
79 93 154 154 
94 94 
83 83 145 145 246 
5 5 227 227 

203 
5 
217 
107 107 152 152 
18 18 206 
91 238 238 
33 37 70 70 77 77 77 210 210 210 
5 161 182 

7 7 7 
203 
109 216 229 229 
228 228 
2 2 2 104 
97 
228 228 
222 222 
5 227 
33 33 33 39 
175 

18 34 63 63 63 
14 18 32 32 
14 

5 5 
102 102 102 
5 149 203 203 
200 
18 18 113 113 
69 152 223 
75 75 
153 
143 203 203 
44 

14 24 47 47 48 104 107 119 119 146 157 163 225 225 
1 2 21 27 95 148 
93 111 111 
206 206 
203 
152 163 163 
1 
5 
81 81 
5 5 5 123 
81 81 
14 152 157 157 
1 
88 88 203 
98 98 209 
173 
8 8 
33 37 
206 
75 

81 81 167 176 176 
206 206 206 
135 196 196 
81 93 173 173 224 224 
204 

21 21 41 
109 

9 9 9 30 123 
84 84 
228 
33 33 
18 69 69 69 

44 
84 216 216 216 
60 236 


253 253 
100 109 109 
204 245 
5 5 30 175 175 239 239 
33 33 
100 100 

96 144 240 
93 93 93 
63 63 
40 74 75 86 92 102 102 116 126 143 143 149 149 156 165 220 251 
22 22 83 83 101 177 195 
29 
18 90 120 155 155 170 174 174 174 250 250 250 

14 14 
166 
122 122 122 
222 
6 6 222 
20 
58 252 
228 228 228 228 
127 189 189 189 
75 118 233 233 

44 
81 203 
248 
6 44 44 132 132 211 212 
24 146 
176 176 
152 152 
17 17 97 
12 56 56 114 114 133 
8 42 71 71 85 85 85 128 128 131 131 184 215 215 215 215 
127 127 
9 30 
26 

75 217 217 
254 254 254 
5 5 
0 0 190 
26 253 253 
5 55 81 81 121 121 
30 30 196 196 
96 200 
93 93 

5 248 248 248 248 
5 
43 58 195 
113 

5 221 243 243 243 243 
70 
206 206 206 
203 
214 
193 193 237 237 
234 234 234 
109 109 
