Nodes: 256, Edges: 387
60 236 
21 21 105 110 110 153 158 232 

228 
14 18 138 
38 38 42 46 50 50 56 68 81 91 102 123 133 161 178 196 227 234 235 244 
212 
125 203 203 203 
168 215 228 247 
182 230 
14 
33 
227 227 
33 
4 10 18 32 47 138 139 146 152 152 152 208 
231 231 
93 
66 226 226 
4 14 34 51 61 61 63 63 120 120 145 145 152 186 206 
62 62 
98 98 166 166 
1 1 140 153 179 179 179 
204 245 245 

107 152 
153 
33 44 44 59 62 67 72 72 98 108 108 122 141 207 213 231 237 237 
52 
88 165 

64 175 182 196 196 230 230 230 
152 
14 138 138 138 
11 13 26 37 37 39 44 44 122 134 134 134 197 222 222 
18 137 
53 81 81 81 
74 
33 33 169 
5 5 
33 134 
203 

5 243 
195 195 195 245 
26 26 33 33 59 73 73 73 150 188 188 
153 
5 103 103 103 103 
14 152 152 152 152 180 
58 152 152 
84 
5 5 
18 
27 
35 81 81 

121 121 238 
5 181 227 227 
93 93 93 
48 214 
26 44 
0 61 61 61 76 76 206 
18 18 60 60 60 206 
19 19 26 
18 18 90 90 90 137 
30 
81 93 93 93 
17 
26 
5 
186 
122 249 
228 228 
26 26 
44 44 44 
36 156 203 
147 147 171 203 217 217 226 233 
60 60 

93 93 
111 
137 
5 35 35 35 53 53 65 93 93 93 160 160 162 162 173 176 203 220 228 228 238 251 

113 204 
49 109 109 127 183 
228 228 228 
203 203 203 
108 108 115 237 
28 165 165 

63 63 63 206 242 242 
5 

16 57 57 57 65 65 65 78 78 81 81 81 111 154 176 201 241 


127 127 200 240 

20 20 26 166 

109 127 127 198 198 229 
204 204 
5 142 142 254 
46 46 46 46 
129 129 152 152 
1 

24 119 152 152 
26 26 87 87 
84 84 100 127 127 194 198 198 255 255 255 
1 1 153 153 
79 93 

83 145 145 145 177 
227 227 
87 
203 203 


107 152 
18 18 170 170 
55 55 238 238 
26 33 70 207 210 210 
5 161 161 196 

7 
203 203 
84 96 96 100 100 109 109 187 229 
228 228 
104 104 

228 

5 227 227 
33 33 33 39 
175 175 

34 63 80 
4 14 32 32 32 
14 
21 
26 
102 102 
149 149 203 
240 
18 18 113 113 113 
14 152 
75 75 

143 143 
44 

14 14 14 18 24 31 47 47 47 47 48 48 104 104 107 107 119 146 163 223 225 
1 21 25 45 110 110 
93 241 
205 206 
74 199 203 203 
163 
1 164 

81 81 
5 123 123 
81 81 
152 157 
158 232 
28 88 88 203 203 
20 20 98 209 
173 173 
8 
37 
120 120 206 
75 205 205 

81 167 167 176 176 
206 
30 135 135 196 
81 93 173 173 224 224 224 
113 204 204 204 
5 
21 21 21 
47 
56 
9 30 
84 
228 228 

18 69 
127 
44 44 
216 


206 206 
237 
109 
43 43 43 204 
5 30 30 123 175 
33 
100 100 109 109 
156 
96 
93 

7 7 7 40 74 75 81 86 86 86 116 116 126 126 143 156 156 165 165 251 252 
22 83 101 101 177 177 177 195 240 245 245 
155 171 171 
18 60 61 90 155 170 174 192 192 
26 122 
14 
166 
122 122 

6 222 222 222 
26 253 
58 
8 228 228 228 
189 
75 75 233 


81 

33 33 212 212 212 
152 
176 176 176 
152 
17 17 75 
5 12 12 56 56 114 114 133 133 
3 8 71 71 81 81 85 85 85 128 128 131 184 184 215 215 215 
100 127 
9 30 30 30 
15 15 26 
1 164 
75 217 
5 254 254 254 
5 
0 
26 26 87 193 253 
55 81 121 121 

96 144 204 
93 154 
90 90 
42 248 248 
5 
22 22 43 204 204 

8 
243 243 
70 

81 203 
203 
213 237 
102 234 234 234 
109 109 109 
