Nodes: 256, Edges: 387

21 21 105 105 110 164 
129 129 
228 238 
18 32 138 
26 38 38 38 42 68 91 94 98 108 114 114 117 123 123 123 133 141 143 159 161 161 178 203 203 234 244 

41 74 86 124 124 203 203 
81 168 228 
182 182 182 

33 33 
114 227 
37 
18 47 47 60 146 152 163 163 208 
231 
89 93 93 
84 84 226 226 
4 14 34 61 63 120 137 145 145 145 152 152 186 206 
62 
98 213 213 
1 1 45 140 140 153 153 
204 204 204 204 245 
192 
107 107 107 152 
153 
5 44 59 67 67 70 70 72 82 82 87 87 98 117 117 122 122 141 207 207 213 231 
153 
88 
205 
64 64 64 175 175 182 196 230 
152 152 
4 138 138 
11 11 37 37 44 134 134 134 169 172 172 185 185 197 197 222 
18 137 
81 81 81 

13 33 33 122 122 
5 5 5 
134 
203 203 
7 
5 228 228 243 
195 245 
26 33 73 73 150 150 188 
21 153 
103 
14 14 180 

84 84 



81 81 
83 127 127 
121 121 238 
103 181 227 
154 
203 
26 
14 61 61 152 190 206 206 236 
18 60 60 
19 
18 90 242 
30 30 30 
81 
84 
26 26 
5 
146 186 186 186 
26 26 122 249 
131 131 228 
26 
44 44 
7 156 203 203 
203 203 233 


93 

137 
8 35 35 35 53 53 65 93 93 93 99 160 162 162 173 176 176 203 220 220 228 238 251 
26 26 231 
54 113 177 
17 17 49 49 66 109 183 
228 228 228 
7 
26 26 108 108 
28 165 203 
16 
63 186 206 242 
5 121 
203 203 
16 16 78 81 81 81 111 111 176 201 201 201 241 241 
5 243 

127 229 240 240 
130 130 130 226 226 226 
5 20 26 166 166 209 
81 228 
109 127 194 194 229 
204 204 204 
142 142 203 234 
46 56 
129 129 
1 1 
145 
24 24 24 
5 87 87 
84 100 127 198 198 255 255 
1 153 
93 93 154 

83 145 177 204 246 
5 5 12 227 

203 
5 26 26 


18 170 206 
55 55 91 238 238 238 
26 26 37 37 70 207 210 210 
5 5 5 161 182 196 
7 7 


54 54 96 100 109 189 229 
251 
2 2 104 104 
97 97 97 
71 71 

5 227 
33 33 33 39 
175 

18 34 80 202 
4 32 32 208 

21 21 
5 26 
102 102 159 
5 149 203 
200 240 
18 18 18 106 113 204 
14 69 152 152 

153 
143 203 
44 44 

14 18 18 24 31 31 60 146 146 225 225 
21 21 25 27 45 110 148 179 179 
57 111 
206 
74 
163 163 163 163 

5 142 
81 227 
5 5 123 
81 81 
14 14 157 157 157 157 
1 
88 203 203 
98 98 

8 
33 
120 174 206 
205 205 
33 33 
81 176 176 
170 206 
30 30 135 196 
81 81 93 173 173 224 224 224 
83 113 204 204 
5 
153 153 
47 
56 
9 9 9 30 123 
84 
228 
33 33 
18 69 69 69 90 

44 
127 216 
60 236 
205 205 
23 206 
237 237 253 
100 100 
43 204 
30 123 175 239 
33 33 
109 109 

144 240 
93 93 93 
137 
5 5 7 7 40 40 58 74 74 75 75 81 88 92 92 102 116 143 149 165 165 252 252 
22 22 22 22 101 101 101 113 145 177 177 195 245 
29 171 171 191 191 
18 60 60 90 120 155 170 174 192 250 
26 26 122 
14 138 
98 
122 122 

222 222 
20 20 26 

228 228 
189 
233 


81 81 

33 212 212 

176 176 176 
152 152 
17 17 97 97 97 
12 56 114 133 160 
3 8 42 42 71 81 85 85 85 99 184 215 215 
96 100 127 
30 
15 26 82 

75 217 
5 102 254 254 

60 190 
193 193 253 
3 55 81 121 121 121 
196 
96 96 144 200 
93 93 
63 90 
42 94 248 248 248 
5 
22 43 204 
113 

243 243 243 
70 
206 
81 128 
203 203 
193 237 
234 234 
109 109 
