Nodes: 256, Edges: 387
60 236 
21 105 158 232 

81 228 
14 14 18 
38 42 56 68 81 81 91 91 94 98 102 114 117 117 123 123 123 133 133 143 143 143 161 161 178 196 227 227 234 235 238 243 244 
222 
41 74 74 124 203 203 203 
81 81 
182 

33 
227 
37 
4 4 18 32 32 139 139 146 146 208 
26 231 
89 93 
66 66 226 226 
4 14 34 34 34 63 120 120 120 138 145 145 145 186 186 206 206 
62 

1 140 140 153 179 179 179 
245 
192 
107 152 152 
153 153 
15 33 44 59 59 62 62 62 67 67 70 72 82 98 98 108 122 207 213 231 231 237 
153 153 
88 165 

175 175 182 196 196 196 230 230 239 
152 
14 14 138 
11 26 122 134 169 172 172 185 197 197 197 
18 18 18 137 
53 
74 
13 122 169 
5 
134 
203 
7 
5 81 151 151 228 228 228 243 
245 
26 73 73 
119 153 153 
103 


84 


140 
35 81 

121 238 
5 103 181 181 
93 93 93 
203 203 203 203 214 
26 26 
0 61 76 152 206 236 
60 206 
19 26 26 26 108 108 
18 242 

81 93 
17 17 84 
26 26 
5 
146 186 
26 122 122 249 
228 228 228 247 
26 
44 44 
7 7 36 156 203 203 
147 205 217 217 233 
60 
122 
86 93 

137 137 137 
3 5 5 8 8 42 53 65 93 93 99 153 162 162 162 173 173 176 176 176 203 203 220 228 238 251 
26 
177 177 
49 66 100 100 127 183 183 
228 228 228 
78 203 203 218 
108 115 237 
28 165 203 203 
16 
242 242 
5 5 153 
203 203 
16 57 57 57 65 78 81 81 111 154 176 176 201 
5 112 112 243 
153 
127 200 229 240 

5 26 26 209 
81 
84 84 127 127 127 194 194 194 
145 204 204 
5 142 142 203 234 
46 56 

1 

24 119 152 
26 62 62 87 
127 198 
153 153 153 
93 154 
94 94 
145 177 246 
5 
87 
203 203 
5 5 
217 
45 107 152 
18 18 18 170 170 206 206 
55 181 
26 33 37 70 70 77 
5 5 5 161 
7 

203 203 203 
84 96 100 100 100 109 187 189 216 229 
251 


228 
222 
5 5 
33 39 


34 80 80 80 202 202 
18 32 
14 14 
21 21 52 

102 102 159 
5 5 5 149 149 149 165 203 
200 200 200 
18 18 18 101 113 204 204 
14 14 69 
75 
153 153 
143 143 143 203 

42 42 228 
24 24 31 60 107 119 157 157 223 225 
21 25 25 27 27 45 45 81 91 95 110 110 110 148 148 179 
93 111 176 176 
205 205 205 
74 199 203 203 
152 152 163 163 
1 164 
142 

5 5 123 
81 81 81 
157 157 
158 232 232 
28 88 143 203 203 
209 
173 

33 37 
120 120 206 

33 33 
81 81 167 176 

30 30 196 
81 81 81 93 93 154 154 173 224 224 224 224 
83 83 113 204 
5 
21 21 21 153 

56 56 121 
9 30 
84 84 
228 
33 
18 18 69 
127 

127 216 

205 205 
23 
237 
100 100 100 
204 
5 30 30 30 175 
33 33 33 
109 
156 
96 144 144 144 
93 
137 137 
7 7 7 40 58 58 58 58 74 74 81 81 86 86 88 88 92 92 102 116 116 126 126 126 143 149 156 156 165 165 251 252 
101 101 145 145 177 195 245 
75 155 155 155 191 191 
18 18 60 61 120 120 170 
26 
14 
98 166 


222 
26 
58 
228 228 
127 189 
75 75 118 233 
86 

81 251 

6 132 212 
152 
176 176 176 176 
152 
17 17 
5 5 12 
3 42 42 42 71 71 71 81 85 85 85 131 151 184 215 215 
96 127 
30 30 
15 26 26 
1 164 164 
75 217 
5 102 254 254 254 
5 
0 60 
26 87 193 253 
5 55 81 
30 
96 

63 90 90 
5 42 94 248 248 
5 
22 43 204 
113 
71 
243 243 
70 

81 128 203 220 
203 
237 
234 234 234 

