Nodes: 256, Edges: 387
60 60 
153 158 232 
129 129 
81 228 228 228 228 
18 32 138 
38 38 46 46 46 50 50 56 91 98 98 114 123 123 123 141 143 159 159 196 203 235 244 244 
222 
41 97 125 125 203 203 
71 81 81 168 215 228 228 247 
182 
14 

114 227 227 
33 33 33 37 
10 18 32 51 60 138 139 152 163 
26 26 231 
89 93 
66 226 
4 14 34 34 61 120 137 138 145 152 186 206 206 
62 
98 98 166 213 
140 140 153 228 
204 204 245 
192 
107 107 
81 153 
15 15 33 44 59 62 67 67 67 70 70 72 87 87 108 117 117 196 213 231 
52 
165 
205 
64 196 230 239 

4 14 138 
13 13 13 26 37 44 44 134 150 150 172 172 185 219 219 
18 18 
53 81 81 
74 
13 33 122 169 
5 5 
134 
203 203 
7 
81 81 151 151 151 228 228 228 243 
58 195 195 
26 33 33 188 219 
148 153 
5 5 5 103 103 
180 180 
58 

5 5 
14 
27 
35 81 
83 127 127 
121 238 
5 181 

43 48 104 104 214 214 
26 
0 0 14 61 61 61 61 152 206 236 
18 60 60 60 60 
19 26 108 108 108 
137 202 242 
30 
81 
17 
26 26 26 

146 146 
26 26 122 122 249 
8 247 
26 

36 156 203 203 
147 203 217 217 217 233 233 233 

122 122 
89 93 93 93 
111 
137 137 
3 8 8 25 35 35 42 42 53 65 93 93 93 153 153 160 160 173 173 176 176 176 203 203 228 228 238 251 251 

54 177 177 177 177 
183 183 189 
228 228 228 228 
203 203 218 
26 26 108 115 115 237 
165 203 203 
16 78 
242 
5 121 153 
203 203 
16 78 78 78 81 81 81 111 154 154 176 201 201 241 241 
243 243 
153 
200 229 
7 
5 5 20 20 166 166 
251 
194 
204 204 
142 142 203 234 254 
46 46 
58 58 


24 24 119 152 
26 62 62 62 87 
127 194 198 255 255 
153 
79 93 

145 145 177 177 
5 12 227 
87 87 
203 
26 26 

107 152 
18 170 170 206 206 
55 91 238 
37 70 70 77 77 210 
5 5 5 182 196 

7 7 
203 
54 54 109 187 187 189 216 

2 2 

228 
222 
227 
33 39 


18 63 80 80 202 202 
4 14 18 32 
14 
21 21 
5 
102 102 
5 165 165 203 
200 200 
18 113 113 204 
69 69 152 223 
75 
45 153 153 
203 
33 33 
42 42 42 
14 18 60 107 119 146 157 163 225 225 
1 21 25 45 81 81 91 95 110 148 148 179 228 
93 93 176 241 

74 199 
152 
1 164 
5 5 
81 81 


14 152 
158 
28 88 143 143 203 
20 98 98 209 209 
173 
8 
37 
120 120 174 174 206 206 
205 
33 33 
81 81 167 176 176 
170 170 

81 81 81 93 154 173 173 224 224 
83 83 83 83 113 113 204 204 

153 
47 47 
56 
9 123 
84 84 
228 
33 
18 
127 127 
44 
84 127 216 216 
236 
205 205 
23 
237 
100 109 
43 43 
5 26 30 123 239 

109 
156 
96 144 144 240 
93 93 
63 137 137 
5 7 7 40 40 74 74 75 81 81 86 86 88 88 92 92 102 116 126 143 149 165 220 252 252 
22 22 101 101 145 177 177 245 
29 171 191 191 
18 18 60 120 120 170 170 250 


166 166 
122 

222 222 
20 26 
58 58 
8 228 
127 189 189 
75 75 75 233 
86 
33 33 44 
203 251 

6 132 212 212 
146 
176 176 
152 152 
17 
12 12 114 133 
3 3 3 3 8 8 21 42 42 42 81 81 85 85 85 85 131 153 184 215 
96 
30 
15 26 
1 
75 75 75 217 
102 254 254 
5 
60 190 
87 193 253 
55 81 121 
30 196 
200 
93 93 154 
63 90 
42 94 94 248 248 248 
5 5 
22 204 

8 71 
243 243 243 
70 
206 
81 81 99 220 
203 203 
237 
102 234 234 
109 109 
