Nodes: 256, Edges: 387
60 
21 105 110 110 164 232 232 

81 81 
18 18 32 
26 38 38 50 56 56 68 81 94 98 102 123 123 123 133 141 141 143 159 178 178 203 227 238 243 244 248 248 
212 212 222 
97 124 124 203 
71 168 228 247 247 
182 

33 

33 
18 32 47 51 51 138 139 146 152 163 208 
26 231 231 
89 93 
66 226 226 
4 4 14 51 120 120 137 145 145 152 186 206 206 206 
62 62 
98 166 213 
1 45 45 140 179 
195 204 204 204 245 

152 223 
153 
5 15 33 44 59 59 62 70 72 82 98 108 196 213 
52 153 
88 88 

64 175 182 182 196 230 230 
152 
4 14 138 138 
11 13 26 37 44 122 122 134 150 150 169 172 185 197 197 219 222 
137 
53 81 81 81 

33 122 122 
5 5 

203 

151 228 
58 195 245 245 
26 33 59 59 118 219 222 
21 21 148 148 153 

14 152 152 180 180 
152 

5 
14 14 18 
27 
35 
127 127 
121 121 238 238 238 
5 5 227 
93 93 154 
43 104 
26 26 44 44 
0 76 190 206 206 236 
206 206 
19 19 26 108 108 108 108 
90 90 202 
30 
93 93 
17 84 

5 
146 186 186 
26 122 249 249 
8 228 228 247 247 247 
26 

156 203 
147 147 203 203 233 
60 
122 
89 89 93 
111 111 111 
137 
3 3 5 35 35 35 93 153 153 160 160 162 162 173 228 228 
26 
113 177 177 177 177 
66 109 127 189 
228 228 
203 
108 237 
28 28 165 165 165 203 
16 78 78 
63 63 186 206 

203 203 
16 57 57 65 65 78 81 111 154 176 201 241 241 
5 243 

200 229 240 
7 130 
5 20 26 166 

109 109 109 194 194 194 

5 142 142 234 234 

58 129 129 
1 

152 152 
26 62 62 62 62 87 
84 100 100 100 127 255 
1 1 
79 79 79 93 154 

83 177 204 204 246 246 
227 227 

203 
136 
44 

18 18 206 
55 55 181 238 238 238 
33 33 37 37 70 77 210 210 
5 5 5 161 161 182 196 
7 7 

203 203 203 
54 54 84 109 187 187 216 
251 
104 104 
97 
228 228 
222 222 
5 227 
33 
175 175 
117 
18 34 80 202 
14 32 32 208 
14 
21 
5 5 
102 102 
5 149 203 
200 200 
18 18 204 
14 69 152 
75 75 
45 45 
143 203 203 203 
33 33 
42 
14 18 24 31 47 47 48 107 107 146 157 157 163 223 225 225 
25 27 45 81 81 
57 93 111 
205 206 206 
74 199 199 203 
152 152 163 163 
164 
5 
81 81 
123 123 
81 81 
14 152 157 157 
1 158 232 
88 88 88 203 
20 98 209 
173 173 
8 
33 
174 174 
205 205 
33 
81 167 167 
170 170 
30 135 135 196 196 
93 224 224 
83 83 83 83 113 204 
5 5 
21 
47 47 
121 
9 30 30 123 

228 228 228 
33 
18 69 69 90 
127 127 

84 216 
60 


237 237 253 
100 100 100 
22 43 204 204 245 
26 30 123 175 175 239 239 
33 33 

156 156 
96 144 144 240 240 
93 
63 137 
5 7 40 74 75 75 86 88 92 92 116 126 126 126 143 149 149 149 156 165 252 
22 22 22 113 113 145 177 195 195 245 245 
155 171 171 
18 18 18 60 60 61 61 90 120 155 155 

14 138 
166 
122 122 

6 6 222 
20 26 

228 228 228 
127 189 
233 

33 44 
251 
248 
6 33 44 132 132 212 
24 152 
176 176 
152 152 
17 17 
5 56 114 114 133 
8 42 71 71 81 81 85 85 131 131 184 184 184 215 215 215 
96 240 
30 30 
15 15 
1 1 164 
75 217 
102 102 254 

60 
87 193 193 
5 55 55 55 121 121 121 
196 196 
96 200 200 229 
93 93 

5 94 248 248 
5 
22 43 43 195 204 204 
113 113 
8 8 71 71 71 
5 5 221 243 243 
70 70 

128 220 
203 
193 
234 
109 
