Nodes: 256, Edges: 387
236 
105 105 110 110 158 164 164 232 232 
129 
228 228 
14 32 32 138 
26 26 38 38 46 56 56 68 81 91 94 117 123 123 141 161 178 196 196 203 203 227 235 235 235 243 244 244 248 
212 
74 97 124 125 125 125 203 
71 81 168 168 215 215 228 247 
182 
14 14 
33 
227 227 
33 
4 10 10 18 18 18 32 47 51 146 152 208 

89 93 
66 84 226 226 226 
14 14 14 61 120 120 120 137 137 145 145 152 186 186 206 

98 213 
140 153 228 
245 
192 192 
107 107 107 152 
153 153 
5 5 33 44 44 44 62 67 72 141 196 207 207 231 
52 153 
165 165 165 
205 
64 175 175 182 182 196 230 239 

4 4 14 138 138 138 
11 13 26 39 44 134 172 172 185 197 219 222 

53 81 
74 
122 122 
5 5 
33 134 
203 

81 81 151 228 228 228 228 243 243 
58 195 245 245 
26 26 26 33 59 59 73 150 150 188 222 

5 103 
14 152 152 180 180 
58 58 


14 
27 
35 81 
83 127 
121 121 238 
5 5 227 
93 
43 48 48 104 214 214 245 
44 44 
61 61 76 236 
18 60 60 206 
26 
90 137 202 202 202 
30 
81 
17 
26 
5 
186 186 186 
122 122 249 249 249 
8 228 
26 
44 
7 36 
147 171 203 217 233 
60 
122 
89 93 93 93 93 
111 
137 
5 8 35 42 42 53 65 93 93 153 153 153 160 176 176 203 203 203 220 228 228 238 251 251 

54 177 177 204 
17 100 109 109 127 183 
228 
203 203 203 
108 108 115 237 237 253 
165 165 203 
16 78 
63 186 242 
5 153 

16 57 78 78 78 78 81 81 111 176 241 
5 112 243 243 
153 
200 
7 130 130 130 
20 166 209 
251 
84 109 127 127 127 198 
145 204 
203 203 
46 
58 
1 1 

24 24 24 
87 87 
84 84 100 194 194 
1 1 
79 93 154 
94 
145 177 204 246 246 
227 
87 
203 
5 

152 152 
18 18 18 
55 55 238 238 
37 37 70 70 77 
5 5 182 196 
7 
7 7 7 
203 
54 84 100 100 100 189 216 229 
251 
2 
97 97 97 
228 

227 
33 39 
175 175 

18 18 63 80 
4 32 32 32 

21 
5 26 
159 159 
203 
200 240 
18 18 101 113 204 204 
14 152 223 
75 
153 

44 44 
42 228 228 
14 18 24 47 47 119 119 146 223 
21 25 25 27 81 81 81 91 95 148 179 179 228 
111 
205 206 
203 203 
163 
1 
142 142 
81 
5 
238 
157 
1 1 
28 28 28 88 88 203 
98 

8 8 

206 
75 205 
33 33 
176 176 176 

30 30 135 135 196 
81 81 93 173 173 173 224 224 
83 83 113 204 
5 
153 153 
47 47 

9 30 30 123 
84 
228 228 
33 
18 18 69 69 69 90 

44 
127 216 216 216 

205 
23 23 206 206 206 
200 237 237 
109 109 
43 204 
5 5 26 30 123 175 239 
33 
100 

96 144 193 229 240 240 

63 63 63 
5 5 7 40 75 81 81 81 86 86 86 88 102 102 116 126 143 156 156 165 220 251 251 252 252 252 
83 101 113 145 145 177 195 245 
29 155 171 191 206 
18 61 155 170 192 192 192 205 250 250 
26 26 
14 
98 


6 
20 
58 58 
8 8 228 228 228 
127 189 189 189 
75 233 

33 
81 203 

33 44 
146 152 
176 176 

17 17 17 
5 12 12 56 114 133 
3 3 8 21 42 42 42 42 71 81 81 85 131 151 151 153 184 184 215 215 215 
127 200 240 
30 
26 
1 1 
75 217 
254 254 
5 5 5 
0 60 
87 87 193 193 
55 81 121 121 162 
30 196 
144 200 200 229 
93 
90 
5 42 42 94 94 248 248 248 248 
5 5 
22 43 43 58 204 
113 113 
8 
5 243 243 243 243 
70 70 70 
206 206 
81 81 99 128 203 203 
203 203 203 
87 
234 234 

