Nodes: 256, Edges: 387
236 236 
105 110 153 158 232 

238 
14 
46 46 46 50 50 68 68 68 81 91 91 91 91 94 98 102 117 123 123 123 133 133 141 143 143 143 161 161 178 178 178 203 203 234 235 235 238 238 
222 
203 203 
71 168 168 215 228 228 247 
182 

33 
114 
33 37 37 37 
4 32 47 51 60 138 139 146 146 152 163 208 208 
26 231 
93 93 93 

51 63 63 120 137 145 186 

98 166 166 213 
45 140 140 153 153 
195 204 204 204 245 

223 
81 
15 33 33 33 44 59 62 62 62 67 70 70 72 72 82 87 108 108 117 141 207 207 237 
153 
88 
205 
64 175 175 182 196 196 230 230 
152 
14 138 138 
11 13 26 26 26 44 44 134 134 134 150 150 169 172 172 185 197 219 222 

53 81 81 81 81 81 

13 13 13 122 


203 

151 151 228 228 243 
58 195 
26 33 33 59 59 73 73 150 150 188 219 
21 153 153 
5 5 5 103 103 
14 152 180 
152 152 
84 84 84 
5 5 
14 18 

35 81 81 
127 
121 238 238 
181 227 227 227 
93 154 154 
43 152 214 
26 44 44 
14 61 61 152 206 236 
60 60 
26 26 26 108 108 
18 18 90 90 137 
30 


26 
5 5 5 
186 186 
26 26 122 249 
8 247 
26 26 
44 44 
203 
147 147 205 217 226 

122 122 
89 
111 

5 25 35 35 35 35 35 53 53 93 153 160 162 176 203 220 220 228 228 238 251 
26 
113 177 204 
49 49 49 189 189 

203 203 218 
26 108 115 115 253 
28 165 
78 
63 63 186 206 242 242 
5 5 5 5 153 
203 203 
16 16 16 57 81 154 176 176 201 201 241 241 
5 243 
153 
127 127 240 
130 
5 20 209 

127 127 194 198 229 
145 204 204 204 
5 142 142 142 254 
46 46 
129 
1 

119 152 
26 26 62 62 87 
127 180 194 255 
1 153 
79 154 

83 145 177 177 246 
12 227 
87 87 
203 
5 26 
217 
107 152 
18 170 170 
55 181 
37 70 77 77 210 210 
5 5 5 161 161 182 196 



54 96 96 100 100 109 216 229 229 
228 
104 
97 


5 5 
33 33 33 


18 63 
14 32 32 
14 
21 21 
5 26 
102 102 102 
5 5 5 165 165 165 203 203 
200 240 240 
18 101 113 
14 14 
75 75 
153 153 153 

33 33 44 44 
42 42 153 
14 31 47 48 48 58 60 107 119 157 163 
1 21 21 27 45 45 81 91 95 110 148 148 148 151 179 
57 57 93 111 176 176 
205 205 205 206 
203 
152 163 163 163 
1 

81 
5 5 123 123 
81 238 
14 152 157 157 157 
232 
88 143 143 143 203 
20 20 209 

8 8 
33 
120 120 174 
205 
33 33 
176 176 
170 206 206 
30 30 196 196 
81 93 93 154 154 173 173 
83 113 113 204 204 
5 5 5 
153 
47 109 
56 121 
9 30 123 


33 
18 69 69 90 

44 
84 84 216 216 216 
236 236 
205 

237 
100 109 
22 43 204 
30 30 123 175 175 
33 
100 

144 229 240 
93 93 

5 5 7 7 40 74 81 86 86 92 92 116 143 143 156 165 220 252 252 
22 22 22 83 101 101 101 177 177 195 245 
29 75 155 155 155 171 191 
60 90 155 174 174 250 
26 26 
14 14 
98 166 
122 122 
222 
222 222 222 
20 
58 
8 228 228 
127 189 189 189 
75 118 233 
86 
33 44 
81 81 203 251 

6 33 211 212 212 212 
24 


75 
56 56 56 114 
8 8 42 42 81 81 128 215 215 
100 127 127 200 240 240 240 
30 30 
15 
1 164 
217 
5 254 
5 5 
0 0 60 190 190 
26 193 253 253 
3 5 5 55 55 81 162 

96 144 144 200 229 229 229 
93 93 
90 90 
42 94 248 248 

22 204 
113 
8 71 
243 243 
70 
206 
81 220 
203 203 
87 237 237 
102 234 
109 
