Nodes: 256, Edges: 387
60 60 236 
21 105 153 158 164 164 232 

81 81 228 228 
18 18 
26 38 38 42 42 46 50 56 68 91 91 91 94 94 102 102 102 117 123 133 141 143 143 159 159 161 178 203 203 234 235 235 244 244 

41 74 86 203 
71 81 81 168 228 
182 182 
14 
33 33 
227 
33 33 
10 32 51 51 138 138 139 139 139 146 152 208 

89 89 
66 84 
4 4 34 34 51 61 63 120 120 138 145 145 152 
62 
166 213 
1 153 153 153 179 179 
195 245 

107 107 152 223 
81 
5 33 33 44 59 62 62 72 82 82 87 87 98 98 108 117 122 122 141 141 141 196 196 196 213 231 231 237 237 
52 153 153 
88 88 165 
205 205 
64 182 182 196 196 230 239 239 239 
152 152 
14 138 138 
11 11 13 13 26 26 44 134 150 150 150 172 185 197 219 219 222 
18 18 137 
53 81 

122 122 169 
5 5 
134 
203 
7 
5 5 81 125 125 151 228 228 228 228 
195 245 245 
26 33 59 59 73 73 118 188 
148 153 
5 
152 180 

84 
5 
14 14 18 
27 140 
35 81 

238 
5 227 
93 
104 152 
26 44 44 
0 0 206 206 
18 
19 26 26 108 
18 90 202 202 242 
30 
93 
17 

5 
146 146 
122 122 
8 228 247 
26 
44 44 
7 156 156 203 203 
147 203 203 217 226 233 233 


89 93 

137 
3 3 8 8 25 35 42 53 93 93 93 99 153 162 173 176 176 203 220 228 228 238 251 
26 26 
113 177 204 
17 49 189 
228 228 228 
7 203 203 218 218 
26 26 115 115 
28 28 165 165 
16 16 78 
63 242 
5 5 5 111 153 
203 203 
57 65 78 81 81 81 111 111 154 176 176 201 201 
5 5 112 243 
153 
127 200 229 240 
130 
26 26 166 166 
81 
109 127 194 198 198 
204 
5 5 5 142 203 234 

58 
1 
145 
24 24 119 
26 62 
100 180 194 194 194 255 255 255 
153 
91 93 93 154 154 154 
94 
83 177 204 246 
227 
87 87 
203 203 
5 26 136 
44 
107 
18 18 
181 238 
26 26 37 37 70 70 207 210 210 
5 

42 42 
203 
96 100 187 187 
228 

97 


5 
33 39 
175 
117 
34 80 202 
14 14 18 32 32 208 
14 14 14 
52 
5 26 26 26 
102 159 
5 5 165 203 
200 240 
18 18 106 
14 69 69 
75 
45 

33 33 33 
42 228 
14 18 24 31 31 47 58 157 157 163 223 
1 21 21 21 27 27 45 81 91 95 110 179 228 
93 111 111 111 241 
205 205 206 206 
74 74 199 199 199 203 203 203 
152 152 
1 
5 5 142 
227 
5 
81 238 
152 
1 1 232 
28 88 88 143 
20 98 98 209 209 

8 
37 
174 206 

33 
81 176 
170 
135 
81 81 93 93 173 224 224 224 
83 113 204 
5 
21 21 153 
47 109 
121 
9 9 30 30 

228 228 
33 

127 127 
44 
84 216 

205 

237 253 253 
100 109 109 109 
22 43 204 204 245 
26 26 26 30 30 239 239 
33 
100 100 
156 156 156 
96 144 240 240 
93 93 
63 63 137 
5 5 7 40 74 74 75 75 81 86 86 92 92 102 116 116 126 143 156 156 156 220 252 
83 101 113 177 195 195 
29 29 155 155 191 
60 60 155 155 170 
122 
14 138 
166 166 
122 122 

222 
20 26 
252 
228 228 
189 
75 233 233 
86 86 
33 33 
81 203 

33 212 
24 152 
176 176 176 

75 
12 56 114 160 
3 3 8 42 42 42 42 71 81 81 85 85 85 128 151 153 184 184 215 215 
96 240 
30 
26 26 
1 164 
75 75 217 217 
5 102 254 
5 5 
0 
26 26 193 253 
55 81 121 162 
30 30 30 196 196 
96 144 200 200 229 
154 
63 90 
94 248 
5 5 
22 43 43 195 
113 
71 
243 


81 
203 214 
193 193 237 
234 
109 109 109 
