Nodes: 256, Edges: 387
60 236 
21 153 232 
129 153 
81 228 228 
14 138 
26 38 38 42 46 68 91 91 102 114 114 123 123 133 141 143 161 196 196 203 203 227 227 234 235 235 243 
212 212 212 
124 125 203 
81 81 168 168 228 228 247 
182 182 
14 14 

114 
33 37 37 
4 10 10 18 47 51 60 138 152 
26 26 231 231 
93 93 93 
66 84 226 
14 61 61 120 120 120 120 145 145 152 186 206 206 


1 153 153 
204 
192 192 
107 223 
153 153 
5 15 15 33 44 59 59 59 67 70 70 70 72 72 82 82 117 117 141 196 213 231 231 237 
153 
88 88 88 165 
205 
64 175 182 182 239 239 
152 
138 138 
13 26 37 37 37 44 134 134 134 150 169 185 185 197 197 197 222 

53 81 81 
74 
13 13 33 33 33 122 169 
5 5 


179 
5 81 81 228 228 
195 195 245 245 
26 33 59 59 73 73 150 150 188 188 219 
153 153 153 
5 103 
14 152 180 
152 
84 

14 

35 


103 
93 93 
104 214 245 
26 26 26 44 44 
0 14 61 76 236 236 
18 18 60 206 
108 108 108 
90 137 202 
30 
81 81 93 
17 84 84 
26 
5 
146 186 
26 26 26 122 249 249 249 
131 228 228 247 
26 26 
44 44 
36 203 203 218 
147 147 205 217 233 233 
60 
122 
89 93 
111 111 
137 
3 8 8 35 35 42 42 65 65 93 93 93 99 153 160 162 176 228 228 238 251 251 
26 26 
113 177 177 204 
17 49 66 66 109 127 189 189 
228 228 
203 203 218 
108 115 237 
28 28 28 165 165 203 
78 
63 206 
5 5 153 
203 
16 16 16 57 57 65 78 81 81 81 111 111 154 154 154 176 201 241 
112 243 
153 
127 200 229 229 240 
226 
166 209 
81 
127 194 
145 204 
5 142 142 142 203 203 254 
46 56 
58 129 152 152 


24 152 
62 62 62 87 
84 194 194 198 
153 
79 79 93 93 154 154 
94 
83 204 204 246 246 
5 5 12 227 227 227 
87 
203 203 
26 26 

152 
18 18 18 18 170 170 
181 238 238 238 
37 70 77 
5 5 196 
7 
7 
203 
84 96 100 187 189 229 

2 104 

71 228 
222 
5 227 
33 33 33 


63 80 202 
4 14 32 32 208 


5 26 
102 102 102 159 
5 165 203 
240 240 
18 18 101 204 204 
69 152 
75 75 

203 203 
33 44 44 
228 
14 18 31 47 48 104 104 107 119 146 157 163 163 223 225 
1 2 21 21 25 25 27 45 45 45 81 91 95 110 
93 93 93 111 111 241 
205 206 
199 199 203 
152 
164 164 
142 
81 
5 
81 238 
152 152 
158 158 232 
28 88 88 143 203 
98 209 
173 
8 8 
33 37 
120 120 206 206 
205 

167 176 176 
206 
30 196 196 
81 93 173 173 224 224 
83 83 204 

41 
47 
121 
9 9 30 30 

228 
33 33 
18 69 
127 
44 44 
84 84 127 216 

205 
23 23 206 

100 109 109 
43 43 204 204 245 245 
5 5 26 123 175 175 239 239 
33 33 33 
109 
156 156 
96 229 240 
93 
63 137 
5 5 7 74 74 86 86 88 92 102 102 116 116 126 143 149 149 156 165 252 
22 83 101 113 113 145 145 177 195 195 245 
29 75 155 171 191 
18 18 61 90 155 170 170 174 192 

138 
98 166 


6 6 6 
26 237 253 
58 

189 
75 233 
74 86 
44 
251 

33 132 
24 152 
176 176 
152 
17 97 
5 5 114 114 114 133 
3 3 8 8 42 42 71 71 81 81 85 85 131 151 184 
96 96 127 200 

15 15 26 26 
1 164 
75 75 217 
5 254 
5 5 
0 60 60 
26 87 213 
81 121 121 121 162 
30 30 196 196 
96 144 144 200 
93 154 

5 94 248 

43 43 58 195 195 204 
113 113 
8 71 
243 
70 70 70 

81 81 220 
203 
213 
102 234 

