Nodes: 256, Edges: 387
60 
21 21 105 105 110 110 158 232 232 
129 
238 
14 18 
26 38 38 38 42 42 46 46 46 50 56 68 68 81 81 91 94 94 102 102 114 114 114 123 123 123 133 143 161 178 178 203 203 227 235 235 244 244 248 

97 124 125 125 203 
71 81 168 247 247 
182 
14 14 14 

114 227 227 

4 10 10 10 18 47 51 138 139 146 146 152 152 163 208 208 
231 
89 93 
66 84 
4 14 34 34 51 51 61 63 137 137 138 145 145 152 152 206 

98 213 
1 1 45 153 179 179 
204 245 
192 192 192 
107 

5 33 33 59 59 59 62 67 70 72 72 82 98 108 108 122 196 196 207 207 231 231 
52 153 
88 165 

175 182 182 196 239 239 

138 138 
26 26 44 122 122 134 134 134 150 169 169 185 185 197 219 
18 18 
53 53 81 81 81 81 

122 
5 5 5 
134 
203 203 

5 5 81 81 81 243 
195 
33 59 73 73 188 222 
21 119 148 
5 5 5 103 103 
14 152 152 
152 152 
84 
5 
14 18 18 
27 
35 35 81 81 

238 
5 181 227 
93 154 
104 214 
26 26 26 44 
0 152 236 236 
18 206 
26 108 108 
18 90 

81 93 
17 
26 
5 5 
146 186 186 
26 122 122 249 
8 228 247 
26 26 
44 44 
156 156 
147 171 203 203 203 233 


93 
111 111 
137 
5 5 8 35 35 35 35 42 42 42 53 53 65 93 93 93 153 162 162 173 173 173 176 220 220 228 228 238 251 
26 
113 177 177 204 
17 49 100 127 189 
228 228 
203 218 
108 115 115 
28 165 165 203 
16 
63 206 206 
5 111 

16 57 65 78 81 81 81 111 154 176 176 201 201 241 
5 5 112 243 

127 200 229 
7 130 130 226 
20 26 166 166 

84 127 194 229 
145 204 204 
5 5 234 234 
46 46 
58 129 
1 1 

24 119 119 152 152 
26 26 62 62 87 
180 194 198 255 255 
1 1 153 153 
79 79 91 93 154 154 
94 
83 145 204 
5 5 5 12 227 227 
87 87 


217 
45 107 107 
206 
181 238 238 
26 33 33 37 70 70 210 210 
5 5 5 161 
7 
7 7 
203 203 
84 96 100 187 187 229 

2 104 
97 97 
228 
222 
5 227 
33 33 33 39 
175 175 175 

18 18 80 202 
14 18 32 32 
14 



5 149 165 165 
200 200 
18 18 101 113 204 204 
14 14 69 
75 
45 
143 203 
33 
153 
14 14 18 18 47 47 48 48 60 107 107 223 225 
21 27 81 110 110 151 228 
57 93 111 111 176 
205 205 206 
74 74 
163 
1 164 


5 123 
81 81 
14 157 
158 232 232 232 
28 88 88 143 143 203 203 
98 98 209 
173 173 173 
8 
33 33 
174 174 
75 

81 81 81 167 167 167 
170 170 206 
30 135 135 135 196 
81 93 93 154 224 224 
83 83 
5 5 
21 21 
109 
56 121 
9 30 30 

228 
33 33 
69 69 
127 127 
44 
84 216 
236 
205 
23 23 23 206 206 206 
200 237 253 
100 109 
43 204 
26 26 30 175 239 
33 
109 

96 144 144 193 
93 93 
137 
5 5 7 40 40 75 75 75 86 88 126 126 149 165 165 251 
22 83 101 101 113 145 145 195 240 245 
155 155 191 206 
18 61 90 90 120 155 174 192 192 192 205 250 250 
26 26 
14 14 
166 
122 122 
222 
222 
20 
58 
228 228 
189 
118 233 233 
86 
33 
81 81 
248 
44 132 211 212 
152 
176 176 
152 
97 
5 12 12 56 114 114 133 
71 81 81 85 85 131 153 184 215 215 
96 100 127 240 

15 26 26 
1 1 164 164 164 
75 217 217 
102 102 254 254 
5 5 
60 60 190 
193 
3 55 81 121 121 
30 30 196 
204 229 
93 

42 94 248 
5 5 
22 204 

8 8 71 
5 221 243 
70 
206 206 
81 203 

193 
234 234 
109 109 
