Nodes: 256, Edges: 387
236 
105 110 153 158 164 164 232 232 
129 129 
228 
14 32 
26 26 38 42 50 50 81 91 91 91 94 94 98 108 114 114 123 133 141 161 161 161 178 196 227 235 243 244 248 
212 212 
74 124 125 125 203 
71 168 228 228 247 


33 

33 
4 18 32 47 139 139 146 152 208 
26 231 
89 89 93 93 
226 226 
14 34 34 34 51 120 120 137 137 145 145 152 206 
62 62 
98 98 166 213 
140 179 179 
204 204 
192 192 
152 
153 153 
5 5 15 33 33 44 59 62 72 82 87 108 122 141 207 231 237 
153 153 
88 165 
205 
64 182 196 196 230 230 230 239 239 
152 
4 14 138 
11 13 26 26 37 39 44 122 134 169 185 219 222 
18 18 18 137 
81 81 
74 
33 169 
5 
33 134 
203 
179 
5 81 125 151 228 228 
245 245 245 
26 33 59 59 73 73 73 150 188 222 
153 153 
103 103 
14 152 152 
152 
84 
5 5 
18 

81 

121 238 238 
103 181 
154 154 
104 152 152 214 245 245 245 
26 44 44 
61 61 76 76 152 206 
60 60 
19 19 26 108 
202 
30 
81 
84 84 


146 146 186 
122 249 
8 131 131 228 247 
26 
44 44 44 
7 36 156 
147 147 147 171 171 171 205 217 233 
60 60 
122 122 
89 89 89 93 
111 
137 137 
5 35 35 42 53 65 93 93 99 153 160 162 162 162 173 176 203 203 228 228 251 251 
26 
177 
49 66 66 183 
228 228 228 
203 218 
26 108 108 115 237 253 
28 
16 16 78 78 78 

5 5 5 121 
104 203 
16 16 78 81 81 154 154 176 176 176 241 241 
5 5 243 
153 
200 229 229 240 
130 226 
5 20 20 166 209 
81 
109 109 198 
204 
142 142 234 234 
46 46 56 
58 92 129 129 152 152 
1 
145 
119 119 152 
5 26 62 87 87 
100 100 194 255 
1 153 
79 154 154 154 

177 177 204 204 246 
5 5 
87 
203 


107 107 152 
18 18 170 
55 91 
26 33 70 77 77 207 
5 182 196 196 
7 
7 7 42 
203 203 
229 229 
228 
2 2 104 104 
97 
71 71 
222 222 
5 227 227 227 
33 39 
175 

18 18 34 80 80 202 
32 208 
14 14 
21 
5 26 
102 102 
149 149 203 203 
240 240 
18 18 106 204 
14 69 69 152 152 
75 75 75 

143 143 
44 
42 228 228 252 
14 18 24 31 47 47 48 58 58 60 104 104 107 119 146 146 163 225 
1 25 25 27 27 45 45 81 95 110 
57 57 93 93 111 111 111 176 241 241 

74 203 
163 163 
1 

81 227 
5 5 5 
81 81 81 238 
152 157 157 
1 1 232 232 
28 203 203 
20 98 209 
173 173 
8 
33 37 
120 174 174 206 
75 75 75 

81 167 167 
170 170 206 
135 196 
81 93 93 93 154 224 224 
83 113 113 204 204 
5 
21 21 41 

56 
30 123 
84 
228 228 
33 
69 

44 
216 

205 
23 23 206 206 206 
237 253 
109 
204 
5 30 30 123 123 175 239 239 239 

100 

96 240 240 

63 137 
7 40 81 81 86 92 116 126 126 143 143 156 165 165 
22 22 101 113 113 145 177 177 195 245 
29 75 191 
18 60 170 174 192 192 192 250 
26 122 
14 138 
98 166 

222 
6 6 222 222 222 
20 
58 
228 
189 
75 233 233 
86 
33 
251 

33 44 132 132 211 212 212 212 

176 176 
152 
17 17 97 
5 133 133 133 160 
3 8 8 42 42 71 81 81 85 85 85 128 151 151 184 184 215 
96 96 127 127 
30 30 30 
15 26 
1 1 164 164 
75 217 217 
102 102 
5 
0 
26 87 193 
55 55 162 
30 30 196 196 196 
96 144 144 200 200 
93 93 154 154 

5 94 248 248 248 
5 
43 43 43 58 58 58 204 
113 
8 71 
5 243 243 243 
70 
206 
81 81 220 
151 
87 193 

109 
