Nodes: 512, Edges: 1199
46 46 46 64 395 395 395 

111 111 183 189 
271 271 493 493 
454 454 
18 18 34 50 50 88 88 184 184 198 225 225 255 255 255 273 279 354 400 441 475 475 504 504 508 508 
404 404 404 
233 271 
196 224 224 313 313 350 
271 
476 

184 184 202 202 355 
76 76 
117 184 
182 182 327 444 444 
184 184 
390 390 455 455 
5 5 277 277 277 
104 104 104 
428 
31 31 
108 115 115 115 331 331 414 414 414 461 461 497 497 
171 290 290 290 
76 
452 452 452 452 
158 158 408 
76 346 
63 63 178 189 
474 
180 222 483 483 
21 21 172 172 184 315 354 486 486 
184 184 
67 192 
5 
210 210 222 222 309 309 413 413 
106 106 
324 324 406 
89 358 358 
62 62 159 159 163 163 166 219 231 231 241 241 267 267 302 302 330 330 330 402 402 405 477 477 477 485 485 485 
192 192 236 236 236 249 249 
85 99 99 137 137 156 156 160 160 184 324 354 354 399 399 399 445 445 450 450 457 457 
321 323 323 323 
193 193 

76 76 413 413 439 439 
0 0 0 64 301 301 301 339 339 381 395 395 



5 5 400 400 
490 
184 345 345 

76 299 299 299 
195 236 
191 191 236 236 304 304 446 474 487 487 
415 
294 294 294 
444 444 444 
236 
359 359 
39 39 241 330 330 369 369 430 
28 28 463 
0 46 381 
193 193 416 
141 141 
33 192 281 281 347 
287 371 
236 236 252 344 344 344 
184 246 258 
330 
325 325 358 466 466 
94 94 94 315 315 
413 413 
383 383 463 
13 13 24 27 45 45 54 78 107 109 184 184 186 186 196 207 208 208 228 229 242 292 292 314 322 322 328 346 346 354 354 360 360 361 361 413 423 440 456 456 478 
119 119 196 196 413 413 
76 
107 236 
314 418 418 
82 113 113 261 261 289 329 359 389 394 394 495 495 495 
81 121 121 142 142 389 389 
236 236 237 237 
85 312 312 348 348 
41 84 160 160 312 312 
198 386 386 508 
306 306 408 408 
5 5 504 504 504 
38 358 466 
358 358 
189 
182 182 404 413 
236 236 236 236 236 
73 73 73 315 315 
418 
317 
171 290 290 290 
441 441 441 
41 41 
197 476 476 496 496 
140 140 140 195 
117 136 216 216 493 
146 146 146 379 379 379 425 425 
19 19 19 138 138 236 236 237 237 507 507 507 
106 106 184 184 190 190 190 
36 36 105 105 190 190 372 372 
76 79 
22 115 414 
76 199 199 207 
247 247 401 
2 2 182 182 182 
184 184 
81 81 
181 181 181 367 
22 22 22 108 
184 184 184 415 
14 102 125 135 136 136 184 184 236 
364 
77 77 122 122 222 222 413 413 
486 486 489 489 
82 82 143 
119 119 222 
468 
387 454 
117 136 136 136 
185 185 185 491 491 

448 448 448 
415 
389 389 389 
240 240 240 454 
168 
381 381 
380 502 502 502 502 
117 
102 117 117 125 125 125 
41 41 184 
104 104 164 236 236 
381 
101 101 101 320 320 378 378 
66 66 413 413 466 
82 82 389 389 
121 217 
282 282 
339 339 
103 103 103 379 
236 236 236 
191 191 304 304 
250 
248 306 306 408 408 
354 
292 292 364 384 384 
325 325 
374 374 
413 413 413 
41 41 
276 
26 26 194 194 408 408 
39 39 188 205 227 227 227 231 231 231 305 305 305 330 330 392 428 433 469 469 469 477 477 510 510 511 511 511 
41 41 85 85 272 272 312 312 498 498 498 
413 439 
322 
39 39 
138 300 
317 329 
39 477 477 
220 220 220 413 413 
132 413 413 
296 296 296 
471 471 471 
23 97 290 290 290 
31 31 
344 
222 222 335 376 413 
407 407 413 413 
247 247 247 
269 283 300 300 415 
28 183 183 
287 287 
30 222 222 
114 114 114 
15 15 92 92 111 111 111 220 363 363 404 413 413 499 499 
2 178 178 
5 5 12 12 14 16 16 31 32 32 41 52 70 76 76 105 105 112 112 116 116 116 117 117 137 199 213 213 221 236 236 246 246 258 258 258 267 267 279 279 279 289 289 291 291 292 315 315 315 324 324 338 338 345 345 354 354 354 355 366 366 366 396 396 409 409 415 415 415 426 456 465 484 490 490 
126 126 126 491 491 
76 76 245 245 440 
413 413 
159 477 510 
2 28 91 404 
105 105 105 106 106 
56 56 148 148 236 267 285 285 285 446 446 
33 40 40 67 236 
43 43 65 65 358 362 362 413 479 500 500 
158 158 
55 101 236 471 
8 76 77 77 200 200 200 290 290 350 373 413 422 
100 496 
5 86 386 386 
109 109 184 207 
196 196 196 
236 236 415 
12 12 355 
271 271 
267 268 
159 
405 405 
76 109 199 337 478 478 478 
76 76 
328 328 
35 35 
460 460 
233 233 310 310 310 
184 184 
215 314 314 314 
214 314 314 467 
102 102 
143 
271 442 442 442 
39 232 274 402 402 454 454 454 
167 167 167 182 413 413 
184 
30 35 35 119 119 122 174 174 180 180 268 314 314 341 376 376 413 413 413 483 483 
329 
8 8 313 313 350 
5 5 259 259 393 393 419 419 441 441 458 458 458 
292 292 292 
159 159 159 305 305 343 343 477 477 
76 245 361 
76 295 295 
236 236 275 415 
39 39 159 159 159 
219 454 
7 212 212 238 238 271 271 296 296 310 310 310 374 375 505 505 505 
503 
487 487 487 
40 40 40 55 56 56 60 69 69 79 83 83 93 93 93 93 93 104 104 117 138 138 147 147 147 184 184 191 192 195 201 201 230 230 237 237 267 267 275 278 283 344 351 356 415 415 415 432 438 460 487 487 
83 83 104 104 236 236 
233 233 505 
342 405 
131 131 131 476 496 496 
39 39 62 
76 478 
311 311 424 424 494 
325 325 358 
186 186 228 
70 184 184 
110 110 176 176 176 288 288 401 
150 293 408 408 408 
40 40 
149 374 417 442 
286 286 413 
69 
330 330 
415 
5 5 5 443 443 443 
273 354 391 
392 392 392 
70 184 184 184 409 409 
225 225 
426 
81 81 329 329 329 
364 364 364 
315 315 
334 334 334 
496 496 
271 
39 39 184 184 191 204 236 236 268 356 471 471 
204 222 267 
177 415 415 
286 286 
3 3 7 9 203 203 218 233 233 266 282 287 287 297 327 327 339 354 354 374 374 375 375 391 401 408 408 408 412 427 442 442 453 453 453 502 502 
160 160 
5 256 354 354 472 475 
219 402 
230 236 
157 
18 18 18 415 
236 
5 184 184 184 
449 467 467 
67 67 298 298 298 421 421 
144 144 271 
177 236 303 303 303 303 344 415 415 

191 191 191 
251 251 270 270 413 413 
68 179 179 271 271 
247 247 
81 184 184 
23 23 23 97 97 97 171 171 171 196 196 480 
184 184 426 
76 76 152 152 184 226 226 226 364 410 410 
248 408 
58 58 58 397 397 397 408 408 
229 229 
169 169 169 233 233 425 425 
271 408 
281 281 281 347 347 347 
54 54 54 413 413 
164 177 177 
46 46 46 464 
39 39 485 485 
283 283 283 283 415 415 
56 56 148 148 
159 159 159 227 227 392 392 482 
87 87 150 150 370 408 408 
396 396 465 465 465 
467 
35 35 
212 212 212 233 233 233 
243 243 
84 84 85 85 160 160 348 
8 8 224 224 
76 80 214 214 214 215 215 222 222 319 349 384 384 398 398 413 413 413 418 418 429 434 434 449 449 455 455 467 481 
31 73 73 94 94 184 184 184 263 263 336 486 486 
444 444 444 
96 165 398 413 413 
413 
314 354 354 354 
140 140 
42 323 323 
76 76 162 
42 42 42 321 321 359 
37 37 41 184 184 
72 72 153 153 244 244 358 503 
358 358 
15 271 271 
76 209 209 
81 165 223 261 261 261 
39 39 39 62 62 71 159 159 253 253 369 369 369 428 
22 22 
407 413 
413 
264 264 264 385 385 413 413 
174 413 413 
315 486 
207 
184 184 415 415 
46 46 145 145 271 381 408 408 408 427 452 452 464 470 

222 
239 
227 227 
69 69 69 173 236 283 447 447 447 
52 52 184 184 
27 76 76 
67 298 298 298 421 506 506 
84 84 312 
314 481 
8 196 224 
236 432 432 
402 402 
456 456 
5 31 41 41 76 76 151 184 184 184 256 271 271 273 273 319 319 319 411 411 411 450 450 450 462 462 462 490 490 490 502 502 502 508 
12 184 202 
236 267 
367 431 431 496 496 
38 38 72 89 90 90 193 244 325 326 326 413 466 466 466 503 503 503 
61 61 81 323 
76 76 
76 76 228 
193 193 413 
182 182 499 
118 152 262 262 262 292 410 
415 
184 184 184 
114 357 496 496 
401 401 
62 62 330 330 330 
306 
68 
106 106 
196 
154 154 233 250 271 271 408 408 417 
233 271 271 
174 222 222 
458 458 
140 140 
103 103 103 146 
134 
46 64 133 133 139 339 408 
413 413 
75 75 415 432 432 463 
152 152 314 314 449 449 
334 334 
86 86 198 198 
124 

81 82 82 130 130 130 142 142 
17 17 
256 271 
159 257 257 257 305 305 
225 225 
81 81 495 495 
0 0 0 46 46 
184 184 307 307 
294 294 294 
314 314 317 
41 41 41 492 492 
5 50 50 
110 247 271 368 368 
39 39 219 219 274 352 352 405 
427 427 427 
6 6 6 92 182 189 
39 206 206 239 402 
37 
175 175 332 413 
26 87 87 150 150 158 158 248 248 248 271 271 271 293 294 294 297 306 306 339 339 339 374 374 381 412 437 470 
184 184 258 258 
292 292 364 
354 354 354 
271 408 
35 35 45 45 74 74 76 77 77 92 119 119 141 141 155 155 155 161 167 167 168 168 174 175 175 182 182 187 187 193 196 220 220 222 222 222 251 286 286 299 299 314 314 314 317 317 318 332 333 334 334 335 335 358 362 382 382 407 439 439 439 448 448 455 494 494 
22 22 22 108 
57 116 129 177 184 184 184 201 230 236 236 236 254 269 269 277 283 283 303 303 338 338 365 383 432 463 
65 
250 374 
80 80 95 314 314 
225 225 
441 441 
281 281 347 
196 
76 
243 243 
103 103 296 296 
184 260 291 
271 339 403 403 403 
20 159 330 
314 
62 
357 357 496 
236 351 351 383 383 415 460 
159 
314 314 
449 
497 
408 
236 
45 45 161 413 413 413 
76 186 
5 98 98 98 225 225 420 420 
218 218 218 250 271 271 
255 255 255 
15 15 59 59 59 316 316 316 
41 41 
56 191 191 
344 344 344 
128 128 128 413 413 
280 314 314 384 384 435 467 
41 41 354 354 354 462 

25 25 25 25 339 339 464 
271 271 271 
4 4 124 131 219 219 219 232 
17 17 314 314 413 
76 76 184 353 353 491 
41 41 
225 225 225 377 377 

211 211 236 432 
22 22 497 497 
354 354 354 450 
63 75 383 415 
301 339 452 
184 307 307 307 
72 72 89 141 358 358 358 
215 280 280 308 314 449 
123 
159 159 159 
339 408 
170 170 170 195 267 267 
273 475 

29 56 487 
5 5 273 472 
10 100 100 240 496 
39 39 39 159 159 166 166 188 227 227 
76 207 207 207 242 
193 
290 
314 349 
305 
30 30 222 222 
184 
39 39 39 302 302 
31 31 120 120 315 315 336 
56 56 235 235 235 236 236 474 

120 120 
51 184 184 354 354 354 
126 126 185 185 456 
399 399 
3 3 102 
243 413 413 
81 81 81 394 394 
100 100 197 240 240 265 265 357 357 367 367 431 476 
22 22 436 461 461 
160 160 160 
182 182 363 
193 193 

134 134 134 134 271 271 354 354 354 
234 325 358 358 358 
5 5 88 88 88 
233 233 233 238 
347 347 
104 104 104 
5 5 86 354 

159 159 188 
159 159 159 
