Nodes: 512, Edges: 1199
46 46 46 46 395 395 395 
225 225 225 441 
111 111 183 189 
271 493 
454 
18 18 18 18 34 34 48 48 50 50 88 184 184 198 198 255 255 255 273 279 354 354 400 400 441 441 475 504 508 508 508 

233 233 271 271 
224 313 313 350 350 
271 

264 264 264 
202 355 355 
76 
117 135 184 184 
182 327 327 327 444 444 

390 390 
5 5 5 5 277 
104 104 

31 
108 115 331 331 331 414 414 461 461 461 497 497 497 
171 290 290 
76 76 
452 452 452 452 
408 
76 346 
63 63 63 178 183 183 
474 
180 222 222 483 483 483 
21 172 172 184 315 315 354 486 489 

67 67 192 192 
5 5 
210 210 210 222 309 309 413 413 
106 106 
324 324 324 
89 89 358 
62 159 159 159 219 219 231 231 241 241 241 267 267 302 302 302 330 330 330 402 402 402 405 477 477 477 485 485 
192 249 249 
85 85 137 151 151 156 156 160 160 160 184 184 324 354 354 354 399 399 445 445 457 457 
321 323 
193 

76 76 439 
0 0 0 0 301 301 339 395 395 
346 346 346 
5 5 
236 236 
5 5 400 400 
490 
345 
225 393 
76 76 76 299 299 501 
195 236 
104 191 191 191 236 304 446 474 474 487 487 
415 
294 397 
444 444 
104 104 236 236 
81 81 359 359 
39 241 241 330 330 369 369 430 430 
28 28 28 383 
381 381 
193 193 193 416 
141 141 
33 33 192 281 281 
169 287 287 287 296 296 371 371 371 
236 344 
184 184 184 246 246 258 258 
330 
325 358 358 358 466 466 
94 94 315 
413 
463 463 
13 24 24 27 45 45 54 54 54 78 78 107 107 109 162 184 184 196 199 207 207 228 229 245 245 292 299 299 314 322 322 322 328 346 346 346 353 354 354 360 361 413 413 423 440 478 478 501 509 509 
119 196 196 196 413 
76 76 
107 236 
314 314 418 
61 61 82 82 113 184 184 261 329 329 359 389 394 394 394 495 495 
81 81 121 142 142 143 143 329 329 389 
236 236 237 
85 85 85 348 
41 41 84 84 84 160 160 312 
198 198 386 386 386 508 508 
306 408 408 408 
5 504 
38 38 128 128 358 466 466 466 466 

189 
182 182 182 404 413 413 
236 236 236 236 
73 73 315 315 
418 418 

171 171 171 290 
420 420 

197 197 476 476 476 496 
140 140 195 471 471 
117 117 136 136 216 216 493 
146 379 425 425 
19 19 56 60 60 138 236 507 
106 184 184 190 
36 36 105 372 372 372 
76 76 79 
22 115 
76 199 207 
176 176 247 247 401 
2 2 182 182 
184 184 
81 
181 181 360 367 367 
22 108 389 
184 415 415 415 484 
14 102 102 125 125 184 236 
364 364 
77 222 222 413 

82 143 
222 
468 468 468 
387 387 454 454 
117 117 136 
185 473 491 491 
480 
89 89 448 448 448 
236 236 415 415 
389 389 
240 
168 168 
381 
380 502 502 502 502 
14 
102 102 125 
41 184 
104 164 164 236 
381 381 
101 101 320 378 378 378 378 
66 66 413 413 466 466 466 
82 82 389 
82 82 121 217 217 217 
282 
339 339 
103 379 
236 
191 191 191 304 
250 250 
248 248 248 306 306 408 
41 41 
292 292 292 364 384 
325 

413 
41 41 450 450 
233 276 
194 194 271 408 
39 39 39 188 188 188 188 205 205 205 227 231 305 402 402 428 428 433 433 433 469 469 477 510 510 511 
41 41 41 85 85 272 312 312 498 498 
413 413 439 439 
76 322 322 

138 138 300 300 
317 329 329 329 
477 
220 413 413 
132 132 413 
68 233 233 296 
471 471 471 
23 97 97 97 290 290 290 
31 31 
344 344 
222 335 376 376 413 
407 413 413 
110 110 247 247 
283 283 283 300 415 415 
28 183 183 
287 287 
30 222 222 
114 114 
15 92 92 92 111 111 220 340 340 363 363 404 404 404 413 413 413 444 499 499 
2 28 28 178 178 
5 5 14 14 31 41 41 70 70 70 76 76 81 81 105 105 112 112 116 117 137 213 213 221 221 236 236 246 246 267 267 279 284 284 284 289 291 292 324 324 354 354 354 355 355 355 409 409 415 415 415 426 426 451 451 456 456 456 465 465 484 484 484 488 490 
126 
440 440 
413 413 
159 159 159 159 477 477 
2 91 
105 372 372 
56 56 56 148 148 148 236 267 268 285 285 304 304 304 
33 33 40 67 236 281 281 
43 65 65 65 358 358 362 362 479 479 479 500 
158 158 
55 101 236 236 267 
76 77 77 77 200 290 290 350 373 413 413 
100 100 496 
5 5 86 86 386 386 
76 109 207 207 
196 
236 
12 355 355 355 
271 271 271 
267 268 268 268 
159 159 159 
405 405 405 
76 76 109 199 199 337 337 


35 35 35 
460 
233 233 233 310 310 310 
184 184 
215 215 314 
214 214 314 314 467 
102 102 
143 143 143 
271 442 442 442 
39 39 232 232 274 274 274 402 402 454 
167 182 413 413 413 
184 184 
30 30 35 119 119 122 174 180 180 268 268 314 314 341 376 376 413 483 483 
329 329 
8 350 350 
1 1 1 53 259 377 377 393 419 441 458 458 458 
292 
159 305 305 477 
76 245 245 
76 295 295 
236 236 236 275 
39 39 159 
219 219 454 454 
7 7 157 169 169 212 212 212 271 296 310 310 310 374 375 375 505 505 

487 
49 49 55 56 60 60 69 79 83 83 93 93 93 93 104 117 129 129 138 147 184 184 191 192 195 195 201 230 230 230 237 237 267 275 275 278 278 283 283 344 415 415 415 432 432 438 460 460 487 487 
83 236 236 
505 505 
342 405 405 
131 476 476 476 496 496 
39 39 39 62 62 
478 
311 413 413 413 424 424 494 494 
325 358 
76 76 228 228 
70 70 184 184 
110 110 176 176 288 288 401 
150 150 150 293 408 408 
40 40 
149 149 374 417 417 417 442 
286 286 286 413 413 413 

330 330 
277 277 283 
5 5 5 443 443 
273 354 354 
392 392 392 392 
70 70 409 
225 
426 
81 329 
410 
315 
11 11 11 334 334 
496 496 
271 
39 39 184 184 191 195 204 236 268 268 268 356 471 471 471 
191 204 204 204 222 222 267 267 267 
415 
286 
3 7 7 9 158 203 203 203 218 233 266 282 287 287 287 297 327 327 339 339 374 374 374 375 375 391 391 401 408 408 412 412 427 427 442 453 502 502 
160 
5 256 354 354 472 472 475 475 
219 219 219 402 
230 236 236 
157 
18 254 254 415 415 
236 236 
5 184 431 431 431 
308 308 449 449 449 467 
67 67 192 192 298 347 421 421 
144 271 427 427 
177 177 177 236 236 254 303 303 303 344 344 344 344 415 415 
184 184 184 
191 191 
251 251 251 270 413 
68 68 68 179 179 271 271 271 
247 247 
184 
23 23 97 171 171 171 196 196 480 480 
184 426 
76 152 152 152 184 226 364 364 410 410 
248 408 
58 397 397 408 408 
229 229 
68 68 169 233 425 
271 408 
281 347 347 
54 54 76 76 413 
164 164 177 
46 46 
39 39 39 485 
283 283 283 415 415 
56 148 191 191 191 
159 227 227 482 482 482 
87 150 150 370 370 370 408 
396 
280 280 467 467 
35 35 
212 212 212 233 233 233 
243 
85 160 160 348 
8 8 
76 80 80 214 215 215 222 222 317 317 319 349 354 354 384 384 398 413 418 418 418 429 429 434 449 455 481 481 
31 31 73 94 94 263 336 486 
444 444 
165 314 314 398 398 413 
413 413 
314 354 
140 
42 323 323 
76 76 76 162 162 
42 321 321 359 
37 37 37 41 184 184 
72 153 244 358 503 

15 15 15 271 271 
76 
81 81 82 82 165 165 165 223 223 261 
39 39 39 62 62 71 253 253 369 428 428 
22 22 22 
407 413 
413 
264 264 413 413 
174 413 
315 486 486 
207 207 
415 
46 145 145 271 271 381 408 408 408 427 452 452 452 464 470 470 470 
182 182 
222 
239 

69 173 173 236 283 283 283 283 
52 
27 47 47 47 76 76 76 459 459 
281 298 298 421 506 
84 312 
314 481 481 
8 8 196 224 224 
432 432 
402 402 
76 456 
5 5 31 41 41 41 76 76 184 184 184 256 256 273 273 314 314 319 411 411 450 450 462 490 508 508 508 
12 12 184 184 184 202 202 202 
267 
367 496 
38 72 72 72 89 193 193 244 325 413 413 466 466 503 503 
61 61 81 323 
76 114 
76 
193 193 413 
182 182 499 
118 118 152 292 292 


114 114 357 496 496 496 
401 
62 62 330 
306 306 306 
68 68 68 
106 106 106 190 190 
196 
233 250 271 271 271 408 417 417 442 
233 233 271 271 
174 174 222 222 
225 225 458 
140 140 140 140 
103 146 
134 
64 64 133 139 139 339 395 395 408 408 
413 413 413 
63 415 415 463 463 
152 314 314 449 449 
413 413 413 
86 86 86 198 198 
124 124 
487 
81 82 115 130 130 142 497 497 
17 17 
271 271 
257 257 257 257 
53 225 
81 81 81 495 
0 0 0 46 46 381 381 
307 
58 294 294 
314 317 317 
41 41 492 492 
5 5 50 50 
110 247 271 368 
39 39 39 159 159 219 219 274 352 352 405 405 
427 427 
92 182 182 182 
39 206 206 206 239 239 402 402 

175 332 413 413 413 
26 87 87 87 150 158 248 248 271 271 293 294 294 297 306 339 339 339 374 381 381 412 412 437 
184 184 258 
262 292 292 
354 354 
271 271 408 408 
35 35 74 76 76 77 92 92 119 141 141 155 161 161 167 167 168 174 175 175 182 182 182 187 187 196 196 220 220 220 222 243 243 243 251 251 251 286 299 314 317 318 318 332 333 334 334 335 358 358 362 382 382 382 385 385 385 407 407 407 439 439 448 448 455 455 455 494 494 
22 22 
57 116 116 116 129 129 177 177 184 184 184 236 236 236 269 277 277 283 283 303 303 338 383 383 432 432 432 
65 
250 250 250 374 374 
80 95 95 314 314 314 
225 
98 98 441 441 
281 281 347 

76 
243 243 
103 103 296 
184 184 260 291 
271 271 282 282 339 403 403 
159 159 330 330 
314 314 
62 62 
279 279 279 496 
236 236 351 351 415 415 415 460 460 460 
159 159 159 
314 
449 
497 
408 
236 
45 161 161 413 413 
76 186 186 
1 5 5 225 420 420 
218 218 218 250 271 374 468 
255 255 
15 15 59 59 182 316 316 
41 41 
56 

128 128 128 413 413 
280 280 280 314 384 384 435 467 
156 156 354 354 462 462 
184 184 
25 25 25 25 339 339 339 464 464 464 
271 
4 124 124 219 232 232 
314 413 413 413 
184 184 184 353 491 491 
41 41 
225 225 225 377 
346 346 
211 236 236 432 432 432 
22 22 22 497 
354 450 450 
75 75 383 383 
339 452 452 452 
184 184 
72 72 89 89 89 89 141 141 141 358 358 
215 280 308 308 449 
123 123 123 442 
159 159 
339 339 339 
101 101 170 170 170 267 267 267 
273 273 475 475 
126 
29 56 56 487 
5 273 273 472 472 
100 100 100 240 240 240 496 
39 39 39 159 166 188 188 227 
76 76 242 
193 193 193 
127 290 290 
314 314 349 349 
305 305 305 
30 30 30 222 222 
116 184 184 184 
39 39 302 
31 315 336 336 489 489 489 
56 56 235 236 236 388 474 
184 
31 486 486 486 
51 184 354 
126 126 456 456 
399 399 
3 102 
243 243 413 413 
81 81 394 
100 197 240 240 265 265 357 367 367 367 431 476 
22 22 22 389 389 436 461 
160 160 
182 182 363 
193 
54 76 
134 134 134 134 271 271 
325 358 358 
5 88 
233 233 238 238 
347 
104 
5 5 5 86 86 354 354 354 
76 76 
159 159 
159 
