Nodes: 512, Edges: 1199
46 46 46 46 46 395 395 395 
225 225 225 225 441 441 
91 91 183 
271 271 271 493 
454 454 
18 18 18 18 34 48 50 88 184 184 198 198 225 225 225 255 255 255 273 273 273 279 354 400 441 441 475 504 504 
404 404 
271 
196 224 313 350 350 350 
271 

264 264 264 
184 184 184 355 355 
76 
135 184 
182 182 327 327 327 

390 455 
5 5 5 5 277 
104 104 

31 
108 108 115 115 414 461 461 497 497 
171 171 171 290 290 

452 
158 158 408 408 408 
76 76 346 
63 63 178 178 183 183 
474 
180 180 222 483 483 
21 172 172 184 184 184 315 315 354 354 486 489 489 489 
184 
67 192 192 
5 
210 210 309 309 309 413 413 
106 106 
324 324 415 
89 358 
62 62 159 159 163 166 166 219 219 231 231 241 241 267 302 302 330 330 330 402 405 405 477 485 485 
236 249 249 249 
44 85 85 99 151 151 156 160 160 184 184 354 354 399 445 445 445 450 457 457 
321 321 323 323 
193 193 
41 
76 413 439 439 
0 0 0 0 0 301 301 339 339 381 381 395 
346 346 346 
5 
236 
5 400 

184 345 345 345 
225 393 
76 299 
195 236 
191 191 236 236 474 474 487 
415 415 
294 294 397 397 397 
444 
104 104 236 236 
81 81 359 
39 39 241 241 330 369 369 369 
28 28 383 383 463 463 
381 381 
193 413 416 416 
141 
33 192 192 281 347 
287 287 287 296 371 371 
236 236 252 344 344 344 
184 258 258 
330 330 
325 325 358 358 
315 
413 413 
383 383 463 
13 27 27 45 54 78 78 107 107 107 109 162 186 196 196 196 199 199 199 207 208 208 228 228 229 242 245 245 292 292 292 299 299 299 314 314 314 322 328 346 346 346 353 353 360 360 361 413 440 456 478 509 509 
119 196 413 
76 76 
236 236 
314 418 
61 61 82 82 113 184 184 184 289 289 329 329 359 495 495 
81 81 121 121 142 143 143 389 
237 
85 85 312 312 348 
41 41 84 84 160 160 312 312 
198 198 198 198 386 
306 306 
5 504 504 
38 128 128 466 466 
358 358 
2 2 189 
182 404 404 413 413 
236 236 236 236 
315 315 
418 

171 171 290 290 
420 
41 
197 476 476 496 
140 140 195 471 471 
117 136 136 136 
146 379 379 425 
19 19 60 60 138 138 236 237 237 237 507 507 
106 106 106 
36 36 105 105 105 190 190 190 
76 76 76 
22 22 115 414 414 
76 199 199 
247 247 401 401 
182 

81 
181 181 367 
22 22 108 
184 184 415 415 484 
102 125 135 135 135 136 184 
364 
77 222 413 413 
489 
82 82 143 
222 
468 468 
387 454 454 454 
117 136 170 
185 185 473 491 491 491 
480 480 
89 89 413 413 413 448 
236 236 236 415 
389 
240 454 454 
168 168 
381 
380 380 502 
14 117 117 117 
102 102 102 117 125 
184 
104 104 236 
381 
101 101 320 378 378 378 
66 413 413 413 466 466 
82 
82 82 121 217 217 217 
282 282 
339 339 
103 379 
236 236 236 
191 304 304 304 
250 250 
248 248 306 306 306 408 408 
41 41 354 
292 364 384 384 384 
325 325 
374 374 
413 413 
41 450 450 
233 276 
26 26 194 194 408 408 
39 39 188 227 231 231 257 330 330 330 392 402 402 428 433 477 477 511 511 511 
41 41 85 85 272 312 312 498 498 
413 439 439 
76 322 
39 
300 300 300 300 300 
317 317 329 329 329 
39 39 477 
220 220 220 413 
132 132 
233 296 
125 
23 23 23 97 97 290 290 290 
31 31 
344 
222 222 222 335 376 376 376 413 413 
407 407 413 
247 247 
283 283 300 415 415 415 
28 28 183 
287 287 287 287 
30 30 222 222 
114 114 
15 15 92 111 220 220 340 340 363 363 404 413 444 444 
2 28 28 178 
5 5 12 12 12 14 31 31 31 32 41 41 52 70 81 81 81 116 116 117 137 213 213 221 221 221 236 236 236 246 246 246 258 258 267 267 267 284 291 291 292 292 307 315 315 315 324 338 354 354 355 366 396 409 415 415 415 426 426 426 451 456 465 484 484 488 490 
126 126 491 491 491 
76 245 245 440 
413 
159 477 510 
91 
106 106 106 372 
56 56 148 236 267 268 285 304 446 
33 33 67 67 236 281 281 
43 43 65 286 286 358 358 358 413 413 479 500 
158 158 
55 101 236 236 236 267 267 471 471 
8 76 76 76 77 200 290 350 373 413 413 422 422 
100 496 496 
5 5 86 86 86 86 
76 76 76 109 109 
196 
236 
355 355 355 
271 271 
267 268 

405 405 405 
76 337 478 
76 76 
328 328 
35 35 
460 460 
233 310 310 
184 184 
314 
314 314 467 

143 143 143 
271 271 442 
39 39 232 232 232 274 274 274 402 402 402 454 
167 167 167 182 182 413 
184 184 184 
30 119 122 174 174 174 180 180 268 268 268 268 268 314 314 314 341 341 376 483 483 
329 
8 313 313 313 350 350 350 
1 1 1 1 5 5 5 53 259 259 259 377 393 393 393 441 458 458 
292 
159 305 305 305 305 343 343 343 477 
76 76 245 245 
76 295 295 509 
236 236 236 275 275 303 303 415 
39 39 159 159 
219 219 219 454 
157 169 212 271 271 296 296 310 310 374 374 505 505 505 505 
503 503 
487 487 
40 49 55 56 56 60 60 69 69 79 79 93 93 93 93 104 129 129 129 138 147 147 147 184 184 184 191 192 195 195 195 201 230 230 230 237 237 267 267 275 275 278 278 283 283 344 344 351 356 356 415 415 432 432 432 438 460 460 487 487 
83 104 104 104 236 236 
505 505 
342 405 
131 476 476 476 496 496 
39 39 62 62 
76 
311 311 413 424 424 494 
325 
76 76 186 186 228 228 
184 184 184 
110 110 176 176 288 401 
150 150 408 408 
40 40 40 
149 149 374 374 417 417 442 
270 286 286 413 
69 
330 330 
283 415 415 
5 5 5 443 443 
273 354 
159 392 392 392 392 
70 70 184 184 409 
225 225 225 
426 
329 329 329 
364 364 410 410 
315 315 
11 11 11 334 
496 496 
271 271 
39 184 184 184 191 195 195 204 236 236 268 268 268 356 356 471 471 471 
191 204 222 222 222 222 222 267 267 267 
415 415 
251 286 
3 3 3 7 9 203 203 218 218 233 233 266 266 282 287 287 297 297 297 339 374 374 374 375 375 391 401 401 408 408 412 427 427 427 442 442 442 453 502 
160 
5 5 5 256 354 472 472 475 475 475 
219 219 219 402 
230 230 236 236 
157 
18 415 
236 236 
5 431 431 431 431 
308 449 449 467 467 
67 192 192 298 298 347 347 421 421 421 
144 144 271 427 
177 177 236 236 254 303 303 344 344 415 415 
184 
191 
193 193 251 251 270 413 413 
68 68 68 179 179 179 179 271 271 
247 
81 81 
23 23 97 97 171 171 171 196 480 
184 184 
76 76 76 152 184 184 226 364 364 364 410 410 
408 408 
58 58 397 408 
229 229 
68 169 233 233 425 425 
271 271 271 408 408 408 
281 281 347 
54 76 76 76 413 
164 164 164 164 164 177 
46 46 
39 39 485 
230 230 283 283 
148 148 148 191 
227 227 227 227 482 
87 87 150 150 150 370 370 370 408 408 
184 354 396 465 
280 
35 35 35 
212 212 233 233 
243 243 
84 84 85 85 160 160 348 348 
8 224 224 224 
76 76 76 80 214 215 215 222 222 222 317 317 317 319 349 354 354 384 398 398 413 413 429 434 434 449 455 467 481 
31 31 73 94 94 184 184 184 263 263 336 486 486 486 
444 
165 165 314 314 314 398 

314 354 
140 
42 42 323 
76 162 
42 42 321 359 
37 37 184 
72 72 153 153 244 358 358 
358 358 
15 15 15 
76 209 209 
81 81 165 165 165 223 261 261 261 
39 39 39 62 71 71 159 159 159 253 253 369 369 428 428 

407 407 413 
413 
264 385 385 385 385 
174 413 413 
315 486 
207 
184 415 
46 46 145 145 271 381 408 427 427 452 
182 182 
222 222 
239 
227 227 227 
69 69 69 173 236 236 283 283 447 447 
52 52 52 
27 47 47 47 76 76 76 459 459 
67 281 281 298 421 506 506 506 
84 312 312 
314 481 
8 8 8 196 224 224 224 
236 432 432 
402 402 
76 76 456 456 
5 31 31 41 41 151 184 184 256 273 307 314 314 319 411 450 450 462 462 490 490 502 502 508 508 
12 12 184 202 202 202 
236 236 267 267 
367 367 431 496 496 
38 72 72 90 90 193 193 193 325 325 326 326 413 
61 81 323 
76 76 
76 
413 
182 182 499 499 499 499 
118 152 262 262 292 292 292 410 410 
415 415 
184 
114 357 357 496 
401 
62 62 62 330 330 
306 306 306 
68 68 
190 
196 
154 154 233 233 250 250 271 271 271 408 408 417 417 442 442 
271 271 
174 174 174 222 
225 458 
140 140 140 
103 103 146 
134 134 
46 46 64 64 133 139 339 395 395 408 408 
413 413 413 
63 63 75 75 432 463 
152 152 152 314 449 449 
334 334 334 334 413 413 
86 
124 
487 487 
82 130 497 
17 
271 
159 257 257 257 257 
53 225 225 225 
495 
0 0 0 46 381 381 
184 307 
58 58 58 294 
314 314 317 
41 492 
5 50 
110 110 247 271 271 368 
39 159 159 219 219 219 274 352 352 405 
427 427 
6 6 92 92 182 
39 39 206 206 206 239 402 

175 175 332 332 413 413 
26 26 26 150 150 158 158 248 248 271 271 293 293 294 297 297 297 306 306 339 374 374 381 381 412 437 437 
184 258 
262 262 292 292 364 364 
354 
271 408 
35 35 45 65 74 74 76 77 92 92 119 119 128 128 128 141 141 141 155 155 161 167 174 174 175 182 187 193 193 196 196 220 243 251 286 286 299 314 314 332 333 335 335 358 362 382 382 382 385 385 407 407 439 448 448 455 455 455 494 494 500 500 500 
22 108 108 
37 57 57 116 116 129 177 177 177 184 184 184 230 236 236 254 254 269 269 277 283 283 338 365 365 432 
65 65 
250 250 374 374 
80 95 

98 441 441 
281 281 281 347 
196 196 

243 243 
103 296 296 
184 184 184 260 
271 271 271 282 339 339 403 403 
159 330 330 
314 

279 279 279 279 357 496 496 496 
236 236 236 351 351 383 415 460 
159 
314 314 
449 449 
497 
408 408 
236 
45 45 161 161 413 
76 186 
1 1 5 5 225 420 420 
218 250 271 271 271 374 374 468 
255 255 
59 182 182 316 
41 41 41 
191 
344 344 
128 413 413 
280 280 314 384 384 435 435 467 467 467 
41 156 156 354 354 462 462 
184 
25 339 464 
271 
4 4 124 124 124 131 131 219 232 
17 314 413 413 413 
76 184 353 353 491 
41 41 
225 225 377 
346 346 
211 211 236 236 432 
22 22 497 497 497 
354 354 450 450 
63 63 75 383 
452 
184 307 
89 89 141 141 
215 280 280 314 449 449 449 
123 123 442 


101 101 195 195 267 267 267 
273 273 475 475 
126 
29 56 56 487 
5 273 273 273 472 472 
100 100 240 240 240 
39 159 159 166 188 227 
76 207 
193 
127 127 290 
314 349 
305 
30 30 222 222 
116 184 184 
39 39 302 
31 315 315 315 336 
56 235 235 236 236 388 388 474 
184 
31 31 31 120 
184 354 354 
126 126 126 185 185 185 456 
399 
3 
243 413 413 
81 81 394 
100 197 197 240 240 265 265 357 357 367 431 431 431 
22 22 389 436 461 461 461 
160 160 
363 363 363 363 
193 413 413 413 

134 271 354 354 
234 234 
5 5 88 88 
233 233 233 233 238 238 
347 347 347 
104 104 
354 354 
76 76 229 
188 
159 159 159 
