Nodes: 512, Edges: 1199
46 46 64 395 
225 441 441 
91 91 183 189 
271 271 493 
454 
18 18 18 18 34 34 34 48 48 48 50 50 50 88 88 184 184 184 198 225 255 255 255 273 273 279 279 354 354 400 400 400 441 475 475 475 504 508 508 
404 
271 271 
196 196 224 313 350 
271 271 271 
476 
264 
202 202 202 355 
76 76 
117 117 184 
182 182 182 327 327 327 327 
184 184 
390 390 390 455 
5 5 5 5 

428 428 
31 
108 115 115 115 331 414 414 497 
171 
76 
452 452 452 
158 408 408 
76 76 346 
63 63 111 178 183 183 

180 180 483 483 
21 172 172 184 315 315 354 354 486 486 486 
184 184 
67 67 67 192 192 192 
5 5 5 
210 210 210 222 309 413 413 
106 106 
324 324 406 415 415 
89 89 
159 163 163 166 166 219 219 231 231 241 302 302 330 330 402 405 485 485 485 
236 236 249 
44 85 85 137 137 151 151 156 156 160 160 160 184 184 184 324 324 354 399 399 445 445 450 457 457 457 
321 323 323 
193 193 
41 
76 413 
0 0 301 301 339 339 381 381 395 395 
346 346 
5 5 5 
236 236 
5 5 5 400 400 
490 
184 345 345 345 
225 393 
76 76 76 299 299 
195 195 236 
104 191 236 236 304 304 446 446 474 487 
415 415 415 
294 294 397 
444 444 
104 236 236 
81 359 359 
241 330 369 
28 28 463 
0 381 
193 413 416 416 
141 
33 33 33 192 192 192 281 347 
287 287 296 296 371 371 371 
344 344 344 
184 184 246 246 258 
330 330 
325 325 358 466 466 466 
315 
413 
383 383 463 
13 13 24 27 27 45 54 54 54 78 107 109 162 162 184 184 196 196 199 199 199 208 228 228 229 229 229 242 242 245 245 299 299 322 322 322 346 353 353 354 360 360 413 413 440 440 478 501 501 509 509 509 
119 196 413 
76 
236 
314 314 418 
61 82 82 113 184 261 261 261 329 359 359 389 389 394 
81 81 121 121 142 142 143 143 389 389 
236 237 237 
85 85 312 312 
41 41 84 84 160 160 312 312 312 
198 198 386 508 508 
306 408 408 408 
5 5 504 
38 38 128 128 466 
358 358 358 
2 2 
182 182 404 404 413 
236 236 236 236 
315 
418 
314 
171 290 
420 420 441 441 441 

197 197 197 476 496 496 
140 195 471 471 471 
117 216 216 
146 146 379 379 425 425 
56 60 236 236 237 507 507 
106 106 184 184 184 190 
36 36 105 105 190 190 372 
76 
22 115 115 115 414 414 
76 199 207 
176 176 247 247 247 401 
28 182 182 
184 184 
81 
181 181 181 181 367 
22 22 22 108 108 108 
184 415 484 
14 14 102 125 125 135 135 135 136 136 184 236 
364 364 
77 122 122 222 222 413 413 
486 486 486 489 489 489 
82 82 143 143 
119 119 
468 468 
387 387 387 454 454 
117 117 136 
473 491 491 
480 480 
89 89 413 413 448 
236 236 415 
389 389 
240 240 240 454 
168 168 
381 381 
380 502 502 
117 117 117 
117 117 125 
41 41 184 
164 164 236 
381 381 
101 320 320 378 378 
66 358 358 413 466 466 466 466 
82 82 389 389 
82 82 121 121 217 217 
282 
339 
103 103 379 
236 
191 304 304 
250 250 
248 306 306 408 408 
41 41 354 354 354 
292 292 292 364 384 
325 325 


41 41 
233 276 276 
26 194 271 271 408 408 
39 205 227 231 231 305 305 330 330 392 402 402 402 428 433 469 469 477 477 477 510 511 511 511 511 
41 41 41 85 85 272 312 312 
413 439 
76 76 
39 39 
138 138 300 
317 329 
39 39 477 
220 220 413 
132 132 413 413 
233 296 296 
471 471 
23 97 290 290 
31 31 
344 344 
222 222 222 335 376 376 
407 413 413 
110 110 
283 300 415 415 415 
28 183 
287 287 
30 30 222 222 222 
114 114 114 114 
15 15 15 92 92 111 111 220 340 340 363 363 404 413 413 413 444 
2 28 28 178 
5 5 5 14 16 16 31 32 32 41 41 41 52 70 70 76 76 81 105 105 105 112 112 116 117 137 199 221 236 236 236 258 267 267 267 284 284 291 292 292 307 307 324 324 338 338 345 354 354 409 409 415 415 415 426 426 451 451 451 456 465 465 484 488 490 490 
491 
245 440 
413 413 
477 
2 404 
105 106 106 372 
56 148 236 236 268 285 304 304 446 
33 33 33 67 67 67 236 236 236 281 281 
43 43 65 286 362 479 500 500 500 
158 
55 55 101 236 236 267 267 267 471 471 
8 8 76 76 77 200 200 290 350 413 413 
100 100 100 496 496 496 
5 86 86 386 386 386 
76 76 76 109 184 
196 196 
415 
12 12 12 355 355 355 
271 
267 268 
159 
405 405 
109 478 478 
76 
328 328 
35 35 35 
460 460 
233 310 

215 215 314 
214 214 314 467 
102 102 
143 143 
271 271 442 442 442 442 
39 39 232 274 274 454 
167 167 182 413 
184 
35 119 119 174 174 174 180 180 180 268 268 268 268 314 314 341 376 376 413 483 483 

8 313 313 
1 5 53 259 377 377 393 441 441 458 458 
292 292 
159 305 343 392 477 
76 76 245 245 245 361 
76 76 76 295 295 295 509 509 509 
236 275 275 275 415 415 
39 39 159 159 
219 454 
157 169 212 238 238 271 271 271 296 310 310 310 374 374 505 505 
503 
487 487 
40 40 49 49 55 56 56 60 60 79 83 93 93 93 93 104 104 117 129 129 138 147 184 184 184 191 191 192 192 192 195 195 230 237 237 237 267 275 278 278 283 283 344 344 351 356 356 415 415 432 432 438 460 460 487 
83 83 104 236 236 236 
233 233 505 505 
342 405 405 
131 131 131 476 476 496 496 
39 62 
76 76 478 
413 424 494 
325 
76 76 186 228 228 228 
70 70 
110 110 110 288 288 401 
150 293 408 
40 
149 149 374 374 417 417 442 442 
270 286 413 413 

330 
277 283 415 415 
5 5 5 443 443 443 443 443 
273 354 354 
392 392 392 
70 184 409 
225 

81 81 81 329 329 329 
364 364 364 410 410 

11 334 334 334 
496 496 
271 
184 184 184 195 195 195 204 236 268 268 268 356 471 
191 204 222 222 222 222 267 267 267 
415 415 
251 286 
3 3 7 7 9 9 9 158 158 203 218 218 233 233 233 266 282 282 287 287 297 339 339 339 354 354 374 374 374 391 401 401 408 408 408 427 427 442 442 453 453 502 502 502 
160 
5 5 256 354 472 475 
219 219 402 
230 230 230 236 
157 157 
254 
236 236 
5 5 
308 308 449 449 
67 192 192 298 347 421 421 
144 271 271 427 427 
177 236 236 254 303 344 344 344 415 415 
184 184 
191 
193 251 270 413 413 
68 68 179 179 271 271 
247 247 

97 171 171 196 480 480 
184 426 
152 152 152 184 184 226 226 364 364 410 410 410 
248 
58 58 397 408 
229 229 229 
68 68 169 169 233 
271 408 408 408 
281 347 
54 54 76 76 
164 177 
46 46 464 
39 39 485 
283 415 
56 56 148 148 191 191 
159 159 227 392 482 482 482 
87 150 150 370 370 408 408 
184 184 354 396 396 396 462 465 465 
280 280 467 
35 
212 233 233 233 

84 84 85 85 85 160 160 348 348 348 
8 224 224 
80 80 96 214 215 222 222 317 317 319 349 349 349 384 384 398 398 413 418 418 418 429 434 434 449 449 467 481 
31 31 73 94 336 336 336 486 
444 
165 314 314 398 398 398 413 413 
413 
314 354 
140 140 
42 323 
76 76 76 
42 42 321 359 359 
37 37 41 41 184 184 
72 72 153 153 244 358 503 

15 15 15 15 
209 209 
81 165 261 261 261 
39 39 62 71 71 159 159 253 369 369 369 428 428 428 
22 
407 407 413 
413 413 413 
264 264 264 385 385 
174 413 413 413 
315 315 315 486 

184 184 
46 46 145 271 271 271 381 381 408 408 452 452 464 
182 182 
222 
239 
227 
69 69 69 173 173 236 236 283 283 283 
52 52 52 184 
27 47 47 76 459 459 
67 281 298 421 421 421 506 
312 312 312 
314 314 314 481 481 
8 196 
236 432 432 
402 
76 76 
5 5 31 31 41 76 151 151 151 184 184 256 256 271 271 273 307 319 411 450 462 490 490 502 502 508 508 508 
12 202 202 202 
236 236 267 
431 431 
72 90 90 90 141 141 325 413 413 413 466 466 466 503 503 503 
61 61 81 81 323 323 
76 76 
228 
193 413 
182 182 499 499 499 
118 118 152 262 262 262 292 292 410 
415 415 

114 496 
401 401 
62 330 330 330 
306 306 
68 68 68 
106 190 

233 233 250 250 271 271 271 408 408 417 417 442 

174 174 222 222 
225 225 458 
140 140 
103 103 146 
134 
46 46 64 133 133 139 139 339 339 395 395 395 408 408 

75 75 415 415 415 432 463 463 
152 314 314 449 449 449 
334 334 413 
86 198 198 198 
124 124 124 

81 81 82 82 130 130 142 142 497 497 
17 17 17 
271 
159 227 257 257 257 305 
53 225 
81 495 495 
0 46 46 381 381 381 
307 307 307 
58 294 
314 314 317 317 317 
41 41 492 492 492 
5 5 5 50 50 
110 247 271 271 368 368 
39 159 159 159 274 352 405 405 405 
427 
6 92 92 182 189 
39 206 206 239 239 402 402 402 
37 
175 332 332 413 
26 26 87 87 87 150 150 158 158 248 271 271 271 294 297 297 297 306 306 339 339 374 374 381 381 412 412 437 437 470 470 470 
184 184 258 
262 262 292 292 292 364 
354 
408 408 
35 35 45 65 74 76 76 77 92 119 119 128 128 141 161 167 168 168 175 175 182 182 182 187 187 196 196 220 222 243 251 251 286 286 314 317 317 318 332 333 333 333 335 335 335 358 358 358 362 385 407 439 448 455 455 455 494 494 500 500 
22 22 108 108 
37 37 57 57 57 116 129 177 177 177 184 184 184 201 230 230 236 236 254 254 269 269 283 283 303 365 365 383 383 383 432 
65 65 
250 250 374 374 
80 95 314 314 314 

98 98 441 
281 281 347 347 347 


243 
103 103 
184 184 291 
271 271 282 282 403 
20 20 159 330 330 330 
314 

357 357 496 
236 236 351 351 383 415 460 460 
159 
314 314 
449 449 

408 408 
236 
161 413 
76 76 186 
1 1 5 98 98 98 225 225 420 
218 218 218 218 250 250 271 271 374 468 468 
255 255 255 255 255 
59 59 182 316 
41 41 
56 56 191 

128 413 
280 280 314 314 384 384 384 435 435 467 
41 354 462 
184 184 184 
25 25 25 339 339 464 464 
271 271 
4 124 124 131 219 232 
17 413 413 413 
184 491 491 
41 41 41 
225 225 377 
346 346 
211 211 236 236 432 432 
497 
307 354 450 
63 75 383 383 
301 339 452 452 
184 184 307 307 
72 72 72 89 141 141 141 141 358 358 358 
215 308 314 449 
123 123 442 442 
159 159 
408 408 408 
101 101 101 170 170 195 195 267 
273 475 
126 
56 487 487 
5 5 5 273 472 
10 100 240 240 
159 159 159 166 188 227 
76 207 207 242 
193 
127 127 290 290 
314 349 349 
305 305 305 
30 30 222 222 
116 184 
39 39 39 302 
31 31 31 120 120 120 315 336 489 
56 235 235 236 474 474 
184 
120 120 120 486 
51 184 184 354 354 
126 126 185 456 456 
399 399 399 
3 
243 413 413 
394 394 
100 100 197 197 197 240 240 265 265 367 431 
22 389 389 461 

363 363 363 
193 193 193 413 413 
76 76 
134 134 271 271 271 354 354 
234 325 358 358 358 
5 88 
233 233 238 238 
347 
104 104 
5 5 86 86 354 354 354 
76 76 76 229 229 229 
159 
159 159 159 159 
