Nodes: 512, Edges: 1199
46 46 395 395 395 
225 225 441 441 
91 111 111 183 189 189 
271 271 271 493 
454 
18 18 18 34 48 48 50 50 184 184 225 225 225 255 273 279 279 354 400 441 475 504 504 504 508 508 

233 271 271 271 
196 196 224 313 350 
271 271 
476 476 476 
264 264 
184 184 202 355 
76 76 76 
117 117 135 184 
182 327 327 444 
184 184 184 
390 390 455 455 455 
5 5 5 
104 104 
428 
31 
108 108 108 108 331 414 461 461 497 
171 290 290 
76 
452 452 452 452 
158 408 408 
76 76 346 
63 63 111 178 183 189 

180 222 483 
21 172 184 184 315 315 315 354 354 486 486 
184 184 
67 192 192 192 
5 
210 210 210 210 309 309 413 413 

324 324 324 406 415 
89 89 
62 62 159 159 163 163 166 219 231 241 267 267 302 302 330 330 402 402 405 405 405 477 477 485 
192 236 236 249 249 249 
44 85 85 99 137 137 151 151 156 156 160 160 184 324 354 354 399 445 445 450 457 
321 321 323 323 
193 193 
41 
76 76 413 439 439 439 
0 0 64 301 301 339 339 339 381 381 395 
346 346 
5 5 
236 
5 5 400 
490 
184 345 345 
225 225 
76 76 501 
236 236 
191 191 236 446 474 487 
415 415 415 
294 294 397 397 
444 444 
104 236 236 
81 359 
39 39 241 241 241 330 369 369 430 430 
28 28 463 
46 381 
193 193 416 416 
141 141 
33 192 192 281 281 347 
287 287 287 296 296 296 371 371 
236 236 344 
184 184 184 246 258 
330 330 330 
325 466 
94 94 94 315 
413 
383 383 435 
13 13 13 24 27 27 45 45 54 54 78 78 107 109 109 162 162 162 196 196 199 199 207 208 208 228 229 242 242 245 245 245 314 322 322 322 322 322 328 328 346 346 353 354 360 360 361 361 413 413 413 423 423 456 456 478 501 509 509 
119 119 119 196 413 413 
76 76 
236 236 
314 418 418 
61 113 184 261 261 261 289 289 329 329 359 389 389 394 495 495 
121 142 142 143 329 329 329 
236 
312 348 
41 41 160 312 312 
198 198 
306 306 408 
504 504 
38 38 128 128 358 466 
358 358 358 
2 
182 182 404 413 
236 236 
73 73 73 
418 418 418 

171 290 
420 441 
41 256 
197 197 476 496 
140 195 195 
117 117 117 136 136 136 216 493 
146 379 379 
19 19 60 236 236 237 237 
106 106 184 184 
105 105 190 
76 
22 22 22 22 115 414 
76 76 199 199 207 
247 247 247 401 
2 2 28 182 182 182 
184 184 
81 
181 181 181 360 367 367 
108 389 
184 184 415 415 
14 14 102 102 102 125 125 135 135 136 136 184 184 184 236 236 236 
364 364 
77 77 77 222 413 
486 486 489 489 
82 
222 
468 
387 387 387 454 454 
117 117 136 
185 185 491 491 
480 480 480 
89 89 413 413 448 448 
236 415 
389 
240 454 454 
168 
381 381 
380 380 502 502 502 
14 117 117 
102 102 102 117 117 125 
41 41 184 184 
164 236 236 
381 381 
101 320 320 378 378 378 
66 66 358 413 466 466 466 466 
82 82 389 
82 217 

339 339 
103 
173 236 236 
304 
250 
306 306 306 306 306 408 408 
41 41 354 
364 364 384 384 
325 
374 
413 
41 41 
233 276 276 
26 194 271 271 408 
39 39 188 188 205 227 227 231 305 305 330 402 402 402 428 428 433 469 469 477 477 510 511 511 511 
41 41 85 272 498 498 
413 439 
76 76 76 322 322 
39 39 
138 
317 317 329 329 
39 477 477 
220 220 413 413 
132 413 
233 296 
471 
23 97 290 290 
31 
147 344 344 
222 222 335 335 376 376 413 413 413 
407 413 

269 300 300 300 415 
28 183 183 
287 287 
30 
114 114 114 
15 92 92 111 111 111 220 340 340 404 404 404 413 413 444 444 
2 28 178 178 
5 5 12 12 14 16 16 16 31 31 32 32 41 52 70 70 70 81 105 105 112 112 116 116 117 117 117 137 137 213 221 221 236 236 236 246 258 267 267 279 279 279 284 289 291 291 307 307 315 315 315 354 354 355 355 355 409 415 415 426 426 426 451 451 456 456 484 484 488 488 490 490 
126 126 491 
245 440 440 
413 413 
159 159 477 
2 2 28 404 
106 372 
56 56 236 236 268 268 285 304 446 446 
33 33 33 40 67 67 236 281 281 
43 43 65 65 286 362 479 479 
158 
101 101 236 236 267 
8 8 76 76 77 200 200 290 290 350 413 413 422 
100 100 496 
86 86 
76 76 109 109 207 
196 196 
236 236 
12 355 355 
271 271 
267 268 
159 
405 405 
76 109 199 337 478 478 478 
76 76 

35 35 35 35 
460 460 
233 310 310 
184 
215 215 314 
214 214 314 314 
102 
143 
271 442 442 442 
39 232 232 274 402 454 454 
167 167 182 413 413 
184 184 
30 119 122 174 174 268 268 268 314 314 341 376 376 413 413 483 483 483 
329 329 
8 313 350 
1 1 5 5 5 53 53 377 377 377 393 419 419 419 441 458 458 
292 292 
159 159 305 305 305 343 343 392 477 
76 245 361 
76 295 295 509 509 509 
236 236 275 275 303 415 415 
39 159 
219 219 454 
7 157 169 212 238 238 271 271 271 296 310 374 375 375 505 505 505 505 

487 
40 40 49 55 55 56 60 60 69 69 79 79 83 93 93 104 104 117 117 117 129 138 138 147 147 184 184 184 191 191 192 195 195 201 201 230 230 237 237 267 267 275 275 278 278 278 283 283 344 415 415 415 432 432 432 438 438 438 460 487 
104 104 236 236 
233 233 505 505 
342 342 342 405 405 
131 476 
39 62 62 62 
76 76 478 
311 413 424 424 494 494 
325 325 358 
76 76 76 186 228 
70 184 
110 110 110 288 288 288 401 401 
293 408 408 408 
40 40 40 
149 374 417 417 442 442 
270 413 413 

330 330 330 
277 277 277 283 415 415 
5 443 
99 354 354 354 
392 392 
70 184 

426 
81 81 81 329 
364 410 410 410 
315 
11 11 334 334 334 
496 

39 39 184 184 195 204 236 236 268 268 356 356 356 471 
191 191 204 222 222 222 267 267 
177 
251 286 
3 3 3 7 7 7 9 9 158 158 203 203 218 233 233 233 282 282 287 287 297 339 354 354 374 374 374 375 375 375 391 401 401 408 408 412 427 427 442 442 453 453 502 502 502 502 
160 
5 354 472 472 475 
219 402 
230 230 236 236 
157 157 
254 254 254 
236 236 236 
5 5 184 184 184 431 431 431 
308 308 308 449 467 467 
67 67 192 192 298 421 
271 271 427 427 
236 236 254 344 344 344 415 415 
184 
191 
193 270 
68 68 68 179 179 271 271 
247 247 247 
81 81 184 
23 23 97 171 171 196 196 480 
184 184 426 
226 226 364 410 410 
248 
58 58 397 397 408 408 
229 229 
68 68 68 169 233 425 425 
271 408 
281 347 347 
413 413 
177 177 177 
46 46 
39 39 485 
230 
148 191 
159 159 227 227 227 392 
87 87 150 150 150 150 150 370 370 370 408 408 408 
184 184 354 396 396 396 465 465 465 
280 280 280 467 
35 35 
212 212 233 
243 
84 85 85 348 348 348 
8 224 
76 80 214 215 215 222 222 349 349 349 354 384 398 398 413 413 413 418 418 429 434 434 434 449 455 455 467 467 481 
31 31 31 73 184 184 184 263 336 486 
444 
165 165 413 
413 
354 
140 140 
42 42 323 
76 76 76 76 76 162 162 
42 42 321 359 359 359 
37 37 37 41 
72 153 244 244 503 503 

15 15 
76 76 
81 81 82 82 82 165 165 223 223 261 
39 39 62 71 71 71 159 253 253 253 369 369 369 369 
22 
407 
413 413 
264 264 264 385 385 413 
174 174 413 
315 486 486 486 
207 

46 46 46 145 145 271 381 381 408 408 452 452 464 464 464 470 470 470 
182 182 
222 
239 239 239 
227 227 
69 173 173 236 283 283 283 447 447 
52 52 
27 47 47 76 76 
67 298 298 421 
84 312 312 312 
314 314 314 481 481 
8 196 224 
432 432 432 
402 402 
76 456 456 
5 31 31 41 41 76 151 184 184 256 256 256 271 271 273 307 314 319 411 411 450 450 462 490 490 490 502 502 508 
12 184 184 184 202 202 
267 267 267 
367 367 431 496 
89 90 90 90 141 244 413 413 466 503 503 
61 81 323 323 323 
76 76 114 
76 76 228 
193 413 413 
499 499 499 
118 118 152 152 262 292 410 410 
415 415 

114 114 357 357 496 
401 401 401 
62 62 330 330 330 330 
306 306 306 
68 68 
190 

154 233 250 271 271 271 408 417 417 417 442 442 
233 233 271 271 271 
174 174 222 222 
225 225 225 458 
140 140 140 
103 103 
134 134 
46 46 64 133 133 139 139 339 339 395 395 408 
413 413 413 
75 75 415 415 463 463 
152 152 314 449 449 
334 334 413 

124 124 124 
487 
81 81 115 130 142 497 497 497 
17 17 
271 
227 257 257 305 
225 
81 495 495 
0 0 0 46 381 381 
307 307 307 
58 58 294 294 
314 314 
41 492 492 492 492 492 
5 50 
110 247 247 271 271 368 368 368 
39 39 159 159 159 219 274 352 352 405 405 
427 
92 182 182 182 189 
39 39 39 206 206 239 239 402 402 
37 
175 332 413 
26 26 87 150 150 158 248 248 248 271 271 294 294 297 306 306 306 339 339 374 381 412 437 
184 
262 262 262 292 292 364 364 
354 354 
271 408 
35 35 45 74 76 76 76 77 77 92 119 128 128 141 155 161 167 167 168 174 174 174 175 182 182 187 187 196 196 220 220 222 222 243 251 251 299 299 314 314 314 317 318 333 333 334 335 358 358 362 362 382 382 382 385 407 439 448 448 455 455 494 494 500 500 500 
22 108 
37 57 57 57 116 116 129 177 184 184 230 230 236 236 236 254 254 283 283 365 365 383 383 432 432 463 463 
65 65 
250 250 374 374 374 
80 80 95 95 95 314 314 
225 225 225 
98 441 441 441 
281 347 
196 
76 76 
243 243 
296 296 
184 184 184 260 291 
271 271 282 282 403 
20 159 159 
314 
62 62 
279 279 279 357 496 
236 236 236 351 351 351 415 415 460 460 
159 
314 314 314 
75 449 

408 
236 236 236 
45 45 45 161 413 
186 186 
1 1 5 98 225 420 420 420 
218 218 218 250 250 271 271 374 374 468 468 
255 
15 59 59 182 182 316 
41 41 
56 191 191 
344 344 
128 128 413 413 
280 314 384 384 435 467 
41 354 354 462 462 
184 184 
25 25 25 25 339 339 464 464 
271 271 
4 124 124 131 131 219 219 232 
17 17 17 314 314 413 413 
76 76 184 184 353 353 491 
41 
225 225 377 

211 211 236 432 432 
22 22 497 497 497 
354 450 450 
63 383 383 415 415 
339 339 339 452 452 
307 307 307 
72 89 141 141 141 141 358 
280 280 308 314 314 449 
123 442 442 
159 159 
339 339 339 
170 267 
273 273 475 

56 487 487 487 
5 273 472 
10 10 10 100 240 496 
39 39 159 159 166 166 188 227 
76 207 207 207 242 
193 193 
127 127 127 290 
314 349 349 

30 222 222 222 
184 184 
39 302 
31 31 120 120 315 336 336 336 489 489 
56 235 236 388 474 474 474 
184 184 
120 120 486 486 
51 184 184 354 354 354 
126 126 185 456 
399 399 399 399 399 
3 102 
243 243 413 413 
81 81 394 394 
100 197 265 357 367 431 476 
22 389 389 389 461 461 461 
160 160 
363 363 363 
413 413 413 
54 76 
134 134 134 271 271 271 271 354 354 
325 325 358 358 
5 5 5 88 88 
233 233 233 233 238 238 


5 5 354 
76 76 229 229 229 
159 
159 159 159 
