Nodes: 512, Edges: 1199
46 46 46 64 395 395 395 
441 
111 183 189 189 
493 493 
454 454 
18 18 48 48 48 50 50 88 184 198 225 255 273 279 279 354 400 400 441 504 508 508 
404 404 404 
233 271 271 
196 224 224 350 350 
271 
476 476 

184 355 

117 135 184 184 184 
182 182 182 327 444 444 
184 
390 455 455 
5 5 
104 104 

31 
108 115 115 115 331 414 414 414 461 461 497 497 
171 171 290 290 290 
76 76 
452 452 
158 158 408 408 
76 346 346 
178 178 183 183 
474 
180 222 222 483 
21 172 184 315 315 354 486 489 
184 184 
67 67 192 

210 210 222 222 309 413 413 
106 
324 406 
89 89 89 358 
62 62 159 159 163 163 163 166 219 302 302 330 330 485 485 
192 192 249 
85 99 151 151 156 160 160 184 324 324 354 354 399 445 450 450 450 457 457 457 
321 321 323 323 
193 193 

76 76 76 413 413 413 439 439 439 
0 0 0 64 301 301 339 339 381 381 395 395 
346 346 346 346 
5 5 5 
236 
5 5 400 
490 
184 345 

76 76 
195 195 236 236 
191 191 191 304 304 446 446 474 474 

294 294 294 397 397 397 
444 
104 104 236 
81 359 359 359 
39 39 241 241 330 330 369 369 430 430 
383 383 463 
0 46 381 381 381 
193 193 416 416 
141 
33 33 192 192 281 281 347 347 
169 287 287 287 287 371 
236 236 252 344 
184 184 184 246 246 258 258 258 
330 330 330 
325 325 358 358 358 
94 94 94 315 315 
413 413 
383 463 463 
24 24 27 45 45 45 54 54 78 107 107 107 162 162 184 184 186 186 186 196 199 199 208 208 228 228 228 242 242 242 245 292 292 299 314 322 322 322 328 353 353 360 360 361 413 413 423 423 440 440 440 456 501 509 
119 119 196 196 196 413 
76 
107 236 236 236 
418 418 
61 82 82 82 113 113 113 184 261 289 289 329 359 389 389 394 495 495 
81 81 81 121 121 121 329 329 389 389 
236 236 237 237 
85 312 348 348 
41 84 160 312 312 312 
386 
306 408 408 408 
5 504 504 
38 38 38 128 128 128 358 466 466 466 
358 358 358 
189 
182 404 413 413 
236 236 
73 73 73 
418 
317 
171 290 
420 441 
41 256 
197 197 197 476 496 
140 140 471 

146 146 425 425 
19 19 60 60 138 138 236 236 237 237 507 507 
184 184 190 
36 190 190 372 372 
76 76 76 79 
22 115 115 336 414 414 
199 199 199 207 
247 247 401 
2 
184 184 
81 81 81 
181 181 360 367 367 
22 22 22 108 108 389 
184 184 184 484 
14 125 135 136 184 184 236 236 236 
364 364 
77 77 122 413 
486 489 489 
82 82 82 143 143 
119 
468 
387 454 
117 136 170 
185 185 185 491 491 491 
480 
89 89 89 413 413 448 448 
236 236 
389 389 389 
240 240 454 454 
168 
381 
380 380 380 502 502 502 
14 117 
117 125 
184 184 184 
104 104 164 236 236 236 
381 
101 101 320 320 378 378 
66 413 466 466 
389 389 
121 121 217 
282 282 282 
339 
103 103 379 379 
236 236 236 
191 191 191 
250 
248 248 306 408 408 
41 41 354 
292 292 292 364 384 384 384 
325 
374 374 374 
413 
41 450 
233 276 276 
26 26 194 271 271 271 
39 39 188 188 188 188 205 205 231 231 305 305 330 330 392 402 402 428 428 428 433 433 477 477 510 510 511 511 
41 41 85 312 312 498 498 
413 439 
76 76 322 322 
39 39 39 
138 300 300 
317 317 329 329 
39 477 
220 220 220 
132 413 
68 233 233 296 296 
125 471 471 
23 23 97 290 290 
31 
344 
222 222 335 376 376 376 413 413 
413 413 
247 
269 283 283 300 415 415 
28 28 183 183 
287 287 
30 222 222 
114 114 
15 15 15 92 220 340 363 363 404 413 444 444 499 499 
2 28 28 178 178 
5 12 14 14 14 16 31 32 32 41 52 70 70 70 76 76 81 105 105 112 112 116 116 116 117 117 137 137 137 199 213 236 236 246 246 246 258 258 267 267 279 284 284 284 289 289 291 292 292 307 307 315 324 338 345 345 354 354 355 355 396 409 415 415 415 426 426 426 451 451 451 456 465 465 484 484 484 488 490 490 490 
126 126 126 491 491 
76 76 76 245 245 440 

159 159 159 159 
2 2 91 
105 106 106 372 372 
56 56 56 148 148 148 236 236 267 267 268 268 268 285 304 304 446 
33 40 40 67 67 236 236 281 
43 43 65 65 286 358 362 413 500 500 500 
158 
55 55 267 267 267 471 
8 76 77 77 77 200 200 290 290 350 350 350 422 
100 100 100 496 496 496 
5 386 386 
76 76 109 109 109 184 207 207 
196 196 
236 236 415 
355 355 

267 268 
159 159 
405 405 
109 199 199 478 
76 76 
328 328 
35 35 
460 460 460 
310 310 
184 
215 215 314 314 
214 214 314 314 467 

143 
271 271 
39 232 274 402 402 
167 167 167 182 413 

30 30 35 35 174 174 180 180 268 268 268 314 314 314 341 341 413 413 483 483 
329 
8 8 313 313 350 350 
5 259 259 259 377 377 393 393 441 458 
292 292 
305 305 343 477 
76 76 76 245 245 361 
295 295 509 
236 236 236 303 415 
159 159 
219 454 
7 157 169 169 238 271 271 296 310 310 310 374 374 375 505 505 505 
503 503 
487 
49 55 55 60 69 69 79 79 79 83 83 93 93 104 104 117 117 117 129 129 138 138 138 147 147 147 184 184 191 191 192 192 201 201 230 230 230 237 237 267 267 275 278 278 278 283 283 283 344 356 356 415 415 415 432 432 438 460 487 487 487 
83 83 104 104 236 236 
233 505 505 
342 342 
131 131 476 496 
62 62 
76 76 76 478 
311 413 413 424 424 424 494 494 
325 325 358 
76 186 186 228 228 
70 70 184 184 184 
110 110 176 288 288 288 401 
150 150 293 408 408 408 
40 
149 374 374 417 417 417 417 
286 413 
69 
330 330 
277 277 277 415 
5 443 443 
99 273 273 354 354 354 
392 
70 70 70 184 184 409 409 
225 225 225 
426 
81 329 
364 410 489 

334 
496 496 496 
271 271 
184 184 191 191 195 195 195 204 236 236 268 268 356 
191 191 191 204 222 222 222 267 267 
177 415 415 

7 7 9 158 158 158 218 218 233 233 266 266 282 282 282 287 287 287 297 327 339 374 374 375 391 401 401 408 408 412 442 442 453 453 502 502 

5 256 256 354 354 472 472 475 475 
219 352 402 
236 
157 157 
254 254 254 
236 236 236 
5 5 184 431 431 
308 308 449 449 467 467 
67 67 192 298 347 347 421 
144 144 144 271 271 271 427 427 
177 177 236 236 236 303 344 344 415 415 
184 184 184 
191 
193 251 413 413 
68 68 68 68 179 179 271 271 271 
247 247 247 
81 81 184 184 
23 23 23 97 171 171 196 196 480 480 
184 
76 76 152 152 152 184 184 226 226 410 
248 408 408 
58 58 58 408 
229 229 
169 169 233 425 
271 408 
281 347 347 
76 413 
164 164 177 
46 46 
39 39 485 
230 283 415 415 
56 56 191 191 
159 159 227 227 482 
87 150 370 370 370 408 
184 184 354 396 396 462 465 
280 280 467 
35 
212 212 233 233 233 
243 
84 85 85 85 160 160 348 348 
224 224 
76 214 214 215 215 222 222 222 317 319 319 349 354 354 354 384 398 398 398 413 413 418 434 449 449 455 481 
31 31 73 73 184 336 336 486 
444 444 
96 165 165 314 413 413 
413 413 
314 314 354 
140 140 
42 42 323 323 
76 76 76 162 162 
42 42 321 321 
37 41 41 184 
72 72 153 244 244 358 503 
358 
15 271 
76 209 209 
81 82 82 165 165 223 261 
39 39 62 62 71 71 71 159 159 253 253 369 369 369 369 428 
22 
413 
413 413 
264 385 
174 413 413 
108 315 315 486 486 

184 415 415 
46 46 145 271 381 381 408 408 408 452 452 464 470 
182 
222 222 
239 239 
227 
69 173 236 283 283 447 
52 184 184 
27 27 47 47 47 47 459 459 
67 67 281 281 298 298 421 421 421 506 506 
84 84 312 312 
314 481 481 
8 8 196 196 196 224 224 
432 432 
274 402 402 
76 76 456 456 
5 31 41 41 151 184 184 256 256 256 273 273 307 314 314 314 319 411 450 450 462 
12 184 184 202 202 
236 236 267 
367 431 431 496 496 
38 72 72 72 89 90 90 90 193 244 325 326 413 413 413 466 503 503 503 503 
61 61 61 81 
76 76 114 
76 228 
193 413 413 
182 182 499 499 499 499 
118 118 152 262 410 410 
415 415 

114 114 357 496 

62 62 330 330 330 330 
306 306 306 
68 
106 106 190 190 

154 154 154 233 233 250 250 271 271 408 417 417 417 442 442 
233 271 
174 174 174 
225 225 458 
140 140 
146 146 
134 134 134 
46 46 64 64 64 133 139 339 339 395 408 
413 413 
63 63 75 415 415 432 432 463 463 463 
152 152 152 314 449 449 
334 413 
86 198 198 
124 
487 
81 81 82 82 115 130 130 130 142 142 497 
17 
271 
159 257 
225 225 
81 495 
0 0 0 46 46 381 
184 307 307 
58 58 58 
314 314 314 
41 492 
5 5 50 
110 247 271 271 
159 159 219 219 274 352 352 
427 427 
6 6 6 92 182 
206 206 
37 
413 413 
26 26 87 87 87 150 150 248 248 248 271 271 293 293 294 297 306 339 339 339 374 381 412 412 412 437 470 
184 258 258 
262 292 364 364 
354 
271 408 408 408 
35 35 45 45 45 74 74 76 76 77 92 92 119 128 128 141 155 161 168 174 174 175 175 182 193 220 222 222 243 243 251 286 286 299 314 314 317 317 318 318 332 333 333 335 335 358 358 358 362 362 382 382 385 407 407 439 448 448 455 455 494 500 500 
22 22 22 108 108 
177 177 184 184 184 201 230 236 236 236 254 269 269 283 283 303 303 338 338 365 365 383 383 432 432 463 
65 65 
250 250 250 250 374 374 374 
80 80 95 314 

98 441 441 441 441 
281 347 347 347 
196 
76 76 
243 243 243 
103 103 296 
184 184 184 260 
282 282 403 403 
159 159 159 330 

62 62 
279 279 357 357 496 496 
236 236 351 351 383 383 415 415 460 
159 159 
314 
449 449 
497 
408 
236 
45 45 45 161 413 
76 76 76 186 
1 5 98 225 420 420 420 420 
271 271 374 374 468 
255 255 
15 15 59 182 182 316 316 
41 
56 56 191 
344 
128 128 413 413 
280 280 314 314 384 384 435 435 467 467 
41 41 41 156 354 354 462 462 
184 184 184 
25 25 339 339 464 464 
271 271 
4 4 124 131 131 232 
17 17 314 413 413 
76 184 353 353 491 491 
41 41 41 
225 377 
346 346 
211 211 211 236 432 
22 22 497 
307 354 450 450 
63 75 75 383 383 383 415 
339 452 452 
184 184 307 
89 89 89 141 141 358 
215 280 280 308 449 449 
123 442 

339 408 
101 170 170 195 
273 273 475 

29 56 56 487 487 487 
273 273 472 
10 10 100 240 496 496 
159 159 166 227 
207 242 

127 290 290 
314 349 349 
305 
30 222 222 
116 184 184 184 
39 39 302 
31 120 315 336 336 
235 236 236 236 388 474 474 474 
184 
31 120 120 262 
51 184 184 184 
126 126 126 185 185 456 456 
399 
3 3 
243 243 413 
81 81 394 
100 197 197 197 240 265 265 265 357 357 367 431 431 476 476 
22 22 389 436 461 
160 160 
182 182 363 363 363 363 
193 193 193 413 413 
76 
134 134 134 271 271 
234 234 325 358 358 358 358 
5 88 88 
233 233 233 238 238 
347 347 
104 104 
5 5 
76 229 
159 159 
159 159 
