Nodes: 512, Edges: 1199
46 46 46 46 46 395 395 395 
225 225 225 441 441 
91 183 183 189 189 
271 271 493 493 
454 
18 18 18 34 48 50 88 88 184 184 198 225 225 255 255 273 279 354 354 400 400 441 441 441 475 475 504 504 508 508 
404 
233 233 271 271 271 
196 196 313 350 
271 271 
476 
264 
184 202 202 355 355 355 
76 76 
117 117 184 184 
182 
184 
455 455 
5 5 5 
104 104 
428 428 
31 31 
108 108 115 115 331 414 497 497 
171 290 

452 452 
158 158 408 408 
76 
63 63 178 178 183 
474 
180 180 222 483 483 
21 21 172 172 184 184 315 315 354 354 486 486 
184 
67 67 192 
5 
210 210 222 222 309 413 413 
106 106 106 
324 324 415 
89 89 89 358 
62 62 159 159 159 163 166 166 166 219 219 231 231 231 241 267 267 302 302 330 330 330 402 402 405 405 405 477 477 485 485 
192 192 192 249 
85 99 137 151 151 151 156 156 160 184 184 354 354 354 399 399 445 445 450 457 457 
323 


76 413 413 439 
0 0 0 0 0 64 301 301 301 301 381 381 
346 346 
5 
236 236 236 
5 400 400 400 
490 490 
184 184 
225 
299 299 
195 195 236 236 236 
104 191 191 191 236 236 304 446 487 
415 
294 397 
444 
104 104 236 236 
81 81 81 359 359 359 
39 39 241 330 369 369 369 430 430 
28 28 383 
46 381 381 
193 193 416 
141 
33 33 192 192 192 281 281 281 
169 287 287 287 296 371 371 
236 236 252 344 
184 184 258 

325 358 358 466 
94 315 
413 413 
383 383 463 463 
13 13 27 45 78 78 107 107 109 109 184 184 186 186 196 196 199 207 207 207 208 228 228 242 242 299 299 299 314 314 322 322 322 328 346 346 353 354 354 361 361 413 413 423 423 440 440 456 478 501 501 509 509 
119 119 196 413 
76 76 
236 236 
418 418 
61 61 61 82 82 113 113 113 184 261 289 289 329 329 329 394 495 
81 81 142 142 143 143 329 389 389 
236 236 237 
85 312 348 
41 84 160 160 312 312 
198 198 508 508 
306 306 306 408 
5 5 504 504 
38 38 38 128 128 466 466 466 
358 358 
2 
182 182 404 404 404 413 
236 236 
73 315 315 
418 
314 317 
171 171 290 290 290 
420 420 441 
41 
197 496 496 
140 140 140 195 195 471 
117 117 136 136 216 493 
146 146 146 379 379 
19 19 56 60 60 138 237 507 507 507 
106 106 106 184 184 190 
36 36 36 105 105 105 372 372 
76 76 
22 22 115 115 414 414 
76 76 
176 176 176 247 401 401 

184 
81 81 81 
181 181 181 360 367 
22 22 108 108 
415 415 
14 14 102 102 125 125 135 136 136 184 236 236 
364 
77 77 122 122 222 222 
486 489 
143 
119 119 222 
468 468 468 

117 117 136 136 136 
185 185 491 
480 
89 89 413 448 448 448 
236 236 415 
389 389 
240 454 
168 168 
381 381 
380 380 
117 
102 102 117 117 125 125 125 
41 184 184 
104 164 164 164 236 236 

101 101 101 320 320 378 
66 358 413 413 466 466 466 466 
82 82 
82 82 121 217 
282 282 282 
339 
103 103 103 379 
236 
191 191 304 304 304 
250 250 
248 306 306 306 408 408 
41 41 41 354 354 
292 292 364 364 
325 325 
374 374 

41 41 450 
276 276 
26 26 194 271 271 408 408 
39 39 39 188 188 188 205 227 231 231 305 402 433 433 433 469 469 477 477 510 510 511 511 
41 85 85 272 312 312 312 498 498 498 
413 439 
322 
39 
138 138 138 300 300 
317 317 317 329 
39 39 39 477 477 477 
220 220 220 413 413 
132 132 413 413 
68 296 296 
471 
23 97 97 290 
31 31 
344 
222 222 335 335 335 376 376 376 413 
407 407 413 
110 110 110 247 247 
283 283 300 415 
28 28 183 183 183 
287 287 287 
30 30 222 222 
114 114 114 
15 92 92 220 340 363 404 404 413 413 444 499 499 
2 2 28 178 178 178 
5 5 12 14 14 16 31 31 32 41 41 52 52 70 70 76 76 81 105 105 112 117 137 137 213 221 236 236 236 258 267 267 279 284 289 291 307 324 338 338 354 354 355 355 366 396 396 396 409 409 415 415 415 426 451 451 456 465 484 488 488 490 
126 126 491 491 
76 76 245 245 440 440 
413 
159 159 159 510 
2 2 
105 372 372 
56 56 56 148 148 236 236 267 267 268 268 285 285 304 304 304 446 
33 40 40 40 67 67 67 236 236 281 
65 65 286 358 358 358 413 413 500 
158 
55 55 101 101 236 236 267 267 
8 8 76 76 77 200 200 200 290 350 373 413 413 413 422 422 
100 496 496 
5 86 86 386 
76 207 
196 196 196 
236 236 236 415 415 
12 12 355 355 355 
271 
268 
159 
405 405 
76 76 76 199 337 337 478 
76 
328 328 
35 35 
460 460 
233 310 310 310 
184 
215 215 314 314 
214 214 314 314 467 
102 
143 
271 271 442 
39 39 274 402 454 454 454 
167 167 167 182 413 
184 
30 35 35 119 119 122 174 174 180 180 268 268 314 341 341 376 413 413 483 483 483 
329 329 329 
313 
1 1 1 5 5 53 259 259 377 393 419 419 441 441 458 
292 292 
159 305 305 305 305 343 392 392 477 
76 76 245 245 
295 295 
236 275 275 303 415 415 415 
39 39 39 159 159 
454 
7 7 212 238 271 271 271 374 375 505 505 505 505 
503 
487 
49 49 49 55 55 55 56 56 60 60 69 69 79 79 83 83 93 93 117 117 129 129 138 138 147 184 184 184 191 191 192 192 195 195 201 201 201 230 237 237 237 267 267 267 275 275 278 278 283 283 283 344 344 344 351 351 356 415 432 432 438 460 460 487 487 487 
83 104 236 236 236 
233 505 505 
342 342 405 
131 496 496 
39 62 
76 76 
311 
325 325 358 
186 186 228 228 

110 176 176 288 288 401 401 401 
150 
40 
149 149 374 374 417 417 442 442 
270 286 413 413 413 
69 
330 
277 283 415 
5 5 443 443 443 
273 354 354 

70 184 409 
225 225 

81 
364 410 410 410 
315 315 
11 334 334 
496 496 496 
271 271 
39 39 184 184 191 191 195 195 236 236 236 268 356 471 471 
191 191 204 222 222 267 
415 415 
251 286 
3 3 7 7 7 9 9 158 158 203 218 218 233 233 233 266 266 287 297 297 327 327 339 339 339 354 354 374 374 375 375 375 391 391 391 408 408 412 412 427 427 442 453 502 502 502 
160 
5 256 472 472 475 
219 
230 230 236 236 
157 157 
254 415 
236 236 
5 184 431 431 431 431 
308 449 449 467 467 
67 67 67 192 298 298 298 347 421 
144 144 144 427 427 
177 177 236 236 236 254 303 303 344 415 415 
184 
191 191 
193 251 270 413 
68 68 68 179 179 179 271 
247 247 
81 81 184 
23 97 97 97 171 196 480 
184 426 426 
152 152 226 226 364 364 364 410 
408 
58 397 399 
229 229 
68 169 169 425 425 
271 271 408 408 
281 281 281 347 347 
54 54 76 76 76 413 
164 164 177 
46 46 46 46 
39 39 485 485 485 
230 283 283 415 
56 148 148 148 191 191 191 
159 227 227 227 227 482 482 
87 87 87 150 150 150 370 370 370 370 408 408 
184 396 396 465 465 465 
280 467 467 467 
35 
212 212 212 
243 
84 85 85 160 160 160 348 348 
8 224 
76 76 96 214 214 215 215 222 317 317 319 349 349 349 354 354 354 398 398 413 413 413 418 429 429 434 434 449 449 449 455 455 455 467 467 
31 31 73 94 94 263 263 336 336 336 486 
444 
96 165 165 165 314 314 398 398 413 413 
413 413 
314 354 
140 140 
323 323 
76 76 76 162 
42 321 321 359 359 
37 37 184 
72 153 153 244 244 358 503 503 503 

271 271 
76 209 209 
81 81 81 82 165 223 223 223 
39 39 39 62 253 428 
22 
407 413 

264 264 413 413 413 
174 174 174 413 
315 315 315 486 
207 207 
184 184 
145 271 271 271 408 427 427 427 452 452 464 464 464 470 470 
182 
222 222 
239 239 
227 
69 173 236 236 236 283 447 447 

47 47 76 76 459 
281 298 298 421 421 421 506 506 
84 312 312 
314 314 314 
8 196 
236 236 432 432 
402 
76 
5 5 31 31 41 41 41 76 76 151 151 184 184 256 256 271 271 314 314 314 319 411 411 411 450 450 490 490 490 502 508 508 
12 12 12 184 184 202 202 202 
236 267 
367 367 431 496 496 496 
38 72 72 90 90 141 193 193 193 244 325 413 466 466 503 
61 61 61 323 323 
114 
76 76 

182 499 499 499 499 
118 152 152 262 292 292 292 410 410 
415 
184 
114 357 357 496 

62 62 62 
306 306 306 306 
68 68 
106 106 190 190 
196 
154 154 233 250 250 271 271 408 408 417 442 
233 271 271 271 
174 174 174 222 
225 458 
140 
103 103 146 
134 134 
46 46 64 64 133 133 395 395 408 408 
413 
63 75 75 415 415 415 463 
449 449 
413 
198 

487 
82 82 130 130 497 

271 271 271 
227 227 
225 
81 495 
0 0 0 381 381 
184 184 184 307 307 
58 294 
314 314 317 317 
41 41 294 492 492 
5 5 50 50 50 
110 110 247 247 247 
39 39 159 219 352 405 
427 
6 92 92 92 182 182 
39 39 39 206 206 239 402 

175 175 332 413 
26 26 87 150 150 158 158 271 271 293 297 297 306 306 339 374 374 381 381 412 412 412 437 
184 184 258 
262 262 262 292 364 364 
354 354 354 
271 271 408 408 408 
35 35 45 45 74 74 76 76 77 92 128 141 141 161 167 167 168 168 174 175 182 182 187 193 193 196 196 196 220 222 222 251 251 251 286 299 314 314 314 317 317 318 318 332 334 334 334 335 358 382 385 407 448 448 455 494 500 500 500 
22 108 108 
37 57 116 116 129 177 184 184 184 201 201 230 230 230 236 254 269 269 277 283 283 303 365 383 383 383 432 
65 
250 250 374 
80 80 95 314 
225 225 
98 98 441 441 441 
281 347 347 347 
196 196 
76 76 

296 296 
184 291 291 
271 271 282 282 339 339 339 403 
20 20 330 
314 314 
62 62 
279 279 279 279 357 496 
236 236 351 351 415 460 460 460 
159 159 159 
314 314 
449 449 449 
497 
408 
236 
45 161 
76 76 186 186 
1 1 5 5 5 98 225 225 420 420 420 
218 250 250 271 374 468 468 
255 255 255 
59 182 316 
41 41 
56 191 
344 344 
128 128 128 413 413 
280 280 314 314 314 384 384 435 435 435 467 
41 156 354 354 
184 184 
25 25 339 339 464 
271 
4 131 219 219 219 232 
17 17 314 314 314 413 
76 184 491 
41 41 
225 377 
346 
211 211 236 236 432 432 432 
497 497 497 

75 75 383 
339 339 339 452 
184 307 307 307 
72 89 89 89 141 141 141 141 358 358 
215 280 280 308 308 308 314 314 449 
123 123 123 442 442 
159 159 
339 339 
101 170 267 267 
273 273 

29 487 
5 5 273 
10 496 
39 39 159 159 166 166 166 227 
76 207 

127 290 

305 305 
30 30 222 222 222 
184 
39 39 302 302 302 
31 31 120 315 336 489 
56 235 236 236 236 388 474 
184 184 
120 486 
51 51 184 354 354 354 
126 185 185 456 
399 399 
3 3 102 
413 
81 394 
100 100 197 197 240 240 265 265 265 357 357 357 367 431 476 
22 22 389 436 461 461 461 
160 160 160 
182 182 363 363 363 363 
193 413 413 413 
76 76 
271 271 271 354 
234 325 325 325 358 
5 5 88 88 
233 233 233 233 238 238 
347 347 
104 104 104 
5 5 86 86 354 354 
76 76 
159 159 188 
159 159 
