Nodes: 512, Edges: 1199
46 46 46 64 395 395 395 
225 225 225 441 
91 111 183 189 189 
271 
454 
18 18 18 18 34 34 50 50 88 88 184 184 198 198 198 225 273 279 279 354 354 354 400 400 441 441 508 508 508 
404 
233 233 271 
196 196 224 224 313 350 350 
271 
476 476 476 

184 184 202 202 355 355 355 
76 76 
184 184 184 
327 327 327 444 
184 184 
390 390 455 455 
5 5 5 5 277 
104 
428 428 428 
31 
108 331 331 414 414 461 497 
171 290 
76 
452 452 452 
158 408 
76 346 
63 63 178 178 183 183 

180 180 222 483 
21 172 172 184 184 184 315 315 354 354 486 489 
184 
67 67 192 
5 5 
210 222 309 413 413 
106 
324 324 406 406 415 
89 89 89 
62 62 62 159 159 163 163 219 219 231 241 241 241 267 330 330 330 402 402 405 405 405 477 477 477 485 
192 192 236 249 249 
85 137 137 137 151 160 184 184 324 354 445 445 445 457 457 
321 321 321 323 323 


76 439 
0 0 0 301 301 339 339 381 381 395 
346 346 

236 236 236 
5 5 400 400 
490 
184 345 345 345 
225 393 
76 76 299 299 501 
195 195 236 236 236 
191 191 191 236 236 236 304 446 474 474 487 487 
415 415 
294 294 397 
444 444 
104 236 
81 359 359 
39 39 39 241 241 241 330 369 369 369 369 
28 28 
0 381 381 
193 
141 141 141 
33 33 192 192 281 281 281 347 
169 287 287 287 296 371 371 
236 236 252 344 
184 246 258 258 
330 330 
325 358 358 358 466 
94 315 315 
413 413 413 
383 
13 13 24 27 45 54 54 78 78 107 107 109 109 162 184 184 196 199 207 207 208 228 228 229 245 245 245 292 292 292 299 314 322 328 328 328 346 346 353 354 354 354 360 360 361 413 423 440 440 456 478 478 501 501 509 509 509 
119 119 196 413 
76 76 
107 236 
314 314 418 418 418 
61 82 82 113 113 184 184 261 261 329 359 389 389 394 394 495 
81 81 121 142 142 143 143 329 389 389 
236 236 237 
85 85 312 348 
41 84 84 160 160 160 312 312 312 
198 198 198 386 386 508 508 508 
306 408 408 408 
5 5 504 504 504 
38 38 38 128 128 466 466 466 
358 358 
2 189 
182 182 182 
236 
73 315 315 

314 317 
290 
420 420 441 441 

197 197 476 476 496 
140 195 195 471 471 
117 136 216 
146 146 379 379 425 425 
19 60 138 236 236 237 237 
106 106 184 184 190 190 
36 105 105 190 372 372 372 
76 76 79 
22 115 115 336 414 
76 76 199 207 
176 247 401 401 
2 182 
184 184 
81 81 
181 181 181 360 367 
108 108 
184 184 184 415 415 484 
102 125 125 136 184 184 236 236 
364 
77 77 122 122 222 222 
486 486 489 
82 143 
119 119 222 222 222 
468 468 
387 387 454 
117 117 136 136 
185 473 491 491 
480 
89 89 413 413 
236 236 415 415 
389 389 
240 240 454 454 
168 168 
381 381 
380 380 502 502 502 502 

102 117 125 125 
41 41 41 184 
104 164 236 236 236 
381 381 
101 378 378 378 
66 66 66 358 358 413 413 413 466 466 
82 82 389 389 389 
82 82 121 217 217 

339 339 
103 103 379 

191 304 304 304 
250 250 
248 248 306 306 306 408 408 
41 354 354 354 
292 292 364 364 384 384 384 384 
325 325 
374 
413 413 
450 450 
233 276 
26 
39 39 188 188 205 231 231 305 392 428 433 433 469 469 477 510 511 511 511 
41 85 85 85 272 312 312 498 498 498 
413 439 
76 322 
39 39 
138 300 300 300 
317 317 317 329 329 
477 477 477 
413 
132 132 413 
68 233 296 
471 
23 
31 31 
344 344 
222 335 376 413 413 413 
407 407 
110 247 247 
269 283 283 300 300 415 415 
28 28 183 183 
287 287 287 287 
30 30 222 222 
114 114 114 
92 92 92 111 220 340 404 413 444 499 499 
2 28 28 178 178 
5 5 12 12 14 14 14 16 16 31 31 31 32 41 41 52 70 76 76 81 81 105 105 112 112 116 116 116 117 117 137 199 213 213 213 221 236 236 258 258 267 284 289 289 291 291 292 307 315 324 324 338 338 345 345 345 354 354 354 355 355 366 366 396 396 409 415 415 415 426 426 456 456 484 488 488 490 490 
126 491 
245 440 
413 
159 159 
2 2 91 404 
105 105 106 372 
56 56 56 148 236 236 267 268 268 268 304 304 446 446 
33 40 40 67 67 236 281 281 
65 286 286 286 358 358 358 479 479 500 500 

55 55 101 101 267 471 471 471 
8 8 76 77 290 290 350 373 413 
100 100 496 496 496 
5 5 5 86 86 86 
76 109 184 

236 236 415 415 
12 12 355 
271 271 
267 267 268 268 268 
159 
405 
76 76 109 337 
76 
328 328 
35 
460 460 460 
233 233 310 
184 184 184 
215 215 314 
214 214 314 
102 
143 143 
271 271 442 442 442 
39 39 232 232 274 274 402 
182 413 
184 
30 35 119 119 122 122 122 174 180 180 268 314 376 376 413 413 483 483 

8 8 313 313 350 
1 1 1 5 53 259 259 259 377 377 393 393 419 441 458 458 
292 
305 305 305 392 477 477 477 
76 76 245 245 
76 295 295 509 509 
236 275 415 415 
39 159 159 
219 219 454 454 
7 7 157 169 212 212 238 238 271 310 374 375 505 

487 
40 49 49 49 55 55 55 56 56 56 60 69 69 79 83 83 93 104 104 117 117 129 129 138 138 138 184 184 191 191 192 201 201 230 237 267 267 267 275 278 278 283 283 283 344 344 344 351 351 415 415 432 432 432 438 460 487 487 487 
83 104 104 236 
233 233 505 505 505 505 505 
342 405 
131 131 476 476 476 496 
39 39 39 62 62 62 
478 
311 413 413 424 494 494 494 
325 358 358 358 
76 76 76 186 228 228 
70 
110 176 176 401 
150 150 293 
40 40 
149 149 374 417 417 417 417 442 442 
286 286 413 413 
69 
330 
277 283 283 415 
443 443 
273 273 273 391 
392 392 392 
70 70 184 184 
225 225 225 

81 81 329 
364 364 364 410 410 
315 
334 
496 

39 184 191 195 204 204 236 236 236 268 471 471 
191 191 191 204 204 204 222 267 
177 415 415 
286 286 
3 7 9 203 203 218 218 233 282 287 297 297 327 339 339 374 374 375 375 391 401 408 427 427 427 442 453 453 502 
160 
5 256 256 256 354 354 472 472 475 475 475 
219 219 352 402 
230 236 
157 
18 254 415 415 
236 236 
5 5 
449 449 467 
67 67 67 192 192 347 347 421 
271 427 427 
177 177 236 236 236 254 254 303 344 415 
184 

193 193 193 251 251 270 270 413 
68 68 68 179 179 179 179 271 

184 184 
23 97 196 196 
184 184 426 
76 76 76 152 152 184 226 364 410 410 
248 408 
58 58 397 397 399 408 
229 229 
68 169 425 425 
271 271 408 
347 
54 54 76 413 
164 164 164 177 177 
46 46 
485 485 
283 415 415 415 
56 148 148 148 191 191 
159 227 227 227 392 482 482 
87 150 150 150 370 370 408 408 408 
184 354 354 396 396 396 
467 467 
35 
212 233 
243 
84 85 85 85 160 160 
8 224 224 
76 80 80 96 214 215 222 317 349 349 354 384 384 398 398 413 418 429 429 429 434 449 455 467 467 467 481 481 
31 31 73 73 94 94 184 263 486 
444 444 
96 165 165 165 314 398 398 398 413 
413 413 
354 354 

42 42 42 323 
76 162 
42 42 321 359 359 359 
37 37 41 184 184 
72 153 153 244 358 503 503 503 
358 358 
15 15 15 271 
76 76 76 209 209 
81 82 165 165 261 
39 39 39 62 71 71 253 369 369 428 428 
22 22 
407 407 413 
413 413 
264 385 413 
174 413 413 413 
108 486 
207 
184 184 415 415 
46 46 145 145 271 271 381 381 381 408 427 427 427 452 452 452 464 470 470 470 
182 

239 

69 173 173 236 236 236 283 447 447 
52 52 52 184 184 184 
27 47 47 76 76 459 
67 281 281 298 421 506 506 
84 
314 314 481 481 
8 8 196 224 
236 236 432 432 
274 
76 
5 5 5 31 31 41 76 76 76 151 151 151 184 184 184 273 273 307 307 314 319 319 411 411 411 450 450 462 490 502 502 508 
12 12 12 184 184 202 

496 
72 72 72 90 90 141 141 193 193 193 244 244 244 325 326 326 413 413 413 466 503 503 503 503 
61 61 81 323 323 323 
76 76 114 
76 
413 413 
499 
118 152 152 262 262 262 292 410 410 410 
415 
184 184 
114 496 
401 401 
62 62 62 62 330 330 
306 306 
68 68 
106 106 106 190 
196 
154 233 250 271 271 408 417 442 
233 271 271 
174 222 222 
225 225 458 458 
140 140 140 
103 103 146 
134 134 
46 46 64 64 133 133 139 139 339 339 339 395 395 395 408 408 
413 
75 415 415 415 432 463 463 
152 152 152 152 314 314 449 449 
334 413 413 413 
86 86 
124 124 
487 487 
81 81 82 82 130 130 142 142 142 
17 17 
256 271 
159 227 257 257 257 305 
53 225 225 
81 81 495 
0 0 0 46 381 381 381 
184 184 307 307 307 
58 294 294 
314 314 317 317 317 
294 492 
5 5 50 50 
110 110 247 271 368 368 
39 39 219 274 405 
427 427 
6 182 189 
39 39 39 206 239 402 
37 37 
175 175 332 332 413 413 
26 87 87 87 150 150 271 293 294 297 306 306 306 339 374 381 381 437 437 437 470 
184 
262 262 292 292 364 364 364 
354 354 354 

35 35 74 74 74 76 77 128 128 141 141 141 155 155 161 167 168 174 174 174 182 187 196 220 222 222 243 243 251 251 286 299 314 317 318 318 332 333 333 334 335 335 335 358 358 358 362 362 382 385 385 385 407 407 439 439 448 448 448 455 500 500 
22 22 108 
37 57 57 116 116 129 129 177 177 184 184 184 201 201 230 230 236 236 254 269 269 277 277 283 303 303 303 338 338 365 383 383 383 463 

250 250 250 250 374 
80 80 80 314 
225 
98 98 441 441 
281 347 

76 
243 
103 103 296 296 
184 184 291 
271 271 271 282 282 339 339 339 403 403 
20 20 20 159 330 330 
314 314 314 


236 236 236 351 351 383 460 
159 159 
314 
449 

408 408 408 
236 
45 161 413 413 
76 76 186 
1 5 5 98 98 225 420 420 
218 218 218 250 250 271 374 
255 255 
15 59 59 182 316 316 
41 41 41 
56 191 191 
344 344 
413 413 413 
280 280 314 384 384 435 467 
156 156 354 354 462 

25 25 25 339 339 339 464 464 
271 271 
4 124 131 131 232 232 
17 17 314 413 
76 184 184 
41 41 
225 225 377 377 
346 
211 211 211 236 432 
22 497 497 
354 450 
383 383 415 
339 452 452 

72 89 89 89 141 141 358 
280 308 308 314 314 314 449 
123 123 
159 159 
339 339 339 408 
101 101 170 195 195 195 267 267 
273 273 475 
126 
56 56 487 487 
273 273 273 472 
10 10 10 100 100 240 240 240 496 496 496 
39 39 39 159 166 166 166 227 227 227 
76 76 242 
193 193 
127 
314 314 349 349 
305 305 
30 222 222 
116 184 
39 302 302 
31 120 120 315 336 489 489 
56 56 235 236 236 236 388 388 474 474 
184 184 
31 120 486 486 
51 184 184 354 
126 126 185 
399 

243 243 243 
81 394 
100 197 197 197 240 265 357 367 476 476 476 
22 461 461 
160 160 160 
182 182 363 
193 193 413 413 
54 76 76 
134 134 134 134 271 354 354 
325 325 325 358 358 358 358 
88 88 88 
233 238 238 238 238 238 
347 347 

5 5 5 86 86 86 354 
76 76 76 229 229 
159 
159 159 159 
