Nodes: 512, Edges: 1199
46 46 64 395 395 
225 225 441 
91 111 111 183 189 
271 493 
454 454 
18 18 18 34 48 50 184 184 184 198 225 225 255 255 255 273 279 279 354 400 400 441 441 504 508 508 
404 
233 233 233 
196 196 313 350 
271 271 271 
476 476 
264 
184 202 202 202 355 
76 
117 135 184 184 
182 182 327 444 444 
184 184 184 
390 390 390 
5 5 5 277 277 
104 104 
428 428 
31 31 
108 108 108 108 115 331 331 414 461 497 497 
171 171 290 
76 76 
452 452 452 452 
158 408 
76 346 
63 63 63 111 178 183 189 
474 
222 222 483 
21 21 172 172 315 354 486 489 489 
184 184 
192 192 
5 
210 210 222 222 222 309 413 
106 
324 324 324 406 406 415 
89 89 
62 62 62 159 163 163 166 166 166 219 219 241 241 302 302 302 330 330 402 405 405 477 477 
192 192 192 236 236 249 
44 85 85 85 99 99 137 137 151 160 184 184 324 324 354 399 399 445 457 457 457 
321 321 323 323 323 
193 193 193 
41 
76 413 413 439 439 
0 0 64 301 301 301 339 381 381 395 
346 346 346 
5 
236 
5 400 400 
490 
184 184 184 345 
225 225 
76 299 
195 236 236 236 
104 191 236 236 236 304 446 474 487 487 
415 
294 294 397 397 397 
444 444 

81 81 
39 39 39 241 241 241 369 369 369 430 430 
28 28 28 383 463 
0 46 381 381 
416 
141 141 
192 192 281 281 347 347 
169 169 296 371 371 371 
236 236 252 
184 246 246 258 258 258 
330 330 
325 325 358 466 466 
94 315 

463 
13 24 24 27 45 54 78 78 78 107 107 109 109 162 162 184 186 186 196 196 199 207 207 207 208 228 229 242 242 245 292 292 299 299 314 314 322 322 322 328 346 353 354 360 361 361 413 413 423 440 440 456 478 478 501 509 509 
119 119 119 119 196 413 413 
76 76 76 
107 236 236 
418 
61 61 82 184 184 184 329 389 389 389 495 
81 121 121 142 142 143 143 143 329 389 
237 237 
85 312 312 312 348 
41 41 41 84 160 160 160 
198 198 198 386 386 386 508 508 
408 
504 504 504 
38 38 128 128 128 466 466 466 
358 358 
2 
182 404 413 
236 236 
73 315 
418 418 
314 
171 171 290 
420 441 441 
41 41 256 
197 197 476 496 496 
140 140 195 195 471 
117 117 136 216 216 216 
146 379 425 425 
19 19 56 138 236 236 237 237 507 507 507 
106 106 184 184 190 190 
36 105 105 190 190 
76 76 79 
22 22 22 22 115 414 
76 76 199 199 
176 176 401 401 
2 2 28 182 182 182 


181 181 181 367 
22 108 
184 184 415 415 484 
14 102 102 125 125 125 135 136 184 184 236 236 
364 364 
77 77 77 77 122 413 
486 489 
82 82 143 143 
119 222 
468 
387 387 454 
117 117 117 136 
185 473 491 491 
480 
89 89 89 413 413 448 448 448 
236 236 415 415 415 
389 389 389 
240 240 240 454 454 
168 168 168 

380 380 502 502 502 
14 117 
102 117 125 
41 41 
104 236 

101 101 320 378 378 378 378 
66 66 358 413 413 466 466 466 466 
82 82 
82 82 82 121 121 217 
282 
339 
103 379 
173 236 236 
191 191 304 304 
250 250 
248 248 306 306 306 306 408 
41 354 354 
292 364 384 384 384 384 
325 
374 
413 413 
450 
233 276 
26 194 271 408 408 
39 188 188 188 205 205 205 227 227 231 305 330 402 428 428 433 469 469 469 477 477 477 510 
41 85 85 85 272 272 498 498 
413 
76 76 322 
39 39 
300 300 
317 317 329 
39 39 39 477 477 
220 220 413 
132 132 132 
68 68 233 233 296 296 
471 
23 23 97 97 290 290 
31 31 
147 344 344 344 
222 222 222 335 335 376 376 413 
407 407 407 413 413 
110 110 247 
269 
28 183 183 
287 

114 114 114 
15 15 92 111 111 111 220 340 363 413 413 444 499 499 499 
2 28 178 178 
5 5 5 12 14 14 16 16 16 32 32 41 41 52 52 52 70 76 81 81 81 105 105 116 116 117 117 213 213 221 221 221 236 236 246 246 258 267 267 279 279 284 291 291 291 292 292 307 307 307 315 315 315 324 324 324 338 345 354 354 355 366 366 409 415 415 415 426 451 451 451 456 456 456 465 465 484 484 490 
126 491 491 491 
76 76 245 440 
413 413 413 
159 159 159 477 510 
2 28 
105 105 106 106 372 372 
56 148 148 236 236 267 268 285 285 285 
33 33 40 40 40 67 67 236 236 281 281 
43 43 43 358 362 362 413 479 479 500 500 
158 
55 101 101 236 236 267 267 471 471 
8 8 76 76 77 200 200 290 290 350 373 373 373 413 413 413 422 422 
100 100 496 
5 86 86 86 
76 109 109 207 
196 196 
236 
12 12 12 355 355 355 
271 271 
267 267 268 
159 159 159 
405 405 
76 76 76 199 337 478 
76 
328 328 
35 35 
460 460 
233 233 233 
184 184 
314 
314 467 
102 102 102 
143 
271 271 442 442 
39 39 232 274 274 274 402 402 402 454 454 
167 167 182 413 
184 184 184 
30 30 35 35 35 122 174 174 174 268 268 268 268 341 376 413 413 
329 329 
313 350 350 
1 1 5 5 53 53 259 259 377 393 393 419 419 441 458 
292 292 
159 159 305 305 343 343 477 477 
76 245 
76 295 295 509 509 
236 236 275 275 303 
159 
219 454 
7 7 7 157 169 169 212 212 212 238 271 271 271 296 296 296 310 375 505 505 
503 503 
487 487 
40 40 49 55 55 55 56 56 56 69 69 79 79 93 93 104 104 117 117 129 129 138 147 147 184 184 191 191 192 192 195 195 201 230 230 237 237 267 267 267 275 275 278 283 283 283 344 344 344 351 356 356 415 415 415 432 432 432 438 460 460 487 487 487 
83 83 104 104 236 236 
233 505 505 505 505 
342 342 405 405 405 
131 131 131 476 476 496 496 
39 39 62 62 62 
76 76 478 
311 413 413 424 424 424 494 
325 358 
76 186 228 
70 70 184 184 
176 288 288 401 
150 150 408 408 
40 
149 149 417 417 417 442 442 
270 286 413 
69 
330 330 
277 277 277 277 283 415 415 
5 5 5 443 
99 273 354 
392 392 
70 70 70 184 
225 225 
426 

364 364 410 410 
315 315 315 
11 334 334 

271 271 271 
184 184 191 195 195 204 204 236 236 236 268 268 356 471 471 
191 204 222 222 222 222 267 267 
177 415 
251 286 
3 9 9 9 158 203 203 218 218 233 233 233 266 266 266 282 282 287 287 297 327 339 339 374 374 375 391 391 401 401 408 408 412 427 427 427 442 442 453 453 502 502 
160 160 
5 256 354 472 472 472 475 475 
219 219 219 402 
230 230 236 236 
157 
18 18 254 254 254 254 415 415 
236 
5 5 184 184 431 
449 449 449 467 467 
67 67 192 192 298 298 298 347 421 421 
144 271 271 427 
236 236 236 254 303 344 344 415 415 
184 
191 191 191 
251 270 
179 271 271 
247 247 

23 97 171 171 196 196 480 480 
184 184 184 426 426 
76 76 152 184 184 226 226 364 
408 408 
58 58 397 
229 229 
68 169 169 233 233 233 
271 408 
281 281 281 347 
54 76 76 413 413 
164 164 
46 46 46 464 
39 39 39 485 
230 283 415 415 
56 148 148 
159 227 227 392 
150 150 150 150 408 
184 184 184 396 396 465 465 465 
467 
35 
233 
243 
84 84 84 348 348 348 348 
8 224 
76 76 96 214 215 317 319 319 349 354 384 398 398 413 413 418 418 429 429 429 434 434 434 449 449 455 455 467 481 
31 73 94 184 184 184 263 263 263 336 486 
444 
165 165 314 413 
413 
314 314 354 
140 
42 42 
76 76 76 162 
42 42 42 359 
37 37 37 41 41 184 184 184 
72 72 153 244 358 503 503 

15 271 
76 209 209 
81 82 165 223 223 
39 39 71 71 159 253 253 369 369 428 428 
22 22 
413 
413 
264 264 385 385 385 385 413 413 
174 174 413 
315 486 
207 
184 415 415 
46 145 271 271 381 381 408 408 408 427 452 464 470 470 
182 
222 
239 239 
227 227 
173 173 173 236 236 236 283 283 447 447 
52 184 
27 47 47 47 76 459 459 
67 67 281 298 421 506 
84 312 312 312 312 
314 481 
8 196 224 224 
236 432 
402 402 
76 
5 31 41 76 151 151 184 184 256 273 314 319 411 450 450 462 462 490 490 508 
12 184 202 202 202 
236 236 267 
496 496 496 
72 90 90 141 193 244 325 413 466 466 503 503 503 
323 
76 
76 76 
193 193 413 
182 499 
118 118 152 262 262 292 
415 
184 184 
114 496 496 
401 401 
62 62 62 330 330 

68 68 68 
190 190 
196 196 196 
154 271 271 408 417 442 442 
233 271 
174 174 222 
225 458 458 
140 140 140 140 
103 146 
134 134 
46 46 64 64 339 339 395 408 408 
413 413 
63 415 415 432 463 
152 152 152 152 314 
334 334 334 334 413 413 
86 86 86 
124 124 
487 
81 81 81 82 130 130 130 497 
17 17 17 
271 271 
257 257 305 
225 225 
495 495 
0 0 46 381 
307 307 
58 58 58 294 
314 314 
41 41 492 492 492 492 
5 5 50 50 
110 110 247 271 271 368 368 
39 159 219 219 219 274 352 352 405 405 
427 
6 92 
39 39 206 206 239 239 239 402 402 
37 37 
175 175 175 413 413 
26 87 150 158 158 248 248 271 271 293 293 297 306 339 339 339 374 381 381 412 
184 
262 262 
354 
271 408 
35 45 45 76 76 77 77 92 119 128 128 141 141 155 155 161 167 174 175 175 182 182 187 187 187 193 196 196 196 220 222 222 243 243 251 299 299 314 314 317 318 332 333 334 334 335 358 362 382 382 385 385 407 407 439 439 448 494 494 
22 108 
37 57 116 116 129 129 129 184 184 184 236 236 236 254 254 269 277 277 283 283 303 303 338 338 365 383 383 432 463 463 463 
65 
250 250 250 374 
80 95 95 314 314 
225 225 
98 441 441 
281 281 347 
196 196 
76 
243 243 243 
103 103 
184 260 291 291 
271 271 271 282 339 403 
20 20 159 159 330 330 
314 314 314 
62 62 
279 496 
236 236 236 351 383 415 460 460 
159 
314 314 314 
449 449 
497 

236 
45 45 413 413 
76 76 186 
1 5 5 98 98 225 420 420 
218 218 250 250 271 271 374 374 468 468 
255 
15 15 59 59 182 316 
41 
56 
344 344 
128 128 128 413 
280 280 280 314 314 435 435 467 467 
156 354 354 462 
184 184 184 
25 25 25 25 339 464 464 
271 271 
4 4 124 131 131 219 219 232 
314 314 
76 184 184 184 491 
41 41 41 
225 377 377 
346 346 
211 211 236 236 432 432 
22 497 
354 354 450 
63 75 383 415 415 415 
301 339 452 452 
184 184 307 307 307 
72 72 89 89 89 141 141 141 141 358 358 
215 280 280 308 314 449 449 
123 442 442 
159 159 159 
339 339 
101 170 195 195 267 267 
273 273 273 
126 
29 56 487 
273 273 
10 10 100 240 240 496 496 
39 39 159 159 159 166 166 188 227 227 
76 76 207 242 
193 193 
127 290 290 
314 349 

30 
116 184 184 
302 
31 120 315 336 
56 56 235 235 236 236 236 388 474 

31 31 120 
51 184 354 354 
126 126 185 185 185 456 
399 399 399 399 
3 
243 413 413 
81 394 394 
100 100 197 240 240 357 357 357 367 367 431 476 476 
22 22 389 436 461 
160 160 
182 182 182 363 
193 193 
76 
134 134 134 271 271 
234 234 325 325 358 358 358 
5 88 88 88 
233 233 238 238 238 238 
347 
104 104 104 
5 5 86 86 354 
76 76 229 229 
159 188 

