Nodes: 512, Edges: 1199
46 46 395 395 395 395 
225 225 441 441 
91 111 183 183 189 
271 493 
454 454 
18 18 18 18 34 34 48 48 48 50 88 88 88 184 198 225 255 255 279 279 279 354 354 400 400 400 441 504 504 508 508 508 
404 
233 271 271 271 
196 196 313 313 313 350 
271 


184 184 202 355 355 355 

184 
182 327 444 
184 
390 390 
5 5 5 5 277 277 
104 
428 428 
31 31 
108 108 108 108 115 115 331 331 414 461 
171 290 
76 76 76 
452 
158 158 408 408 
76 76 346 346 
63 63 63 178 183 183 189 
474 
180 222 483 483 
21 21 172 184 315 354 486 
184 
67 192 192 
5 5 
210 210 210 222 309 309 413 413 
106 
324 406 415 
89 89 89 358 358 
62 62 159 159 159 163 166 166 219 219 231 231 231 241 241 267 302 330 330 330 402 402 405 477 477 485 485 485 
192 236 236 249 249 
137 151 151 156 160 160 184 184 324 399 399 450 450 457 457 
321 321 
193 193 193 

413 413 439 439 
0 0 339 395 395 
346 346 
5 5 5 
236 
5 400 400 
490 
184 345 
225 225 393 
299 299 299 501 
195 236 
191 191 236 304 446 446 474 474 487 487 
415 415 
294 294 
444 444 
104 236 236 236 
81 81 359 
39 39 241 330 330 369 430 430 
28 28 28 383 
381 
193 193 413 416 
141 
33 192 281 281 347 347 
169 287 287 287 296 296 
236 236 236 252 344 344 
184 184 246 246 246 258 
330 330 330 
325 358 358 466 466 
94 94 315 315 
413 413 413 
383 383 463 
24 24 24 27 27 78 107 109 162 184 184 186 196 199 207 207 208 228 228 229 229 242 245 245 245 292 299 299 314 314 322 322 328 346 346 353 354 354 354 361 413 440 440 456 478 478 501 501 509 509 
119 119 196 413 
76 
236 236 
314 314 418 
61 61 82 113 184 261 261 289 289 329 394 394 495 
81 121 121 121 142 142 143 143 329 389 389 
236 236 236 237 
85 312 312 348 348 
84 160 312 312 
198 386 508 

5 5 5 504 504 
38 38 38 466 466 466 
358 
2 189 
182 182 404 404 413 
236 
73 73 315 315 
418 418 
314 
171 171 290 290 290 
420 
256 450 
197 197 197 476 496 496 496 
140 140 195 195 195 471 
117 117 117 136 136 
146 146 425 425 
19 60 138 236 237 507 
106 184 184 184 
36 105 190 190 190 372 372 372 
76 
22 22 22 22 115 115 414 
76 199 199 199 207 
176 247 
2 182 182 
184 184 
81 
181 181 181 
22 22 108 108 
184 184 415 484 
102 102 102 125 125 125 135 184 236 236 
364 364 
77 77 122 122 122 413 413 413 
486 486 489 
82 82 82 143 
119 119 119 222 
468 
387 454 454 
117 117 117 136 
185 185 185 473 491 491 491 
480 480 
413 448 
415 
389 389 
240 240 
168 
381 
380 502 502 
117 
102 102 125 
41 184 
104 164 164 236 236 
381 381 
101 101 320 378 378 378 
66 413 413 413 466 466 466 466 
82 82 389 389 
82 82 121 
282 282 
339 339 
103 103 379 379 379 
173 236 236 
191 191 304 
250 
248 306 306 
41 41 354 354 
292 292 364 384 
325 325 
374 
413 
41 
276 
26 26 271 408 408 408 
39 39 39 188 188 188 205 227 227 231 257 305 330 330 330 402 402 428 433 469 469 477 477 510 510 510 511 511 
41 41 85 272 312 312 
413 439 
76 
39 
138 138 300 300 
317 317 317 329 
39 39 477 
220 413 
132 413 413 
68 296 296 
471 471 471 
23 97 97 290 
31 
147 344 344 
222 222 335 376 376 
407 407 413 413 
110 247 
269 283 283 300 
28 
287 287 287 
30 222 222 
114 114 114 
15 92 92 111 111 220 340 340 363 363 413 413 444 499 
2 2 28 28 
5 12 12 14 16 31 32 41 41 52 70 70 76 76 81 105 105 105 112 112 116 116 117 137 199 213 213 221 221 221 236 236 236 258 267 267 267 279 284 289 291 292 292 307 307 315 324 324 324 338 345 354 354 354 355 355 355 366 366 366 396 409 409 409 415 415 415 426 426 451 451 456 465 465 484 484 488 
126 126 126 491 491 491 
76 245 245 245 440 
413 
159 159 159 477 477 
2 28 91 
106 106 106 372 372 
56 56 148 148 236 236 267 268 268 285 304 304 446 
33 33 40 67 236 281 
43 43 43 65 65 286 286 286 358 358 362 362 413 413 479 479 500 500 

55 101 101 101 236 236 267 471 471 
8 8 76 77 200 200 290 290 373 413 413 422 422 422 
100 100 100 496 496 
5 86 386 
76 109 109 109 184 207 
196 196 
236 236 415 
12 355 355 
271 271 
267 268 
159 
405 
76 76 109 199 337 478 478 
76 

35 35 35 
460 460 460 
233 233 310 310 310 
184 184 
215 314 
214 314 314 467 


271 442 442 
39 39 232 402 402 454 454 
167 182 413 413 
184 184 184 
30 35 122 174 174 180 180 268 341 341 376 413 413 483 483 
329 329 
313 313 350 
1 1 5 53 53 259 377 377 419 441 458 458 458 458 

159 159 305 305 305 343 343 392 477 477 
76 76 245 
76 76 509 509 
236 236 275 275 303 415 415 
39 39 39 159 
219 454 454 
7 212 212 238 271 271 271 296 310 310 374 374 375 375 505 505 505 
503 503 

40 40 49 55 56 60 60 60 69 69 69 79 79 83 83 83 93 104 117 117 138 138 147 147 184 184 184 191 191 192 195 195 201 201 230 230 237 237 267 267 267 275 275 278 283 283 283 344 344 344 351 351 351 356 356 415 415 432 438 460 460 487 
83 104 236 236 
233 505 
405 
131 131 476 476 476 496 496 
39 39 62 
76 478 
311 311 424 424 424 
325 325 358 358 
76 76 76 186 186 186 228 
70 70 70 
110 176 288 401 401 
150 408 408 408 
40 40 
149 374 417 417 417 442 442 
270 286 413 413 
69 
330 330 330 
277 283 283 415 415 
5 5 443 443 
99 273 354 
159 392 392 392 392 
70 184 409 
225 
426 
81 81 
364 410 
315 
334 334 
496 496 
271 271 
39 184 184 184 191 195 204 236 236 236 268 268 356 471 471 
191 191 204 222 267 267 
177 415 
251 286 286 
3 7 7 7 9 158 203 203 218 233 233 233 266 266 282 282 282 287 287 287 297 297 327 327 327 339 354 354 374 374 375 375 391 391 401 408 408 412 412 427 427 442 442 453 453 453 502 502 502 502 
160 
256 354 472 475 475 
402 
230 230 236 236 
157 
18 18 254 415 415 
236 
5 5 5 184 431 431 431 
308 308 449 
67 67 192 421 
144 144 271 271 271 427 427 
177 177 236 236 236 254 254 303 344 344 415 415 415 
184 
191 
193 193 193 251 270 270 413 413 
68 68 68 179 179 179 271 271 271 
247 
81 81 184 
23 97 97 97 171 196 196 480 480 480 
184 426 
76 152 152 184 184 364 364 410 410 410 
408 408 
58 58 397 397 

68 68 169 169 233 425 425 
271 271 
347 347 
54 54 54 76 76 
164 164 177 
464 
39 485 
230 283 415 415 
56 148 191 191 
159 227 227 227 392 482 
150 150 370 370 370 370 408 408 
184 184 396 465 
280 280 467 467 
35 35 
212 212 212 233 233 
243 243 
84 84 85 85 160 160 348 348 
8 8 8 224 224 
76 76 80 80 96 214 215 215 317 319 349 349 349 354 354 384 384 384 413 413 418 418 429 429 434 455 455 467 467 481 
31 73 73 94 94 184 263 486 486 

165 165 165 314 398 413 413 413 
413 
314 354 
140 
42 42 323 
76 76 
321 359 
37 41 184 184 184 
72 153 153 244 244 358 503 
358 
15 271 271 271 
76 
81 82 165 223 223 
39 39 39 62 62 71 71 71 159 159 159 253 253 253 369 369 369 428 428 
22 22 
407 407 413 
413 413 
264 264 
174 413 
486 
207 
184 415 415 415 
46 145 145 271 381 408 408 427 452 452 464 470 
182 182 
222 222 

227 227 
69 69 173 173 236 236 236 283 283 447 447 
52 184 
27 27 47 47 76 76 459 459 459 
67 67 298 298 421 506 
84 84 312 312 
314 314 314 
8 224 
236 236 236 432 
402 402 
76 456 456 
5 5 31 76 76 76 151 151 184 184 184 256 271 271 273 314 314 319 411 411 450 450 462 490 502 508 508 
12 12 12 184 184 184 202 202 
236 236 267 
367 431 431 
38 38 72 72 90 193 193 244 244 325 326 413 413 466 466 503 503 503 
61 323 

76 
193 193 413 
182 182 499 
118 118 152 262 292 292 410 410 
415 
184 184 184 
357 496 
401 
62 330 330 330 
306 306 306 306 

106 106 106 190 190 
196 
154 233 233 250 271 271 417 417 442 442 442 
233 233 271 271 
174 174 222 
225 225 458 
140 140 140 
146 146 146 
134 
64 133 139 139 339 395 395 
413 413 
63 75 75 415 415 432 463 
152 314 314 314 449 
413 413 413 
86 198 
124 
487 
82 82 130 130 142 142 497 
17 17 
271 271 
227 257 257 257 257 305 
53 
81 81 495 495 
0 0 0 0 46 46 381 381 
184 307 
294 294 
317 
41 41 492 492 492 492 
5 5 5 50 50 
247 247 271 368 
39 39 159 159 219 219 274 352 352 405 
427 427 427 
6 92 92 
39 206 239 402 
37 
175 175 332 332 413 
26 26 158 158 158 248 248 248 271 271 293 293 306 306 339 339 412 470 470 
184 184 184 258 
262 292 292 292 364 364 
354 354 
271 271 408 
35 35 45 45 65 74 74 74 76 77 92 119 119 119 128 141 141 141 155 161 167 168 168 175 175 182 182 187 193 193 196 196 220 220 222 222 251 251 286 286 314 314 317 317 317 318 332 333 333 335 358 358 362 382 382 385 385 385 407 439 448 455 455 494 500 500 500 
22 108 
37 57 57 116 129 184 184 184 201 230 230 236 236 254 254 269 277 277 283 283 283 303 303 338 338 338 365 383 383 432 432 432 463 463 
65 
250 250 250 374 374 
80 95 95 314 314 
225 
98 441 
281 347 
196 196 196 

243 243 243 
103 103 296 296 
184 184 260 291 
271 271 282 282 339 403 403 403 
20 20 159 330 330 
314 314 
62 62 
279 279 279 357 357 496 496 
236 351 383 415 415 415 
159 
314 
449 
497 

236 
45 45 161 413 
76 76 186 
1 1 5 225 420 
218 218 250 250 271 271 374 374 374 468 468 
255 255 
15 59 59 182 

56 56 191 
344 344 
128 413 
280 384 435 467 467 
41 41 99 354 354 462 
184 184 
25 339 339 
271 271 271 
4 4 124 124 219 219 232 232 
314 314 413 413 
76 184 353 353 491 491 
41 41 
225 225 225 225 377 
346 346 346 
211 211 211 236 236 
22 497 
354 450 
75 383 415 415 
301 339 
184 184 307 
72 72 89 89 89 141 141 141 141 358 358 
215 308 308 314 314 449 449 
123 442 442 
159 159 
339 408 408 
101 170 170 170 195 195 267 267 
273 475 
126 
29 56 56 487 
273 273 472 
100 240 240 240 496 
39 39 159 159 166 188 188 227 227 
76 76 207 207 242 
193 193 
127 127 290 290 290 
314 
305 
30 30 222 222 
116 184 184 
39 39 39 302 
31 120 120 315 315 336 489 489 489 
56 56 236 388 474 
184 
120 486 486 486 
51 354 
126 126 126 185 185 185 456 456 
399 399 399 399 
3 
413 
81 394 394 
100 100 100 197 197 240 240 265 265 367 431 431 476 
389 436 461 

182 363 
193 193 413 413 413 
54 76 76 
134 134 271 271 271 271 354 
234 234 325 358 358 358 
5 5 88 88 
233 233 233 238 
347 
104 
5 5 5 86 354 354 
76 76 229 229 
159 159 159 
159 159 
