Nodes: 512, Edges: 1199
46 46 395 395 395 395 
225 225 441 
111 111 183 
271 271 271 493 
454 
18 18 18 34 34 34 48 48 50 184 198 198 225 255 273 354 400 400 441 475 475 475 508 508 
404 
233 233 233 271 271 
196 224 313 313 350 350 
271 
476 
264 264 264 
184 202 355 
76 76 
117 184 184 
182 327 327 444 
184 
390 390 
5 5 5 277 277 
104 

31 31 
108 108 108 108 108 115 115 331 331 331 414 461 461 497 
171 171 290 290 
76 
452 452 
408 408 
76 346 
63 63 111 178 183 183 

180 222 483 
21 21 172 184 184 184 315 315 354 486 486 486 
184 184 
67 67 192 192 
5 5 5 
210 210 210 222 222 309 309 413 
106 106 106 
324 324 406 406 406 415 415 
89 89 
62 62 62 159 163 163 166 219 219 231 231 231 241 241 267 302 330 402 405 405 477 477 477 
192 192 236 236 236 249 
85 85 99 151 151 151 156 156 160 160 184 184 354 354 354 399 399 399 445 445 450 450 457 
321 323 323 
193 

76 76 413 413 413 
0 0 64 64 301 301 301 301 339 339 381 381 395 
346 346 
5 5 
236 236 
5 
490 490 
345 
393 
76 299 501 
195 236 
104 191 191 191 236 236 304 304 446 474 487 
415 415 415 
294 397 
444 444 
104 104 236 
359 359 
39 39 39 241 241 330 369 369 430 430 
28 28 463 
46 46 381 381 381 
193 413 416 
141 141 
33 33 192 347 
169 169 296 296 371 371 
236 236 344 
184 184 246 246 258 
330 
466 
94 315 315 315 
413 413 
383 383 
13 13 24 27 45 45 54 78 109 162 184 184 186 186 186 207 207 208 208 228 228 229 229 229 242 242 245 245 292 299 299 314 322 322 328 353 353 354 354 354 360 360 361 361 413 423 423 440 456 478 478 478 501 509 
119 119 119 119 196 
76 
236 
314 314 418 418 
82 82 113 184 261 289 289 329 329 329 359 394 495 
81 81 121 142 143 329 329 329 389 
236 237 237 
85 312 312 348 
41 41 84 160 160 
198 386 386 508 508 
306 
504 
38 38 128 358 466 466 466 
358 

182 182 404 404 
236 236 236 236 
73 315 315 
418 418 
314 317 
171 171 171 290 
420 420 441 
41 450 
197 476 476 496 
140 140 140 195 195 471 471 471 
136 216 216 
379 425 
19 56 60 60 138 138 236 236 237 507 507 507 
106 106 184 184 190 
36 36 36 105 105 190 372 372 

22 22 22 22 22 414 
76 207 
176 176 176 247 247 247 401 401 401 
2 2 28 182 182 
184 184 
81 
181 181 367 367 
22 22 389 
184 184 184 415 484 
14 125 125 135 135 136 184 184 
364 
77 77 77 77 122 122 222 222 413 413 413 

82 143 143 
119 119 

454 
117 117 136 170 
185 491 
480 
89 413 413 448 448 
236 236 415 
389 
240 240 240 240 454 
168 168 

380 380 380 502 502 502 
117 117 
102 117 125 
184 184 184 
104 104 236 
381 
101 101 101 320 320 320 378 378 378 
66 66 358 358 413 466 466 466 466 
82 389 
82 121 121 217 217 
282 282 
339 339 339 

236 236 
191 191 304 
250 250 250 
306 306 306 306 306 408 408 
41 41 41 354 354 
292 292 364 384 384 
325 
374 374 
413 
41 41 450 450 
233 276 276 
194 194 271 271 271 408 
39 188 205 231 231 305 330 392 402 402 402 428 428 433 433 469 469 477 510 511 511 
41 41 85 85 272 272 272 312 498 
413 413 439 439 439 
76 322 
39 39 
300 
317 317 317 317 
39 477 477 
220 413 413 413 
132 132 
68 68 233 296 296 
125 
23 23 97 97 97 290 290 290 
31 
344 
222 335 413 413 
413 413 
110 110 110 247 
300 300 415 415 
28 183 
287 287 
30 222 222 
114 114 
15 92 92 111 111 220 340 340 363 413 499 499 
2 28 28 178 
5 12 14 14 16 31 31 31 32 32 41 41 70 70 76 76 81 105 105 112 112 116 116 116 117 117 137 137 137 199 213 221 221 236 236 246 246 258 258 267 267 267 279 279 284 284 289 291 292 292 292 307 307 324 324 338 338 345 345 345 354 354 354 355 355 366 366 396 396 409 409 409 415 415 415 426 426 451 451 456 465 465 484 484 488 490 
126 491 
76 76 76 245 245 440 440 
413 413 413 
159 
404 
105 106 372 372 
56 56 56 148 148 236 236 267 268 285 285 285 304 446 
33 33 40 40 67 236 236 281 281 281 
43 65 286 358 362 413 479 479 500 
158 158 
55 101 101 236 267 471 471 
8 77 200 200 290 290 350 350 350 373 413 422 422 
100 496 
5 5 86 386 
184 
196 196 
236 415 
12 355 355 355 
271 
267 268 
159 
405 
76 76 109 337 337 478 
76 76 
328 328 
35 35 35 
460 460 
233 233 
184 
215 
214 314 467 
102 102 
143 143 
271 271 442 442 
39 39 232 232 274 274 402 454 
167 182 413 
184 184 
30 35 35 119 119 174 180 180 268 268 314 341 341 376 413 483 483 
329 329 
8 350 
1 1 5 259 259 377 393 419 441 441 458 458 
292 
305 305 305 343 343 392 392 477 
76 76 245 245 361 
76 76 76 509 
236 236 236 275 303 415 415 
39 39 39 159 159 
219 219 454 454 
7 7 7 157 169 212 212 238 238 271 271 296 310 310 375 375 505 505 505 
503 503 
487 
40 40 40 49 49 55 56 56 60 69 69 79 83 93 93 93 93 104 104 129 129 138 147 147 184 184 191 191 192 192 195 201 230 230 230 237 237 267 267 267 275 278 278 278 283 283 283 344 344 351 351 351 356 356 415 415 415 432 432 438 460 
83 83 104 236 236 
233 233 505 505 505 
342 342 342 405 405 
131 131 131 131 
39 39 62 62 
76 76 478 
311 311 311 413 413 424 424 
325 358 358 
76 76 186 186 228 228 
70 70 184 184 
110 110 110 176 288 
293 408 408 
40 
149 149 149 374 417 417 442 442 
286 286 286 413 


277 277 277 415 
5 443 443 443 
354 391 
392 392 392 
70 184 184 409 
225 225 
426 
81 329 
410 
315 315 
11 11 11 334 334 334 
496 
271 
39 184 184 184 191 195 204 236 236 236 268 356 471 
191 204 222 222 267 
415 

3 3 3 7 7 9 158 158 158 203 218 218 233 233 266 282 287 287 287 297 297 339 339 339 354 354 374 374 391 401 401 408 408 408 412 427 427 442 442 442 453 453 502 502 
160 160 160 
5 354 354 354 475 475 
219 219 352 
230 236 
157 157 
18 18 254 254 254 
236 236 236 
184 184 431 431 
308 467 467 467 
192 192 192 298 298 347 347 347 421 421 
144 144 271 427 
236 236 236 344 344 415 415 
184 184 
191 191 191 
193 251 251 251 
179 179 271 271 271 
247 
81 81 184 
23 23 97 171 171 171 196 196 480 
184 426 
76 152 152 184 184 184 226 364 410 410 410 
248 408 
58 397 397 408 

68 68 169 169 233 425 
271 271 408 408 
281 281 347 347 
54 76 76 413 
164 177 177 
46 46 46 46 
39 485 485 
230 415 
56 56 148 191 
159 227 227 227 392 482 
87 150 150 150 150 150 370 370 408 408 
184 184 354 396 462 465 465 
280 467 
35 35 
233 233 
243 243 243 
84 84 160 348 348 348 
8 8 
76 80 80 96 215 222 319 349 354 384 398 398 413 418 418 429 429 434 449 455 467 467 481 481 
31 31 73 73 73 94 94 263 263 336 336 336 486 486 
444 
96 165 165 165 165 398 
413 413 
314 354 
140 140 140 
42 323 323 323 
76 76 162 
42 42 321 321 321 359 
37 37 184 184 
153 244 503 503 503 

15 15 
76 209 209 
81 81 81 82 82 82 223 223 261 
39 62 71 159 369 369 369 428 428 
22 22 22 
407 413 413 
413 
264 264 264 385 385 385 
174 413 
315 315 315 
207 207 
184 184 
46 46 145 145 145 271 271 271 381 408 408 427 452 464 464 470 470 
182 182 
222 222 
239 239 239 
227 227 
69 173 236 236 283 283 447 447 
52 184 184 184 
27 47 47 459 
67 281 281 281 298 298 421 421 506 
84 312 312 312 
314 481 481 481 
8 8 196 196 196 224 
236 236 236 432 
274 402 
76 76 456 
5 31 41 41 41 76 76 76 151 151 184 184 184 256 271 271 273 273 273 307 314 319 411 411 450 450 450 462 490 502 502 508 
12 184 184 202 202 202 
236 236 267 
367 431 496 
89 90 141 141 193 244 244 413 466 503 503 503 503 
61 61 81 323 
76 76 
76 76 228 
193 413 413 413 
182 499 499 499 499 
118 152 292 
415 415 
184 184 
114 114 357 496 
401 401 
62 62 330 330 330 
306 306 
68 68 
106 106 190 190 
196 
154 154 250 271 271 408 408 408 417 442 442 
233 233 
222 
225 458 458 
140 140 140 
103 
134 134 134 
46 46 64 64 64 139 339 408 
413 413 
75 75 415 415 463 
152 152 314 449 449 
334 334 334 413 
86 86 198 

487 487 
82 115 130 142 497 497 
17 17 
256 271 
159 227 227 257 257 257 305 
53 225 
81 495 495 
0 0 0 0 46 
184 184 307 
58 294 294 
314 314 317 
41 41 41 492 492 492 492 
5 5 
110 110 110 271 271 368 368 
39 159 159 159 219 352 405 405 
427 427 427 
6 92 92 189 
39 39 206 239 239 402 402 
37 37 37 
332 413 413 
26 26 150 150 158 248 248 271 271 271 293 294 297 297 306 306 339 339 374 374 374 381 412 412 412 437 
184 184 184 258 
262 292 292 292 
354 354 
271 408 408 408 
35 45 45 45 65 74 74 76 119 119 119 128 128 141 155 161 161 167 167 167 174 174 175 175 182 187 187 187 193 196 220 222 243 243 251 299 314 318 318 332 332 333 335 358 362 362 362 382 382 385 407 407 439 439 448 455 455 494 494 494 500 500 
22 108 
37 37 57 57 57 116 129 177 177 184 184 184 201 230 230 236 236 236 254 269 283 283 303 365 365 383 383 432 463 
65 
250 250 374 
80 80 95 95 314 314 
225 
98 98 441 441 
281 281 347 347 
196 196 
76 76 
243 243 
103 296 
184 184 260 291 
271 271 282 339 403 403 403 
159 159 330 330 
314 314 
62 62 
279 279 357 496 496 496 
236 236 351 415 460 460 
159 159 
314 
449 449 

408 
236 
161 161 161 413 413 
76 186 186 
1 5 98 225 225 420 420 
218 218 250 250 271 271 271 374 374 468 
255 255 255 
15 59 59 316 
41 41 
56 191 
344 344 
128 128 413 
314 384 384 435 435 
41 41 99 156 156 354 354 354 462 
184 184 
25 25 339 464 
271 271 
4 124 131 219 232 232 
314 413 413 
76 184 353 491 
41 
225 225 377 377 
346 
211 211 236 432 432 
22 22 497 497 497 
307 354 450 
63 383 415 
339 339 452 
184 184 307 307 
72 89 89 89 141 141 141 141 358 
215 280 280 280 308 314 314 
442 
159 159 
339 339 
101 101 101 195 195 267 
475 475 

56 487 487 
5 5 5 273 273 472 472 
10 100 100 496 496 496 
39 39 39 159 166 166 227 
76 76 76 207 242 
193 193 
127 290 
314 314 349 349 349 
305 
30 222 222 
116 184 184 
302 302 
31 31 31 315 315 489 489 
56 235 388 388 474 474 
184 
486 486 
51 51 184 354 
126 185 456 
399 399 399 399 
3 
413 413 413 
81 394 394 
100 197 265 357 367 431 431 431 476 476 476 
22 389 389 461 461 461 
160 
182 182 363 363 363 363 
193 413 413 
54 76 
134 134 134 271 271 354 354 
234 234 325 325 325 358 358 358 358 
88 
233 233 233 238 238 238 
347 
104 104 104 
5 5 86 86 354 
76 229 
159 
159 159 
