Nodes: 512, Edges: 1199
46 395 395 395 395 
225 225 441 
111 183 183 189 189 
271 271 
454 
18 34 34 48 50 50 88 88 184 184 198 198 225 255 255 273 273 279 354 354 400 400 441 441 475 504 504 504 508 508 
404 
233 271 271 
196 313 313 350 
271 
476 476 
264 264 
184 202 202 

117 135 184 
182 327 327 327 327 444 444 
184 184 
390 390 455 
5 277 277 277 277 
104 
428 428 
31 31 
115 331 331 331 414 414 461 461 497 497 
171 171 290 290 290 
76 76 
452 452 
158 158 158 
76 76 346 346 
63 63 111 178 183 183 183 

180 222 483 483 483 
21 21 172 172 184 184 315 315 486 486 
184 
67 192 
5 5 
210 210 222 309 309 413 
106 106 
324 324 324 415 415 
89 89 89 358 
159 159 163 166 219 219 231 231 231 241 241 267 267 302 330 330 330 402 402 402 477 477 485 
192 236 236 236 249 249 249 
44 85 137 151 151 156 160 160 184 184 324 324 354 354 399 445 450 450 450 457 457 
321 321 321 
193 
41 
76 76 
0 64 301 339 339 381 381 
346 346 
5 
236 236 
5 5 400 400 
490 490 
184 184 184 345 
225 393 
76 76 299 299 
195 195 236 236 
191 236 236 304 446 446 446 474 474 474 487 487 
415 415 
294 397 397 397 

104 104 236 236 236 
81 359 
241 330 330 369 430 430 
28 28 383 
46 381 381 
413 416 416 
141 141 
33 192 192 281 281 
169 169 169 296 296 296 
236 252 344 344 
184 184 246 246 246 258 258 
330 
325 358 358 466 
94 94 315 315 
413 413 
383 383 463 
24 24 27 27 45 45 54 54 107 109 162 184 186 186 196 199 207 207 207 208 208 228 228 228 242 245 292 299 299 314 322 322 328 328 328 346 346 353 354 360 360 423 440 456 478 501 509 
119 119 119 196 196 196 413 413 

107 236 
314 314 418 
61 82 113 113 289 289 289 359 359 389 394 394 495 495 
81 121 121 121 142 143 329 329 389 
236 236 237 
85 85 312 
41 84 84 160 160 160 312 312 
198 198 386 508 508 
306 408 408 408 
5 5 504 504 
38 38 38 128 358 466 466 466 
358 

182 413 
236 236 236 236 
73 73 315 315 
418 
314 317 
290 
420 420 
256 
476 476 496 
140 140 140 195 195 471 471 
117 117 117 136 136 136 216 216 
146 379 425 425 425 
19 60 60 138 138 236 236 237 237 507 
106 106 184 190 190 
36 36 105 105 190 
76 79 
115 336 414 
76 199 207 
176 176 176 401 401 
2 28 182 
184 184 
81 81 
181 181 181 360 367 367 
22 108 
184 184 415 415 
14 102 102 102 125 125 125 135 136 136 136 184 184 236 
364 364 
77 77 77 122 122 222 222 222 413 413 
489 489 
82 82 82 143 143 143 
119 119 222 222 222 
468 468 
387 387 454 454 
117 117 117 136 136 136 170 
185 473 491 
480 480 480 
89 448 448 448 
236 236 415 
389 389 
240 240 454 


380 380 380 502 502 502 502 
14 117 
102 102 102 117 117 117 125 125 125 
41 184 184 184 
104 104 236 236 
381 
101 101 101 320 378 378 378 
66 66 413 466 466 466 
82 389 389 
82 121 121 121 217 217 
282 282 282 
339 339 
103 379 
173 236 236 
304 
250 
248 248 306 306 306 306 408 408 
41 41 
292 292 364 364 

374 374 
413 413 
41 450 450 
233 276 276 276 
26 26 26 194 194 194 271 408 
39 39 188 188 188 188 205 227 227 227 305 305 330 392 402 428 428 433 433 469 469 477 477 510 511 
41 41 85 85 85 272 272 312 312 
413 413 439 
76 
39 
300 
317 317 317 329 329 
39 477 
220 220 413 
413 
68 68 68 233 296 296 
125 
23 23 
31 31 
147 344 344 
335 335 335 376 413 413 413 
407 407 413 413 
110 110 110 247 
300 415 415 
28 183 
287 287 287 
30 222 222 
114 114 114 
15 92 111 220 340 363 404 413 413 413 444 499 499 
2 2 28 28 28 178 
5 5 12 14 16 16 31 31 32 41 41 52 52 52 70 70 76 105 112 112 116 116 117 117 137 137 137 213 213 213 221 236 236 236 246 246 258 258 267 267 279 284 284 284 291 292 292 307 307 324 324 338 345 345 354 354 354 355 366 396 396 396 409 409 409 415 415 415 426 426 426 451 451 456 456 456 465 465 484 484 
126 491 491 491 
76 76 440 440 

159 159 159 159 477 
2 2 404 
105 105 106 372 372 
56 236 236 267 267 268 285 285 304 304 446 
33 40 67 67 236 236 236 281 
43 286 362 362 413 479 500 
158 158 158 
55 55 101 101 236 236 267 267 267 471 471 
8 76 77 77 77 200 200 200 350 350 373 413 422 
496 
5 5 86 86 386 386 386 
76 109 
196 196 196 
236 236 236 415 
12 12 355 355 
271 271 
267 268 268 
159 
405 405 
76 76 76 109 337 478 478 478 
76 76 

35 35 
460 460 460 
233 310 310 
184 184 184 
215 314 314 
214 314 314 314 
102 102 
143 143 
271 271 442 442 
39 39 274 274 454 
167 167 182 413 413 413 
184 
30 35 119 119 119 122 122 122 180 180 268 314 341 376 376 376 413 413 483 483 
329 
313 313 350 
1 1 5 53 259 377 377 393 393 393 419 441 441 458 
292 
159 159 159 305 343 343 343 392 477 477 477 
76 76 76 245 361 
509 509 509 
236 236 275 275 415 415 
39 39 39 
454 
7 157 169 212 238 238 271 296 296 310 310 310 374 375 375 505 505 505 
503 503 503 
487 
40 40 40 49 49 55 55 56 56 60 60 60 69 79 83 83 93 93 93 93 104 104 117 129 129 138 138 147 147 184 184 184 191 191 192 192 192 195 195 201 201 201 230 230 237 237 267 267 283 283 283 344 344 344 351 351 415 432 432 487 487 
83 104 104 236 236 
233 233 505 505 
342 342 342 405 
131 131 476 
39 39 62 
76 478 
311 311 424 424 494 494 
325 358 
76 228 
70 70 70 184 184 
176 401 
150 150 
40 40 40 
149 374 417 417 417 417 442 442 442 
286 286 413 413 
69 
330 
277 283 283 415 
5 5 443 443 
99 273 273 
392 392 
70 70 184 184 
225 

329 329 
364 410 410 

11 11 334 334 
496 496 
271 271 271 
39 39 184 184 191 191 195 195 195 204 236 236 268 356 471 471 
191 204 204 222 267 
415 
286 286 
3 3 7 7 9 158 203 203 218 218 233 266 266 266 287 287 287 339 354 374 374 375 375 375 391 401 401 408 408 412 427 427 442 442 453 453 502 
160 160 
5 5 256 256 354 354 354 472 
219 219 352 402 
230 230 
157 157 157 
18 18 18 18 254 415 

5 184 431 431 
308 308 467 467 
67 67 192 298 298 347 347 421 
144 144 144 427 
236 236 236 254 254 303 303 303 344 415 415 
184 184 184 
191 191 
193 251 251 270 270 413 413 
179 179 179 271 271 271 

81 81 81 
23 23 23 97 480 
184 426 
76 152 152 184 184 226 410 
408 408 
58 397 397 408 408 

68 68 68 169 169 233 233 425 425 
408 
281 281 347 347 347 
54 54 76 76 413 
164 177 
46 464 
39 485 
283 283 283 415 
56 148 191 191 
159 159 227 482 482 
87 150 150 150 150 370 370 370 408 408 408 
184 184 354 396 465 465 
280 280 
35 35 
212 212 233 233 233 
243 243 
84 85 85 160 160 348 348 348 
8 8 224 224 
76 80 80 96 214 214 215 215 215 222 317 319 319 349 349 354 354 384 398 398 413 413 418 418 429 434 434 449 455 467 
31 31 73 73 94 94 486 
444 
96 165 165 165 314 398 398 413 

314 314 354 354 354 
140 
42 42 42 
76 76 
359 359 359 
37 37 37 41 41 184 184 
72 244 358 
358 
15 15 15 15 
76 76 76 
82 82 165 165 223 261 261 
39 39 39 62 62 71 159 253 369 369 369 369 
22 22 22 
407 

264 264 385 413 
174 174 174 413 
108 486 
207 
184 415 415 
46 46 145 145 271 381 381 381 408 427 427 427 452 452 452 464 464 464 470 470 
182 
222 
239 239 239 
227 227 227 
69 69 173 173 236 236 236 283 447 447 447 
52 184 184 
27 27 47 47 76 76 
281 281 298 298 298 421 
312 312 312 
314 314 481 
8 196 196 224 
236 236 432 
274 402 402 
76 456 456 
5 5 41 41 76 184 184 184 271 273 273 273 307 314 314 319 319 319 411 411 462 462 462 490 490 502 502 508 508 
184 202 202 
267 
496 496 
38 72 72 89 90 244 325 326 413 413 466 466 503 503 
61 81 81 323 323 323 
76 76 114 
228 
193 193 
182 499 499 
118 118 152 152 262 410 
415 
184 
114 114 496 496 
401 
62 330 330 330 330 
306 306 306 

190 190 
196 
154 154 233 250 271 271 408 408 417 417 442 442 442 
233 233 271 271 271 
174 222 222 222 
225 225 458 
140 140 140 
103 146 
134 134 134 
46 46 64 64 139 339 339 339 395 395 408 408 
413 
63 75 75 415 415 
314 449 
334 413 
86 198 198 198 
124 124 
487 487 
81 82 130 130 142 142 497 
17 17 
271 
159 227 257 257 
53 225 225 225 
81 81 495 495 
0 0 0 0 381 381 
184 184 184 307 
58 58 58 294 294 
314 314 317 317 
41 492 492 
5 5 50 50 
110 110 247 271 271 368 
39 39 39 159 274 352 352 405 
427 
6 182 189 
206 206 239 402 

175 175 332 413 413 
87 87 87 150 150 158 271 271 293 293 294 294 297 306 306 306 339 374 374 381 381 412 437 437 470 
184 184 184 
262 262 292 364 
354 354 
271 408 
35 65 74 74 77 77 92 119 119 141 155 155 161 161 167 168 174 174 174 175 175 182 182 182 193 196 220 220 220 222 222 251 251 286 286 299 314 314 317 334 335 358 358 382 385 407 407 439 448 448 494 494 500 
22 22 108 
37 37 57 57 116 116 129 177 177 184 184 184 201 230 230 236 254 269 277 283 283 303 338 338 365 383 383 432 463 
65 65 
250 250 250 250 374 374 
80 95 314 314 
225 
98 98 441 441 
281 347 
196 
76 
243 243 
103 103 103 296 296 
184 184 184 291 
271 271 282 339 339 339 403 
20 20 159 159 
314 
62 62 
279 279 496 
236 236 351 415 460 
159 159 
314 314 
449 449 

408 408 

161 413 
76 186 186 
1 5 5 225 225 420 420 
218 218 250 250 250 271 271 374 374 374 468 
255 255 
15 15 182 316 
41 
56 56 56 191 
344 344 344 
128 128 128 413 413 
314 384 435 435 467 467 
41 41 41 156 156 462 
184 184 
25 25 339 339 339 464 
271 271 
4 124 124 131 219 232 
17 314 
76 184 184 184 353 353 491 491 
41 41 
225 377 

211 211 211 432 
22 22 497 497 
354 354 354 450 
75 415 
301 339 339 339 452 
184 184 307 307 
72 89 89 89 141 141 141 358 358 
280 280 314 449 449 
123 123 442 
159 159 
339 339 408 
101 101 195 195 267 267 
273 475 
126 
56 56 56 487 
5 472 
10 10 100 100 240 496 496 
39 39 159 159 166 188 227 227 227 
76 207 207 207 242 
193 
127 127 127 290 
349 
305 305 
30 30 30 222 222 
184 184 
39 302 
31 31 315 336 489 489 
56 56 235 236 236 388 388 474 

120 120 486 486 
51 51 354 354 
126 185 185 185 456 456 
399 399 

243 243 413 413 
81 81 394 394 
100 197 265 265 357 357 367 367 431 476 476 
22 22 389 461 461 

182 182 363 363 
193 413 
76 
134 134 134 134 271 354 354 
234 234 234 358 358 
5 5 5 88 88 
233 233 233 238 238 

104 
5 5 86 86 354 354 
76 229 229 229 
159 
159 
