Nodes: 512, Edges: 1199
46 46 64 395 
225 225 
111 183 189 
271 271 493 493 
454 
18 18 34 48 50 50 50 184 184 184 198 198 225 225 255 273 273 279 279 354 354 354 400 400 441 475 504 508 508 508 
404 
271 271 
196 313 350 
271 271 271 
476 
264 264 
184 184 202 355 
76 
117 117 184 
182 444 

390 390 455 
5 5 
104 
428 428 428 

108 108 115 115 331 331 414 414 461 497 497 497 
171 
76 76 
452 452 452 
158 158 408 408 
346 346 
63 63 63 111 178 183 183 

180 180 180 483 483 483 
172 184 184 184 315 354 354 486 486 489 
184 184 
67 192 192 192 
5 
210 222 222 222 413 
106 
324 324 324 406 415 
89 
62 159 159 159 163 163 166 166 219 219 219 231 231 241 302 330 330 405 477 477 485 
192 236 236 249 
44 85 85 99 137 151 151 151 156 156 160 160 184 184 324 354 354 399 445 445 445 450 450 457 
321 321 321 
193 193 193 
41 
76 76 413 439 439 
0 0 64 301 301 339 339 381 381 381 
346 346 346 346 346 
5 
236 
5 5 5 400 400 
490 
184 345 345 345 
225 
76 299 299 501 
195 195 
191 191 236 236 236 304 446 474 487 487 
415 415 
294 294 397 397 
444 444 
104 104 236 236 236 
81 81 81 359 359 
39 241 330 330 369 369 430 
28 28 28 
0 46 381 381 381 
193 416 416 

33 192 347 
169 169 287 296 296 371 371 
236 236 236 252 344 344 
184 184 246 246 258 
330 330 
325 325 466 466 
94 315 315 315 
413 

13 24 24 45 45 54 78 78 107 107 109 184 184 186 196 199 207 208 208 228 229 242 242 245 245 245 292 292 299 314 322 346 346 353 353 354 360 360 413 423 423 423 440 440 456 456 478 478 478 509 
119 119 119 196 196 196 413 
76 76 
107 
314 314 
61 61 61 82 113 184 184 261 261 289 289 329 359 359 389 389 394 394 495 495 
81 121 121 142 143 143 389 389 
236 
85 85 312 312 348 348 348 
41 41 84 84 312 
198 386 508 508 
306 408 408 
504 504 
38 128 128 128 358 466 
358 
189 
182 404 404 413 413 413 
236 236 236 
73 315 315 
418 418 
314 317 
171 171 290 
441 
41 450 
197 197 476 
140 140 140 195 471 
216 493 
146 146 379 379 
19 60 60 138 138 236 237 507 507 507 
106 184 190 190 
36 105 190 372 
76 76 79 
22 22 115 115 414 
76 199 207 
176 247 401 401 
2 28 182 182 
184 184 184 
81 
181 367 367 
22 22 108 108 389 
184 184 415 
14 14 125 135 136 136 184 236 236 
364 364 
77 77 77 122 222 
486 489 489 489 
82 82 143 
119 222 222 
468 
387 387 454 
117 136 136 
185 185 473 491 
480 480 480 
89 89 89 413 413 448 
415 415 415 
389 389 389 
240 240 240 240 454 454 454 
168 168 168 
381 
380 502 502 502 
117 
117 117 125 125 
41 184 184 
104 104 164 164 
381 
101 101 101 320 320 320 
413 466 466 466 
82 389 389 
82 82 121 217 
282 282 
339 339 339 
103 103 379 379 
173 236 
191 191 304 
250 250 250 
248 248 306 306 306 
41 41 41 
292 384 384 
325 325 
374 374 374 
413 413 413 
41 41 
233 233 276 
26 26 194 194 271 408 
39 39 39 188 188 205 205 227 231 257 305 305 330 392 402 428 428 433 433 433 469 469 469 510 510 510 511 511 511 
41 41 272 272 272 312 312 498 498 
413 439 439 
322 
39 39 
138 138 300 300 300 300 
317 317 317 
39 39 477 477 477 
220 413 
132 132 132 
68 68 233 233 296 
471 471 
23 97 97 290 
31 
147 344 344 344 
222 335 335 376 
413 
110 247 247 
283 300 300 415 
28 183 183 
287 287 287 
30 30 30 222 222 
114 
15 92 111 111 220 220 340 363 404 413 413 413 444 444 444 
2 28 28 178 178 
5 5 5 12 12 14 31 31 31 32 32 41 41 52 70 70 76 76 81 81 105 112 112 112 116 116 117 137 137 199 221 221 221 236 236 236 246 258 258 267 267 267 284 284 284 289 291 291 292 292 307 307 315 324 324 324 338 338 345 354 354 355 366 396 409 409 409 409 415 415 415 426 426 451 451 465 484 484 488 488 490 490 490 
126 126 491 
76 245 440 440 
413 
159 159 
2 91 404 
105 105 106 372 372 
56 56 148 148 236 236 236 267 268 285 285 304 446 
33 33 33 40 67 236 236 236 281 281 
43 43 43 65 286 358 358 362 413 413 500 500 500 
158 158 
55 55 101 236 267 267 471 
8 76 77 77 77 200 200 350 350 373 373 373 422 422 
100 100 496 496 
5 5 86 386 
76 109 184 
196 196 
236 
12 
271 
268 268 
159 159 
405 405 
76 109 337 478 478 
76 76 
328 
35 
460 
310 310 

314 
467 467 
102 
143 
271 442 442 442 442 
39 39 39 232 274 402 454 
167 182 182 413 413 
184 184 184 
35 35 35 119 122 122 174 180 180 268 268 268 376 376 413 483 
329 
313 350 
1 1 5 5 53 259 377 377 393 419 419 441 441 458 
292 
159 305 343 392 477 
76 
76 295 295 509 509 509 
236 236 275 275 303 303 415 415 415 
39 39 159 
219 454 454 
157 157 169 169 238 271 271 296 310 310 310 374 505 505 
503 503 
487 
40 40 49 56 56 56 60 60 60 69 69 69 83 93 93 93 104 117 117 147 184 184 184 191 191 191 192 192 192 195 201 230 230 237 267 267 275 275 278 283 283 344 344 344 356 415 415 432 432 438 487 487 487 
104 236 
233 505 505 505 505 
342 342 342 405 405 
131 131 131 131 476 476 476 496 496 
39 62 
76 76 
311 413 413 494 494 494 
325 
76 76 76 186 
70 70 184 
110 176 176 288 288 288 401 401 
150 150 293 408 408 
40 
149 149 149 374 417 442 442 442 
413 413 413 
69 
330 330 
277 277 277 277 
5 
273 273 354 354 
159 392 
70 184 184 409 
225 
426 
81 81 329 
364 410 410 
315 315 315 
11 11 334 
496 496 496 
271 
184 184 184 191 195 195 236 236 268 356 356 356 471 471 
191 204 204 222 222 222 267 
415 
286 286 
3 3 7 7 9 9 9 158 203 218 233 233 266 282 282 287 297 297 297 327 327 327 339 339 354 354 374 375 391 401 408 408 408 412 412 427 427 427 442 453 453 453 502 502 
160 160 160 
5 5 256 256 354 472 
219 352 402 402 
230 230 236 236 
157 
254 254 254 254 415 415 
236 
5 5 431 431 
308 449 449 467 467 
192 192 347 347 347 421 
144 144 271 271 427 
177 236 236 303 303 303 303 344 415 415 415 
184 184 184 
191 191 
193 270 270 413 413 
68 179 179 179 271 
247 247 247 
81 81 184 
97 171 480 
184 184 426 
76 76 152 184 184 226 364 364 364 410 410 
248 408 
58 58 397 397 408 408 
229 229 
68 68 169 233 425 425 
271 271 271 408 408 408 
347 347 
54 54 76 413 413 
164 164 164 164 177 177 
46 46 
39 485 485 
230 230 283 283 283 283 415 
56 148 191 
159 159 227 
87 150 150 150 370 370 408 408 
184 184 354 396 396 462 465 465 465 
280 467 

212 212 233 233 233 
243 
84 84 85 160 160 
8 224 
76 80 80 96 214 317 317 319 349 354 354 384 384 398 413 413 418 429 429 429 449 467 467 481 
31 73 73 73 94 94 184 263 263 263 336 336 
444 444 
96 165 165 165 314 314 398 413 

314 354 354 
140 140 140 
42 42 42 323 323 
76 162 
321 321 359 
37 37 37 41 184 184 184 
72 72 153 153 244 
358 358 358 
271 271 271 
209 
81 223 261 
39 39 62 62 71 71 159 253 253 369 369 369 369 428 428 
22 22 
407 407 413 
413 
264 385 385 413 
174 174 413 413 
315 315 
207 
184 184 415 
46 46 145 145 145 271 271 381 408 408 427 427 427 452 464 470 
182 

239 239 239 
227 
69 69 173 173 173 236 236 236 283 447 
52 52 52 184 
27 27 47 47 47 47 47 76 76 459 459 
67 281 281 281 298 298 421 421 421 506 
84 84 84 
314 481 
8 196 196 224 
432 432 
274 402 
76 76 456 
5 5 5 31 31 41 41 76 184 184 256 256 271 271 273 307 314 314 319 319 411 462 462 490 490 502 502 508 508 508 
12 184 
236 267 267 267 
431 496 
89 90 193 193 326 326 326 413 413 413 503 503 
61 61 81 81 323 
76 76 

193 413 
182 499 499 499 499 
118 118 262 292 292 292 410 
415 
184 
114 114 496 
401 401 401 
62 62 330 330 330 330 
306 306 
68 68 
106 190 190 
196 196 196 
154 154 154 233 250 271 417 442 442 442 
271 
174 222 222 
225 225 458 

103 103 146 146 
134 
46 46 46 64 64 64 133 139 339 395 395 408 408 
413 413 
415 415 463 
152 152 314 314 
334 334 413 413 
86 198 
124 124 
487 
81 81 82 82 115 130 130 130 142 142 497 497 497 
17 17 
271 
159 227 257 
225 
81 81 
0 381 381 
184 307 307 
58 58 294 294 
314 317 
41 492 492 492 
5 5 50 50 
110 110 247 247 271 368 368 368 
159 219 274 274 352 405 
427 427 
6 92 92 182 189 
39 206 206 239 239 402 
37 
332 332 413 
26 26 87 87 158 248 248 271 271 271 293 294 294 297 297 297 306 306 339 339 381 381 412 412 412 437 437 470 
184 184 184 184 258 
262 262 292 292 364 
354 
271 271 408 408 408 
35 45 74 76 77 92 92 92 128 128 141 155 155 155 161 167 175 182 182 182 187 193 193 220 220 222 243 243 251 251 251 286 286 299 299 314 314 317 332 333 334 335 335 358 358 358 362 382 382 385 385 407 439 448 448 455 494 494 500 500 
22 22 108 
37 57 57 116 129 129 129 177 184 184 184 230 230 230 236 236 269 277 277 283 283 283 303 338 365 383 383 432 463 
65 65 
250 374 
95 95 314 
225 225 
441 441 441 441 
281 347 347 347 
196 196 
76 76 76 

296 296 
184 184 260 291 
271 271 271 282 339 339 339 403 403 
20 20 20 159 159 330 330 
314 314 314 
62 
279 279 357 496 
236 236 351 351 415 460 460 
159 159 159 

449 449 449 

408 408 
236 
45 45 161 161 413 
76 76 186 186 
5 98 225 225 420 420 420 420 
218 218 218 218 250 250 250 271 374 374 374 468 468 

15 59 59 182 182 182 316 316 
41 41 41 
56 191 
344 
128 413 413 
280 280 314 435 435 435 
41 41 99 
184 184 
25 25 25 339 464 464 464 
271 271 271 
4 124 131 131 131 219 232 232 
17 413 
76 76 353 491 491 
41 
225 377 
346 346 
211 432 432 
22 497 497 497 
307 354 354 
383 415 
339 452 452 452 
184 307 307 307 
72 72 89 141 141 141 
215 215 280 280 308 314 314 
123 442 442 
159 159 159 
339 408 
101 170 170 195 267 267 
273 475 
126 
56 487 487 487 
5 472 
10 100 240 240 240 496 496 
39 39 166 166 166 227 
76 76 76 207 207 

127 127 127 290 
314 349 

30 30 30 222 
184 184 
39 302 302 
31 31 120 489 
56 56 235 236 236 236 388 474 474 474 
184 184 
31 120 120 120 486 
51 184 184 184 354 354 
126 185 456 456 
399 399 399 
3 3 102 
243 243 243 413 413 
81 81 
197 197 240 240 265 265 265 357 367 431 476 476 
22 22 22 389 389 389 461 461 461 
160 160 
363 363 363 363 
193 193 193 413 413 
54 
134 134 134 271 271 354 354 
234 234 358 358 
5 88 88 
233 233 238 238 238 238 
347 
104 104 104 
5 5 5 86 86 354 354 354 
76 229 229 229 
159 159 159 
159 159 159 
