Nodes: 512, Edges: 1199
46 46 64 395 
225 225 225 225 
91 91 111 111 183 189 189 
271 271 493 
454 454 
18 34 34 34 50 88 88 88 184 184 184 198 198 225 255 255 273 273 354 400 400 441 441 441 475 504 504 504 508 

233 233 271 
196 196 224 313 313 350 350 350 
271 271 
476 
264 264 
184 202 202 202 355 
76 76 
117 
182 327 327 327 327 444 444 
184 184 
455 455 
5 
104 104 
428 428 
31 31 31 
108 108 115 414 461 461 497 497 
171 290 
76 76 
452 452 

76 76 346 
63 63 63 178 183 
474 
180 180 222 483 
21 21 21 172 172 184 315 354 354 354 486 486 489 
184 
67 192 192 
5 5 5 
210 210 222 309 413 413 
106 
324 324 415 415 
89 89 89 358 
62 62 159 159 159 163 166 166 219 231 241 241 302 330 330 402 405 405 405 485 485 
192 192 236 236 249 249 249 
85 85 85 137 151 156 160 160 184 184 324 354 354 354 399 450 457 457 
321 321 323 
193 193 

76 413 413 
0 0 301 381 381 381 
346 346 346 

236 236 
5 400 400 400 
490 
184 184 345 
225 393 
76 76 299 299 
195 195 236 236 
191 191 236 236 446 474 487 487 
415 415 415 
294 294 
444 444 
104 104 236 236 
81 81 359 359 
39 39 241 241 241 330 330 330 369 369 369 430 
28 28 28 383 463 
0 381 
416 416 416 
141 141 
33 192 192 347 347 347 
287 296 296 371 371 
236 236 236 252 
184 184 258 258 258 
330 330 
325 358 466 
94 94 315 
413 413 
383 383 463 463 
13 13 24 24 27 27 45 54 54 107 162 162 184 186 196 199 199 207 207 208 208 228 229 229 242 245 245 245 292 299 299 314 314 314 322 322 328 328 346 346 353 354 413 423 440 440 456 456 478 501 
119 196 413 413 

236 236 
314 314 418 
61 61 82 82 113 113 184 184 261 261 289 329 359 359 359 389 394 495 
81 81 121 121 121 142 142 143 143 143 329 389 389 
236 236 237 237 
85 312 348 
41 41 41 84 160 312 312 
198 198 386 386 508 
306 306 306 
5 5 5 504 
38 38 38 128 128 358 358 466 466 
358 
2 2 
404 404 413 
236 236 
73 73 315 315 
418 418 418 
314 314 317 

420 420 441 
256 
197 476 476 476 
140 140 471 
117 117 136 136 216 
146 146 146 379 379 425 425 
19 19 60 60 236 237 237 507 507 507 
106 106 184 184 184 190 
36 105 105 190 372 
76 
22 22 115 115 115 336 414 
199 207 
176 247 247 401 401 
2 2 182 182 
184 
81 81 
181 181 181 367 
22 108 108 108 389 
184 415 484 
14 102 102 125 135 135 136 184 236 
364 364 364 
77 122 122 122 222 413 
486 486 486 489 
82 82 82 143 
119 119 119 
468 468 
387 454 454 
117 136 170 
185 473 491 491 
480 480 480 
89 89 413 413 413 
236 415 
389 389 
240 240 454 454 
168 168 
381 381 
380 502 502 
117 117 
102 102 117 125 
41 184 
164 236 236 
381 
101 101 320 320 378 378 
66 66 358 413 413 466 466 
82 82 389 
82 82 82 121 
282 
339 339 339 
103 103 103 379 379 
173 236 236 
191 304 304 
250 250 250 
248 248 248 306 306 306 408 
41 354 
292 292 384 
325 325 325 
374 374 374 
413 
41 
233 233 276 276 
194 194 271 271 
39 39 39 188 188 188 205 205 227 231 305 330 330 330 402 428 469 477 477 477 510 511 511 511 
41 41 85 272 272 498 
413 439 439 
76 76 322 
39 
138 300 
317 317 329 329 
39 39 477 
220 220 
132 132 413 413 413 
296 
125 471 
23 290 290 
31 31 
147 344 
222 222 335 335 413 413 
407 413 413 
110 247 247 247 
283 283 283 300 300 415 415 
28 183 
287 287 287 287 
30 30 
114 114 114 
15 111 111 220 340 340 363 363 404 404 413 413 413 444 499 499 499 
2 28 178 
5 5 5 12 16 16 31 32 41 41 52 52 70 70 76 81 81 105 105 105 112 116 117 137 199 221 236 236 246 246 246 258 267 279 284 291 292 292 307 307 315 324 324 338 345 345 354 354 355 366 409 409 409 415 415 426 426 451 456 456 465 465 484 488 488 490 490 
126 491 491 491 
76 245 245 440 440 

159 159 159 
2 2 404 
105 106 
56 56 148 236 236 236 285 285 304 446 
33 33 40 40 67 67 236 236 281 281 
43 43 286 358 362 362 413 479 500 500 
158 158 
55 55 236 236 267 471 
8 8 76 77 200 290 290 350 350 422 
100 496 496 496 
5 5 86 86 386 386 
76 76 109 184 207 
196 
236 415 
12 12 12 355 
271 271 
267 268 268 268 
159 159 
405 
76 76 109 199 337 337 478 
76 76 
328 328 
35 35 
460 
233 233 310 310 

314 314 
314 314 
102 

442 442 442 
39 232 232 274 402 454 
167 167 182 413 413 413 
184 
30 35 119 174 174 268 314 341 376 413 483 483 483 
329 
8 350 350 350 
1 1 1 1 5 53 259 377 377 393 393 419 419 441 441 458 
292 292 
159 305 305 343 392 477 477 
76 361 
76 76 295 295 509 509 
236 275 275 303 303 415 415 
39 159 
219 219 454 454 
7 7 157 157 212 212 271 271 310 374 374 375 505 505 505 
503 
487 487 
40 40 49 49 55 55 56 56 60 60 69 69 69 79 79 83 83 93 93 104 117 129 138 138 147 147 184 184 191 191 191 192 192 195 195 201 230 237 267 275 275 275 278 283 283 283 344 344 351 351 356 356 415 415 415 432 432 432 438 460 487 
83 83 104 104 236 
505 
342 405 
131 131 476 496 496 
39 39 62 62 62 
76 478 
311 311 413 413 424 424 424 494 494 
325 325 358 358 
76 76 76 186 186 
184 184 184 
110 110 176 176 176 288 401 401 
150 150 150 293 408 
40 40 40 
149 149 149 374 374 417 417 417 442 
270 286 286 286 413 413 
69 

277 277 277 277 277 415 
5 5 443 
99 273 273 
392 
70 70 70 184 409 409 
225 

81 81 329 329 
364 410 
315 
11 11 334 
496 
271 
184 195 204 236 268 356 356 356 471 471 
204 204 204 222 267 
415 415 
251 286 
3 3 7 9 9 158 158 203 203 233 233 266 282 282 287 287 327 339 354 354 374 374 375 375 375 391 401 401 408 408 412 412 427 427 442 453 453 502 502 502 
160 160 
5 5 256 256 354 354 354 472 472 472 475 
219 352 402 402 
230 230 236 236 236 
157 157 
254 254 254 254 254 415 
236 
184 431 
308 308 
192 192 298 298 298 347 347 421 
144 271 271 427 
177 177 177 236 236 236 303 303 303 344 344 415 415 415 
184 
191 191 
193 251 251 251 270 413 413 
68 179 179 179 179 271 271 
247 
81 
23 171 171 196 196 480 480 
184 426 426 
76 152 152 184 184 226 226 364 364 410 
248 408 
58 58 397 408 408 
229 229 
68 68 169 
408 
281 281 281 347 
54 54 76 76 413 
164 177 177 
46 
39 485 
230 230 283 283 283 415 
148 148 191 
159 227 227 392 482 482 
87 87 87 150 150 150 370 408 408 
184 184 354 396 462 465 465 
280 280 467 467 
35 
212 212 233 
243 243 
84 85 85 348 
8 8 
76 76 76 80 80 96 96 214 214 215 215 222 317 317 319 349 384 384 384 398 398 398 413 418 429 449 449 455 481 481 
31 73 94 94 184 263 336 486 486 
444 444 
96 165 165 314 314 398 398 398 

314 354 354 
140 140 
42 42 323 323 323 
76 76 162 
42 321 321 321 359 359 
37 37 41 184 184 
72 153 153 153 244 244 358 358 
358 358 
15 15 15 15 271 
76 76 209 209 
81 82 165 165 223 261 261 
39 39 62 62 62 71 71 159 159 159 369 369 428 

407 407 413 
413 
264 385 413 413 
174 174 413 
108 315 486 
207 207 
184 415 415 
145 145 145 271 381 408 427 427 452 464 464 470 470 
182 182 
222 
239 
227 
173 236 236 283 283 447 447 
52 184 184 
27 47 47 47 76 76 459 459 459 
67 67 67 281 281 298 421 421 421 506 
84 312 
314 
8 8 8 196 196 224 224 224 
236 236 432 
274 402 
76 456 
5 31 31 31 41 41 41 76 151 184 184 271 271 273 273 273 307 319 319 411 450 450 462 462 490 502 508 
12 184 202 
236 236 267 267 267 
367 367 431 496 
38 72 89 89 90 141 193 244 244 325 325 326 326 413 413 466 466 466 503 503 503 503 
61 61 81 81 81 323 323 

228 
193 193 413 413 413 
182 182 499 499 
118 118 118 262 292 292 410 410 
415 415 
184 
114 357 357 496 496 
401 401 
62 62 62 330 330 
306 
68 68 
106 

154 154 154 233 233 250 250 271 271 408 408 417 417 442 442 
233 271 271 271 
222 
225 225 458 458 
140 140 
103 103 146 146 
134 
46 46 46 64 133 133 139 339 395 395 408 
413 413 
63 75 75 415 415 415 432 
152 314 314 314 449 449 
334 413 413 
86 86 198 198 
124 
487 
81 82 82 115 130 130 142 497 

271 
227 257 305 
53 225 225 
81 495 
0 381 381 
307 
294 
314 314 314 317 317 317 
41 492 
5 5 50 50 50 
110 110 247 247 271 271 368 368 
39 159 219 274 274 352 
427 427 
92 92 182 182 189 
39 39 39 206 239 

175 332 332 413 
150 248 271 271 293 294 294 297 306 306 339 374 374 381 412 412 437 437 437 
184 184 184 258 258 
262 292 364 364 
354 
271 271 408 408 
35 35 45 45 74 74 76 77 77 92 119 128 128 128 141 141 155 161 168 168 168 174 174 175 175 182 182 182 193 220 220 220 222 243 243 251 251 286 286 299 314 332 333 334 334 335 358 358 362 362 362 382 382 385 385 407 439 448 455 494 494 500 
22 108 
37 37 57 57 57 116 129 177 177 184 184 201 230 230 236 236 236 254 269 269 277 283 283 283 303 338 338 365 365 383 383 383 432 432 463 463 
65 65 65 
250 250 250 374 374 
80 95 95 95 314 
225 225 
98 98 441 441 
281 347 347 347 
196 
76 
243 243 243 
103 103 
184 184 291 291 
271 271 282 339 339 403 403 
20 20 159 330 
314 
62 
279 357 496 496 
236 236 236 351 383 415 415 460 460 460 


449 
497 
408 408 408 
236 
161 161 413 
76 76 186 186 
5 5 5 98 225 225 420 420 
218 218 218 250 271 374 374 468 468 
255 
15 15 59 59 182 316 316 

56 191 
344 344 
413 
314 314 384 384 435 467 467 467 
41 354 354 462 462 
184 
25 25 339 464 464 
271 271 
4 4 124 124 131 131 219 232 232 
17 17 314 413 
76 76 184 184 353 491 491 
41 41 
225 377 377 
346 346 346 
211 236 432 432 432 
22 22 497 
307 354 354 450 450 
63 75 75 415 415 
339 339 452 452 
184 184 307 307 
72 89 89 141 141 358 358 358 
308 308 449 449 449 
123 123 442 442 
159 
339 339 
101 170 195 267 267 
273 273 273 475 475 475 
126 
29 56 
5 273 472 472 472 
10 100 100 100 240 496 496 
159 159 159 166 227 227 
76 207 242 
193 
127 127 127 290 290 
314 314 
305 305 
30 222 222 222 
116 184 
39 39 302 
31 31 120 120 120 315 315 336 489 489 
56 56 235 235 236 388 
184 184 
31 120 486 486 
51 184 184 354 
126 126 185 185 185 456 456 
399 
3 
243 243 413 413 
81 394 
197 197 197 240 240 265 357 367 367 431 431 476 476 
22 22 389 436 461 
160 
182 182 182 363 363 
193 193 413 
76 
134 134 271 271 271 354 
234 358 358 358 358 
5 5 5 88 
233 233 233 238 
347 
104 104 104 
5 86 354 
229 229 
159 
159 159 159 
