Nodes: 512, Edges: 1199
46 46 395 395 395 395 
225 225 225 225 441 441 
91 91 111 111 183 183 189 189 
271 493 493 493 
454 454 
18 18 18 18 34 34 48 50 88 184 184 225 225 255 279 354 354 400 400 475 475 475 504 508 508 508 
404 
233 233 271 271 271 
196 224 350 350 
271 271 
476 476 

184 202 202 202 355 

117 135 184 
182 182 327 444 
184 184 
390 390 390 455 
5 5 5 5 277 277 277 

428 428 
31 31 
115 115 115 331 414 414 461 461 461 497 
171 290 290 
76 76 
452 452 
408 408 
76 76 76 346 346 
178 183 183 183 

222 222 483 
21 21 172 184 184 184 315 315 354 354 486 486 489 
184 
67 67 67 192 192 
5 5 
210 210 210 222 222 309 413 413 

324 324 324 406 406 
89 358 
62 62 159 159 163 163 163 166 219 219 231 231 231 241 302 330 330 402 402 402 405 405 477 485 485 
192 192 236 249 
85 85 151 151 151 156 156 160 184 184 324 354 399 445 445 450 450 450 457 457 457 
321 323 323 
193 193 

413 413 439 
0 0 301 301 339 
346 346 346 346 
5 

5 400 400 400 

184 345 345 
225 225 
76 76 299 299 501 
195 195 195 236 236 
191 236 487 487 
415 415 
294 294 397 397 397 
444 
104 104 236 236 
81 81 359 
39 39 241 241 330 330 369 369 430 430 
463 463 
381 
193 416 
141 141 141 
33 33 33 192 192 281 347 
169 169 371 371 
252 344 
184 246 
330 
325 358 358 466 
94 94 315 
413 
383 383 463 463 463 
24 24 27 27 27 54 54 78 107 109 109 162 162 162 184 186 186 196 196 199 207 207 207 208 228 229 242 242 245 245 292 314 314 314 322 322 322 328 346 353 353 354 360 360 361 413 413 423 440 478 478 501 501 509 509 509 
119 119 
76 
107 236 
314 418 418 
61 61 82 82 113 113 113 184 184 261 289 289 329 329 359 359 389 394 495 
81 81 121 142 142 143 143 329 329 329 389 389 
236 236 237 
312 
41 41 160 160 160 312 312 
198 198 508 
306 306 408 
5 504 504 
38 128 128 128 128 358 358 466 466 466 466 466 
358 358 
2 2 189 
404 
236 236 236 
73 73 315 315 
418 
317 
171 290 
420 441 441 441 

197 197 476 496 496 
140 195 195 471 471 471 
117 117 117 136 136 
146 146 379 379 425 425 425 
60 60 236 236 237 507 507 
106 106 106 184 184 190 
105 105 105 190 372 372 
76 79 
115 115 414 
76 76 199 207 
176 176 247 247 401 401 
2 2 182 182 
184 184 
81 81 81 
181 367 
22 22 22 108 108 389 
184 184 
14 102 102 102 125 135 136 184 184 236 
364 364 
77 77 122 122 222 413 413 
489 489 
82 143 143 
119 119 

387 387 387 454 454 
117 136 170 
185 185 185 491 491 491 
480 480 
89 89 89 89 413 448 448 
236 
389 
240 454 454 
168 168 168 
381 
380 502 502 502 502 
14 117 
102 102 117 125 
184 
164 236 236 236 
381 381 
101 320 320 378 378 
66 66 66 413 413 413 466 
82 82 389 389 
82 82 121 121 217 217 
282 282 
339 
103 103 379 379 379 
236 
191 
250 
248 248 306 408 
41 41 41 
292 292 364 364 364 384 
325 325 

413 413 
41 41 
276 
194 271 408 
39 39 188 188 188 205 205 227 227 257 305 392 402 428 428 433 469 477 510 510 
41 85 85 85 272 312 312 312 498 
413 439 439 
76 76 76 322 322 
39 39 39 
138 300 300 300 300 
317 317 317 317 329 329 329 
39 477 477 
413 
132 132 132 413 413 
68 68 233 233 296 
125 471 471 471 
23 97 290 290 
31 
344 
222 335 376 376 413 413 
407 413 
110 110 247 247 
269 283 283 283 415 415 
28 183 

222 
114 
15 15 111 111 220 220 340 444 
2 2 28 28 28 178 
5 5 12 14 16 16 31 31 31 32 41 41 52 70 76 81 81 105 105 112 112 116 116 117 117 137 199 213 213 221 236 236 236 258 258 267 267 267 279 284 289 289 291 291 292 292 307 315 315 324 324 324 338 345 354 354 354 355 355 366 366 396 396 396 409 409 415 415 415 426 426 451 456 465 484 490 490 
126 126 126 491 491 
76 76 245 440 440 440 
413 
159 159 159 
2 2 91 
105 106 372 
56 148 236 236 267 267 268 268 285 285 285 304 304 446 446 446 
33 33 40 40 67 67 236 281 281 
43 43 65 286 286 358 413 479 479 500 500 
158 
55 55 55 101 101 236 267 471 471 
8 76 76 200 200 200 290 350 373 373 373 413 413 422 
100 100 496 496 496 
86 86 386 
76 109 184 207 
196 196 196 
236 236 415 415 415 
12 12 12 355 

268 
159 159 

76 76 76 109 199 478 478 478 
76 
328 328 
35 35 35 
460 460 460 
233 310 310 
184 184 
215 215 
214 214 314 314 467 467 467 

143 143 
271 442 442 442 442 
39 39 232 274 274 402 402 454 454 454 
182 182 413 
184 
30 30 35 35 119 174 180 268 268 268 314 341 341 341 413 483 483 

8 313 313 313 350 
1 1 1 1 5 5 53 53 259 377 393 393 419 441 441 458 458 458 
292 
159 159 305 305 305 343 343 477 
76 245 361 
76 295 295 509 509 
236 236 236 415 415 
39 39 39 
219 454 
7 7 169 169 212 238 271 271 296 296 296 310 374 375 505 505 505 505 

487 487 487 
40 55 55 56 60 60 79 83 83 93 93 93 104 104 117 129 138 138 138 147 184 184 184 191 191 192 195 201 201 230 230 230 237 237 237 267 267 267 275 275 275 278 283 283 344 351 351 415 415 415 432 432 438 438 460 460 487 
83 104 236 236 236 
233 505 505 505 505 
342 342 405 
131 476 476 496 496 
39 62 62 
76 76 
311 311 413 413 424 494 494 
325 325 358 
76 76 186 228 
70 
110 110 176 176 288 288 288 
150 150 408 408 
40 
149 374 417 417 417 442 
270 286 413 413 413 
69 
330 
277 283 415 
5 443 443 
273 273 354 
159 392 
184 184 
225 
426 
81 329 329 
364 410 410 
315 315 
334 334 
496 
271 
184 184 184 191 191 195 236 236 236 268 356 356 471 471 
191 191 204 222 222 222 267 
177 415 415 
251 286 286 
3 7 7 7 9 9 158 218 233 233 266 282 287 287 287 297 339 339 374 374 375 375 391 401 401 408 408 408 412 412 412 427 442 442 453 453 502 502 
160 
256 256 354 472 472 472 475 
219 219 352 402 402 
236 236 236 
157 
18 18 18 254 415 
236 
5 184 431 
308 308 449 467 467 467 
67 192 192 298 347 
144 144 271 427 427 
177 177 177 236 236 254 303 303 344 344 415 415 415 
184 
191 191 191 
193 193 251 270 270 413 
271 271 271 
247 247 247 
81 81 184 184 
23 23 97 171 171 196 480 480 
184 184 426 
76 152 152 184 184 226 364 410 410 
408 
58 58 397 399 408 408 
229 229 
169 233 233 233 425 425 
271 408 
281 347 
54 54 413 413 
164 164 164 164 
46 46 
39 485 
283 283 415 415 
191 191 
159 227 227 227 392 482 
87 87 150 370 408 408 
184 396 396 462 465 
280 280 467 
35 
212 212 233 
243 243 
84 85 85 160 160 160 348 348 348 
224 224 224 
76 76 76 80 215 215 222 317 349 349 354 384 398 418 418 429 434 449 455 455 455 481 481 481 
31 31 73 94 94 184 184 263 263 336 336 336 486 486 
444 
96 165 165 165 165 314 398 413 
413 413 413 
354 
140 140 
42 323 323 
76 76 76 162 162 
42 42 321 321 359 359 
37 37 37 41 184 184 184 
72 153 153 244 244 503 503 
358 358 358 
15 
76 209 209 
81 81 82 82 82 165 165 165 261 261 
39 39 62 62 71 253 369 428 
22 
407 413 
413 413 413 
264 264 385 385 
174 413 413 
315 315 315 486 486 

184 415 
46 145 271 271 408 408 408 427 427 464 464 470 470 
182 
222 222 222 
239 239 
227 227 
69 173 236 283 283 
52 52 184 
27 27 47 47 47 47 76 
67 281 298 421 421 506 506 
312 312 312 
314 314 481 
8 8 196 224 
236 236 432 
274 402 
76 76 456 456 
5 5 31 31 41 76 184 184 184 256 273 314 319 411 450 462 502 508 508 
12 184 184 202 
267 267 
367 431 431 496 
38 72 72 89 89 90 90 193 244 326 326 326 413 413 466 503 503 
61 81 81 323 323 
76 76 
76 228 
413 
499 499 499 499 
118 118 152 152 152 262 292 410 410 
415 415 
184 184 
114 357 
401 
62 62 330 
306 
68 68 
106 106 190 
196 196 196 
233 250 271 271 408 417 417 442 
233 271 271 
174 174 
225 458 458 
140 140 
103 103 146 146 146 
134 
64 133 139 139 395 395 408 408 408 
413 413 
75 75 415 415 463 
152 314 449 
334 334 
198 
124 124 124 
487 
81 82 82 115 130 142 142 497 497 
17 17 17 
271 
159 257 305 
225 225 
81 495 495 
0 0 0 0 381 381 
184 184 184 307 307 
58 58 58 294 
314 317 
41 294 492 
5 5 50 50 50 
110 110 271 271 368 
39 39 39 159 219 219 274 274 352 405 
427 427 
6 92 
39 39 239 402 
37 37 
175 332 413 413 
26 26 87 150 158 248 248 271 271 271 293 294 294 297 306 306 339 339 339 374 381 381 381 412 412 437 437 437 
184 184 
262 262 292 292 364 364 
354 
271 271 271 408 408 
35 35 45 45 74 76 76 119 119 128 141 141 141 155 155 161 167 168 168 174 174 175 187 193 196 196 220 222 243 243 251 251 251 286 299 299 317 318 318 318 332 333 333 333 335 335 358 358 362 382 382 407 407 439 439 448 455 494 494 
22 22 108 
57 57 177 177 184 184 184 201 201 201 230 230 236 236 236 254 269 269 277 283 283 283 303 303 338 365 365 383 383 432 463 463 
65 
250 250 250 374 374 
80 80 95 314 314 
225 
98 441 441 441 
347 347 
196 
76 
243 
103 103 103 296 296 
184 184 260 291 
271 282 282 339 339 403 403 
20 20 159 159 330 
314 
62 62 
279 357 357 
236 236 351 415 460 460 460 
159 
314 
449 449 449 
497 
408 408 408 
236 236 
45 161 161 413 413 
76 186 186 186 
1 1 98 98 98 225 225 420 420 420 
218 218 218 218 250 271 271 374 468 
255 255 
15 59 182 316 
41 41 
191 191 191 

128 128 413 
280 314 384 435 435 435 467 
41 41 41 354 462 
184 
25 25 464 464 464 
271 271 
4 4 124 124 131 131 219 219 219 232 
17 314 314 314 413 
184 353 353 491 491 
41 41 41 
225 225 225 377 377 

211 211 211 236 236 432 432 432 
22 22 22 497 497 
307 354 450 
63 63 75 75 75 383 415 415 
339 339 452 452 452 
184 307 
72 89 89 89 89 89 141 358 
215 215 215 280 280 280 308 449 
442 
159 
339 339 
101 101 101 170 170 170 195 195 267 267 
273 273 273 475 475 

487 
5 5 5 273 472 472 
10 10 100 240 240 496 496 
39 159 166 166 227 
76 76 207 207 207 
193 193 
127 127 290 290 
314 314 314 349 
305 
30 222 222 
184 
39 39 302 
31 31 315 315 336 336 489 489 
56 56 235 235 235 236 388 474 

31 120 120 486 486 
184 184 
126 126 126 185 185 456 456 
399 
3 3 3 
243 243 413 413 
81 394 394 
100 100 197 197 197 240 240 265 357 476 476 
22 389 389 436 461 461 
160 
363 363 363 363 
193 193 
54 76 76 
134 134 134 134 271 271 354 
325 325 358 358 
5 88 88 
233 233 233 233 238 238 238 238 
347 347 
104 104 
5 5 5 86 354 354 
76 76 76 229 229 
159 159 

