Nodes: 512, Edges: 713
381 
441 
28 
271 271 493 493 
454 
34 50 88 184 225 273 273 354 400 443 504 508 508 
404 
271 
196 313 313 350 
287 287 
476 
264 264 


117 
59 59 59 182 
184 


104 
428 

115 331 331 414 414 436 436 461 461 497 

76 76 
408 
408 
346 346 
2 178 183 183 
56 56 
180 222 222 483 
279 315 489 
184 307 
67 67 192 
5 
413 

406 406 415 
358 
62 62 62 163 166 219 219 231 267 402 402 402 405 477 485 485 
236 236 249 
85 99 137 156 156 156 160 324 354 354 399 450 492 

193 
137 
76 109 413 
64 339 395 
76 

236 
5 400 400 
490 490 
184 184 345 
225 
501 
93 195 195 236 
29 29 191 304 474 474 487 
415 
294 
15 15 15 444 
104 
81 
39 39 39 
383 463 463 463 
46 381 381 381 
362 
141 
33 33 281 
169 169 179 
236 344 344 
184 184 258 
369 
325 325 358 466 
94 
413 448 448 448 
383 
24 24 45 47 78 78 96 96 109 162 162 186 207 228 229 229 245 295 295 295 295 299 299 319 319 319 322 328 328 346 353 353 413 413 423 423 423 440 
196 413 
76 76 
104 236 

61 82 261 289 329 359 
81 121 121 142 142 143 165 165 389 

312 
41 160 312 348 348 445 
198 198 
306 370 370 408 
5 504 504 

325 358 

182 182 
55 
73 315 315 
418 
76 76 
171 
420 441 
41 354 354 
496 496 
378 471 
117 117 216 216 
146 379 425 
19 60 79 
184 190 190 
372 


45 76 
176 176 176 247 247 401 401 

184 

367 367 
22 
415 415 
14 102 102 125 125 125 135 236 236 
152 152 152 152 364 
222 413 413 

82 82 143 143 
222 

232 232 387 387 
117 117 117 136 136 
185 185 491 
480 
448 448 
236 236 
497 
454 454 
168 
381 
380 
117 
125 125 
41 44 
164 164 236 236 
381 
320 
66 196 358 
82 82 
82 121 121 217 


103 379 379 
236 344 
304 
250 250 
248 
354 
118 118 118 118 292 
325 

413 
41 41 41 354 450 
233 233 276 425 425 425 

402 428 433 469 469 510 510 511 
41 85 312 498 

76 76 322 322 
39 
138 138 
82 82 
39 477 477 
413 
132 413 
68 68 296 296 425 425 

97 290 

344 344 
222 335 494 
187 187 407 
110 110 110 247 247 
300 300 300 415 415 415 415 
28 
68 
30 
367 
15 92 92 340 340 404 404 413 499 
28 28 
5 16 32 52 52 70 70 105 112 221 246 246 258 284 289 292 307 315 338 338 345 354 354 366 396 396 409 426 456 465 465 490 
126 126 491 
76 245 245 440 
175 175 413 
477 477 
351 351 
105 105 372 372 
56 236 267 285 304 304 
33 
43 251 251 286 286 358 362 413 413 479 

55 55 
8 77 141 200 200 290 350 350 373 413 
496 
86 86 386 

196 196 
415 
355 

267 267 268 

405 
76 478 478 
242 


236 
238 

314 
314 
102 102 
143 
271 
39 39 232 274 274 

184 
30 30 119 122 174 314 341 341 341 376 413 483 499 
329 
313 350 
5 53 259 259 377 393 

337 337 337 343 392 
76 
76 76 295 360 360 360 
259 275 406 406 
39 
124 124 219 390 390 
157 157 271 287 287 287 287 375 505 
503 

40 40 49 55 69 79 117 117 129 129 138 138 147 191 211 237 237 252 252 275 275 278 278 283 415 487 
236 236 
212 
405 405 
279 476 496 
430 
208 
311 424 
325 325 325 
76 186 186 
184 184 
110 110 176 176 288 401 
150 
40 
149 149 
193 193 413 
236 236 
330 
415 

271 273 
305 
70 184 409 
225 225 230 367 

81 329 
364 364 410 410 

11 11 334 334 385 


39 191 204 204 268 471 471 
204 267 


3 3 7 218 233 256 282 327 339 354 354 374 375 391 391 401 401 408 412 442 442 453 453 453 

5 5 256 354 354 472 472 
219 219 402 
230 236 236 
157 

236 236 
31 240 
308 435 435 435 449 467 
67 298 347 421 
271 427 427 
236 415 
184 
191 
193 193 413 413 413 
9 9 233 233 233 233 
247 
81 184 451 
171 196 480 
426 
152 184 364 410 
408 
58 397 408 
76 76 76 76 229 
169 169 
408 
281 347 
76 76 
177 177 177 
339 
485 
415 415 
56 148 191 191 
257 343 343 482 
87 
32 184 465 465 465 
280 


243 
84 85 160 
8 8 224 
214 215 222 349 349 384 413 429 434 467 481 
31 94 94 184 336 336 486 
444 
398 413 
413 413 
76 76 76 
140 

76 162 162 
359 
41 
72 72 90 153 244 244 244 358 358 358 
358 
271 
76 76 
81 223 261 432 
253 369 428 428 
22 22 
413 413 
413 
264 264 
174 494 494 
315 315 486 
227 227 227 
184 184 415 
46 271 301 381 427 470 470 
182 182 
222 222 222 

227 305 305 
69 69 147 173 173 447 
52 184 
27 27 76 459 
281 298 421 421 421 506 
85 85 
314 314 481 
8 196 196 224 
189 189 356 432 

76 76 
5 41 41 99 99 151 156 184 184 271 271 273 273 450 462 490 490 502 508 
202 
351 
496 
38 72 90 141 193 325 325 325 326 413 466 466 503 503 
81 323 
229 229 229 

65 193 

118 262 262 292 
415 
184 
114 114 181 259 496 496 

71 330 
87 87 

106 190 190 
196 
271 408 408 417 417 
233 271 
222 
225 458 458 
101 
103 146 146 
134 
0 64 64 64 133 139 339 395 408 
413 413 
63 75 
314 
264 
198 
124 124 

82 497 
232 232 
271 271 
227 
225 
495 
46 381 
184 184 
294 
317 
41 
5 50 50 
110 110 247 271 271 
39 39 39 159 274 405 

6 182 182 
39 206 239 239 402 
37 37 230 230 415 415 
175 413 
25 26 87 271 293 294 297 374 374 381 412 437 470 470 470 
184 258 
262 262 292 

271 408 
35 45 74 76 76 77 119 119 155 167 168 182 187 193 193 196 222 251 286 286 286 314 317 318 318 332 332 333 358 382 382 407 439 448 455 
22 22 
37 57 116 116 177 177 177 177 201 236 254 283 303 303 338 365 406 406 460 460 463 

374 374 
95 

98 441 441 
281 347 347 347 

76 76 76 
243 
103 157 157 157 169 169 
184 291 
282 282 339 
20 159 330 330 
314 
241 
496 496 
329 351 
159 
314 
280 280 280 
22 22 
408 
487 
413 
76 186 
1 98 420 420 
271 271 468 
5 
59 316 
85 

344 
74 74 74 128 128 413 
280 467 467 467 
41 156 354 462 462 
289 
464 
271 271 271 
4 131 131 
413 
184 491 

377 377 
346 
415 415 
22 22 497 497 
354 450 450 
63 63 63 415 
452 
184 184 307 307 307 
72 358 358 
280 314 449 449 449 
442 
159 159 511 511 
339 339 408 408 408 
101 267 267 
273 273 475 
491 
56 56 487 
472 
10 240 496 496 
39 166 166 188 188 
207 207 
193 
127 290 
314 349 
305 
30 222 

39 39 302 
315 336 489 489 489 
56 236 438 474 

31 486 486 486 
51 51 184 354 354 
126 185 456 473 
41 
3 3 
174 335 335 
394 
100 100 197 240 357 367 367 431 431 476 476 
22 130 389 461 461 
160 
182 222 

54 
354 
234 358 358 
5 88 88 
233 
347 

5 5 354 

159 159 
159 469 469 
