Nodes: 512, Edges: 713
381 
441 441 
28 111 182 183 
271 493 
454 454 
34 88 88 198 198 354 354 400 443 443 508 
404 
233 233 
224 313 313 
287 

264 264 
184 202 355 
76 
184 
59 182 182 
184 

420 
104 104 
428 428 

331 389 389 414 414 414 497 497 
290 290 
76 
408 
158 
76 346 346 
2 178 

180 222 222 483 
184 315 315 489 
184 
192 
5 
210 210 
106 
57 406 406 415 415 
358 
159 159 163 163 219 241 302 330 330 405 405 477 477 485 

137 156 160 354 450 492 
321 323 
193 
137 
76 76 413 
64 64 339 395 
76 346 346 



490 
184 184 345 
225 
299 501 501 
93 195 236 
304 304 304 446 474 487 
37 415 
294 397 
15 
104 104 236 236 236 
359 359 
241 
75 383 463 
46 46 395 

141 
192 347 
179 296 
236 344 
184 246 246 258 

325 358 358 466 
94 94 315 
448 
63 383 
13 24 27 45 45 47 78 78 96 96 96 96 107 109 109 162 162 186 199 207 207 208 229 229 245 295 299 299 299 299 319 322 328 328 346 361 440 440 456 509 
196 
76 76 

418 
82 82 113 113 113 184 184 184 261 289 289 289 394 394 495 
81 81 121 121 142 143 165 165 
104 104 236 236 438 438 
85 312 348 
84 160 160 348 
508 508 
306 408 408 
5 5 504 
358 
325 358 358 

404 413 413 
55 
73 73 

76 76 76 76 
171 290 290 
420 420 

496 496 
378 471 471 
216 
146 379 
19 19 60 60 83 83 138 
190 
36 190 
76 
414 414 
76 76 199 
247 401 401 
2 

81 81 81 


415 
184 
152 152 262 
222 222 413 413 
486 
82 82 143 143 
222 222 
381 468 
232 232 
136 136 
491 
480 
448 448 
236 236 415 


168 
381 
354 380 380 

125 125 
41 44 
104 164 164 

320 320 
66 358 358 
82 389 
82 121 121 217 
282 
339 339 339 
103 379 379 
236 344 
304 
250 417 
408 408 
354 
118 118 292 
325 

413 
41 399 450 450 
425 
26 194 194 271 271 408 
39 39 188 231 231 330 402 433 433 469 477 511 
41 85 85 272 312 498 498 
413 
76 76 
39 39 
138 138 
82 82 329 329 

413 413 500 
132 413 413 
233 296 425 425 

97 290 290 480 

344 
222 
187 407 407 407 

300 415 415 
28 
68 
30 222 222 
367 
2 15 15 220 220 340 363 413 
2 
12 14 16 31 32 52 52 70 81 81 81 117 213 221 258 260 279 279 284 284 291 307 324 338 345 354 355 426 
491 491 
76 245 245 245 
175 413 
159 477 477 
351 351 
105 106 372 
236 268 285 
33 67 236 236 
43 251 358 358 413 500 
158 158 
55 236 471 
77 290 350 373 413 
496 496 
5 5 386 508 508 508 
76 109 

236 415 415 415 
12 355 
271 
267 267 

405 405 
76 76 
76 242 
328 
35 35 

310 
184 
215 215 314 314 
214 214 314 314 314 
102 
143 

39 274 402 454 
182 182 
184 
30 30 119 119 122 122 174 180 180 341 341 376 376 376 499 499 
329 
8 350 
53 259 259 377 377 393 393 458 
292 
337 337 343 343 392 392 477 
336 
76 76 360 360 
236 275 303 406 406 415 415 
159 159 
124 124 390 390 454 
7 7 169 238 271 287 296 374 505 
503 

55 60 60 60 69 83 83 129 129 147 191 192 192 195 201 230 237 252 252 252 278 278 278 283 351 415 415 432 460 487 
236 
233 
342 342 405 
279 496 
39 62 
208 
311 311 413 494 
325 325 358 
76 186 186 186 
70 70 
110 288 288 
408 

149 442 442 
193 286 
236 236 236 



271 
305 305 
70 184 
225 225 367 
184 
81 329 329 
118 410 
315 
11 11 334 334 385 
496 

204 204 356 356 356 471 
191 

286 286 
3 158 158 203 233 256 327 327 374 374 375 375 412 427 442 453 
160 
354 354 472 475 
219 402 
230 

415 
236 236 236 
184 184 240 
435 435 435 449 467 
298 298 347 
144 427 
236 
184 184 
191 
251 270 270 413 413 
9 233 
247 247 
81 81 81 451 451 451 
23 23 97 97 171 171 196 480 
184 426 426 426 
152 226 364 364 410 410 410 

58 408 
76 
68 169 233 
408 
281 281 347 347 
54 76 76 76 76 
177 
339 339 339 
39 
230 
56 56 56 148 
257 257 343 343 343 343 482 
87 408 
184 396 465 
467 

212 
243 243 
84 160 
8 8 
214 214 215 215 215 317 349 413 413 418 434 434 455 467 481 
31 31 73 263 486 

314 398 398 413 413 

76 
140 140 
42 323 323 
76 
42 321 321 359 
184 
72 90 153 244 244 358 
358 
271 271 
76 76 209 
165 165 223 261 261 
39 39 159 369 
22 

413 
264 264 413 413 413 
494 494 494 
228 486 
227 227 
184 
46 145 145 145 301 301 301 381 381 408 408 427 452 452 464 470 
182 
222 222 
239 239 
227 227 305 305 305 305 
69 147 173 447 447 447 
52 184 
27 27 47 47 76 459 
67 281 298 298 506 
84 85 
314 481 
196 224 
189 189 236 356 356 432 
402 
456 456 
5 5 41 134 151 184 273 273 411 411 462 462 502 502 508 
12 184 202 
267 267 267 351 351 
367 367 431 496 
38 72 72 89 90 90 141 141 193 193 244 325 326 413 500 503 
61 61 323 
229 229 
76 

182 
292 292 


181 259 357 357 496 
401 401 
330 


190 
196 
233 271 271 417 417 
271 271 
222 222 222 
225 225 458 
101 
103 146 146 
134 134 
0 123 133 339 339 408 

63 75 432 432 
449 
264 413 413 
198 

487 487 
22 22 142 497 
232 232 

227 227 
225 225 
81 81 
46 64 
307 
58 
317 317 
156 
5 
110 110 368 368 
159 219 274 352 

6 92 
39 39 206 206 239 
37 37 230 230 415 
175 175 175 413 
25 87 87 150 150 158 248 294 297 306 339 339 381 437 470 

262 292 292 292 
354 354 
271 
45 92 92 119 119 155 161 167 167 168 168 182 187 193 196 243 286 286 314 314 317 317 333 334 334 334 358 385 385 407 448 448 448 455 455 500 
22 22 22 108 108 
37 37 57 116 129 177 177 201 201 201 230 230 236 236 277 406 

149 374 374 
80 314 

18 98 98 441 441 




157 169 169 
184 291 291 291 
271 282 339 
20 20 


357 496 496 
236 351 383 383 
159 159 
314 314 
280 280 280 449 

408 
83 83 487 

76 76 
1 1 420 420 
250 250 271 468 
5 5 

450 450 450 
56 
344 344 344 
74 128 128 413 413 413 
280 384 435 467 467 
41 156 156 445 445 445 
289 289 289 
339 339 464 
271 
4 4 219 232 
314 413 413 
76 353 353 491 491 491 

225 377 
346 
236 

354 354 
63 
339 452 
307 
72 
280 308 314 449 449 
123 442 
159 
339 408 
101 101 195 267 
273 

56 487 
273 
496 496 
39 39 159 188 188 227 


127 171 290 
314 349 
305 
30 

39 
120 315 336 489 
56 236 388 388 438 474 

31 486 
51 
126 185 185 456 456 456 
41 
3 
243 335 335 335 
81 
100 100 197 197 240 265 357 367 431 431 476 476 
22 22 389 
160 160 
222 222 
167 193 358 413 
54 54 
354 354 
234 358 
88 
233 
347 

5 86 86 198 198 198 354 
76 

159 
