Nodes: 512, Edges: 713
381 
441 
28 28 91 91 111 182 183 
493 
454 
48 198 255 279 354 400 400 441 441 443 443 443 504 508 
404 
233 233 271 271 
196 
287 


184 

117 125 184 
182 444 
184 
390 390 
420 
104 104 
428 

108 108 108 331 389 389 414 414 436 436 461 497 497 
290 290 

408 408 408 

76 346 
2 2 178 183 
56 
222 222 483 
172 184 279 315 354 354 

67 192 192 

158 158 158 210 222 413 413 
106 106 
57 415 415 

62 159 163 166 166 166 219 219 241 267 402 405 477 
192 249 249 
99 99 137 151 156 160 324 354 354 445 450 457 492 
321 323 323 

137 
413 439 
381 381 
76 346 
5 

400 
484 490 490 
184 184 
225 225 
76 76 299 501 
93 93 195 236 
29 191 191 236 446 
37 
294 

104 236 236 
81 359 359 
39 
463 
381 
362 
141 
33 192 192 281 281 347 
179 371 
344 
184 246 258 258 

325 358 466 
94 94 94 315 315 
413 

27 47 54 54 78 78 96 107 162 186 199 199 207 208 228 229 245 245 295 295 299 299 314 322 322 322 328 346 346 440 

76 76 
104 236 
314 418 
61 113 113 184 184 184 289 289 359 389 394 495 
121 142 143 165 
104 236 236 438 438 
312 348 
160 312 348 445 
198 198 198 198 508 508 
306 306 306 370 408 408 

358 
358 
2 2 
404 
55 55 
73 73 73 315 
418 418 
76 
171 290 
420 
41 41 
496 496 496 
378 
117 117 
379 379 425 
19 19 60 79 83 138 138 237 237 507 507 
190 
36 36 372 372 
76 
22 22 22 

176 247 401 
2 
184 
81 81 
367 
389 
184 
14 102 102 125 125 236 236 
152 152 262 
222 222 

82 143 
222 
468 
387 454 
14 117 117 136 136 
185 491 
480 480 
413 448 448 
236 415 415 
497 
454 
168 

354 380 380 

125 125 
41 44 184 
104 104 164 164 236 236 236 


66 196 358 
82 389 389 
82 121 217 217 
282 
339 

236 344 
304 
250 417 417 
248 408 
41 
118 118 292 
325 325 
374 
413 
41 450 
233 276 425 
35 35 35 194 
39 188 205 205 227 231 330 402 428 428 433 469 469 511 511 
41 85 272 312 312 
413 
76 322 
39 
138 138 
82 329 
39 39 39 
413 413 
132 413 
233 425 
471 
97 290 480 
31 
344 
222 222 335 
187 187 
110 
300 415 
28 
68 
222 222 222 

2 15 340 340 363 404 413 413 413 444 
2 28 
12 14 16 31 52 52 70 81 81 81 112 116 137 213 221 236 236 236 246 260 260 260 267 279 289 292 307 307 324 324 345 354 354 355 396 396 415 415 426 456 465 465 465 484 484 484 488 
126 491 
76 245 
175 175 413 413 
159 
351 
105 372 
56 56 236 267 285 285 285 304 304 304 
33 33 40 67 67 236 281 
251 251 358 362 362 500 500 
158 
55 236 
8 141 200 290 290 350 422 422 422 

5 86 86 86 86 
76 76 207 314 
196 
415 

271 
267 267 268 268 
159 159 

76 199 337 
76 
328 
35 309 
236 
238 238 
184 
215 215 
214 214 314 

143 143 
271 
39 39 232 274 
494 494 
184 
30 30 35 119 119 122 174 174 180 180 180 309 314 341 376 376 376 499 499 
329 329 
313 
53 53 259 377 393 393 419 419 
292 
159 337 343 392 
76 245 
76 360 360 
236 236 259 275 406 406 415 415 
159 
219 
7 7 157 169 238 287 310 310 374 505 505 
503 
487 487 
55 56 60 60 79 83 83 117 117 129 138 138 138 147 184 184 184 191 192 195 211 230 230 275 278 283 344 344 351 415 415 432 
104 104 
212 212 233 
405 
476 496 496 
39 430 430 430 

311 494 494 
325 
76 76 186 228 
70 184 
110 288 
150 408 
40 40 
149 374 417 417 
193 193 413 

330 

5 
271 271 273 
305 
70 70 
225 230 367 
184 184 184 

118 364 

334 334 385 385 

493 
39 184 191 204 204 356 471 
204 204 
415 
286 286 
7 7 203 218 256 256 282 282 282 354 354 374 375 401 408 408 427 442 453 453 
160 
256 354 475 475 
219 402 
230 236 
157 

236 
5 31 184 
308 435 
67 67 192 347 421 421 
144 271 271 271 
236 

191 191 191 
270 270 
9 233 
247 
81 81 184 
23 23 97 171 196 196 480 

152 184 226 364 410 410 
408 
58 397 408 
76 76 509 



54 76 76 413 
177 
339 339 
485 485 485 

148 191 191 191 
257 343 343 392 
87 87 87 408 408 
184 184 354 354 396 396 
280 
210 222 
233 233 
243 
84 85 160 160 
224 
76 80 199 215 222 317 349 384 384 398 413 418 429 434 434 449 467 
31 73 73 94 336 486 486 

314 



42 
76 76 76 162 
42 42 359 
41 184 184 
72 153 153 244 358 358 358 358 


76 209 
165 223 223 
159 253 369 428 
22 
413 413 

264 264 385 413 
174 413 494 
315 486 
207 227 

145 301 301 381 408 427 464 470 
182 182 
222 

227 305 305 
69 147 173 236 236 447 
184 
27 47 76 76 
67 281 421 
84 85 
314 
196 
189 236 356 356 356 432 


5 31 31 41 41 134 184 184 271 271 273 307 307 411 462 490 502 508 508 
184 
267 351 351 351 
367 367 
72 89 90 141 193 325 325 325 325 503 
61 61 81 323 
229 229 

65 193 193 413 
182 
262 292 
415 415 

114 259 357 357 496 496 496 
401 401 
330 
87 
68 
106 106 190 

154 233 250 271 408 417 417 442 442 
271 
222 222 222 
225 458 458 
101 
103 103 
134 134 
0 46 46 64 339 408 
413 

314 314 
264 264 334 413 413 

124 
487 
22 22 81 115 142 142 497 
17 17 

227 305 
225 225 
81 495 495 

184 184 307 307 
294 
314 

5 5 50 
110 271 368 368 
39 159 274 405 

6 92 182 
39 239 402 
230 230 415 
413 
25 25 25 87 87 150 248 271 271 293 294 306 306 339 374 381 470 470 

292 292 
354 

35 35 45 74 128 155 161 167 167 168 182 182 182 187 187 251 299 314 332 332 334 335 362 382 385 385 407 494 
22 22 
37 37 129 129 177 184 184 201 230 230 236 236 269 365 365 406 432 460 463 

149 149 250 250 374 374 
80 95 95 314 
225 225 
18 98 441 441 
281 281 347 
196 196 196 


103 157 169 
184 
271 339 
20 159 159 330 
314 
241 241 241 
496 
236 351 415 
159 
314 314 
280 449 
22 22 

83 83 
45 
76 
1 5 5 420 420 
271 374 374 468 468 468 
5 5 5 
15 182 
41 85 450 450 
56 
344 
128 128 
314 435 467 
41 156 445 445 462 462 

464 
271 271 
4 124 131 

184 491 
41 
377 377 

415 
22 
354 450 450 
63 415 
339 452 
184 184 184 
72 
314 449 
123 442 442 442 
159 159 511 511 
339 408 408 
170 267 
475 


273 273 472 
240 
39 


127 127 171 290 


30 
51 184 184 184 
302 302 302 
315 315 336 489 
235 235 388 
184 
486 
51 51 354 
126 185 456 
41 
3 266 
220 220 243 243 335 413 
81 394 394 
100 100 100 240 240 367 367 367 431 
22 22 130 389 

222 222 
193 193 
54 
354 
234 358 
5 
233 233 

104 104 
5 86 86 354 354 
295 

159 159 469 469 
