Nodes: 512, Edges: 713
381 381 

91 111 111 182 183 
271 271 493 
454 
34 50 50 88 88 88 184 184 225 255 273 273 400 400 504 


196 196 224 224 313 
287 
476 

184 184 355 
76 
117 184 
59 182 182 
184 

420 
104 
428 428 

108 331 331 389 389 414 436 436 461 461 461 497 
290 290 

408 408 
158 408 
76 
183 
56 56 
180 222 
172 279 279 315 354 486 489 
184 
67 192 
5 
210 413 
106 
406 406 415 
358 358 
159 219 241 330 402 402 405 485 
192 236 236 
99 156 184 184 324 324 354 399 450 450 457 492 492 
323 

137 
76 413 439 
339 395 
76 346 


5 5 400 
484 
184 345 
225 225 
76 299 
93 93 195 195 236 
29 29 191 236 446 
415 415 

15 444 444 
104 
81 359 359 
241 
383 463 
381 
416 
141 141 
33 192 192 281 281 347 
179 296 

184 246 258 

325 325 325 358 358 466 
94 315 
413 448 448 448 
383 463 
13 27 45 47 54 78 78 78 96 162 162 186 186 228 229 245 245 295 295 295 299 299 319 322 322 322 328 346 423 440 440 440 456 456 478 478 509 
196 413 
76 76 76 
236 
314 314 418 
61 82 184 184 261 289 329 389 389 394 
81 121 142 142 143 165 165 389 
104 236 
85 85 312 312 
84 84 312 348 

370 370 
5 5 5 504 
358 

2 
182 404 413 
55 55 
73 
418 418 
76 
290 
420 441 
41 
496 
140 195 378 
117 117 136 136 
146 146 379 
19 60 83 236 507 507 
184 190 
36 

22 414 

176 176 401 
2 2 
184 184 



415 
14 102 102 125 135 236 

122 222 

82 143 
119 
381 468 
232 387 454 
117 
185 491 

413 413 413 448 448 
236 415 

454 

381 381 
380 
117 
102 102 
44 184 184 
164 236 
381 381 
101 320 
66 66 196 196 
82 82 389 
82 121 217 217 
282 
339 
103 103 379 
236 344 
191 304 
250 417 
248 248 408 
354 

325 
374 374 
413 
41 
276 425 
26 194 194 271 
39 188 227 231 231 305 305 330 330 330 402 428 433 433 477 477 510 
272 272 
413 439 
76 76 322 

138 
82 82 
477 
500 

233 233 296 425 
471 
290 480 480 
31 

222 
187 187 407 
110 110 247 
300 300 300 415 415 
183 183 
68 
30 
367 367 
2 15 15 92 363 404 444 
2 28 178 178 
5 5 12 12 14 16 32 41 41 52 70 81 81 105 112 112 137 137 246 260 260 260 284 307 354 354 354 355 355 366 366 396 396 396 409 409 426 426 465 465 488 490 490 
126 
76 76 245 
175 175 
159 477 
351 
105 
56 148 236 304 304 
33 40 67 67 236 
251 286 479 
158 158 
55 55 101 236 267 267 
8 8 77 141 141 350 373 373 373 422 422 
496 
386 508 508 


415 
355 355 355 
271 271 
267 268 



242 
328 
35 

310 310 

314 
314 314 314 

143 143 
271 271 
39 274 274 274 454 454 
494 494 494 

30 119 174 341 376 376 376 413 413 483 483 

8 8 313 
5 53 53 393 393 393 419 458 

159 257 337 337 337 337 343 392 392 477 477 
76 
76 
275 303 406 
159 159 
124 390 454 
169 169 271 287 287 310 310 505 
503 
487 487 
40 40 55 56 79 83 104 117 129 138 147 191 192 195 252 267 275 275 278 278 283 344 351 432 438 460 487 487 


342 405 
476 
39 62 430 430 
208 
311 311 311 424 424 494 
358 
76 76 186 
70 184 
176 401 401 
150 150 

149 
193 413 413 
236 
330 
283 415 
5 
271 
227 
70 
367 367 
184 184 184 
81 329 
364 410 410 
315 315 
385 


195 195 204 236 356 471 
204 
415 415 

3 3 158 203 203 218 218 233 256 282 282 297 297 297 339 339 339 354 354 374 374 408 408 412 412 412 427 427 453 453 
160 160 
5 5 354 475 475 
219 219 219 402 
230 236 236 
157 
415 415 
236 236 
31 31 
435 435 467 
67 67 298 298 347 421 
144 271 271 427 
236 254 415 
184 

193 413 
9 233 233 

81 451 
23 23 97 171 
426 
410 410 410 

397 
76 76 76 509 
68 169 
271 271 271 408 408 
281 281 
54 76 76 413 
177 177 177 
339 339 339 
485 485 
230 
148 191 191 
159 159 343 343 392 392 
370 408 
184 354 396 396 396 465 


212 212 233 233 
243 243 243 
84 84 85 
8 224 
80 80 214 215 215 215 349 413 418 429 429 429 434 434 449 481 481 
31 73 263 263 336 
444 
398 398 413 
413 413 
76 
140 

76 76 76 162 
42 359 359 
41 41 
72 72 72 153 358 358 358 
358 

76 209 
81 261 
39 159 159 159 253 369 369 428 428 
22 22 
407 407 413 

413 
494 494 
315 
227 227 227 227 
415 
46 145 271 271 271 301 301 301 427 452 452 

222 
239 
227 305 305 
147 236 
52 
47 76 459 459 
67 281 421 421 506 
85 
314 481 
196 
189 236 356 356 356 432 
402 

31 41 151 184 184 184 271 271 273 307 411 411 450 502 502 508 
12 184 184 202 202 202 
267 351 351 351 
367 431 496 
38 38 72 72 89 244 325 325 325 326 466 466 500 503 503 
61 61 323 323 


413 
182 
262 

184 184 
181 181 259 259 357 496 

330 330 
87 87 306 


196 196 196 
154 154 271 271 408 417 442 

222 222 222 
458 
101 
103 146 
134 
0 0 64 123 133 133 139 139 395 395 
413 
63 75 415 415 
449 
264 413 
198 
124 
487 
22 22 81 81 82 142 497 497 497 
232 

227 227 305 305 
225 225 225 
81 495 
46 381 381 
184 184 184 307 307 307 
294 
317 317 
41 
5 5 50 
110 247 247 
39 39 159 274 352 405 405 

92 182 
39 239 402 402 
37 37 230 415 
175 332 332 413 
25 25 26 150 271 271 297 297 306 374 412 470 
184 184 
262 262 292 292 292 
354 354 
271 271 271 408 
35 45 74 77 92 128 128 128 155 161 222 222 251 251 286 299 314 317 318 318 332 334 362 382 385 407 448 494 
22 108 
37 57 57 116 129 177 177 201 254 269 269 277 277 283 338 383 383 406 432 460 460 
65 
149 374 
80 95 95 314 
225 
18 98 441 
281 347 347 
196 196 
76 
243 243 
157 169 
184 184 291 
271 271 282 339 
20 20 159 330 330 
314 314 314 
241 241 
357 496 
236 351 415 
159 159 
314 314 
280 280 
22 22 

236 
45 161 
76 76 76 
98 420 
374 468 

59 59 182 316 
450 450 
56 

74 74 74 128 128 413 
314 384 467 
41 41 354 445 445 
289 
339 339 464 
271 271 
4 124 131 219 219 232 

76 76 
41 
225 377 
346 346 
236 415 415 
22 22 22 497 497 

63 75 
452 
184 184 307 
72 358 358 
280 449 
123 442 
511 511 
408 
170 267 
475 475 475 

487 
273 273 472 472 472 
10 240 496 496 496 
159 159 166 188 227 227 
76 76 
193 
171 171 
314 314 349 

222 222 
51 
39 302 302 
31 489 
235 235 236 236 388 474 
184 
31 486 
184 184 
126 
41 41 
3 
220 220 220 243 335 335 413 
394 
100 197 357 367 431 476 476 476 
22 389 389 389 461 461 


167 358 

354 354 
234 358 358 
5 88 
233 
347 
104 104 
198 198 354 
76 295 
159 
469 469 
