Nodes: 512, Edges: 713
381 381 

28 28 91 91 111 111 182 182 182 183 
271 
454 454 
34 34 48 50 88 88 88 184 255 400 441 443 475 504 
404 404 404 
233 
313 
287 287 287 


202 
76 76 
117 184 

184 

441 
104 

31 31 
108 331 389 414 414 414 461 
290 

408 408 
158 158 
346 
2 2 178 178 183 
56 56 56 
180 180 222 222 
21 21 172 172 279 315 354 486 489 

67 
5 5 
210 

415 
358 
62 62 159 159 219 219 231 241 241 267 302 405 405 477 
192 236 
85 151 160 184 184 324 450 457 457 492 492 
323 323 

137 
413 413 439 439 439 
64 339 381 395 
346 346 346 
5 
236 
5 400 

345 
225 
76 501 
93 236 
29 29 29 191 304 487 

294 
444 
104 104 236 
359 
39 39 241 
383 383 383 383 
46 381 395 
362 362 
141 141 
33 192 281 347 
169 296 371 
344 344 
184 246 
369 
358 358 358 466 
94 463 


13 13 54 78 96 96 96 107 162 162 162 186 207 208 208 228 228 229 229 229 242 245 245 292 295 299 299 299 319 322 322 328 346 413 423 440 456 509 
196 413 
76 
236 
314 
289 359 389 495 
121 121 142 143 165 
236 236 438 438 
85 312 
41 84 160 312 
198 508 508 
306 370 370 
5 5 5 504 
358 358 

2 2 
182 404 413 413 
55 
73 315 

76 76 76 
171 290 
420 441 

476 496 
195 195 195 378 378 471 
136 216 
146 379 379 
19 60 60 138 237 
184 184 184 190 190 
190 190 372 372 372 
76 
22 414 
199 199 
176 247 247 247 401 401 401 401 
2 2 
184 184 184 

367 367 

415 415 415 
14 125 135 184 184 
152 152 152 
122 122 222 222 413 
486 
82 82 143 
119 119 222 
468 468 
232 232 387 
117 
185 185 185 
480 480 
413 413 448 
236 415 
497 

168 
381 
354 380 
117 
102 
44 184 184 
104 164 164 236 236 
381 381 

66 66 196 
82 389 389 
82 121 217 
282 
339 
103 379 
344 
191 304 
250 
248 248 408 
41 
118 118 118 292 
325 

413 413 
399 450 
233 233 233 276 
26 26 194 
39 39 188 205 205 227 231 330 402 402 428 433 433 477 510 510 
41 85 272 272 
413 439 
76 76 76 322 322 

138 138 
82 

500 
132 413 
68 233 296 425 425 425 425 
471 471 
97 290 480 
31 31 
344 
335 
187 407 
110 247 247 
300 300 300 
28 28 

30 30 222 
367 367 
2 2 2 92 340 363 404 413 413 444 
2 28 
5 14 16 41 41 70 105 105 105 112 112 112 117 117 137 137 221 258 291 324 324 338 345 345 345 354 354 366 396 409 426 426 465 484 490 490 490 
126 126 126 491 491 
76 245 245 
175 413 
159 477 
351 
105 105 106 106 372 372 
56 148 236 236 268 268 304 304 446 446 
40 67 236 236 281 
251 251 286 362 413 479 500 
158 
101 101 101 236 
77 141 290 350 373 413 422 
496 496 
86 386 386 386 
109 109 

415 
12 355 

268 
159 159 
405 
76 478 478 
76 76 
328 
35 309 
236 
310 

314 
467 
102 
143 
271 
39 39 274 454 

184 
30 30 119 119 122 180 341 376 376 483 499 
329 
313 313 
53 393 419 
292 
159 337 337 343 343 392 
76 76 
76 76 76 295 360 360 361 
275 303 415 
39 159 
124 124 390 390 454 
7 157 157 157 169 287 287 296 310 310 374 374 505 
503 503 
236 
40 49 55 60 79 83 83 129 138 138 191 191 192 192 195 211 235 237 252 252 267 275 344 344 415 415 432 460 
104 236 

342 405 405 
279 279 279 
39 39 62 
76 
424 494 
325 358 
76 76 186 186 
70 
110 110 110 176 176 288 401 
150 150 

149 374 374 417 417 442 442 
193 193 286 
236 236 

283 
5 
271 
337 
184 409 409 
367 441 


364 410 
315 315 
334 
496 496 
493 
39 236 471 
191 191 204 
415 
286 
3 218 256 282 327 354 374 374 408 408 412 453 
160 160 
475 
219 402 
230 236 
157 
415 

31 240 240 240 
308 308 435 435 449 467 
67 192 421 
144 271 
254 415 415 


193 251 270 413 413 
9 9 9 233 233 
247 
81 451 
23 97 171 196 
184 426 426 
76 152 226 364 410 

58 408 408 
76 229 
68 169 233 
408 

76 76 76 413 
177 177 177 

39 485 
230 415 
56 148 191 191 
343 343 343 392 392 482 
87 370 408 
354 396 465 
280 280 
210 
212 233 233 

84 85 
8 224 224 
80 214 317 317 384 384 398 398 413 413 418 429 434 455 455 455 481 481 481 
31 94 263 263 
444 
314 314 
413 413 
76 

323 
76 76 162 162 
42 42 321 359 359 
41 184 184 
153 244 358 

271 
76 209 
223 
159 369 428 
22 
407 413 

264 385 
174 
486 
227 227 257 
184 
46 145 381 408 408 427 464 470 470 
182 
222 
239 
227 227 305 305 305 
69 69 147 173 236 236 447 447 
52 184 184 184 
27 47 47 47 76 
67 506 506 

481 
196 
189 356 432 
402 402 

31 134 184 184 271 307 411 411 462 462 502 502 
202 
351 
367 496 
38 72 72 72 89 89 244 325 413 466 500 503 
61 81 323 323 
229 229 
229 
65 65 193 413 413 
182 
262 292 
415 
184 
114 114 181 181 259 357 496 496 

71 330 
87 87 306 
68 
106 106 106 190 190 
196 
233 233 250 250 271 271 408 417 417 442 

222 222 
458 
101 101 
103 103 146 
134 
0 0 46 64 133 139 139 339 408 408 

63 63 63 63 415 
314 314 
334 
198 198 198 
124 
487 487 
22 81 142 142 497 497 
232 232 

227 305 305 
225 

46 64 
184 307 

314 314 
156 
5 50 
110 110 110 110 247 
159 159 274 352 352 405 
427 
6 6 6 92 182 
39 39 206 239 239 402 
415 
175 332 413 413 
25 25 150 271 271 294 294 297 306 339 339 374 381 381 470 
184 258 258 
262 292 
354 354 
271 
45 45 76 77 92 92 119 128 128 155 155 161 168 182 182 187 193 196 286 286 299 314 314 318 318 332 358 362 362 407 407 439 439 448 448 455 
22 22 22 108 
37 116 116 116 129 201 230 236 236 269 277 283 283 303 365 383 406 460 460 460 463 463 

250 250 374 374 
314 
225 
98 
281 
196 
76 
243 
169 169 169 169 
184 184 291 291 
339 403 
159 330 
314 

496 
236 351 
159 159 
314 
280 280 


83 83 487 
45 45 45 161 413 413 
76 
5 18 98 259 
250 250 374 468 
5 
59 182 316 
450 
191 191 
344 344 
128 413 413 
280 467 
41 156 445 462 
289 
464 464 
271 
4 4 219 232 
314 314 314 413 
76 491 
41 41 
377 

236 415 415 415 
22 
354 354 450 
73 415 415 
339 452 452 
184 307 
72 358 
215 280 449 
123 123 442 
511 511 
339 339 408 
101 170 170 267 
475 
491 
487 
5 273 472 
100 
39 159 188 
207 207 
193 
127 127 171 
314 314 314 349 
305 
222 
184 
302 
31 120 336 
56 388 388 438 474 

31 
184 184 184 
185 185 456 473 
41 41 
266 
243 
81 
100 197 197 265 265 357 367 367 431 
130 389 389 

222 
167 193 358 
54 
354 354 
234 234 358 
5 88 
233 
347 347 

86 86 
76 
159 159 
469 469 
