Nodes: 512, Edges: 713

441 441 441 
28 28 182 183 
271 493 
454 
88 88 88 88 184 184 198 225 255 273 279 354 400 441 475 475 504 508 
404 404 404 
233 233 
196 196 224 313 313 350 350 
287 287 287 
476 476 
264 264 
184 202 355 
76 
125 
59 59 182 182 
184 
455 455 
420 441 



331 331 389 389 389 414 436 436 
290 290 
76 76 76 
408 

76 
2 2 178 178 183 
56 56 
180 222 222 483 
172 184 279 279 315 354 489 

67 67 

158 158 158 222 413 
106 

358 
62 62 62 62 163 163 166 231 241 267 330 477 
192 249 249 
99 151 160 184 324 324 399 457 492 
321 323 
193 
137 
76 76 76 
64 395 
78 346 
508 
236 

490 
345 
225 
76 76 501 
93 195 
29 29 236 446 487 
415 
294 294 
15 15 444 
236 236 
359 
39 39 39 39 241 241 
383 463 
46 381 381 
416 416 

33 33 192 281 347 
169 179 179 296 296 371 371 
236 236 344 
184 246 258 
369 
358 358 466 466 
94 
413 448 
383 383 463 
13 24 24 24 27 45 45 45 54 54 96 107 186 186 186 196 207 207 228 228 242 242 245 245 295 295 299 299 299 319 322 328 328 346 361 361 413 423 423 440 440 440 478 478 509 509 
196 413 413 
47 
236 
418 
82 82 113 289 289 329 359 389 495 
81 81 142 143 165 165 165 389 
438 438 
85 312 312 348 348 
84 160 160 312 348 348 
198 198 508 
306 370 370 408 
5 5 5 5 

358 

404 
55 
73 
418 418 
76 
290 
420 441 441 
41 354 
476 476 496 
140 140 378 378 471 
117 136 136 216 
379 
138 138 237 237 507 

36 
76 
414 
199 
176 247 247 


81 



102 125 236 
152 152 
222 413 

143 143 143 

468 
232 387 387 
14 117 136 
185 491 
480 
413 
236 236 
497 

168 
381 381 
354 380 380 

102 102 125 
44 184 
104 104 164 
381 
101 101 320 
196 196 358 
82 389 389 389 
82 121 121 121 217 

339 339 

344 
191 304 
250 417 
248 408 
41 
118 118 292 
325 

413 
354 
276 425 425 425 
35 35 35 194 
205 205 227 227 231 433 477 
41 85 85 272 498 
413 439 439 
322 
39 39 
138 
82 82 82 
39 477 
413 
132 
68 233 425 425 425 
471 471 471 
290 480 
31 
344 
222 222 335 
187 
110 247 247 
300 415 415 
28 28 183 
68 68 
30 222 
367 
2 15 15 340 404 413 444 499 
2 28 178 
5 5 12 16 31 41 70 137 213 221 221 246 260 289 291 292 292 292 307 307 315 338 345 355 355 366 456 465 465 484 484 488 490 490 
126 491 
76 76 76 245 440 440 
175 
477 
351 351 351 

148 236 267 267 446 
40 67 236 281 
43 251 251 413 479 500 
158 
55 236 
8 8 76 77 141 141 290 290 350 422 
496 
5 86 86 386 508 508 
109 207 314 
269 
236 415 
12 355 
271 271 
268 268 
159 159 
405 405 
76 76 199 
242 

309 309 
236 
238 238 238 238 
184 
215 215 215 
214 214 214 314 314 314 
102 
143 

402 454 
494 
184 184 
30 30 35 119 174 174 180 314 341 376 499 
329 
8 313 350 350 350 
5 53 259 393 393 419 

159 159 337 337 337 343 392 392 
76 76 
295 360 361 
236 236 259 275 275 406 406 415 
39 159 
124 390 454 
7 7 169 238 271 271 287 287 287 310 374 505 
503 503 

49 56 60 60 69 69 79 117 129 129 191 192 195 201 211 230 230 252 275 275 275 278 283 344 351 351 415 432 432 
104 104 
212 212 212 212 233 
342 
279 279 476 496 
39 62 62 430 430 
76 76 208 
311 413 424 424 494 494 
358 358 
76 76 186 
70 184 
110 110 176 176 401 
150 
40 40 
149 374 442 442 442 
193 193 286 413 
236 
330 330 

5 
271 
305 
70 409 
225 230 367 367 
184 
329 

315 
11 11 334 334 385 
496 

39 191 191 356 356 
204 204 
200 
286 286 286 
3 203 203 233 233 256 282 282 282 327 327 327 339 374 391 408 408 427 453 453 
160 
5 354 472 472 475 475 
402 
230 230 236 236 236 
157 

236 
5 31 31 240 240 
308 467 
67 192 298 347 347 
271 271 271 427 
236 


251 270 270 270 413 
9 9 9 233 233 233 

81 81 184 451 451 
23 23 97 171 196 196 480 480 
184 426 426 
152 184 184 184 364 364 410 

58 58 
76 76 229 
68 68 
408 
281 347 
76 76 76 
177 
339 339 
485 

148 
257 343 343 392 482 482 
87 370 
184 184 465 465 
280 
210 210 
233 
243 
84 84 85 
8 8 224 
199 215 215 215 222 317 317 349 349 384 413 418 418 429 434 434 434 467 481 
31 184 263 486 
444 444 
314 314 398 398 413 413 
413 
76 
140 
42 
76 162 
42 
41 41 
153 358 358 

271 271 271 
76 76 
81 223 261 
39 253 253 369 369 428 428 
22 22 
407 
413 
264 264 385 413 413 413 
174 494 494 
486 
227 227 227 
184 
145 145 271 301 301 
182 
222 
239 
227 305 305 
69 147 173 236 447 
52 184 
47 76 459 
67 281 281 298 421 
84 84 85 85 
314 314 481 481 
8 8 196 224 224 224 
189 189 189 236 236 356 432 
402 

5 31 99 134 156 273 462 490 490 502 
12 184 184 202 
267 267 351 
367 367 496 
38 72 72 90 141 244 244 325 325 
61 81 
229 
76 76 229 


292 292 
415 
184 
181 259 259 357 357 496 

71 330 330 
87 87 306 
68 68 


233 250 271 417 442 

222 

101 101 
103 
134 134 
64 64 133 133 139 
413 413 
63 75 75 415 
314 
264 334 413 413 
198 
124 124 
487 487 
22 22 22 81 82 142 142 142 497 
232 
271 
227 227 305 
225 225 
495 495 
46 


317 317 
41 
5 
247 
219 274 352 405 
427 427 427 
6 6 6 92 182 
206 206 402 
230 230 
332 
25 87 150 271 271 297 412 437 
258 
292 

408 
35 74 76 77 77 119 128 155 161 167 182 193 243 251 286 314 317 317 318 333 334 334 334 382 382 385 385 439 448 455 494 494 500 
22 108 
57 177 177 201 230 236 365 383 432 432 460 460 
65 65 
149 374 
80 95 95 314 314 
225 
18 98 
347 
196 
76 76 
243 243 
157 157 157 169 169 169 
291 291 
271 282 403 403 403 
330 330 
314 
241 241 

236 236 351 415 415 
159 
314 314 314 

22 22 
408 
83 83 
161 161 413 
76 76 76 186 186 
1 1 1 5 18 98 98 
250 250 250 374 468 

59 182 316 316 

56 191 
344 
74 413 
467 
462 
289 289 
464 
271 271 
4 219 232 
17 17 413 
184 
41 

346 
415 415 

354 450 
63 75 
452 
184 184 307 307 
72 72 
280 314 449 
123 442 


101 170 170 170 
273 273 475 


5 5 273 273 472 
10 10 100 100 240 496 
39 159 166 188 
76 76 
193 
127 171 290 290 
314 349 349 
305 305 
30 
184 184 
302 
315 336 489 489 
56 388 388 
184 
31 486 486 
51 184 184 354 354 
126 185 
41 
3 
220 243 243 335 335 413 413 
81 394 394 
100 197 240 265 357 367 476 
130 389 
160 
182 222 
193 413 
54 
354 
234 234 
5 
233 

104 
5 48 86 198 198 
76 76 


