Nodes: 512, Edges: 713

441 
28 28 183 189 189 
271 493 

34 88 184 198 225 255 273 273 354 354 400 441 443 475 504 508 508 
404 
233 233 271 
224 313 313 350 
287 
476 476 476 
264 264 264 
184 202 202 355 355 

117 125 184 
182 
184 

441 

428 428 
31 
108 108 331 389 414 414 436 436 436 
290 290 
76 76 
408 
158 408 408 408 
346 
2 2 178 178 183 
56 56 
180 222 222 483 
21 172 184 279 315 354 
184 
67 67 67 192 
5 
158 210 222 413 413 

406 415 415 
358 
62 62 166 166 219 241 241 302 330 330 402 402 405 477 477 
192 236 
85 85 137 137 151 160 160 184 399 450 450 457 457 492 
321 323 323 
193 193 
137 137 
76 413 413 439 
339 381 
346 346 

236 236 
400 
484 490 
184 
225 
299 
93 195 236 
29 29 191 191 236 304 446 474 474 487 487 
415 
397 397 
444 
104 236 236 236 

39 39 241 
75 383 383 383 
381 
193 362 416 416 
141 
33 33 33 192 281 281 347 
169 296 
236 236 
184 

325 325 
315 463 
413 448 448 
63 463 
24 24 45 96 96 107 186 196 199 208 228 245 295 319 328 346 346 361 413 423 440 478 509 
196 196 

104 

82 184 184 261 289 289 329 389 495 
81 142 143 165 165 389 389 
104 236 236 236 
312 312 
41 41 160 312 312 348 
508 
306 408 408 
5 504 



182 413 413 413 
55 
315 
418 
76 76 398 
171 
420 
354 
476 496 496 
140 140 195 378 378 
117 
146 146 425 425 
60 79 83 138 507 
184 190 190 
190 372 372 
76 
22 22 414 414 
199 199 

182 182 
184 

367 

184 415 
14 102 125 125 135 
152 262 364 
413 413 
486 486 486 
143 143 
222 
468 468 
387 
14 117 117 136 
185 
480 
413 
236 415 

454 
168 
381 
354 354 380 
117 
125 
41 41 44 44 184 
104 164 164 
381 
101 101 320 
66 196 196 196 358 
82 389 
82 121 121 217 217 
282 282 
339 339 
103 103 379 
236 236 344 
191 191 
417 
248 408 
41 
118 292 
325 

413 413 
354 399 450 
425 
26 35 271 408 
227 231 305 305 402 402 433 469 477 
41 41 85 272 312 
439 
322 322 

138 138 
82 82 
39 39 
413 500 
132 
68 233 296 425 425 425 
471 
97 290 480 480 480 
31 
344 
222 222 494 
187 407 

300 415 415 
28 28 183 

30 222 
367 
15 92 111 111 220 220 363 363 404 413 444 499 
2 28 178 
5 12 14 16 31 32 41 52 70 81 81 105 112 116 137 236 236 246 246 267 279 284 291 292 292 292 307 307 324 345 355 366 396 396 415 426 426 484 484 488 490 
126 491 491 
76 245 440 440 440 
175 
477 
2 2 
105 105 106 372 
56 56 148 148 236 267 285 285 
33 40 67 281 281 
43 43 65 251 362 479 479 

55 101 267 471 471 
76 77 77 141 141 141 200 290 350 373 373 
496 
5 
76 109 109 
196 
236 
12 12 355 
271 271 
267 268 

405 

76 242 
328 
35 309 
236 
238 310 
488 
314 314 
467 

143 143 
271 271 
39 274 274 402 
182 182 494 

30 30 35 122 174 174 180 309 314 341 376 376 376 413 483 483 499 
329 329 
8 350 
5 53 393 458 

159 343 343 392 392 477 
76 245 
295 360 
236 236 236 303 303 303 406 
159 
390 390 454 
7 7 169 238 271 271 271 287 287 296 310 374 375 375 505 505 
503 503 

40 49 49 55 56 60 60 60 69 69 83 83 83 129 147 147 184 184 191 201 211 230 230 230 237 267 275 275 283 344 432 438 460 487 
236 
212 233 
405 405 
279 476 496 
39 39 62 430 
208 
413 413 424 494 
325 
76 186 228 
184 184 
288 401 
150 408 

374 417 442 
193 286 286 413 

330 330 
415 415 
5 
271 273 
305 305 337 
409 
367 441 

81 329 329 
118 364 410 410 

11 11 11 
496 496 

184 191 195 204 236 268 471 
204 267 
415 
286 
3 7 158 203 203 218 218 233 233 233 256 297 327 339 374 375 375 401 408 427 453 453 
160 
5 5 256 354 354 
219 219 402 
236 236 



31 184 240 
435 
67 67 192 192 421 
144 144 
236 
184 
191 191 
251 251 270 
9 233 233 
247 
81 81 451 451 
23 23 171 196 480 
184 426 426 
152 184 184 184 410 410 
408 408 408 
408 408 408 
76 229 
68 169 233 
271 408 
347 347 
54 
177 

39 485 485 485 
230 230 230 
56 
159 159 257 257 343 392 482 
87 408 
184 184 354 354 396 396 465 

210 222 
212 233 

84 84 85 85 160 
8 8 
214 214 222 317 317 317 349 384 384 413 413 418 434 449 449 467 467 467 
31 73 94 486 

314 314 314 398 413 413 
413 
76 
140 
42 
162 162 
42 42 
184 
72 72 153 244 358 

271 
76 209 
81 223 223 261 261 432 
39 39 253 253 
22 
407 413 

385 413 
413 494 494 
486 
257 

46 145 145 271 381 427 452 470 

222 

227 227 305 
147 173 236 447 
184 
27 47 47 76 76 
67 298 298 506 506 
85 
314 481 
8 196 224 
356 356 
402 
456 
5 5 31 99 134 134 156 273 273 307 307 411 490 502 508 
12 12 184 202 
351 351 
496 
38 141 325 413 503 503 

229 
76 
65 193 
182 182 
118 262 

184 
114 181 259 496 




106 106 190 
196 196 
233 250 271 408 417 417 
233 233 271 271 
222 222 222 
458 
101 101 
146 
134 
46 64 133 139 339 395 
413 
63 63 63 415 432 
314 314 
334 

124 
487 487 
22 81 82 82 142 
232 232 

227 227 305 
225 
495 
381 
184 184 307 307 
58 58 
96 317 
41 156 
5 50 
247 271 
39 39 159 159 219 274 352 405 405 
427 427 427 
6 182 
39 206 239 239 402 402 
37 230 415 
175 332 413 
25 26 26 26 87 87 150 158 248 271 293 293 293 294 294 294 297 306 374 437 470 
258 
262 262 292 292 
354 

35 35 45 45 74 76 92 92 92 119 119 128 155 155 167 182 222 243 243 251 314 314 317 317 318 332 334 335 358 382 407 439 448 455 500 
22 22 108 108 
37 37 57 116 129 177 177 184 254 254 269 383 406 432 463 
65 65 
149 250 374 374 
95 314 

98 
281 

76 
243 
103 103 157 169 169 169 
184 184 291 291 
271 339 403 403 403 
20 20 

241 

236 329 383 415 
159 
314 
280 
22 22 22 
408 
236 
45 161 413 
76 186 186 186 
1 5 18 259 
250 468 
5 
59 182 

56 
344 
74 74 413 
314 314 467 
41 41 156 462 462 
289 289 
339 
271 271 
131 232 
413 
353 491 
41 41 
225 377 

236 
497 
450 450 
73 75 415 

307 

215 314 314 314 449 
123 123 442 
159 
339 408 
170 195 195 267 


56 56 487 
5 
10 10 10 100 240 496 
39 39 159 188 227 
76 
193 193 
127 171 171 171 290 
349 
305 
30 222 222 
51 184 184 
302 302 302 
120 120 120 315 336 
56 56 236 388 388 474 
184 213 

51 184 354 
185 185 456 
41 
3 
174 220 243 335 335 
81 394 
100 100 197 240 265 265 357 367 476 
461 

182 222 
167 413 

354 
234 234 358 358 
5 88 
233 233 
347 347 
104 
5 5 86 354 
76 


