Nodes: 512, Edges: 713
133 381 381 
441 
28 28 91 183 
271 

34 48 88 184 184 198 255 273 279 400 441 443 504 508 
404 404 
233 271 271 
196 224 313 350 350 

476 476 
264 264 
184 184 184 202 202 355 355 355 

184 
59 182 444 
184 

441 
104 104 
428 

414 414 461 461 497 
290 
76 

158 
346 
2 2 178 178 

180 180 222 
172 315 354 354 486 489 


5 
222 222 413 
106 
406 415 

62 159 163 163 219 219 241 267 330 405 405 477 485 
192 236 236 236 249 
85 85 151 160 184 354 450 457 492 
321 323 
193 
137 137 
76 413 
64 339 395 395 
76 76 346 
5 
236 236 
400 
490 

225 225 
76 76 501 501 
93 195 
191 236 446 474 487 
415 415 
294 
15 
104 104 236 236 
359 
39 
75 383 
46 381 381 
362 
141 
192 192 192 347 
179 296 296 371 
236 236 
184 246 258 
369 
325 325 358 466 
94 315 315 
448 
63 383 463 
24 45 47 47 54 54 96 96 162 186 207 207 229 242 295 295 295 299 299 322 328 346 361 423 423 423 
413 



113 261 289 289 329 394 495 495 495 
121 143 165 165 165 389 
438 
348 348 
41 41 160 160 348 348 
198 198 508 
306 370 408 408 
5 504 
358 
325 358 
2 
182 182 413 
55 
73 

76 76 
290 
420 441 441 
354 354 
496 496 
140 195 471 471 
117 
146 379 379 425 425 
19 19 60 60 236 236 236 237 
190 190 
36 190 372 372 


199 
176 176 247 401 401 
182 
184 
81 
367 
389 
415 
102 125 125 135 236 
152 262 
222 413 413 

82 143 143 143 
222 222 222 
468 468 468 
309 454 
117 117 136 
185 491 
480 
413 448 448 
236 415 
497 
454 
168 
0 381 
354 380 
117 
125 
44 44 184 
164 236 
381 
101 320 320 
66 196 358 
389 
82 121 121 121 

339 339 
103 379 
236 344 
191 304 304 


41 
118 292 292 
325 
374 
413 
450 450 
233 425 
26 194 271 408 
39 188 205 305 330 402 433 469 469 477 510 510 
41 85 85 272 272 312 312 498 
413 439 
76 322 
39 39 
138 
82 82 82 329 

500 
132 413 
233 233 425 425 425 

480 480 
31 
344 
222 335 
187 187 407 407 407 
110 110 
300 415 415 
28 28 183 183 
68 
30 30 222 
367 
15 92 92 111 340 340 363 404 413 444 444 499 499 
2 178 178 
5 5 12 12 12 14 16 41 70 112 137 213 221 246 258 260 260 279 284 291 315 338 345 345 354 354 354 355 355 366 366 396 426 426 426 456 465 484 484 488 
126 491 
76 245 
175 175 413 
159 477 477 
351 351 
105 105 106 372 372 
56 148 267 267 268 446 
40 67 67 67 281 
43 251 251 362 362 413 413 413 500 
158 
55 101 236 236 471 
8 141 200 200 350 

5 86 86 508 
109 314 314 
196 196 
415 415 
12 12 
271 
267 268 
159 

76 76 

328 
232 309 309 

310 310 
184 488 
215 215 215 
214 214 214 314 314 314 


271 
39 39 232 274 402 454 454 
494 
184 
30 35 35 119 122 122 122 174 180 341 341 376 376 376 

8 350 
53 53 377 458 

337 337 337 343 392 477 477 
245 
76 295 360 360 
303 415 

210 219 454 454 
7 157 169 169 238 271 271 271 287 310 374 375 505 505 
503 503 

40 40 40 49 49 56 60 60 69 69 104 104 104 117 129 138 147 195 195 237 267 275 275 278 278 344 351 415 432 460 487 
104 236 
233 
342 405 
279 279 476 
39 430 430 
76 
311 413 413 413 424 
325 325 358 
186 228 
70 184 
110 288 401 
408 408 408 
40 
374 374 442 
193 193 286 

330 
415 
5 
271 271 
305 
70 184 
367 441 
184 184 
81 329 
118 364 410 
315 
11 11 334 334 385 385 
496 

39 191 191 204 236 471 471 
191 204 
415 415 

3 7 7 158 203 218 233 233 233 256 256 297 297 374 391 401 412 427 453 
160 160 
5 354 354 472 475 
219 
236 236 

415 
236 236 
5 184 240 240 
308 308 435 
192 


184 

251 413 
233 
247 
81 81 451 451 451 
23 97 
184 426 
152 152 410 410 

58 397 397 
76 76 76 229 509 
68 68 
271 271 408 
347 
76 76 413 
177 
339 339 

230 415 415 
148 148 
159 257 343 343 343 482 
87 370 370 408 
465 
280 280 
124 210 210 
212 212 233 
243 
160 160 
8 
199 199 215 215 215 349 349 384 413 418 418 418 429 429 434 449 
31 73 73 184 263 
444 
398 398 413 413 
413 
354 354 354 
140 140 
42 
76 162 
42 

72 72 90 153 244 244 358 358 


76 209 
81 165 261 432 
39 159 253 369 428 


413 413 
264 264 385 413 
174 413 494 494 494 
486 
227 227 227 
184 
46 145 145 301 301 408 427 452 464 470 470 
182 182 
222 222 
239 
227 305 305 305 
147 173 236 447 
184 184 
27 47 76 
67 298 421 506 
84 84 85 85 
314 314 481 481 
8 8 196 224 
189 189 236 356 432 

456 
31 31 41 99 99 134 184 184 184 273 273 319 319 319 411 450 450 462 490 490 
12 12 12 184 184 
351 
367 431 496 496 
72 89 90 141 244 325 325 413 503 
61 
229 229 
76 
65 193 193 
182 
262 
415 
184 184 
114 181 259 357 496 496 

71 330 
87 306 306 
68 
106 106 190 190 

154 233 250 250 271 408 408 408 417 442 
233 
222 222 222 
225 458 

103 103 146 
134 
0 0 64 64 133 139 395 408 
413 
63 75 415 415 432 
314 
264 264 334 


487 
82 115 142 

271 
227 

81 495 
46 46 381 
184 
294 294 
317 317 

5 50 
110 110 247 271 
159 219 405 

6 6 182 
39 39 239 402 
37 415 415 
175 175 175 413 
87 87 158 248 248 248 297 306 339 374 374 374 381 412 437 

262 292 292 
354 
271 408 
35 45 77 92 119 119 128 155 161 168 182 187 193 193 193 243 243 243 286 299 314 317 317 318 333 333 334 335 358 382 407 439 448 448 448 455 455 494 500 
22 22 
37 57 57 116 129 177 177 201 201 230 236 254 269 269 277 303 303 365 383 383 406 406 460 460 463 

374 
314 314 314 

98 
347 

76 76 76 
243 
103 103 157 169 169 169 
184 184 184 291 
271 339 
20 330 
314 314 
241 241 
357 496 
236 329 351 383 
159 
314 
280 

408 
83 487 
161 413 

1 5 18 98 98 259 
250 374 468 468 
5 
15 182 182 316 
450 450 
56 191 
344 
74 128 128 413 413 413 
314 
41 156 156 354 354 445 445 462 
289 289 289 
339 464 464 
271 
124 131 219 219 232 232 
413 413 
184 353 491 
41 
225 377 

236 415 415 
22 22 
354 450 
75 415 
339 452 452 
184 307 
72 

123 123 123 442 442 
159 159 
339 339 
101 101 195 267 267 
273 475 

56 487 487 
273 472 
10 10 240 496 
39 159 188 188 227 227 


127 171 171 
349 349 
305 

184 184 
39 
31 336 
56 236 388 438 474 474 
184 213 
31 
51 354 354 
126 185 456 
41 

220 335 335 335 413 
81 81 81 394 
100 100 265 357 357 367 367 431 476 
22 130 
160 
182 182 
167 193 413 
54 54 

234 234 358 
5 88 
233 233 
347 

5 86 198 
295 
159 159 

