Nodes: 512, Edges: 713
381 381 
441 
91 91 111 182 182 183 
271 271 493 493 

34 34 48 50 88 88 184 198 225 225 225 255 279 354 354 400 441 443 443 508 
404 
271 
224 350 
287 

264 264 264 
184 202 355 355 

117 184 
59 59 182 444 
184 184 
390 390 
420 441 
104 104 104 
428 428 
31 
108 108 331 331 389 414 414 436 436 461 497 497 

76 76 

158 
76 346 
178 

180 180 222 222 
21 172 172 184 184 315 315 489 489 
307 
192 
5 5 
210 
106 
57 
358 
62 62 159 163 166 241 267 267 302 330 402 402 477 485 485 
236 249 
99 99 137 151 151 151 156 156 184 184 324 354 399 492 492 
321 323 323 

137 
76 413 
339 
76 346 346 
5 
236 
5 400 

184 345 

501 
93 93 236 
236 304 304 446 474 474 487 
37 415 415 
294 294 397 397 
15 15 


39 39 241 

381 395 
193 362 362 416 
141 
192 281 347 
169 179 179 296 296 
344 344 
246 246 258 

325 358 466 466 
94 
413 
463 
24 24 27 45 47 78 78 96 109 109 162 186 186 196 196 228 229 242 245 245 245 295 299 299 299 319 319 328 328 346 423 423 423 456 
196 413 
76 76 
236 236 
418 418 418 
82 113 184 261 261 289 329 329 329 359 359 389 389 394 495 
81 121 121 121 142 389 389 
104 104 236 236 236 236 438 
348 348 
160 160 160 348 
198 198 508 508 

5 5 
358 
358 
2 2 
182 404 413 
55 55 
73 315 

76 
171 290 290 
420 420 
41 41 
476 496 
378 471 
117 136 136 216 
379 379 
19 19 19 83 83 138 236 236 507 
190 
36 

22 22 
76 76 
176 247 401 401 
2 

81 
367 367 


14 102 125 125 135 184 184 236 
152 262 364 
122 122 222 
486 486 
82 82 82 
119 119 222 

232 
117 117 136 
185 491 
480 
413 413 448 
236 

454 
168 
381 
354 380 380 380 
117 
102 102 125 
41 44 184 
104 164 236 
381 381 
320 
66 196 196 
82 389 


339 

236 236 
191 304 
250 

41 41 41 354 
118 292 
325 325 
374 

41 41 354 
233 233 276 425 425 
26 194 271 271 408 
39 227 231 231 428 433 469 477 477 510 510 511 
85 85 85 498 
413 413 439 439 
76 322 
39 
138 
329 
39 477 

132 413 
68 233 233 296 425 425 425 

97 290 290 480 
31 31 
344 344 
222 
407 407 407 
110 247 
300 300 415 415 
28 183 
68 68 
30 30 222 222 
367 367 
2 2 15 92 340 340 363 404 413 444 
2 178 
5 12 14 16 16 31 31 41 41 52 81 117 117 137 213 246 246 246 258 260 289 291 307 324 338 345 354 354 354 396 409 409 409 426 484 488 488 490 
126 491 491 
76 76 245 245 440 440 
413 
477 
351 351 
105 372 
148 267 268 304 304 446 
33 67 281 
65 251 251 251 286 362 362 413 413 479 479 
158 
267 267 471 
76 76 77 141 141 290 350 350 413 413 422 422 
496 
5 86 86 386 386 508 508 
207 

236 415 
12 355 
271 271 271 
268 268 268 

405 
199 
242 

35 
236 
310 
184 488 
215 314 
214 314 
102 


232 402 


30 30 119 122 174 180 180 341 376 413 499 

8 350 
5 5 5 393 393 419 419 458 458 
292 
159 257 257 343 
76 
76 295 360 360 361 
236 275 406 
159 159 
124 219 454 
157 157 169 169 271 287 296 375 375 375 
503 503 
487 
40 49 55 56 79 79 83 83 83 83 104 104 117 129 138 147 147 201 211 230 237 237 252 267 267 267 278 344 415 487 
236 236 


279 476 476 
39 62 430 
76 208 
311 311 311 413 413 424 494 
325 358 358 
76 76 76 186 186 
70 70 184 184 184 
110 176 288 288 401 
408 408 408 
40 
149 417 442 
193 193 193 413 
236 
330 330 330 
283 415 
5 
271 
227 227 305 337 
70 184 409 
441 
184 
81 81 
118 410 410 

11 11 11 334 334 385 385 
496 
493 
39 39 191 195 195 236 236 236 
191 204 204 204 
415 

3 3 7 158 158 203 203 203 233 256 282 339 374 374 375 391 427 427 442 


402 
230 
157 
415 
236 
5 240 
308 308 435 467 
67 192 421 
271 427 
254 415 415 


193 413 413 
9 233 
247 247 
81 184 451 
97 97 171 171 196 
184 
152 226 364 364 410 
408 
58 58 397 408 408 
76 229 
68 68 169 233 
408 
347 
76 76 76 
177 177 

39 
415 415 
56 56 148 191 191 
257 343 343 392 482 

32 184 354 354 465 
280 280 467 

212 
243 243 243 


214 215 317 317 317 349 384 413 418 434 434 449 467 467 
31 31 94 336 

314 314 314 398 398 413 413 
413 
76 76 
140 
42 
162 
42 42 359 
41 184 
72 153 153 244 358 
358 

76 76 
81 81 81 165 
39 253 253 253 
22 22 
407 413 413 
413 413 
264 264 413 413 
494 
315 
257 
184 
46 145 271 381 408 427 427 427 452 470 470 
182 182 
222 

227 305 305 
69 69 173 173 236 
52 184 
27 47 47 76 459 
67 298 
84 84 85 
314 481 
8 196 196 224 
189 189 356 
402 

5 5 41 134 151 156 184 184 184 307 307 411 411 450 490 
12 12 202 
351 
431 
38 72 89 90 244 244 325 326 413 466 
81 81 323 
229 229 
229 
65 65 193 193 413 
182 
118 292 292 


114 114 181 181 
401 



190 

154 271 271 408 442 442 
233 233 233 271 
222 
458 
101 
103 103 
134 134 134 
0 0 64 133 139 139 339 395 408 
413 413 
415 415 
314 
264 264 413 
198 198 

487 487 487 
22 81 81 82 82 142 497 
17 17 
271 
305 
225 225 
81 495 495 495 
64 381 
184 
58 58 294 
317 317 
41 
5 50 
110 110 247 368 
39 39 219 274 352 405 

6 92 182 
206 402 
230 415 
175 175 175 332 413 413 
158 248 248 248 293 294 294 297 339 374 381 437 470 470 
184 184 184 258 
262 262 292 
354 354 

45 74 77 92 128 128 161 161 168 182 187 193 193 196 196 222 243 243 251 286 286 314 317 317 318 332 332 333 333 334 334 358 362 382 382 385 407 407 448 455 455 494 500 500 
22 22 
57 57 177 177 201 236 254 269 277 283 283 303 303 383 383 406 460 463 463 
65 
250 
80 80 80 314 
225 225 
18 98 98 441 
281 
196 196 
76 76 76 
243 
157 157 169 169 169 
184 
271 271 282 339 339 339 
20 20 159 

241 
357 496 

159 
314 314 
280 
22 22 
408 
83 
161 161 
186 186 
1 5 18 259 420 
250 271 374 374 
5 5 
15 182 
450 
56 191 

128 413 
314 
354 445 462 
289 
339 464 

131 232 
413 413 
76 491 

225 225 377 
346 
415 
22 497 
450 
75 415 415 
452 
307 
72 72 358 
280 308 314 314 

159 511 
339 339 408 408 
101 195 


56 56 487 

100 240 240 
39 159 159 166 188 

193 193 
127 171 
349 
305 

184 
39 39 
120 120 489 
56 235 236 388 388 388 474 
184 184 213 
31 31 486 
184 354 
126 185 185 456 
41 41 
3 3 266 
243 335 413 
81 394 394 394 
100 197 265 431 
22 22 389 461 
160 
222 
413 413 
54 

234 234 



104 
5 86 86 198 198 

159 159 
159 469 
