Nodes: 512, Edges: 713
381 381 
441 441 
28 111 182 183 183 
271 493 493 
454 
34 34 50 184 184 184 225 255 354 441 441 443 443 475 475 508 508 

233 233 
224 224 313 313 
287 287 


202 

117 125 184 
59 444 
184 
390 
420 
104 104 
428 428 
31 31 
108 389 414 436 461 
290 290 290 
76 
408 
408 408 
76 76 346 346 
2 178 183 
56 
180 222 483 
21 21 172 184 184 279 279 354 489 489 
184 307 
67 67 192 
5 5 
413 
106 106 
406 406 
358 
62 62 159 166 219 219 231 241 267 330 330 330 402 405 485 
192 
85 99 137 151 160 184 324 354 354 450 492 492 492 
321 323 
193 
137 
413 413 439 
64 64 339 381 395 
76 76 78 346 346 

236 
5 
490 490 
184 
225 
501 
93 195 236 
29 446 474 474 487 
415 
294 294 397 397 
15 
236 
359 
39 39 241 
75 383 
46 46 381 
193 193 416 416 
141 141 141 
33 33 347 
169 169 371 
236 344 
184 184 246 246 258 

325 
94 315 
448 
63 463 
24 27 27 47 47 78 96 107 109 162 162 186 207 208 228 245 292 292 295 295 295 328 328 328 423 423 
413 
47 76 
104 236 
418 
82 113 184 261 289 359 495 495 
81 165 389 389 
104 
312 348 
41 160 160 312 
198 
306 

358 358 
358 358 

182 404 413 
55 
73 315 
418 
76 
290 290 290 
420 
41 354 354 
496 496 
140 195 
117 117 136 216 
146 425 
19 19 79 83 237 237 
184 184 184 190 190 372 
36 36 372 372 
76 
22 414 414 
76 199 199 
176 176 247 247 401 401 
2 

81 
367 
389 

14 102 102 125 135 
152 262 364 
413 
486 486 

222 
468 468 
232 
14 117 136 136 
185 185 491 
480 
413 448 
236 415 415 
497 
454 
168 168 168 

354 354 380 
117 
102 125 125 
41 44 184 
164 
381 381 
101 320 320 
66 66 66 196 196 196 358 

217 
282 282 
339 339 
103 379 379 
236 236 344 344 
191 
250 250 417 

41 354 354 354 
118 



399 
425 
194 271 408 
39 188 227 227 231 231 305 433 433 469 477 511 
41 85 85 
413 413 
76 76 

138 
82 329 
39 477 
413 
132 132 132 413 413 413 
68 68 233 233 425 

480 
31 
344 
222 494 
187 407 407 
110 110 
415 415 415 
28 

30 222 222 
367 367 
2 92 220 340 363 363 404 413 413 413 444 444 444 
2 2 28 
5 5 5 14 16 31 31 32 41 52 70 70 81 105 105 105 137 236 258 279 279 289 289 291 291 307 307 307 315 315 315 355 355 396 396 484 490 490 
126 126 491 
76 245 440 
175 
159 
351 351 351 
105 105 
148 236 267 268 268 268 446 446 
33 40 281 
43 65 65 251 286 286 362 479 479 500 
158 
55 101 236 236 267 471 
141 141 141 350 
496 
86 386 
109 109 207 314 

236 236 
12 355 




76 199 
76 
328 


238 238 238 238 310 
488 
314 
314 467 467 
102 
143 
271 
39 39 274 274 402 454 
182 494 494 494 

30 122 174 180 180 309 314 341 341 341 376 376 376 413 499 499 

8 8 313 313 313 
5 53 259 377 377 377 393 419 
292 292 292 
159 159 337 337 343 343 477 
76 
295 360 361 
236 303 303 415 
39 159 159 
124 390 390 454 
7 7 169 169 238 271 287 296 310 310 374 505 
503 
236 487 
49 55 60 69 79 129 147 147 184 191 195 195 201 201 230 235 237 237 252 267 275 278 278 283 283 415 415 432 432 487 
104 104 236 236 
212 212 212 212 233 
405 405 405 
279 476 496 
39 62 430 430 

311 311 413 

76 186 
70 70 
110 110 288 288 
408 

149 149 374 417 417 442 442 
193 286 413 
236 

415 
5 
271 
305 337 
70 184 409 409 
225 

81 329 
118 
315 315 
334 334 385 
496 

39 191 195 236 268 471 471 
191 191 191 267 

286 
3 158 218 233 256 282 282 297 297 297 327 339 354 354 374 375 391 391 401 408 412 427 427 

354 354 
219 219 402 402 
236 

415 
236 236 
31 31 184 184 240 
435 435 
192 298 421 421 
144 144 271 271 
236 236 415 415 


193 193 251 270 413 
9 9 233 
247 247 
81 184 184 451 451 
23 23 23 97 97 97 
184 184 
76 76 226 226 226 410 
408 
58 58 397 408 
76 76 76 229 
233 
271 271 271 
281 347 
413 

339 339 
485 
230 230 415 

159 257 343 343 392 
87 408 408 
32 184 184 184 396 465 

222 
212 233 233 
243 243 
84 85 
8 8 224 224 224 
199 214 215 222 349 384 398 413 413 418 429 429 455 467 467 481 481 
73 94 184 184 184 263 263 
444 
398 413 
413 413 413 

140 140 
42 323 

42 321 
41 
72 358 358 

271 
76 76 76 209 
165 261 432 
39 39 39 369 428 


413 
264 264 385 413 
413 413 494 494 494 
486 
227 227 257 
415 
46 145 145 271 301 301 381 408 408 427 452 464 470 
182 
222 222 222 

227 227 305 305 
69 147 147 173 

27 27 47 47 
67 298 421 421 506 
84 
314 
196 
189 189 189 356 
402 

5 31 41 41 99 99 134 134 151 151 151 271 271 273 273 411 411 450 462 502 502 
184 184 202 
351 
367 431 496 
38 89 89 90 90 141 325 325 413 413 500 503 
61 81 
229 
229 
193 
182 182 
118 


114 181 181 357 496 496 
401 
330 

68 
105 106 106 

233 250 271 442 
271 
222 222 222 
225 225 225 

146 146 
134 
0 0 46 64 139 139 339 408 

63 415 415 
314 449 
264 334 413 413 
198 

487 
22 82 82 115 497 497 
17 232 232 
271 271 
305 
225 
495 
46 
184 184 307 
58 58 294 
314 317 
156 

110 110 271 368 
39 219 274 274 352 

92 182 
39 239 239 239 
37 37 415 
175 175 413 413 
25 26 26 158 248 271 293 294 306 306 339 339 381 470 
258 258 
292 
354 354 
271 
35 45 45 77 92 119 128 161 161 167 168 168 168 182 182 182 222 243 251 286 299 314 314 317 318 318 318 333 334 335 335 358 358 385 385 407 407 439 448 448 448 455 455 494 494 
22 108 108 
57 129 129 177 177 177 230 236 236 254 277 283 283 303 338 383 383 406 460 460 463 463 463 
65 65 
149 250 250 
80 95 314 
225 
18 98 441 
281 281 347 347 

76 76 

103 157 169 

271 271 339 
20 20 330 
314 314 
241 241 
357 496 496 
236 236 329 
159 159 

280 280 
22 

487 
45 413 
186 
1 1 5 5 420 
250 250 374 
5 5 
15 182 182 182 316 
450 
56 191 191 

74 128 413 413 413 
384 
41 354 445 
289 289 
339 464 

4 131 219 232 
314 413 413 
491 



415 415 
22 497 
354 
75 415 415 415 
339 452 
307 

215 215 314 314 
123 123 
159 
339 408 
195 267 267 


56 56 
5 5 
240 
159 166 227 

193 193 
127 171 
314 314 

30 
184 
39 302 
120 120 336 489 
56 235 236 388 438 
213 
31 31 486 
51 51 184 184 
126 185 456 
41 41 41 
3 3 
174 220 220 220 335 335 335 413 413 
81 81 394 
100 100 197 240 265 357 367 367 431 431 
130 389 389 461 

222 222 
193 358 
54 
354 354 
234 358 

233 
347 

5 5 


159 
