Nodes: 512, Edges: 713
381 
441 
28 111 183 
271 493 
454 
34 34 48 50 88 88 184 198 225 255 279 354 443 504 504 508 


196 350 350 350 

476 476 476 
264 
184 202 202 202 

184 
59 59 182 444 
184 

420 
104 

31 
108 108 331 389 414 414 436 436 497 
290 290 

408 
158 158 408 408 

2 178 183 183 
56 
180 222 483 483 483 
21 184 279 279 315 354 486 489 
184 
192 
5 5 
210 222 413 
106 
415 

62 62 159 166 219 231 241 330 402 485 485 
192 236 
85 99 99 137 151 156 160 184 184 354 354 399 450 450 450 
321 321 
193 193 
137 
76 109 413 
339 395 
76 346 346 
5 
236 
5 
490 

225 
76 76 501 501 501 
236 
29 236 304 446 474 

294 294 397 397 
15 15 
104 236 

39 39 241 
75 383 383 463 463 
395 
362 362 362 416 416 
141 
192 192 281 347 
179 371 
344 344 
184 184 184 258 
369 
358 466 
315 315 

63 463 
45 47 54 54 78 96 107 107 107 109 186 199 207 208 208 229 229 229 245 245 295 295 299 299 322 322 322 328 328 346 413 423 
196 196 
76 

314 
113 113 261 289 329 359 389 394 495 495 
121 142 165 165 
104 438 438 
85 85 312 348 
41 84 84 160 312 312 348 
198 
306 370 
5 5 



182 413 413 

315 
418 
76 
171 290 
420 420 
41 41 354 
476 476 496 496 
140 195 195 195 378 471 
117 136 216 216 
146 146 379 425 
19 60 83 236 
372 
36 190 372 372 
76 76 76 
22 22 
45 76 
176 176 401 
2 
184 184 
81 81 
367 
389 
184 184 415 
102 135 135 135 
152 152 262 364 
222 413 
486 
82 143 
222 222 
381 468 468 
232 232 232 387 
136 
491 491 491 
480 
413 413 448 448 
415 

454 454 
168 168 168 

354 380 380 
117 117 117 
102 125 
41 44 184 
164 164 

101 320 320 
66 196 358 
82 389 
121 217 
282 282 
339 339 339 
103 103 379 
236 236 344 344 
191 191 304 
250 417 417 
248 248 408 408 
41 354 
118 118 292 292 
325 
374 

41 354 399 450 
233 276 425 
26 26 271 408 408 
39 188 227 330 402 428 433 477 511 
41 85 272 272 498 
439 
322 

138 138 
82 82 329 329 
39 

132 132 132 
233 233 296 296 425 425 
471 471 
97 480 480 

344 
222 222 
187 187 407 
110 110 247 
415 
28 183 
68 
30 222 

15 92 220 340 404 404 444 
2 28 28 178 
5 12 14 16 31 32 41 41 70 70 70 112 112 116 116 137 213 213 221 221 221 246 246 258 260 279 279 284 284 289 289 291 307 315 324 338 345 345 354 354 366 366 396 396 456 456 465 465 484 488 490 
491 
76 440 
175 175 413 
159 477 477 
351 
106 
148 148 236 268 285 285 
33 40 67 67 236 281 
43 43 362 413 479 

101 101 101 236 267 
8 77 77 141 290 373 373 413 422 
496 496 
5 86 386 
76 

236 236 
12 12 12 355 



405 405 
76 
76 76 
328 
35 309 

238 310 310 
184 184 488 
215 314 314 314 
214 314 314 314 
102 102 
143 
271 
39 232 232 402 454 
182 494 
184 184 184 
30 35 119 122 122 174 174 180 309 341 341 376 376 483 483 
329 
313 313 313 
5 53 259 259 419 458 458 
292 
159 257 343 477 

76 76 76 295 360 360 
236 236 303 406 406 
39 
124 124 124 219 219 454 
157 169 169 374 375 375 375 505 
503 503 
236 487 487 
40 49 55 56 60 104 147 147 191 192 195 201 201 230 230 235 252 252 267 275 278 283 283 351 415 415 432 

212 
342 405 
279 476 496 
39 62 430 

311 311 413 413 424 494 
358 
76 76 
184 184 
176 288 288 401 
150 150 408 

149 417 442 
286 286 413 
236 236 
330 
415 415 415 
5 

227 305 
70 184 409 
225 225 367 367 
184 
81 329 
118 410 
315 
11 
496 496 
493 
195 236 268 471 
191 267 
415 
286 286 
3 158 218 282 297 327 339 339 354 374 374 391 401 408 427 453 453 
160 160 
472 475 
402 402 
236 
157 
415 
236 
5 31 31 184 184 240 
308 435 449 
67 192 347 347 421 421 
144 144 271 427 
236 236 415 
184 184 
191 191 
251 251 270 270 413 

247 247 
81 184 184 451 
23 23 97 196 
184 426 
152 152 226 364 410 
408 408 
58 58 
76 76 229 
169 169 
271 

76 76 413 

339 
485 
230 415 
56 148 
257 343 343 
87 
184 354 465 465 
280 
210 222 
212 212 
243 243 
84 85 85 
224 224 224 
80 214 214 214 215 215 215 349 349 384 398 398 413 418 418 429 434 449 449 467 467 481 481 
31 73 73 94 184 263 336 336 486 
444 
398 
413 

140 140 
42 42 
76 76 76 162 
359 
184 
153 358 358 
358 
271 
76 76 209 
81 165 165 223 261 
39 159 253 369 428 428 
22 
407 413 413 
413 413 
385 413 
413 
315 315 

184 
46 145 145 145 271 271 301 
182 
222 222 
239 
227 305 305 
69 69 147 147 173 447 447 
184 184 
47 47 76 459 459 
67 281 281 506 
84 85 
314 314 481 
8 8 8 
189 236 356 356 432 


5 31 41 41 99 134 151 156 184 184 271 307 502 502 502 508 
202 
351 351 
367 496 
72 141 244 325 325 326 413 466 500 503 
81 323 
229 229 

65 65 65 193 413 

118 292 
415 415 415 
184 184 
114 259 259 357 
401 401 
71 330 
87 
68 
105 106 106 
196 196 
154 233 271 271 442 
233 233 233 
222 222 
458 
101 
103 146 
134 134 
0 123 
413 413 
63 63 
314 449 449 
334 413 
198 
124 
487 
22 81 115 142 497 

271 


81 495 
46 64 
184 184 
58 58 
314 314 317 
41 156 

110 247 271 368 368 
39 159 219 274 274 405 405 

182 182 
206 206 239 402 402 
230 230 415 
175 332 413 
25 26 26 150 150 158 158 248 271 293 293 412 437 470 
258 
262 292 

408 
35 45 76 92 92 119 128 128 187 193 196 243 243 251 286 299 314 318 332 332 333 333 334 335 358 362 382 382 385 407 
22 22 
37 116 129 177 236 236 254 254 254 269 277 283 303 365 365 365 406 460 460 460 
65 65 
149 149 250 
95 314 314 
225 
18 98 98 441 441 
281 281 
196 
76 
243 
103 157 169 169 
291 
271 282 
159 330 330 
314 
241 
496 496 
236 351 
159 
314 
280 
22 22 
408 
83 83 
161 
186 
1 420 420 
250 374 
5 
15 182 316 
450 450 450 
56 
344 344 
128 128 
280 314 314 384 384 
41 41 41 156 445 445 445 
289 
464 
271 271 
4 131 131 219 232 

184 184 

225 225 377 
346 346 
415 415 415 


63 63 75 
452 
184 184 307 307 
72 358 
314 314 
123 123 

408 
101 170 170 267 
273 475 475 475 

56 487 
273 472 472 472 
10 10 10 100 100 240 
159 188 188 227 

193 
127 171 171 
314 314 349 

30 30 30 222 222 
184 
39 39 302 
31 120 315 489 489 
235 235 388 474 
184 213 
31 486 486 
51 184 
126 126 126 185 

3 266 
220 243 
81 81 394 
100 100 197 197 240 265 265 357 431 431 
22 389 
160 

358 
54 54 54 
354 354 354 
234 234 358 
5 5 
233 
347 

5 354 


159 
