Nodes: 512, Edges: 713
133 
441 
28 91 182 
271 493 493 
454 454 
34 34 48 50 50 50 88 88 255 354 354 400 504 
404 
233 271 
196 196 224 350 350 
287 287 287 
476 476 
264 264 264 
184 202 202 355 
76 
117 
59 59 182 182 
184 
390 


428 
31 31 31 
331 331 414 414 461 497 
290 
76 76 
408 408 
158 158 
76 
2 183 
56 
180 180 222 222 222 483 483 
21 21 21 184 184 279 279 315 315 354 486 489 
184 184 
67 
5 5 
413 413 

406 415 
358 358 
159 159 163 166 231 241 302 402 405 477 477 485 
192 249 249 
151 151 160 160 184 354 354 354 399 450 450 457 492 492 
321 323 323 

137 
76 439 
339 381 
76 346 346 
5 
236 236 
5 5 5 
490 490 
345 
225 
76 299 501 501 
195 236 236 
29 191 236 304 446 487 
415 
294 397 397 
15 15 444 
104 104 
359 
241 
383 
381 381 381 
193 362 416 416 

33 192 192 281 281 347 
169 179 371 
236 344 
184 184 184 184 258 

358 358 358 466 
315 
413 413 448 
383 463 
13 24 24 27 45 47 54 78 78 96 107 186 199 199 228 229 242 245 245 245 292 295 295 295 319 319 322 328 328 328 346 346 346 423 440 456 478 478 509 
196 196 413 
76 76 
236 
314 418 
82 82 113 113 184 261 289 289 359 389 394 394 495 
81 81 165 
104 104 236 438 438 
85 312 348 
84 160 160 160 312 348 445 
198 
370 408 
5 5 504 
358 
358 358 
2 
182 


418 
76 
290 290 
420 420 
354 354 
476 496 
140 140 195 378 471 
117 136 136 216 
146 379 
60 60 83 83 236 236 237 507 
372 
190 
76 
414 

176 247 247 

184 
81 81 
367 

184 
14 102 125 135 135 135 184 184 
152 262 364 
122 122 222 413 
486 486 
143 
119 119 
381 468 
232 232 454 
117 136 
491 
480 

415 

454 
168 
0 
354 354 354 380 
117 117 117 
102 102 125 
44 184 184 
164 236 

101 101 320 
196 196 358 
389 
121 217 
282 
339 
103 
236 236 236 
191 304 
250 417 

41 41 
118 292 
325 325 


354 
233 276 
26 26 194 
39 39 227 231 231 330 330 428 469 477 510 511 
41 41 85 85 85 272 
439 
322 
39 
138 
82 329 
39 

132 
68 233 296 425 425 
471 
290 480 

344 344 
335 
187 187 187 407 
110 
300 300 415 415 415 
183 
68 
30 30 
367 
2 15 15 92 340 363 363 363 404 413 
28 178 
12 16 31 31 32 32 41 70 70 70 70 81 112 116 117 117 137 137 213 221 246 258 279 279 284 291 307 315 324 338 345 345 354 355 355 396 409 409 426 484 488 490 

76 440 
175 175 175 
477 

106 
56 148 236 236 268 285 285 304 304 446 446 
40 67 67 281 
65 251 286 362 413 479 479 479 500 
158 
55 101 236 267 471 
8 8 77 77 141 141 290 350 413 

86 508 
76 76 

236 
12 12 355 355 
271 


405 
337 
242 
328 328 

236 
238 
184 

314 
102 
143 
271 
232 274 402 
494 494 
184 
30 30 30 119 314 341 341 376 376 413 499 499 
329 329 
8 
53 259 259 419 458 
292 
159 343 343 477 
76 
76 295 360 
236 406 406 415 415 
39 159 159 
124 124 219 390 454 
7 157 169 271 287 296 374 375 
503 
487 
49 49 55 55 56 69 79 83 104 104 138 147 147 147 191 191 195 201 211 230 267 278 283 344 344 351 
104 
212 
342 405 
279 279 476 496 496 
39 62 430 
76 208 
311 311 311 413 
325 325 
76 76 76 
184 
110 110 
408 
40 40 
149 417 417 
193 413 

330 330 
415 415 
5 
271 273 273 

70 184 409 409 
225 225 367 

81 
118 364 364 

11 11 11 334 385 385 385 

493 
195 236 268 268 356 356 471 
191 267 267 
415 415 
286 
3 7 203 218 233 256 282 327 327 339 339 374 374 375 375 375 391 401 401 401 408 412 427 442 453 
160 
256 256 472 475 
219 402 

157 
415 415 
236 
31 31 184 184 240 240 
308 449 467 
67 67 192 298 298 421 421 
144 271 
236 
184 
191 191 
193 270 413 
9 9 9 233 

81 81 451 
23 97 97 171 196 
184 
76 152 226 364 
408 408 
58 397 
76 76 76 229 
169 233 

281 281 347 347 347 
54 413 
177 177 
339 
39 485 485 

56 148 191 191 
343 
370 408 
184 354 465 
280 


243 243 243 
84 85 

80 215 222 317 349 398 413 413 413 418 418 429 429 434 434 434 455 481 481 
31 31 73 184 336 336 336 486 

314 398 398 413 413 
413 
76 76 
140 
42 323 
76 162 
42 42 321 359 
184 
153 153 244 244 358 
358 358 
271 271 
76 76 76 209 209 
165 223 223 432 
159 159 253 253 369 369 369 
22 22 
407 413 413 
413 413 
264 413 
174 413 494 
315 315 315 486 
207 
184 
46 145 271 271 301 381 408 408 427 452 464 464 
182 
222 222 
239 
227 227 305 
69 173 173 236 236 447 
52 184 184 
47 47 76 76 76 
67 298 298 298 421 506 506 
84 85 
314 481 
8 8 196 
236 

456 
5 5 31 41 41 41 99 99 134 134 134 156 184 307 411 462 502 508 
12 184 184 202 202 
267 267 
431 496 
38 38 72 72 72 89 90 90 141 325 326 326 413 503 
61 81 323 
229 

65 193 413 
182 182 182 
118 262 262 292 
415 415 415 

114 181 259 496 
401 
330 330 330 
87 306 
68 
105 

233 271 271 417 442 
233 271 271 271 
222 222 
458 
101 
103 
134 
46 64 64 64 123 339 408 

63 75 415 
449 
264 264 264 



81 142 497 
17 232 
271 


81 81 495 495 495 

184 
58 58 294 
314 317 317 
41 
5 
271 271 271 368 
39 219 274 405 

6 182 
39 206 239 402 
37 230 230 415 415 
175 332 413 413 
25 25 87 248 271 293 293 306 339 339 381 412 
184 184 258 258 

354 
271 408 
35 35 74 74 77 119 182 193 196 222 243 251 286 299 314 314 314 317 317 318 332 332 333 333 334 335 358 362 407 407 448 
22 22 108 
37 57 129 177 177 177 230 230 254 254 269 269 277 277 365 365 365 383 406 406 432 432 432 460 460 463 
65 65 
149 250 250 374 
80 95 314 314 
225 
98 98 441 
281 281 347 

76 

169 169 
184 
271 339 
20 159 
314 314 
241 
357 496 
329 415 415 415 

314 314 314 



83 83 487 
45 161 
76 186 
1 420 
271 374 468 468 

59 
85 450 
56 191 191 
344 
74 413 
280 384 467 
41 41 445 462 
289 
339 464 464 
271 
4 4 124 131 232 
314 
76 353 491 
41 
225 377 

415 415 
22 497 
354 450 
75 415 
339 339 452 452 
307 
72 
280 449 
123 442 442 
159 511 

101 170 195 267 
273 

487 
273 
10 10 100 240 496 496 
39 39 159 188 227 
76 76 
193 193 193 
127 171 
314 314 349 

30 30 
184 
39 302 302 
31 120 120 315 336 489 489 
56 235 438 474 
184 
31 486 486 
51 51 184 
126 456 
41 41 
3 3 266 
220 220 335 
81 394 394 394 
100 240 240 357 367 431 476 476 
22 389 461 

222 222 
193 
54 54 
354 
234 358 
5 88 

347 347 
104 
198 354 
76 
159 
159 469 
