Nodes: 512, Edges: 713
133 
441 
28 182 183 
271 271 493 
454 
34 48 88 88 88 88 184 184 198 225 255 354 400 441 443 443 504 508 508 
404 
233 
224 350 350 
287 287 

264 264 
184 184 184 202 

117 125 
59 59 182 
184 
390 
441 

428 
31 
108 115 331 331 389 389 414 414 436 
290 290 


408 
76 346 
2 183 183 

180 483 
21 172 172 184 279 279 486 
307 
67 67 192 
5 
158 158 
106 
415 

159 231 241 267 267 402 405 477 
236 249 
85 85 99 137 151 156 156 354 354 399 399 445 
323 
193 

109 439 
339 381 395 
76 346 346 
5 


490 490 
345 345 
225 
299 501 501 
236 
236 236 446 487 

397 397 
15 15 444 
104 104 236 
81 359 
241 
75 383 383 463 463 

193 
141 
33 33 192 281 347 
169 296 296 
344 344 344 
184 184 184 246 

358 466 

448 
63 383 
27 47 78 78 96 96 109 162 186 186 208 208 208 229 245 295 299 299 314 328 346 353 361 413 413 423 423 456 456 478 478 509 509 
196 413 
76 76 
104 236 
314 418 
61 82 184 261 289 359 394 495 495 
81 121 165 389 
104 104 236 438 
348 
41 41 312 348 
198 198 508 508 
306 306 408 
5 5 5 5 504 
358 358 


182 404 404 413 

315 315 

76 76 
171 171 
441 441 
41 354 354 
476 496 
140 195 195 378 378 
136 216 216 
146 146 425 425 
60 60 79 83 83 237 507 
372 
36 372 372 372 

22 
45 76 
401 401 
182 
184 184 

367 
22 389 
184 
14 125 236 236 
152 
413 

82 143 
222 

232 232 309 387 
14 117 136 
185 
480 480 
413 448 
236 236 415 
497 
454 

0 
354 

102 125 
41 184 184 
164 164 236 
381 
101 
66 196 196 196 358 
389 
121 217 217 
282 
339 339 
103 103 379 
236 344 
191 304 

248 
41 354 
118 292 
325 
374 374 
413 
41 41 399 

35 35 194 408 
39 188 188 205 227 227 227 402 402 428 433 510 510 511 511 
272 498 
439 439 
76 322 322 

138 138 
82 329 

413 
413 
68 233 296 296 425 425 425 
471 
97 97 290 480 
31 31 
344 
222 222 
187 187 187 407 407 
247 247 
300 415 
183 

30 222 
367 
2 15 92 111 220 340 363 404 413 444 499 
2 28 28 178 
5 5 12 12 12 16 31 70 70 70 81 112 112 116 137 137 213 236 258 258 258 279 284 289 291 307 324 338 354 355 366 366 396 396 396 465 484 490 
126 491 491 491 
76 76 440 440 
175 175 175 413 
159 159 477 477 
351 
372 372 
148 236 236 236 267 285 285 285 304 446 
33 67 236 
43 65 251 251 251 358 358 413 413 
158 
101 101 236 267 267 471 471 
77 141 141 141 350 350 350 373 373 413 
496 
5 86 86 
207 

236 415 415 
12 355 355 
271 
268 
159 

199 337 
76 76 76 
328 328 


238 238 
184 
314 
467 467 
102 102 
143 143 

274 402 402 454 
182 

122 174 174 180 314 314 314 341 376 376 376 376 413 413 413 483 499 499 499 

8 350 350 350 
5 53 259 419 
292 
159 159 159 337 477 477 

76 295 360 
259 303 406 415 
39 
124 124 390 390 390 
7 169 238 287 287 287 310 374 374 375 505 

487 487 
40 55 56 56 60 79 83 117 117 129 129 138 147 184 191 191 191 192 195 201 237 252 275 278 278 283 283 344 344 351 351 415 415 415 432 432 487 487 
104 236 
212 212 233 
342 405 
279 279 476 476 496 
39 62 430 

311 413 424 
325 358 
76 
70 
176 176 288 401 
150 408 408 
40 
374 
193 193 193 413 
236 
330 
283 283 283 415 
5 
271 

184 184 184 
225 230 367 367 

81 329 
364 410 
315 315 
11 11 334 334 385 385 
496 496 
493 
39 39 191 195 195 356 356 471 
204 
415 415 
286 
3 3 203 256 282 297 297 339 339 375 401 408 427 442 453 
160 
475 
219 402 402 
236 

415 415 415 
236 236 
31 31 184 240 240 
435 435 467 467 
67 298 
144 271 
236 236 254 254 254 415 415 
184 
191 191 191 
270 413 
9 9 233 233 233 
247 
81 184 451 
23 23 171 480 
184 426 426 
152 226 364 410 410 
408 
397 408 
76 229 509 
68 68 169 169 
271 271 
281 
54 76 76 
177 
339 
485 485 
230 415 
148 191 
343 392 482 482 
87 87 370 370 408 408 
32 184 354 396 396 

124 
233 
243 
85 

76 80 214 222 222 222 317 384 429 449 467 481 481 
94 94 263 263 486 
444 
314 398 398 
413 



162 162 
42 359 
184 
153 244 358 
358 

76 209 209 
165 261 
253 
22 22 
407 413 413 

264 264 385 413 
413 494 494 
486 
207 227 
184 
46 145 145 271 271 301 381 408 427 427 452 464 
182 
222 
239 
305 
69 69 69 147 173 236 236 447 
52 52 
27 47 47 76 459 459 
67 421 506 
84 85 
481 481 
8 8 196 196 196 224 224 224 
189 236 236 356 432 
402 402 
76 
5 41 41 99 99 134 151 184 307 411 450 462 508 508 
184 202 202 
267 267 351 
496 
72 89 89 141 193 193 244 325 326 413 413 503 503 
61 81 323 
229 
76 
413 
182 
262 292 
415 415 
184 184 
114 181 259 259 496 


306 306 

105 106 106 106 190 190 
196 196 
154 154 233 233 250 408 417 
233 271 
222 222 222 222 
458 
101 101 
146 

46 139 339 408 408 

63 63 75 415 415 432 
314 
264 264 334 413 413 

124 

22 22 82 115 142 497 
17 232 232 232 

305 

81 495 
46 
184 184 184 307 307 
58 58 294 
317 317 
41 41 156 
5 
110 110 247 271 
39 159 159 219 219 274 274 352 352 405 
427 
6 92 92 182 
39 239 402 
230 415 
175 175 332 413 
26 87 158 248 248 271 293 294 306 306 339 374 381 381 412 437 470 

262 292 292 
354 
408 
76 76 77 92 119 128 155 167 168 182 187 193 193 196 222 222 222 243 251 286 318 332 332 334 335 358 358 362 385 385 407 439 439 439 448 455 494 
22 22 
37 129 177 201 201 230 236 236 236 254 269 269 277 277 277 283 283 303 365 365 383 383 406 432 432 460 463 463 

374 
80 
225 

347 

76 76 
243 
103 103 169 169 169 
291 291 
271 339 339 403 
20 159 
314 
241 
496 
236 236 351 383 415 415 
159 

280 280 449 
22 
408 
83 487 
45 161 161 413 413 413 
186 186 
1 5 18 98 98 
271 468 
5 5 
59 182 316 
41 
56 191 
344 
74 128 413 
314 435 467 467 
354 
289 
339 464 
271 
4 131 219 
413 
76 76 

377 
346 346 
415 

354 
63 63 415 415 
339 452 
184 
72 
215 215 280 280 314 449 449 
442 
511 511 
408 
170 195 195 267 
475 475 

487 
273 472 472 
100 240 240 496 
39 188 188 227 227 
76 76 

127 127 171 290 
314 314 349 349 
305 305 
30 222 
184 
302 302 
31 315 336 489 
56 235 235 236 236 438 474 

486 
51 51 184 
185 185 185 

3 266 
335 335 413 
81 81 394 
100 197 240 265 265 357 367 431 476 
130 389 
160 
182 222 222 222 

54 54 

358 358 
5 88 
233 
347 
104 
5 5 86 86 354 354 
76 76 295 
159 159 
159 159 469 469 
