Nodes: 512, Edges: 713
381 
441 
91 91 111 111 189 189 
493 
454 454 
50 88 184 198 225 225 255 273 354 400 441 443 504 508 
404 
233 233 271 
196 


264 264 
184 202 355 
76 76 
125 
59 182 444 
184 184 
390 
441 
104 104 
428 428 
31 31 31 
108 115 331 389 414 

76 76 

158 
76 346 
183 183 
56 
222 483 
21 21 21 172 184 315 354 486 
307 
67 67 192 

210 222 413 413 
106 106 106 
406 415 415 
358 
62 159 159 219 231 241 267 302 402 402 
192 192 236 236 249 249 
99 99 151 151 160 184 184 324 324 354 354 354 399 445 450 450 457 457 492 492 
323 
193 
137 137 
413 
64 339 395 
76 76 346 


5 
490 
184 
225 225 
501 
195 236 
29 236 446 
415 
294 
15 444 
236 
81 81 359 359 
39 
383 463 
46 381 395 
416 

33 33 281 281 347 
169 296 371 
236 344 
184 246 246 258 

325 325 358 466 
94 94 315 315 
413 
463 
13 13 24 24 27 47 47 78 96 96 107 107 162 162 186 199 228 228 229 229 242 242 245 295 295 295 299 322 322 328 328 346 346 423 440 509 
413 
76 
104 236 
314 418 418 
61 61 82 113 184 184 261 261 289 329 329 359 389 389 394 
81 121 121 142 165 165 165 389 389 
104 104 104 236 438 
312 
160 312 348 
198 
306 306 370 370 408 
5 504 504 
358 
358 
2 2 
404 

73 73 
418 418 
76 76 

420 441 
41 41 354 
476 496 496 
140 195 195 471 
136 216 
146 
19 19 79 83 83 83 138 236 237 507 

36 36 36 190 190 372 372 
76 76 
22 414 

247 247 247 
2 2 
184 
81 
367 
22 

125 184 
152 152 152 364 
122 222 222 
486 
82 82 143 143 143 
119 222 

387 387 
14 117 136 
491 491 

448 
236 236 236 415 

454 
168 168 

354 354 380 380 

102 125 
44 44 184 184 
104 236 236 
381 
101 
196 358 
82 389 389 
121 121 121 
282 
339 
103 379 
236 
191 
250 250 417 
248 408 408 
41 41 
118 118 118 
325 

413 413 413 

233 276 425 
26 194 271 271 408 
39 39 188 227 227 227 231 305 330 330 402 428 428 433 433 433 469 469 510 511 511 
41 85 312 
413 413 413 
76 76 322 


82 82 82 
477 
413 500 
132 132 413 
68 233 233 296 296 425 425 425 425 425 

290 480 480 480 
31 
344 
222 494 
187 187 407 

415 415 415 415 


222 222 

15 340 363 404 404 413 444 444 
28 28 
5 12 16 16 31 41 41 52 70 81 81 112 117 137 137 213 246 246 258 260 289 289 307 315 324 354 354 355 366 396 409 426 426 456 484 488 490 490 490 

76 245 245 
175 175 413 413 
159 477 
2 2 
106 106 372 372 
148 236 267 268 268 268 285 304 446 
33 40 40 236 
43 251 251 286 362 413 413 500 
158 
55 101 101 236 267 
8 141 350 422 
496 
5 86 386 386 
76 

236 236 415 
12 
271 
267 


478 478 

328 328 
35 

238 238 310 310 
184 
314 
467 467 
102 

271 271 
39 274 274 402 402 454 454 
494 494 

30 35 119 119 122 174 180 180 483 499 499 
329 329 
350 
5 5 53 53 377 458 458 
292 
159 159 159 257 337 337 337 337 392 
76 76 245 
76 76 295 360 361 
236 275 303 303 406 406 406 415 
39 159 
390 
7 7 157 169 169 238 271 287 310 374 375 505 
503 503 503 
236 
40 40 55 56 60 69 79 83 104 129 129 129 138 138 147 191 192 195 201 201 230 235 237 252 267 275 351 415 432 487 487 
104 236 
212 212 233 
342 
279 279 279 476 
39 
76 76 
413 
325 
76 186 186 228 
70 70 184 184 
110 110 110 288 
150 
40 40 
149 149 
193 193 286 413 
236 


5 

227 305 
70 184 409 

184 
81 81 329 329 

315 
11 11 334 334 385 


39 191 195 204 236 356 
191 191 191 
415 415 415 

7 158 158 203 218 218 233 282 282 327 327 339 354 354 374 375 375 391 401 408 408 408 412 412 427 442 442 453 453 

5 
219 219 
230 236 
157 
415 

240 240 240 
308 308 435 449 467 
67 67 298 347 421 
144 271 271 427 


191 
193 251 
233 
247 
81 184 184 451 451 
171 480 480 
426 
226 364 410 410 
408 
58 397 408 408 
76 76 76 229 509 
68 169 169 

281 347 
76 

339 339 
39 485 
230 230 
191 
159 257 343 392 392 
87 87 370 370 
32 184 354 465 
280 280 467 467 

212 212 233 

84 85 160 

80 214 349 413 429 449 481 481 
31 73 73 184 263 486 

398 413 413 
413 


323 323 
76 76 162 
42 321 321 359 
41 41 184 
72 72 153 244 358 
358 358 
271 271 
76 76 209 209 
81 81 223 223 261 261 
159 159 428 
22 
413 
413 
264 264 385 385 
413 494 494 
486 486 
227 227 227 227 

46 145 271 301 301 381 452 452 470 
182 

239 
305 
69 173 447 

27 47 76 76 459 459 
67 281 298 421 
85 
314 481 481 
196 224 
236 356 
402 402 
456 
5 31 41 41 41 99 134 134 184 184 271 271 307 411 411 450 462 502 508 508 
12 184 
267 351 
431 
38 72 89 90 141 325 326 326 413 413 466 466 503 
61 61 81 323 
229 
229 
193 
182 
118 292 
415 
184 
114 496 496 


87 87 306 306 
68 
106 106 190 190 

233 271 408 417 
233 271 271 

225 

146 
134 134 
0 64 139 339 395 408 
413 
63 415 415 
449 449 
264 334 334 
198 198 
124 124 
487 487 
22 81 81 82 82 142 142 497 497 497 
17 232 
271 
227 305 305 

81 495 
46 64 381 
184 
294 
317 
41 
5 
271 
39 39 159 219 219 352 352 405 
427 
6 92 182 182 
402 
37 230 230 230 415 
175 
87 150 150 158 271 271 271 293 294 294 374 381 412 470 
184 258 
292 292 
354 354 
271 271 408 
35 35 45 74 77 155 155 155 161 161 161 167 168 182 187 187 193 193 243 251 314 317 317 318 332 333 335 358 358 382 439 448 448 500 
22 108 
37 37 57 129 177 177 177 177 201 230 236 269 269 269 277 365 383 383 406 460 460 463 463 
65 
149 374 
80 80 95 95 

98 441 441 
281 347 
196 
76 

157 169 169 169 169 169 
184 184 291 
271 282 403 
20 20 159 159 330 
314 

357 496 
236 
159 159 159 

280 449 


83 
413 
76 
1 5 18 98 420 420 
271 271 468 
5 
15 59 182 182 
41 450 450 
56 191 
344 
128 413 413 
280 314 384 384 435 467 
41 41 354 445 445 
289 289 
339 339 464 
271 271 
4 4 131 219 219 

184 353 491 
41 41 
225 225 
346 346 
415 415 
497 
354 
63 75 415 415 
452 
307 
72 358 358 
215 215 280 308 308 449 
442 
159 159 511 
339 408 
101 
475 


472 
100 240 
166 188 
207 207 

171 171 171 290 290 
314 314 349 349 

30 222 
184 
302 
31 120 315 336 336 489 
236 236 388 388 
184 
486 
51 184 184 184 
126 126 456 
41 41 
3 
174 220 220 335 335 
394 
100 100 197 367 367 431 
389 389 389 461 

222 222 
167 193 413 
54 
354 
234 234 234 358 
5 88 88 
233 

104 
5 354 354 
76 295 
159 
159 159 469 
