Nodes: 512, Edges: 713
133 
441 
28 91 91 111 183 189 189 
271 271 493 

48 48 50 50 88 184 184 225 225 273 273 273 354 354 400 441 441 475 504 

233 233 
350 350 

476 
264 264 
184 202 
76 
184 
59 59 
184 184 
455 455 
441 
104 104 
428 

331 389 436 461 461 497 
290 
76 
408 
408 
346 
2 178 
56 56 
222 483 483 
172 184 279 279 279 279 315 354 354 354 486 486 489 

192 

210 210 413 413 



62 62 159 159 163 231 241 241 267 267 302 330 330 485 
236 
85 99 99 137 137 151 151 160 184 184 184 324 354 354 492 
321 
193 193 
137 
76 109 413 439 439 
64 64 339 
76 76 346 346 
5 5 
236 
5 5 


225 
76 76 299 501 
93 93 195 195 236 
29 29 191 236 304 304 446 474 474 487 487 

294 294 
15 15 444 
104 104 236 
81 359 
39 39 241 
383 383 463 
46 46 381 381 
193 
141 141 
281 281 281 347 
179 179 371 371 
344 
184 258 258 258 

325 358 358 466 
94 463 
413 448 448 
383 383 463 463 
13 24 45 47 47 54 54 78 78 96 96 107 109 109 162 196 207 207 208 208 208 229 229 242 245 295 295 299 314 319 319 322 322 322 328 328 346 423 423 440 440 456 509 509 509 
196 413 
76 76 
104 
314 418 418 418 
61 82 184 289 359 389 389 495 
81 121 142 143 143 165 389 
104 438 
85 312 348 
41 84 312 348 348 
508 
370 
5 
358 
358 
2 2 
404 404 413 
55 55 
73 315 

76 76 
171 171 171 290 

41 41 354 354 354 
476 496 496 
140 378 471 
216 
146 146 425 
19 19 60 60 79 83 138 236 507 
372 
372 
76 

45 76 76 
176 176 401 401 
2 182 
184 184 

367 
389 
184 415 
125 
262 
122 222 222 

82 
119 222 
381 468 468 468 
454 
117 136 136 136 
185 491 491 

448 448 
236 415 415 



0 
354 380 

125 125 125 
41 41 44 184 
104 236 236 
381 381 
101 320 320 
66 66 196 
82 
82 82 217 217 217 
282 

103 103 379 
236 236 344 
304 
250 417 
408 
41 41 


374 374 
413 
354 450 
233 276 276 425 
194 
39 39 188 227 227 231 428 469 477 510 511 511 
41 272 272 312 312 498 

76 322 
39 

82 
477 477 
413 

233 296 425 425 
471 
97 97 97 480 480 
31 

335 
187 407 407 
110 110 247 
300 300 
28 183 183 
68 68 

367 
111 363 413 413 444 
2 178 178 
5 5 12 14 16 16 31 41 41 41 70 81 112 112 116 137 213 221 236 236 246 246 260 279 284 284 289 291 291 307 307 324 324 338 338 354 354 355 396 484 
126 491 
245 
175 
159 477 
2 2 
372 
56 236 236 285 285 446 
33 236 
43 43 65 362 413 479 
158 
55 55 471 
76 77 141 200 290 290 290 350 350 373 373 
496 
508 508 
207 314 314 314 
196 
236 415 
12 355 355 
271 
267 268 268 


76 76 199 478 
76 76 76 
328 
35 35 

238 238 238 310 
184 488 
314 314 
314 314 467 
102 
143 143 143 

232 274 402 
494 494 
184 
30 119 119 122 309 341 376 413 483 

313 313 350 350 
5 5 53 259 377 393 458 
292 
159 159 257 337 392 392 477 

76 76 
236 275 275 
39 159 
219 390 454 
7 7 157 169 238 238 238 271 271 296 374 

236 
40 49 55 56 60 104 129 138 138 147 147 184 184 191 191 192 201 230 235 237 237 267 278 278 278 344 344 344 351 415 432 432 487 
236 236 
212 212 212 233 233 233 
342 405 405 
279 496 496 
39 39 62 
76 
311 413 424 424 494 494 
325 358 
76 186 
184 184 
176 
408 408 

149 374 417 442 
413 


283 415 

271 271 273 273 
227 305 
70 70 70 409 
225 367 
184 
329 
118 410 410 
315 315 315 
11 11 334 334 
496 

39 39 204 236 471 471 
204 204 
415 

3 3 203 233 233 256 256 282 297 297 327 354 374 374 375 391 453 453 
160 160 
5 5 5 256 256 354 354 354 472 475 475 
219 402 
230 230 
157 157 

236 236 236 
31 31 31 31 184 240 
449 
67 67 67 421 421 
144 271 427 427 427 
254 415 
184 184 
191 191 
413 


81 184 
23 97 196 196 196 480 
184 184 
226 364 410 
408 
58 58 397 408 408 
76 76 
169 233 
271 271 408 
347 
54 76 413 
177 177 

39 485 

56 56 148 
257 343 343 392 482 

184 184 354 396 396 465 
467 467 
222 
212 
243 
84 85 160 160 
224 224 
76 80 199 199 199 214 214 215 215 317 384 384 398 418 418 418 429 434 467 
31 94 263 263 263 336 486 486 

314 413 
413 
76 76 
140 140 
42 
76 76 76 162 
359 359 
41 184 184 
72 244 
358 
271 
76 76 209 
261 
39 39 369 428 428 
22 
413 
413 
264 264 413 
174 413 494 
315 486 
227 
184 184 415 
46 408 427 452 464 470 

222 
239 
305 305 
69 147 236 236 236 447 

27 47 47 76 459 
67 298 421 506 
84 85 85 

8 8 196 196 224 224 
236 356 432 
402 

5 5 31 31 31 41 41 99 99 99 134 156 184 184 271 273 273 273 307 411 450 462 490 502 502 508 
184 202 202 
351 
496 496 
72 72 89 90 244 326 413 413 466 503 503 
61 81 323 323 


193 413 413 
182 
292 
415 

114 181 259 496 
401 
330 
87 
68 68 
105 106 190 
196 196 
154 154 233 250 271 271 408 442 
271 
222 
225 
101 
146 
134 
64 64 123 139 139 395 395 408 

63 63 75 75 415 432 
314 314 449 



487 487 
22 81 81 82 115 497 
232 
271 
227 227 305 
225 
495 
381 381 
184 307 307 
294 
314 

5 
110 110 368 
219 274 352 405 405 405 

92 92 
239 239 402 402 402 

175 175 413 413 
25 26 150 248 248 293 294 294 297 339 374 381 412 437 470 
258 
262 262 292 
354 
408 
35 35 45 74 77 92 155 167 182 182 193 222 243 251 286 299 317 318 332 333 334 335 358 358 362 362 407 407 439 448 448 494 

116 129 129 201 236 254 269 283 338 365 383 432 460 

149 250 
80 80 80 314 314 314 

441 
281 281 347 

76 76 
243 243 
103 157 169 169 

282 282 282 339 
20 159 330 330 
314 

496 496 
236 236 351 383 415 

314 
449 449 
22 
408 
83 
45 45 413 
76 76 
1 5 5 18 420 
250 374 468 

59 182 
450 450 450 
56 191 
344 
74 74 128 128 413 413 
280 384 435 435 467 
156 354 445 445 445 462 

339 464 
271 271 
124 232 
17 17 
76 491 

225 
346 
415 
22 22 497 497 
354 450 
63 73 75 75 
339 452 
307 
72 358 
215 308 308 314 449 
123 123 123 442 
159 511 
339 408 
101 170 195 267 267 
273 475 

56 56 487 487 
5 273 273 472 
10 100 
159 166 166 188 227 
207 
193 
171 171 290 

305 
30 30 222 
184 
39 302 
31 31 315 315 336 
56 56 236 388 388 474 474 
213 
31 
354 
126 126 185 456 
41 
3 
220 220 243 243 335 413 
81 394 
100 100 197 240 240 265 357 357 367 431 431 
22 389 461 461 
160 


54 
354 354 
358 358 
5 

347 
104 
86 198 198 354 
76 76 76 
159 
159 159 469 
