Nodes: 512, Edges: 713
133 381 
441 
28 28 183 183 
271 493 
454 
34 48 50 50 50 88 88 88 184 354 354 400 441 443 443 504 508 508 
404 
233 
196 224 224 313 313 350 350 
287 287 287 
476 476 476 
264 
184 
76 76 
184 
59 59 182 182 
184 
390 
441 
104 
428 
31 
108 108 331 331 389 389 436 436 
290 290 290 

408 408 

76 76 76 346 
2 2 178 178 
56 
483 483 
21 172 184 315 315 354 354 354 486 486 489 
184 307 
67 67 192 
5 
158 158 210 413 413 
106 
415 415 
358 
62 62 219 231 231 241 267 267 302 330 402 402 402 405 405 477 477 
192 192 236 236 249 
85 85 99 137 160 160 184 324 354 492 
321 323 323 


76 109 413 
64 64 395 
76 346 
5 
236 
5 5 5 400 
484 490 
184 
225 
76 76 299 299 501 
93 195 
29 191 191 236 236 304 474 487 
415 415 

15 15 
236 
81 359 
39 39 241 
383 
46 46 381 
416 416 
141 
33 33 192 
169 179 296 371 
344 
184 258 


94 463 
448 448 
383 463 463 
13 13 27 27 27 45 47 54 54 96 162 186 207 208 245 245 295 295 295 299 299 299 314 314 319 319 322 322 322 328 328 440 440 509 
196 196 413 

104 
314 
61 82 113 184 261 289 359 495 495 
81 121 143 165 
104 236 236 438 
85 312 348 
41 41 84 160 312 
508 
370 408 
5 5 5 504 
358 358 


182 413 
55 
73 315 
418 
76 
171 171 
420 441 441 
41 
476 496 
140 140 195 195 195 471 471 471 
117 136 
146 146 379 425 425 
19 79 83 236 237 237 507 
184 190 190 
36 190 

22 22 414 
45 199 
176 176 176 401 401 401 
182 
184 
81 



102 125 135 184 184 
152 364 364 
122 122 222 222 413 

82 143 143 
119 119 222 222 
468 468 
232 232 
117 136 
185 

413 448 448 
415 
497 
454 
168 
0 381 
354 
117 
102 125 
41 184 
164 
381 
101 101 320 320 320 
66 196 358 358 
389 389 389 
82 121 121 217 
282 
339 
103 103 379 379 
236 344 344 
191 304 
250 


118 
325 325 325 
374 374 
413 
354 450 
233 276 425 
35 35 194 
188 205 227 231 428 433 469 477 510 511 
41 41 85 272 312 312 498 
413 439 
76 322 

138 
82 329 329 
477 
413 
132 
68 296 425 

97 97 290 480 480 
31 
344 344 344 
222 222 
187 187 187 407 
110 110 110 
300 415 
28 28 
68 
222 
367 
15 15 92 111 340 363 404 413 413 413 444 444 
2 2 
5 12 14 16 31 32 41 52 70 81 105 112 117 117 137 221 258 279 279 291 291 307 307 315 338 354 354 355 396 396 426 426 465 484 
126 491 491 
76 440 
175 175 175 
159 477 477 
351 351 
105 105 106 
56 56 148 236 267 267 267 304 304 
33 40 40 67 236 236 
251 251 358 362 
158 
55 101 101 101 236 471 
8 77 77 141 200 200 290 350 373 

386 508 
109 
196 196 
236 415 
355 

267 
159 
405 
76 478 
76 242 
328 
35 309 

238 310 
488 
314 
314 314 

143 
271 
39 274 
494 
184 
119 119 122 122 174 174 180 314 314 341 376 376 483 483 499 
329 329 
8 8 313 350 350 
53 377 377 377 393 393 419 458 
292 292 
159 337 343 392 477 

360 360 
236 303 415 
39 39 159 
124 124 454 454 
7 157 238 271 287 287 287 287 296 296 310 374 375 505 
503 

40 40 49 56 56 60 83 83 104 147 191 192 192 195 201 230 252 252 275 278 278 283 344 344 344 415 432 432 432 460 487 
104 104 
212 233 
342 342 
279 496 496 
39 62 430 430 
208 
311 311 311 413 424 494 494 
325 325 
76 76 

288 288 401 
408 408 
40 
149 374 417 442 
193 193 413 
236 236 

283 283 415 

271 271 271 

70 184 
367 367 

81 329 
410 
315 315 
11 385 385 


39 39 191 191 191 204 356 471 471 

415 415 
286 286 
3 218 233 256 256 256 282 297 327 339 354 374 375 391 391 391 401 401 408 412 427 427 
160 
475 
219 
236 
157 
415 
236 236 
184 184 240 
467 
347 421 
144 271 
236 254 254 415 


270 270 
9 9 9 233 233 233 233 
247 247 
81 
23 23 23 171 196 
184 184 426 
226 226 364 410 410 
408 
408 
76 76 76 509 
68 169 233 233 
271 408 
347 347 
54 54 76 76 76 
177 
339 339 
39 
230 415 
56 148 191 191 
392 392 482 
370 408 
32 184 184 354 465 

210 
212 233 
243 243 243 
84 85 160 160 
8 8 224 
76 76 80 214 215 215 222 222 317 349 413 418 418 429 429 434 449 449 455 467 467 
31 31 94 184 263 263 336 486 486 
444 444 
314 
413 413 
76 76 
140 140 140 
42 323 
76 76 76 162 
42 42 321 359 
41 
153 153 153 244 244 

271 
76 76 209 
165 165 223 223 261 
39 
22 22 
407 413 


494 
315 
227 
184 
145 271 301 301 408 452 464 464 470 
182 
222 
239 239 
227 
69 147 147 173 173 173 236 236 236 447 447 

27 47 
281 298 298 421 
84 
314 481 481 
8 8 196 224 224 
189 189 356 356 432 

456 456 
5 5 31 31 31 41 134 156 184 184 271 307 411 502 508 
184 202 
267 351 351 
431 
38 89 89 141 141 193 413 466 
61 81 323 
229 229 

193 413 
182 
118 118 292 
415 

181 259 259 496 


87 306 
68 

196 
154 154 233 250 271 417 
233 271 
222 222 
225 225 225 458 

103 146 146 

0 64 133 139 395 395 395 
413 
63 75 415 432 
449 
264 264 413 
198 

487 
22 22 142 142 142 497 
17 
271 271 271 
227 305 305 
225 225 
495 
46 381 381 381 
184 184 



5 50 
110 110 110 247 271 271 
39 39 39 405 

6 182 
39 39 206 402 
415 415 
175 332 413 413 
25 25 87 248 248 271 293 294 297 306 339 412 

262 292 292 
354 
271 408 
35 35 45 77 92 119 128 155 161 167 182 182 182 243 251 314 318 318 332 358 362 382 385 407 407 439 439 455 494 
108 
37 37 57 57 129 177 201 230 236 254 269 269 277 283 303 365 383 406 406 460 460 
65 65 
250 374 
95 314 314 
225 
98 441 441 
281 347 


243 
103 103 157 169 
184 184 291 
271 271 
20 159 
314 314 
241 241 
357 496 
236 236 236 351 383 
159 
314 

22 22 

83 
161 413 413 
76 76 186 
1 5 18 98 98 420 420 
250 
5 5 
182 182 316 316 
450 450 450 

344 344 
74 74 128 128 
314 314 384 467 
156 445 445 445 462 462 

339 

4 131 232 232 
314 413 
353 353 491 491 

225 377 

236 415 415 
497 
450 450 
73 75 75 
339 339 
184 307 
358 
280 314 314 449 
123 123 
159 511 511 
339 
101 101 101 195 267 267 
475 

56 487 487 
273 472 
10 10 10 100 496 
39 39 159 166 188 188 227 
207 

171 171 
349 349 
305 
30 30 222 222 
51 184 

31 31 315 315 489 
56 236 388 474 474 
213 
31 486 
51 
185 185 456 456 
41 
3 
220 243 243 335 413 
81 81 394 
100 240 240 367 431 476 
130 389 461 
160 
222 

54 
354 
234 
5 88 
233 

104 
5 5 86 198 354 
76 295 
159 
159 469 469 
