Nodes: 512, Edges: 713
133 381 
441 441 
91 91 111 182 183 
493 

48 50 88 184 184 198 198 225 225 255 273 279 354 400 400 441 504 508 508 

271 
196 196 224 224 
287 
476 476 
264 264 
184 202 
76 
117 184 
59 59 59 182 182 

455 455 

104 
428 428 
31 
108 115 331 414 414 436 
290 290 290 290 
76 
408 
408 408 
76 346 346 346 

56 
180 222 483 
21 172 279 315 486 
184 
192 

222 413 
106 
406 415 415 
358 
62 159 159 219 219 241 241 330 405 405 477 477 485 485 
192 192 236 249 
85 99 137 137 151 160 184 184 324 354 399 450 450 457 457 457 492 492 
323 323 

137 

339 395 395 
76 346 346 346 
5 508 
236 
5 400 

345 
225 225 
76 501 501 
93 195 
29 446 474 487 

397 
15 15 15 444 
104 
81 359 
39 241 
383 
381 395 
193 193 362 416 416 
141 
192 347 
296 371 

184 184 258 258 

466 
94 94 94 315 315 315 
448 448 448 448 
383 
13 24 27 47 54 96 96 109 109 162 186 186 199 199 207 208 208 228 242 242 245 245 295 299 299 314 322 328 346 361 413 440 509 
196 413 413 

104 236 236 
314 
61 113 113 113 261 261 289 329 329 359 495 
121 121 165 165 389 
438 438 
85 312 312 348 
41 84 160 312 348 
198 508 508 
408 
5 


2 2 
182 404 
55 
73 73 73 315 315 315 

76 76 
171 290 
441 441 
41 354 354 
476 496 496 
140 140 378 
117 216 216 
379 379 425 425 
19 60 79 236 236 237 507 
184 184 184 190 
36 372 372 

22 414 
76 76 
176 401 
2 
184 
81 81 81 

22 
415 
14 102 125 135 236 
262 364 
222 
486 486 
82 82 143 

468 
387 
117 136 136 
185 491 
480 480 
448 
415 


168 
0 381 381 

117 
125 125 
41 41 44 184 
236 236 
381 
101 101 320 
66 196 196 

121 
282 282 
339 339 
379 379 

191 304 304 
250 417 
248 408 408 
41 354 

325 
374 374 
413 
450 
233 233 276 276 425 425 425 
194 271 
39 39 188 188 205 305 330 402 428 433 433 477 510 511 
41 85 272 312 312 498 
413 413 439 
76 322 


82 82 
477 
413 
132 413 
233 233 296 296 425 425 425 
471 
97 290 480 
31 
344 
222 
187 187 187 187 407 
110 247 
415 415 
183 

30 
367 
2 15 15 92 340 363 404 413 413 444 444 
2 178 
5 5 12 14 32 41 41 70 70 105 105 105 112 137 213 236 236 258 258 260 267 279 292 307 307 315 315 324 345 354 355 355 396 409 426 465 465 484 488 490 490 
126 491 
76 76 
175 175 175 175 413 
159 159 477 
351 
105 372 
148 267 268 285 
33 40 40 67 236 236 
65 65 251 286 286 362 362 362 500 
158 
55 236 267 471 471 
8 8 77 141 141 290 350 350 373 373 422 422 
496 496 
5 5 86 386 508 
76 76 


12 355 
271 271 
267 267 268 
159 
405 405 
76 
76 76 
328 


238 310 
184 
215 314 
214 467 
102 102 

271 
39 39 274 402 454 
494 

30 35 119 174 341 341 376 376 413 413 483 499 499 
329 
8 8 313 350 
5 5 53 53 259 393 393 458 458 
292 
337 337 392 
76 
360 
236 303 303 406 406 

390 
157 157 169 169 271 271 271 287 287 287 310 374 375 505 

487 
40 49 79 79 104 104 117 138 138 184 184 192 192 195 230 237 252 278 278 278 283 283 351 415 432 432 
104 236 
212 
342 342 405 
279 279 476 
39 39 62 430 
76 76 
311 311 311 311 311 413 413 494 
325 325 358 
76 76 

176 288 288 288 401 401 
150 
40 
149 374 417 
193 413 
236 
330 
415 
5 
271 271 
305 305 
70 70 184 184 409 
225 367 441 
184 
81 81 
118 364 410 410 
315 315 
11 11 334 334 


184 191 195 204 204 356 
191 204 

286 
7 158 203 203 218 233 233 233 256 256 282 297 327 327 339 374 375 401 408 408 453 
160 
5 475 475 
219 

157 157 
415 
236 236 236 
5 31 184 240 240 
435 435 

144 144 271 427 427 
236 236 

191 
193 193 270 
9 233 233 233 
247 247 247 
81 451 451 
23 23 23 23 97 171 196 480 
426 426 
184 226 364 410 410 
408 
397 
76 509 
68 169 169 
271 408 408 
347 
76 76 413 

339 
485 
230 230 415 
148 148 
159 257 257 343 343 392 392 
370 370 408 
184 184 396 465 
467 

212 233 
243 243 243 243 243 
84 84 85 160 160 
224 
76 80 214 317 317 317 398 413 418 429 429 434 449 449 467 467 467 481 481 
31 73 73 73 94 94 94 184 184 263 263 336 486 486 486 
444 
314 314 314 
413 
354 
140 

76 162 
42 42 359 
41 184 
153 244 244 358 

271 271 
76 209 
81 81 223 
39 159 253 428 
22 

413 
264 264 413 
494 494 494 
315 
227 227 
415 
46 145 145 271 301 408 427 464 470 
182 
222 222 
239 239 
305 305 
173 
52 184 
27 27 27 47 47 47 76 459 459 
67 298 421 506 
84 85 

196 196 224 
189 236 356 

456 
5 41 99 99 151 184 319 411 450 462 502 
184 184 202 
267 351 
367 367 367 
38 244 325 503 503 
61 81 323 
229 
76 
65 193 193 193 
182 
118 262 292 
415 415 

181 259 357 357 357 496 
401 

306 306 
68 
106 106 190 
196 196 
154 154 233 250 271 417 
233 271 
222 222 
458 
101 
103 103 146 146 

0 64 133 133 139 395 408 
413 
63 75 415 
449 449 
413 413 413 
198 
124 

82 497 497 
232 

227 305 305 
225 225 
495 
46 46 64 381 
184 307 
58 294 
314 
41 
5 5 50 
110 247 247 271 368 
159 219 

92 182 
39 39 206 206 239 
37 230 230 415 415 
175 413 
25 26 26 87 150 150 271 271 293 297 297 306 339 381 412 
184 258 
262 262 292 292 
354 
408 
35 76 77 77 155 161 161 167 168 182 182 187 222 222 243 243 251 299 314 318 333 334 382 385 385 385 407 439 439 439 455 455 
22 22 108 
37 37 116 129 177 177 236 254 277 303 338 365 365 383 406 406 460 463 
65 65 
149 250 374 
314 

441 
347 
196 196 


103 103 157 157 157 169 169 169 
184 291 291 
282 282 339 
20 20 159 330 
314 314 
241 
496 
236 236 
159 159 
314 
280 280 449 
22 

83 83 487 
161 413 413 413 
76 
1 1 5 98 98 259 420 
468 

59 182 182 316 
450 450 
56 

74 74 74 74 128 
314 314 384 384 435 
41 41 156 354 445 445 
289 289 
464 
271 
219 
17 17 413 413 
353 491 491 
41 41 41 
225 225 377 
346 346 
415 
497 
354 
415 
339 452 
184 184 307 
72 
215 308 314 314 314 
123 442 
511 511 
339 
170 195 195 
475 

56 487 
273 273 472 
10 10 100 240 496 496 
39 39 159 166 188 


127 127 171 290 
314 314 

30 222 
184 
39 39 302 
31 120 120 315 315 315 489 
56 235 438 474 
184 
486 
184 184 
126 185 456 456 
41 41 
3 
220 243 335 335 335 
81 394 
100 100 197 197 367 431 476 476 
389 389 461 
160 
222 222 
193 
54 54 
354 
358 358 
5 
233 
347 
104 
5 5 48 86 86 198 
76 295 
159 
159 469 469 
