Nodes: 512, Edges: 713
133 

91 91 111 183 
271 493 

34 34 48 48 88 184 184 184 198 225 273 279 279 400 443 504 
404 404 
271 271 
224 
287 287 
476 
264 264 
355 355 

117 117 125 
59 59 182 182 
184 
455 455 455 
441 
104 

31 
108 389 414 414 414 461 461 461 497 497 
290 290 

408 
408 
76 76 346 

56 56 
180 222 483 
21 184 354 
307 
192 
5 5 
158 158 210 210 

406 415 415 
358 
159 163 166 219 231 231 330 405 485 485 
192 249 
85 137 156 160 160 184 324 324 354 399 450 450 492 
323 323 
193 193 
137 
76 413 439 439 
339 381 395 395 
76 76 346 346 
5 5 

400 400 400 
490 
184 345 345 
225 
299 299 501 
93 195 236 
29 29 236 236 304 474 487 487 487 
415 
294 294 
15 15 
236 236 
81 359 359 
241 
383 463 463 
381 381 381 395 

141 
281 347 
296 371 371 
236 
184 258 258 

325 466 
94 315 315 
448 448 

27 27 45 47 47 78 78 96 96 96 107 162 196 199 229 242 245 245 299 299 346 346 413 413 423 509 
196 
76 76 

314 314 418 
61 113 113 184 184 184 261 289 289 359 389 389 394 394 394 495 
121 143 143 165 165 165 
104 236 236 236 
85 312 
41 84 160 348 348 445 
198 
306 370 370 408 
5 504 
358 

2 2 
182 182 413 
55 
73 
418 418 418 
76 76 76 
171 290 290 
441 441 

476 476 
378 
117 136 136 216 216 216 
379 425 425 425 
19 83 138 236 237 
184 190 190 372 
190 372 
76 
22 414 414 

247 401 401 
2 
184 184 184 
81 81 
367 
389 
184 184 415 
14 14 102 125 135 184 236 
152 364 
222 222 413 
486 
82 


232 387 
14 117 136 136 
491 491 

413 448 
236 

454 454 
168 
0 381 
354 354 380 
117 
102 102 125 125 
41 44 184 184 
104 164 
381 
320 320 
66 196 358 
389 
82 82 217 
282 
339 339 
379 
236 344 
191 304 
250 250 
248 
354 
118 
325 
374 
413 413 
41 399 450 450 
276 276 425 425 
35 35 
39 205 227 231 330 402 433 469 477 510 510 511 511 
41 41 85 312 498 498 
413 413 439 
76 
39 
138 
82 82 82 329 
39 477 477 
413 413 500 
132 413 413 
233 296 425 425 
471 
97 290 480 480 480 

344 
222 335 335 
187 187 407 
247 
300 415 
183 183 

30 
367 367 
15 15 92 92 220 220 220 404 404 444 444 444 
2 178 178 
5 5 5 16 31 41 52 70 81 81 81 105 112 112 112 116 116 117 137 137 213 213 221 221 236 246 260 267 267 279 279 284 291 291 292 292 345 345 354 355 366 396 415 426 426 465 
491 
245 245 440 
175 175 413 413 

351 351 351 
105 105 106 372 
148 236 267 268 304 304 446 
33 40 236 281 
43 43 251 413 413 500 

55 
76 77 141 290 350 422 

5 86 508 
76 

236 415 
355 355 

268 268 
159 

478 478 
242 
328 328 
35 35 309 
236 
238 238 
184 184 
215 
214 314 467 
102 102 102 
143 
271 
39 232 274 454 
182 182 182 494 
184 184 
30 119 119 174 341 413 413 483 499 499 

8 313 
5 53 377 393 393 419 419 

159 257 337 337 343 343 392 
245 
76 360 
236 259 406 415 415 
39 39 159 
124 219 390 454 454 
169 271 287 287 287 287 310 374 375 505 
503 

55 56 56 60 60 69 83 83 83 104 117 129 147 184 191 192 201 211 230 237 237 275 344 415 432 460 487 
104 236 236 
212 212 
405 
476 
62 430 430 
76 208 
311 424 494 
358 
76 76 186 186 228 
184 
110 176 
150 408 
40 
149 149 417 
193 413 

330 


271 271 273 273 
227 305 305 305 
70 70 409 
230 367 367 
184 
81 329 
364 410 
315 315 
11 11 334 
496 496 

184 184 191 356 
191 204 204 
415 

3 7 7 218 233 256 256 282 297 297 327 339 375 391 401 401 408 427 442 

5 256 256 354 472 
219 
236 
157 157 
415 

5 5 184 184 
308 
67 192 347 421 421 
144 271 427 
415 415 
184 

413 413 
9 9 233 233 233 233 

81 81 
23 23 97 97 171 196 480 
184 184 426 
184 184 364 410 410 

58 58 397 408 
509 
68 169 
271 271 408 
347 
54 54 76 76 
177 
339 339 

415 415 
56 148 191 191 
257 257 257 343 343 392 392 482 482 
87 370 408 408 
32 396 465 
280 467 
210 
233 
243 
84 160 
224 
80 80 215 317 349 349 384 384 398 398 413 413 418 418 429 434 434 449 467 467 467 481 
73 73 263 263 336 486 
444 
314 398 413 
413 

140 140 
323 323 

42 42 321 321 
41 41 
72 153 358 
358 358 358 
271 
209 209 
165 261 
39 159 253 369 

407 
413 
264 385 413 
174 174 413 494 494 
315 486 
227 227 
415 
46 145 145 271 301 301 381 408 452 464 470 

222 

227 227 305 305 
147 173 236 447 
52 52 184 184 
27 47 47 76 76 459 
67 281 298 421 506 506 
85 85 
314 314 481 
196 
189 189 189 356 

456 
31 41 134 134 151 184 273 411 450 450 462 462 462 490 502 
12 12 184 202 202 
267 351 
367 
38 89 141 244 325 326 326 326 413 466 
61 61 81 
229 

413 

118 262 292 

184 
114 181 181 259 259 357 496 496 
401 
330 
87 87 306 
68 68 
105 106 190 

154 233 408 417 417 
233 271 

225 458 
101 
103 146 
134 
46 64 64 64 133 139 339 395 395 
413 413 
63 
314 314 
334 413 413 

124 
487 
22 81 81 115 142 
232 
271 
227 305 305 
225 225 
81 81 81 
46 46 64 381 381 
184 307 
294 
314 314 317 
41 156 
5 50 50 50 
110 110 271 271 368 
159 405 
427 
6 6 182 182 
39 239 402 
37 230 
175 332 
25 26 87 248 271 294 297 306 306 339 374 412 412 
258 
262 292 292 
354 
408 408 
45 76 76 92 119 128 155 155 161 161 167 167 168 168 187 187 193 193 222 222 251 286 286 314 314 317 318 333 334 335 358 362 382 382 385 385 439 448 448 448 494 494 500 
22 22 22 108 108 
37 37 57 116 177 184 201 230 230 236 269 277 283 283 303 303 338 432 460 460 463 463 

250 374 374 
80 95 95 95 314 314 
225 225 

281 281 347 
196 
76 
243 
103 103 103 157 157 169 169 
184 184 291 
271 282 403 

314 
241 241 
496 
236 415 
159 
314 314 
449 449 



45 45 161 413 
186 
18 98 98 
271 
5 
182 182 182 316 
85 450 
191 
344 
74 74 128 413 413 413 
314 435 435 
41 41 156 156 354 354 445 462 

339 

131 131 219 232 232 
17 17 17 
353 491 

377 
346 
236 415 415 
22 22 22 
354 354 354 450 
63 63 415 415 
339 
184 307 
72 358 
215 308 314 314 314 

159 
339 
170 
273 

56 487 

10 100 100 240 496 
159 166 166 
207 207 

171 171 171 290 
314 349 
305 305 
30 222 

39 39 
120 315 336 489 489 
56 56 56 236 388 474 

486 486 
51 354 
126 126 185 456 
41 
3 
220 243 335 335 413 413 
81 
265 265 367 367 431 476 
22 22 
160 160 
222 222 
167 193 413 
54 
354 
234 
5 88 
233 
347 347 

198 
76 295 
159 159 
159 159 
