Nodes: 512, Edges: 713
133 
441 
28 183 189 
271 
454 
48 88 184 255 354 400 441 504 508 508 
404 404 

350 350 
287 
476 
264 
202 355 355 

117 
59 59 59 182 182 



104 104 
428 
31 31 
115 331 414 414 461 
290 290 290 290 290 
76 76 
408 408 

76 
2 183 

180 222 483 483 
21 21 172 172 184 279 489 
184 
192 

210 222 222 
106 
415 415 
358 358 
62 163 163 219 231 241 267 267 302 302 330 405 477 485 
192 192 192 236 236 249 249 249 
85 99 137 151 156 160 354 450 492 
321 321 323 323 


76 413 413 439 
381 395 

5 
236 

490 490 
184 345 

76 76 501 
93 195 195 236 
191 191 446 474 487 

294 397 
15 15 15 444 444 
236 236 

39 241 241 
75 383 383 463 463 
381 381 381 
193 
141 
192 347 
169 179 296 371 
236 344 344 344 
184 184 246 258 258 
369 
325 358 358 
315 315 
413 448 448 
63 383 463 
24 24 27 45 54 54 78 78 96 96 162 229 245 245 245 295 295 299 299 319 319 319 322 328 328 346 346 353 353 361 413 413 423 456 478 509 
196 196 413 
76 76 
236 
314 418 
82 82 261 289 329 359 359 394 
81 81 165 165 389 
104 236 236 438 438 438 
85 85 312 312 348 348 
41 84 84 312 348 
198 508 508 
306 306 408 
5 504 
358 
325 

182 182 413 413 413 
55 

418 418 
76 76 
171 
420 441 
41 
476 
195 471 471 
117 216 
146 146 379 425 425 
19 19 83 138 236 236 237 507 507 
184 190 
36 372 372 372 

414 
199 199 
176 401 401 

184 184 

367 
22 
184 415 415 
14 102 184 184 
152 152 364 
122 122 222 
486 

119 119 

232 232 387 
136 136 
491 
480 480 
448 
415 415 

454 
168 
0 381 
354 380 

125 125 
41 
104 164 236 
381 
320 
66 196 196 358 358 
389 
217 
282 282 
339 
103 103 379 
236 344 344 
191 191 191 

248 
41 
118 118 292 292 292 
325 325 

413 
41 450 450 
233 425 
194 271 
188 205 231 330 402 428 433 433 477 510 510 
41 272 272 272 312 498 
413 413 439 
76 322 
39 39 
138 
82 82 329 


132 413 
68 233 233 296 

97 290 480 
31 31 

222 222 222 
187 187 407 407 
110 247 247 
415 

68 
30 
367 
15 15 92 92 220 340 404 444 444 499 499 
2 28 
5 31 32 52 70 70 105 112 112 116 117 117 213 221 236 246 258 260 260 267 279 279 284 284 284 291 291 291 307 307 324 338 345 354 354 355 355 366 409 415 426 465 488 490 


175 175 413 
159 
2 351 
105 
56 56 148 148 148 236 268 285 285 304 446 
33 40 40 40 67 236 281 281 
65 251 251 286 362 413 479 479 
158 
55 55 101 236 267 
77 77 141 141 290 290 350 373 422 
496 
86 
109 109 314 


12 
271 

159 

478 

328 
35 
236 
238 310 
184 
215 314 
214 314 
102 
143 
271 271 
39 274 274 402 
182 494 
184 
30 35 35 119 174 174 174 309 341 413 413 
329 
313 313 350 350 
259 259 377 393 419 458 
292 
337 343 343 477 

76 360 
236 275 303 303 303 406 406 406 415 
39 159 
124 124 390 454 454 
157 169 169 238 287 310 374 
503 
487 
40 40 49 55 60 60 69 79 83 83 104 104 138 147 184 191 192 195 211 230 237 252 275 278 344 344 432 
104 236 
212 233 
342 342 405 
279 
39 62 62 430 

311 311 311 413 424 424 494 494 
325 
76 76 76 
70 184 
176 176 288 288 
150 
40 40 40 
374 374 374 442 
193 193 413 413 
236 
330 

5 
271 
305 337 
70 70 184 
225 225 367 367 367 
184 184 
81 

315 315 
11 385 385 
496 

39 39 184 195 356 356 
191 
415 
286 
3 158 203 218 218 256 282 354 354 374 374 375 375 391 391 401 408 408 412 427 427 
160 160 160 
472 472 475 475 
219 219 
230 236 

415 415 
236 
31 184 184 240 
308 308 435 467 467 
192 192 298 347 347 421 
144 144 271 
415 
184 184 184 
191 191 
193 270 413 
9 233 
247 247 
81 451 451 
23 23 23 23 23 171 196 196 
184 184 184 426 
152 152 152 226 364 410 410 
408 408 
58 
76 76 
68 169 
408 
281 347 347 
76 76 413 

339 339 
39 39 485 485 
230 230 230 415 
191 
257 392 392 482 
87 87 370 
184 184 465 
280 280 
222 
212 233 
243 243 243 
84 84 85 160 
224 224 
80 199 214 215 317 349 384 384 398 413 418 429 429 434 434 449 455 467 467 481 481 
73 73 263 263 336 486 
444 444 
314 398 413 
413 
76 76 76 
140 
42 42 
76 162 
42 42 
184 
72 90 153 153 244 358 


76 76 209 
81 165 223 
39 159 253 369 369 428 
22 
407 407 413 
413 
385 385 413 
413 494 
315 486 
227 257 
184 
145 301 301 427 464 464 464 
182 
222 
239 239 
227 227 
69 69 69 147 147 236 236 447 447 447 
52 184 
76 76 459 
67 281 281 298 298 421 421 506 506 
84 84 85 
314 481 
8 8 196 224 224 
189 

76 76 
5 41 134 184 184 271 271 411 411 411 450 450 490 508 
12 12 184 184 
267 267 
367 431 496 
38 38 72 72 89 141 141 325 413 466 500 503 
81 81 
229 
76 
193 413 

118 292 
415 
184 
114 181 259 259 259 357 496 
401 
71 330 330 
306 
68 
106 106 106 
196 
233 250 250 250 271 271 408 417 417 442 442 
271 271 

225 

103 146 
134 
46 64 64 64 133 139 395 

63 63 75 415 
314 314 
264 264 334 334 413 

124 

82 142 497 
232 
271 271 
305 305 
225 
81 
46 381 

58 
314 317 

5 
110 110 271 368 
159 219 405 405 
427 427 
6 6 182 
39 239 402 402 
230 230 230 415 
175 175 332 332 413 413 
25 25 87 271 271 293 293 297 374 412 437 470 
184 
292 292 
354 354 354 
271 408 
45 45 74 76 76 77 92 92 92 155 161 161 168 187 193 222 222 243 251 251 286 299 314 317 318 332 333 334 335 358 362 385 407 407 455 455 494 
22 22 108 
37 37 116 116 129 129 177 184 230 269 277 277 283 303 365 383 406 432 460 463 463 463 

374 374 
80 95 95 314 
225 
98 441 441 
281 347 347 
196 
76 
243 243 
103 103 157 
184 291 
271 271 339 403 403 
20 159 330 
314 314 
241 
357 496 
236 415 
159 159 
314 314 
280 

408 
83 83 83 
45 161 

1 5 98 420 420 
250 374 374 468 

59 59 182 182 316 316 
450 450 450 
56 191 
344 344 344 
74 74 128 
314 
41 156 156 354 354 445 445 445 
289 289 
464 

4 131 232 232 
314 413 413 
76 

225 
346 
415 
22 497 

63 63 75 415 415 415 
339 339 339 452 
184 307 
358 
280 280 314 314 
442 
511 
408 
101 101 
273 273 475 
491 
56 
273 273 472 
10 100 496 
39 159 227 
76 207 
193 193 
127 127 171 
314 314 349 
305 
30 30 

39 302 302 
120 315 336 
56 235 
184 
31 
51 51 184 354 
126 473 
41 

220 243 243 335 413 

197 265 357 367 431 476 
389 461 
160 
182 182 
358 
54 

234 358 
5 88 

347 347 
104 104 
5 5 86 86 354 
76 
159 159 
469 
