Nodes: 512, Edges: 713
133 381 

28 91 182 182 183 183 183 
271 493 

34 48 50 50 184 225 273 273 354 400 443 475 504 508 508 

233 233 271 
196 224 350 350 


264 
202 355 355 
76 
125 184 184 
59 182 


420 441 441 

428 

389 389 414 461 461 
290 290 290 
76 
408 408 
158 
346 346 
2 178 

180 180 222 483 
172 184 184 279 315 354 486 489 489 
184 307 
67 
5 


57 415 
358 
62 163 166 166 219 219 241 267 267 302 302 405 485 
192 236 249 
85 151 151 156 354 445 450 457 492 
321 323 
193 193 
137 137 
413 439 439 439 
64 339 339 381 395 
346 346 
5 
236 
5 5 400 

184 184 345 345 
225 225 
299 501 501 
93 195 195 236 236 
236 304 304 304 446 446 446 474 487 
37 
294 
15 444 
236 236 
81 359 359 
39 241 
383 
46 381 381 381 
193 193 362 416 
141 
33 192 192 281 281 347 347 
169 169 179 371 
236 
184 184 

358 466 466 
94 94 463 
448 448 

13 24 78 96 96 107 109 109 162 162 162 186 196 207 228 229 242 245 295 299 314 314 319 322 322 322 346 346 423 423 440 440 456 456 478 
413 
76 
104 236 
418 
61 113 261 261 495 
121 142 143 165 
104 104 236 438 438 438 
85 312 312 
41 84 348 348 
198 198 508 
306 306 408 408 


325 
2 

55 
73 73 315 

76 76 
171 290 
420 441 
354 
476 496 
140 140 195 378 471 471 
117 136 216 216 
379 379 425 
79 83 83 138 138 236 237 237 
184 

76 
414 
76 76 
247 401 

184 184 
81 
367 

415 
102 125 135 184 
152 152 
222 222 

82 143 143 
222 
381 468 
232 232 387 387 454 
14 117 136 136 
185 491 
480 
413 413 448 
236 415 

454 

0 
354 354 380 380 
117 
102 125 125 
44 44 184 
104 104 164 236 

101 101 
66 196 
82 
82 121 121 217 217 

339 339 

236 236 344 
191 304 304 
417 

41 41 354 354 
118 118 292 
325 
374 374 

41 450 
276 276 276 425 425 
26 194 194 271 
188 205 205 227 231 231 305 330 330 402 402 428 477 
312 312 498 
439 439 439 
76 76 76 322 
39 
138 
82 329 
39 39 477 477 477 
413 

68 68 296 296 
471 471 
97 290 480 
31 
344 344 
335 
187 187 187 407 
247 

28 183 
68 
30 30 222 
367 
2 2 15 363 363 404 444 499 499 
2 2 2 178 
5 14 14 31 31 32 52 52 70 70 105 112 112 117 137 221 246 246 260 260 279 284 289 291 315 324 324 345 354 354 355 355 366 396 409 409 465 465 490 
126 491 
76 440 
175 175 175 413 413 413 
159 477 

372 
148 267 285 285 446 
40 67 67 
43 43 65 65 251 358 413 479 
158 158 
55 55 101 267 471 
8 76 141 200 200 290 290 350 350 373 373 373 422 
496 496 
86 86 386 508 508 
207 
196 196 
236 
12 
271 
267 
159 159 

76 199 

328 328 


238 238 
488 
215 215 
214 214 314 
102 102 
143 143 

39 39 454 
494 494 494 494 
184 
30 119 119 122 180 341 376 376 413 483 483 
329 
8 350 
5 53 53 419 458 458 

159 257 392 
76 245 
76 360 
236 259 303 406 406 
159 159 
124 124 454 454 
7 7 287 296 374 374 375 

236 487 
40 49 55 55 56 60 60 69 79 83 104 129 138 147 147 201 230 235 252 267 275 275 283 283 283 344 344 351 351 415 432 460 460 487 
104 104 
212 212 
342 342 405 405 
476 496 496 
39 62 430 430 430 
76 
311 311 311 311 413 413 424 
325 
76 228 
184 184 
110 176 288 401 
408 
40 
374 417 417 442 
193 286 
236 
330 


271 
227 305 305 
409 
230 367 367 441 
184 184 
81 81 329 
364 410 410 
315 
11 334 
496 

39 39 191 195 204 236 268 
267 

286 
3 7 158 203 256 282 282 282 354 354 374 374 375 401 401 401 408 408 408 412 412 427 427 442 442 453 

5 5 354 354 354 472 472 472 475 
402 
236 236 
157 157 157 
415 

31 184 
308 435 467 
67 67 298 347 
271 271 271 427 
236 236 236 415 
184 
191 191 
251 270 
233 
247 
184 451 451 451 451 
23 23 23 97 171 196 196 
184 426 
152 364 410 410 
408 
58 397 408 
76 
169 169 233 
408 
281 347 
54 76 413 

339 
39 39 485 
230 415 
56 56 56 148 148 
159 257 257 343 482 
87 87 370 
32 354 396 396 
280 


243 243 243 243 
84 84 160 160 

76 76 215 349 384 398 413 418 418 429 449 455 467 467 481 
31 94 184 263 486 

413 
413 
76 

42 323 
76 76 76 162 
42 321 359 
184 184 
90 153 244 358 358 
358 

209 209 
165 223 261 
159 159 253 369 369 

407 413 
413 413 
264 413 
174 413 413 



46 46 145 145 301 381 381 408 408 452 464 470 470 

222 
239 239 
305 
147 173 173 236 236 447 
52 52 184 
27 27 47 47 76 76 459 459 
67 67 281 298 421 506 
85 85 
314 481 
8 8 196 196 224 
236 236 356 356 

456 
5 31 41 99 134 134 151 151 184 184 271 271 273 273 273 307 411 450 490 508 508 
12 12 184 184 
351 351 
367 431 496 
38 72 193 325 325 326 413 466 466 503 503 
61 61 323 
229 

65 
182 182 
262 292 
415 415 
184 
114 181 259 259 357 496 
401 
330 330 
306 
68 
190 
196 196 196 
154 154 233 233 250 271 271 442 
233 271 
222 222 

101 
103 103 
134 134 
0 46 64 64 64 123 339 339 408 
413 
63 415 432 432 
314 
413 
198 
124 124 
487 
22 22 497 


227 


46 
184 307 307 
294 
314 

5 50 
110 247 271 271 271 368 
159 159 274 
427 
182 
39 239 239 
230 230 
175 332 413 
25 25 87 87 248 271 271 271 293 294 297 339 339 381 470 
184 184 258 
262 262 292 292 
354 
271 271 
45 77 128 128 167 187 187 187 193 222 243 243 299 314 317 318 332 333 333 334 335 335 358 382 385 407 439 439 448 448 500 
22 108 
37 116 129 236 277 283 303 365 365 383 432 432 460 460 
65 
149 250 250 
80 314 314 
225 
18 98 441 
347 
196 
76 76 
243 
103 157 157 
291 
271 271 282 403 
20 159 
314 
241 241 241 
357 
236 383 383 415 415 


280 


83 83 83 487 
45 45 45 161 161 161 413 413 
76 76 186 
18 18 98 259 420 
250 271 271 374 468 
5 
59 182 
41 
56 56 56 191 
344 
74 74 128 413 413 
314 467 
41 156 354 462 462 
289 289 289 289 
339 464 464 
271 
124 131 219 232 232 
314 
76 76 353 491 
41 
225 225 
346 346 
236 236 415 415 
22 22 
450 450 
73 
339 452 452 
184 184 
72 72 358 358 
280 314 314 449 
123 442 
511 
339 339 408 
101 101 170 170 195 
273 273 273 

56 487 487 
5 273 
100 240 496 496 
159 166 166 166 188 
76 
193 
127 171 
314 349 
305 
30 222 222 

39 302 
31 315 
56 235 236 388 438 474 474 
213 
31 31 
184 354 
126 185 456 
41 
3 
220 220 220 220 
81 
100 197 197 240 240 265 357 367 476 476 
389 
160 
182 182 
413 
54 54 

358 358 
5 

347 

5 5 86 198 198 354 354 


469 
