Nodes: 512, Edges: 713

441 
28 28 91 189 189 
271 493 

34 34 88 88 184 184 198 225 255 279 400 441 443 475 504 508 

271 
196 224 224 

476 476 

184 

184 
59 182 182 
184 184 

420 
104 
428 

108 389 389 461 461 461 
290 290 
76 
408 
408 
76 346 
2 2 178 
56 
483 
172 184 354 354 486 486 

67 192 
5 5 
210 210 222 

57 
358 
159 231 241 241 241 267 267 302 330 405 477 477 485 
192 192 236 249 
85 99 151 151 156 156 160 184 184 184 354 457 492 
323 
193 193 
137 137 
413 439 
339 339 395 
76 78 346 
508 
236 

484 490 
345 
225 
76 501 
236 
29 191 236 304 446 474 487 
37 415 415 
294 294 397 397 397 
15 444 
104 236 236 
81 359 

383 383 463 
381 
193 362 416 
141 141 
33 347 
169 169 169 296 371 371 
344 
184 258 258 

325 
94 315 
413 448 
463 
24 27 47 54 96 96 162 162 186 186 199 199 199 207 207 208 228 228 242 292 295 314 319 319 319 319 319 322 322 328 328 346 353 361 413 413 423 440 456 509 509 
196 
47 

314 418 
61 82 82 113 113 184 261 289 329 495 
81 81 142 142 142 143 165 389 
104 104 104 236 236 
85 312 
41 84 312 348 348 
198 508 
306 408 
5 5 
358 358 
325 358 
2 


73 315 
418 418 418 
76 76 
290 290 
441 441 
41 354 354 
476 496 
195 378 471 
136 216 216 
379 425 
19 60 83 83 83 138 138 138 236 507 507 507 
184 190 
190 190 190 372 

22 414 
199 199 
401 401 
182 182 
184 
81 81 
367 


125 125 184 
152 152 364 
222 



381 468 
232 232 387 
117 117 136 136 
185 185 
480 
413 448 448 
415 
497 


381 381 
354 380 

102 125 125 
44 44 184 
104 104 104 236 


66 66 196 196 196 
82 82 82 389 389 
82 217 

339 

236 344 
191 304 
250 250 417 
408 
41 41 
118 118 
325 
374 374 

41 41 450 450 
233 
271 408 
39 188 227 231 330 428 433 469 510 510 511 511 511 
41 312 

76 76 322 


82 329 
477 
500 
413 
68 68 68 233 296 425 425 
471 

31 

222 222 
187 187 187 407 


28 183 

222 

15 15 111 111 220 340 363 363 404 413 444 
178 
5 5 12 14 16 16 31 41 41 41 70 81 105 112 117 137 246 258 260 279 279 284 289 289 291 291 307 307 315 324 354 354 355 366 366 426 484 488 490 
126 126 491 
76 76 440 440 
175 175 175 413 413 
159 477 
2 2 
105 106 106 106 
56 148 267 268 285 446 
33 40 40 236 281 
43 43 65 251 251 286 413 479 479 500 

101 267 267 
8 77 141 141 141 200 290 290 350 350 422 
496 
5 86 386 386 508 
76 76 76 109 109 
196 
236 236 415 
355 355 
271 
267 268 

405 
76 76 478 478 
76 
328 328 
35 35 

238 310 
488 
215 314 
214 314 467 
102 102 
143 
271 
232 274 402 402 454 
182 494 

35 119 174 174 180 376 376 413 483 499 499 
329 329 
8 8 313 313 350 
5 53 259 377 393 419 
292 292 
159 257 337 337 337 343 392 477 
76 76 245 
295 360 360 
303 406 406 406 
39 159 
124 124 219 390 454 454 
157 169 238 238 271 296 310 374 374 505 
503 

40 49 55 56 60 60 83 83 104 138 147 192 201 201 237 252 252 275 275 278 283 283 283 344 351 415 432 460 487 
236 
212 233 233 
342 
279 279 476 476 
39 39 39 430 430 430 
76 
311 311 311 494 494 

228 
184 

408 
40 
149 149 374 417 442 
193 193 286 413 
236 236 
330 
415 
5 
271 271 271 
227 305 
70 70 184 409 
225 367 441 
184 
81 329 329 
410 410 
315 
334 

493 
39 39 191 195 195 204 268 356 471 
191 204 267 


3 7 158 203 218 233 256 256 256 282 297 327 354 374 375 375 401 401 401 408 412 

354 472 475 475 
219 402 402 402 
236 236 

415 
236 
5 184 184 240 240 
435 449 467 
192 298 298 347 421 421 421 
271 
236 236 236 415 
184 
191 
193 251 


81 184 184 451 
23 23 97 97 196 196 480 
184 184 426 
76 226 226 364 364 
408 
58 58 397 408 408 
76 229 
68 169 233 
271 408 408 
281 281 347 347 
413 413 413 

339 
39 485 485 
230 415 
56 148 
257 343 343 
87 370 
184 184 354 354 396 396 396 465 465 


212 233 
243 243 243 
84 85 160 
224 224 
76 80 214 215 349 384 398 413 413 418 434 434 449 449 467 481 
73 94 184 263 336 

413 
413 413 
76 76 76 76 76 

323 
76 76 162 
42 321 
184 
72 90 153 358 
358 358 
271 
76 76 209 209 
81 165 223 223 261 261 432 
39 159 253 369 428 


413 413 
264 
413 494 
315 486 
227 227 227 

46 46 145 301 381 408 408 427 452 464 470 
182 

239 
227 305 305 
69 147 236 
52 
27 47 76 459 459 
67 281 298 298 421 
85 85 
314 481 
196 196 224 
236 356 432 

76 
31 31 41 99 99 134 184 184 271 273 307 307 411 450 490 502 
184 202 202 
267 351 
431 431 496 
38 89 89 90 325 326 326 413 413 466 500 503 
61 
229 229 
76 
65 413 413 413 
182 182 
118 292 292 
415 415 
184 184 
114 259 
401 401 
330 
306 
68 68 
106 

154 154 233 233 250 271 408 417 417 
271 271 
222 222 
225 458 
101 
103 
134 
64 123 133 133 339 395 
413 
63 63 415 
314 

198 198 
124 

22 22 82 142 142 497 
232 

227 
225 
495 
46 381 
307 307 307 
58 58 58 294 
314 

5 
110 110 271 271 271 368 368 
219 219 274 274 274 405 405 
427 
182 
39 206 402 402 
230 230 230 415 
175 413 413 413 
25 26 87 150 158 248 271 293 294 294 297 297 339 339 374 412 412 437 
258 
262 262 
354 
271 408 408 
45 74 76 76 128 168 182 187 187 193 222 251 299 299 299 314 314 317 318 318 333 333 335 358 358 362 362 362 382 407 407 407 439 448 455 455 500 
108 
57 57 129 201 236 254 277 283 303 365 365 383 406 432 432 463 
65 
149 250 374 374 
80 95 95 95 314 
225 
18 
281 281 281 347 
196 
76 

103 169 169 
184 291 
339 403 
20 159 330 

241 241 241 
357 357 496 496 
236 329 351 415 415 
159 
314 314 
280 449 

408 
487 
45 413 
76 186 186 
1 5 98 98 259 
250 468 
5 
59 182 
450 450 
56 191 

74 128 128 413 
280 314 314 435 467 
156 156 354 445 445 462 462 
289 
339 464 

219 232 232 
413 413 
76 491 
41 
377 
346 346 
236 
22 22 22 
450 450 
63 75 415 
339 452 
307 307 
358 
215 280 314 449 
123 442 
159 511 
339 
101 170 267 
273 
491 
56 487 487 
5 273 273 
10 10 100 240 240 
39 39 166 188 227 
207 207 
193 193 
127 290 
314 349 

30 222 
51 184 
39 302 302 
31 31 336 489 489 
56 236 438 474 474 
184 213 
486 486 
51 184 354 
185 456 473 
41 
3 266 
220 243 243 335 
81 394 
100 197 357 431 431 
130 389 

222 222 
167 193 358 413 
54 
354 
234 358 
5 
233 

104 104 104 
5 48 86 198 
76 76 
159 159 
159 159 159 469 
