Nodes: 256, Edges: 380
60 236 
105 158 158 164 164 
153 

14 14 14 14 18 208 
12 12 26 46 50 68 68 68 94 98 102 103 108 114 117 117 123 123 123 136 142 142 207 221 221 221 227 227 235 235 243 244 254 
222 
41 74 74 74 97 124 124 203 203 226 
81 215 215 228 
182 
14 

5 5 
33 
4 4 4 4 10 18 32 32 51 138 138 146 152 163 180 
26 231 
78 89 93 
66 84 
4 14 51 60 90 90 137 152 192 206 
62 

65 65 
245 245 
192 
152 152 152 
81 148 148 
5 15 33 59 62 62 72 72 82 87 117 122 141 169 196 231 237 

165 
205 
64 64 175 182 182 182 196 196 196 196 196 230 230 

14 14 
13 26 37 44 44 77 150 150 172 197 197 211 219 219 
137 
53 53 81 81 
203 203 
33 185 
42 
134 
187 187 
7 
38 
195 245 
33 33 59 150 150 172 172 188 

5 
152 

84 
5 159 216 
14 18 63 191 202 202 202 

35 35 81 

238 

93 
104 
26 44 
0 18 76 76 206 
206 
19 26 26 
51 137 137 202 202 242 242 
30 30 
21 21 
17 

5 5 5 114 
146 223 223 
122 169 
131 
26 26 

7 7 7 156 203 203 203 
171 205 205 217 217 
60 60 191 191 223 223 223 236 
33 210 
16 89 89 93 95 95 
111 111 
137 
8 25 35 35 53 93 93 148 153 173 173 228 228 228 251 
26 
113 
17 49 100 100 109 109 127 127 

203 218 
26 115 237 237 
165 203 203 
16 78 78 
18 18 242 242 
121 121 238 
203 203 
16 57 78 81 81 111 111 154 176 176 201 224 241 
5 112 
78 78 
127 127 229 229 240 
7 130 130 130 
5 166 209 209 213 
251 
84 84 109 194 

5 234 234 
5 221 
58 129 129 152 
1 
145 204 
152 152 
5 244 244 
84 84 100 183 
228 228 228 
79 79 93 93 
94 
83 145 145 177 204 204 246 246 
5 68 227 227 227 
87 
203 203 203 
5 5 26 
188 
152 
206 
91 91 238 
26 70 210 
5 5 5 196 196 
7 7 
251 
251 251 
84 84 96 96 216 229 229 
228 
104 104 
97 97 97 
71 228 228 
222 
227 227 
39 227 227 

5 
18 34 63 63 80 
14 14 


26 
5 5 
149 165 203 
240 
106 113 113 204 
14 69 152 152 
171 
25 25 81 
143 
33 33 44 44 

14 18 24 24 24 47 104 107 107 119 146 146 157 157 163 163 223 223 
2 81 179 
93 176 241 
206 206 
74 199 
152 152 
1 1 164 
50 
251 

238 
14 152 152 
1 1 158 
28 88 143 203 
98 209 


26 70 
174 206 
75 147 205 
33 44 44 
81 81 176 
170 206 
30 196 
93 93 154 173 
113 204 204 
248 248 248 
153 
14 
203 
9 30 30 30 196 
109 

37 

40 40 
44 118 
196 
236 
51 76 76 205 
18 23 
253 253 
100 
43 204 245 
26 30 30 30 30 30 123 123 175 182 189 239 
33 33 

156 
229 
93 
51 51 51 63 63 
7 7 36 36 74 74 74 86 88 88 92 92 116 116 116 143 165 181 220 251 
106 113 113 145 177 177 195 
29 75 75 171 191 
18 60 61 120 155 155 170 174 250 
5 
4 
98 98 166 
77 122 
33 
222 222 
98 

8 8 
50 127 
75 75 233 
86 
33 33 
203 
5 5 5 103 
6 132 212 212 
69 69 76 76 76 152 152 
93 

7 
5 5 114 114 114 133 133 134 134 
8 81 81 81 110 110 110 128 131 131 
96 96 127 127 200 240 240 
30 30 
15 26 

217 
102 102 
5 5 
0 76 190 
26 87 87 253 
55 91 121 162 
196 
96 144 229 229 
93 154 
63 63 90 90 
5 
5 108 108 
22 22 43 195 
113 113 

178 178 178 

206 
81 99 125 126 126 160 203 

193 193 237 
5 

