Nodes: 256, Edges: 380
60 236 236 
105 158 164 
153 153 153 
153 153 
14 14 32 139 208 208 
12 12 26 46 46 50 68 94 98 102 102 103 108 114 114 117 136 136 178 181 221 227 227 234 235 238 244 
222 
41 41 74 97 97 124 130 203 203 226 
71 228 247 

14 14 
33 
5 5 
33 37 
4 4 10 10 18 18 32 138 138 139 146 152 152 152 
26 
78 89 89 93 

14 14 51 51 90 137 192 192 206 

98 166 166 
45 140 140 140 184 
245 245 
192 
225 
81 81 153 
5 15 59 62 67 67 72 72 82 87 98 141 196 231 
153 153 
165 
205 205 205 
64 64 175 175 182 182 182 196 196 230 
152 152 
4 14 
11 13 44 73 77 77 150 211 219 222 222 
137 
53 53 81 81 
203 203 203 
13 169 

134 
187 203 
7 7 

195 195 
33 59 150 150 222 
21 153 
5 5 
152 
58 58 152 152 
84 
5 112 123 159 159 216 216 
18 18 63 191 202 202 202 

35 35 81 81 81 
127 127 

94 227 
93 154 
48 48 152 245 245 252 
26 44 
0 76 152 152 174 174 236 
138 
26 
51 137 202 202 202 242 242 
30 30 
81 81 

26 26 
5 114 114 114 
146 223 223 
122 169 210 249 
8 131 228 
26 26 
33 
7 156 203 
171 205 205 217 233 
60 236 
33 33 210 210 
16 93 95 
111 
137 
25 25 35 35 53 53 53 65 65 93 148 148 148 153 153 162 162 228 228 
26 
113 113 204 204 
49 100 109 127 127 183 183 189 189 194 
228 
203 
26 115 237 237 237 
165 203 203 
16 16 
18 154 206 242 

203 
16 57 78 81 111 176 201 201 224 
5 56 112 
78 
144 229 229 
7 7 
5 20 26 166 209 209 213 237 237 
251 
84 109 109 198 198 
106 
5 5 
5 
152 
1 
101 
152 
5 244 
84 100 100 183 198 
228 228 228 
79 93 
50 94 
83 83 246 
5 5 68 68 68 227 
87 
203 
5 
188 
152 152 
170 206 206 
238 
70 210 
50 161 196 
7 
251 251 
251 251 251 
54 54 84 84 189 189 229 


7 
71 228 

227 227 
39 227 

5 5 
18 34 63 80 202 
14 14 61 
4 14 
21 21 21 
26 
159 
165 203 203 
96 240 
204 
14 69 152 

81 81 81 
203 
33 44 44 
153 228 
14 14 14 31 31 47 48 48 58 60 60 104 107 119 119 146 157 157 163 223 
2 2 2 3 3 25 27 27 45 81 81 151 179 179 228 228 
57 90 176 

74 
152 152 
1 164 164 
50 50 142 
251 
123 
81 81 
152 
1 158 158 232 232 
28 88 143 203 
20 20 98 209 209 


37 70 
120 174 
75 205 205 

176 176 
60 60 170 206 
30 30 
93 154 173 173 

5 248 248 248 
153 153 

5 
30 30 30 196 
84 84 109 
21 


40 
118 
84 84 127 127 196 
236 
51 205 205 
18 18 23 
237 253 253 253 
84 255 255 255 
43 43 204 204 245 
26 30 30 123 182 189 239 239 

100 100 109 

229 229 
93 93 
51 51 51 63 63 63 137 
7 7 36 36 36 40 74 86 88 88 92 116 143 143 149 165 214 
83 83 145 195 195 245 
29 29 29 75 75 171 171 191 191 
18 90 120 120 174 

4 4 
98 98 166 166 
70 77 77 122 
33 
222 
98 
203 

50 50 
75 233 233 

33 

5 
6 33 33 44 212 
69 69 152 
93 
24 
7 
5 5 56 114 133 133 134 
8 71 81 81 85 110 110 110 131 151 153 153 
96 96 127 200 200 
30 
26 
164 164 
75 217 217 
5 
5 
0 0 60 76 190 
87 87 87 98 98 193 
5 121 
196 196 
144 

63 63 90 

5 108 
22 22 58 58 195 204 
113 
8 
178 178 178 
70 

99 125 125 126 126 126 160 
58 
193 193 193 

194 194 194 
