Nodes: 256, Edges: 380
60 60 236 
21 158 158 164 164 164 

81 
14 18 18 32 139 139 208 
12 12 12 26 26 42 42 46 50 94 94 94 98 102 108 114 117 117 123 123 136 142 142 178 196 207 221 227 234 235 235 238 243 254 
212 212 222 
41 74 74 86 97 124 130 130 130 203 203 
168 168 215 215 215 247 
182 
14 
33 197 
5 5 5 
37 
4 10 32 51 51 51 138 138 139 163 180 180 208 
26 231 
93 93 93 
84 
4 4 90 186 192 206 206 

98 98 166 
1 52 140 140 140 232 



81 
5 5 15 44 62 67 72 72 82 84 84 87 108 117 169 231 237 237 
153 153 
165 165 
205 
64 175 175 182 182 196 196 196 230 
152 152 
4 14 
11 46 73 73 73 77 77 150 197 219 222 222 
137 
53 81 
203 203 
13 122 
42 
134 
187 187 
7 
5 5 38 
195 245 
26 59 150 150 188 222 222 

5 33 77 
107 
58 152 
84 84 
5 112 159 216 216 
14 14 14 63 191 202 
21 
35 81 81 

238 238 
227 
93 
48 104 104 152 152 214 245 
44 
0 0 76 76 152 206 236 
206 206 
26 
51 90 202 202 
30 
81 81 

26 
114 
146 223 223 
122 169 210 249 249 
228 228 
26 26 
33 33 33 
7 7 203 
171 171 205 217 233 
60 60 191 191 236 236 236 
33 33 46 210 
89 89 89 93 
111 111 
137 
3 25 35 53 53 65 65 148 153 173 173 228 251 251 
26 
113 
17 26 26 49 49 100 109 183 183 189 194 194 194 
228 
7 
26 115 115 237 237 253 
203 203 
78 78 78 
18 63 206 206 242 
121 121 121 238 238 

16 16 16 57 78 111 111 154 176 201 201 224 224 241 
5 5 5 112 

127 127 229 229 229 240 
7 130 130 
5 20 20 122 166 213 213 
251 251 
84 194 

5 234 

58 58 

145 145 
47 
5 26 244 
84 183 
228 228 228 
79 79 93 93 
50 94 
83 145 
5 68 227 
87 87 
203 203 
5 5 26 
188 
152 152 
170 
91 91 91 238 238 
37 70 98 123 
5 5 122 161 161 
7 
251 
251 
96 96 229 229 229 
228 

7 7 7 97 97 
228 228 
222 

39 227 
175 
5 
34 80 
14 14 
4 4 14 
21 21 21 

5 5 
151 203 203 217 

106 106 113 204 
69 152 
171 
81 
203 
33 44 44 
143 
31 31 48 58 58 60 119 119 146 223 223 
27 27 81 179 
93 
206 
199 203 203 

1 1 164 
50 

123 123 
238 
14 
1 1 1 158 232 232 232 
28 28 203 
20 98 209 
173 
8 8 
26 70 
120 206 206 206 
75 75 147 

81 81 167 
206 
30 30 135 
93 

5 248 248 248 248 
153 
14 14 
203 
9 30 30 196 196 
84 84 109 


18 
40 40 
44 118 
84 196 196 
236 
51 76 76 205 205 
18 
237 253 
84 84 84 100 255 255 255 
43 204 204 
5 30 30 30 182 182 189 189 239 
11 33 

156 

93 93 
51 63 63 
7 7 36 36 74 88 88 116 116 143 143 149 156 156 165 181 252 
145 195 195 245 245 245 
29 75 191 191 
18 18 60 61 61 90 90 155 170 170 170 174 
5 
4 14 
166 
70 77 

6 6 222 
98 98 
58 
8 8 8 
50 50 
75 143 

33 

5 
6 33 33 44 44 132 212 
69 69 152 152 
93 93 


5 56 114 134 
71 71 81 85 110 110 110 128 131 131 
96 96 96 127 127 127 240 240 
30 
15 26 
21 164 164 164 
75 
5 102 
5 5 
0 60 76 76 76 190 
26 26 87 87 193 253 253 253 
5 55 55 91 91 121 121 162 
196 
96 229 229 
93 
90 
5 
108 
43 58 204 204 204 

8 
178 178 178 178 
70 70 

81 81 99 99 125 126 
203 
87 193 237 237 237 
5 
194 194 194 
