Nodes: 256, Edges: 380
236 236 236 
164 
153 153 
81 238 
14 14 18 18 32 139 139 
12 12 26 26 42 42 46 50 98 108 114 114 117 123 123 133 142 159 178 221 221 227 227 235 243 243 254 
222 
74 86 97 124 130 203 218 218 218 226 
71 81 81 215 228 228 247 


33 197 
5 5 
33 33 37 
4 4 18 32 47 47 138 139 146 146 152 208 
26 231 
78 78 78 93 
66 84 
4 4 14 51 90 186 206 206 

98 
52 65 65 65 184 184 228 
245 

152 152 152 
148 148 
5 5 15 33 62 67 82 87 98 98 108 108 108 117 122 141 185 196 

88 88 165 
205 
175 182 182 182 196 196 230 
152 152 152 
4 14 202 
11 13 13 26 44 77 150 211 219 219 222 222 
137 
81 
203 
13 122 169 185 
42 42 
134 
187 203 203 

5 5 38 38 
245 
33 59 59 172 172 188 222 
153 
5 
14 14 107 152 
152 
84 84 
5 159 216 
18 
21 
81 81 
127 

94 
79 93 93 
104 104 203 203 245 252 
44 44 
174 206 236 

26 
137 242 

21 21 21 
17 
26 
114 
146 223 
122 122 210 249 249 
8 131 228 228 247 


7 156 
171 217 217 233 
236 236 236 
33 210 210 
16 16 16 93 95 95 
57 
137 
3 8 8 35 53 53 93 93 148 148 148 153 153 153 160 162 162 173 173 203 203 228 228 228 251 251 
26 

17 49 49 100 109 109 183 189 189 194 194 
228 
7 203 203 
26 115 115 237 237 237 253 
28 28 165 203 

18 154 206 
238 238 
203 203 
16 57 57 78 81 81 111 111 176 224 241 
56 112 
78 78 
127 127 229 229 229 240 
7 
5 20 26 26 166 166 209 213 237 237 
251 
84 109 
106 
234 
221 
58 58 129 129 152 

101 145 204 
47 119 152 
5 26 26 26 
84 84 100 183 198 198 
228 228 
93 93 
94 
145 177 246 
5 5 68 227 227 
87 87 
203 
5 26 

107 152 152 

238 238 
26 37 70 70 210 
5 5 196 196 196 
7 
251 251 251 251 
251 
54 96 96 216 229 
228 228 
104 104 
7 
71 228 

5 
39 227 
175 175 

34 63 80 
14 
4 4 14 

26 178 
5 
149 151 165 203 
240 
106 113 
14 14 69 152 152 152 

25 25 81 81 81 
143 220 
33 
143 228 
14 24 24 24 31 31 31 47 48 104 107 119 119 146 146 146 157 
2 2 45 81 81 81 228 
90 241 
206 
74 
152 
164 
5 50 
81 251 

81 81 

1 158 232 232 
28 88 143 203 
98 98 209 209 
173 

37 
206 206 206 
75 205 
44 44 
81 81 167 176 
60 206 
30 135 135 
93 173 
113 204 204 
5 141 248 248 



30 30 30 196 196 
84 109 
21 21 
26 37 
18 
40 
44 
84 84 196 
236 
205 

237 253 
84 84 255 255 
245 245 
26 30 30 123 123 123 182 182 189 239 
11 
109 109 

229 

32 
7 36 40 40 58 58 81 81 86 86 88 92 92 116 143 165 220 220 220 251 251 252 
106 177 177 
29 171 191 
18 18 60 90 155 170 170 170 174 250 250 

14 
98 166 166 
70 77 77 122 
33 
222 
98 

8 
50 127 
75 75 233 
7 7 7 
33 33 
149 203 203 203 251 251 
5 5 103 
6 33 33 44 212 
69 
93 

7 
5 5 114 114 134 
8 8 21 71 71 81 81 81 85 110 110 128 128 131 151 153 
96 96 96 127 200 240 240 
30 
15 
164 164 
75 217 
102 
5 
0 0 0 60 76 76 76 190 
87 87 87 98 98 193 253 253 
3 91 91 121 121 
196 
96 144 229 229 
93 154 
63 
5 5 

22 43 58 195 195 
113 
8 71 
178 178 
70 70 
206 206 
81 81 99 125 125 125 125 126 160 203 203 220 220 
58 203 
87 193 237 237 
5 
194 194 
