Nodes: 256, Edges: 380
236 
105 158 
153 

18 18 139 139 
12 12 12 26 38 38 46 46 50 50 68 68 98 98 98 102 114 114 117 123 133 133 142 142 159 178 196 196 221 221 221 227 235 235 238 254 254 
222 
41 41 74 86 86 86 97 97 203 203 203 218 226 
71 71 81 81 168 215 215 228 247 
182 182 


5 5 5 227 
37 
18 47 47 51 51 139 152 152 152 180 
26 231 231 
78 89 89 93 
66 84 84 
4 4 14 51 60 137 137 186 192 
62 
98 166 
65 65 140 184 
245 
192 

153 153 
5 15 33 33 44 59 62 62 67 72 82 82 108 117 122 141 141 169 196 231 231 
153 153 
88 
205 
64 64 175 182 182 196 196 196 196 230 
152 152 
202 
26 26 37 44 77 150 172 197 222 222 
137 137 
53 53 81 

13 33 122 169 
5 5 
134 
203 
7 7 

195 195 245 
26 33 150 172 222 222 222 
148 
5 5 
14 14 152 

84 
5 5 123 159 
14 14 18 63 191 202 

35 35 81 81 
127 
121 238 238 
94 
79 93 
203 203 203 214 245 
26 
18 120 152 174 174 174 174 206 236 
138 206 
19 26 26 
51 90 242 
30 30 
21 21 
17 
26 
5 5 114 114 
223 223 
122 122 249 249 
8 8 131 228 247 
26 

7 156 
171 205 217 
191 191 223 236 236 
33 
16 89 89 93 93 95 95 
57 111 
137 
8 8 35 53 53 93 93 148 148 148 153 153 153 173 176 228 228 228 251 
26 26 
204 
17 17 49 100 100 109 109 127 189 189 194 
228 
7 7 7 218 218 
115 115 237 253 253 
28 165 203 
16 16 78 78 
63 206 206 242 242 
121 121 238 238 238 
203 203 
16 57 78 78 81 81 111 154 176 201 224 241 
56 112 
78 78 
127 127 229 229 229 229 240 
7 7 130 
5 5 5 20 166 209 213 237 
251 251 
84 84 198 

5 234 

129 
1 
145 204 204 
152 
26 244 244 
84 84 127 
228 228 
79 93 
94 
145 177 246 246 
5 5 68 68 
87 87 
203 203 
5 26 

152 
60 170 
55 91 91 238 
26 37 70 70 123 
5 50 122 161 161 161 196 196 

251 
203 251 
54 84 96 96 109 187 216 229 
228 
104 
97 
71 228 

5 5 227 227 
39 227 
175 

18 18 34 34 80 202 202 
61 
4 4 14 
21 
26 26 
5 5 159 
165 203 203 203 
240 
106 113 
152 152 

45 81 81 81 
203 203 
33 44 
153 
14 14 14 31 31 47 60 107 119 146 146 163 223 223 
2 25 25 27 27 81 81 81 151 179 
93 
206 
74 

1 164 164 
5 50 142 
251 
123 123 123 

152 
158 158 232 
88 143 
20 98 

8 
26 37 
120 174 206 206 
75 205 
33 44 
81 176 
60 60 60 60 170 
30 135 196 
81 93 173 
113 204 
5 248 248 
153 
14 
203 
9 9 30 30 196 

21 

18 
127 

84 84 

51 76 76 205 
18 23 

84 255 255 
43 43 245 
5 5 26 30 30 30 30 123 123 175 182 239 
33 
100 


93 
32 51 137 137 
7 7 7 40 58 58 58 88 92 92 116 116 126 143 143 143 149 149 181 220 
83 106 106 177 245 
29 75 171 191 
60 61 90 90 155 170 170 


98 


222 
98 
58 
8 8 
127 
75 233 
7 86 86 

203 
5 5 5 
6 33 33 44 44 44 212 
69 69 76 152 152 
93 

7 
5 12 133 133 134 
8 71 81 81 81 85 110 110 128 131 
96 96 96 96 127 
30 
15 15 26 26 
164 
217 
102 
5 5 
0 60 76 76 
87 98 253 253 
5 55 55 91 91 91 121 
196 
96 144 
93 
63 90 90 

108 108 
22 43 58 195 204 
113 113 
8 71 
178 178 
70 70 

81 99 99 125 126 160 

87 87 237 237 
5 5 
194 194 
