Nodes: 256, Edges: 380
60 236 236 
158 164 

153 
14 18 18 18 139 139 139 139 208 208 
12 12 12 38 38 46 50 50 68 94 114 114 114 133 133 142 178 178 196 196 227 235 244 
222 222 
41 74 86 86 124 124 124 130 130 203 203 218 218 
71 81 215 215 228 228 
182 
14 51 
33 
5 5 5 
37 37 37 
4 10 32 51 138 138 139 139 146 163 180 
26 26 
78 89 89 93 93 
66 84 84 84 
4 4 4 60 90 137 152 152 186 192 
62 
98 98 166 166 
52 140 184 184 232 
245 
192 
152 152 
153 
15 15 44 44 59 62 67 72 72 72 84 98 108 185 196 231 
153 153 
88 165 
205 205 
64 175 175 182 196 196 196 230 230 
152 
14 202 
11 44 77 77 77 134 134 172 197 211 219 219 222 222 
137 
53 81 81 

13 13 13 169 185 
5 5 
134 
203 
7 
162 243 
195 195 195 245 245 
26 26 33 59 172 172 222 222 
153 
5 
152 152 


5 5 159 216 
10 14 191 202 
21 
35 81 

121 238 238 
227 227 227 
79 93 
203 203 203 214 245 252 
26 44 
0 18 76 174 174 206 236 
90 206 206 
19 26 
90 202 242 242 
30 
81 
17 
26 
5 114 
146 223 
169 210 249 
8 131 131 247 
26 26 26 

7 156 203 
205 217 
60 191 223 236 
33 33 33 210 210 210 
16 93 
57 111 

8 35 35 53 65 93 148 153 153 153 173 228 228 228 238 238 251 

113 113 
17 17 17 26 100 100 109 127 127 194 
228 228 
7 7 203 218 
237 237 
28 203 203 
16 16 
18 61 63 242 
121 
203 
16 16 57 78 81 111 111 154 176 176 176 201 224 241 
5 

127 127 229 

20 20 26 209 213 213 237 237 
251 251 
84 84 109 183 194 198 

203 
221 
129 129 

145 204 204 
119 
26 244 244 244 
84 100 127 198 
228 228 
79 93 93 

83 83 204 246 
5 5 5 68 

203 203 


107 152 152 
170 170 
55 91 238 238 
123 123 123 
122 122 122 161 
7 7 7 

251 251 
84 84 96 96 109 229 
136 228 
104 104 
7 7 
71 71 228 
222 
5 5 
33 33 39 
175 
128 
18 34 
14 14 
4 4 4 4 14 14 
21 

5 
149 
240 
106 
14 69 152 

81 153 
143 203 

153 228 
18 18 24 24 31 47 47 119 119 146 163 223 
3 25 27 27 45 81 81 81 148 151 179 179 
93 241 
206 
74 199 199 199 203 

1 164 
50 

123 
42 
14 152 
1 158 232 232 
28 
20 20 209 209 


37 70 
120 120 206 206 206 

33 44 44 
81 176 176 
60 60 206 
30 30 135 196 196 196 
93 93 93 173 173 
204 204 
5 5 248 248 
153 153 
14 

9 30 196 
100 
21 21 228 
26 37 
18 



236 
51 76 
18 23 
237 
84 100 255 255 255 255 
43 43 43 204 204 245 
5 5 26 30 30 30 175 175 175 182 239 239 
33 
100 109 
156 156 156 
229 229 
93 
32 51 63 
7 7 40 58 58 58 74 86 88 88 92 102 116 116 149 156 251 
106 106 113 177 177 195 195 245 245 
29 29 75 
60 61 61 155 170 170 170 174 250 250 

4 4 
98 166 166 
70 77 77 77 
33 

98 98 
58 
8 8 
50 
75 233 
7 7 86 
33 33 
251 
103 
6 6 33 33 44 44 132 
69 76 152 
93 


5 56 56 56 
8 8 81 81 81 85 85 110 110 128 131 151 184 
96 127 200 200 240 240 
30 30 
26 
21 164 164 
217 

5 
0 0 60 76 190 
87 87 98 98 193 253 
55 55 81 81 121 121 
196 196 
144 229 229 
93 154 
63 63 90 
42 
5 108 108 108 
22 43 43 58 195 204 204 
113 
71 
178 178 
70 
206 206 
81 99 99 126 126 203 220 
58 
237 

194 194 194 194 
