Nodes: 256, Edges: 380
60 236 236 
21 21 164 
153 
153 153 
14 14 18 18 32 32 
12 12 12 12 26 38 38 46 46 50 68 94 94 98 114 114 114 117 117 133 136 136 159 159 178 196 221 227 227 234 234 235 254 
222 
41 86 97 124 130 203 218 
81 168 215 228 247 
182 
14 
33 33 33 197 
5 5 5 5 

4 4 10 18 32 47 47 51 107 138 152 
26 
89 89 
84 84 
4 4 14 51 90 152 186 186 192 

98 98 166 
1 1 65 140 184 184 228 

192 
152 152 225 
148 
5 15 33 33 44 44 59 62 62 67 72 82 84 87 117 122 122 141 207 231 231 237 
153 153 
165 165 
205 
64 64 64 175 175 182 196 196 230 
152 
4 4 14 
11 11 11 26 26 37 44 73 73 77 77 197 211 211 219 219 222 
137 
53 53 81 
203 
33 122 
5 5 
134 134 
203 
7 
243 
195 195 245 
26 26 33 59 150 150 172 172 172 
153 
5 5 
14 14 
152 152 
84 84 84 
5 216 
14 18 63 191 202 

35 35 
127 
121 238 238 
227 227 
93 93 154 
104 152 245 
26 44 
0 76 76 120 152 152 174 206 
90 138 206 
26 26 
51 90 137 137 202 242 242 242 
30 30 30 
21 81 

26 
5 
146 146 223 
169 210 249 249 
131 
26 
33 33 
156 203 203 203 
203 217 233 
60 60 191 191 236 236 
33 33 
93 95 
111 
137 137 
8 35 65 93 93 148 148 148 153 153 153 160 162 173 176 203 228 228 251 251 
26 
113 113 
17 17 26 49 49 49 127 183 
228 228 228 
7 203 203 218 
26 115 115 237 237 
165 203 203 203 
16 16 
18 61 63 242 
121 121 238 

57 57 78 81 81 111 154 176 201 224 241 
5 5 
78 
144 229 229 240 240 
7 130 
5 20 20 166 166 209 213 213 

198 198 



58 129 152 


14 152 152 
244 244 
198 
228 228 228 
79 93 

83 83 177 177 177 204 204 246 246 
5 5 5 227 
87 87 

5 5 26 

152 
60 
55 91 91 238 238 
26 26 37 210 
161 196 
7 
251 
251 251 251 
54 84 229 229 

104 
7 97 
71 228 
222 
5 227 227 
39 39 227 
175 175 175 
5 5 
34 63 63 80 80 202 
14 61 

21 
26 
159 159 
149 203 
96 240 

69 69 

25 81 81 81 
143 203 220 
44 44 
228 
14 18 24 24 31 48 48 58 60 60 104 107 107 119 157 157 223 
2 3 3 27 27 45 81 81 81 179 179 
57 93 
206 
74 199 199 203 203 
152 152 

5 5 142 142 
81 
123 
81 

1 232 232 
28 28 88 203 
20 98 98 209 
173 173 
8 
70 
206 

44 44 44 
81 167 167 176 
60 206 
30 30 135 135 135 
81 93 173 
113 113 113 204 204 
5 248 248 248 248 248 
153 153 


9 30 196 
84 
21 21 

18 18 




51 76 76 205 
18 23 
237 237 253 
255 255 
43 43 204 245 245 
5 30 30 123 182 239 239 
11 33 
100 100 109 
156 156 

93 
51 63 137 
7 36 40 74 74 74 75 81 86 86 88 88 88 143 149 156 156 165 220 251 
113 113 177 177 195 
29 191 
60 61 155 170 174 250 
26 

98 166 
70 122 
33 33 
222 
98 98 

8 
50 
75 
7 86 
33 33 
149 203 251 251 
5 
6 33 132 212 
69 152 
93 
24 

5 5 56 56 114 133 133 134 
8 21 81 81 85 85 85 110 110 110 131 151 
96 96 127 127 240 
30 
26 26 
164 164 
75 
5 5 
5 
0 0 76 76 
26 87 87 193 193 253 
55 55 91 121 121 
196 196 
96 96 144 229 
93 
63 63 63 90 
42 
108 108 
43 58 195 195 
113 113 
8 
178 178 178 178 178 
70 70 
206 
81 81 125 126 126 126 203 220 220 

193 237 
5 
194 194 
