Nodes: 256, Edges: 380
60 236 236 
21 21 164 
153 
153 
18 32 139 
12 12 26 26 38 38 42 46 50 68 68 81 94 98 98 108 108 114 117 117 123 136 159 178 178 196 221 227 227 235 243 254 
212 222 
41 74 86 97 130 203 203 203 218 226 
81 81 81 168 168 215 215 215 228 247 247 
182 

33 33 
5 5 
33 
32 47 47 51 138 139 146 152 163 163 163 208 
231 231 
78 89 93 
66 203 
4 60 90 137 152 186 192 

98 
1 1 52 65 140 140 153 
245 
192 
152 152 
148 148 
5 5 59 62 72 82 82 87 87 87 108 117 141 196 
153 
88 88 165 
205 
64 182 196 196 230 
157 157 
4 14 
11 11 13 37 46 73 73 77 150 197 211 211 219 222 
137 
81 
203 
33 122 169 169 
5 5 42 
134 
187 187 187 
7 
5 38 81 
195 
59 59 172 222 
153 153 
5 33 77 
14 14 152 

84 
5 112 123 123 
14 
21 
81 81 
127 127 
121 238 
227 
79 93 93 154 
104 203 203 214 245 
26 44 44 
0 18 174 236 236 236 
90 138 206 
26 
90 137 202 242 
30 
21 
17 

5 5 114 114 
146 223 223 223 
122 249 
131 228 
26 
33 33 
7 156 156 156 203 
217 217 233 
191 223 236 
33 46 210 210 210 210 
16 93 93 95 
57 111 
137 
5 8 8 8 35 42 53 53 93 93 148 153 153 153 160 162 162 173 176 228 228 228 251 251 
26 26 
204 
49 100 109 189 189 194 194 

7 203 218 
26 26 26 115 237 237 237 237 253 253 
28 28 203 203 
16 
18 61 63 242 242 
238 

16 57 57 78 78 81 81 111 111 154 154 176 176 201 224 241 241 
5 112 243 
78 
127 127 229 229 229 240 
7 
5 5 20 122 166 213 213 
251 251 251 
84 109 109 183 198 
106 

221 
58 129 

101 145 145 204 
152 
5 5 26 244 
84 100 100 183 
228 
79 93 93 
50 94 
145 177 177 204 
5 68 68 227 227 
87 
203 
5 5 26 

152 152 152 
170 
55 238 
37 70 98 
5 50 50 161 161 161 

251 
251 
54 54 96 96 189 216 
228 
104 
7 
71 228 

227 
39 227 

5 
18 34 63 80 202 
14 61 
4 14 
21 21 
26 178 
159 
165 203 203 

106 106 113 204 
14 69 

25 25 81 
203 
33 
153 
14 18 24 24 47 107 119 119 119 157 
2 3 21 27 45 45 81 81 81 151 179 179 179 
57 93 93 
206 
74 74 74 203 203 
31 31 152 

5 142 
81 
123 123 123 
81 81 
14 14 14 
1 232 
28 143 203 203 
98 209 209 209 
173 173 173 
8 8 
37 37 
120 174 174 206 206 
205 205 
44 
81 167 167 167 176 176 
60 170 170 206 
196 
81 93 93 173 173 
113 113 
5 5 141 248 
153 153 153 

203 
9 30 196 
100 109 
228 

18 
40 40 40 

84 84 127 196 
236 236 
76 205 
18 23 
237 253 
84 84 255 255 
43 204 245 
5 26 30 30 175 182 189 239 
33 
100 

229 
93 
63 137 
7 7 7 17 36 58 58 74 86 88 88 116 143 143 149 156 156 165 165 181 251 252 
83 106 113 145 195 245 
29 171 171 191 
61 155 170 170 174 

14 
166 166 166 
77 77 77 77 
33 33 
6 222 222 
98 98 
58 
8 8 8 
127 
75 75 
7 86 
33 

5 103 
6 33 44 212 212 
69 69 69 76 
93 

7 
5 5 56 114 114 133 134 
8 71 81 81 81 110 128 131 184 
96 96 96 200 240 
30 
15 15 
164 
75 

5 
0 0 60 60 60 76 190 190 
87 87 87 87 193 253 
55 91 121 
196 
96 229 
93 93 
63 90 90 
5 94 
108 
22 58 195 204 

8 8 
178 
70 

81 81 99 99 99 125 126 203 
203 
87 87 193 237 
5 
194 194 
