Nodes: 256, Edges: 380
60 60 236 
21 105 164 164 
153 

14 14 14 18 18 32 208 
26 42 50 50 94 94 98 103 114 114 114 133 133 136 142 178 178 196 196 196 221 227 235 235 243 254 
212 
97 97 124 124 130 203 203 218 
71 71 81 168 168 215 228 
182 
14 
33 
227 

4 4 4 10 18 32 51 138 139 152 208 208 
26 26 
89 89 
66 84 84 
4 4 14 51 60 90 152 186 192 206 
62 62 
98 98 166 166 
1 140 140 140 184 184 184 
245 245 
192 
152 
148 148 
5 15 15 44 59 67 72 82 98 98 196 207 207 231 231 237 237 
153 153 
88 165 165 165 
205 205 
64 64 175 182 182 196 196 196 230 
152 
4 14 
11 44 73 73 73 150 219 
137 
53 

122 169 185 

134 
187 203 

5 243 
245 
26 33 150 172 188 222 

77 
107 152 152 

84 
5 5 108 159 
14 18 202 202 

35 81 

238 
227 
93 
203 203 214 
26 
0 0 18 76 152 152 236 

19 19 
90 90 137 202 202 202 
30 30 
81 224 
17 
26 

146 223 223 
210 210 249 
8 8 131 228 228 247 
26 
33 33 33 
203 203 
171 171 203 217 217 233 
60 191 191 223 223 223 236 236 
46 
89 89 89 93 93 93 95 95 95 
111 
137 
8 53 65 93 93 153 160 173 176 228 
26 
113 113 204 
17 17 49 100 100 109 109 127 183 194 194 
228 
203 203 218 
115 115 237 237 253 
28 165 165 
16 16 78 78 78 
18 63 63 
121 238 238 
203 
57 78 78 78 81 81 111 154 176 201 224 
5 5 
78 78 78 
127 127 127 144 144 229 240 240 240 
7 7 130 130 130 
5 20 20 26 26 166 166 166 237 237 
251 251 
84 84 109 109 183 194 


5 
152 152 152 
1 
204 
47 119 152 
50 244 244 244 
84 84 100 100 183 183 198 198 
228 228 228 228 
79 93 

83 83 145 177 177 246 
5 5 5 227 
87 87 
203 

188 
107 152 152 152 
206 
91 238 
37 123 123 
122 122 161 
7 7 
251 
251 
84 96 96 96 189 229 
228 228 

7 97 97 97 
71 228 

5 5 
39 227 227 
175 
5 
34 63 80 
14 
14 
21 21 21 

5 159 
165 165 203 203 
96 96 240 
113 204 
69 

25 25 

33 44 

14 18 24 31 47 47 60 60 104 104 104 107 119 119 119 223 223 
2 27 27 81 179 228 
93 241 
206 
199 199 203 203 

164 164 
50 142 
81 251 251 
123 
238 238 

1 1 158 158 232 
28 28 28 88 88 143 143 203 
20 20 98 98 98 209 

8 8 
37 
174 
75 75 205 
44 
81 176 176 176 
170 206 
30 135 196 
81 93 173 173 173 
113 113 204 
5 5 248 248 
153 

203 
9 30 30 
84 100 109 109 
21 21 21 
37 
18 
40 
44 118 
127 
236 
76 76 205 
18 23 
237 253 253 
84 84 100 255 255 255 
204 
5 5 5 26 30 30 30 175 239 239 

109 109 
156 156 
229 229 229 
93 
51 51 63 63 63 
7 7 40 58 58 74 74 75 86 86 92 116 143 143 156 156 165 181 220 251 
83 106 145 177 195 245 
29 29 171 191 
18 120 155 174 250 
26 26 
4 14 14 
166 
70 70 

6 222 

58 
8 

75 75 233 
7 86 
33 
203 
5 
44 212 
69 69 76 76 76 152 152 
65 93 


5 12 56 114 134 134 
8 71 71 81 85 110 110 110 110 128 128 131 153 
96 127 200 200 200 240 
30 
26 26 
164 
75 217 

5 5 
0 60 76 76 190 
26 26 87 87 98 98 193 253 253 
55 91 91 121 162 162 
196 196 
96 96 96 144 229 
154 

5 42 
108 108 108 
22 22 43 204 
113 
71 
178 178 
70 
206 
99 99 125 126 160 160 203 

87 193 193 237 237 
5 
194 194 194 
