Nodes: 256, Edges: 380
60 60 236 236 
21 164 164 

153 153 
32 32 139 139 208 
12 12 26 26 42 46 50 50 98 102 103 114 114 114 114 114 123 123 133 178 196 221 227 235 243 244 254 
212 222 
41 74 86 97 124 130 130 203 203 218 226 
71 228 228 247 247 
182 
51 
33 
5 5 

32 47 47 51 51 107 138 138 139 146 152 163 180 208 
26 26 26 231 
78 93 
84 84 
60 60 60 137 137 152 186 192 
62 62 62 
98 98 166 
1 52 65 65 65 140 153 184 184 

192 
152 225 
148 148 
5 5 15 15 15 33 67 67 82 84 87 98 141 141 141 169 207 231 237 

88 88 
205 
64 64 175 175 182 196 196 
152 
4 4 14 
11 26 37 37 73 73 73 77 134 197 211 211 219 219 219 

53 53 81 
203 
33 33 169 
42 
134 
187 203 203 
7 
5 38 243 
195 195 245 
59 150 222 222 
153 
5 
14 14 152 152 

84 
5 5 108 159 159 159 216 
10 14 14 63 202 
21 
35 35 81 81 81 
127 
121 
227 227 227 
93 154 154 
104 104 214 214 245 
44 
0 0 18 18 18 76 152 152 174 174 206 236 
90 138 
19 19 19 
51 90 137 202 242 
30 30 
21 21 21 

26 26 
114 
223 223 
122 122 210 249 
8 228 228 228 

33 33 33 
7 203 
171 205 233 
60 191 223 223 236 236 
33 
16 93 93 95 95 

137 137 
35 53 53 53 93 160 162 173 173 203 228 
26 
204 
17 17 26 49 100 109 109 127 189 189 194 194 194 

7 203 203 
26 115 115 
28 28 203 203 

61 63 
121 121 
203 
16 57 78 78 81 111 201 
112 243 
78 78 
127 144 229 229 229 229 240 240 
7 130 
5 20 20 26 166 213 213 237 237 
251 
84 109 183 

5 234 
5 221 
58 58 129 

145 204 
14 119 
50 
84 84 100 183 183 
228 228 228 
93 
94 
145 145 145 177 177 177 204 
5 5 5 5 5 68 227 227 
87 87 


188 
107 137 152 152 
170 206 206 
55 91 91 238 238 
70 70 210 
5 5 161 161 196 
7 
251 
251 
54 84 96 189 229 
136 
104 
7 7 97 
228 228 228 

5 227 
33 39 227 
175 175 175 
128 
18 18 63 80 80 119 
14 14 61 
4 4 14 
21 
26 26 26 
159 
165 203 
96 240 240 
106 113 113 113 204 
14 152 152 

25 25 
220 
44 

14 18 24 31 47 47 60 60 119 119 146 146 157 223 223 
3 3 21 45 179 179 179 
57 57 241 
206 
203 203 
152 
164 
50 50 50 142 
81 251 
123 123 
81 238 
14 
1 1 158 232 
143 
20 98 209 
173 173 

26 37 
120 206 
75 

81 81 167 167 176 
60 60 
30 30 135 135 135 196 196 
173 
113 113 113 204 
5 248 248 
153 153 153 
14 

9 30 196 
100 109 109 
21 21 

18 
40 
118 
84 84 127 196 
236 
76 205 
18 23 
253 
84 84 84 255 255 255 
43 43 204 245 245 
5 30 30 123 175 175 182 189 239 
33 


229 
93 
51 63 
7 7 36 40 40 74 81 86 86 88 88 92 143 156 156 251 251 251 
83 106 113 145 177 195 245 
29 75 191 
60 120 120 155 170 250 
26 
4 14 
166 
70 122 
33 33 
6 
98 98 
58 58 

50 
233 
7 
33 33 33 
149 251 
5 103 
6 44 44 
69 69 76 76 152 152 

24 
7 
5 56 56 56 114 114 133 134 
8 8 71 71 71 81 110 110 110 131 131 131 
96 96 96 96 127 200 240 240 

15 26 
164 
75 217 
102 
5 
0 0 60 76 76 190 
26 98 98 
121 121 162 
196 
96 96 144 144 229 229 
154 
63 
5 42 94 
5 
43 58 195 195 204 

8 8 
178 178 
70 
206 
99 125 126 160 203 203 203 220 

193 
5 
194 194 194 
