Nodes: 512, Edges: 720
46 395 
225 225 225 441 
183 189 189 189 
271 
454 
18 34 34 48 184 198 198 255 255 279 354 400 400 400 441 441 475 

233 271 
196 196 224 313 313 350 
271 

264 264 
202 


327 
184 
390 455 455 
5 277 
104 104 
428 
31 
414 414 
171 
76 76 

158 
76 346 346 
63 178 183 
474 
180 222 
21 172 315 486 489 

192 192 
5 5 
210 210 222 309 309 413 

324 324 406 415 
358 358 
62 159 163 231 231 231 241 241 267 267 302 302 330 402 477 485 
236 236 236 249 
85 85 151 156 184 184 399 445 445 445 450 450 457 
321 323 
193 

76 413 439 439 
0 64 301 381 395 
346 
5 
236 


184 
393 
76 299 
195 236 
474 487 
415 
397 397 
444 
104 236 
81 81 359 
39 241 330 430 
28 383 383 463 
46 381 
193 193 
141 
192 281 347 
169 287 371 
236 
184 258 258 
330 
358 466 466 
94 
413 413 
383 383 463 
24 24 27 45 54 78 78 109 162 186 186 196 199 199 207 208 229 245 299 299 322 322 322 322 328 328 346 353 360 413 423 440 456 456 478 478 501 509 
119 119 196 196 196 413 
76 76 

314 314 418 418 
61 61 184 261 289 329 389 389 394 394 
121 121 142 143 329 389 389 
236 236 237 237 237 
85 312 312 348 
41 41 84 160 312 
386 508 
408 
504 504 
128 358 
358 

182 413 
236 
73 315 
418 
314 314 
171 
441 

476 496 
195 
117 117 136 136 216 216 493 
379 
19 19 60 138 138 138 507 507 
106 184 
105 190 

115 115 115 414 
76 
176 176 247 

184 

181 181 181 367 367 
108 108 108 389 
184 415 415 
102 102 136 136 184 184 
364 
77 77 122 122 
489 
82 82 
119 119 

454 
136 
185 185 491 
480 
89 448 448 

389 389 
240 240 
168 
381 381 
380 502 502 

102 102 117 117 125 

104 104 104 164 164 164 236 
381 
320 
66 358 413 413 
82 389 389 389 
82 217 
282 
339 
379 
173 236 
191 304 

306 408 
41 354 
292 384 
325 


41 
233 
26 194 194 271 
39 188 188 188 205 227 227 227 231 330 330 330 392 402 428 433 433 477 477 510 511 
85 272 272 312 498 
413 413 439 
76 
39 
138 138 138 300 


220 413 
132 
68 233 
471 
23 97 
31 
147 344 
222 376 413 
413 
110 110 247 
269 283 283 300 415 415 415 
28 183 183 
287 287 287 287 
30 222 
114 114 114 
92 220 220 340 340 413 499 499 
2 28 178 178 
5 16 41 41 52 70 81 105 112 116 117 117 221 236 246 258 258 267 279 284 289 291 292 338 345 354 355 396 415 415 426 488 488 
126 126 
76 76 440 

159 159 159 510 
2 2 2 
106 372 372 
148 267 267 285 446 
33 33 67 236 236 236 281 
43 65 65 286 286 413 479 
158 158 
55 101 471 
8 8 76 77 77 77 290 290 350 350 373 373 422 422 

5 5 386 
76 76 

236 236 
12 355 
271 
267 268 268 
159 
405 
76 337 
76 
328 
35 35 
460 
233 233 233 310 

215 314 
214 314 314 
102 102 
143 
442 442 442 442 
274 402 
167 182 182 413 
184 
30 35 174 180 314 341 341 376 376 376 413 483 483 

8 313 
1 1 1 259 259 393 441 458 
292 
159 159 159 305 343 343 477 
245 245 361 
76 295 295 509 
236 275 415 
39 39 39 159 
454 
7 157 169 212 212 212 238 271 310 374 375 505 
503 

40 40 40 49 55 60 69 83 83 93 138 147 184 192 192 192 201 201 230 275 278 283 344 351 351 356 438 438 460 487 
83 83 83 
233 505 505 505 
342 
131 131 
39 39 62 

311 413 424 
325 358 
76 228 228 
184 
110 176 401 

40 
442 442 
286 413 

330 
277 277 277 415 
5 5 443 443 
273 273 354 
392 
70 70 184 184 
225 225 
426 
81 329 
364 410 

11 11 334 334 
496 
271 
39 39 184 191 191 204 268 471 
204 204 267 
177 
286 
3 7 9 158 203 233 266 287 287 297 327 339 339 354 354 374 374 401 408 412 412 427 442 442 442 453 502 502 502 
160 160 
256 256 472 472 475 
219 
230 236 

18 254 254 254 
236 
5 184 431 
308 449 
67 192 298 347 
144 427 
177 177 236 415 
184 
191 
193 193 251 270 
68 179 179 179 179 271 271 

81 184 
196 196 480 
184 
152 184 226 364 
408 
397 397 399 
229 229 
425 425 425 
271 408 
281 
54 76 76 413 
164 177 
46 
39 39 485 
415 415 
148 
227 392 
150 408 
462 
280 467 
35 35 
212 233 
243 
84 84 85 160 348 348 
8 8 224 
80 80 96 96 214 215 215 222 317 317 413 418 434 434 449 455 481 481 481 
31 94 336 336 486 

314 314 398 413 413 
413 413 

140 
42 323 
76 76 76 76 
42 321 359 
37 37 
153 244 358 
358 
15 271 
76 76 209 
81 82 261 
39 62 71 159 159 159 253 369 369 

407 407 413 413 
413 413 
264 264 385 413 
413 
315 315 486 
207 
184 
145 271 271 452 452 470 
182 182 
222 222 
239 
227 227 
173 236 447 
184 
27 27 47 76 459 459 
67 281 421 506 
84 312 312 
481 481 
8 196 196 
236 236 432 
402 
76 
5 151 184 256 271 271 411 450 450 462 
184 202 
236 
431 
38 38 72 89 90 141 244 325 326 413 503 503 
61 323 
76 
228 
413 
499 499 
118 262 292 410 


114 114 496 
401 
330 330 

68 
190 190 
196 196 
233 271 271 408 442 442 
233 
174 222 222 222 


103 146 
134 
46 64 133 133 139 395 395 395 408 
413 413 
63 63 75 75 415 415 432 
152 
334 413 413 
86 198 

487 
81 81 82 82 115 130 130 142 142 142 497 
17 

159 257 305 
53 225 
81 81 
0 46 381 381 381 
184 
58 58 294 294 
317 
41 294 492 
5 5 5 
247 271 368 
39 159 219 352 405 405 
427 427 

206 402 402 
37 
332 332 
87 150 271 293 297 306 374 381 412 470 470 

262 364 
354 
271 271 408 
35 45 74 74 76 77 92 141 141 161 161 167 174 175 182 193 220 222 243 251 299 314 317 317 318 318 332 332 333 333 334 335 358 362 382 382 385 385 448 448 448 455 
22 22 108 
37 57 116 116 177 177 177 184 184 230 254 283 303 303 383 383 432 


80 80 95 314 


347 
196 196 
76 
243 
296 296 296 
184 260 
271 282 403 403 
20 159 

62 
279 357 
351 383 415 460 
159 159 
314 314 
449 


236 236 
45 45 161 
76 186 
1 5 5 98 225 
218 218 218 218 250 250 271 271 271 374 374 
255 255 
59 
41 41 41 
191 
344 
128 128 413 413 413 
280 314 435 467 
41 41 354 354 

339 339 
271 
4 124 232 
17 17 314 413 
76 76 
41 
225 
346 346 
211 236 432 
497 
307 354 
63 75 


72 72 
308 449 


339 408 408 
170 195 267 
273 273 475 

29 56 
5 273 472 
100 496 
39 159 159 227 
76 76 
193 
127 290 
314 314 314 349 349 

222 222 

39 302 
31 315 336 489 
56 236 388 
184 184 
31 120 486 

126 
399 
102 


100 265 367 476 
389 461 
160 
182 182 363 363 

76 
134 134 271 271 271 
234 358 358 
88 88 
233 238 238 238 
347 
104 104 
86 
76 229 
159 188 
159 
