Nodes: 512, Edges: 720
46 
225 441 441 
91 111 183 
271 271 493 
454 
18 34 48 50 50 88 88 184 184 198 225 255 354 441 475 475 504 
404 
233 233 271 
350 


264 
184 355 
76 
117 117 135 184 
444 


5 277 
104 
428 
31 
108 115 331 497 497 

76 
452 
158 
76 76 
63 63 178 189 

180 222 222 222 
21 184 315 486 486 
184 
67 
5 
210 222 309 413 

324 324 324 
89 
62 62 159 163 163 166 231 402 477 485 485 
236 249 
151 160 324 324 354 354 399 399 445 457 457 
323 
193 

413 413 
0 381 381 381 395 
346 
5 
236 
5 5 400 400 400 
490 490 
345 345 
393 
76 299 
236 236 
236 487 
415 
294 294 
444 444 

81 359 
39 39 241 241 369 
28 28 383 463 
381 
193 413 416 
141 141 
33 192 347 
169 296 296 371 
236 
184 246 246 
330 330 
325 
94 315 


13 24 27 27 54 78 162 186 186 196 208 229 242 245 245 299 314 322 328 328 346 360 361 413 413 423 423 440 501 509 
119 119 413 
76 
236 236 
314 314 418 418 
61 82 113 261 261 261 289 359 389 
81 121 143 329 329 389 
236 237 237 
312 312 

198 198 198 386 
306 306 306 408 408 
5 5 504 
38 128 358 466 

2 
182 182 404 413 
236 236 
73 315 
418 
314 314 
290 290 
420 

197 476 
195 195 
136 136 
146 379 425 425 425 
19 138 236 237 507 
106 184 190 
105 372 

22 115 115 115 
199 
176 176 247 247 401 401 
2 
184 
81 
181 181 181 367 367 
22 108 108 108 

14 14 135 135 184 184 184 236 
364 
77 77 122 222 413 413 
486 489 489 
82 
119 
468 
387 454 454 

185 
480 480 
89 413 448 448 
236 236 
389 
240 


502 502 502 
14 117 117 
102 102 

104 164 236 236 
381 
378 
66 66 413 413 466 
389 389 
82 217 

339 339 
103 

191 304 
250 250 
306 306 408 408 
41 354 
292 364 384 
325 325 

413 


26 194 
39 188 205 205 227 227 231 305 305 330 330 330 428 433 469 477 511 511 511 
41 272 272 
439 
76 322 
39 39 
138 
317 
39 477 477 
220 413 413 413 
413 
68 233 233 296 
471 


344 344 
222 335 413 
407 
110 110 
283 300 415 
28 183 
287 287 287 
30 222 222 
114 114 114 
92 92 220 340 363 413 499 
2 178 
5 5 12 14 31 32 70 105 112 117 117 117 213 221 236 236 246 246 246 258 267 279 284 289 291 292 315 338 345 345 354 355 366 396 409 415 451 484 488 488 488 490 
126 491 
76 76 440 440 
413 413 
159 
28 
105 372 372 
148 236 285 304 
67 
43 65 286 358 362 500 
158 
101 101 267 471 471 
76 200 200 290 350 373 422 422 
100 496 
5 86 86 86 386 386 
109 
196 196 
236 236 
355 355 
271 
268 268 
159 159 
405 

76 
328 328 
35 
460 
310 310 
184 
215 
214 

143 
442 
232 402 402 454 
167 182 413 413 413 
184 
30 30 30 35 119 174 180 180 341 376 483 483 
329 

1 5 393 393 393 419 441 458 
292 
159 159 305 343 343 343 392 477 477 
245 245 
76 295 509 
236 236 415 415 
39 159 
219 454 
7 7 169 169 271 296 310 374 375 375 375 505 
503 
487 487 
40 49 55 55 56 69 79 79 83 93 93 104 117 129 129 138 138 184 184 191 201 201 230 230 267 275 283 283 283 344 356 415 415 415 432 460 460 
83 83 104 
505 505 505 
342 
131 476 
62 62 
76 
311 311 424 424 494 
325 
76 76 228 228 
70 70 184 184 184 
110 110 
293 408 
40 
149 149 442 442 442 
286 413 413 

330 
277 283 415 
5 443 443 
273 354 
392 392 
184 409 


81 81 81 329 
364 410 410 
315 
11 334 334 
496 496 496 
271 271 
184 195 236 268 356 471 
204 204 267 
415 415 
286 
3 3 7 203 233 266 266 297 327 354 375 391 408 408 412 412 427 442 442 453 502 502 502 
160 160 
256 354 

236 

18 254 415 

184 
308 
298 347 421 421 
427 
177 236 236 236 254 303 415 
184 
191 
193 251 270 413 413 
179 179 179 

81 184 
97 97 196 
184 426 
152 184 226 364 410 410 
248 408 
58 58 397 408 
229 
68 68 169 233 425 
271 408 408 
281 
54 76 
177 
464 
485 485 
283 415 415 415 
148 191 
159 159 227 392 482 
87 87 87 150 150 370 
354 465 465 
280 
35 
212 212 233 
243 243 
84 84 348 

76 80 80 96 96 349 349 418 418 429 429 434 434 455 481 481 481 
31 73 94 184 263 336 336 
444 
165 398 398 413 413 
413 413 


323 
76 162 
42 321 
37 37 37 41 41 
72 153 153 244 
358 
271 
76 76 209 209 
82 82 223 261 
71 71 159 159 159 253 428 428 
22 
407 413 
413 
264 264 385 385 413 
174 413 413 
315 315 486 

184 415 
145 145 408 408 427 427 464 464 470 
182 
222 
239 
227 227 227 
173 173 236 447 447 
52 52 184 184 
47 76 459 
67 281 421 421 506 
312 
314 314 481 
8 196 
432 
402 
456 
5 41 41 151 184 256 271 273 307 411 462 508 508 
12 184 202 202 
236 267 
367 367 431 
89 193 326 413 466 503 503 503 
61 81 
76 
76 
193 413 
182 499 499 
118 152 262 292 410 410 

184 
114 114 357 357 
401 401 
62 
306 
68 
106 190 190 
196 
233 408 442 442 
233 233 233 271 
222 
458 
140 
103 

46 46 46 64 139 395 408 
413 
63 415 432 463 463 
152 
334 334 413 
86 198 198 
124 

81 82 130 142 142 

271 
227 257 257 305 
53 225 225 225 

46 381 
184 
294 
317 317 
41 41 
50 50 50 
110 110 368 368 
39 219 219 352 405 
427 427 
6 92 
206 402 

175 332 
87 87 150 150 248 271 271 293 294 297 297 339 339 374 381 412 
184 258 
262 262 292 292 364 364 
354 
271 271 408 
35 45 45 65 76 76 77 92 119 119 128 141 141 155 167 167 167 168 174 182 187 187 220 220 220 251 251 286 286 317 317 318 318 332 333 334 335 335 358 362 382 385 439 494 

57 177 184 230 230 236 236 236 254 269 269 277 283 303 303 303 338 383 
65 

80 80 95 314 314 
225 
98 
281 281 347 347 
196 196 
76 76 
243 243 
103 103 103 296 
291 
271 282 339 339 403 403 
20 159 330 330 
314 314 

357 496 
236 351 383 
159 
314 314 
449 



161 413 
76 186 186 
1 1 5 225 
218 250 250 250 271 271 374 374 
255 255 
15 59 59 316 
41 

344 344 
128 128 
435 
462 
184 
25 464 464 
271 
4 124 124 219 232 
314 
353 491 491 
41 41 
225 377 
346 
211 236 236 
497 497 
354 450 
63 383 383 
301 339 339 452 452 
307 307 
89 141 358 

123 
159 
339 
170 195 195 267 
475 

487 487 487 
5 5 472 
100 240 496 
39 159 166 166 227 227 


127 127 
314 314 314 349 
305 
222 222 
184 
39 39 302 302 
31 31 120 336 489 
56 235 235 474 474 474 
184 184 184 
120 120 486 
51 51 184 
185 456 456 

3 
243 413 

197 265 265 265 431 476 
22 22 461 461 

182 363 363 
193 
76 
134 134 134 271 271 271 
234 358 358 358 
5 88 
233 238 238 238 
347 
104 
354 354 
76 229 

159 159 159 
