Nodes: 512, Edges: 720
46 395 395 
225 
91 91 111 189 
493 
454 
18 50 88 198 255 273 400 400 441 475 475 

233 271 271 271 
313 350 

476 

184 202 355 
76 
117 135 


390 390 455 455 
5 277 277 277 
104 
428 428 
31 
115 414 497 

76 
452 
158 408 408 
76 346 
63 63 178 178 189 
474 
180 222 222 222 483 
21 184 354 354 354 489 489 
184 
67 

210 222 222 309 309 413 413 413 

324 324 324 
89 
62 166 241 267 302 330 402 405 405 477 
236 236 
99 137 151 151 156 156 160 184 184 324 399 445 445 450 450 
321 323 
193 

413 439 
0 301 339 381 
346 346 

236 
5 400 
490 
184 184 345 
225 
76 76 501 
195 195 236 
191 304 304 446 474 
415 
294 294 397 397 
444 
104 
81 359 
39 241 330 369 369 430 430 430 
28 28 383 463 

193 193 416 
141 141 141 
33 192 192 281 
371 
236 
184 258 

358 
94 315 315 
413 

13 24 27 54 54 78 107 162 162 186 186 186 199 207 208 228 242 242 245 245 299 322 328 328 346 423 423 440 478 478 501 509 
196 196 413 
76 
236 
314 314 
61 82 82 289 289 329 389 389 389 
81 81 142 142 143 329 
236 
312 348 348 
160 312 
198 198 508 508 508 
306 306 408 408 
5 
38 358 

2 2 189 
404 404 413 
236 236 
73 315 315 
418 

171 290 290 
420 441 
41 
197 476 476 496 
195 195 471 471 
117 493 
146 146 379 379 425 
19 60 138 237 507 507 
106 106 190 190 
105 105 190 
76 
115 336 414 414 

176 247 401 401 
2 
184 

181 
22 108 

14 102 136 136 236 
364 
222 222 413 
489 489 489 
143 
222 222 

387 387 454 

491 

448 
236 415 

240 240 240 454 
168 

502 
14 
117 117 
41 
104 164 164 
381 
320 378 378 
66 66 66 413 466 
82 82 
82 121 217 
282 
339 
103 103 379 

191 
250 
248 248 306 306 
41 41 354 354 
292 364 
325 325 
374 
413 
41 41 
233 
26 194 194 
205 205 257 305 330 402 402 428 428 433 433 469 477 477 510 511 511 
41 85 272 498 498 
413 439 
76 76 322 

138 138 300 300 300 

39 477 477 477 
220 220 
132 413 413 
233 
471 
97 290 

344 344 344 
222 376 376 413 
407 407 413 
110 247 
283 283 300 
28 28 

30 
114 
340 340 340 413 444 499 499 499 

12 31 32 41 41 52 52 70 112 213 221 236 236 246 258 258 284 289 292 307 315 338 338 354 354 355 366 396 409 415 415 426 451 456 465 
491 491 491 
76 76 76 245 440 440 
413 
477 510 
2 28 91 
105 105 106 372 
56 148 236 267 285 304 304 446 
67 67 236 281 281 281 
43 65 65 286 358 362 413 
158 158 
55 55 101 101 267 267 471 471 
77 77 200 350 413 422 
100 
5 86 86 
76 
196 

12 355 355 
271 
268 
159 159 
405 405 
76 
76 

35 
460 460 
233 
184 

467 467 

143 
442 442 
402 454 
167 167 413 413 
184 
30 30 30 35 35 119 119 122 122 174 341 413 483 483 
329 
313 350 350 
1 53 259 377 377 393 441 458 
292 292 
343 392 
76 
295 295 509 509 
236 415 415 

454 
7 157 169 212 296 310 310 505 505 
503 
487 
40 40 49 55 69 79 83 93 93 117 129 184 184 191 192 230 275 278 283 283 344 415 432 438 460 487 487 
104 
505 505 505 
405 
131 131 131 476 476 
39 62 
76 76 
311 311 413 413 424 
325 358 358 
76 76 186 
184 
110 176 288 288 401 
150 150 

149 374 417 417 417 
286 

330 330 
277 277 277 283 283 415 
5 443 
273 
159 392 392 392 
70 184 184 
225 

329 
410 410 
315 
334 
496 
271 271 
39 191 195 195 356 471 471 
204 

286 
7 7 7 203 266 266 282 282 282 287 287 327 339 354 374 391 401 408 408 412 427 427 442 453 453 502 502 
160 
5 256 354 

236 

18 18 18 254 254 254 
236 
431 431 431 
308 449 467 
67 192 192 192 421 421 
144 271 271 271 
177 177 236 236 254 254 303 344 344 415 415 
184 
191 
193 251 270 413 413 
271 271 
247 247 
81 81 184 
97 97 171 
426 
152 184 226 226 364 410 

58 58 397 397 408 408 408 
229 229 
233 
408 
347 347 
76 
164 164 164 177 
46 464 
39 
283 415 415 
56 56 191 191 
159 482 482 
87 87 150 150 370 
184 396 
280 
35 35 
233 233 
243 243 
84 85 348 348 
8 224 
80 80 349 349 413 418 429 455 481 481 
73 73 94 94 184 263 336 

398 413 
413 
354 
140 
42 323 323 
76 162 
42 321 321 
37 37 37 41 
153 153 244 
358 
271 
76 76 
81 82 223 261 
39 62 159 253 253 369 369 369 428 

407 407 
413 
264 385 413 
413 
108 315 486 486 

184 184 
46 145 271 381 408 408 427 464 
182 182 182 
222 

227 
173 173 173 236 283 283 447 447 
52 
27 47 47 76 459 
298 298 421 506 506 
84 84 312 312 
314 314 481 
8 196 224 224 
432 

456 
31 31 31 151 151 184 184 271 273 319 411 411 450 462 462 490 490 490 502 
12 184 202 202 
267 
367 431 431 496 496 
72 89 193 244 244 326 413 413 413 503 
61 


193 
499 
118 152 292 
415 
184 
357 

62 62 330 330 330 
306 
68 
190 

154 250 271 442 

174 174 
225 225 
140 140 
103 103 146 

46 139 339 395 408 
413 
63 415 463 

334 413 413 

124 124 
487 487 
81 81 81 497 
17 17 
271 
227 257 257 257 
225 
495 495 
0 0 381 
184 307 
58 58 294 294 
317 
41 492 492 
5 5 50 
110 110 247 271 
39 159 159 219 
427 427 
92 92 
39 39 206 206 239 

175 175 332 332 413 413 
26 26 87 87 271 271 294 294 294 297 339 339 381 412 437 470 
184 
262 262 292 
354 354 
271 408 
35 35 35 45 74 77 92 119 141 155 161 168 168 174 175 182 187 193 196 220 220 222 243 243 286 286 314 317 318 333 334 335 358 358 358 382 385 385 407 407 439 439 494 500 500 
22 108 108 
57 129 184 184 230 230 236 254 283 283 303 303 365 383 
65 
250 250 250 
95 314 

98 441 441 
281 281 347 
196 
76 76 
243 
103 
184 291 
271 271 339 403 403 
20 20 159 159 330 
314 
62 62 62 
279 279 279 357 357 
236 351 460 
159 159 



408 
236 
45 161 413 413 
76 186 186 
5 98 225 420 420 
218 218 271 374 
255 
59 182 
41 41 
56 191 
344 344 
128 
280 467 
41 41 354 462 
184 
25 
271 271 
4 124 131 219 232 
17 17 314 
184 353 

225 
346 
211 211 236 432 
497 497 
354 354 450 
63 383 
301 339 
184 
141 
215 215 280 449 

159 
408 
101 101 170 195 195 267 267 
475 

29 56 
5 5 472 
10 100 100 240 240 496 
39 159 159 166 166 166 188 
76 76 


314 314 349 
305 305 
30 222 222 


336 336 
235 236 236 388 388 

31 31 120 120 120 
51 354 354 354 
126 185 185 185 
399 399 
3 102 
413 
394 394 
100 265 357 357 476 
22 389 461 461 
160 160 
182 182 182 363 
413 413 
54 76 
134 271 271 354 
234 358 

233 233 238 238 238 
347 347 
104 104 
86 86 86 
76 229 229 
159 188 
159 159 
