Nodes: 512, Edges: 720
46 395 395 395 
225 225 
91 183 183 189 
271 493 
454 
18 18 18 34 48 48 50 184 198 225 255 273 354 354 400 441 441 504 504 508 
404 404 
233 271 271 
196 224 



184 184 202 
76 
184 184 184 
327 327 
184 
390 390 455 
5 5 5 

428 
31 
108 115 331 414 461 497 497 
171 290 290 


408 
76 346 
178 178 183 189 

222 
21 172 184 315 315 486 489 
184 
67 
5 
210 210 222 222 309 413 

406 
89 358 
159 159 163 219 231 241 267 267 302 330 402 402 405 405 477 485 
249 249 
99 137 137 151 151 156 160 184 354 354 445 450 450 457 

193 193 

413 439 439 
0 301 301 301 301 339 395 
346 346 346 
5 5 

5 400 400 

345 345 
225 225 
299 299 501 
195 236 
191 304 446 446 

294 397 

104 104 236 
359 359 
369 369 430 430 430 
383 
381 
193 193 

33 281 347 
169 287 287 287 371 
344 
184 184 246 258 
330 
325 325 358 358 358 
315 315 


13 27 109 162 186 199 199 207 228 228 242 245 245 322 322 322 328 328 346 413 413 413 423 440 456 
119 196 413 413 

107 236 
314 314 314 418 
82 113 184 261 289 289 329 359 359 359 394 
81 121 143 143 389 389 
236 237 
312 348 348 
160 160 312 
386 508 
306 408 408 
504 
38 128 
358 
2 
182 404 413 413 
236 236 
315 

314 314 
290 
441 441 
41 450 
197 197 496 
140 195 471 471 
117 117 216 216 
146 
60 60 138 507 
106 190 190 
105 372 372 
79 
22 115 
76 
176 247 247 401 

184 184 
81 
181 181 360 367 
22 108 
184 184 484 
102 102 125 184 184 

77 122 222 413 
486 489 
82 143 143 
119 
468 468 
387 454 
117 
185 473 491 

89 

389 
240 240 454 454 
168 168 
381 
380 502 502 


41 41 184 
104 164 236 
381 381 
101 320 378 
358 466 466 
389 389 
82 82 121 121 
282 
339 339 
103 

191 304 304 
250 
306 306 306 306 408 
41 41 354 
292 384 

374 
413 413 
41 450 
276 
194 194 271 408 408 
39 39 188 188 205 227 231 305 330 392 402 428 428 428 433 433 433 477 477 510 510 511 511 511 
41 85 85 498 498 
413 439 439 
76 322 322 
39 
138 300 
317 317 
477 477 
220 413 413 
132 132 
68 233 

23 290 
31 
344 
222 335 376 376 
407 413 413 
110 
269 283 
28 28 183 183 
287 
222 
114 114 
92 220 340 363 413 499 499 499 
2 2 28 178 178 
5 12 12 14 14 14 16 31 32 41 70 70 81 112 112 116 116 117 117 137 213 258 267 279 279 284 289 291 315 315 338 345 354 366 409 409 451 465 488 490 
126 491 
76 245 245 440 
413 
159 159 
2 28 
105 105 372 
56 148 236 236 267 267 285 285 304 
281 
43 43 65 65 358 358 362 413 479 
158 158 
55 101 236 267 471 471 
8 77 200 200 290 350 350 373 422 422 
100 100 496 
5 386 386 
76 76 
196 196 

12 355 

267 267 
159 

76 337 337 337 

328 
35 35 


184 
314 
314 314 
102 102 


39 232 274 454 
167 182 

30 35 35 119 174 180 341 483 
329 
8 
1 1 5 53 53 259 259 393 393 419 441 458 
292 
159 305 343 392 477 
76 76 
295 295 509 
275 415 
39 159 
219 454 
7 169 296 310 374 375 505 505 
503 
487 487 
55 60 79 83 93 93 138 191 191 195 237 278 344 356 415 415 487 
83 236 
505 505 505 

131 131 476 496 
39 
76 
311 413 424 494 494 
325 325 
76 76 186 186 
70 
110 110 288 401 401 
408 
40 40 
149 374 442 
286 413 413 


277 277 
5 443 

392 392 
70 184 
225 225 

81 
364 410 410 410 
315 
334 


39 39 184 191 191 195 204 204 268 356 356 
267 
177 
286 
3 7 7 158 297 297 354 375 391 401 401 408 408 412 427 427 453 453 502 502 502 502 

5 354 475 
219 402 
230 
157 
254 254 
236 
184 184 431 431 
467 
67 192 298 298 421 
144 427 
177 303 303 303 344 344 415 
184 
191 191 
251 270 413 
68 68 68 179 
247 
81 81 184 
23 23 97 171 196 480 
184 426 426 
152 226 364 410 
408 
58 
229 229 
233 425 425 
271 271 408 
281 281 347 
54 54 
164 
46 46 46 46 
39 485 
283 283 283 415 415 
56 148 148 191 
159 227 392 482 
87 150 150 150 150 370 370 370 408 
396 465 465 
467 
35 
233 
243 
84 85 

80 80 80 96 96 214 215 215 349 349 398 429 429 429 434 434 449 481 
31 31 73 73 94 184 184 263 486 
444 
165 165 413 
413 413 

140 
323 
76 76 76 162 162 
321 

72 72 244 244 503 503 
358 358 
15 15 
76 76 209 
81 223 
39 71 159 369 369 
22 
407 413 413 413 

264 385 413 
174 413 413 
486 
207 207 207 
184 
46 145 145 408 452 464 464 
182 
222 

227 
69 173 236 283 283 447 
52 52 184 
27 47 47 47 76 459 
67 298 421 421 506 
84 84 
314 314 
196 196 
432 432 


5 5 41 41 151 184 271 273 411 450 450 
202 
236 267 267 
367 496 
38 72 72 72 90 141 193 193 326 326 413 413 413 503 
61 61 81 81 81 
114 

193 413 413 
182 499 499 
262 292 410 

184 
114 357 496 
401 
62 62 330 330 
306 306 306 
68 
106 106 190 
196 
154 233 250 408 408 442 
233 271 
174 174 

140 

134 
64 133 139 139 395 395 
413 
63 415 415 415 432 432 
152 
334 413 
86 198 198 
124 
487 487 
82 82 130 142 142 
17 17 
271 
159 227 257 257 305 
225 225 
81 495 
0 0 0 46 381 381 
307 
58 
314 
492 
5 50 50 
110 247 247 271 271 368 
39 39 159 274 

6 6 92 
39 39 
37 
175 332 
26 87 87 150 158 158 248 271 271 293 297 306 339 374 374 412 412 437 
184 184 
262 262 262 292 364 
354 
271 408 408 
35 45 76 76 76 77 77 92 92 119 155 155 161 167 167 175 175 182 187 193 243 251 251 286 317 318 318 332 332 332 334 335 335 358 358 358 362 362 382 385 439 448 448 455 494 494 500 500 
22 
230 236 236 283 303 303 383 383 383 463 


80 
225 
441 
281 347 347 
196 196 
76 
243 
296 296 
291 291 
271 271 282 
20 159 159 159 
314 314 314 
62 62 62 
279 279 
351 351 383 383 
159 159 159 
314 314 


408 

45 45 161 161 413 
76 186 
5 5 98 98 225 420 
250 374 468 
255 
316 
41 
56 56 
344 
413 413 
314 467 467 
41 41 99 156 354 354 462 
184 
339 
271 271 
4 124 131 131 219 232 
17 413 
76 491 
41 
225 
346 

22 
450 
415 
339 339 
184 307 307 
141 141 
280 308 449 449 
123 123 442 


101 101 195 195 
475 475 
126 
487 487 
273 472 472 
240 496 
39 159 159 166 166 227 

193 
290 
314 
305 
222 
116 
39 302 
31 120 315 336 489 489 
235 235 236 388 388 474 474 
184 
31 120 486 486 
184 
126 185 456 
399 
3 
243 243 413 413 
394 
100 197 240 357 367 476 
22 22 
160 160 
182 182 182 363 363 
413 413 
54 
134 134 271 271 271 271 
234 325 325 358 
5 5 88 
233 233 238 238 238 
347 
104 
5 86 
229 
159 159 
159 159 159 
