Nodes: 512, Edges: 720
395 

91 189 
271 493 
454 454 
18 18 18 34 34 184 198 198 225 225 255 273 279 354 400 400 400 475 504 504 508 
404 
233 271 
196 196 224 224 350 
271 271 


202 202 355 
76 
117 184 
327 327 444 444 
184 184 
390 455 
5 5 5 


31 
108 108 115 115 331 414 461 497 497 

76 76 
452 452 
158 
76 346 
63 63 63 189 

180 483 
21 172 184 315 315 354 489 
184 
67 67 192 192 
5 5 
210 222 309 309 413 
106 106 
324 324 406 406 415 415 
89 89 
62 62 159 219 219 231 241 267 302 302 485 485 

44 85 85 99 137 156 184 184 324 324 445 450 

193 
41 
413 439 439 
301 301 301 339 339 339 381 
346 

236 

490 
184 
225 
501 
236 236 
191 487 
415 
294 397 
444 
104 236 
359 
39 39 330 369 369 430 430 
28 28 28 463 

416 
141 
33 33 192 192 347 347 
169 169 287 296 
344 
184 184 246 258 
330 
325 325 358 358 
94 

383 463 463 
13 24 24 27 78 78 186 196 199 199 207 208 228 229 242 245 245 245 299 322 322 328 346 346 360 413 413 423 423 440 509 509 
119 
76 76 

314 314 418 418 
82 82 261 289 329 359 389 394 394 
81 81 143 329 329 389 389 
236 237 
85 312 312 
41 41 84 160 160 160 312 
198 386 
306 306 408 
504 
38 38 128 128 128 
358 
2 
182 

73 
418 
314 314 
171 171 290 
441 
41 450 
496 
140 195 195 
117 136 216 493 
425 425 
60 507 
106 
36 36 105 

22 22 115 336 414 

176 176 



181 181 181 367 367 367 
22 22 108 
184 184 484 
14 102 125 135 184 
364 
77 122 222 413 413 
486 489 489 
143 143 
119 

387 387 454 454 
117 136 
491 
480 480 
89 89 89 413 
236 
389 
240 240 240 240 
168 
381 
380 380 502 
117 
102 125 
41 184 


101 320 320 320 378 
66 358 413 466 466 466 

82 121 121 217 
282 

379 
173 236 236 
304 
250 
248 306 408 
354 
364 364 

374 
413 
41 

26 271 408 408 
39 188 188 205 205 227 305 330 402 428 469 469 469 511 511 511 511 
85 85 85 312 312 498 
439 439 439 


300 300 300 
317 
477 
220 
132 
68 68 233 
471 
97 97 290 290 
31 
147 344 344 
222 222 335 335 376 413 

110 110 247 
283 283 300 415 
183 
287 
30 
114 114 114 
92 340 340 499 
178 
5 14 16 16 31 32 41 41 52 70 70 116 116 117 137 213 221 221 236 246 258 289 289 291 307 315 324 338 345 354 355 366 396 409 409 451 451 465 484 484 488 
491 491 491 
76 
413 413 413 
159 159 477 510 
2 28 
372 372 
56 236 285 285 304 
33 33 67 67 236 281 281 
43 362 413 500 

101 101 
8 8 76 200 290 290 373 413 422 
496 
5 5 86 386 
76 76 
196 
236 415 415 
12 12 355 
271 
267 
159 159 
405 405 
76 478 
76 
328 328 328 
35 
460 460 
310 310 310 
184 

314 
102 
143 
442 442 442 
39 39 232 274 402 454 454 
167 
184 184 
35 119 174 174 341 341 376 413 483 
329 329 
8 8 
5 5 53 259 377 393 419 441 441 458 
292 
159 305 343 392 477 
76 245 361 
76 295 509 509 
236 236 275 303 415 
39 
219 
7 169 271 310 310 375 505 
503 

49 55 55 60 83 129 147 147 184 191 192 201 230 230 237 267 275 275 278 278 283 344 344 351 356 356 356 432 432 
83 236 
505 
405 
131 131 131 131 476 496 
39 
76 
311 413 413 424 424 494 
325 325 358 358 
76 76 76 228 
70 184 
176 401 
150 

149 374 374 417 442 
270 286 

330 
277 415 
5 
354 354 391 
392 392 
70 184 409 409 
225 
426 
81 
364 

334 334 334 
496 

39 204 236 356 471 471 

415 
251 286 
3 7 9 9 158 203 233 287 287 327 327 327 339 339 374 408 408 427 502 

5 472 
219 352 
230 236 236 

254 
236 236 
5 431 
308 
192 192 298 421 
144 427 
177 177 236 303 

191 191 
251 270 413 413 
68 179 271 271 

81 184 184 
97 171 171 196 196 
184 
226 364 410 410 
408 
58 397 
229 
68 425 
408 
281 347 
76 413 
164 164 164 177 
46 46 46 
39 39 
230 283 415 415 
148 191 
159 227 
87 87 150 370 408 408 
184 396 465 
280 467 
35 35 
212 212 212 233 233 
243 
84 84 85 160 160 

80 80 96 96 215 349 413 418 429 429 434 434 455 481 481 
31 31 184 336 336 336 
444 
165 413 413 
413 413 
354 
140 140 140 

76 76 

37 37 41 41 184 
72 72 244 244 358 
358 
15 15 271 271 271 
76 209 209 209 
81 82 82 223 223 
62 71 159 253 369 369 369 428 428 
22 
407 407 413 
413 413 
264 264 264 385 385 413 
174 174 413 413 
108 315 315 315 486 

184 415 415 
46 46 46 271 271 381 427 452 452 464 470 470 
182 182 
222 222 

227 
69 173 173 236 236 
184 
27 47 76 76 
67 67 298 421 506 

314 
8 
236 432 
274 402 
456 
5 31 151 184 256 256 319 411 411 450 450 462 
12 184 202 
236 236 236 267 
431 431 496 
72 72 90 141 244 244 325 326 413 413 466 503 503 
61 81 
76 
228 
193 413 413 

118 152 152 262 292 
415 
184 
114 114 114 496 
401 
62 62 330 330 330 
306 

190 190 
196 
154 250 250 271 417 417 
233 
174 222 
225 
140 
146 
134 134 
46 133 339 395 395 408 408 

75 463 463 

334 334 413 
86 198 
124 124 
487 
81 82 82 130 497 497 497 
17 
256 
227 257 257 
225 
81 81 
0 381 381 
184 307 
58 294 


5 5 5 
247 368 
159 219 352 405 
427 
6 
206 206 239 402 
37 37 
332 332 413 
87 150 158 158 271 271 293 297 306 306 381 381 412 412 437 470 
184 184 258 258 
292 292 
354 354 
408 408 
35 45 76 76 119 119 128 141 155 174 187 187 187 193 196 222 243 243 286 286 299 314 317 317 318 318 332 333 333 334 335 335 358 358 362 362 385 407 439 448 455 455 494 500 
22 108 
37 37 57 177 201 201 230 254 269 303 303 338 338 365 
65 
250 374 374 
80 80 95 314 
225 
441 
281 347 
196 
76 76 
243 243 
103 103 296 
260 
271 282 339 403 
159 330 330 
314 314 
62 62 
279 357 357 496 496 
236 236 351 460 

314 314 
449 449 

408 

45 45 161 161 161 413 
76 
98 225 225 420 
218 218 218 250 468 468 

15 15 59 316 
41 


413 
435 435 467 
41 99 354 354 462 
184 184 
25 25 339 339 464 464 

4 4 124 124 219 219 
17 314 413 413 
353 491 

225 

211 211 432 
22 497 
354 450 
63 75 75 383 383 
339 452 452 
184 307 
141 141 141 358 
308 449 
442 442 
159 159 159 
339 339 408 
170 267 267 
273 475 475 

487 
5 472 472 
240 
166 188 227 
207 

127 127 
314 314 

30 222 
116 184 184 
39 39 
120 336 489 
56 388 474 
184 
31 120 120 486 
51 
126 185 185 185 456 

3 102 
243 413 

100 197 240 265 357 367 431 431 
22 22 389 389 389 461 
160 
182 
193 413 
54 
134 271 
234 358 358 
5 5 88 
233 238 
347 
104 
5 
76 76 229 229 
188 
159 159 159 159 
