Nodes: 512, Edges: 720
395 

183 183 189 189 
271 271 493 

18 18 34 48 184 198 225 255 273 279 354 400 400 441 475 504 508 

233 
224 



184 184 202 355 
76 76 
117 184 
327 
184 184 184 
390 455 455 
5 5 277 277 
104 


108 108 331 414 414 461 
171 171 
76 
452 452 452 
158 158 408 
76 
63 178 183 
474 
180 180 483 
172 354 354 486 
184 
67 
5 
210 222 309 309 413 
106 
324 406 415 
358 
159 163 163 231 241 241 267 330 477 477 485 
192 
44 85 137 137 137 151 151 156 156 160 354 354 399 445 445 457 
321 
193 193 
41 
413 413 439 
64 64 301 339 381 395 395 
346 
5 
236 
400 400 
490 490 
184 
225 225 
299 
195 195 
191 191 191 236 446 474 487 
415 
294 
444 
104 104 236 236 
81 359 
241 369 430 
28 463 
46 46 
416 416 
141 
33 192 347 
169 296 296 
252 344 344 
184 184 246 246 246 


94 94 315 
413 
383 383 435 463 
13 13 24 27 162 162 162 199 208 208 208 228 229 229 242 245 322 322 328 346 346 353 361 413 413 423 440 456 478 509 509 
119 119 413 

107 236 
314 
61 82 113 261 261 289 329 329 359 389 394 495 495 
81 121 143 329 389 
236 237 
312 348 
41 312 
198 198 198 508 
408 408 
504 
358 466 466 
358 

413 
236 236 
73 73 315 
418 
314 317 
171 290 


197 
140 195 195 471 
216 
379 379 425 425 
19 60 60 138 138 236 237 
106 184 190 190 
36 105 190 372 
79 
22 22 414 
199 
176 247 247 401 401 

184 
81 
181 360 
389 
415 415 484 
14 125 135 135 135 136 136 136 184 236 

77 77 122 122 222 413 
486 
82 143 143 
119 119 
468 

117 136 136 170 

480 480 
413 448 
236 236 415 415 

454 
168 

380 380 502 
117 117 117 
117 117 117 125 125 
41 41 41 184 
104 104 164 
381 381 
101 378 378 
66 413 466 
389 
82 121 121 217 
282 
339 
379 
173 236 236 

250 250 
248 248 248 
41 41 354 
292 384 

374 374 374 

41 41 450 
233 233 276 
26 26 408 
39 188 188 231 231 305 305 402 428 433 477 510 510 511 511 
41 
439 
76 76 76 322 
39 39 
138 300 300 300 
317 

413 
132 
68 296 296 
125 471 
23 23 97 
31 
147 344 
222 335 335 413 
407 407 413 
110 
300 
28 183 
287 287 
30 30 222 222 
114 
340 340 499 
2 2 28 178 
5 12 12 14 16 16 16 32 52 70 70 105 112 117 137 213 246 246 279 279 284 289 291 315 324 345 345 355 366 409 409 409 415 426 465 488 488 490 
491 491 
245 245 

159 159 477 477 
2 2 
105 105 106 372 372 
56 56 56 236 236 267 267 285 285 304 446 
40 67 281 
43 43 286 286 358 413 413 413 479 

55 55 101 101 236 267 471 
200 290 373 413 422 422 422 
100 496 
5 86 86 86 386 
76 109 
196 
415 
12 355 

268 



76 76 76 

35 
460 
233 233 310 
184 

314 314 
102 
143 
271 442 442 442 
232 232 274 402 454 454 


35 119 174 180 180 341 376 413 483 
329 
8 313 313 313 350 
5 53 53 393 441 458 458 
292 
305 305 343 343 
76 
76 76 295 509 509 
236 275 275 275 415 
39 159 159 
219 219 454 
7 157 157 212 212 238 296 375 505 
503 

49 56 60 60 79 83 93 93 104 117 129 129 147 147 191 191 195 230 267 275 283 356 415 432 432 438 487 
83 104 
233 505 
342 342 405 405 
476 496 496 
39 39 62 
76 
311 311 413 424 494 494 
325 325 358 
76 186 186 
70 70 70 184 184 
110 110 288 288 
150 150 150 408 

149 149 374 374 417 442 442 
413 
69 

277 415 415 
5 443 443 
273 
392 392 



81 81 
410 410 
315 
334 
496 
271 271 271 
39 191 191 195 236 268 471 
204 267 

286 286 
3 3 218 266 266 266 282 282 282 287 297 339 354 374 401 401 408 408 408 412 427 442 502 502 

5 256 354 472 475 475 
219 
230 230 230 236 
157 
18 18 254 

5 184 184 431 
449 
192 298 347 421 421 
144 271 271 271 
236 303 344 415 
184 
191 191 
193 193 270 270 413 
179 179 271 
247 247 
81 184 
97 196 480 480 
184 
152 226 364 

58 397 397 
229 
68 68 169 169 233 
271 
281 
54 413 413 
164 164 164 177 
46 
485 485 485 
283 415 415 
191 
159 159 227 227 
370 370 408 408 408 
462 465 
467 
35 35 
212 
243 243 
84 85 348 348 
224 224 224 
80 96 215 215 349 413 413 418 429 429 455 481 
73 94 184 263 336 336 486 
444 
96 165 398 413 
413 
354 

42 323 323 
76 76 162 
321 321 359 
37 184 
244 244 358 
358 
15 
76 
81 81 82 223 
39 369 428 
22 
413 
413 413 
264 385 385 413 
174 174 413 413 
315 315 486 

415 
46 145 271 381 408 427 452 452 464 470 470 470 
182 182 
222 
239 239 
227 227 
69 69 173 283 447 
184 184 
47 76 76 459 
67 281 421 421 506 506 
84 312 312 
314 481 481 
224 
432 
402 402 
76 
5 31 31 41 41 151 271 273 319 411 411 462 490 490 508 
12 184 202 
236 
367 
38 89 90 193 244 325 326 413 466 503 503 
61 81 323 
114 
76 

499 
292 410 

184 
357 
401 401 401 
62 330 
306 306 

106 190 190 
196 
154 154 154 250 250 271 408 417 442 
233 
222 
458 
140 140 
103 103 146 
134 134 
46 139 139 339 395 408 

75 75 415 415 432 
152 
334 334 413 
198 

487 
81 82 115 142 497 
17 

257 257 
225 
81 495 
0 46 46 381 

294 294 
317 
41 492 
5 5 50 50 
110 110 271 271 368 368 368 
159 219 352 352 
427 427 

239 239 
37 
175 175 413 
26 87 87 158 248 271 271 271 306 306 306 339 374 381 412 412 470 470 
184 184 184 
262 262 364 
354 354 
271 408 408 
35 45 45 74 76 76 77 92 119 128 141 167 174 175 193 193 193 196 222 243 251 286 299 299 314 314 317 318 332 333 333 334 335 335 358 385 407 439 448 455 455 
22 22 108 
37 57 116 116 129 129 184 201 230 236 254 254 283 303 303 338 383 383 432 432 
65 65 
250 374 
95 314 

441 441 
281 281 347 347 
196 196 196 
76 
243 
103 103 
184 
271 339 403 403 
159 330 
314 314 
62 
279 496 496 
236 236 351 383 415 415 460 
159 

75 


236 
45 161 413 
76 
5 225 420 420 
218 218 218 250 250 271 374 
255 255 
59 316 
41 41 
56 191 
344 
128 413 
280 467 
156 462 

25 25 25 339 339 464 

131 219 219 232 
17 17 314 413 413 
76 
41 
225 225 377 
346 
211 432 
22 
307 354 450 
63 75 
339 452 
184 307 
89 89 141 358 
308 449 
123 

339 339 339 408 408 
101 170 195 267 
273 475 

29 56 
5 273 273 472 
240 496 
39 39 159 188 188 
76 
193 
127 127 290 290 
314 349 349 

30 222 
116 
39 302 302 302 
31 120 315 336 
56 236 388 
184 184 

51 51 184 354 354 
185 185 
399 
3 
243 243 
81 81 394 
197 240 240 265 431 431 476 
389 

182 363 


134 271 271 
234 358 358 
5 88 
233 238 
347 347 

5 86 354 
76 76 229 229 
159 159 
159 159 
