Nodes: 512, Edges: 720
46 46 395 395 
225 225 

493 
454 454 
18 18 18 34 48 48 50 88 88 184 198 225 225 255 255 279 400 475 475 504 
404 
233 233 271 
196 224 313 350 
271 
476 
264 264 264 
184 202 355 
76 
117 117 184 
327 327 
184 
390 390 455 
5 5 5 

428 428 
31 
108 108 331 414 414 461 497 

76 76 


76 76 346 346 
63 

180 222 483 483 
21 172 315 354 
184 184 184 
67 192 
5 
222 309 413 413 

324 324 415 415 
89 89 
159 163 163 219 231 241 241 267 405 485 
249 
44 99 137 151 156 156 156 160 354 445 445 457 
321 321 323 323 323 
193 
41 
76 413 
0 0 301 381 
346 
5 5 
236 
5 400 
490 
184 

299 501 
236 236 
236 
415 415 
397 
444 
104 236 236 

241 369 369 369 369 430 
28 383 
381 
193 413 

33 192 192 347 
169 287 
236 
184 258 
330 
325 325 358 
315 315 
413 413 
383 
13 24 24 27 27 45 78 78 107 107 109 186 207 208 228 228 228 229 229 245 245 299 322 322 346 346 360 360 413 440 509 
119 119 119 413 
76 76 
236 
314 
184 184 329 359 495 495 
121 142 142 329 329 389 389 
237 
85 312 312 348 
84 312 312 
198 386 508 
306 408 
5 5 504 
38 38 128 
358 358 
189 
182 404 413 413 
236 
315 315 

317 
171 171 171 290 
420 441 441 441 
41 
496 496 496 
140 140 195 471 
117 136 136 216 

60 236 507 507 
184 190 190 
372 372 
76 76 
22 22 
76 
176 
182 
184 184 

367 
389 
415 415 415 
14 14 102 125 135 136 184 236 
364 364 
77 77 77 222 
486 489 489 
82 143 
222 222 
468 
387 
117 136 
185 491 

89 448 
415 415 415 
389 389 
240 

381 
502 502 
117 
102 102 117 125 
41 184 184 184 
164 236 236 
381 
101 101 320 378 
358 413 466 
82 82 389 
121 
282 282 
339 
379 
236 236 

250 250 
248 248 306 306 306 
41 

325 
374 374 
413 
41 41 41 450 
276 
408 
39 188 205 227 227 231 330 402 433 433 433 469 477 511 
41 312 312 498 
413 439 
322 322 
39 39 
138 300 

477 477 
413 413 
413 
68 296 296 
471 
97 97 97 290 290 
31 

222 222 413 413 
407 407 413 413 413 
110 247 
415 


30 222 222 

92 111 340 363 363 404 444 444 444 499 

5 12 14 16 32 32 32 52 70 81 81 105 112 112 117 137 137 137 213 213 221 221 236 236 246 267 284 284 291 292 292 307 307 315 324 338 345 345 345 354 366 366 396 396 409 415 465 490 
126 491 
76 245 440 440 
413 
159 
91 
105 105 372 
285 304 446 446 446 
33 67 67 236 236 281 
43 65 286 358 362 413 500 500 

101 267 471 471 
8 200 290 290 290 350 350 413 422 

5 86 

196 
236 415 415 
12 355 
271 
267 268 268 
159 
405 405 
76 
76 
328 

460 460 
233 310 310 
184 184 
314 
467 
102 


39 232 274 

184 184 
30 35 119 122 122 174 174 180 180 341 376 376 413 483 
329 
8 313 313 350 
1 1 5 5 259 259 259 377 377 419 419 441 458 458 458 
292 292 292 
159 159 305 
76 76 76 
76 76 295 509 509 509 
236 303 
39 159 
219 454 
7 7 212 238 296 310 310 310 374 505 
503 503 
487 
49 55 55 56 60 60 69 79 93 104 117 138 138 147 147 184 184 192 192 201 230 237 278 351 351 351 356 356 432 438 460 487 487 
83 236 
233 505 505 505 
342 342 
131 496 
39 39 62 
478 
311 311 424 424 494 
325 358 
76 76 186 
184 
176 288 288 401 
150 150 408 408 
40 
149 149 417 442 
270 286 413 413 413 

330 
277 283 283 
5 5 443 
273 273 
392 392 
70 
225 225 225 

329 329 329 
410 410 

11 11 11 334 
496 
271 
39 184 195 204 
204 204 

251 
7 9 203 266 282 297 327 339 354 374 375 401 401 408 412 427 453 502 502 502 

256 256 
219 352 

157 
254 
236 
5 431 
467 467 
192 298 347 347 347 
144 144 271 427 
254 254 303 344 344 344 344 415 415 
184 184 
191 
193 251 413 
68 
247 247 

97 171 171 196 196 196 
184 
184 184 226 226 226 410 410 
408 
399 408 
229 
169 169 233 425 425 
271 408 
281 347 347 
54 76 
164 
46 
485 485 
230 283 415 
191 
227 482 
87 150 150 150 370 
184 184 396 396 462 
467 467 
35 
212 212 233 233 233 
243 243 
84 84 85 85 160 160 
8 224 224 
80 214 319 349 349 398 413 413 418 434 434 481 
31 73 73 94 94 184 
444 
96 413 
413 
314 
140 
42 42 
76 76 162 162 
42 42 42 359 
37 37 184 
72 72 153 244 503 503 

15 15 271 
209 
81 82 82 223 261 261 261 
71 159 253 369 428 428 
22 
413 413 
413 
264 385 413 
413 
486 

184 415 415 415 
145 271 381 452 464 
182 
222 
239 239 

283 283 283 283 447 
184 184 184 
27 27 47 76 76 
67 281 281 281 298 298 421 421 506 
84 
314 314 
8 196 196 224 
236 236 236 432 432 432 
274 402 

31 41 184 271 411 411 462 490 508 508 
12 202 
236 236 
367 431 496 
72 90 90 141 193 244 
81 323 
76 76 

193 413 413 
182 182 499 499 499 
118 118 410 
415 
184 184 
114 357 
401 401 
62 62 62 62 330 
306 

106 106 190 

154 154 233 271 408 408 417 417 
271 
222 222 
225 225 
140 
146 

46 64 133 139 339 395 395 408 
413 
63 75 415 432 432 432 

334 413 
86 
124 
487 487 
82 82 115 130 130 142 497 
17 17 

257 257 

495 
0 0 381 381 
184 184 307 307 
58 
314 
294 
5 50 
247 271 271 368 368 
159 352 

6 92 182 
39 206 206 

175 175 413 
87 158 248 248 271 293 294 297 374 374 381 
184 
262 262 292 292 364 
354 354 
271 
35 35 45 65 74 74 76 77 92 92 141 155 161 167 167 168 174 174 175 175 175 187 193 196 222 251 251 251 286 314 314 317 318 332 332 333 334 335 362 362 382 385 407 494 500 
22 22 
37 37 57 57 116 116 116 129 129 129 177 184 201 201 283 283 303 338 338 338 365 383 432 432 463 463 463 

250 374 374 
314 
225 225 
98 441 
347 347 
196 

243 243 
296 296 

271 282 
20 20 330 330 

62 
279 357 496 
236 351 351 351 383 383 383 415 415 
159 159 159 
314 314 
449 
497 

236 
161 
76 186 186 
98 98 98 225 420 
250 468 
255 
59 182 182 182 316 
41 41 
191 191 191 
344 
128 
435 
156 462 462 

339 464 464 
271 
4 4 232 
17 
491 491 
41 
225 225 225 

211 211 236 
22 497 497 
307 354 450 450 
415 415 415 
339 452 452 
184 
141 
215 280 280 308 308 
123 442 
159 

101 170 195 195 


487 487 
5 5 
10 
159 166 166 
242 


314 
305 
30 30 222 

39 302 302 
120 336 489 489 
235 236 236 388 388 474 474 

120 120 486 486 
51 184 354 
126 185 456 456 

3 
243 413 
81 81 394 
100 100 100 240 265 357 431 
22 389 436 461 461 
160 
182 363 363 363 
193 193 413 
54 
134 134 271 271 271 
234 234 325 325 
5 88 
233 238 238 238 
347 
104 104 
86 354 354 
76 229 229 229 

159 
