Nodes: 512, Edges: 720
46 46 46 395 395 395 
225 441 
91 189 
271 493 
454 
18 18 18 34 34 48 50 88 184 198 198 225 255 354 400 441 504 504 508 
404 404 
233 233 271 271 271 
350 
271 

264 264 264 
184 355 
76 
117 
444 

390 455 455 
5 5 5 277 277 
104 

31 
108 115 331 
290 
76 
452 
408 408 408 
76 346 346 
63 63 178 183 
474 
222 222 483 483 
21 184 315 486 486 489 

67 192 
5 5 
210 210 210 210 309 309 413 
106 
324 324 406 406 415 415 
89 89 
62 163 163 166 219 267 302 302 402 405 405 405 477 477 477 485 
236 249 
151 156 160 160 184 184 324 324 354 399 450 450 
321 323 


413 413 439 439 439 
0 0 0 301 301 
346 
5 

5 400 400 

184 
225 393 
76 
195 195 
236 474 474 487 487 
415 415 
294 
444 444 
104 104 

39 330 369 430 
28 28 383 
381 381 381 
416 
141 
33 192 281 347 
169 169 287 371 
252 344 
246 258 
330 330 
358 
315 315 
413 
383 435 
13 24 27 54 78 109 162 186 186 199 199 208 208 228 229 245 322 322 346 346 360 361 413 423 440 440 456 478 501 509 509 
119 119 119 413 
76 

314 
82 82 82 184 184 261 329 359 359 389 389 394 495 495 495 
81 81 81 143 329 389 
236 237 
85 85 312 312 348 
84 84 160 160 
198 386 
306 306 408 
5 504 
38 38 128 358 358 
358 358 
2 
182 182 404 413 
236 236 
315 
418 
317 
171 171 290 


476 
140 
117 136 216 216 
146 146 146 379 425 
19 60 60 138 237 507 507 
106 106 184 190 190 
36 105 105 190 190 190 372 

22 115 115 414 
76 199 
176 

184 

181 
22 108 108 
184 415 415 415 
14 102 125 136 184 
364 364 
77 77 77 122 222 
486 
143 143 
119 222 
468 
387 
117 136 136 170 

480 480 
89 413 448 448 
236 415 

240 240 240 454 
168 
381 
502 

102 117 125 125 

104 164 164 236 236 236 
381 381 
101 320 378 378 
66 466 466 

82 121 121 217 217 217 


103 103 103 379 379 

191 191 304 
250 
306 306 306 408 
41 354 354 
292 364 

374 

41 450 
233 276 276 
408 408 
188 205 257 305 330 330 392 402 433 469 477 510 511 511 
41 41 85 85 312 498 498 
413 413 
76 
39 39 
138 138 300 300 

39 477 477 
220 413 413 
132 
68 68 296 
125 
97 97 290 

344 
222 222 413 
407 407 407 413 
110 247 247 
283 300 415 
28 183 
287 
222 
114 
92 92 340 363 413 499 499 
28 178 
5 12 31 41 41 52 81 81 105 112 116 117 213 258 267 279 279 284 289 291 292 292 345 355 409 426 484 484 488 
491 
76 76 245 245 245 440 

159 477 
2 
105 105 106 106 106 372 
148 148 236 236 285 304 
33 67 
362 413 479 500 

55 55 236 236 236 267 
200 290 350 373 413 422 422 422 
496 
5 5 86 
76 76 109 
196 

355 
271 
268 
159 
405 
478 
76 76 
328 
35 35 35 35 

233 233 310 
184 
314 314 
467 467 
102 102 
143 143 143 
442 
39 232 232 274 454 
167 413 

30 30 119 122 174 174 180 314 341 341 341 483 483 
329 329 
313 350 
1 5 53 259 377 377 393 393 419 419 441 458 

305 305 305 343 343 
76 
76 295 295 
275 

219 219 454 454 
7 7 157 212 212 271 271 375 505 505 505 
503 
487 
40 56 83 93 93 129 138 138 138 191 191 195 195 195 275 283 283 344 344 351 415 432 487 487 
83 104 

342 342 405 
131 131 131 476 496 


311 424 494 
325 358 358 
76 186 186 186 
70 
176 176 401 
408 408 
40 
149 417 417 

69 
330 
277 415 
5 443 
354 
159 392 392 
70 184 409 409 
225 

81 329 329 
364 364 410 410 
315 
11 11 11 334 334 
496 496 

39 184 195 471 
204 
415 415 

3 7 7 7 9 203 233 233 282 282 297 297 297 354 374 375 391 401 401 401 408 412 412 442 442 453 502 

354 472 475 
219 
230 236 
157 157 
18 18 254 

184 184 431 
308 467 
67 347 421 
271 271 
177 236 236 303 415 
184 
191 
413 
68 179 

184 
23 97 171 196 480 480 
184 426 
152 184 184 364 410 
408 
58 
229 229 
169 
271 271 271 

413 
164 164 177 
46 46 464 
39 39 485 485 
283 415 
148 191 
159 227 227 227 482 
87 87 150 150 150 370 408 
396 396 
280 467 
35 35 
212 
243 
84 84 160 
224 
80 214 214 222 319 349 413 413 429 434 434 481 481 
31 73 73 94 263 336 486 
444 
96 398 398 413 
413 
314 
140 
42 
76 76 
42 359 
37 37 41 41 
244 358 


209 
81 82 223 223 261 261 
62 71 71 159 159 253 369 428 428 
22 
407 407 413 
413 
264 264 385 413 413 
413 
315 486 

415 
381 381 427 452 464 464 470 470 470 
182 
222 222 222 
239 239 
227 227 
69 173 236 236 447 447 
184 
27 27 47 76 76 459 
67 281 421 506 506 
84 
314 
8 196 224 
236 432 432 
402 

5 41 151 151 256 271 273 450 490 490 
12 184 202 

367 367 431 496 
72 89 89 90 90 244 244 325 413 503 
81 81 323 
76 
76 
193 413 413 
182 499 
118 118 152 262 262 292 410 410 
415 415 

357 357 
401 
62 330 
306 
68 
106 190 
196 
154 271 408 
233 271 

225 225 
140 140 
103 146 146 

64 64 64 133 139 139 339 339 395 408 

63 75 432 463 
449 
334 
86 
124 
487 487 
81 81 82 
17 
271 
159 257 257 
53 225 225 
81 
0 0 0 381 
307 307 

317 317 
41 492 492 492 492 
5 50 50 
247 271 271 271 368 
39 159 352 
427 
6 6 92 
39 39 39 206 239 
37 37 
175 175 175 332 332 413 413 
26 26 26 87 150 158 158 248 248 271 293 306 374 381 412 437 470 470 
184 258 258 
262 262 292 364 364 

271 271 408 
35 45 45 74 76 77 92 128 161 161 167 167 174 175 182 193 196 220 286 299 314 314 317 318 332 333 334 334 335 358 362 362 407 407 439 448 455 500 500 500 
108 
37 37 57 57 116 116 116 129 177 236 254 269 269 283 303 338 365 365 432 432 463 
65 
250 250 
95 
225 225 

281 347 
196 196 196 
76 
243 
103 
184 291 
339 403 
330 330 
314 
62 
279 357 496 
236 351 351 383 415 415 460 
159 
314 314 
75 449 

408 

45 45 45 413 
76 76 186 
1 5 225 
218 271 271 
255 
15 59 59 316 


344 344 
128 128 413 
384 435 467 
41 41 156 354 

25 339 464 464 
271 
4 131 219 232 232 
17 17 413 
76 491 

225 
346 
432 


383 415 
301 339 339 452 452 

141 141 
215 215 280 308 449 
123 
159 
339 339 339 408 408 
267 
273 475 

29 56 56 
273 472 
100 240 496 
39 39 39 159 166 166 188 
76 207 
193 
127 127 290 290 
314 314 
305 
30 30 222 222 
184 184 
39 302 302 
31 31 120 315 336 
56 56 235 236 236 388 388 
184 
31 
354 354 
185 456 
399 399 399 399 
3 
243 
81 81 81 
197 240 265 265 357 431 476 

160 160 
182 182 363 
193 413 413 413 
76 
134 271 
234 358 
5 5 88 
233 233 233 
347 347 
104 104 
5 
76 76 
159 
159 159 
