Nodes: 512, Edges: 720
46 46 46 46 64 395 395 
225 225 225 441 

271 271 271 493 

18 18 34 198 400 475 475 504 504 
404 404 
233 
196 224 313 313 350 


264 
184 202 202 
76 
184 

184 184 184 
455 
5 5 277 

428 
31 31 31 
108 108 108 115 115 331 461 497 
171 290 
76 
452 
408 408 408 
76 76 346 346 
63 63 178 183 183 

180 222 
21 21 21 184 315 354 354 486 489 
184 
67 67 67 192 
5 
210 210 222 309 309 413 413 

406 415 415 415 
89 
62 166 231 302 402 477 
236 249 249 
85 85 137 151 151 156 184 399 445 450 457 457 

193 

413 413 439 
0 0 0 0 301 339 381 
346 346 

236 
400 400 

345 345 
225 
76 501 
195 
104 191 236 304 304 446 487 
415 415 
294 294 397 
444 444 
236 236 
81 359 
39 330 369 430 430 
28 28 383 463 
0 381 
413 
141 141 141 
33 33 33 347 
169 287 287 287 296 371 
344 
184 246 258 
330 
358 358 
94 94 315 315 
413 
383 435 
13 24 27 27 54 78 78 162 162 186 186 186 196 199 207 207 208 208 228 228 229 242 245 299 322 328 346 346 361 413 423 440 456 509 509 509 
119 196 196 196 
76 76 
236 
314 418 
61 82 289 359 389 394 
81 142 142 143 329 329 
237 237 
85 312 312 348 
41 41 84 160 
386 508 
306 306 
504 504 
38 128 128 358 
358 358 

182 404 404 413 413 
236 236 
73 73 315 

317 
290 
441 
256 
476 
140 140 140 471 
117 136 493 
146 146 379 
56 138 236 507 507 
106 184 184 190 190 
105 190 

22 22 22 115 414 414 
199 
176 176 



181 
22 22 108 
184 415 
102 125 135 135 136 236 236 236 
364 
77 122 122 222 
486 489 

119 119 222 

454 
117 136 
185 491 491 

89 89 413 448 
415 
389 
240 454 
168 

380 502 
117 117 
102 117 125 
41 184 
104 164 236 
381 
101 101 101 320 378 
66 66 66 358 413 413 
82 82 389 
82 217 217 
282 282 
339 
103 103 
173 
191 191 304 304 304 

306 
41 41 354 
364 
325 

413 
41 

271 
188 205 205 305 305 330 330 330 392 433 433 469 469 477 510 510 511 511 
85 498 
413 439 
76 76 

138 300 

39 477 
220 220 
132 413 
68 233 296 296 296 
471 
23 

147 
335 335 376 376 413 413 
407 
110 110 247 247 247 
415 
28 183 
287 
30 
114 
92 340 340 363 444 499 
28 28 178 
12 14 16 16 16 31 32 41 70 105 105 116 137 221 246 258 258 279 284 284 291 292 315 324 338 345 355 366 366 396 409 409 409 426 465 465 490 490 
126 491 491 
76 76 76 245 245 

159 477 

105 105 106 
56 148 148 236 267 285 285 304 
33 236 236 281 
43 286 286 362 479 479 

55 267 471 
8 76 77 77 77 200 200 200 290 290 290 350 350 350 373 373 413 413 422 422 
496 
5 386 
76 109 
196 196 196 
415 
12 12 355 
271 
267 267 
159 159 
405 
76 76 
76 76 
328 
35 35 
460 
233 233 

215 314 
214 314 

143 143 
442 442 
232 232 274 402 
167 167 413 413 
184 
30 35 119 122 314 341 413 413 413 483 
329 
8 350 350 350 
1 1 1 53 393 419 419 441 458 458 
292 
305 305 343 392 477 477 
76 76 245 
76 295 295 509 
303 303 
39 
219 219 
7 169 212 212 238 271 296 296 310 374 375 375 505 
503 
487 487 
40 49 56 60 60 79 93 93 104 117 117 117 138 191 192 192 237 237 267 278 283 344 356 432 438 438 460 460 460 487 487 
83 83 236 236 
233 505 
342 405 
131 476 496 

76 
311 311 
325 358 358 
76 186 186 228 
70 184 
176 176 176 401 
408 
40 40 
374 374 417 
413 

330 
277 277 283 415 
443 
99 354 
392 392 392 
70 184 184 409 409 


329 
410 410 
315 
11 334 


191 195 204 204 236 

415 

3 3 3 158 203 233 282 287 287 297 327 327 339 354 391 391 401 408 412 442 453 453 502 502 

354 
219 402 


18 254 254 
236 
184 431 431 
308 308 449 467 
192 347 347 421 
144 144 271 
236 254 303 415 
184 184 
191 191 
193 193 413 413 413 
68 68 68 179 271 271 

81 
23 97 196 196 196 480 480 
184 426 
184 226 364 364 
408 
58 58 397 
229 229 
68 169 169 169 233 233 425 
271 408 
347 
76 413 
164 
46 
39 485 
230 230 283 415 415 415 
56 56 148 148 148 191 
159 159 227 227 482 
87 87 150 370 408 
354 396 396 462 465 465 
280 280 467 
35 35 
233 
243 243 
84 84 348 
8 8 
80 214 215 222 349 398 398 418 418 429 434 
31 73 73 94 184 263 336 336 486 
444 
96 
413 

140 
323 
76 
321 359 
184 
153 244 358 503 503 
358 358 
271 271 
76 209 
82 82 223 261 
62 71 159 159 159 253 369 
22 
407 413 413 
413 
264 385 
174 174 413 413 
315 315 486 

184 415 
46 145 271 381 408 452 464 470 
182 182 
222 
239 
227 
69 236 447 447 
52 52 184 
27 27 47 47 76 76 459 
67 281 281 298 421 506 
84 312 
314 481 481 
8 196 196 196 224 224 224 

402 402 

31 31 151 256 271 273 307 411 411 450 490 490 508 
184 202 
236 
367 
72 72 89 90 90 141 244 244 325 326 326 466 503 
61 81 323 

76 
193 413 
182 499 
118 152 292 292 410 410 
415 
184 184 
357 
401 401 
62 330 
306 
68 

196 196 
233 250 250 442 442 442 
233 233 
174 174 
458 
140 
103 
134 
46 64 139 339 395 395 408 
413 
63 75 463 

334 413 
86 198 


81 130 142 497 

271 271 
159 227 257 257 257 
225 
81 
0 0 381 381 
184 307 307 
58 294 
314 314 
41 492 
5 50 50 
247 271 368 368 
39 219 274 352 352 
427 427 
6 6 92 92 
206 239 
37 
175 332 413 
26 26 26 248 271 293 297 306 339 381 470 
184 184 184 258 258 
262 262 364 364 
354 354 
271 
35 35 45 45 65 74 76 92 92 128 141 141 155 161 168 174 174 196 196 220 220 222 222 222 251 286 286 286 299 318 332 332 333 335 335 362 382 385 407 455 455 500 
108 108 
37 37 37 57 57 116 129 177 201 254 269 283 303 303 303 338 365 463 

250 
80 314 314 
225 225 
441 
281 347 
196 196 
76 

296 
184 291 
403 403 
20 
314 
62 62 
279 279 496 
236 460 
159 159 
314 
75 


236 236 
45 161 
76 
1 98 225 420 
218 218 271 374 374 374 
255 
59 59 182 316 
41 
56 
344 344 
128 
280 
41 354 462 462 

25 339 
271 271 
124 131 
17 413 413 
76 491 
41 41 
225 225 377 
346 
211 236 236 236 432 
22 497 
307 450 450 
63 383 415 
339 
184 184 307 307 
358 
280 308 

159 159 
339 408 
101 170 195 
475 475 

487 487 
5 5 472 472 
100 240 
39 159 166 188 227 227 

193 193 
290 290 
349 349 
305 
222 

302 
31 120 315 336 
56 235 235 236 236 474 474 

31 120 
184 184 354 354 
126 126 185 185 456 
399 
3 102 


197 240 431 
22 389 461 
160 
182 363 
413 
54 
134 271 271 
234 325 325 358 
5 5 88 88 
233 238 
347 
104 104 
86 354 
76 76 76 229 
159 159 
159 159 
