Nodes: 512, Edges: 720
46 46 64 395 395 
225 441 
111 111 189 
493 
454 
18 18 34 34 48 88 88 184 184 184 198 255 255 273 354 400 475 504 508 508 
404 
271 
196 224 224 
271 
476 
264 
202 355 

117 184 184 
327 
184 
390 390 455 
5 5 277 277 
104 
428 

108 108 108 115 331 414 461 497 
171 171 290 

452 452 
408 408 
346 
63 63 178 178 183 

180 222 483 483 
172 172 172 184 315 315 354 489 489 

67 67 192 
5 5 
210 210 222 309 
106 
406 406 
89 89 
62 159 159 166 166 166 219 231 267 402 405 405 
192 192 236 249 
85 85 156 160 160 184 399 445 445 450 
323 


76 413 
0 0 64 64 301 

5 

400 400 

184 184 345 345 
225 393 
299 501 501 
195 
191 236 304 474 
415 415 

444 444 
104 236 236 

39 241 330 369 430 430 
28 28 
0 46 46 381 381 
193 413 416 
141 
33 33 192 281 347 347 
287 287 296 371 371 
236 344 
184 246 258 258 

358 
315 
413 413 
435 463 463 
45 78 107 162 162 196 199 199 207 228 229 229 245 245 322 322 322 328 346 360 360 361 413 440 478 478 501 509 
119 196 
76 
236 
314 314 
82 113 113 184 329 389 389 394 495 
81 121 121 142 142 143 143 
236 236 237 237 
312 312 348 
41 41 160 160 160 312 

306 
5 5 504 
38 38 358 466 466 
358 358 

182 413 
236 236 


314 
171 171 
441 

496 496 

117 117 117 136 136 493 
146 146 379 425 425 
19 60 138 237 507 
106 184 190 
36 105 372 
76 
22 22 22 115 115 
199 
176 247 
2 2 
184 
81 81 
367 367 
22 108 108 

14 102 102 102 125 135 136 184 
364 
77 122 413 
486 489 489 
82 82 
119 222 222 
468 468 468 
454 
117 136 
185 473 491 
480 480 
413 448 
236 415 
389 
240 240 454 
168 
381 
380 380 502 502 
117 
102 102 117 125 

104 164 236 
381 
320 320 378 378 
66 413 413 
82 82 
82 82 

339 
103 103 
236 236 

250 250 
248 306 
354 
292 364 384 
325 
374 374 
413 
41 450 450 

194 194 271 408 
39 39 205 205 205 231 231 231 305 305 330 428 433 469 477 477 477 510 511 
41 41 85 85 85 312 498 
439 
76 76 322 

138 300 300 300 300 
329 
39 39 39 
413 
132 413 413 
233 296 

23 23 97 97 290 
31 31 31 
344 
222 222 376 376 413 413 
407 413 413 
110 
283 
28 28 183 183 
287 287 
30 222 

92 220 340 340 363 404 499 499 
28 178 178 
5 5 5 14 14 16 31 41 52 52 70 81 105 112 117 213 213 236 258 258 279 284 291 307 315 324 324 338 354 354 355 396 396 409 409 451 465 490 
126 491 
245 


2 
105 372 
56 267 285 304 446 446 
33 40 40 67 281 281 281 
65 286 500 500 500 
158 158 
55 236 471 
8 76 77 200 290 350 350 373 413 422 422 
496 
5 386 
76 76 109 207 
196 
236 415 
12 355 355 

268 268 
159 159 159 

76 199 337 337 

328 
35 35 

310 310 
184 184 




271 
39 232 402 454 
182 

30 35 122 122 174 174 180 341 413 483 483 
329 
8 8 
1 53 419 441 458 
292 292 292 
305 
76 
76 76 509 
236 236 236 303 
39 159 159 159 
219 454 
169 238 238 271 271 296 296 374 


40 56 60 60 69 79 83 83 93 93 129 138 147 147 184 195 201 230 230 230 267 275 275 278 344 415 415 487 487 
83 83 104 
233 233 505 505 505 505 
342 405 
131 131 476 476 
62 
478 
311 311 413 424 494 

76 76 186 
70 
110 288 401 
150 
40 
149 149 374 417 442 442 
286 413 413 

330 
277 277 
5 5 443 443 443 
273 354 391 

70 70 184 184 409 409 

426 
329 
364 410 489 
315 
11 334 334 334 
496 
271 
39 191 236 268 356 356 
204 204 267 
415 415 415 
286 
7 9 158 218 233 233 266 282 287 297 327 354 374 408 427 427 427 442 453 453 

5 256 354 472 

236 236 

18 18 254 254 415 
236 
184 431 
449 467 
67 192 192 192 298 347 421 421 
271 427 
177 344 344 344 
184 
191 
193 251 270 413 
68 68 179 179 271 
247 

23 171 196 
184 
152 226 226 226 364 410 410 

397 

68 169 233 233 425 
271 408 
281 347 347 
54 
164 164 164 164 
46 

230 415 415 
56 191 
159 159 227 392 
87 150 370 370 408 408 
184 354 396 396 462 
467 467 
35 
212 212 
243 243 
84 84 85 160 348 

80 80 96 349 349 413 418 429 455 481 481 
31 31 73 184 263 336 
444 
398 398 413 

354 
140 140 
323 
76 76 76 162 
42 321 
184 184 
153 358 358 503 

15 271 
76 209 
81 165 223 261 
62 159 253 369 369 
22 
407 413 

264 264 264 385 
413 413 
315 
207 207 
184 
145 408 408 427 464 464 470 470 
182 182 
222 
239 

69 173 236 283 283 283 447 447 
52 52 
27 76 459 
67 67 281 298 298 506 
84 312 
314 314 481 481 481 
196 196 
432 432 
402 402 

5 31 151 184 184 256 271 273 307 319 450 450 490 490 502 
12 184 202 202 
267 267 
431 431 496 496 
72 89 90 90 325 325 466 503 503 503 503 

76 76 
76 
413 
182 499 
118 152 262 292 410 


114 114 496 496 496 

62 330 330 
306 306 
68 68 
106 190 
196 
154 154 233 250 271 408 417 

174 174 

140 140 
103 
134 134 
64 64 133 139 395 
413 
415 415 463 463 
152 
334 413 
198 

487 
81 81 130 
17 17 
256 
305 
53 
81 495 495 
0 0 381 
184 184 307 307 
294 
317 317 
41 492 492 492 492 
5 50 50 
247 
39 219 352 352 405 405 
427 
6 182 
39 39 239 402 402 
37 37 
175 332 413 413 
26 26 158 271 297 306 306 339 339 374 437 470 470 
184 184 258 258 
262 292 292 364 


45 65 74 74 76 92 119 128 141 141 155 167 168 168 174 174 175 175 196 222 243 251 251 286 314 317 332 335 335 362 382 385 407 407 439 448 448 455 494 
22 
57 57 129 201 236 236 269 269 269 277 303 303 383 383 432 
65 
250 374 
314 
225 
441 441 
281 281 
196 196 

243 
103 103 296 
260 
271 271 271 282 339 403 
20 159 
314 
62 62 
279 357 357 496 
351 351 415 460 460 460 
159 

75 449 
497 
408 

161 413 
76 
1 98 225 420 420 
250 250 271 
255 255 255 
59 59 316 
41 41 
191 191 
344 344 
128 413 413 
280 435 
41 156 156 354 354 
184 
25 25 464 
271 271 
4 124 131 219 232 
17 314 413 
491 491 

225 
346 
432 432 432 
22 497 497 
307 
75 75 383 383 
339 339 452 
184 
89 89 358 
280 308 308 
123 123 123 
159 
339 339 408 408 
195 
273 
126 
56 
5 
10 240 240 496 
159 159 159 
76 76 242 

127 127 
314 314 349 349 349 

30 30 222 222 


120 489 
236 236 388 

31 31 120 120 262 486 
184 354 354 
126 185 456 456 
399 399 399 399 
3 102 
243 413 
81 394 394 
100 100 197 265 357 357 367 367 367 431 476 
22 436 461 461 
160 
182 182 363 
193 193 193 
54 54 76 
134 134 354 
325 358 358 358 358 
5 88 
238 238 238 238 
347 
104 
5 5 
76 229 
159 
159 
