Nodes: 512, Edges: 720
46 395 395 395 
225 225 

493 493 493 
454 
18 18 34 50 88 184 198 198 225 225 273 279 279 354 354 441 475 508 508 
404 

196 224 313 350 
271 271 271 
476 476 

202 202 
76 
117 117 
327 
184 184 
455 
5 5 277 277 

428 428 

108 108 115 331 414 414 461 497 
171 171 290 
76 
452 452 
158 
76 
63 178 
474 
180 222 222 
172 315 315 354 354 
184 184 184 
67 192 
5 
210 210 222 222 309 309 413 413 
106 
406 
89 89 
62 159 159 163 163 163 166 166 302 330 330 405 485 485 
236 249 
85 99 137 156 160 160 184 354 399 445 457 
321 323 
193 

413 
0 64 301 339 381 395 395 
346 346 

236 
5 400 400 
490 490 
345 
393 

195 
104 191 191 236 236 446 474 474 487 

294 397 
444 444 
236 
81 
39 241 241 330 330 430 
28 463 463 
46 381 
193 413 416 
141 141 
33 281 
287 287 287 371 
236 236 344 
246 246 258 258 
330 330 
325 
315 
413 
383 383 463 
13 24 27 109 162 186 186 199 208 242 245 322 322 322 328 346 360 360 361 361 423 423 423 440 509 
119 119 196 

236 
314 
61 82 113 184 184 289 329 329 389 394 495 495 
81 121 143 143 329 
237 
85 312 348 
41 84 160 160 160 312 
386 508 
306 408 
5 
38 38 128 128 


182 182 413 
236 236 
315 315 
418 


420 441 441 
41 
197 197 476 496 
140 195 471 
136 216 493 
379 425 
56 138 236 507 
106 106 184 184 184 190 190 
36 105 105 372 372 

22 22 115 336 414 
76 
176 401 

184 
81 
181 367 
22 108 
184 184 
14 14 125 135 136 184 236 
364 
77 77 222 

82 
222 
468 
387 
117 
185 
480 480 
89 89 413 413 448 
236 236 415 
389 
240 


380 502 
117 
102 117 
41 184 
104 
381 381 
101 378 
66 66 413 466 
389 
82 82 217 217 
282 
339 
379 379 
173 236 
191 191 
250 
306 408 
354 
292 364 384 384 
325 325 
374 

41 450 
233 276 
26 
39 39 188 205 205 231 305 330 402 402 428 433 433 469 510 511 511 511 
41 41 85 85 85 272 312 

76 322 
39 39 39 
300 300 

39 39 477 
220 413 
413 
233 296 
471 471 
23 23 290 
31 
147 
335 335 
407 413 413 
110 247 
300 
28 183 

30 222 222 
114 
92 92 220 363 404 499 
178 
5 16 16 32 32 32 41 81 81 105 105 105 112 116 116 117 137 213 236 236 246 246 258 289 292 292 307 345 354 355 409 415 451 451 465 484 488 
126 491 491 
76 76 245 

159 477 

105 105 372 
56 56 148 148 236 236 267 268 285 304 304 
33 236 
43 65 362 413 413 479 479 

55 101 236 267 267 471 
8 77 290 290 350 373 413 413 422 422 422 
100 100 496 496 
5 5 
76 

236 
12 12 355 


159 159 
405 405 
337 
76 
328 328 328 
35 35 

310 310 
184 
314 314 314 
314 314 314 
102 
143 143 
271 442 442 
232 274 274 402 
167 182 413 

30 30 35 35 119 122 180 180 341 483 
329 
8 350 350 
1 1 5 5 259 259 393 441 458 
292 292 
305 305 392 477 477 477 
245 361 
509 509 
236 236 275 275 415 
159 
219 454 
157 169 238 238 271 375 375 505 505 
503 
487 
40 49 56 56 60 69 69 79 93 93 104 117 129 129 147 184 184 191 191 192 195 201 230 230 267 275 275 275 278 283 283 344 351 415 432 460 460 
83 
233 233 505 
342 
131 476 496 
62 62 
76 
424 424 
358 358 
76 186 228 
70 70 184 184 
176 288 288 401 401 
293 408 408 
40 
149 374 374 417 442 442 
286 286 

330 
277 277 283 415 
443 443 
391 
392 
70 70 184 409 
225 225 
426 
329 329 
364 410 410 489 
315 
334 334 
496 496 496 

191 195 195 236 356 471 471 
191 


9 9 9 218 233 282 287 297 327 339 354 354 374 375 391 391 401 401 408 427 427 442 502 
160 
5 354 472 472 
219 219 402 
230 230 236 236 236 
157 
18 18 254 254 415 
236 
5 5 431 431 
308 
67 
144 271 
236 236 254 303 303 344 344 415 

191 
251 251 413 
68 68 68 271 
247 247 
81 184 
23 171 196 196 480 
426 426 
152 184 184 226 226 364 364 
248 408 408 
58 399 408 

169 
271 
347 347 
413 413 
164 164 177 
46 
39 
283 283 415 
191 191 
159 227 227 482 482 
87 150 370 408 408 
184 354 396 
280 
35 35 
212 212 

84 85 160 348 348 
8 
80 214 214 214 215 215 215 349 349 418 429 434 449 481 
31 31 73 94 94 263 336 
444 
413 
413 


42 323 
76 76 76 162 
42 321 359 

72 153 153 358 503 
358 358 358 
15 271 
76 209 209 209 
81 81 82 223 261 261 
39 39 62 62 71 71 159 253 369 428 
22 
413 
413 413 
264 264 385 385 385 
174 174 
108 315 486 
207 

46 145 271 381 408 427 452 470 

222 
239 

69 236 283 283 
52 184 
47 47 76 459 
298 298 421 506 506 
84 312 312 
314 314 481 
8 196 224 224 
236 432 432 
402 
456 
5 5 31 31 41 151 184 271 271 273 307 411 411 490 502 
184 202 
267 
431 496 
244 244 325 326 326 326 413 466 466 
323 
76 76 
76 76 228 
193 
182 499 499 499 
118 152 262 292 292 410 


114 496 496 
401 401 
330 
306 
68 
106 106 190 
196 
154 250 250 271 408 
233 233 271 

458 
140 
103 146 146 
134 
46 64 139 139 339 395 408 
413 
75 75 415 432 432 432 463 
152 152 
334 334 334 413 413 
86 
124 
487 487 
81 130 142 497 

256 271 271 
227 257 
53 225 
81 495 
0 0 0 46 46 381 
307 
58 

41 294 492 
50 50 
110 247 247 271 271 368 368 
159 159 219 274 352 405 

6 182 
39 206 206 402 
37 
175 
87 150 248 248 271 293 293 294 306 306 339 374 381 470 
184 258 
262 262 364 
354 354 

35 35 45 65 74 92 128 128 141 167 168 175 175 193 193 196 196 220 286 299 299 317 318 332 333 333 358 382 385 385 439 448 494 494 500 
22 22 108 
129 184 230 236 254 277 283 303 383 463 463 463 
65 
250 
95 314 

98 441 
347 
196 196 196 
76 76 76 
243 243 
103 
260 291 291 
271 271 339 
20 20 159 330 
314 
62 
279 279 357 
236 351 351 383 383 383 460 460 
159 159 
314 




413 
76 
5 98 98 225 420 
218 218 250 250 271 468 
255 255 
59 59 316 
41 
56 

128 413 
314 467 
156 
184 184 
25 25 339 464 

4 232 
17 
353 491 491 
41 
225 377 
346 
236 236 432 432 
22 497 497 497 

63 63 75 383 415 415 415 
452 
184 
141 358 358 
449 
123 442 
159 
339 408 
101 170 170 195 267 267 
273 273 475 

29 56 56 487 
5 472 
10 10 100 240 496 
166 188 227 227 227 

193 193 
127 127 290 
314 349 
305 305 
222 
184 
39 39 
336 489 
56 235 388 388 474 
184 
262 486 
51 51 354 
185 185 456 456 
399 
3 3 3 102 
413 413 
81 81 394 
100 197 197 240 265 265 265 357 367 367 476 
22 389 461 461 461 

182 363 363 363 
413 

134 271 354 
234 325 

233 233 238 
347 347 
104 
5 5 86 
76 229 229 
159 
159 159 159 
