Nodes: 512, Edges: 720
46 
225 225 441 
183 
493 
454 454 
18 18 34 34 48 184 198 225 225 255 273 279 279 400 475 
404 
233 271 271 
196 224 313 350 350 
271 271 


184 184 202 355 

135 184 
327 327 444 

390 455 
5 5 277 

428 

108 108 108 115 461 
290 290 


158 408 
76 76 346 346 
63 63 111 178 178 183 

180 222 222 483 
172 184 184 486 
184 
192 
5 5 
309 309 309 
106 106 
324 324 406 415 415 
89 89 358 
62 159 219 241 267 302 330 402 402 402 477 477 477 485 485 485 
192 
85 85 137 137 324 324 399 399 445 450 457 457 
321 321 321 323 
193 193 


0 64 301 339 381 395 

5 
236 
400 
490 490 
184 184 345 345 

76 
195 195 195 236 236 
104 191 236 236 304 446 474 474 474 
415 415 415 
294 294 294 
444 
236 
359 
39 330 369 430 
28 28 463 
46 
193 193 413 

281 
169 169 287 296 296 296 

184 246 258 258 
330 330 
325 325 325 358 358 
94 315 
413 
383 463 
27 27 54 78 78 107 109 109 186 207 207 208 228 228 245 245 299 322 328 346 413 413 423 440 440 501 509 
196 196 
76 76 

314 418 418 
184 261 289 329 359 389 389 394 495 495 
121 142 142 142 389 
236 
85 312 348 
41 41 84 160 312 
198 386 508 
306 306 408 408 
504 
38 38 128 128 
358 
189 
182 182 404 413 

73 315 315 


171 171 290 
420 420 441 
256 450 
496 
140 471 
117 117 136 136 216 216 
425 
56 138 138 507 
106 184 184 190 190 
36 36 105 
76 
22 22 22 115 115 336 
76 76 
247 
28 


181 181 367 
22 108 108 
415 415 
102 102 125 125 136 136 236 

222 413 413 413 
486 489 
82 143 143 
222 
468 
387 387 387 
117 117 
185 185 473 491 
480 480 480 
89 89 448 
415 

240 
168 168 
381 
380 380 
14 
102 102 117 117 
41 41 184 184 
104 104 236 236 
381 381 
101 378 
413 
82 82 82 
121 121 
282 282 
339 
379 
173 236 
191 191 191 
250 250 
306 306 306 
354 
384 384 
325 325 325 
374 
413 413 413 
450 
276 
26 194 194 408 
39 188 188 227 227 227 305 330 330 392 402 428 428 433 469 469 477 510 511 511 
85 272 312 498 498 
413 439 439 



317 317 317 

220 413 413 
132 132 413 
68 68 233 233 296 
471 
97 97 290 
31 
147 344 
376 376 
407 413 413 

269 283 300 415 415 
28 28 183 
287 
30 222 222 
114 114 
92 92 340 363 499 
2 28 178 
5 12 12 14 31 31 32 52 52 70 81 105 105 137 137 213 221 236 246 246 267 291 291 292 292 307 315 324 338 338 345 345 354 396 451 465 465 484 484 488 490 490 
126 126 491 
76 440 
413 
159 159 
91 
105 105 372 
56 148 148 148 236 267 267 304 
33 40 281 
43 43 65 65 358 358 479 479 500 
158 158 
55 55 55 236 236 267 471 
8 77 77 200 350 350 373 413 413 422 422 
496 
5 86 386 386 

196 
415 415 
12 
271 
268 

405 
76 76 337 337 478 478 478 
76 
328 

460 

184 

467 
102 102 

442 442 
39 274 454 
167 
184 
30 30 119 122 180 180 341 413 483 483 483 
329 
8 313 
1 1 5 5 393 
292 
159 159 159 305 392 
76 76 361 
295 509 509 
236 275 303 303 415 


7 169 169 271 310 310 374 374 375 505 


49 55 55 56 56 60 83 117 138 138 147 184 191 195 195 230 237 237 267 267 275 275 278 344 351 356 415 438 438 460 487 
236 236 
505 
342 405 405 405 
131 476 496 
39 

311 424 494 494 494 

76 76 
70 184 184 
110 401 
293 

149 149 374 417 442 442 
286 413 


277 277 283 415 
5 443 443 
99 273 354 
392 
70 70 


81 
364 364 410 410 
315 


271 271 
39 184 191 191 195 236 236 
204 
177 415 415 

7 7 9 9 203 233 266 266 282 287 287 297 297 327 354 354 374 374 374 391 408 427 442 502 
160 
5 256 472 472 475 
219 402 
230 236 236 
157 
18 254 254 
236 
5 5 431 431 
308 467 467 
67 192 298 
144 144 271 427 
177 254 303 303 415 


251 413 413 
68 179 271 271 

81 
23 23 97 171 480 
184 184 
184 184 226 364 
248 
58 58 58 397 399 408 408 
229 
68 68 68 169 
271 271 408 
281 347 
76 413 
177 
46 
39 485 
230 230 283 283 415 
56 191 
159 227 482 482 
87 87 150 150 150 370 408 
184 354 465 
280 
35 35 35 
233 233 
243 
84 85 160 348 
8 224 
80 349 398 413 413 429 429 434 434 481 481 
73 94 94 184 263 486 
444 
165 165 165 413 



42 42 42 
76 
42 359 359 
37 37 41 41 184 
72 72 72 153 153 153 358 503 
358 358 
15 15 271 
76 209 
81 223 
39 62 71 71 159 159 369 369 428 

407 

385 385 413 413 
413 
108 
207 207 
184 184 
46 145 408 452 452 464 
182 
222 
239 

173 236 447 
52 52 184 184 
27 27 76 
298 421 506 
84 312 
314 481 
8 8 196 196 
236 
402 
456 
151 184 256 271 271 307 411 411 450 450 462 502 508 508 
12 
236 
367 367 
38 72 72 90 193 193 325 326 326 413 466 503 503 503 503 
61 81 323 323 

228 

182 499 499 
262 262 292 410 410 
415 

114 357 357 496 496 

62 330 330 
306 

190 
196 
154 233 233 250 271 271 271 
233 
174 174 
458 
140 
146 
134 134 
46 133 139 139 395 395 408 
413 
75 415 432 463 463 463 
152 152 
334 334 
86 198 198 
124 124 124 
487 
81 81 82 497 497 
17 
271 
159 227 257 
225 
81 
46 381 381 
184 
294 
314 
41 41 294 492 492 
5 50 
247 
39 39 39 159 274 352 405 

6 92 
206 239 239 239 402 
37 
175 332 413 
26 87 87 158 271 294 294 297 306 339 381 412 470 470 

262 262 364 364 
354 354 
408 
65 74 76 76 92 119 119 119 141 155 155 155 161 167 167 168 175 175 187 196 196 222 251 286 286 299 314 314 317 334 334 335 358 382 407 439 439 448 448 455 500 500 

37 37 57 57 57 116 116 129 177 177 201 201 230 236 254 269 269 283 303 365 383 432 

250 
80 80 

98 98 441 441 441 
347 
196 196 
76 
243 
103 

271 282 
20 159 159 330 
314 314 
62 
279 279 496 
383 415 
159 
314 314 



236 236 
161 161 413 413 
76 76 186 
1 98 420 420 420 
218 218 250 250 271 
255 255 
15 59 316 
41 
56 
344 
128 413 413 
467 
41 99 156 354 354 
184 
339 339 464 

4 4 219 
17 413 
353 491 
41 41 
377 

211 236 
22 
354 
63 75 383 383 383 
339 452 
184 184 307 
358 
215 280 280 449 
123 
159 159 
408 408 
101 170 195 
273 273 
126 
56 56 56 487 
5 273 
240 
39 39 39 159 
207 207 207 
193 193 
127 127 127 290 
314 314 349 
305 305 
30 222 222 222 
184 184 
39 39 39 302 
31 120 315 
236 388 474 
184 
120 
51 51 184 184 
126 185 456 
399 399 
3 
243 243 243 
81 81 
100 197 240 367 367 431 
389 389 
160 160 
182 363 363 
193 413 413 
76 
271 354 
325 358 358 358 358 
88 
233 238 
347 
104 
86 354 354 
76 229 229 
159 
159 159 
