Nodes: 512, Edges: 720
46 395 395 395 

91 189 189 189 
271 
454 
34 34 50 88 184 225 225 225 255 273 273 279 354 354 400 441 475 508 


224 313 350 350 
271 271 
476 
264 264 
184 184 202 202 355 
76 76 
117 135 184 184 
327 327 
184 184 
390 455 455 
277 
104 

31 
414 
171 171 290 
76 


76 76 346 
63 189 

180 222 222 
21 172 172 315 354 486 486 489 
184 
67 192 192 
5 5 
210 210 210 222 309 
106 
324 324 415 
89 89 
62 159 163 163 166 219 219 231 241 241 267 267 330 477 485 
192 236 249 249 
99 151 156 160 160 184 324 354 399 399 445 450 450 450 457 
321 323 
193 193 

439 
0 301 301 301 301 381 395 395 
346 346 

236 
5 400 

184 345 

299 
195 236 236 
236 304 446 446 474 474 

294 397 
444 
104 104 104 236 
81 81 359 
39 330 369 369 
28 463 463 

193 416 

33 192 192 347 
287 287 371 

246 246 258 
330 330 
325 358 
94 315 

383 435 463 
13 13 24 27 27 78 107 109 109 162 162 186 186 199 207 207 208 229 229 229 242 245 299 322 328 346 346 423 423 440 478 478 501 
119 196 
76 

314 418 418 
61 61 82 82 261 261 289 329 359 394 495 495 
81 81 142 142 143 329 389 389 
236 237 
312 312 
160 312 
508 
408 
5 504 504 
38 38 128 
358 
2 189 
182 413 

73 315 
418 

290 290 
420 420 441 441 
41 
476 
140 471 471 
136 216 493 
146 425 
19 60 60 60 236 237 237 507 507 507 
106 190 190 
36 105 372 
76 
115 
76 76 
176 176 247 401 

184 

181 367 
108 
184 484 
14 125 135 136 
364 364 
77 122 122 
486 
143 
119 119 

387 387 
117 
185 
480 
89 
236 236 415 415 
389 
240 240 

381 381 
380 502 502 
14 117 
102 117 
184 
164 236 236 
381 
101 378 378 
358 413 466 
82 82 
82 121 217 217 217 
282 
339 
103 
236 236 
191 304 
250 
248 248 306 
41 
292 364 364 
325 325 
374 374 374 
413 
41 450 
233 
194 408 
39 205 227 305 402 402 428 433 477 477 510 511 
41 41 85 312 
413 413 439 439 439 
76 76 
39 39 
138 300 

39 

413 
233 233 

23 23 
31 31 
344 344 
413 
407 407 413 413 
110 110 
269 283 283 300 415 
183 183 
287 
30 
114 
92 340 340 363 413 444 499 499 
178 178 
5 12 12 14 14 16 16 32 41 52 112 116 137 236 267 279 289 291 292 307 338 338 345 345 354 354 366 366 396 409 415 451 465 488 
126 491 491 
76 76 245 245 
413 413 

2 2 2 28 91 
105 105 
148 236 267 285 285 304 304 
33 33 40 67 67 
43 43 65 286 358 413 413 413 479 479 479 500 
158 
55 236 471 471 471 
77 200 290 290 350 350 373 413 422 

386 
76 
196 
236 415 415 
12 12 355 355 
271 271 271 
267 
159 
405 
76 76 337 337 478 
76 
328 
35 35 35 
460 
233 

215 215 314 
214 214 314 467 
102 
143 143 143 
271 442 442 
39 39 232 232 274 402 454 
413 

30 30 35 341 341 413 413 483 483 
329 329 329 
8 313 350 
5 5 5 259 259 377 377 419 441 
292 
159 305 305 305 343 343 392 477 

76 76 76 295 509 509 
303 303 415 
39 
219 219 
157 169 169 212 271 375 505 

487 487 
40 49 55 55 56 60 83 104 129 129 138 138 147 147 184 191 195 201 267 275 278 278 283 283 344 351 356 356 415 432 438 460 487 
83 104 104 
505 
342 405 
131 131 476 476 496 
39 39 
76 
311 311 424 494 
325 358 
76 186 186 
70 70 
110 288 
150 150 408 408 
40 40 
149 374 374 417 442 
413 


277 277 277 415 
5 443 443 
273 
392 392 392 
70 
225 225 

81 81 
364 410 489 
315 
11 11 334 
496 
271 271 
39 39 184 191 204 236 

177 415 

3 9 9 203 203 203 218 233 266 266 282 287 297 339 354 374 375 391 401 401 408 412 453 502 

5 5 256 354 472 475 475 
219 
236 

18 254 254 254 415 
236 236 
5 184 
308 308 
298 347 
144 271 427 
177 177 236 236 344 415 

191 191 
193 
68 68 179 271 
247 
81 184 
23 97 97 196 196 
184 426 426 
152 184 226 364 364 410 

58 397 
229 
425 
271 408 
281 347 347 
54 76 
164 177 
46 46 46 46 
485 485 
230 230 
56 148 191 191 
159 227 227 227 482 482 
150 408 408 
184 354 462 465 
280 280 
35 

243 243 
84 84 85 160 348 
8 224 
80 214 215 349 384 384 413 418 434 467 467 481 481 
31 73 94 263 336 
444 
398 413 
413 


42 323 323 323 
76 
42 321 321 321 359 
37 37 41 
72 153 153 244 503 503 
358 
15 15 
76 209 
81 82 223 223 223 
39 62 71 71 

407 407 407 413 
413 
264 385 413 
413 
315 486 
207 207 
184 184 
145 271 427 427 464 470 
182 182 
222 222 
239 
227 227 
173 173 236 283 447 447 
52 184 184 
27 47 47 76 76 459 
67 281 298 298 421 421 506 506 
312 
314 481 
8 8 196 196 224 
236 
402 402 

5 5 31 41 184 184 271 273 307 411 450 450 462 462 462 490 502 508 
12 202 202 
236 236 
367 367 431 431 496 496 
72 90 141 193 244 326 466 
61 81 323 



182 499 
118 118 152 152 262 292 292 410 
415 
184 184 
114 357 357 
401 
62 62 

68 
106 
196 
154 154 154 250 250 271 408 417 
233 271 

225 225 
140 140 

134 
46 133 133 139 395 395 
413 413 
75 432 
314 314 
334 
198 
124 124 
487 
82 82 130 497 
17 
271 
227 257 257 257 

81 495 495 
0 0 0 46 46 381 381 
184 
58 294 
317 
41 41 492 492 
5 50 
110 271 271 368 
159 159 219 352 352 405 
427 

206 239 402 

175 175 332 332 332 413 
87 158 248 248 271 297 306 306 374 412 
184 
262 292 364 
354 
271 408 
92 141 155 161 161 168 174 175 175 182 187 187 193 193 193 196 220 222 222 251 314 317 318 332 333 334 335 382 382 407 448 494 500 500 500 
22 
37 129 129 177 184 201 201 230 236 254 269 277 283 365 432 432 
65 
250 374 
80 80 95 314 
225 
98 98 441 441 
347 347 
196 
76 76 
243 
103 296 
291 291 
282 339 339 403 
159 


357 357 496 
236 383 415 415 460 
159 
314 
75 


236 
45 161 161 161 
76 
5 98 98 225 420 420 
218 218 250 468 
255 255 
59 182 316 
41 
56 56 
344 344 
413 

41 41 41 156 354 354 462 
184 
464 464 
271 
4 219 
17 17 
491 
41 

346 
211 236 432 
497 
307 354 354 354 450 
63 63 75 
339 452 452 
184 307 
141 358 
215 314 314 
442 

339 
101 101 195 195 195 
273 475 475 

56 56 
5 273 273 472 472 
10 100 240 240 496 496 
39 159 159 227 
76 76 207 
193 193 193 
127 
314 314 349 
305 305 
222 222 
116 
39 302 302 
31 31 120 336 489 
235 235 236 388 
184 
31 262 486 
354 
185 185 456 
399 399 
102 
243 413 
81 81 394 394 
240 265 357 357 431 476 476 
389 461 

182 182 363 
193 413 413 413 
76 
134 134 271 354 
325 325 
88 88 
233 238 
347 347 
104 104 104 
5 86 354 
229 229 
159 
159 
