Nodes: 512, Edges: 720
46 
441 441 
91 111 183 
493 

18 18 34 48 48 88 198 225 508 
404 404 
233 233 233 271 
224 313 350 


264 
184 202 202 202 355 
76 
184 184 
327 327 
184 
455 
5 5 277 277 
104 
428 
31 31 
108 108 115 115 331 414 497 
171 290 290 
76 76 


346 
178 178 183 

180 222 222 
21 21 172 172 315 315 315 354 354 

67 67 192 
5 
210 210 222 222 309 309 413 
106 106 
324 415 415 
358 358 
62 159 166 402 405 405 
192 236 236 
44 85 99 137 151 156 156 324 354 354 445 445 457 457 457 
321 321 
193 
41 
76 413 439 
0 64 301 339 381 395 395 
346 346 
5 5 
236 
400 

184 
225 225 393 
299 
195 236 
104 191 236 304 474 
415 415 415 
294 397 
444 
104 236 

39 241 330 330 369 430 
383 383 
46 
193 

33 33 192 281 281 
287 287 296 371 
236 236 344 
184 184 184 258 
330 
325 358 358 358 
94 315 

383 
13 24 24 45 78 78 107 186 186 199 199 199 207 207 208 228 228 229 242 242 245 245 245 299 322 328 360 413 423 440 478 478 501 509 
119 196 413 413 
76 76 
236 236 
314 314 418 418 
82 113 184 289 329 359 389 389 394 394 495 
81 121 142 142 329 329 389 389 
237 
85 
41 84 160 
198 198 386 
306 
5 
128 

2 189 
404 413 
236 236 
73 315 
418 

290 
420 441 
41 450 
476 
140 195 471 

146 379 
19 56 60 236 237 507 
106 106 190 
36 36 105 105 190 372 372 
76 
22 22 115 115 414 414 
199 199 
176 176 247 401 
2 
184 184 
81 
181 181 181 367 
22 22 108 108 
184 
125 135 135 136 136 236 

77 122 413 
486 489 
82 
119 

387 454 454 
117 
185 473 

89 413 413 448 448 
236 415 415 
389 
240 

381 
380 502 502 502 
117 117 
117 117 
41 
164 236 236 
381 381 
101 320 378 
466 
82 82 389 

282 
339 
103 379 
173 
304 
250 
248 408 
41 354 
364 384 384 


413 
41 41 

271 408 408 
39 188 305 330 402 428 469 469 510 510 511 
85 312 498 
439 439 
322 

138 300 300 
317 
39 477 477 
220 

233 233 296 
471 
23 290 290 
31 31 
147 344 
413 413 
413 413 
110 110 247 

28 28 
287 287 287 
30 222 222 
114 114 114 
340 340 363 404 444 444 499 499 
2 28 
12 14 14 16 52 70 70 70 81 112 112 116 213 213 221 221 236 267 267 279 291 291 291 307 315 315 324 338 354 366 366 366 396 396 396 409 426 456 456 465 484 
126 491 491 
76 76 
413 
159 477 
91 
105 106 
56 236 268 285 304 304 446 
33 40 67 236 281 281 
43 65 358 358 479 479 500 500 

55 101 471 471 
77 200 200 290 350 373 373 373 413 
496 
5 86 86 386 386 386 
76 76 76 109 109 
196 196 
236 415 
12 12 12 355 355 

267 268 

405 
76 76 478 478 
76 

35 35 
460 
310 
184 184 




442 442 
232 274 402 454 
167 
184 184 
30 30 35 35 180 180 341 413 483 
329 329 
8 313 
5 53 53 377 419 441 441 458 

305 343 343 477 
76 76 361 
76 295 509 
275 275 415 415 

219 454 
7 7 7 169 169 238 296 296 310 374 374 375 505 505 
503 503 
487 
40 40 49 55 56 60 69 69 79 79 93 93 104 117 129 138 138 184 191 192 201 237 275 275 275 283 356 415 415 432 438 460 460 487 
83 104 236 
233 505 505 505 
342 405 
131 476 496 496 
62 
76 76 
311 413 424 424 494 494 
358 
76 76 76 

110 176 401 
150 408 

149 374 374 374 417 442 
286 286 286 413 413 

330 
277 415 
443 443 443 
273 391 
392 
70 409 409 



364 410 

11 
496 496 
271 
184 184 204 268 356 356 
191 204 267 

286 
7 158 266 287 287 297 297 354 408 412 427 442 453 502 502 502 

256 354 475 
219 
230 230 236 236 236 

18 18 254 

184 431 
308 467 
67 67 192 192 298 347 
144 427 
236 303 344 415 

191 
251 251 251 270 413 413 
68 68 179 179 179 271 271 

81 
23 23 97 171 171 196 480 
184 184 184 426 
410 
408 
58 397 397 399 
229 
68 169 233 233 425 
271 271 
281 347 347 
54 76 
164 164 
46 
485 485 
283 415 
56 148 191 191 
159 227 392 482 482 
87 370 370 408 
184 396 462 465 
280 467 467 
35 35 
212 233 
243 
160 348 348 348 348 348 
8 224 
80 80 349 398 413 418 429 449 481 
31 31 31 73 94 184 184 336 336 486 

165 
413 
354 
140 
42 42 323 
76 162 
321 
37 41 184 
72 358 503 503 
358 
15 15 
76 
81 82 82 223 223 
62 62 71 159 253 369 428 428 
22 
407 407 413 
413 
385 413 413 
413 
315 315 486 486 

184 
46 145 381 408 408 408 427 427 452 452 464 470 
182 182 
222 
239 
227 227 
69 173 283 447 447 

27 47 47 459 
281 298 298 421 421 506 
312 312 312 312 312 
314 481 
8 196 
432 
402 402 
456 
31 31 41 41 151 184 271 273 319 450 462 462 490 502 508 508 
12 202 202 
236 267 267 
367 496 
38 38 72 72 72 193 193 244 325 326 413 466 503 
81 
76 
228 
413 
182 
152 262 410 
415 
184 184 184 
114 357 

62 330 
306 306 
68 
106 106 
196 196 196 
233 233 250 250 250 417 
233 

225 
140 
103 146 
134 
46 133 139 139 339 395 395 408 408 
413 
63 63 75 415 463 463 
152 152 
334 413 413 
86 198 198 198 
124 

81 81 82 82 130 142 

256 
257 305 
53 
81 81 495 
46 46 381 381 
184 184 184 307 
58 294 294 
314 
294 492 
50 
110 247 
39 159 219 352 352 405 
427 
6 6 92 182 
39 39 206 239 402 

332 332 413 
150 158 158 248 271 293 306 339 339 339 381 381 412 412 437 437 470 470 
184 258 258 
262 292 364 

271 408 408 
35 45 76 77 77 92 119 128 128 155 174 174 175 175 187 196 222 243 251 251 286 286 314 318 332 333 334 334 335 358 362 382 385 385 407 439 439 448 500 
22 108 108 
37 37 57 57 57 129 129 201 230 230 236 236 254 283 303 365 383 432 

250 374 
80 80 95 314 
225 
98 441 
347 347 

76 
243 243 
296 
184 291 
271 282 339 339 403 
20 159 330 330 
314 
62 
279 
236 351 415 460 




408 408 
236 
45 161 161 413 413 
76 
1 1 98 225 225 420 
218 218 250 271 468 
255 255 255 
59 182 182 
41 41 
191 
344 344 
128 128 413 
314 
99 354 462 

339 339 464 464 
271 
124 124 219 232 
17 
184 184 353 491 
41 41 41 
225 
346 
211 236 236 432 
497 
307 354 354 450 
383 383 
339 452 452 
184 307 
141 358 
280 308 308 
442 
159 159 
339 408 408 
101 170 195 195 
475 
126 
56 487 
273 472 
100 240 496 496 
166 166 188 227 
76 76 207 207 
193 193 
290 
314 349 
305 305 
222 
184 
302 302 
120 315 336 336 
235 236 474 

120 
354 
185 185 456 
399 
3 
243 243 
81 394 
197 240 240 265 265 357 476 476 
22 461 
160 
182 182 
193 193 413 
76 
134 134 134 271 271 271 354 
234 234 325 325 358 

233 233 238 238 238 
347 
104 
5 354 354 
76 229 
159 159 
159 
