Nodes: 512, Edges: 720
64 395 395 
225 225 
189 
271 271 493 493 493 

18 18 34 48 48 50 88 198 225 255 400 400 504 508 
404 404 
271 271 
196 196 196 
271 
476 
264 264 
184 184 202 355 355 

117 117 184 
327 327 
184 
390 455 455 
5 5 277 
104 
428 428 
31 
108 108 115 
171 171 290 290 290 

452 452 
158 408 408 
76 346 
63 178 178 183 

180 483 483 
21 172 184 184 184 315 354 489 

67 
5 
210 309 309 309 

324 324 406 415 
89 358 
62 159 163 166 166 241 402 402 405 477 477 
236 
99 137 137 160 354 450 457 
321 323 323 
193 193 

413 413 439 
64 
346 346 346 
5 5 
236 
5 
490 
184 345 
393 
76 501 
195 195 236 236 236 
191 236 236 304 446 474 474 
415 
397 

104 236 236 236 
81 81 81 
39 241 369 430 
28 383 
0 46 381 381 
193 
141 
33 192 192 281 347 
169 287 287 287 296 296 
236 344 
184 184 246 
330 
325 358 358 
94 94 
413 413 
383 383 435 463 
27 54 107 162 162 186 207 208 229 229 245 322 328 346 346 360 360 413 413 440 478 478 501 501 
119 

236 236 
314 314 314 418 418 418 
61 61 61 82 113 184 184 184 261 289 289 359 389 
81 121 389 

85 312 
84 312 312 
386 386 508 508 
306 306 306 408 
5 504 504 
38 358 


182 413 

73 73 
418 418 418 

290 290 
441 
41 
197 496 
140 195 195 471 471 
216 216 
146 425 
19 60 138 237 237 507 
106 184 
105 190 
76 
22 22 115 
199 
247 247 401 401 

184 
81 
181 
22 108 
484 
14 14 135 
364 
77 413 

82 143 143 143 
222 222 

387 
136 136 

480 
413 413 448 
236 
389 
240 240 
168 
381 
502 502 502 502 
117 
125 125 
41 41 184 
104 164 164 

101 320 378 378 
66 466 466 466 
389 
121 121 121 217 
282 
339 
103 379 379 
236 
191 304 
250 
248 306 306 306 
354 
364 384 384 384 
325 325 
374 
413 
450 

26 408 408 408 
39 205 227 231 231 305 330 433 510 510 511 
41 272 498 

76 76 322 
39 
138 138 300 300 
329 329 329 
39 39 
220 
132 413 
68 296 

23 23 290 
31 

335 


283 283 300 415 
28 28 183 183 
287 287 
30 222 
114 
92 340 340 363 404 404 404 413 499 
28 178 178 
12 12 14 16 31 31 31 52 70 70 81 81 81 105 112 137 213 258 284 284 284 289 291 291 292 307 315 315 324 338 355 355 396 396 409 415 484 488 490 490 

76 245 245 

477 
2 
106 372 372 
56 148 236 267 285 304 304 446 
67 67 236 236 281 
43 43 65 358 358 358 479 479 

55 55 101 101 236 267 
8 8 8 200 200 290 290 290 350 350 350 373 413 413 422 
100 496 496 
5 386 
109 
196 196 
415 415 
12 355 
271 
267 268 
159 
405 
76 337 
76 
328 
35 

233 233 310 310 310 
184 
215 215 
214 214 314 
102 102 
143 

402 454 
167 

122 122 180 341 341 483 
329 
313 
1 1 5 259 377 377 419 419 419 458 
292 
159 305 343 343 477 

76 76 295 509 509 
236 303 415 415 
159 159 
454 
212 212 238 271 296 296 310 310 505 505 505 505 
503 
487 
40 49 55 55 55 56 56 60 60 60 69 79 79 129 147 191 192 192 195 230 267 267 278 344 351 438 438 460 487 
104 104 
233 505 
342 
131 131 476 496 
39 62 

311 311 311 413 424 424 494 494 
325 358 358 
76 186 186 
70 
110 110 401 
150 408 

149 417 417 417 
270 

330 
283 415 
5 443 443 443 
273 354 391 
392 392 
184 
225 
426 
81 
364 410 489 
315 315 
11 11 334 334 
496 
271 271 271 
191 195 204 236 236 356 356 471 
204 
415 
251 
3 3 7 7 9 203 233 266 266 266 282 287 287 297 297 339 412 427 442 453 453 
160 
256 354 472 475 475 
352 402 


18 415 
236 
431 
449 467 
67 192 298 421 
144 271 427 
177 177 254 303 344 344 415 
184 184 184 
191 
413 413 413 
68 68 68 179 179 271 271 

81 81 184 
23 23 23 97 97 171 196 196 196 480 
184 184 
184 226 364 364 410 410 

399 
229 
68 68 169 233 233 425 
271 271 408 
281 347 

164 164 177 

485 485 
230 283 
56 148 191 191 
159 227 
87 87 87 150 150 150 370 408 
184 396 462 465 465 

35 35 35 
212 212 212 233 233 
243 243 243 
84 85 85 348 348 348 348 
224 
80 80 80 215 317 349 398 418 429 434 434 481 481 
31 184 184 263 263 
444 444 
314 
413 413 

140 
42 323 323 323 
76 162 
42 42 321 321 321 359 
37 37 184 
72 153 153 244 503 503 

15 15 
76 209 
165 165 165 223 
71 159 253 428 

407 413 
413 
264 264 385 385 
174 413 413 413 
486 
207 
184 
145 271 381 464 470 
182 182 
222 222 
239 
227 227 
69 236 283 283 
52 
27 47 47 47 76 76 459 
67 298 421 421 506 
312 312 312 312 
314 
196 196 196 
236 432 432 
274 402 

31 41 151 256 273 411 411 502 502 508 508 
12 12 184 184 202 
267 267 
431 496 496 
38 72 72 89 193 193 193 244 244 413 413 413 466 503 503 503 503 
81 323 
76 76 

413 
182 499 499 
118 152 262 292 292 410 
415 

496 
401 401 
62 
306 

190 190 
196 
154 408 408 417 


225 225 
140 140 
146 146 

64 64 133 339 408 408 
413 413 
63 75 75 415 415 463 
152 152 152 
334 334 413 413 413 
86 86 198 
124 
487 487 
81 82 130 142 
17 
256 
257 257 
53 

0 0 
184 184 307 
58 
314 
294 492 492 
5 5 
110 110 247 368 368 
39 39 219 274 352 405 405 
427 
6 6 182 182 182 
39 206 402 402 
37 
332 413 
26 26 87 158 158 158 248 297 306 374 374 381 381 412 412 437 437 470 470 
184 
262 292 292 364 
354 354 
271 408 408 
45 45 74 74 76 76 92 119 128 128 155 168 182 196 196 243 286 286 286 318 318 332 333 335 335 335 358 358 358 362 382 382 385 385 385 407 448 448 455 455 494 

37 57 177 184 201 201 230 230 254 269 277 283 365 383 383 463 

250 250 250 374 
80 80 80 95 95 95 314 
225 225 225 
441 
281 347 347 
196 

243 243 
103 296 
260 
271 282 403 
20 20 330 
314 
62 
279 357 496 
351 351 
159 
314 314 
75 449 
497 
408 408 
236 236 
45 
76 
98 420 
271 468 
255 255 255 
316 316 

56 191 

128 413 413 
280 435 
41 156 462 462 462 

25 25 464 
271 271 
219 232 
17 17 413 413 

41 
225 
346 
236 
497 497 
307 450 450 450 
75 383 415 
339 452 
307 307 
141 141 141 358 
280 
442 

339 408 408 
101 101 267 
273 475 475 

56 56 487 
273 273 472 472 
10 240 
39 39 188 227 
76 76 
193 193 
127 290 
314 314 

30 30 222 
116 184 
302 302 
336 489 
235 236 388 388 474 
184 
31 262 486 
51 184 184 

399 399 
3 3 3 
243 243 413 

100 197 197 240 265 357 357 367 431 
436 461 461 
160 
182 363 363 

54 76 76 
134 134 134 134 354 354 
234 325 325 358 358 358 358 
5 88 88 
233 233 233 233 238 
347 
104 
5 86 86 354 354 
229 229 
159 159 
159 
