Nodes: 256, Edges: 626
18 18 190 190 236 
153 158 164 232 232 232 
153 153 153 
81 
14 14 18 18 32 
26 26 38 42 42 42 46 50 56 68 68 81 81 81 94 98 102 102 103 103 108 114 114 117 117 123 126 133 133 136 136 141 143 143 159 159 165 165 165 203 203 221 221 221 227 227 234 238 243 244 244 244 248 248 248 254 
212 
41 41 86 97 97 97 124 130 203 203 218 
81 81 81 168 168 168 215 215 228 228 228 247 247 
182 
14 14 
134 134 134 172 172 172 172 
227 
33 37 
4 4 10 10 18 18 32 32 51 51 51 139 139 146 146 152 152 152 163 163 180 180 208 208 208 
26 26 26 207 207 207 231 
78 78 89 93 93 95 95 
66 66 84 84 
0 0 4 4 14 14 60 60 61 61 63 63 80 80 80 90 152 152 192 192 206 206 206 
62 
98 166 
52 71 140 140 140 153 153 228 228 228 
43 

223 
81 81 153 
5 5 15 15 15 33 33 44 59 62 62 67 67 70 72 72 84 87 98 98 108 117 175 175 196 196 213 213 231 237 237 

88 88 165 
191 205 
64 175 196 196 230 239 239 239 
104 157 157 
4 14 14 
13 26 26 39 39 44 44 122 122 185 185 197 197 197 211 
137 137 137 
53 53 81 
203 
13 122 122 134 150 169 219 219 
5 42 42 
33 33 73 134 134 
203 203 
7 7 
5 5 5 38 38 81 243 
22 195 245 
26 33 33 150 150 188 
148 148 
5 56 56 221 221 
152 152 
58 245 
84 84 
5 123 123 254 254 254 
14 14 14 61 
21 
35 35 81 81 
127 127 
121 121 121 238 238 
5 46 46 181 181 181 
93 93 154 154 241 241 
48 104 152 203 214 245 245 252 252 252 
26 
18 18 206 236 236 250 250 
18 18 51 206 206 206 
19 26 26 
18 18 90 90 137 137 137 202 242 242 
30 175 175 196 196 196 196 
81 93 93 
17 17 
26 26 
5 5 
223 223 
26 122 210 
21 131 228 228 
26 26 
39 134 
86 156 156 203 203 
147 147 171 171 203 203 203 205 205 217 217 217 233 
152 

16 16 93 93 
111 111 111 
18 18 18 137 
3 5 5 5 8 8 8 25 25 35 42 53 53 65 93 93 153 160 162 162 173 176 176 176 203 203 228 228 238 
84 197 197 197 197 
113 113 177 177 204 204 
17 17 26 49 49 82 100 100 109 109 109 127 127 183 183 189 255 255 
128 
7 74 203 203 218 218 
26 237 237 
28 28 165 165 
16 93 93 
18 63 63 242 
121 121 238 238 238 
203 218 
16 16 57 57 65 65 78 78 81 81 89 89 111 111 154 176 176 201 201 224 
5 112 112 243 243 243 
16 16 
127 127 144 200 229 240 240 240 
7 7 7 130 130 226 226 
5 20 26 26 166 166 209 213 213 237 237 237 
251 251 251 
84 84 194 194 194 198 
145 145 145 
5 5 203 234 
5 5 
31 58 

204 204 
119 152 
5 26 
84 84 84 127 127 127 194 194 198 198 198 216 216 216 
153 153 153 
79 79 79 93 93 
94 94 
83 83 145 177 177 177 204 246 
5 5 
253 
203 203 
5 5 26 234 234 
188 
107 152 152 152 
155 155 155 170 170 206 
55 55 55 91 91 238 
33 33 37 37 70 210 210 
5 50 50 161 
7 

5 203 
54 54 84 84 96 96 109 109 109 144 144 144 144 187 187 189 189 189 216 229 
85 228 

7 97 97 
71 
222 222 
5 5 227 
11 11 11 37 39 39 73 
175 
5 5 
34 34 34 63 63 63 80 202 202 202 

14 14 
21 21 21 
5 
159 159 
5 5 221 221 
96 127 127 127 127 
101 101 101 113 204 204 204 246 246 246 
14 14 
75 75 205 
45 45 153 153 153 
203 203 233 
37 44 44 
228 
14 14 14 18 18 47 47 58 76 107 119 119 119 157 157 163 223 223 225 225 
1 2 2 2 21 21 25 81 110 110 110 148 148 148 179 228 228 228 
57 57 93 176 241 
120 120 120 206 
74 74 199 199 203 
31 31 152 152 
1 164 164 164 
5 5 142 142 
81 
123 
81 81 238 
14 14 152 
1 158 158 158 232 232 
5 5 5 28 88 88 203 203 203 
20 98 98 209 209 
173 
8 8 8 
37 222 
120 120 174 206 
75 75 205 205 205 
11 11 11 11 
81 167 176 
170 206 206 
26 26 30 64 64 135 196 196 
81 81 81 93 93 154 173 
83 83 113 113 113 

153 
14 14 
56 56 56 
9 196 
84 84 
228 228 
33 33 

127 127 
44 118 
84 127 127 127 
0 0 236 236 
29 205 205 
18 18 
237 253 253 253 
100 100 100 109 109 
43 204 204 204 245 
26 26 30 30 64 64 64 64 175 175 182 
33 33 33 82 82 82 82 
100 109 109 109 255 
156 156 
96 229 229 
93 93 
63 137 137 137 
5 5 7 7 36 40 40 58 74 74 75 75 75 81 81 86 86 92 102 116 116 126 149 149 156 165 165 165 251 
83 83 106 106 113 145 145 145 195 195 195 245 245 
29 75 75 147 171 171 171 191 191 
18 18 18 60 61 61 61 120 155 170 174 174 
15 15 15 
14 14 14 
98 166 166 
70 122 122 
33 
6 222 222 
26 26 98 98 
58 252 
8 8 
109 109 109 127 
75 75 75 233 233 
7 86 86 92 
37 37 
251 251 
5 5 5 46 46 143 143 227 235 
132 132 169 212 212 
24 69 69 152 152 
93 
152 152 
97 97 
5 5 12 133 221 
8 8 8 21 21 21 71 71 81 81 128 151 153 153 153 184 184 
96 127 200 200 
30 
15 26 
1 1 1 164 164 
75 149 217 217 
5 102 117 117 
221 
0 60 60 190 190 
26 26 87 87 98 98 98 193 
5 55 55 81 91 91 91 121 162 
30 30 30 
96 96 96 
57 57 154 
63 63 90 
5 42 94 94 94 
5 5 5 
43 48 58 58 195 204 204 
113 145 145 145 
8 8 
5 5 5 

60 60 
99 99 99 203 220 220 
58 58 58 214 
115 193 193 193 
5 50 50 50 
84 84 198 
