Nodes: 256, Edges: 626
18 18 190 236 236 
153 153 153 158 158 164 164 232 232 232 
153 
81 81 
18 18 32 138 208 208 
26 38 46 46 50 50 50 56 56 56 68 81 81 94 94 98 102 102 103 108 114 114 117 126 126 133 133 136 142 143 143 165 165 165 165 178 203 203 203 221 221 221 227 227 234 238 238 238 243 243 244 244 
212 212 212 
41 41 74 86 86 97 97 124 130 130 203 203 203 218 218 218 
81 81 81 168 168 215 228 228 247 247 
182 182 
14 
134 134 134 172 172 172 172 
227 227 227 
33 33 
10 32 47 51 51 51 138 138 146 152 152 152 163 163 163 180 208 208 
26 26 207 207 207 
78 78 89 89 93 93 95 95 
66 66 66 66 66 84 84 84 
0 0 4 4 60 63 80 80 80 90 152 152 192 192 206 206 206 
62 62 62 
98 166 166 166 
45 45 45 52 52 71 71 71 71 71 131 131 140 140 153 228 228 
43 
192 192 
223 223 223 
81 153 153 
5 15 15 33 44 44 44 59 62 62 67 67 70 72 72 72 84 84 87 87 98 98 108 108 117 122 141 175 175 196 231 
110 
88 88 165 165 
191 205 205 
182 182 196 196 230 230 230 239 
104 157 157 
4 14 
13 13 26 37 37 39 39 39 44 122 122 122 134 185 185 197 211 222 222 222 222 
137 137 
53 53 53 81 81 
203 203 
33 33 122 134 134 134 169 219 219 
5 42 
33 33 33 134 
203 203 203 
7 7 
38 243 243 
22 195 245 245 
26 26 26 33 59 150 188 
21 21 21 148 148 153 
5 5 56 56 56 221 221 221 221 
14 152 152 
152 152 245 245 
84 
5 5 5 123 254 254 254 
14 14 14 61 
21 21 
35 35 35 81 
127 
121 238 
5 5 5 46 46 46 181 181 
93 241 241 241 
104 203 252 252 252 252 
26 44 
18 76 76 152 206 206 250 250 250 250 
51 206 
19 19 19 26 26 
18 137 192 202 202 242 242 
175 175 196 196 
81 81 93 93 
17 17 17 17 17 
26 26 
5 
223 223 223 
26 77 122 122 210 210 249 249 
21 21 21 21 21 131 131 
26 26 26 
134 
7 86 203 203 203 
147 147 171 171 203 205 205 217 233 233 
60 60 
70 122 122 
16 16 89 89 93 
111 111 
18 18 18 137 
3 3 5 5 8 8 8 25 35 35 53 65 65 93 93 153 153 153 160 160 173 173 176 176 228 228 238 251 
197 197 
113 113 177 204 204 
17 17 17 26 26 49 100 100 109 109 127 183 189 255 255 
128 128 
7 7 74 92 92 92 203 203 218 
26 26 237 237 253 253 
28 28 165 165 203 
16 16 78 78 93 93 
18 206 242 242 242 
238 
86 86 86 203 218 
16 16 57 65 65 78 81 81 89 89 111 111 176 176 201 224 
5 5 112 112 243 
16 16 
127 127 200 229 229 240 240 
7 7 130 130 226 226 
5 20 26 26 166 209 209 213 237 237 237 
251 251 251 
84 84 194 194 198 198 
145 145 
5 5 203 203 203 234 
5 
31 58 129 

145 204 204 204 
152 152 
5 26 26 
84 84 194 194 194 198 198 216 
27 153 153 
79 79 93 93 
94 94 
83 83 145 177 204 204 204 246 246 
5 5 
253 253 
203 203 
5 26 234 
188 188 188 
152 152 152 
155 155 155 170 170 206 
55 238 238 238 
26 33 33 33 37 70 70 77 77 210 
50 161 
7 

5 5 
54 84 96 96 144 144 187 187 216 216 229 229 
85 85 228 228 
104 
7 7 97 97 
21 21 71 71 228 
222 222 
5 5 
11 11 11 33 37 37 37 39 73 
175 175 
5 
34 34 63 80 
4 14 14 

21 21 
26 
5 159 159 159 
5 5 203 203 221 
127 127 
101 101 106 113 204 204 246 246 246 
14 223 
75 75 205 
45 45 
203 203 233 
44 
228 228 228 
14 14 14 18 18 47 47 48 48 60 107 107 119 119 119 157 163 163 223 223 223 225 225 
1 1 1 2 21 25 25 45 81 81 81 110 110 228 228 228 
176 176 241 
120 120 120 206 206 
199 203 203 
31 31 152 
1 1 164 164 
142 142 142 
81 81 
123 
238 238 238 
14 14 14 152 152 
1 1 158 158 
5 5 5 5 28 28 88 88 203 203 
20 20 20 98 209 209 
173 173 
8 8 
37 222 
120 120 206 206 
75 75 205 205 
11 11 11 11 
81 81 167 167 
206 
26 26 64 64 135 135 196 
81 81 93 93 154 154 
83 113 
5 

14 
56 56 
9 9 30 30 196 196 
84 

33 33 

127 127 
44 118 118 118 
84 
0 236 
29 
18 18 23 23 63 
237 253 
100 100 109 109 109 
43 204 204 245 
26 30 30 64 64 175 182 182 
33 82 82 
100 100 109 109 255 
156 
96 229 
93 
63 63 
5 5 5 7 7 7 36 36 40 40 40 58 74 74 74 75 86 86 88 92 102 102 102 116 116 143 143 149 149 156 156 165 165 220 
83 83 106 106 106 113 113 113 145 145 195 195 245 
29 29 75 75 147 171 171 
18 18 18 60 60 61 90 120 155 155 170 170 174 
15 15 15 
4 4 14 14 
98 98 166 166 
70 70 122 
33 
6 6 6 
98 237 
252 252 252 
8 
109 127 127 
75 233 233 
7 7 7 86 92 
37 37 
203 251 
5 5 5 46 46 46 46 143 227 235 
33 33 33 33 132 132 169 
24 24 24 69 69 69 146 152 152 152 
93 
152 152 
97 97 
5 5 12 12 12 221 
8 8 21 21 81 81 128 128 131 151 151 151 153 153 153 
96 96 127 127 200 
30 30 30 
26 
1 1 1 
75 75 149 217 217 
5 102 117 
221 
0 0 190 
87 87 98 98 98 193 213 
5 5 5 55 81 91 121 121 121 162 162 162 
30 
96 96 
57 57 57 154 
63 63 90 90 90 
5 5 42 42 94 
5 5 
43 43 48 48 195 204 
113 113 145 145 145 
8 8 

70 70 
60 60 60 60 
81 99 99 99 220 
58 58 58 58 214 214 214 
87 87 115 115 193 
50 50 50 
84 84 198 
