Nodes: 256, Edges: 626
18 18 190 236 236 236 
21 21 105 153 153 158 158 158 164 232 
153 153 
81 81 
14 14 14 18 138 138 208 208 
26 26 42 50 50 68 81 81 81 94 94 94 98 98 98 102 103 108 108 114 114 114 123 123 123 126 126 136 136 141 142 142 143 143 159 165 178 178 178 196 203 203 221 221 238 243 248 248 
212 212 212 
41 41 74 74 86 97 97 124 130 130 203 203 203 218 
71 81 81 81 131 141 168 215 215 228 228 

14 14 
134 134 134 172 172 
227 
33 33 37 
4 4 4 10 10 18 32 32 51 51 138 139 146 146 163 180 
26 207 207 207 231 
78 89 93 95 
66 66 66 84 
0 0 4 14 60 60 61 63 80 80 152 152 180 186 192 192 192 206 
62 62 
98 98 166 166 
1 1 45 52 71 71 71 71 131 131 131 140 140 151 153 153 153 228 228 
43 
192 192 
223 223 223 
81 81 81 153 153 
5 5 15 33 33 44 62 67 67 70 70 72 72 72 84 84 98 108 108 108 122 122 141 141 175 175 196 213 231 237 
110 
165 191 
205 
64 175 182 196 196 230 230 239 239 239 
104 
14 14 
13 13 26 26 37 37 44 122 122 134 185 197 197 211 222 
137 137 
53 53 81 
203 203 
13 33 33 122 134 134 169 219 219 219 
42 42 
73 134 134 
203 
7 7 
5 38 38 243 243 
22 195 245 245 
26 33 150 150 150 188 
21 148 153 153 
56 56 221 221 221 
152 
58 152 152 152 245 
84 
5 5 123 123 254 254 254 
14 14 61 137 
21 
35 35 

121 121 238 238 
46 46 181 
93 154 154 241 241 241 
48 104 104 152 214 245 

18 18 76 152 206 206 236 236 250 250 
18 51 206 206 206 
19 19 26 
18 90 90 137 137 202 202 242 
30 175 175 196 196 196 
81 81 93 
17 17 17 
26 26 
5 
223 223 223 223 
26 26 77 122 122 122 210 249 249 
8 21 21 21 21 131 131 228 228 
26 26 26 
39 
7 7 86 156 156 156 203 203 203 
171 171 171 203 203 203 205 205 233 
60 
70 122 
16 89 93 93 
111 111 
18 18 137 137 
3 3 5 5 5 8 8 8 25 25 25 35 65 65 93 93 93 153 153 153 160 160 160 162 162 173 173 176 176 176 203 203 203 228 228 228 238 238 238 
197 197 197 
113 177 177 204 204 
17 26 26 49 100 100 109 109 109 127 127 183 189 189 255 255 
128 
7 74 92 92 92 203 203 203 218 218 
237 237 253 253 253 
165 203 
16 78 93 93 93 
63 63 206 206 242 242 242 
121 238 
86 86 86 203 
16 57 65 78 78 81 81 81 89 89 89 111 111 154 154 176 176 176 201 201 224 224 224 
5 5 5 112 112 112 
16 
127 127 127 200 229 229 229 
7 7 226 
5 5 5 20 20 26 166 166 209 209 213 
251 251 
84 84 109 109 109 194 194 198 

5 203 
5 
31 58 58 129 129 129 152 152 
1 
145 204 204 204 
119 119 
5 5 26 26 26 126 126 126 
84 84 84 100 100 100 127 127 198 198 216 216 216 
27 153 153 153 
79 79 93 93 
94 94 94 
83 177 177 204 204 246 
5 5 5 
211 253 253 
203 203 
234 
188 188 
107 107 152 152 
155 155 170 170 206 206 
55 55 91 238 
26 26 33 33 37 70 70 70 77 142 210 210 
5 5 5 50 50 161 196 
7 

5 5 108 108 108 
84 84 96 96 96 109 109 144 144 187 187 187 189 189 216 216 229 
85 228 228 
104 104 104 
7 7 
8 21 21 21 71 71 228 
222 

11 11 11 33 37 37 39 39 
175 
5 5 
34 34 51 63 63 80 80 202 
4 4 14 
14 
21 21 
5 8 26 26 
5 5 122 159 159 
5 5 149 149 149 203 221 
127 127 
106 204 204 246 246 246 
14 14 152 152 
205 
45 153 153 
143 143 143 
44 44 44 
21 228 228 
18 18 47 48 48 48 58 60 104 104 119 119 146 146 157 157 225 225 
1 1 2 2 21 21 21 25 25 45 45 81 81 81 110 110 110 148 148 179 179 179 228 
57 57 93 93 176 241 241 
120 120 
74 74 74 199 203 203 
152 152 
1 1 1 164 
5 142 142 
81 81 81 251 
123 
81 81 238 238 
14 
1 158 232 232 
5 28 88 
20 20 98 98 209 209 
173 
8 
37 
120 120 206 206 
75 75 75 205 
11 11 
81 81 167 176 
206 206 
26 26 30 64 64 135 196 
81 81 81 93 93 93 154 173 
83 83 113 113 
5 5 5 
153 153 153 
14 18 
56 
30 196 196 
84 
228 228 228 
33 
18 
127 127 127 
44 118 118 
84 84 127 127 
0 236 236 
28 205 205 
18 18 18 23 23 
253 253 
100 100 
43 204 
5 26 30 30 64 64 64 123 175 182 182 
33 33 82 82 82 
100 109 109 
156 
96 229 
93 93 
63 63 137 
5 5 7 7 7 36 36 40 74 74 74 75 75 75 81 81 81 86 86 86 88 92 102 116 116 143 156 156 220 220 251 251 252 
83 83 106 106 106 113 113 145 145 195 245 245 
29 75 75 147 171 191 191 
18 60 60 61 61 61 90 90 120 120 170 170 174 174 
15 15 15 
4 4 
98 98 166 166 
70 122 122 
33 115 
6 6 6 222 222 
26 98 
58 252 252 
8 8 
109 109 109 127 127 
233 233 
7 86 86 
37 37 37 
203 203 
5 5 46 46 46 143 227 227 235 
33 132 212 212 
24 24 24 69 69 69 69 
93 93 93 
152 152 
97 
12 221 221 
8 8 21 21 71 71 81 81 81 128 128 131 151 151 153 184 184 184 
96 96 96 127 200 
30 30 
15 26 
1 164 164 
75 217 217 
117 
221 
0 0 0 60 60 190 190 
26 87 87 
5 55 55 81 81 81 91 121 162 162 
30 30 30 

57 57 57 154 154 
63 90 90 90 
5 42 42 

43 43 48 58 204 204 
113 145 145 145 

5 5 
70 70 
60 60 
99 99 160 203 203 
203 214 214 
87 87 87 115 115 193 193 
50 50 50 
84 84 
