Nodes: 256, Edges: 626
18 18 18 190 190 236 236 
21 21 105 153 158 164 164 232 232 
153 153 153 
81 81 81 81 
14 14 18 18 18 32 138 138 138 208 208 
26 26 38 42 42 46 46 50 50 56 68 68 81 81 81 94 98 98 102 103 108 108 108 114 117 123 126 126 126 133 133 133 136 136 141 143 143 143 159 159 165 165 165 196 196 196 203 203 221 221 227 227 234 248 248 254 
212 212 
41 74 86 86 86 97 97 124 130 130 203 203 218 218 
71 71 131 141 228 228 247 
182 182 
14 
134 134 172 172 172 172 
227 227 
33 33 33 37 
4 4 10 18 18 47 51 138 139 146 152 163 180 180 
26 26 207 
78 78 93 93 95 
66 84 84 84 
0 0 0 4 4 4 14 14 60 61 63 63 63 80 90 90 152 152 180 186 192 192 206 206 206 
62 62 
98 166 166 
1 1 45 52 52 71 71 71 131 131 131 140 140 140 151 153 153 228 228 
43 
192 
223 223 
81 81 
5 5 15 15 44 59 62 62 62 72 72 84 87 87 98 108 117 117 122 141 141 141 175 175 175 175 175 196 231 237 

88 165 165 165 
191 205 
182 182 196 230 230 230 
104 157 
4 
13 13 13 37 39 39 39 44 134 185 197 211 211 222 222 
137 
53 81 
203 
13 33 122 122 134 150 169 219 219 219 
5 42 
33 33 33 134 134 
203 203 
7 
5 5 38 243 
22 195 245 245 
26 33 59 59 59 150 150 150 188 
21 148 148 153 153 
5 5 56 
14 152 
152 245 
84 
5 5 123 254 254 254 
14 61 
21 21 
35 81 
127 127 127 
238 238 238 
5 46 181 181 227 227 227 
93 154 241 
104 152 203 214 214 245 245 245 252 252 
26 44 44 44 
18 76 152 152 206 206 250 250 250 
18 51 206 206 
19 19 26 26 26 
18 18 18 90 202 202 
175 196 196 
81 81 
17 

5 5 
223 223 223 
77 122 122 210 210 210 249 
8 8 21 21 21 131 131 228 228 247 
26 26 

7 203 203 
147 147 171 171 203 203 203 205 205 205 217 233 233 
60 
70 122 122 122 
16 16 89 89 93 93 
111 111 111 
18 137 
3 3 3 3 5 5 5 25 25 35 53 65 65 93 125 160 160 173 173 176 176 203 203 228 238 238 238 251 
197 197 197 
113 177 177 177 177 177 204 204 
17 17 17 26 49 100 100 109 109 127 127 183 183 189 255 255 255 
128 128 
7 7 7 92 203 203 218 
26 26 237 237 253 253 253 
28 203 
78 78 93 93 93 
18 18 63 206 206 242 
121 121 121 238 238 
86 
16 16 57 78 78 81 89 89 89 111 154 176 201 201 224 224 224 
5 112 112 112 243 
16 
127 127 127 144 229 229 229 240 240 240 
7 7 130 226 
5 5 20 26 166 166 209 209 213 213 213 237 237 
251 251 
84 84 194 194 198 198 
145 145 145 
5 203 234 234 
5 
31 58 129 129 129 152 
1 
145 204 
119 119 152 152 
5 5 5 26 126 126 126 
84 84 127 194 194 198 216 216 
153 
79 79 79 93 
94 94 94 
83 177 177 204 204 246 
5 
253 253 253 253 
203 
5 26 26 234 
188 188 
107 107 152 152 152 
155 155 170 206 
91 91 91 238 
26 37 37 70 70 77 77 77 210 210 210 
5 50 161 196 
7 
81 
5 5 5 108 108 108 
54 54 54 84 84 96 96 96 109 144 144 144 187 187 187 189 189 216 216 229 229 
85 85 228 
104 104 104 
7 7 97 
8 21 21 21 71 71 228 
222 
5 5 5 227 
11 11 33 37 39 39 
175 175 
5 5 
34 80 202 
4 4 4 14 
14 
21 21 21 
5 8 26 26 26 

5 5 5 149 203 221 
96 127 127 127 
101 101 101 106 204 246 246 
14 152 223 223 
75 75 205 
45 45 
143 203 
37 44 44 44 
21 228 
14 18 18 47 48 58 60 60 104 107 107 119 119 119 146 157 157 223 225 225 225 
1 2 2 2 21 21 45 45 110 179 179 179 228 228 
57 93 176 241 241 241 
120 120 206 206 
199 203 203 
31 152 152 
1 164 
5 5 
81 81 
123 
238 238 
14 
1 1 158 232 232 
5 5 5 28 28 28 203 203 
20 20 98 98 209 
173 173 173 

37 
120 174 206 
75 75 205 205 
11 11 11 11 
81 81 167 167 167 176 
170 206 206 
26 26 26 26 26 64 135 135 196 196 
81 81 93 154 173 
83 83 83 83 83 113 113 

153 153 153 
14 14 18 
56 56 
9 9 30 30 196 196 
84 84 
228 228 
33 
18 
127 127 127 
44 118 118 
84 127 127 
0 0 236 
29 205 205 205 
18 18 23 
237 237 
100 100 109 109 
43 204 204 245 
5 5 5 26 30 64 64 123 175 175 182 182 
33 82 82 82 
100 100 109 
156 
229 229 
93 93 
63 63 137 
5 5 7 7 36 40 40 58 74 74 75 75 75 81 81 86 86 88 102 116 143 149 156 156 165 165 220 251 251 
83 83 106 113 113 145 195 195 245 245 
29 75 75 75 147 171 171 191 191 191 
18 18 18 60 60 61 61 90 90 120 155 155 170 174 174 
15 
4 4 
98 98 166 
70 70 70 122 122 122 
33 33 
6 6 222 
98 98 98 
58 58 252 252 

109 109 127 127 
75 233 233 
7 7 86 
37 37 37 
203 251 
5 5 143 227 235 
33 33 132 212 
24 24 69 69 69 146 146 152 
93 93 93 
152 152 152 
97 
5 5 12 12 56 56 56 133 221 
8 8 21 21 71 71 81 128 131 151 153 153 184 184 
96 96 96 127 127 200 200 
30 30 30 
26 
1 1 164 164 
75 75 217 217 
5 102 102 117 
221 243 
0 0 190 
26 87 87 98 98 193 193 
55 55 55 81 81 81 91 91 121 162 162 

96 96 96 
57 154 154 154 
90 
42 94 235 

43 43 48 58 58 58 195 204 204 
113 145 145 
8 71 
5 5 
70 
60 60 60 
81 99 99 203 203 220 
58 58 214 214 
87 87 87 115 115 115 115 
5 50 50 50 
84 84 84 
