Nodes: 256, Edges: 626
18 18 18 190 190 236 
105 105 153 158 158 164 164 232 232 
153 
81 81 81 
14 14 18 18 32 138 208 208 
26 26 42 42 46 46 50 50 56 56 81 81 81 94 98 102 102 103 114 114 114 114 117 117 123 126 126 136 141 142 142 142 143 143 143 165 165 165 178 203 203 203 221 221 221 227 227 234 238 238 243 244 248 248 248 

41 41 86 86 97 97 97 124 124 124 130 130 130 203 203 203 
71 71 81 81 168 168 168 215 215 228 228 247 247 
182 

134 134 172 172 172 172 
227 227 
33 37 37 
4 4 18 32 32 47 47 51 51 51 138 139 139 152 152 163 163 180 208 
26 26 207 207 231 231 231 
78 89 93 93 95 95 
66 66 66 84 
0 0 0 4 4 14 60 60 61 63 80 80 90 152 152 180 186 186 192 
62 62 62 
98 166 166 
71 71 131 131 140 140 153 153 228 

192 192 
223 
81 81 
5 5 15 15 33 33 44 44 44 59 67 67 70 70 70 72 72 72 84 84 87 98 98 108 117 117 122 122 141 175 175 175 196 237 
110 
88 
191 205 
64 64 64 110 175 182 182 196 239 239 

4 14 14 
13 26 26 37 37 39 39 44 44 44 122 122 134 185 185 197 211 211 211 222 222 222 222 
137 137 
53 81 81 

13 13 33 33 122 122 134 134 150 169 219 219 219 
42 
33 33 73 134 
203 203 203 
7 7 
5 5 38 81 81 81 243 243 
195 245 245 
26 26 26 33 33 33 59 150 150 
148 148 153 
5 5 56 56 221 221 221 221 221 
14 14 152 152 
58 
84 
5 5 123 123 254 
14 14 14 61 

35 81 81 

121 238 
5 5 46 46 181 181 227 227 227 
93 93 154 241 241 
48 104 152 152 152 203 214 214 
26 44 
18 18 76 152 152 152 206 206 236 236 236 250 250 250 
18 51 206 
19 19 19 
18 90 90 137 137 192 202 202 242 242 
30 30 30 196 196 196 
93 93 93 
17 17 17 
26 26 

223 223 
26 26 26 77 122 122 122 210 249 
8 8 21 21 131 228 228 247 
26 26 26 
39 
156 156 203 203 
147 147 203 203 205 205 217 217 233 
60 
70 
16 89 89 93 
111 
18 18 137 
3 3 3 5 5 5 8 8 25 25 35 35 42 42 42 53 53 93 93 153 153 160 162 173 176 176 203 228 238 251 251 
197 
113 177 177 177 177 204 
17 26 26 49 100 109 183 189 189 255 255 255 255 
128 128 
7 7 92 203 203 
26 237 253 
28 203 203 
16 78 78 93 93 93 93 
18 63 63 206 206 242 242 242 
121 238 238 238 
86 
16 16 57 57 65 65 65 78 81 81 89 89 89 89 111 111 154 176 201 201 224 224 
5 112 112 112 243 243 
16 16 
127 127 144 200 229 240 240 240 
7 7 7 130 130 226 
5 20 26 26 166 209 237 237 
251 251 
84 109 109 194 198 198 
145 
5 5 203 
5 
58 129 152 152 
1 1 156 
145 204 204 
119 152 152 
26 126 
84 100 100 127 127 194 194 198 216 216 
27 30 153 
79 93 93 
94 94 94 
83 145 145 177 177 204 204 246 246 246 
5 5 5 5 
211 253 253 
203 
5 5 26 26 234 234 234 
188 188 188 
107 
155 155 170 206 206 
55 91 238 
26 26 33 33 37 37 70 70 70 210 210 
5 50 50 161 161 196 
7 7 7 

5 5 108 203 
96 96 109 109 144 187 189 189 189 229 229 
85 85 228 228 
104 
7 7 7 97 97 
21 21 71 
222 
227 227 
11 11 33 37 37 39 
175 175 
5 
34 34 63 63 80 202 202 
4 14 
14 14 
21 21 
5 26 
5 5 5 159 159 159 
5 5 5 149 203 221 221 221 221 
96 127 
101 106 113 113 204 204 246 246 246 246 
152 152 223 
75 75 205 
45 45 153 
143 203 203 
37 44 44 
228 
14 14 18 18 47 47 58 58 58 60 60 60 104 104 107 107 146 146 157 223 225 225 
1 2 21 21 45 81 81 110 148 228 228 228 
57 93 176 176 241 
120 120 206 
74 74 105 199 203 203 
152 
1 1 164 164 
142 142 142 
81 251 
123 123 
81 
14 14 
1 1 158 158 232 232 
5 5 5 203 
20 20 98 209 209 
173 173 173 
8 8 8 
37 222 
120 174 206 206 206 
205 205 
11 11 11 11 
81 167 167 167 
170 206 206 
26 26 26 30 135 135 196 
81 81 93 154 154 
83 83 83 83 113 113 
5 

14 18 
56 56 
9 30 30 196 
84 
228 
33 33 
18 18 
127 
118 118 118 
84 84 127 127 127 
0 0 236 
29 205 205 205 
18 23 23 63 
237 253 
100 109 109 
43 245 
26 30 64 64 64 123 175 182 
33 82 
100 100 109 255 
156 
96 229 229 
93 93 
63 63 137 137 
5 5 5 7 7 7 40 40 40 58 74 74 75 75 81 86 86 88 88 102 116 126 143 149 149 156 156 165 220 220 251 252 252 
83 106 106 113 113 145 145 245 245 245 
29 75 75 147 171 171 191 191 191 
60 60 61 90 90 120 120 155 170 170 170 174 174 
15 15 
4 4 14 
98 166 166 
70 122 122 
33 33 33 115 
222 222 

58 58 252 252 252 
8 8 241 
109 109 
75 75 

37 37 37 
203 203 251 251 251 
5 5 5 46 46 46 46 46 143 143 143 143 227 227 
33 33 33 33 132 169 212 212 
24 69 69 146 152 
93 93 
152 152 
97 
5 5 12 12 56 56 56 133 133 221 221 
8 8 21 71 71 81 128 128 151 153 153 153 184 
96 127 127 200 200 

15 15 15 
1 1 164 164 
75 
5 117 117 117 

0 60 60 60 190 
26 87 98 98 193 
5 5 55 81 91 91 91 121 
30 30 
96 96 96 
57 57 154 215 
63 63 90 90 90 
5 42 42 94 94 
5 
43 43 195 204 204 204 
113 113 113 145 145 145 145 
8 8 71 
5 5 5 
70 
60 60 60 
81 81 99 99 160 203 220 220 220 
203 203 214 214 214 
87 115 115 193 
50 
84 84 84 84 198 
