Nodes: 256, Edges: 626
18 18 18 18 190 236 236 236 
21 21 153 153 158 164 164 232 

81 81 
18 18 32 32 138 138 208 208 
26 26 26 38 38 42 42 42 46 50 50 50 56 68 68 81 81 94 94 94 98 102 103 103 108 114 117 123 123 126 133 133 133 136 136 141 141 142 142 143 143 159 165 165 165 178 178 178 196 196 203 203 203 221 221 221 227 227 234 243 243 243 244 248 248 254 
212 212 
41 41 86 97 124 130 203 203 218 
71 71 71 81 81 81 141 168 215 215 228 228 247 

14 
134 134 172 
227 227 
33 33 37 
10 18 18 18 32 32 47 51 51 51 138 138 139 139 146 152 163 180 180 208 208 
26 26 207 207 207 207 231 231 231 
89 93 93 95 95 
66 84 
0 0 0 0 4 4 14 14 14 60 63 80 80 80 90 152 186 192 192 192 206 
62 62 
98 98 166 166 
1 1 45 52 52 71 71 71 71 131 131 140 140 140 153 153 228 228 228 


223 223 223 
81 
5 5 5 15 15 33 44 44 59 59 62 62 67 67 70 70 72 84 87 108 117 122 122 122 141 175 196 196 213 231 231 237 237 237 
110 
88 165 
205 
64 175 182 182 196 230 239 239 239 
157 
4 4 14 14 
13 13 26 37 37 39 44 122 134 185 185 197 197 197 211 211 
137 137 
53 81 
203 203 
13 33 33 122 122 134 134 134 219 219 219 
5 5 42 
33 
203 
7 7 
5 5 5 38 81 81 81 243 243 
195 245 245 
26 26 33 59 59 150 150 
21 148 148 153 153 
5 56 221 
14 152 152 
152 152 152 
84 84 
5 5 5 123 254 254 
14 14 14 61 137 
21 21 
35 81 
127 127 
121 121 
5 46 
241 
203 203 203 214 245 251 251 251 252 
26 26 44 44 
18 76 152 152 152 206 236 250 250 
51 206 206 
19 19 26 26 
18 90 192 202 
30 175 196 196 
81 81 93 
17 
26 26 
5 5 
223 223 223 223 
26 26 77 122 210 210 249 
8 8 8 21 21 21 21 131 228 
26 

156 199 203 203 
147 171 203 203 205 217 233 
60 152 
70 122 
89 93 93 93 
111 111 
18 18 18 137 137 
3 3 5 5 8 8 8 25 35 42 42 42 53 65 65 93 93 125 153 153 160 160 162 162 176 176 203 203 228 228 238 238 238 251 251 
197 197 197 197 
113 177 177 177 
17 26 49 49 100 109 109 109 127 183 183 189 189 189 255 
128 128 128 
7 92 203 203 218 
26 237 253 
28 203 203 
16 78 93 
18 63 206 206 242 
121 121 238 238 
86 203 203 
16 16 65 78 78 78 81 81 89 111 111 111 154 154 154 176 176 176 201 224 224 224 
5 5 5 112 112 112 243 243 
16 16 
127 127 200 229 229 229 240 240 240 
7 226 226 226 
5 20 20 166 209 209 209 213 213 237 
251 251 251 
84 194 198 198 
145 145 145 
5 203 
5 5 
129 152 152 

145 204 204 
119 119 152 152 152 
5 26 126 126 126 
84 84 84 127 127 194 194 198 198 216 216 216 
27 
79 79 93 93 93 
94 94 94 
83 145 145 177 204 204 246 
5 
253 253 
203 203 
5 26 234 234 234 
188 
107 107 152 
155 155 170 
55 55 91 91 238 238 
26 26 26 33 37 37 70 77 210 210 
5 5 50 161 196 
7 
81 
5 108 108 108 
54 54 84 96 96 109 109 144 144 144 144 187 189 189 229 229 
85 85 85 228 
104 
7 
21 21 71 228 228 
222 
5 5 5 
11 11 33 37 37 37 
175 175 
5 5 
34 34 51 80 80 202 202 
4 4 14 14 
14 14 
21 21 21 
5 5 8 26 
5 5 
5 5 149 149 149 203 203 221 
127 127 127 127 
101 101 101 106 113 113 204 204 246 246 246 
14 152 152 223 
75 
45 45 153 
143 143 143 203 
44 44 
228 228 228 
14 18 47 47 48 48 48 60 60 60 76 104 104 107 107 107 119 146 146 157 157 157 163 223 225 
1 1 21 21 45 45 81 81 148 179 179 228 228 228 
93 93 93 176 241 241 
120 120 
74 199 203 203 203 
31 152 152 152 
1 164 
5 
81 81 
123 
81 81 238 238 
14 152 
1 1 158 232 232 
5 5 5 28 203 203 
20 20 98 209 
173 
8 
222 
120 174 174 206 206 206 
75 205 
11 
167 176 176 
170 170 206 206 
26 30 64 135 135 196 196 
81 81 93 93 93 154 173 173 
83 83 83 113 
5 5 5 
153 153 
14 14 

30 30 196 
84 84 
228 228 228 
33 33 
18 
127 
118 
84 84 84 127 127 
0 236 236 236 

18 18 18 63 
237 237 253 
100 109 109 
43 204 245 
5 5 26 26 30 64 64 123 175 175 182 
33 33 33 82 82 82 82 
100 100 109 109 255 
74 156 
96 229 
93 
63 137 137 
5 5 5 7 7 36 36 40 58 58 58 74 74 75 75 81 81 86 86 88 88 92 92 102 116 116 143 143 149 156 156 156 165 165 251 252 252 
106 106 113 113 145 145 195 245 
29 75 171 
18 60 61 61 90 90 170 170 170 174 174 
15 15 15 15 
4 4 14 14 
98 98 98 166 
70 70 122 122 
33 33 
6 6 
26 98 98 237 
58 252 252 
8 8 
109 109 109 
75 233 233 233 
7 86 
37 37 37 
251 
5 5 5 46 143 227 227 235 
132 169 
24 24 24 69 69 69 69 146 152 
93 93 93 
152 
97 97 97 
5 5 12 12 221 221 
8 8 21 21 21 71 81 81 128 131 131 151 151 151 153 153 153 184 184 184 
96 96 96 127 127 200 
30 
15 15 15 26 26 
1 164 164 
75 217 217 217 
5 117 117 117 
221 
0 0 0 60 190 190 190 
26 26 26 87 98 193 193 213 
81 81 81 91 91 121 121 162 162 
30 30 30 
96 96 96 
57 154 154 
90 
5 5 5 42 42 94 94 
5 
43 43 58 195 204 
113 145 145 145 
8 
5 5 
70 
60 60 
58 58 58 81 81 99 99 99 203 220 
58 203 203 214 214 
87 115 115 193 
5 50 50 
84 198 
