Nodes: 256, Edges: 626
18 18 18 18 190 236 236 
21 21 105 105 158 158 164 164 232 
153 153 
81 81 81 81 
14 18 32 32 138 208 208 
26 26 38 38 42 46 46 50 56 68 68 81 81 81 94 98 98 102 103 108 108 114 117 117 123 123 126 126 126 133 136 136 136 143 143 143 159 159 165 165 178 178 196 203 203 203 221 221 227 227 238 243 243 244 248 254 
212 212 212 212 212 
41 41 74 86 86 86 97 124 130 130 203 203 203 218 218 218 
71 81 168 168 215 215 228 228 247 247 
182 
14 
134 134 134 172 172 172 
227 227 227 
33 33 33 37 37 
4 10 18 32 51 138 138 138 139 139 146 152 152 180 180 208 208 208 
26 26 207 207 207 207 231 
78 89 89 95 95 
66 66 66 84 
0 0 0 0 4 14 60 61 63 63 80 80 90 90 90 152 152 180 186 192 206 206 
62 

1 1 45 52 52 71 71 71 131 131 131 131 140 140 153 228 228 

192 192 
223 
153 
5 5 15 15 33 33 33 59 59 62 67 67 70 84 84 98 98 108 108 117 117 122 122 141 141 175 175 175 196 213 231 231 231 237 237 

88 165 165 
205 205 
64 110 175 196 196 230 230 239 239 239 

4 4 14 
13 13 13 26 26 26 37 37 39 39 39 39 39 122 122 134 185 185 197 197 211 211 222 222 222 
137 
53 53 81 81 

13 13 33 33 122 134 134 134 169 219 219 219 219 
5 5 
33 33 33 33 33 73 134 
203 203 
7 7 
5 243 243 
195 195 195 245 
150 150 188 188 188 
21 148 148 153 153 153 
5 5 56 56 56 56 221 
152 152 
245 
84 
5 123 254 254 254 254 
14 
21 21 
35 35 81 81 

121 121 238 238 
5 46 46 46 46 181 181 227 227 
93 241 241 
203 214 245 245 252 252 252 
26 26 
18 152 152 206 206 236 250 250 250 
18 206 
19 26 
18 18 90 90 137 202 202 242 
30 175 175 196 196 196 196 
81 93 93 93 
17 17 17 
26 26 
5 5 
223 223 
26 77 122 249 
8 21 21 21 228 228 

39 
7 156 156 203 203 203 
171 171 203 205 205 217 217 233 233 
152 
70 122 122 
16 89 89 93 93 
111 
18 18 
3 3 3 3 5 5 5 8 35 35 53 53 65 93 93 153 153 153 162 162 162 173 176 176 176 228 228 238 238 251 
197 197 197 
113 113 177 
17 26 26 49 100 100 109 109 127 127 183 189 189 255 255 255 
128 128 128 
7 7 7 92 92 92 203 203 
237 253 253 
28 165 203 203 
16 16 78 78 93 93 93 93 93 
18 18 18 63 63 206 242 242 242 
238 238 
86 86 86 203 203 218 
57 65 65 65 78 78 81 81 89 89 89 89 89 111 111 111 154 176 176 176 201 224 224 
5 112 112 243 243 
16 16 
127 200 200 229 229 229 240 240 240 240 
7 226 
5 5 26 26 166 209 209 237 237 
251 251 251 
84 84 194 194 194 198 198 
145 
5 203 234 
5 
129 129 152 152 
1 1 
204 
119 152 
5 5 26 26 126 126 126 126 
84 84 127 127 127 194 198 216 216 216 216 
30 
79 93 93 93 
94 94 
83 83 177 177 177 204 246 246 
5 
253 253 253 253 
203 203 
5 5 26 26 234 
188 
107 152 152 
155 170 
55 55 238 
26 26 33 33 37 70 77 77 
5 5 50 161 161 
7 

5 5 5 108 108 108 108 
84 84 96 109 109 109 144 144 144 144 144 187 187 189 189 216 216 229 
85 85 85 
104 104 
7 7 
21 21 21 21 228 228 
222 
5 227 
11 11 11 33 37 37 37 39 
175 175 
5 5 5 
34 63 202 202 
4 14 14 14 
14 14 
21 21 
26 26 
159 
5 5 5 149 203 
127 127 127 127 127 
101 204 246 
14 152 223 223 
205 
45 45 
143 203 203 203 233 
44 44 
228 228 
14 14 18 18 47 47 60 60 76 104 104 107 119 119 146 157 157 163 223 225 
2 2 21 25 45 45 45 81 81 81 228 228 
93 176 241 241 
120 206 206 
74 74 203 
152 152 
1 1 164 
5 5 142 
251 
123 123 
81 81 81 
152 
1 1 158 232 232 
5 5 28 28 88 203 203 
98 209 209 
173 173 173 
8 8 
37 222 
120 174 206 
75 75 205 205 
11 11 11 
81 167 167 167 176 
170 206 
26 26 26 30 64 64 135 135 196 196 
81 81 81 93 93 93 154 173 
83 113 113 113 
5 5 

14 14 18 
56 56 
9 196 
84 
228 228 
33 33 
18 
127 127 
44 44 44 118 
84 84 127 127 
0 236 236 
205 
18 23 23 
237 253 253 
100 100 100 109 
43 43 43 204 245 
5 26 30 30 64 64 64 64 175 175 182 
33 33 82 82 82 
100 100 109 

96 96 229 229 
93 
63 63 137 137 
5 5 5 7 7 7 40 40 58 74 74 74 75 86 86 88 88 92 92 102 116 116 143 149 149 149 156 165 165 251 251 
106 113 145 195 245 245 245 
29 29 75 75 147 171 171 191 
18 18 60 60 61 90 155 155 170 174 
15 15 15 15 
4 4 14 14 14 
98 98 166 166 

33 33 
6 6 6 6 6 222 222 222 
26 237 
58 252 
8 8 
109 109 109 109 127 127 
75 75 
7 7 7 92 
37 37 37 37 
251 
5 5 46 227 
33 33 33 132 169 212 212 212 
24 69 69 146 146 152 
93 93 
152 
97 
5 5 12 12 12 56 56 133 221 
8 8 21 21 71 71 81 81 131 131 151 151 153 153 184 184 
96 96 96 127 200 200 
30 30 
15 26 26 26 
1 164 164 
75 75 149 
102 117 
243 
0 0 60 190 190 
26 26 87 98 98 193 213 
5 55 55 81 81 91 91 121 
30 30 30 
96 96 96 96 
57 57 154 154 
63 90 90 90 
5 5 42 42 94 94 235 
5 
43 48 58 58 195 204 204 204 
113 113 145 
8 8 
5 
70 
60 60 60 
81 99 99 99 160 203 203 220 
58 58 58 214 
87 87 115 115 115 115 193 193 
5 50 50 50 50 
84 84 84 
