Nodes: 256, Edges: 626
18 18 18 18 18 190 190 236 236 
21 21 105 105 105 153 153 158 158 164 164 232 232 
153 153 153 
81 81 81 81 
14 14 18 18 32 138 208 208 208 
26 26 38 42 56 56 68 68 81 94 94 98 98 98 102 114 114 114 114 114 126 126 133 141 141 142 143 143 159 159 178 196 203 203 203 221 221 221 227 227 234 238 238 238 243 244 244 248 254 
212 212 212 
41 86 86 97 97 97 124 124 130 130 130 218 218 
71 71 71 81 81 141 168 168 215 215 228 228 228 247 247 

14 14 14 
134 134 172 
227 
33 33 37 
4 4 10 10 10 18 32 47 47 47 51 138 146 146 152 152 163 180 180 208 
26 26 26 207 207 
78 78 89 93 93 93 95 95 
66 66 84 
0 0 0 0 0 4 4 14 60 61 63 80 80 80 80 90 90 90 152 152 152 180 186 186 192 192 206 206 206 
62 62 
98 166 
1 1 52 71 131 131 140 153 153 228 
43 
192 
223 223 223 223 
81 153 
5 5 15 15 15 33 44 44 59 70 72 87 98 108 108 117 117 122 122 122 141 141 213 213 231 

88 165 165 165 
205 
64 175 182 182 196 196 239 239 239 
104 157 
4 14 
13 13 26 37 37 37 39 39 44 44 122 122 122 134 185 185 197 197 211 222 222 
137 
53 81 
203 203 203 
13 33 33 33 122 122 134 134 134 134 150 169 169 219 219 219 
5 42 42 
33 33 134 
203 203 
7 
5 38 38 243 243 
22 195 195 245 
26 26 33 33 150 150 150 188 188 
148 153 153 153 
56 221 
14 14 14 152 152 
58 152 152 245 245 
84 84 
123 254 
14 
21 
35 81 81 81 
127 127 127 
121 121 238 238 
5 5 46 227 227 227 
93 93 93 154 241 241 
48 104 104 203 203 214 245 245 251 252 252 252 
26 
18 76 152 152 206 206 206 250 250 250 250 
18 206 
19 19 
18 137 202 242 
30 175 175 196 196 196 196 
81 93 93 
17 17 

5 5 
223 223 223 
26 122 122 210 249 
8 8 8 21 228 228 247 
26 
134 
86 156 156 156 199 
147 147 171 171 203 205 205 217 217 233 233 233 
60 
122 
16 16 89 89 93 93 
111 111 111 
18 18 18 18 137 137 
3 3 3 3 5 8 8 25 35 53 53 53 65 93 93 125 153 153 153 160 162 173 176 176 228 228 228 238 238 
84 197 197 197 
113 177 204 204 
17 49 49 82 100 109 109 127 127 127 189 255 255 
128 
7 7 74 203 203 218 
26 237 237 253 
28 165 165 203 
16 78 78 93 93 
18 18 18 242 
121 121 121 238 

16 16 16 57 57 57 65 65 78 78 81 81 89 89 111 111 111 176 176 201 224 224 
5 5 112 112 112 243 243 243 
16 16 
127 200 200 229 240 240 240 
7 7 7 130 226 
5 5 5 20 26 166 166 166 209 213 213 213 237 237 237 
251 251 
84 194 198 
145 145 
5 203 

31 58 58 129 129 
1 1 1 
145 204 204 
152 
26 26 126 126 
84 84 127 194 194 198 216 
153 153 
79 79 79 93 93 93 
94 94 94 
83 145 177 177 204 246 
5 5 5 5 5 
211 253 
203 
26 26 234 234 
188 
152 152 
155 155 155 170 206 
55 55 91 91 91 238 238 
26 26 26 33 33 33 37 37 70 70 77 142 210 
50 196 
7 7 
81 
5 5 108 108 
54 54 54 84 84 84 96 109 144 144 144 144 187 187 189 229 229 229 
85 228 
104 104 
7 7 7 97 
21 21 228 
222 
5 227 227 
11 11 33 37 37 37 37 39 73 
175 175 

34 63 80 80 202 
4 14 

21 
5 5 8 26 26 
5 122 159 159 
5 5 149 
127 127 127 127 
101 101 106 113 204 204 246 246 
14 14 152 152 223 223 
75 75 
45 153 153 
143 203 203 
37 44 44 44 
228 228 
14 14 18 18 18 47 47 48 48 60 60 107 119 119 146 146 157 163 163 163 223 223 225 
1 1 2 2 2 21 21 25 45 45 45 81 81 81 110 110 148 148 179 179 228 228 
57 176 241 241 
120 120 120 206 
74 74 74 199 203 203 
31 152 
1 1 164 164 
5 5 142 142 
81 

81 238 
14 152 152 152 
1 1 158 158 232 
28 28 28 88 88 203 
20 98 98 98 209 
173 173 
8 8 
37 37 
120 174 174 206 
75 75 205 
11 
81 167 167 176 176 
170 170 206 206 206 
30 64 64 135 135 196 196 
81 81 93 93 154 173 173 
83 113 113 
5 
153 153 
14 14 18 

30 30 196 196 

228 228 
33 33 
18 18 
127 127 
44 44 118 
84 127 
0 0 236 236 
205 205 
18 18 23 
237 237 253 253 253 253 
100 109 109 
43 43 204 204 245 
5 30 30 64 64 64 64 123 175 175 182 182 
33 33 82 82 82 
100 109 255 
74 156 
96 96 
93 
63 137 
5 5 5 36 36 36 40 40 58 58 75 86 86 88 102 116 149 149 156 156 165 220 220 220 251 252 
83 83 106 106 113 145 145 195 195 245 
29 75 75 171 191 191 
18 18 18 60 60 60 61 120 155 170 174 174 174 
15 15 
4 4 4 14 
98 166 
70 122 
33 115 
6 6 6 222 222 
26 26 98 98 98 
58 252 
8 8 
109 
75 75 233 233 
7 7 86 
37 37 37 
203 203 203 251 
5 5 5 46 227 
33 33 132 212 212 
24 24 24 24 69 69 69 146 146 152 152 
93 93 
152 
97 
5 5 12 56 56 56 133 133 221 
8 8 8 21 71 71 81 81 81 128 131 151 151 153 153 184 184 
96 127 127 127 

26 
1 1 164 
75 75 75 217 217 
5 117 117 

0 0 190 190 
87 87 98 98 98 193 193 
5 5 5 55 55 81 81 91 121 121 162 
30 30 30 
96 96 96 
57 57 154 154 
63 90 
5 42 42 94 94 94 
5 5 
43 48 48 58 58 195 204 
113 145 145 
8 8 71 
5 
70 
60 60 60 60 
58 99 99 203 220 
58 58 58 203 214 
87 115 193 193 193 193 
5 50 
84 84 198 
