Nodes: 256, Edges: 626
18 18 18 190 236 
105 153 158 164 232 232 
153 153 
81 81 81 
14 14 14 18 32 32 32 138 208 208 208 
26 26 38 42 42 56 56 68 81 81 81 94 94 98 102 103 103 108 108 114 114 117 117 126 126 133 136 141 142 143 143 143 165 165 178 178 196 203 203 221 221 227 227 227 234 243 244 244 248 248 254 
212 212 212 212 
41 41 41 86 97 97 97 124 124 130 203 203 203 
71 71 81 131 168 215 228 228 228 


134 134 134 172 172 172 
227 227 
33 37 37 
4 4 4 18 18 32 32 32 47 51 51 51 138 138 139 139 146 146 163 163 180 180 
26 26 207 207 207 231 
78 78 89 93 93 95 95 95 
66 66 66 84 
0 0 0 4 14 14 60 60 60 61 61 63 63 63 80 80 90 152 186 186 192 192 206 
62 62 
98 98 98 166 
52 71 71 71 71 131 131 140 140 151 153 228 228 228 
43 
192 
223 223 
81 153 
5 5 15 15 33 44 59 59 59 67 67 70 70 72 87 98 98 117 122 122 122 141 175 175 196 196 213 237 237 

165 
191 205 
64 175 182 182 182 196 230 230 239 239 239 239 
157 
4 4 4 14 14 14 
13 26 39 39 39 44 122 185 185 197 197 211 211 222 222 
137 137 
53 53 81 
203 203 
13 13 122 134 134 134 150 219 219 219 219 
5 42 
33 33 33 134 

7 7 7 
5 5 38 81 
22 195 216 245 
26 33 59 59 150 150 188 188 
148 148 148 153 
56 56 56 56 221 221 
14 152 152 
58 152 152 245 

123 254 254 254 254 
14 14 14 
21 
35 35 
127 127 
121 121 
5 5 46 46 46 46 227 227 
93 154 241 241 241 
48 104 104 203 203 245 252 
26 26 26 44 44 
18 18 18 76 76 152 152 152 206 206 206 236 236 250 250 
18 18 206 206 
19 19 
18 18 18 90 192 202 202 242 
30 175 175 196 196 
81 93 93 
17 17 17 
26 26 
5 
223 
26 26 122 122 210 
8 8 21 21 21 21 131 228 247 
26 
134 
156 156 203 
147 147 171 203 205 217 217 
60 60 152 
122 
16 16 89 93 93 93 
111 111 
18 18 137 137 137 
3 3 3 5 5 5 8 25 35 42 65 93 93 93 153 160 160 162 162 162 173 176 176 203 203 228 228 238 
197 197 197 
113 177 204 
17 100 109 109 127 127 183 189 189 255 255 255 255 
128 128 128 
7 92 92 92 203 218 218 
26 237 237 253 253 
165 165 
16 78 93 93 
18 63 206 206 242 
121 121 
86 86 86 218 
16 16 57 65 65 78 78 78 81 81 81 89 89 111 111 154 154 176 176 201 201 201 224 
5 5 112 243 243 
16 16 16 
127 127 200 229 229 229 240 240 240 
7 7 7 130 130 226 226 226 
5 20 20 20 26 26 166 166 209 209 213 213 237 
251 
84 109 109 194 194 198 198 
145 
5 203 234 
5 5 
58 58 129 
1 
204 204 204 
119 119 119 152 
5 5 126 126 126 126 
84 84 100 100 127 194 198 198 198 216 216 216 
153 153 153 
79 79 93 93 
94 
83 177 177 204 246 
5 5 
253 253 
203 
5 5 26 234 234 234 

107 107 107 
155 170 206 
55 55 91 91 238 
26 26 26 33 37 70 70 77 142 210 210 
50 161 
7 7 

5 5 108 108 108 108 203 
54 54 84 84 96 96 109 144 144 144 144 187 187 187 229 229 229 
85 85 85 228 228 
104 
7 97 97 
8 21 21 71 228 
222 222 
5 227 
11 11 11 37 37 37 39 73 
175 175 
5 
34 34 80 80 80 202 202 
4 14 14 
14 14 
21 21 
5 26 
5 122 159 
5 5 5 203 221 221 
127 127 127 127 
101 204 204 204 246 246 
14 14 152 152 152 223 223 
75 75 205 
45 45 45 153 153 
203 203 
37 44 44 
21 228 
18 47 47 48 48 60 60 60 76 107 146 146 146 157 157 163 163 223 223 225 225 
1 2 2 21 25 45 81 110 110 110 148 148 179 179 228 228 228 
57 93 93 241 241 241 
120 206 206 
74 74 199 203 
31 152 152 
1 
142 
81 81 
123 
81 81 81 238 238 
14 14 152 152 
1 232 232 
5 5 28 88 88 203 
20 98 98 209 
173 173 173 
8 
222 
120 174 206 
75 205 
11 11 11 
81 167 167 167 176 
170 206 206 206 
26 26 30 64 64 135 135 196 
81 81 93 93 173 
83 113 113 
5 5 
153 153 
14 14 

30 30 30 196 196 
84 
228 228 
33 33 
18 18 
127 127 127 
44 44 
84 84 
0 236 236 236 
29 205 205 
18 18 23 63 
253 253 
100 100 109 
43 204 245 
5 26 26 30 64 64 175 182 182 
33 33 82 82 82 
100 100 109 109 109 
156 
96 229 229 229 229 
93 93 93 
63 63 137 137 
5 5 7 7 7 36 36 58 58 74 75 81 81 86 102 116 126 143 149 149 156 165 220 220 251 251 252 252 
83 106 106 106 113 145 145 145 195 245 245 
29 75 147 171 191 191 
18 60 60 60 61 61 90 90 120 155 155 170 174 174 174 
15 15 15 
4 4 4 
98 98 166 
70 122 122 
33 33 
6 6 6 6 222 
26 98 98 
252 252 
8 
43 109 109 109 
75 75 233 233 
86 86 92 
37 37 37 37 
203 203 251 251 
5 5 46 46 143 143 227 227 
33 33 132 132 169 212 
24 24 69 146 146 152 152 
93 
152 152 
97 97 97 
5 5 5 12 12 56 56 133 221 221 
8 8 8 21 21 21 71 81 81 128 128 131 151 153 153 153 184 184 
96 96 96 127 127 127 200 200 200 200 
30 30 
15 
1 1 164 164 
217 217 
5 102 117 117 117 

0 60 60 190 190 190 
26 26 87 87 98 
81 121 162 162 
30 30 30 30 
96 96 96 
57 57 57 154 154 154 
63 90 
5 94 94 
5 5 
43 48 58 195 204 204 
113 145 145 
71 
5 5 

60 60 
99 203 203 220 220 
58 203 203 214 214 
87 87 115 115 193 193 
5 50 50 50 50 
84 84 84 84 
