Nodes: 256, Edges: 626
18 18 
21 105 105 153 153 158 232 232 
153 
81 81 
14 18 18 32 138 208 208 
26 26 38 38 42 46 50 56 56 68 81 81 81 98 102 102 103 114 114 114 114 117 123 123 126 126 136 141 142 143 143 143 159 196 203 203 221 221 227 234 238 238 238 243 244 244 248 248 
212 212 212 
41 74 97 97 124 124 130 130 203 203 203 
71 71 81 81 168 168 215 215 215 228 228 247 247 
182 182 
14 14 14 
134 134 172 
227 227 
33 33 37 37 
4 10 10 10 18 32 47 138 139 139 139 146 152 163 163 163 180 180 180 208 208 
26 207 231 231 
78 89 93 95 95 95 
66 66 84 84 
0 0 4 4 14 60 60 63 80 90 152 152 152 180 186 186 192 206 206 206 
62 
98 98 166 166 
1 45 52 52 71 71 131 131 140 140 140 151 153 153 228 228 228 
43 
192 192 
223 
81 81 
5 5 15 33 33 44 59 59 62 67 67 70 70 70 72 72 84 87 98 108 117 117 122 141 141 175 175 196 213 231 231 231 237 

88 88 165 165 
205 
64 175 175 196 196 196 230 230 239 
157 
4 14 
13 13 26 26 37 37 39 39 39 44 44 122 122 122 134 185 185 197 197 211 222 222 
137 
53 81 81 81 
203 
13 13 33 33 134 169 219 219 
5 5 42 
33 33 33 73 134 
203 203 
7 
5 38 81 81 243 243 
22 245 
26 33 33 59 150 188 188 188 
21 148 153 153 153 
5 56 221 
14 152 152 152 
152 152 
84 
5 123 254 254 254 254 
137 
21 21 
35 81 
127 127 
121 121 121 238 238 
5 5 46 181 181 
154 154 241 241 
104 104 104 203 203 203 245 245 251 252 252 252 
26 26 44 
18 18 152 152 206 236 236 236 250 250 250 250 
206 206 
19 26 
18 90 137 137 192 202 202 202 242 242 
30 175 175 175 196 196 196 
81 93 93 
17 17 
26 26 
5 
223 223 
26 26 26 77 122 122 122 210 210 249 
8 8 21 21 131 131 228 228 
26 26 
39 134 
7 156 156 156 203 
147 171 203 205 217 217 233 233 233 
152 
70 122 
16 89 89 93 93 
111 111 111 
18 137 137 
3 3 5 5 5 8 8 25 25 35 35 35 42 42 53 65 93 93 125 153 153 153 160 162 162 173 176 176 228 228 228 238 251 
197 197 197 197 
113 177 177 204 204 204 
17 17 26 49 100 109 183 255 255 
128 128 128 128 128 
92 92 92 92 203 218 
26 237 
28 28 165 165 203 203 
16 78 78 93 93 
18 63 206 206 206 242 242 
121 238 238 238 
86 86 86 86 203 218 
16 65 65 78 78 81 81 89 89 111 111 111 154 176 176 176 201 201 224 
112 243 
16 16 16 
127 127 127 200 200 229 229 229 240 240 
7 7 130 130 226 226 
5 20 20 26 209 209 209 213 213 237 237 

84 109 194 194 198 198 
145 145 
5 5 234 
5 
58 58 58 129 129 152 
1 1 
145 145 204 204 
152 
26 126 126 126 
84 100 127 198 198 216 216 216 216 
153 153 
79 79 79 93 93 93 
94 
83 145 177 204 204 246 246 
5 5 5 5 
211 253 253 253 
203 203 
5 26 26 234 
188 188 188 
152 152 
155 170 170 170 206 206 
55 55 55 91 238 238 
26 33 33 33 70 70 70 77 210 
5 5 50 161 161 196 
7 7 
81 
5 5 108 108 108 203 203 
54 54 96 96 96 109 144 187 189 189 229 229 
85 85 85 85 85 
104 104 
7 7 97 97 
21 21 71 71 
222 
227 
11 11 33 37 39 73 
175 
5 
34 51 63 63 80 80 
4 14 
14 14 14 
21 21 21 
5 26 26 
5 159 
5 5 5 149 221 221 
127 
101 101 106 106 113 204 204 246 246 
14 152 152 223 
75 
45 
143 203 
44 
21 228 228 
14 18 18 18 47 47 47 48 48 60 60 76 104 107 119 119 146 146 157 157 223 223 225 225 
1 1 2 21 21 45 45 45 81 81 81 110 110 179 228 228 
57 57 93 176 176 176 241 
120 206 
74 74 74 199 203 203 203 
31 152 152 
1 164 164 
5 142 
81 
123 123 
81 81 238 238 
14 14 14 
158 158 232 
28 28 88 88 203 
20 20 209 209 
173 173 
8 8 
37 
120 120 120 174 174 206 
75 205 205 
11 
81 167 167 176 176 176 
170 170 206 
26 26 30 30 64 64 64 135 196 
81 81 93 93 93 154 154 154 173 173 173 
83 83 113 

153 
14 14 14 18 
56 56 
9 9 196 196 
84 
228 228 228 
33 33 
18 18 
127 
44 44 44 118 118 118 
127 127 
236 
205 205 
18 23 23 63 
253 253 
100 100 

5 26 30 30 30 64 64 64 123 175 182 182 
33 33 82 82 82 82 
100 100 109 109 
156 
96 96 229 229 229 
93 93 
63 63 63 
5 5 7 7 7 36 40 40 58 58 58 74 75 86 88 88 92 116 116 126 126 149 156 156 156 165 220 251 252 
83 83 83 106 106 113 113 145 145 245 
29 75 171 171 191 191 
18 18 18 60 61 61 90 90 90 120 120 155 170 174 
15 
4 4 14 14 
98 98 98 166 166 
70 70 122 
33 115 
6 6 6 222 222 
26 98 98 237 
252 252 252 
8 8 8 
109 109 109 109 
75 75 233 
86 92 
37 37 
203 251 
5 5 46 143 143 227 227 227 
33 33 132 212 212 
24 69 69 146 152 152 
93 
152 152 
97 97 
5 12 12 133 221 221 221 
8 8 21 21 21 71 71 81 81 81 151 151 153 153 184 184 184 
96 96 96 127 127 200 200 200 
30 30 
15 15 26 26 26 
1 1 164 
75 75 75 217 
5 102 117 
243 
60 60 60 190 
26 87 98 98 213 
5 5 5 55 55 81 91 91 91 121 121 162 162 
30 
96 96 
57 57 154 
63 63 90 90 
5 42 42 94 235 
5 5 
43 58 58 204 
113 113 145 145 
8 8 
5 5 
70 
60 60 60 60 
58 81 203 220 
58 58 58 203 214 214 214 
115 115 115 193 193 
50 50 50 50 
84 84 
