Nodes: 256, Edges: 626
18 190 190 190 236 236 
21 153 158 164 164 232 232 
153 153 
81 81 81 
14 32 32 138 138 208 208 
26 26 38 38 38 42 50 50 56 81 94 94 94 102 103 108 108 117 126 126 126 126 133 133 133 136 136 142 143 143 143 159 165 165 178 196 203 203 203 221 221 221 227 227 234 234 238 238 243 244 244 248 248 248 254 254 
212 212 
41 86 97 124 124 130 130 203 203 218 
71 71 81 81 168 228 228 228 247 
182 182 

134 172 

33 33 37 37 
4 32 47 51 138 138 139 146 146 152 180 180 
26 26 26 207 231 231 231 
89 93 93 95 95 95 
66 66 66 66 84 
0 60 60 61 61 61 63 80 80 152 152 180 186 192 192 

98 166 
1 52 52 52 71 131 131 131 140 140 151 153 228 228 
43 
192 
223 223 
81 
5 5 15 15 15 33 33 44 44 59 59 59 62 62 67 67 70 70 72 72 72 84 87 87 98 108 108 108 117 117 122 122 141 141 175 175 175 196 213 237 

88 88 165 191 
191 205 
64 175 182 196 196 230 239 239 
104 157 157 
4 4 14 
13 13 26 26 37 37 39 39 39 39 122 122 134 185 197 197 211 222 222 222 

53 53 81 
203 
13 13 33 33 122 134 134 134 150 169 219 219 
5 5 5 42 
33 33 33 33 134 
203 203 203 
7 
5 38 81 243 243 
22 195 245 245 
26 26 59 150 188 188 
148 148 153 
56 56 56 221 221 
14 152 152 
245 245 245 
84 84 
5 5 123 123 254 254 
14 61 
21 21 21 
35 35 
127 127 
121 121 121 238 238 238 
5 46 46 46 227 227 227 
93 93 154 154 241 
104 104 104 152 152 203 214 214 245 245 251 252 252 252 
26 26 26 44 
18 18 76 76 152 152 206 206 206 236 250 250 
18 18 18 51 206 206 206 
26 26 
18 90 137 137 192 202 202 202 
30 175 175 175 196 196 196 
93 
17 17 17 17 
26 26 

223 223 223 223 
26 26 122 122 122 210 210 249 
8 8 21 131 228 228 247 
26 26 26 
134 
86 156 203 203 203 
171 171 203 203 217 233 233 233 
60 60 

89 93 93 93 

18 18 137 
3 3 3 5 8 8 25 35 42 93 93 93 125 153 153 153 160 162 162 173 173 176 176 176 203 203 228 228 238 238 251 
84 197 
113 113 177 177 177 204 
17 26 49 49 82 100 109 109 127 183 189 189 189 255 255 
128 128 
7 74 92 92 92 203 203 203 218 218 
26 26 237 253 
28 28 165 165 
16 78 93 93 
63 206 242 
121 121 
86 86 86 203 203 
16 16 57 57 65 78 78 78 81 81 81 89 89 111 154 176 201 224 
5 5 5 112 243 
16 16 16 
127 229 240 240 240 240 
7 130 226 226 
20 26 166 166 209 209 213 237 237 
251 251 
84 109 109 194 194 198 

5 203 203 
5 
31 58 58 58 129 

145 204 204 
119 119 119 152 152 152 
5 5 26 26 26 126 126 126 126 
84 84 100 100 127 127 127 198 198 216 216 
153 
93 
94 
83 83 145 177 204 204 246 

211 253 253 
203 
5 26 26 234 234 234 234 
188 188 188 
107 107 107 152 152 152 
155 155 155 170 
55 55 55 91 91 
26 26 33 33 37 70 70 70 210 210 210 
50 50 161 161 196 
7 7 
81 
5 5 5 5 108 108 108 108 203 
54 54 84 96 109 109 109 144 144 144 144 187 187 189 216 229 
85 85 228 228 
104 
7 7 97 
21 21 21 71 228 
222 222 
5 5 5 227 
11 33 37 37 37 39 73 
175 175 175 
5 5 
63 63 80 202 202 202 
4 4 14 14 
14 
21 21 
26 26 
5 159 159 
5 5 5 149 221 221 
127 127 127 127 
106 113 204 204 246 246 
14 14 152 152 152 

45 45 153 153 
143 203 203 233 
37 44 
21 228 
14 18 18 47 47 58 58 60 60 107 107 107 119 119 119 146 146 146 157 157 223 
1 2 2 21 45 81 81 81 110 148 148 179 179 228 228 228 
57 57 93 176 241 241 
120 120 120 206 
74 203 
31 31 152 152 
1 164 
5 142 142 
81 251 
123 123 
81 81 238 

1 1 158 232 
5 5 28 88 88 203 
20 98 98 209 209 209 
173 
8 
37 222 
120 174 174 
75 75 205 
11 
81 81 167 176 176 176 
170 170 206 
26 26 26 30 64 64 64 135 135 135 196 196 
81 81 81 93 154 173 173 173 
83 83 83 113 
5 
153 153 
14 14 18 

9 9 30 196 
84 
228 228 
33 
18 
127 127 
44 44 118 118 118 
84 84 84 127 
0 0 0 236 
28 29 
18 18 23 63 
237 237 237 253 253 253 
100 100 
43 204 204 245 245 
5 26 30 30 64 64 64 123 175 175 182 
33 33 82 
100 109 109 255 

229 229 
93 
63 63 63 137 137 137 
5 5 5 7 7 36 40 40 40 58 74 74 74 75 75 81 81 86 86 86 92 92 102 102 116 126 149 149 156 165 251 251 252 
83 106 106 113 113 145 145 195 195 245 245 
29 171 
60 60 60 61 61 61 90 155 174 
15 
4 4 
98 98 166 166 166 
70 70 122 122 122 
33 115 
6 6 222 222 
26 98 237 
58 58 252 252 

109 109 127 
75 233 
7 86 86 
37 37 
251 251 
5 5 5 46 46 143 143 
33 33 33 132 132 169 212 212 
24 24 69 69 69 69 152 
93 

97 97 
5 5 56 56 56 133 
8 8 8 21 21 71 71 81 81 128 128 131 151 153 153 153 184 184 
96 127 200 200 
30 
15 15 15 
1 1 164 
75 75 75 149 217 
5 5 117 117 117 117 
243 
0 0 60 190 
26 87 98 98 193 193 193 213 
5 5 55 55 55 81 81 162 
30 30 
96 96 96 96 
57 154 154 
90 
5 42 42 94 235 
5 5 
43 43 48 48 48 58 58 195 195 204 204 
113 145 145 
8 71 
5 5 5 
70 
60 60 
58 81 99 99 160 203 203 220 220 
58 58 58 203 214 214 
87 115 115 193 193 193 
5 5 50 50 
84 84 198 
