Nodes: 256, Edges: 626
18 18 18 18 190 190 236 236 
21 105 153 153 153 164 164 164 232 232 
153 
81 81 81 
14 14 18 32 32 208 
26 38 42 42 42 46 56 56 56 68 68 81 81 81 94 98 102 102 102 103 103 108 114 114 114 117 126 126 133 136 141 141 142 142 142 143 143 159 159 159 165 165 165 165 178 196 203 203 203 227 227 227 238 238 243 243 244 248 
212 212 212 
41 41 86 86 97 97 124 124 130 130 203 203 203 
81 81 81 168 215 228 228 247 

14 
134 134 134 172 172 172 172 
227 227 
33 37 
4 4 10 18 18 32 51 51 138 138 138 146 152 163 163 163 180 208 
26 26 207 207 207 231 231 
78 78 89 93 93 93 95 95 
66 66 66 84 84 
0 0 0 0 4 14 14 63 63 80 80 80 80 90 152 152 152 186 186 192 206 
62 62 
98 166 
1 52 52 52 71 71 131 140 140 153 153 153 228 228 


223 223 223 
81 153 153 153 
5 15 15 33 33 33 44 59 62 62 67 70 70 72 84 84 87 87 98 98 108 108 117 117 141 141 175 175 175 196 231 237 
110 
88 88 88 
191 205 
64 110 175 182 182 182 196 196 230 239 239 239 
157 157 
4 4 14 
13 26 26 26 39 39 44 185 197 222 222 
137 
53 81 81 
203 203 
13 122 134 134 134 134 169 219 
5 42 42 
33 33 134 
203 203 
7 7 
5 5 5 38 38 243 243 
195 245 245 245 
26 33 150 150 188 
148 148 153 
5 56 56 56 56 221 
152 
152 
84 84 84 
123 254 
14 14 137 
21 21 21 
35 81 81 
127 
121 121 238 238 
5 5 5 46 46 46 46 227 227 
93 93 93 154 154 241 241 
203 214 214 252 252 
26 
152 206 206 236 236 250 250 250 
206 206 
19 19 26 26 
18 18 90 90 90 137 192 202 202 202 242 242 
30 175 175 175 196 196 196 
81 81 81 93 93 
17 17 17 
26 
5 5 
223 223 
26 26 122 122 210 249 
21 21 131 131 228 228 
26 
134 
156 156 203 203 203 
147 171 171 203 203 205 205 217 217 233 233 233 
152 
122 122 
16 16 93 93 
111 
18 18 18 18 137 137 
3 3 3 5 5 5 8 8 8 25 35 35 53 53 65 65 65 93 93 125 153 153 160 162 173 176 176 203 203 228 228 228 238 238 251 251 
197 197 197 
113 113 177 177 177 177 204 
17 17 26 26 49 49 49 100 100 109 109 127 183 189 255 255 255 255 
128 128 
7 7 92 92 203 203 203 218 218 218 
26 26 237 237 253 
28 28 28 165 165 203 
16 93 
18 63 63 63 206 206 242 242 
121 121 238 238 
86 86 203 218 
16 16 16 57 57 57 65 65 78 78 81 81 89 111 111 154 176 176 176 201 201 224 224 
5 112 112 243 
16 16 
127 144 200 229 240 240 240 
7 7 130 130 226 
5 20 26 26 166 166 209 209 213 213 237 237 
251 
84 84 109 194 194 194 
145 145 
5 5 5 203 203 
5 5 
129 129 152 
1 
145 
119 
5 26 26 126 126 126 
84 84 100 127 194 198 216 216 
27 30 
79 93 93 
94 94 
83 83 177 204 204 246 246 
5 5 5 
253 253 
203 203 
5 26 26 234 234 
188 
107 152 152 
155 155 206 
55 55 91 91 
37 70 70 77 77 210 
50 161 196 
7 7 
81 
5 5 108 108 108 203 203 
54 84 96 109 144 144 187 187 189 
85 85 228 228 228 
104 104 
7 7 97 97 
21 71 71 
222 
5 227 227 
11 11 11 37 37 37 37 39 73 
175 
5 
34 51 63 80 80 202 202 202 
14 14 14 

21 21 
5 5 26 26 
5 5 5 159 
5 5 149 149 203 221 221 
96 127 127 
101 101 106 204 204 246 246 
14 152 152 223 
75 
45 45 153 153 
143 143 
44 44 
228 
14 18 18 18 47 48 60 76 104 119 119 146 146 157 157 163 223 225 225 
1 1 1 2 21 21 21 25 25 25 45 81 81 148 148 179 179 179 228 228 228 
57 57 93 241 241 241 
120 120 206 206 
74 74 203 203 203 
31 31 152 152 
164 164 
5 5 5 142 
81 251 
123 
81 238 238 238 
14 14 14 152 
1 1 1 158 158 232 232 
5 5 5 5 88 88 203 
20 98 98 
173 173 
8 
37 
174 174 174 206 206 
75 75 205 205 
11 11 11 11 
81 167 167 176 176 
170 170 170 206 
26 26 26 30 64 64 64 135 196 
81 81 93 93 93 173 173 
83 83 83 83 113 
5 
153 153 153 
14 

30 30 30 196 196 
84 
228 228 
33 
18 18 
127 127 
44 118 
84 127 
0 0 236 236 236 
29 205 
18 63 
237 237 253 
100 100 100 109 
43 204 245 
5 26 30 30 64 64 64 123 175 182 182 
33 82 82 82 
109 255 

96 229 229 
93 93 
63 63 63 137 137 137 
5 5 5 7 7 7 36 36 40 40 58 74 74 74 75 75 81 81 86 86 86 88 92 102 102 116 116 126 126 143 156 156 156 165 220 251 251 252 
83 113 113 145 145 195 245 245 
29 75 75 171 171 191 
18 60 60 61 61 90 90 120 155 155 170 170 174 
15 15 15 
4 14 
98 98 
70 122 

6 6 6 222 222 
98 98 
58 58 
8 
109 109 
75 75 233 233 
86 86 86 92 
37 
203 251 
46 143 143 227 
33 33 132 212 212 
24 24 24 69 69 146 152 
93 93 
152 152 
97 
5 5 5 12 12 56 56 133 133 221 
8 8 21 21 71 71 81 81 81 128 128 128 151 153 153 153 184 184 
96 200 200 
30 
15 15 26 
1 1 164 164 
75 75 75 217 217 
117 117 
243 
0 0 60 60 190 190 190 
26 87 87 98 98 193 193 
5 5 55 55 81 81 91 91 162 162 162 
30 30 30 
96 96 96 
57 57 154 154 154 
63 63 90 90 
5 5 42 42 94 235 
5 
43 43 43 195 204 204 
113 113 145 145 
8 
5 
70 
60 60 60 
81 81 99 160 203 203 220 
58 58 203 
87 115 115 193 
50 
84 84 84 84 198 
