Nodes: 256, Edges: 626
18 18 190 236 
21 21 153 158 158 164 164 232 232 
153 
81 81 81 81 
14 14 18 18 138 138 208 208 
26 38 42 42 46 46 50 50 56 56 81 81 94 103 103 108 108 114 114 114 117 117 117 123 123 126 126 126 133 136 136 141 141 142 142 142 143 143 159 165 178 196 196 221 234 243 243 248 254 
212 212 212 
41 74 86 86 97 124 130 203 218 
71 71 81 131 168 168 168 228 228 228 247 
182 
14 14 
134 134 172 172 172 
227 227 227 
33 33 33 37 
4 4 10 10 18 18 32 47 47 138 138 139 146 180 180 208 208 
26 26 207 207 207 207 231 
78 89 93 93 
66 66 66 66 84 
0 0 4 4 14 14 60 61 61 63 63 80 80 90 152 152 152 180 186 192 192 206 206 
62 62 
98 
1 1 45 52 52 52 71 71 131 140 151 153 153 228 
43 

223 223 
81 81 153 153 
5 15 15 33 33 33 44 44 44 59 59 62 62 84 87 87 98 98 98 108 117 117 122 141 141 175 175 175 196 196 213 231 231 237 237 
110 
88 165 165 165 
191 
64 64 123 175 182 196 196 196 230 230 239 
157 157 
14 
13 13 13 26 26 26 37 37 39 39 39 39 44 122 122 134 185 197 197 211 211 222 222 222 

53 53 
203 203 203 
13 33 33 122 134 134 169 169 169 219 219 219 
5 42 42 
33 33 33 33 73 134 
203 203 
7 
5 5 38 38 81 243 
22 195 195 195 245 245 
26 26 26 33 59 59 150 188 188 
21 148 148 153 153 
5 5 56 
14 14 152 152 152 
58 152 152 152 245 
84 
5 5 254 254 254 254 
61 
21 21 21 
35 35 81 81 
127 127 
121 121 238 238 
5 5 46 181 227 
93 93 154 241 241 
48 104 104 104 152 203 245 252 252 
26 26 44 44 
18 76 152 236 236 250 250 250 250 
18 18 51 206 206 
19 19 26 26 
18 18 90 137 202 242 
30 30 175 196 196 196 
81 93 93 93 
17 17 17 17 


223 223 223 223 
122 122 210 249 249 
8 8 21 21 228 228 

39 134 
7 86 199 
147 171 203 203 203 205 205 233 
60 
122 122 122 
16 89 89 93 93 93 
111 
18 18 137 137 
3 3 3 3 5 5 8 25 25 42 53 53 65 93 125 153 160 160 173 176 203 203 228 228 238 251 
84 197 
177 204 204 
17 26 49 82 100 100 109 109 127 127 183 183 189 189 255 255 255 255 
128 128 128 
7 7 74 203 203 203 218 218 
26 26 237 253 
28 165 165 203 
16 78 78 93 93 93 93 
18 63 242 242 
121 238 238 
203 218 
16 16 57 57 65 65 65 78 78 78 81 89 89 89 89 111 111 111 154 154 176 176 176 201 201 201 224 
5 243 243 

127 200 200 229 229 240 240 240 240 
7 130 226 226 
20 26 26 26 166 166 166 209 213 213 237 
251 251 
84 84 109 109 194 198 198 
145 145 
203 
5 5 
58 58 58 129 
156 
145 204 204 204 
119 119 119 152 
5 5 26 126 126 
84 84 100 100 127 198 198 216 216 
27 
79 93 93 93 

177 204 204 204 
5 5 5 
253 253 253 253 
203 203 203 
5 5 5 26 26 234 234 
188 188 
107 107 107 152 152 
155 155 155 155 155 206 
55 55 91 238 238 
26 33 33 37 70 70 77 77 77 210 210 
5 5 30 161 161 196 
7 
81 
5 5 5 108 108 
54 54 84 84 96 109 144 144 144 187 216 229 229 
85 85 85 228 228 
104 
7 97 
8 21 
222 
5 227 227 
11 11 33 37 37 39 73 

5 5 
63 80 80 202 202 202 
4 4 14 14 
14 
21 
5 5 26 26 
5 5 5 159 159 
5 5 149 203 203 221 221 221 
127 127 127 
101 101 106 246 246 246 
14 152 223 223 
75 
45 45 153 
143 203 203 
44 
21 228 228 
18 18 18 47 47 47 48 48 48 58 60 107 119 119 146 157 157 163 163 163 223 223 225 225 
1 2 21 21 25 25 45 45 81 148 179 228 228 
57 93 93 176 176 
120 120 120 120 120 206 206 
105 199 203 203 
31 31 152 152 
1 1 164 
5 142 142 
81 81 251 
123 123 
238 
152 152 152 
1 1 158 232 
5 28 28 28 88 88 203 203 
98 98 98 209 
173 173 
8 8 8 
37 37 37 
206 206 
75 205 
11 11 11 
81 167 167 176 176 
206 
26 26 26 30 64 196 
81 93 93 93 154 154 173 173 
83 113 
5 
153 
14 14 18 
56 
9 30 196 196 
84 84 
228 228 
33 
18 
127 
44 44 118 118 
84 84 
0 236 236 
29 205 205 
18 18 
237 237 253 
100 
43 43 43 204 245 245 245 
5 5 26 26 30 30 30 64 64 64 123 175 182 182 
33 33 82 
100 100 109 109 
74 156 
96 96 229 229 
93 93 93 
63 137 137 137 
7 36 36 36 40 40 58 75 75 75 81 81 86 86 86 88 92 102 116 116 116 143 143 149 149 156 156 165 165 220 220 251 251 
83 83 106 106 106 113 113 113 195 245 245 
75 75 171 191 191 
18 18 61 61 120 155 155 170 170 174 
15 15 15 15 
4 4 14 14 
98 166 
70 122 122 
33 33 
6 6 6 
26 98 98 237 
252 
241 
109 109 127 
233 233 
7 86 86 92 
37 37 37 
203 203 251 
5 143 143 143 227 235 
33 33 33 132 
24 24 69 69 69 69 146 146 152 152 
93 
152 152 
97 97 
12 12 12 56 133 133 221 
8 8 8 21 71 71 81 81 128 128 151 151 153 153 184 184 
96 96 127 127 200 200 
30 30 
15 26 26 
1 1 164 
75 217 217 
5 117 117 
221 243 
0 60 60 190 190 
26 26 87 98 193 193 213 
55 55 81 91 91 121 121 162 
30 
96 96 96 96 
57 57 215 
63 90 90 
5 5 42 94 94 235 

43 43 48 58 195 195 195 204 204 
145 145 145 
8 
5 
70 70 
60 60 60 60 
81 99 99 160 203 203 220 
58 58 214 
87 115 115 115 115 193 
5 50 50 50 50 
84 84 84 84 
