Nodes: 256, Edges: 626
18 18 18 190 
21 21 105 153 164 232 
153 153 153 
81 81 81 81 81 
18 32 32 138 138 138 
26 26 38 38 38 42 46 46 56 56 68 68 68 81 81 94 94 102 102 103 103 108 108 114 114 117 117 123 123 126 133 141 141 143 143 178 178 203 203 221 221 221 227 234 234 238 243 243 244 244 244 248 254 
212 212 212 
41 41 86 86 97 124 124 130 203 203 218 
71 71 81 81 81 168 215 215 228 228 228 247 
182 
14 14 14 
134 172 172 172 

33 33 37 37 
10 10 10 18 18 32 32 47 47 51 138 138 138 139 139 139 152 152 152 163 180 208 
26 207 207 207 207 207 
78 78 89 89 93 93 93 95 95 
66 66 66 84 84 
0 0 0 4 14 14 60 60 60 61 61 63 63 80 80 80 90 152 152 192 206 206 206 

98 98 98 166 
1 1 45 52 71 71 71 131 131 131 131 140 153 228 228 

192 
223 223 
81 81 153 
5 5 15 44 59 62 67 70 72 87 98 98 108 108 122 122 141 141 175 175 175 175 196 231 231 237 

165 191 
191 205 
64 64 64 175 182 196 196 196 230 239 239 
104 157 
4 4 14 14 
13 13 37 37 39 39 39 44 44 122 134 185 185 211 211 211 222 222 222 
137 137 137 
53 53 
203 
13 13 33 33 122 134 134 134 134 169 219 
5 5 5 
33 33 33 73 
203 
7 7 
5 243 243 
195 245 245 
26 33 33 59 59 150 188 
21 148 153 153 153 
5 5 221 221 221 221 
14 14 
58 152 245 245 
84 
123 254 254 
14 61 137 
21 
35 35 
127 
121 121 238 238 238 
5 5 181 181 227 227 227 
93 93 93 154 241 241 
48 104 152 203 203 214 251 252 252 252 
26 44 44 
18 18 18 76 152 152 152 
18 18 51 206 206 
26 
18 18 90 90 90 
30 30 30 175 175 196 196 196 
81 81 81 93 
17 17 17 
26 
5 5 5 
223 223 223 223 
26 122 122 122 210 210 210 249 249 
8 8 21 21 21 228 228 247 
26 
39 134 
156 156 199 203 203 
147 147 171 203 203 205 205 217 217 217 233 
60 152 
122 122 122 
16 16 89 93 93 93 

18 18 18 137 137 137 
3 3 3 3 3 5 5 8 8 8 25 25 65 65 65 93 125 153 153 160 162 162 162 173 173 176 176 203 203 228 228 228 238 251 

113 177 177 177 177 204 204 204 
17 17 49 100 100 109 127 183 189 189 189 255 255 
128 128 128 128 
7 7 203 218 218 
26 237 253 253 
165 
16 16 78 93 93 93 
18 63 63 63 206 242 242 242 
121 121 121 238 
218 
16 16 16 57 57 57 65 78 78 78 81 89 89 89 111 154 154 176 176 201 224 224 
5 5 112 112 112 
16 16 
127 127 127 229 229 240 240 240 
7 130 130 226 226 
20 20 20 26 26 166 209 209 209 213 
251 251 
84 84 109 109 194 198 

5 5 
5 5 
31 58 152 
1 156 
145 145 145 
119 119 152 152 152 
5 5 26 26 126 126 126 126 
84 100 100 127 127 194 194 194 198 216 216 
153 153 
93 
94 94 94 
83 145 145 177 204 246 
5 5 
253 253 253 253 253 
203 203 203 
5 5 234 234 234 234 
188 
107 107 152 
155 155 155 170 206 
55 55 91 91 91 238 
26 26 33 37 70 70 70 77 77 77 210 210 
5 5 50 161 161 
7 7 
81 
5 108 108 108 108 203 
54 84 96 96 96 109 109 144 144 144 144 187 187 189 189 189 216 216 229 229 
85 85 85 85 228 228 228 

7 97 97 
21 21 21 21 
222 
5 227 227 
11 33 37 37 37 37 73 
175 

34 34 34 51 80 80 80 
4 4 4 14 14 14 
14 14 14 
21 
5 5 26 26 
159 159 
5 5 203 221 221 221 221 
127 127 127 127 
106 106 106 113 113 204 204 246 
152 152 223 
75 75 
45 153 
203 
44 
228 
14 14 14 18 18 48 58 60 60 60 76 104 107 107 107 119 146 146 163 223 225 
1 2 2 2 21 25 45 45 45 81 81 110 110 148 179 179 228 228 
57 93 93 176 176 241 241 
120 120 120 
74 74 105 203 203 
31 
164 164 
142 142 
81 
123 123 
81 81 81 238 
14 152 
1 158 158 232 
28 88 203 203 
20 98 209 
173 
8 
37 
120 174 174 206 206 
75 205 205 
11 11 11 
81 81 167 176 176 
170 170 206 206 
26 26 26 26 30 64 64 135 196 196 
81 81 93 93 154 154 173 173 
83 83 83 83 113 
5 5 
153 153 
14 
56 56 
9 30 196 196 
84 
228 228 
33 33 

127 127 
44 118 
84 84 84 127 127 127 
0 
28 29 205 
18 23 
253 253 253 
100 109 109 109 
43 204 245 245 
26 30 30 30 64 64 64 175 175 182 182 

100 109 255 
74 
229 229 
93 

5 5 7 7 36 40 58 58 74 74 75 75 81 81 86 116 116 116 126 143 149 156 156 165 165 220 251 252 
83 83 83 113 145 145 195 245 
29 75 75 171 171 191 
18 18 18 61 61 90 120 170 170 174 174 
15 15 15 15 15 
14 
98 98 98 166 
70 70 70 122 122 
33 33 33 
6 6 6 222 222 
98 237 
58 252 252 
8 8 
109 109 127 127 
75 75 75 233 
7 86 86 92 
37 
203 251 251 
5 5 5 46 46 46 46 143 143 143 143 227 227 
33 33 33 132 212 212 
24 24 69 69 69 69 146 152 
93 93 
152 
97 97 
5 56 56 56 133 133 221 221 
8 8 8 21 21 71 71 81 81 81 128 128 128 151 153 153 184 184 
96 96 127 127 200 200 
30 
26 26 
1 164 
75 217 
5 5 117 117 117 117 
243 

26 87 213 
5 55 55 55 81 91 121 162 
30 30 
96 96 96 
57 57 154 154 
90 90 90 
5 5 42 42 235 
5 5 5 
43 43 48 48 195 195 204 
113 145 
8 71 
5 
70 70 

58 81 99 99 203 220 220 
58 58 58 203 214 214 
87 87 115 115 115 115 115 193 193 193 
5 50 50 
84 84 198 
