Nodes: 256, Edges: 626
18 18 18 190 236 
21 105 105 153 153 153 158 164 164 164 232 
153 153 
81 81 
14 14 32 32 208 208 
26 38 42 42 50 68 68 68 81 81 81 98 98 103 103 103 108 108 108 114 114 114 114 117 123 126 126 126 126 133 136 136 141 141 141 142 142 142 143 143 159 165 165 178 178 196 196 203 203 203 221 221 221 227 227 227 234 238 238 243 243 248 254 
212 212 212 212 
41 41 41 74 74 86 97 124 124 130 203 
71 81 81 168 168 215 215 228 228 247 247 
182 
14 
134 134 134 172 172 
227 227 227 
33 33 37 
4 4 10 18 18 32 32 47 47 51 51 138 138 139 139 146 146 152 163 163 208 
26 26 207 207 207 231 
78 78 89 93 95 95 95 
66 66 66 66 84 
0 0 0 14 14 60 60 61 61 63 63 63 80 80 80 80 90 90 152 180 186 186 192 192 
62 62 62 
98 98 166 166 166 
1 52 52 71 71 71 131 131 131 131 153 153 228 228 228 
43 
192 
223 223 
81 81 
5 15 15 33 33 44 44 44 62 67 70 72 84 84 98 98 98 117 122 175 175 175 196 196 213 231 231 237 
110 
88 
191 205 
182 182 196 196 230 230 239 239 239 
104 
4 4 14 14 
13 13 26 26 37 37 39 39 39 39 44 44 122 122 134 134 185 197 197 211 211 222 222 
137 
53 53 81 81 
203 203 203 
13 33 33 134 134 134 134 150 219 219 219 
5 42 
33 33 33 33 
203 
7 7 7 
5 5 38 243 243 
22 195 216 
26 26 26 33 33 59 150 150 188 
148 153 153 
221 
14 14 152 
152 245 245 
84 
5 123 123 254 254 254 254 
14 14 
21 21 
35 35 81 

121 121 238 
181 227 
93 93 241 
104 104 152 203 203 245 245 252 252 
44 
18 18 76 76 206 206 250 250 
18 18 206 206 
19 19 19 26 
18 18 18 90 137 137 202 202 242 
196 196 
81 81 93 93 
17 17 17 17 
26 
5 5 5 
223 223 223 223 223 
26 77 122 210 210 249 249 
8 21 21 21 228 247 247 
26 

7 7 86 199 203 203 
171 203 203 205 205 217 233 233 
60 60 
70 122 122 
16 16 89 89 93 93 
111 111 
18 18 18 18 
3 3 5 5 5 8 8 25 25 35 35 53 65 65 93 93 93 153 153 153 160 160 162 173 173 173 176 176 228 228 238 238 
84 197 197 
113 177 177 177 204 204 
17 26 26 49 82 100 100 100 127 127 127 183 183 183 189 255 255 

7 74 92 92 92 203 203 218 
237 237 253 253 
28 165 165 203 203 203 
16 78 78 93 93 
18 18 63 206 206 242 
121 238 
86 86 86 203 
16 57 57 65 65 78 78 81 81 81 89 89 154 176 176 201 201 
112 112 243 243 
16 16 16 
127 144 229 240 240 240 
7 130 226 226 
5 5 20 20 26 26 26 166 213 213 
251 251 
84 84 84 194 194 198 

203 203 234 
5 5 5 
31 58 58 129 152 
1 1 
145 145 145 204 204 
119 119 152 152 
5 5 5 126 
127 194 194 198 198 216 216 216 
27 153 153 
79 79 
94 94 
83 145 145 177 204 204 204 246 
5 5 5 5 
253 253 253 
203 203 
5 26 234 234 234 
188 188 
107 107 152 152 
155 155 170 206 206 
55 55 91 238 238 
26 33 33 70 77 77 142 210 
5 50 50 161 161 161 196 
7 7 

5 5 5 5 108 203 203 
84 84 84 96 109 144 187 189 189 189 
228 
104 
7 97 
21 21 21 21 228 
222 
5 227 
11 11 11 33 33 37 37 37 37 
175 175 
5 5 
34 63 63 202 202 
14 14 
14 14 

5 5 5 
5 5 5 122 159 
5 5 221 221 221 
96 127 
106 106 106 113 113 204 246 246 246 246 
14 14 152 152 
205 
45 153 153 
203 203 
37 44 44 
228 228 
14 18 47 48 58 104 107 107 119 119 146 146 157 223 223 225 225 
1 1 1 2 2 21 21 45 45 81 81 81 110 110 148 148 228 228 228 
93 176 241 
120 120 206 
199 203 203 
152 
1 164 164 164 
5 142 
81 81 251 
123 123 123 
81 
14 14 
1 1 1 158 158 158 232 232 
5 5 88 88 203 
20 20 20 98 209 
173 
8 8 

120 174 174 174 206 
75 205 
11 11 
81 81 81 167 176 176 176 
170 170 170 206 
26 26 26 135 135 196 
81 81 93 93 154 173 173 173 
83 83 83 113 
5 5 

18 
56 
9 30 30 196 
84 84 84 
228 228 
33 
18 18 
127 
44 118 118 
84 127 127 127 
0 236 236 
29 205 205 
18 18 23 
237 253 
100 100 109 109 
43 204 204 245 245 245 
5 5 26 26 30 30 64 64 123 175 182 
33 33 82 82 
100 109 109 255 
74 156 
229 229 
93 93 
63 63 137 137 
5 5 5 7 36 36 36 40 58 58 74 74 75 75 86 86 88 88 88 92 102 102 116 116 126 126 149 149 156 156 165 220 251 251 252 
83 83 106 106 113 113 113 145 195 195 245 245 
29 75 75 147 171 191 191 
60 60 61 61 90 90 120 120 155 170 174 
15 15 15 
4 4 14 
166 
70 70 122 
33 33 
6 6 6 6 222 
26 98 98 
252 252 
8 8 
43 109 109 109 
75 233 233 233 
86 
37 37 37 
203 251 251 
5 5 5 46 143 143 143 227 227 
33 33 132 212 
24 24 69 69 69 69 69 152 152 

152 152 
97 97 
5 5 5 12 12 12 56 133 221 221 
8 8 21 21 21 71 81 81 128 131 151 151 153 153 153 184 184 
96 200 200 
30 30 
15 26 26 
1 164 164 
75 75 217 217 217 
5 102 117 117 117 

0 190 190 
26 87 87 193 
5 5 55 81 81 91 121 121 
30 30 30 
96 96 96 
57 154 
63 90 
5 5 42 42 94 94 

48 48 58 58 195 195 195 204 204 
113 145 145 145 145 
8 8 71 71 
5 
70 70 
60 60 
99 99 160 203 203 220 220 
58 58 203 214 214 
87 87 115 115 115 193 
5 50 50 50 50 
84 84 198 
