Nodes: 256, Edges: 387
60 236 
21 110 158 164 
129 129 129 
228 228 228 238 
14 14 14 32 32 
38 38 38 91 91 94 94 114 123 133 159 161 161 161 227 235 243 244 244 
212 222 
41 74 74 86 97 97 124 124 125 125 203 
71 81 168 168 228 247 247 
182 

33 33 
114 227 
33 
4 4 4 18 51 138 139 146 146 152 152 163 
26 26 231 231 
89 89 93 
66 84 226 226 
14 51 61 63 120 120 137 152 186 186 206 

98 166 213 
1 140 228 
195 204 204 

107 107 
81 
15 15 33 67 67 70 72 82 87 141 141 231 231 231 

88 88 88 165 
205 205 
182 196 196 230 230 239 
152 
4 4 138 
11 11 13 26 44 122 122 134 134 150 169 169 197 197 222 
137 
81 
74 
169 
5 5 5 
134 
203 
7 179 
81 125 125 151 151 151 228 228 228 
58 245 
33 73 
119 148 153 
103 
152 152 152 180 
152 


14 18 
140 

127 
121 238 
181 181 181 227 
93 154 
43 104 152 203 

0 76 152 152 206 236 
18 206 

18 242 

93 
17 84 84 
26 26 

146 186 186 186 
26 
8 131 131 131 
26 
44 
7 7 36 203 203 
147 147 203 203 205 226 233 
60 
122 122 
89 89 93 

137 
8 25 35 42 160 162 173 176 203 203 220 220 228 228 
26 231 
113 113 177 177 204 
17 66 66 109 109 127 189 
228 228 228 228 
7 203 203 
26 115 
28 28 28 165 203 203 
16 16 78 78 
242 242 
5 5 111 121 
203 203 
16 57 65 78 154 176 201 201 241 
5 5 112 243 243 

127 200 229 229 
7 7 130 
20 166 166 

109 127 127 127 194 198 198 
145 204 204 204 
142 142 142 203 234 234 254 
46 
58 129 


24 24 119 119 

84 84 100 127 194 194 198 255 255 
1 153 
91 
94 
83 83 145 177 204 204 
5 12 
87 
203 
136 

45 107 107 152 152 
18 18 170 
55 91 181 238 
33 33 77 77 210 
5 161 182 196 
7 7 
7 7 42 42 
203 
54 84 96 100 100 100 109 187 187 216 

2 2 2 104 
97 
71 71 71 228 228 

5 227 
33 33 39 

117 
18 34 80 202 202 
14 32 208 
14 
21 52 
26 26 
102 102 102 
149 165 203 
240 
101 113 204 204 
14 14 69 152 
75 75 
45 153 
143 203 203 
33 
42 42 42 153 228 
14 14 18 31 47 47 47 48 58 60 60 119 119 146 223 223 
45 110 148 151 228 228 
57 93 176 241 241 
205 205 205 206 

163 163 
1 164 
5 
81 227 
5 5 5 123 
81 
14 157 157 
1 158 
28 88 143 203 
20 98 98 
173 
8 8 
33 33 37 
120 174 206 206 
205 

81 167 176 
170 206 206 206 
196 
81 93 154 173 
83 83 113 204 204 

41 
47 
56 56 56 121 
9 30 123 

228 228 

18 18 69 69 69 
127 127 

84 216 216 
236 
205 
206 
200 
100 109 109 
22 204 245 
30 30 123 175 
33 33 
100 100 109 

96 193 229 240 
93 93 
137 137 
7 40 58 74 74 75 75 81 81 86 86 88 88 92 92 102 116 126 143 149 149 165 220 220 251 252 
22 22 83 101 101 101 113 113 145 145 177 177 195 245 245 
29 29 75 155 155 155 171 191 
18 60 61 155 170 170 174 174 174 192 

138 

122 
222 
6 222 222 
20 253 
252 252 

127 189 189 



81 81 203 203 251 
248 
6 33 211 212 212 
152 152 


17 17 75 
5 12 56 133 160 
3 3 3 8 21 42 42 42 81 81 85 85 85 85 131 131 151 153 153 184 184 
96 96 200 240 240 
30 30 
15 15 26 26 26 82 

75 
102 102 
5 
0 60 190 

3 55 121 
30 
144 200 229 229 
93 154 154 
63 90 90 
5 94 94 248 
5 5 
43 195 204 204 

8 8 
221 243 


203 220 
203 214 214 
213 
102 
109 109 
