Nodes: 256, Edges: 387
60 60 
21 105 105 110 153 158 158 164 232 232 
129 129 129 153 
81 228 228 
18 
38 46 46 56 56 91 94 102 102 102 114 123 133 133 143 161 227 235 243 244 
212 222 
41 41 97 97 125 
71 81 
230 
14 
33 
114 
33 33 37 37 
10 32 47 51 139 152 163 
231 
93 
66 66 84 226 226 
4 34 51 51 61 63 120 120 120 145 152 186 186 206 
62 62 
98 166 213 
1 45 45 140 179 179 228 
204 204 204 

107 152 152 152 223 

33 33 67 70 72 72 82 82 231 231 
52 153 
165 
205 
64 175 230 
152 
14 138 138 
11 13 13 26 26 37 39 122 122 134 134 150 169 185 197 219 222 
18 
81 81 81 
74 
13 13 33 122 169 
5 
33 

7 7 179 
81 151 228 228 
195 245 245 
73 73 188 188 222 
21 21 119 148 153 153 153 
5 5 103 103 
14 152 152 152 180 180 180 
58 
84 84 

14 18 18 
27 



5 5 103 227 
93 
48 104 152 152 203 214 245 

0 0 61 61 76 76 206 236 
18 60 60 
19 19 108 108 
18 90 90 202 202 242 242 
30 
81 93 
17 17 
26 

146 146 186 
26 249 
8 131 228 247 247 
26 26 
44 44 
36 156 156 203 
171 203 203 205 226 
60 60 
122 
89 93 93 93 93 

137 137 
3 8 35 35 35 42 65 93 153 160 162 173 176 203 203 220 220 220 228 228 238 238 251 
26 26 231 
113 113 177 177 204 
17 49 49 100 109 127 183 183 189 
228 228 228 
203 203 218 
108 115 237 253 
165 203 203 
78 
63 63 186 206 242 
5 

16 57 65 78 78 78 78 81 154 176 176 176 201 201 241 
5 243 243 

240 240 
7 7 226 
20 
251 
84 127 127 127 127 
204 
5 5 5 142 142 234 
46 46 56 
58 129 129 152 
1 1 
145 
24 
62 62 87 
84 127 180 194 194 198 255 255 
1 153 153 
154 

83 83 145 204 246 246 246 
5 12 
87 
203 203 


45 
18 18 18 170 
238 238 238 
33 33 37 77 
5 

7 
203 
84 100 100 100 100 109 187 216 229 229 

2 2 2 104 104 

71 228 228 
222 222 
5 5 227 
33 33 


80 80 
32 32 
14 
21 

102 102 
5 149 149 203 

18 106 113 204 
69 69 152 152 223 

45 153 
143 143 
33 
42 153 
14 18 24 24 24 31 47 47 47 58 58 104 146 146 157 163 223 
1 2 27 45 45 45 81 110 110 148 151 179 228 
93 111 176 241 241 
205 
74 74 199 203 
152 163 163 
1 1 164 

81 
5 
81 238 
14 152 157 157 
1 158 232 
28 88 203 
20 209 
173 173 

33 37 
120 174 206 
75 205 205 

81 167 167 
170 
30 196 196 
81 93 93 93 154 224 224 
83 83 204 

21 21 41 153 
47 47 47 109 


84 84 
228 228 
33 
18 18 69 90 
127 
44 44 
84 216 216 216 
236 
205 205 205 
206 206 

109 109 
43 245 
175 175 
33 
109 
156 
229 
93 93 
63 63 
58 74 75 75 81 81 86 86 88 88 116 116 126 143 156 165 251 251 
22 22 22 83 101 113 145 177 240 245 
29 75 155 171 171 191 191 191 206 
18 60 90 170 192 192 205 


166 


6 222 222 
20 
58 252 252 
228 228 228 
127 189 189 189 
233 
86 
33 
81 81 81 

6 33 44 132 132 212 212 
24 146 152 
176 176 

17 17 75 97 
5 56 133 
3 3 21 42 42 71 81 81 85 85 85 131 131 153 184 184 215 215 215 
127 127 200 240 240 
9 30 
15 26 26 82 
1 1 164 
217 
102 254 
5 
60 190 
87 
81 81 121 121 121 162 

96 96 204 229 229 
93 154 154 
63 63 90 
5 94 94 248 248 
5 
43 43 58 195 204 
113 113 113 
71 71 
243 243 
70 

81 99 203 203 
214 214 
87 
234 
109 109 
