Nodes: 256, Edges: 387
60 236 236 
21 105 105 110 153 153 164 164 232 232 
129 129 129 153 
228 228 

38 38 38 38 50 56 56 56 68 68 94 94 98 123 161 178 196 235 243 244 
222 222 
74 74 97 97 124 125 125 
71 81 168 168 168 215 215 247 247 
182 
14 
33 33 

33 37 
10 32 32 51 146 146 
26 231 
89 93 
66 84 84 226 226 
34 34 34 61 61 120 120 137 152 186 206 206 206 
62 
98 98 166 
1 45 45 140 140 140 153 179 228 228 
204 204 204 245 

107 107 152 152 
81 81 81 153 
15 33 67 70 82 207 207 

88 88 165 165 
205 205 
64 196 230 239 
152 
14 14 138 138 
11 11 13 26 37 44 134 150 169 169 185 185 197 197 197 219 222 222 
18 18 18 
81 

13 33 
5 5 5 5 



81 81 125 125 151 228 228 228 
58 195 195 
33 73 188 219 222 
21 21 119 148 148 
103 
152 152 180 180 180 
152 

5 
14 

81 

121 238 
5 5 5 181 227 
154 154 
43 104 152 203 245 251 

0 61 61 61 76 76 236 236 
18 18 60 60 60 206 
19 108 108 
90 
30 

17 84 
26 
5 5 
146 146 
26 
8 131 131 228 247 247 

44 
7 7 156 203 203 
147 171 171 203 205 205 217 
60 60 
122 
93 93 93 
111 

8 25 25 25 35 42 42 53 93 153 153 160 173 173 176 220 220 220 228 238 251 
26 
113 
17 17 66 109 109 127 189 

203 203 218 218 
108 115 
28 28 165 165 165 203 
16 
63 186 206 242 

203 
16 78 78 78 81 176 241 241 
5 5 112 112 
153 
127 200 200 229 240 
7 7 226 
5 20 20 166 166 209 

109 127 194 229 
204 
142 234 254 
46 
58 129 129 
1 1 

24 24 119 152 
62 62 87 
84 84 100 127 194 198 198 255 255 255 
1 
79 154 154 
94 94 
83 145 177 204 246 246 

87 
203 


45 107 152 
18 18 170 170 170 206 
55 181 238 238 
77 
5 161 196 
7 
7 7 42 42 
203 
84 96 100 109 187 216 229 
251 
2 2 2 104 104 

71 71 

227 
33 
175 

18 202 
32 32 

21 21 21 

102 
165 203 203 
200 200 200 240 240 
113 
14 14 69 69 152 223 
75 
45 45 
203 
33 
42 153 228 252 
18 24 24 31 47 47 48 58 107 119 146 163 225 225 225 
1 1 2 21 25 81 81 95 151 179 179 228 
57 57 111 111 176 176 241 
205 206 206 206 
74 203 
163 163 
164 

81 
5 123 
238 238 
152 157 157 
1 1 158 232 232 
28 28 88 88 88 143 
20 98 98 
173 173 
8 8 8 
33 33 
120 120 120 174 206 206 
75 75 

81 81 167 167 176 176 
170 206 
135 196 196 
81 93 154 154 173 173 224 224 
113 
5 
21 153 153 
47 47 47 
56 121 
9 

228 
33 33 
18 90 
127 
44 
84 216 216 216 
236 236 
205 

253 
100 109 
43 43 204 204 
5 30 123 175 175 239 
33 33 33 
109 109 

96 96 144 144 144 229 240 240 

137 
58 74 74 75 86 86 88 92 116 126 143 143 149 156 220 251 251 
22 22 22 101 113 195 195 
29 29 75 75 155 191 
18 18 18 61 90 120 155 155 155 170 170 174 250 250 
26 26 

98 




252 252 
8 8 228 
127 189 189 189 
75 233 
86 86 
33 44 
81 81 81 203 

6 6 33 33 44 
146 
176 176 
152 152 152 
17 17 97 
56 133 
3 3 21 21 42 42 42 71 81 151 153 184 215 
96 100 127 200 240 240 
30 
15 
1 1 164 164 
217 
102 254 254 
5 
0 0 60 60 190 190 

55 81 121 121 162 162 
30 196 
96 144 144 200 200 229 229 
93 93 154 
90 
5 
5 
22 58 
113 113 
8 8 71 71 


206 206 
58 81 128 203 203 
151 214 214 
193 
102 234 234 
109 109 109 
