Nodes: 256, Edges: 387
236 
105 105 153 158 232 232 232 
129 
228 228 238 238 
14 18 18 18 32 32 
38 38 42 68 91 91 94 98 108 114 114 123 123 123 123 133 143 159 159 159 161 178 203 227 234 235 238 243 
212 
41 41 97 97 124 125 125 125 203 
71 168 168 215 228 228 247 

14 

227 
33 37 
4 10 18 18 60 146 146 152 208 
231 231 

66 226 
4 4 4 14 14 34 51 51 61 120 137 145 186 186 186 206 
62 
98 98 166 
45 45 140 140 179 179 228 228 
204 204 245 
192 
107 
81 81 153 
33 33 72 
153 
88 
205 
64 175 182 230 230 239 239 
152 152 
4 4 138 138 138 
13 26 26 44 44 44 134 134 134 150 150 169 185 222 222 
18 
81 

13 
5 5 
134 
203 
7 7 
5 81 81 125 151 151 228 228 228 
195 
33 33 33 73 188 188 222 
21 21 153 

152 152 152 180 
58 152 
84 84 

18 18 

81 81 
127 
238 
103 181 227 

48 203 214 251 251 

14 61 61 152 152 236 236 
18 60 60 
19 
137 137 202 
30 
93 
17 

5 
186 186 
249 249 
8 131 228 228 247 
26 
44 
156 203 218 
171 205 205 217 


89 93 
111 

25 25 35 42 42 53 53 93 160 160 162 162 162 173 173 176 176 203 220 220 220 228 228 238 251 251 
231 
113 177 204 204 
49 49 100 127 127 183 183 
228 228 
203 203 218 
108 
28 203 
78 95 
206 242 242 
5 5 
104 
65 78 81 111 154 176 176 201 201 241 241 
5 112 112 243 
89 153 
200 200 240 240 
7 7 130 
5 20 20 209 

84 109 109 127 127 127 127 127 194 194 194 198 198 229 
204 204 204 
142 142 142 234 
56 
92 129 152 
1 1 
145 
24 152 
5 87 
100 100 127 255 
153 
79 93 154 154 
94 94 
83 145 246 246 
5 5 227 

203 203 



18 170 206 
181 

5 5 5 5 161 
7 
7 7 7 42 

54 84 84 100 100 100 100 100 109 187 216 229 
228 
2 104 
97 
71 

5 227 
33 33 33 39 
175 

18 63 63 202 
32 32 32 

21 21 

102 102 102 
5 
200 240 240 
18 106 113 204 204 204 
14 14 152 152 152 223 

153 
203 
33 33 
42 42 153 
14 31 31 47 47 47 48 60 60 104 107 146 146 146 157 157 163 225 225 
1 25 27 45 95 110 148 151 228 228 
93 111 111 176 
205 205 206 206 
74 199 199 203 203 
152 152 163 
1 164 164 
5 5 5 
81 81 
5 123 
81 81 81 238 
152 157 
158 158 232 
203 203 
20 209 209 209 
173 
8 8 
33 
120 174 206 206 
75 

81 81 167 176 176 
170 
30 135 
81 81 93 93 154 173 173 224 224 224 
83 204 
5 
21 21 
47 
56 121 
30 
84 84 
228 
33 
18 18 18 69 69 
127 
44 44 
216 216 216 
236 
205 205 205 
23 206 206 206 
200 
100 100 100 
43 204 
239 

100 100 
156 156 
96 96 144 193 240 
93 93 
63 137 
5 7 40 58 74 81 86 86 88 116 116 149 156 156 165 165 251 252 252 
22 22 83 83 101 101 101 145 145 145 177 195 245 
29 75 75 155 155 191 191 191 
18 90 120 155 155 170 170 192 192 192 

14 
98 166 166 166 

222 
6 222 222 

58 
8 228 
127 189 189 189 
75 233 
74 86 

81 81 81 

33 33 44 211 212 212 
146 
176 176 176 
152 152 
17 
5 12 56 114 133 
3 3 8 8 21 21 42 42 42 71 71 81 81 85 85 128 153 153 184 215 
100 127 240 240 
30 30 
15 15 82 
1 1 1 164 
217 
5 102 254 
5 
0 60 60 190 

3 3 5 55 81 162 
30 30 196 
96 96 144 144 200 229 229 
93 93 
90 90 
5 94 248 248 

22 204 
113 113 
8 71 
243 243 
70 70 

58 58 81 81 203 
203 203 

234 
109 
