Nodes: 256, Edges: 387
236 
105 105 105 110 153 158 158 164 232 232 

81 228 228 
14 18 32 138 
38 50 94 94 102 114 123 143 159 178 227 227 234 235 235 
212 212 212 
41 41 74 124 203 
71 71 81 168 228 247 247 247 

14 
33 
227 
33 
4 10 32 51 51 146 146 152 152 208 208 
26 
89 93 93 
66 84 226 226 226 
4 34 34 51 51 61 63 120 120 137 137 145 145 145 152 206 

166 213 213 
140 140 140 153 153 179 179 179 
245 
192 192 
152 152 
81 81 
15 33 33 72 82 207 231 
153 
165 

64 64 64 175 196 230 

4 14 138 138 
11 13 26 26 37 44 44 122 134 150 150 169 172 172 172 185 185 197 219 222 
18 18 137 
53 81 

33 
5 
134 134 
203 203 203 
7 7 179 
228 243 
58 245 
33 33 73 150 
148 153 
103 103 
152 180 180 
58 
84 
5 
14 14 18 18 

35 81 81 81 
127 127 
121 121 238 238 
227 
93 
43 48 152 203 214 245 245 251 

76 152 190 206 
18 
108 108 
18 90 90 137 202 
30 30 30 
81 81 81 
17 84 


146 146 186 186 186 

8 8 131 131 228 247 247 
26 
44 
7 203 203 218 
147 205 226 
60 
122 122 
89 93 
111 
137 137 
3 8 25 25 35 53 53 53 65 65 65 93 153 160 162 173 176 176 176 203 203 220 238 238 
26 
177 177 177 204 
17 49 66 127 127 183 189 189 
228 228 228 
203 203 218 218 
108 115 115 
165 203 
16 78 
63 63 186 206 242 
111 121 
203 
16 16 57 78 81 201 201 201 241 241 241 
5 5 112 112 

127 200 200 200 229 240 
130 
209 
228 251 
109 127 127 127 194 229 
145 204 204 204 
5 142 142 234 
46 46 
129 129 152 
1 1 1 
145 

62 62 87 
100 127 180 198 255 255 
1 153 
79 91 154 
94 94 
145 177 204 246 
5 227 227 
87 87 

136 

152 152 
18 18 206 
55 55 91 238 
33 77 77 210 210 
5 161 
7 


54 54 84 84 96 100 100 100 109 187 187 187 189 216 
228 
104 104 
97 
71 71 228 
222 
227 227 
33 39 39 
175 
117 
18 18 34 63 80 80 
4 32 32 

21 21 21 

102 102 
5 149 149 165 203 203 
200 200 240 240 
18 18 18 101 106 113 
14 14 69 69 223 
75 
45 153 
143 143 203 
33 33 44 
252 
14 14 18 24 24 47 58 60 104 119 119 157 163 
1 21 21 27 45 81 110 148 179 228 
111 176 241 
206 
203 
152 163 163 
1 1 164 164 
5 
81 
123 
81 
152 157 157 
1 158 158 
28 88 143 
20 209 
173 
8 
33 
174 206 
205 
33 33 33 
81 167 
170 206 
30 135 
81 81 81 154 224 224 
83 83 83 113 
5 
21 21 21 41 153 
47 47 109 


84 
228 228 
33 33 
69 69 69 90 
127 127 127 

84 84 127 
60 
205 205 205 
23 23 206 
200 200 200 
100 
204 
30 239 239 
33 
109 

96 96 96 144 144 193 193 193 229 240 240 
93 93 93 
63 
7 40 40 40 58 74 74 81 81 86 86 88 92 143 143 149 156 220 220 251 252 
83 101 101 101 113 195 240 
75 171 191 191 191 206 
18 60 90 120 155 170 174 192 205 250 250 
26 
14 14 
98 166 
122 122 

6 6 6 222 222 
20 20 
58 
228 228 228 
127 

74 86 86 
33 
81 203 203 251 

33 132 212 212 
146 
176 176 

17 17 17 75 
5 5 12 56 114 114 133 133 
3 3 8 42 71 85 85 85 99 128 131 153 184 184 215 215 215 
96 100 200 240 
30 
26 
1 1 

5 102 254 
5 5 
0 

55 55 81 81 121 
196 196 
96 144 144 200 200 204 229 
93 93 93 154 
90 
42 248 248 

22 43 58 58 
113 
8 8 8 71 71 
243 243 

206 206 
58 99 203 220 
151 203 

234 
109 109 
