Nodes: 256, Edges: 387
60 
21 105 105 110 158 158 232 
129 129 153 153 
228 228 238 238 
32 32 
38 42 42 46 56 68 81 81 91 91 94 94 114 123 123 133 159 159 161 161 178 178 227 235 235 248 
212 222 
74 86 97 124 124 124 125 203 
71 71 81 247 
182 
14 
33 
227 
33 37 37 37 
10 18 18 32 32 51 60 139 152 208 208 
231 
89 93 
66 84 226 226 226 
14 14 34 34 61 61 120 137 137 138 145 206 206 
62 
166 
1 45 140 179 228 228 
195 204 204 204 204 245 



67 72 72 82 82 108 141 207 207 213 213 231 231 231 
52 153 153 
88 
205 205 205 
230 230 239 239 

4 4 14 14 138 
11 13 37 44 134 150 150 169 172 172 197 197 219 222 
18 18 
53 
74 
13 13 13 33 169 
5 

203 203 

5 5 81 125 151 151 
195 195 
33 59 73 118 150 188 188 188 222 
21 153 
5 103 103 
152 152 180 
58 58 152 152 152 
84 

14 
27 
35 81 


5 181 227 
93 93 
48 48 152 152 214 245 
44 
0 14 61 61 76 206 206 206 236 
18 18 60 60 206 206 
19 108 108 108 
90 242 242 242 

93 
17 84 
26 
5 

122 122 
8 8 247 
26 26 
44 
7 36 203 218 
147 171 226 
60 
122 122 
86 89 89 93 93 93 
111 
137 
5 5 8 42 53 93 153 162 173 173 173 176 220 220 228 251 251 251 
26 26 
113 113 177 204 
17 49 66 100 100 127 183 183 
228 228 228 
7 78 203 203 218 
115 
28 165 
16 78 78 95 
63 186 206 242 242 
5 5 
104 
16 57 57 65 78 78 78 81 111 154 176 201 201 
5 5 112 
89 
127 127 200 229 
7 226 
166 209 209 
228 
84 84 109 127 127 198 198 229 
204 
142 142 203 203 234 
46 46 
92 129 
1 1 

119 
26 62 62 62 
100 127 194 194 194 198 255 255 
1 153 153 
79 93 154 154 
94 
83 83 145 204 204 246 246 
5 
87 
203 203 203 
136 
44 
107 152 152 
18 206 206 
238 
70 70 77 77 
5 5 161 196 
7 7 7 
7 42 
203 
84 96 96 100 100 109 189 216 229 

2 2 104 

228 228 

5 
33 
175 
117 
18 18 80 
18 32 208 
14 
21 
26 
102 102 
149 165 165 
200 
18 113 204 
152 152 223 
75 

143 203 203 
33 33 44 
42 42 153 
14 47 47 48 48 48 58 58 119 119 146 146 157 157 223 225 
2 2 27 27 45 81 110 110 151 179 
93 111 111 176 176 
205 
199 199 203 203 
152 152 163 163 163 
1 1 164 164 164 
5 5 

5 5 123 
81 238 
157 157 157 
158 158 158 232 232 
88 143 143 
20 98 209 


33 37 
206 
75 
33 33 
81 81 81 176 

135 196 
81 93 154 154 173 224 224 224 224 
83 204 
5 5 
21 153 
47 
56 
9 
84 84 
228 228 

90 

44 44 44 
127 
236 



109 109 109 
22 43 43 204 245 245 
123 175 
33 33 
100 100 109 
156 156 
96 144 
93 93 

7 40 40 74 86 86 102 102 116 116 116 126 149 149 156 156 220 252 
22 22 22 22 83 101 113 113 145 177 195 245 
29 29 29 155 
18 18 60 60 60 61 61 90 120 120 170 250 250 
26 26 
14 14 138 
98 98 166 


6 222 222 
26 26 
58 252 
228 228 228 
127 

74 86 
33 
81 81 203 
248 
6 33 44 212 212 
146 152 
176 176 176 176 
152 
17 17 17 75 97 
5 12 56 
3 3 21 21 81 85 85 85 99 131 131 184 184 215 215 215 
96 100 127 240 240 240 
30 30 
15 26 26 26 
1 164 164 

102 254 254 
5 5 
60 190 

3 3 121 162 
30 30 
229 229 229 

63 63 63 90 90 
248 

22 58 195 195 204 
113 113 
8 71 
5 221 243 

206 206 
81 81 81 
203 214 

234 234 
109 109 
