Nodes: 256, Edges: 387

21 105 153 158 164 164 232 
129 129 153 153 
238 
14 14 18 32 138 
38 38 46 50 56 68 91 91 94 98 102 102 108 133 141 141 141 159 178 203 227 227 234 235 235 243 243 243 248 
212 222 
74 74 97 124 203 203 
81 

14 
33 
227 
37 
4 4 10 32 32 47 138 139 139 
26 
89 89 93 
226 
4 34 34 34 51 51 61 63 137 138 145 145 145 152 186 206 
62 
98 98 98 166 166 
1 45 140 153 179 179 179 
204 204 
192 192 
152 152 
81 81 153 153 
15 33 231 

165 165 165 
205 205 205 
64 175 175 182 230 230 239 

4 14 14 138 138 
11 26 44 150 169 185 185 197 197 222 222 
18 18 18 
53 53 

13 169 
5 5 
134 
203 

151 151 151 228 
245 
33 59 73 73 73 188 
21 119 148 153 153 
5 103 103 103 103 
14 152 
58 58 152 152 
84 
5 
18 18 

35 35 81 81 81 
83 127 
121 121 238 
5 181 
93 93 154 
48 48 104 104 152 152 203 214 214 245 251 
44 
76 152 206 206 
18 206 
19 108 108 
18 137 202 202 242 242 
30 
81 
84 84 

5 
146 186 186 
249 249 249 
247 

44 44 44 
7 7 203 203 
147 217 233 
60 
122 
89 93 
111 111 
137 
8 25 25 53 53 53 65 93 99 153 160 160 162 173 176 203 220 228 228 238 251 251 251 
231 
54 177 177 177 204 
49 66 66 100 109 189 
228 
203 203 218 
237 253 
165 165 203 
16 16 78 
186 
5 5 121 
203 203 
16 57 57 78 81 176 201 201 241 241 
5 243 
153 
127 127 127 200 229 240 240 
7 226 
5 20 20 20 166 166 
81 
84 127 194 198 
145 204 204 204 
5 5 142 142 254 
46 46 46 46 
58 58 152 152 
1 
145 
119 
5 62 62 
84 127 194 198 
153 
79 79 154 154 154 

145 145 
227 227 

203 
136 

45 107 152 152 
170 206 
55 55 91 181 238 238 
77 210 210 
161 161 196 
7 

203 
54 96 96 96 100 109 187 
251 
2 2 

228 228 
222 222 222 
5 227 227 
39 
175 
117 
18 63 80 202 202 
4 14 18 32 32 208 
14 14 
21 
5 5 5 
102 102 
165 
200 200 240 
18 18 18 101 106 113 113 204 204 
69 152 223 
75 
45 
203 203 
33 
42 42 42 
18 24 24 47 48 48 58 58 60 104 104 119 119 146 157 223 
1 2 2 21 25 25 45 45 81 95 110 228 228 228 
57 111 111 111 176 176 176 241 241 
205 206 
199 199 
152 163 163 163 
1 
5 
81 81 
123 123 
81 238 
157 157 157 
1 1 232 
28 28 28 88 88 143 203 
20 20 98 98 209 
173 

33 37 
120 174 206 


81 167 176 176 
170 
30 30 135 196 196 
81 93 154 154 154 173 173 224 224 
83 83 83 204 
5 
21 21 21 

56 121 
30 

228 
33 33 
18 69 69 90 
127 
44 
84 216 
236 
205 
23 23 206 
200 
100 109 
245 
123 175 175 239 
33 33 
100 109 
156 156 
96 144 144 193 240 
93 93 
63 63 137 137 
5 7 7 40 58 74 74 81 86 86 88 92 92 116 126 149 149 165 220 220 251 
22 22 83 101 101 101 145 145 177 245 
29 29 29 155 191 
18 60 60 61 120 155 170 192 250 250 

138 
166 
122 122 

6 222 222 

58 58 252 
228 
189 
75 
86 

81 203 203 

6 33 33 132 132 132 212 212 
146 152 
176 176 

17 97 
5 5 12 114 114 133 133 
42 81 81 85 131 131 153 153 153 184 215 
96 240 
30 30 
26 82 
1 164 
75 
5 254 
5 5 
190 
87 253 
3 55 81 121 121 162 
30 196 
96 96 144 200 229 
93 93 154 154 
63 63 
5 5 5 94 248 

43 58 195 204 

71 
5 243 
70 70 70 
206 206 
58 81 81 81 128 203 
214 
87 237 
102 234 

