Nodes: 256, Edges: 387
236 236 236 
21 105 110 110 110 158 164 
129 153 
81 238 
14 18 
38 91 91 94 94 102 114 114 114 123 159 161 196 196 244 244 
212 212 222 222 
74 74 97 124 124 124 125 203 203 
71 168 168 247 
182 182 
14 14 14 
33 
227 
33 
4 10 10 10 18 32 32 32 47 51 139 139 208 
26 231 
89 89 93 
84 226 
4 14 34 34 51 51 51 63 63 120 137 138 145 145 145 152 152 186 186 206 

98 166 213 
1 140 153 179 179 
204 204 
192 
107 152 
81 81 81 153 153 
15 33 44 67 67 72 82 207 231 231 231 
52 
88 88 
205 
64 64 175 182 182 196 196 230 
152 
14 14 14 138 138 
11 13 26 37 44 44 122 134 134 169 185 197 197 197 222 222 
18 18 
81 

33 122 169 
5 
134 

179 
151 151 228 228 
195 195 245 245 
26 33 33 59 73 73 73 150 188 188 219 222 

103 
14 152 180 180 
58 
84 

14 18 18 18 
27 140 
81 
127 127 127 
121 121 238 
181 181 227 
93 93 
48 104 203 214 245 251 
44 
61 152 236 
60 
108 108 108 
18 18 137 202 242 
30 30 
93 93 
84 
26 26 

186 

8 131 228 247 247 247 
26 
44 44 44 
7 7 156 156 203 
171 171 203 205 205 226 

122 122 

111 
137 137 
3 25 25 25 35 53 93 93 99 160 173 176 220 238 251 251 251 
26 
113 
17 49 66 100 109 127 189 
228 228 
203 203 
115 
28 28 203 
16 16 
206 242 242 
5 5 153 
104 203 
16 57 57 65 65 81 81 111 111 241 
5 5 112 243 

127 200 240 
7 226 
20 166 209 
81 
84 109 127 194 198 
204 
5 142 142 203 234 
46 
58 92 
1 
145 
24 119 152 
62 62 62 
84 100 127 127 
1 1 1 153 
79 93 93 154 154 154 
94 
83 145 246 246 
5 5 5 
87 

136 

107 152 
18 206 
55 55 181 
33 37 77 77 207 210 210 
5 161 161 
7 7 7 
7 
203 203 
54 54 54 84 96 100 109 109 187 187 189 216 216 229 229 
228 228 251 
2 

71 
222 

33 33 39 

117 
18 63 80 80 202 
18 32 32 208 
14 14 
21 52 

102 102 
165 203 203 
200 200 240 240 
18 18 18 106 113 204 
152 

153 

44 
42 42 153 228 252 
18 18 24 31 47 60 107 119 146 157 223 225 
2 21 25 25 91 110 148 151 179 228 
111 111 111 176 241 
205 206 
74 74 203 
152 163 163 163 
1 164 164 
5 
81 
5 123 123 
238 
157 157 157 
1 158 158 
143 203 
20 98 
173 
8 8 
33 37 
174 
75 75 205 

81 167 
170 206 
30 196 
81 154 224 
204 

21 21 41 153 
47 47 
56 56 121 
9 9 30 30 

228 228 
33 
18 18 69 
127 127 
44 44 
84 127 216 
236 236 
205 
23 206 206 
200 200 237 253 253 
100 
43 43 204 204 
5 5 30 30 175 239 239 
33 33 33 
100 

96 144 144 193 193 240 

63 137 
7 7 58 74 75 86 86 88 92 102 126 126 143 143 156 165 220 251 252 252 
22 22 101 145 177 195 195 240 245 245 
29 75 75 155 171 191 
18 90 120 155 174 192 192 250 250 250 
26 122 
14 138 
98 
122 122 
222 
6 6 222 222 222 
20 
58 
228 228 228 
127 127 189 


44 
81 203 

6 6 33 33 44 132 211 212 212 212 
152 
176 
152 
17 75 97 
12 56 
42 42 71 85 85 128 128 151 153 184 184 215 215 215 
127 127 240 240 
30 
15 26 26 26 


102 

0 0 0 60 190 190 
193 253 
3 55 81 162 
196 196 
96 144 144 200 204 229 229 
93 154 
63 90 90 
94 248 248 248 248 
5 5 
43 43 58 204 204 
113 113 
8 71 71 71 
243 243 243 243 

206 206 206 
58 81 81 81 128 203 
151 203 203 
193 193 237 


