Nodes: 256, Edges: 387
60 60 
21 105 105 110 153 158 164 232 232 
129 
81 228 228 
14 18 18 32 32 32 
38 38 38 42 91 123 123 123 123 143 159 161 227 235 244 248 
212 222 
41 74 86 97 97 125 203 
71 81 168 228 228 247 247 
182 
14 
33 
227 

4 10 18 18 32 138 152 163 163 208 
26 26 26 
93 93 93 
66 66 226 
4 4 14 14 34 51 61 61 63 63 120 120 137 206 
62 
98 98 166 213 213 
1 45 140 140 153 153 179 179 179 
195 

107 107 152 
81 
15 15 15 33 33 44 44 70 72 82 231 231 
153 
88 165 
205 
64 175 182 182 182 196 239 
152 152 
4 4 4 14 138 138 
11 26 26 37 44 122 122 134 134 134 169 172 172 185 185 197 222 222 
18 137 
53 

33 169 
5 5 5 
134 134 
203 
7 
5 81 125 151 151 243 
58 195 195 195 245 
26 26 33 59 59 73 73 73 118 188 
21 148 
103 
152 180 
58 


18 
140 
35 81 
127 
121 238 
227 227 
93 154 
43 48 104 152 203 203 203 245 245 251 
44 44 
0 0 61 76 152 236 236 
18 18 60 
19 
18 18 90 90 137 137 202 242 
30 
81 93 
17 17 84 84 


186 186 
26 249 
8 131 131 228 247 247 
26 
44 44 44 
7 203 203 
147 171 203 203 205 233 233 
60 

89 89 93 93 93 
111 111 
137 
3 8 25 42 53 65 93 93 153 160 162 162 173 220 228 238 238 251 
26 
177 177 204 
66 66 100 109 109 127 127 189 
228 228 228 
7 203 

28 165 
78 78 95 
63 63 206 242 
5 111 153 
104 203 
16 16 16 57 65 78 78 78 81 81 111 154 241 241 
112 112 112 
89 
240 240 
7 7 130 226 
20 20 116 166 209 

84 109 109 127 194 194 198 198 229 
204 204 
142 142 203 203 234 234 
46 
58 92 129 
1 1 

24 24 119 119 152 

84 84 100 100 127 127 180 198 198 255 255 255 255 
1 
79 79 91 93 154 
94 94 94 
145 177 204 
227 227 

98 203 203 
136 
44 
107 107 
18 18 170 170 206 
55 238 
33 33 210 210 
5 5 5 5 

7 42 

54 84 84 100 109 109 187 229 
228 251 
2 104 
97 
71 71 228 228 
222 222 

33 33 33 39 39 
175 
117 
18 34 63 63 80 202 
14 32 32 

21 21 52 

102 102 159 
5 
200 240 240 
113 204 
152 
75 
45 
203 

42 42 153 228 
14 24 31 31 47 58 60 107 146 223 225 
1 21 21 27 81 91 151 228 228 
57 93 111 176 176 241 241 
205 205 
203 
163 163 
1 164 
5 142 
81 227 
5 
81 81 238 238 
14 14 157 157 
1 158 
28 88 203 
20 98 209 
173 
8 
33 37 
120 120 206 
75 205 
33 33 
81 167 176 

30 135 196 
154 154 173 224 
83 83 113 204 

21 21 21 
47 109 

9 30 30 30 


33 33 
69 69 
127 
44 
84 216 216 
236 


200 
100 100 
22 43 43 43 245 
30 175 
33 
100 100 109 109 

144 193 229 240 240 

63 137 
7 40 58 58 58 74 74 75 75 86 92 102 102 116 116 149 156 165 220 251 252 
83 101 101 113 145 177 240 
29 75 155 155 171 
18 90 120 170 

14 
98 166 
122 122 
222 
6 222 222 222 
20 20 

228 
189 189 
233 


81 203 

6 33 33 132 132 211 212 212 212 
152 
176 
152 
17 97 
5 12 56 56 114 114 160 
3 3 8 8 71 81 85 85 85 128 131 131 151 153 153 215 
100 127 200 240 

26 26 
1 1 
75 75 217 
102 102 254 
5 
60 60 190 
253 253 
55 81 81 121 162 162 
30 
96 96 144 144 200 200 204 229 
93 93 154 154 
63 90 
42 248 248 
5 
43 58 58 195 

8 8 71 71 
5 243 243 
70 

58 81 128 203 
203 
237 237 
234 
109 109 109 109 
