Nodes: 256, Edges: 387
236 
21 21 105 110 110 110 158 164 232 232 
129 129 129 
81 
14 14 
38 46 46 50 56 56 68 68 91 102 114 114 123 123 123 159 159 161 227 238 244 

41 97 97 124 125 125 203 203 
71 81 228 228 228 247 247 
230 

33 
227 227 
33 33 
4 4 18 32 47 138 146 146 163 163 208 
26 
89 93 93 
66 66 84 226 226 
14 51 63 63 120 120 120 145 145 145 145 152 152 152 186 
62 
98 98 166 
1 1 45 140 140 153 179 179 228 
204 204 
192 
107 107 107 107 223 

15 
153 
88 165 165 

230 239 239 

14 
11 13 13 37 44 44 134 134 150 169 169 172 185 197 222 222 
137 137 
81 81 81 81 

33 169 
5 

203 
7 179 
81 125 151 243 
195 245 
33 33 59 59 73 73 73 188 188 
21 148 
5 5 
14 152 152 180 180 180 
58 152 152 
84 84 
5 
18 
140 
81 
127 127 
121 121 238 238 
5 5 181 181 227 
93 93 93 154 
48 104 152 152 152 203 203 203 203 214 251 251 251 
44 44 
61 61 76 152 236 
60 60 206 
19 108 
18 18 90 90 137 202 242 

81 
17 17 84 

5 5 
146 146 186 186 

8 

44 44 44 
156 203 203 
147 171 171 217 217 226 
60 
122 122 122 
89 93 93 
111 
137 
3 8 35 35 35 35 42 53 65 93 153 162 173 176 203 220 228 251 
231 
113 177 204 204 
17 49 49 66 100 127 127 183 189 189 189 
228 228 
203 203 218 
108 108 108 108 115 115 237 253 
28 165 
16 78 
63 63 206 242 242 
5 121 153 

16 16 57 57 57 78 78 81 154 241 241 
112 

127 229 229 240 
7 7 130 226 
20 20 

84 109 127 127 194 198 229 

5 142 234 

58 129 152 
1 

24 24 24 24 152 
62 87 87 87 87 
100 127 194 198 255 
1 1 1 153 153 153 
79 154 
94 
83 145 145 145 177 246 
5 5 227 227 
87 87 



152 152 
18 18 18 170 206 
55 55 91 
77 77 77 
5 5 5 161 196 
7 
7 7 42 
203 
54 54 84 84 96 100 100 109 216 216 229 

2 2 2 104 
97 
228 

227 227 227 
33 33 
175 

34 34 63 80 202 202 
14 

21 21 52 

102 159 
149 165 203 
200 200 200 240 
18 18 18 18 113 113 113 204 204 
14 14 69 69 152 152 
75 
45 153 
143 
33 
42 153 228 252 
18 18 18 47 47 48 48 58 58 58 60 104 107 119 119 146 146 225 225 
21 27 81 91 110 110 110 148 151 179 228 
57 93 111 241 

74 199 199 203 203 
163 
1 164 
5 5 142 

5 123 
81 
14 14 157 
1 158 232 232 
28 28 88 143 203 
20 209 209 


33 33 37 
120 174 174 206 
75 75 205 205 
33 
81 
170 170 206 
135 196 
81 224 224 
83 113 204 

21 21 41 153 
47 47 47 
56 56 

84 
228 228 
33 
18 69 69 

44 44 
84 84 84 216 216 
236 

23 206 206 
200 237 253 
100 109 
43 204 204 
123 175 
33 
100 109 
156 156 
144 144 144 193 240 

63 137 137 
7 7 40 58 58 58 58 74 74 81 86 86 126 143 156 156 165 251 251 252 
22 22 83 83 145 145 177 195 195 240 245 
171 171 
61 90 120 170 174 192 192 250 

14 
166 166 


222 222 

58 
228 
127 127 189 189 
75 75 233 233 
86 

81 

33 33 212 212 
24 
176 176 
152 152 
17 17 75 97 
5 12 12 56 114 114 133 133 133 
8 8 8 21 81 85 85 131 151 153 184 184 215 
96 96 100 127 240 
9 30 
82 
1 1 164 164 
217 217 
102 254 

0 60 190 
87 193 
5 55 55 
30 30 
96 144 200 204 229 
93 93 154 
63 90 90 
42 248 
5 
43 204 
113 
8 8 
243 

206 
58 58 58 81 203 203 
151 203 
87 193 
234 
109 
