Nodes: 256, Edges: 387
60 60 236 
21 105 105 110 153 153 158 164 164 232 232 
129 129 153 153 
81 228 228 238 
14 14 
38 38 38 46 50 50 50 56 56 68 91 94 102 117 123 123 159 178 227 227 243 244 244 
212 
41 97 97 125 125 125 125 203 
71 71 81 247 247 247 

14 
33 33 

33 33 
4 4 10 18 51 139 146 146 152 163 163 208 208 

93 
66 66 84 84 
14 34 34 34 51 51 61 61 63 63 63 120 120 120 145 145 145 186 186 206 206 

98 213 
1 45 179 
195 204 245 245 
192 
107 107 152 152 
81 81 
67 70 72 


205 205 
64 175 182 196 196 230 239 
152 
138 138 
11 11 13 13 37 37 39 122 122 150 169 172 197 222 
18 18 18 
81 

33 33 169 
5 5 5 
33 134 
203 
7 179 
81 125 151 228 228 
58 245 
222 
21 119 148 
5 103 
152 152 152 180 180 180 
58 152 152 

5 5 5 
14 18 18 

81 
83 127 
121 
5 5 181 227 
154 
43 48 203 214 

0 0 76 76 152 206 206 236 
18 18 206 
108 108 108 
18 18 18 90 90 137 202 202 
30 

17 17 
26 
5 
146 146 186 186 
26 249 
8 8 131 228 228 
26 

203 
147 147 171 171 203 205 226 
60 60 
122 122 
89 89 93 93 
111 111 
137 
3 8 25 25 35 42 53 93 160 160 162 162 162 173 176 176 176 203 220 220 228 238 251 251 

54 113 113 177 204 204 
17 17 100 109 127 127 189 189 

203 203 
115 115 237 
165 
78 78 95 
63 63 
5 121 
203 
16 78 78 81 154 154 176 241 241 
5 
89 
229 
7 7 226 
20 166 209 209 209 
228 
84 109 109 127 127 194 194 198 
145 145 204 204 204 
5 142 234 234 
46 
129 
1 1 

24 24 119 
62 62 62 
84 100 100 127 194 198 198 255 255 255 
1 
79 79 154 

83 83 145 145 246 246 

87 87 
203 
5 

45 107 152 
18 18 18 170 170 206 
55 91 181 
33 33 77 77 210 
5 5 161 

7 7 7 7 42 
203 203 
54 84 84 100 100 109 187 187 189 229 
251 
2 2 104 

71 228 
222 
227 
39 


63 80 
32 32 
14 


102 
149 165 
200 200 240 240 
18 18 18 101 101 113 113 204 204 
14 14 69 69 152 223 
75 75 
45 153 153 
143 
33 
42 153 228 
14 24 24 31 47 47 47 48 48 60 119 146 157 225 
1 1 2 2 148 148 151 228 228 228 
57 93 93 111 241 
205 205 
199 199 199 203 
152 
1 164 164 
5 
81 81 
123 
81 81 81 238 
14 14 
1 1 158 158 232 232 232 
88 143 203 
98 209 


33 37 
120 120 174 206 
75 75 205 205 205 
33 
81 176 
170 206 206 
30 
81 81 81 93 173 224 
83 204 204 204 
5 
21 41 
47 47 47 
56 121 
30 

228 228 

18 18 69 69 
127 127 

84 84 127 216 216 216 
236 
205 
23 206 206 

100 100 109 
22 245 
30 30 
33 
100 109 109 
156 156 156 
144 144 229 240 

63 63 
7 40 58 74 75 81 86 86 92 116 126 126 156 165 220 251 
22 83 83 101 101 101 145 145 177 177 177 245 
29 29 75 155 155 171 171 171 191 
18 18 60 60 61 120 170 174 174 192 192 250 250 

14 14 
98 98 98 166 
122 

6 222 
20 
58 252 

189 189 189 
233 


81 81 203 251 251 
248 
33 44 132 212 
146 
176 
152 
75 97 
5 5 56 133 
3 3 42 42 71 71 81 99 131 151 153 153 153 184 184 
96 127 200 240 240 240 
30 

1 1 164 164 164 
217 
102 102 254 

0 60 190 
87 253 
3 81 162 
30 
144 144 200 229 229 229 
93 93 154 

5 248 
5 5 
22 22 43 195 204 
113 113 
8 8 8 
221 243 
70 
206 206 
81 81 128 203 220 220 
214 
237 
234 
109 109 109 
