Nodes: 256, Edges: 387
60 236 
105 105 
153 153 
81 228 228 228 238 238 
18 32 32 
38 42 50 50 56 56 91 94 102 159 161 161 178 196 196 196 
212 212 222 
41 124 124 125 125 203 
71 81 81 81 168 215 228 247 
182 

33 
227 227 
33 37 37 
18 32 47 51 139 146 152 152 208 
231 231 
89 
66 226 226 
4 14 34 34 34 51 51 61 63 138 145 145 152 152 186 206 

98 98 213 
45 140 153 153 153 179 179 228 228 
204 204 
192 192 
107 107 107 152 
81 153 153 
33 33 67 67 70 70 72 72 72 141 207 207 207 
153 
88 88 88 165 
205 
64 175 175 230 239 
152 
4 4 14 138 138 
11 13 26 26 37 44 44 122 122 122 150 172 185 222 
18 18 18 


13 13 33 169 169 
5 

203 203 203 
7 179 
5 151 151 151 
58 245 245 
33 33 73 73 188 
21 
103 103 103 
14 
58 152 
84 
5 5 
14 18 18 


83 127 
121 238 238 
5 5 181 181 227 
93 93 
43 48 104 104 152 152 203 203 214 245 251 251 

0 61 61 76 152 206 236 236 
18 60 60 206 

18 242 
30 

17 84 84 
26 26 

186 
26 26 249 
8 131 247 
26 26 26 
44 44 
156 203 203 
147 171 171 203 203 217 233 233 
60 
122 122 
89 


3 8 8 8 25 93 99 153 153 153 160 160 162 162 173 176 176 203 220 220 228 238 251 

54 113 113 177 204 204 
49 66 66 109 127 183 183 
228 228 228 228 
218 218 
115 253 
28 28 28 
16 78 
186 
5 
203 203 
57 57 81 201 
5 243 

127 127 200 229 
130 130 130 226 
20 20 116 166 
81 
109 194 194 198 229 
204 
5 142 142 
46 46 46 
58 58 129 129 129 152 152 
1 1 

24 24 24 119 152 

84 100 180 194 198 198 

154 

83 83 145 177 246 
227 
87 
98 


107 152 152 
170 206 
55 238 
33 33 33 77 77 

7 7 
7 7 

54 84 96 96 187 187 189 216 216 
228 251 
104 104 104 
97 97 97 
71 228 
222 
227 



202 202 
18 32 32 
14 
21 
26 
102 102 159 
149 165 203 203 
200 
18 18 113 204 204 
14 152 152 223 223 
75 
153 
143 203 
33 
42 42 42 153 228 
14 14 18 18 24 31 48 58 58 60 104 104 107 119 119 146 146 157 157 223 225 
2 2 21 21 21 25 25 27 81 81 81 148 151 179 
111 176 
205 205 206 
74 199 
152 152 163 163 

5 142 
81 81 227 
5 5 
81 81 
157 157 

28 143 203 203 
98 
173 
8 
37 37 
120 174 206 206 
75 75 205 
33 
81 167 176 176 
170 
30 30 196 
81 81 154 173 173 224 224 224 224 
83 113 
5 
21 21 41 153 
109 
56 56 
9 
84 84 
228 228 
33 
18 69 90 
127 127 
44 
127 216 216 
236 236 
205 
23 23 206 
253 
100 100 109 
245 
5 5 5 175 239 239 

100 109 109 
156 
96 144 229 229 240 240 
93 
137 137 
7 40 40 40 58 58 74 74 75 75 81 92 92 143 143 149 165 165 220 251 252 252 
22 22 83 83 101 145 145 245 245 
29 155 155 171 191 206 
18 60 61 120 155 170 170 192 205 250 
26 26 26 
14 


222 
6 6 
20 
58 252 252 
8 228 228 228 
127 127 189 189 
75 233 
86 86 

81 81 203 251 
248 
6 33 132 211 
146 146 152 
176 176 176 176 
152 
17 17 97 
12 12 56 114 133 160 
3 3 3 8 21 21 81 85 85 85 85 128 131 151 184 184 215 215 215 
96 100 200 200 240 
30 
15 15 

75 75 217 
254 254 254 

0 60 60 190 190 

3 3 55 55 81 121 
30 196 196 
200 200 229 

63 
94 248 248 

43 43 58 195 204 204 
113 
8 71 
221 243 243 
70 
206 
58 58 81 128 203 220 
203 203 214 214 
87 193 
234 234 234 

