Nodes: 256, Edges: 387
236 236 236 
105 105 110 153 153 158 164 164 232 
129 153 
238 
14 138 
38 42 42 46 56 68 91 94 102 114 123 133 161 161 161 227 234 243 243 248 
222 
41 41 74 74 97 125 203 203 
71 71 71 168 215 
182 230 

33 33 
114 
33 37 
4 32 47 51 138 139 139 146 152 
26 26 26 231 231 
93 
66 66 226 
34 34 51 61 61 63 63 120 120 120 137 137 138 145 145 145 152 186 206 206 

98 98 
45 140 153 179 179 179 228 228 
245 
192 192 
107 107 107 
81 153 
15 15 15 44 44 70 82 207 207 231 
153 
88 165 
205 
64 64 196 239 
152 152 
14 138 138 138 138 
11 11 13 37 37 44 44 122 122 134 134 150 150 169 172 172 185 185 219 222 222 222 
18 18 

74 
13 33 33 
5 
134 

7 7 
5 5 125 125 151 151 228 228 
245 245 
26 26 33 33 59 73 73 188 222 
21 119 153 
5 103 103 103 
14 152 180 180 
58 58 58 152 
84 

14 18 


127 127 
238 
5 103 181 227 
93 154 154 
48 48 48 104 104 152 245 251 
44 
61 61 152 190 206 236 236 
18 18 60 60 
108 
18 18 202 242 
30 30 
81 93 93 93 
17 17 84 

5 
146 
26 249 249 
8 8 8 131 228 228 247 

44 44 
7 7 36 156 
171 171 203 203 233 233 

122 122 
86 89 93 
111 111 

25 65 153 162 173 176 176 176 203 220 220 238 251 
26 
113 177 177 
49 66 127 127 183 183 
228 
78 203 203 
237 
28 165 203 
78 
186 206 206 242 
5 111 121 121 153 
104 
16 57 65 65 65 78 111 176 176 201 241 
5 112 243 

200 
7 
20 20 166 209 209 
251 
109 127 127 194 198 229 
145 204 204 
5 142 254 
46 46 46 56 
58 58 92 129 
1 1 

24 24 24 119 
62 
100 127 127 194 198 198 198 255 255 
1 153 153 
79 79 91 93 
94 
83 177 246 246 
5 12 227 227 

203 


45 107 152 152 
18 18 18 206 206 
91 91 
33 33 77 77 210 
5 196 

7 42 42 

54 54 84 84 100 100 109 109 187 187 189 216 216 229 

2 104 

71 228 
222 222 222 
5 227 227 
33 33 39 
175 175 

18 18 
4 14 18 32 32 32 32 
14 14 
21 

102 
149 149 165 165 203 
200 200 240 
18 18 18 101 
14 69 223 

153 
143 143 
33 33 
42 42 252 
14 18 31 31 47 48 58 60 119 119 157 223 225 225 
1 1 2 21 25 27 45 81 91 110 110 148 
57 57 176 
206 206 
74 199 
152 163 
1 


5 5 5 
81 238 
157 
1 1 232 
28 88 143 143 
98 209 209 
173 173 
8 
33 
174 206 
75 75 
33 33 
81 167 167 
170 
135 135 196 
81 81 81 93 93 154 224 
83 83 113 204 

21 21 21 
47 47 
56 
9 
84 84 

33 33 
18 90 
127 127 
44 
127 
60 
205 
23 23 206 206 206 
200 200 253 
100 109 
204 245 
30 123 175 239 

100 109 109 109 
156 
96 144 144 193 193 
93 
63 
7 7 75 75 81 86 86 88 116 143 220 252 
101 101 177 195 245 245 
29 191 206 
18 18 60 90 90 120 120 155 155 170 192 192 192 205 250 
26 26 

98 98 166 166 
122 
222 
222 
253 
252 252 
8 228 
127 127 


33 
81 81 203 251 

6 33 33 33 44 132 132 132 211 212 
146 152 
176 
152 152 
17 
5 56 114 114 133 133 
21 21 42 42 71 71 85 131 215 
100 127 240 240 240 
9 
15 15 26 
1 164 
75 75 
5 254 254 254 

0 0 0 60 60 
87 
3 55 81 162 
30 196 
144 229 229 229 
93 
63 90 
5 5 94 248 248 

22 43 43 58 195 204 204 
113 113 
71 
5 243 243 
70 70 
206 
58 81 99 220 
151 203 214 214 
193 213 
102 234 234 234 
109 109 
