Nodes: 256, Edges: 387
60 236 
21 21 105 110 110 110 153 158 164 
129 129 153 153 153 
238 
14 18 18 138 
38 38 42 46 46 46 56 68 94 114 123 143 161 161 161 178 178 227 227 227 234 235 235 
212 222 222 
41 74 97 97 124 124 124 125 125 203 
71 81 247 

14 
33 
227 

4 10 32 47 51 139 146 152 163 163 208 208 
26 231 
89 89 
84 84 226 226 226 
4 4 34 34 51 61 61 120 137 138 152 152 186 186 206 
62 
98 
1 1 45 45 153 179 228 
195 204 245 
192 
107 107 107 152 
81 
15 33 67 72 72 72 82 82 207 
52 153 
165 
205 
64 64 64 196 230 239 239 
152 
14 138 138 
11 26 37 39 122 172 197 219 219 222 
18 18 
53 
74 
33 169 
5 5 
33 134 134 

7 179 
5 81 151 
195 195 245 
73 188 188 222 222 
21 21 148 153 153 
5 5 5 103 103 103 
14 152 
58 152 152 
84 

14 18 
27 
35 
127 
121 238 
5 181 181 227 
93 93 
48 104 152 203 245 251 

0 61 152 190 206 236 
18 18 60 206 
19 108 108 
137 202 
30 30 30 
81 93 93 

26 
5 
146 186 

8 131 131 131 228 228 
26 26 26 
44 
7 36 156 156 156 
147 147 203 203 203 226 233 

122 
89 93 93 
111 
137 
8 25 42 65 93 162 173 176 203 203 220 238 251 251 
26 26 
177 177 
17 17 49 127 

203 
253 253 
165 
16 16 78 
242 242 242 
121 
203 
57 57 65 65 78 78 81 111 154 176 241 
5 243 

127 200 229 229 240 240 
7 7 130 130 226 226 
20 116 166 209 209 

127 127 194 229 

142 142 142 142 203 203 203 254 
46 46 46 
58 
1 

24 24 24 119 
62 62 
127 127 194 198 255 255 
1 1 1 153 153 
79 93 154 

145 246 
5 227 

98 


107 
18 206 
55 91 238 238 238 
33 77 210 
5 161 
7 7 7 
7 7 

54 84 96 100 100 109 109 187 216 216 229 
228 251 
2 2 
97 97 
71 71 71 228 228 
222 222 
227 
39 39 


18 63 80 202 202 
4 18 32 32 
14 


102 102 102 102 159 
5 165 165 203 203 
200 200 200 200 240 240 
113 204 
14 69 152 223 223 
75 75 
45 153 


42 153 153 228 228 252 
14 18 18 24 31 47 48 48 58 60 146 163 225 225 
1 2 2 2 21 27 45 45 110 110 148 151 151 
93 111 176 176 241 241 
205 205 206 
74 74 74 199 203 
163 163 163 
1 164 
142 
227 
5 5 5 123 
81 
14 14 152 157 157 157 
1 158 232 232 
28 88 143 143 203 
98 


37 
174 206 
205 
33 
81 176 
170 
196 
81 93 154 154 173 224 224 224 
83 83 204 
5 5 
21 41 

56 56 




18 18 69 
127 
44 44 
216 
60 236 236 
205 
23 206 
200 200 200 200 237 
100 109 
22 43 43 204 
30 175 239 239 
33 
109 
156 
96 144 144 144 144 193 193 193 193 229 240 240 

63 137 137 
7 58 75 75 75 81 81 86 92 102 102 102 143 143 156 165 251 
22 145 177 195 
29 155 155 171 191 
18 60 61 120 155 170 192 
26 
14 14 
98 98 
122 
222 
6 222 222 222 
237 
252 252 252 
228 228 228 
127 127 189 
233 

33 33 
81 251 

6 6 33 44 44 132 132 211 212 212 212 
146 146 
176 176 176 
152 152 
17 17 17 75 97 97 
5 5 5 12 56 114 133 160 
21 71 71 128 131 131 151 151 215 215 215 
96 96 100 127 200 240 240 
30 
15 
164 164 
75 217 
5 254 
5 5 
0 60 190 190 
193 213 253 
3 55 81 121 121 121 
30 30 196 196 
96 96 144 144 200 200 229 229 
93 154 154 
90 90 90 
94 248 

22 43 58 
113 
8 
243 


58 81 81 128 203 220 
151 214 214 214 
87 87 237 
102 234 
109 109 
