Nodes: 256, Edges: 387
60 
21 105 105 110 110 110 110 153 158 158 164 232 
129 153 
81 81 228 
18 32 
38 46 50 50 56 56 68 68 91 91 91 91 94 102 114 114 123 133 141 159 161 161 178 178 203 203 203 243 
222 
86 97 124 125 125 203 

182 

33 

33 
32 51 60 139 139 139 152 163 208 
26 231 231 
93 93 
66 84 226 226 
4 34 34 34 51 51 51 61 63 120 137 137 137 145 186 206 
62 
98 98 166 166 213 213 
1 140 179 228 
204 245 
192 
107 152 223 
153 
15 44 82 82 207 231 231 231 
153 153 
88 
205 205 
175 182 230 
152 
4 14 
11 13 37 37 39 44 169 172 185 197 222 
18 18 18 137 
81 81 
74 
33 33 169 
5 
33 


81 81 151 228 
58 195 245 245 
26 33 73 150 150 188 188 219 
119 148 148 153 
5 103 
152 152 152 180 180 
58 152 

5 5 
14 18 18 18 
140 
81 
83 
121 121 238 
5 5 103 181 181 181 
154 154 
43 48 152 203 214 245 

0 14 61 61 76 76 206 236 
18 60 60 
19 108 108 
18 90 137 202 242 242 

93 
17 84 

5 5 
146 186 186 

228 228 247 

44 
36 156 203 
203 203 205 233 
60 60 
122 
93 
111 
137 
3 3 35 35 42 42 53 93 160 162 173 173 173 176 176 203 220 220 220 228 238 251 251 
26 26 231 
54 113 177 177 
17 66 109 189 189 
228 228 
7 203 203 218 218 218 
108 253 
28 
95 
63 206 206 242 
5 5 5 5 121 121 
104 203 
16 16 65 78 81 111 176 176 241 241 
5 112 112 
89 
127 229 240 240 
7 226 
20 20 116 166 209 209 
251 
109 109 127 127 127 127 194 198 
145 
5 142 142 234 254 
46 56 
92 129 
1 1 

24 119 
62 62 87 
84 100 100 127 127 194 194 255 
1 1 1 1 
79 93 154 
94 94 
83 145 177 204 246 
5 5 227 

98 


45 107 152 
18 206 206 
55 55 91 91 
77 210 210 
5 161 
7 
7 7 
203 203 203 
96 100 100 100 100 109 109 187 216 216 229 

2 104 

228 
222 
5 227 



18 18 18 34 63 80 202 

14 14 14 
21 52 
5 
102 102 
149 203 
200 200 
18 101 113 204 204 
69 152 223 223 

45 45 
143 203 203 203 
44 44 
42 228 
14 24 31 47 47 47 48 58 119 146 157 163 223 225 225 
1 2 25 27 27 45 179 228 228 
57 57 111 176 176 241 241 
206 206 
74 203 
152 163 163 
1 1 
5 
81 227 
5 5 123 
81 238 238 238 
14 152 157 157 
1 232 

20 20 98 209 209 
173 

33 37 
174 174 
205 
33 
81 81 81 167 176 
170 170 206 
30 196 
81 81 93 93 154 154 173 224 224 
83 83 113 204 
5 5 
21 153 
47 47 
56 56 56 
9 30 

228 
33 
18 69 69 
127 
44 44 
84 84 216 
236 
205 205 
23 
200 253 
100 109 109 
43 204 
175 239 239 
33 
100 

144 144 193 229 

63 137 
5 5 5 7 58 74 75 75 81 86 86 92 126 126 126 143 149 149 149 156 252 
22 113 145 145 177 195 240 
29 29 75 171 191 191 
18 60 90 90 120 120 155 155 174 250 
26 
14 
98 98 166 166 
122 122 

222 
20 20 253 
58 252 252 

127 127 189 
233 
86 86 86 
44 
81 81 81 251 251 
248 
6 33 132 212 
24 146 146 152 
176 176 
152 152 
17 17 97 
114 133 160 
3 21 42 71 71 81 85 85 131 151 153 153 184 
96 127 200 240 240 
30 
15 15 26 26 26 82 
1 164 
75 217 
102 254 

60 190 
253 
55 81 162 162 162 
196 196 
96 96 204 229 229 
93 93 154 154 
63 63 90 
5 248 248 248 

22 43 43 58 
113 
71 
221 243 243 243 

206 
81 81 99 220 220 
203 214 214 
87 193 213 237 
102 234 
109 
