Nodes: 256, Edges: 387
60 236 
21 21 21 105 105 110 110 153 158 164 164 232 

81 228 
14 18 
42 50 50 56 94 114 114 123 123 133 143 143 143 159 196 244 244 244 
212 212 
41 86 97 97 125 125 203 
71 81 81 81 168 228 247 247 
182 182 
14 14 


33 
4 10 10 32 32 32 47 47 51 138 163 208 208 

93 93 
84 
4 34 34 63 63 120 137 138 145 145 145 152 152 186 186 206 
62 62 
98 166 213 
1 1 1 45 45 140 153 153 179 228 
195 204 204 204 245 

107 107 
81 153 153 
67 72 72 207 207 
153 
88 165 
205 
175 182 196 196 196 230 230 239 
152 152 
14 14 14 138 138 
13 37 37 44 44 122 150 169 169 169 219 
18 18 
53 81 

33 33 169 169 


203 
7 
5 151 151 228 228 
195 245 
33 33 73 73 188 222 
21 21 148 153 
103 103 103 
14 14 152 
58 58 152 

5 5 
14 
140 
35 81 
83 127 127 
121 121 121 
5 103 181 227 
93 
48 48 104 203 214 245 251 251 

0 61 61 61 61 236 236 
60 60 60 60 
19 19 
18 18 90 90 137 137 202 242 

93 93 
84 
26 

146 186 186 
249 249 
8 131 
26 26 
44 44 
156 156 203 218 
147 203 203 205 217 233 233 

122 122 
93 

137 
3 8 8 8 25 35 53 93 160 173 203 220 238 238 251 
231 
54 177 177 177 204 
17 66 109 109 127 127 183 
228 228 
7 203 203 203 
237 253 
28 165 203 

63 63 206 242 242 
111 
203 
16 16 57 65 65 78 81 111 176 176 176 201 201 
5 243 

127 127 200 229 229 240 240 240 
7 7 130 130 
20 166 

127 194 194 198 198 
204 204 
142 142 203 234 234 
46 46 46 56 
58 129 
1 1 
145 
24 24 119 119 119 

84 84 127 180 194 194 198 255 
1 1 153 
91 93 154 154 154 

145 145 177 
5 5 227 




107 107 107 
18 170 206 206 
55 55 55 181 
33 77 77 210 210 
5 5 196 

7 7 
203 203 
54 54 84 84 96 96 100 109 189 216 229 229 

104 
97 97 
71 228 228 

5 

175 

18 63 63 80 
14 18 32 32 

21 52 

102 102 
5 5 5 165 203 203 
200 200 200 240 
18 18 18 106 113 113 204 204 204 204 
69 152 152 223 223 223 
75 
45 153 153 
203 
33 
42 42 228 
18 18 31 31 47 48 146 146 163 
1 21 21 25 25 27 45 110 148 148 179 228 
111 111 111 241 241 
205 205 205 206 206 
74 74 199 203 203 

1 
5 
81 

238 238 
14 152 
1 1 232 
28 88 143 203 
20 98 209 
173 173 
8 
33 33 33 37 37 
120 174 206 
205 

81 167 167 176 
170 206 206 
30 135 
93 93 93 173 224 224 
83 83 83 113 204 

21 153 
109 
56 121 
9 9 30 
84 


18 18 69 69 

44 
127 216 216 
236 
205 205 

237 253 
100 100 109 109 
22 43 245 
5 30 30 30 123 239 239 

100 100 109 
156 
96 144 144 144 240 240 
93 93 
63 
7 40 58 74 75 75 81 86 86 86 88 92 102 126 126 143 143 149 156 156 165 
22 22 22 83 101 101 145 145 145 145 177 
29 75 155 155 155 171 191 191 
18 90 120 120 155 155 170 174 174 
26 26 
14 14 
166 
122 122 

6 6 222 222 
20 253 
58 252 
228 228 228 228 
127 189 189 
75 
74 
33 
81 
248 
44 212 212 
146 146 146 
176 176 


56 114 
3 8 21 42 42 85 85 131 131 151 153 215 215 215 215 
96 96 127 127 240 
30 30 
82 
1 164 
75 75 
102 102 254 

0 60 60 190 
87 193 
81 81 162 162 
30 196 196 
96 96 96 144 200 200 229 
154 154 
63 90 90 
94 248 
5 5 5 
22 43 58 195 

8 8 
221 243 
70 70 

58 58 81 
214 
87 193 213 
234 
109 
