Nodes: 256, Edges: 387

110 232 
129 153 153 
81 228 228 238 
14 14 32 
38 38 56 56 91 91 91 94 102 133 133 159 161 161 161 196 227 234 234 235 243 243 244 
212 212 
41 74 97 124 125 125 125 203 
71 247 
182 182 
14 
33 
227 
33 33 37 37 
4 4 10 18 32 47 51 51 60 163 208 208 

93 
66 84 84 226 
14 34 51 51 61 63 137 145 145 145 152 152 152 186 186 206 
62 
166 
45 153 179 179 179 228 
204 245 
192 
107 107 107 

33 33 33 67 82 87 

88 165 165 
205 205 205 
64 182 196 196 

4 14 
11 13 13 26 26 26 37 39 44 122 122 122 134 150 169 169 172 185 222 222 
18 137 

74 
13 13 33 
5 5 
33 
203 
7 179 
125 151 151 228 228 

33 73 73 118 150 188 219 222 
21 119 148 148 153 153 
103 
14 180 

84 84 

14 14 18 18 



121 121 238 
5 5 103 181 227 

104 104 104 152 203 214 214 251 

14 61 61 61 76 76 152 152 206 236 236 
18 60 60 60 
19 
18 90 137 202 202 242 
30 
93 93 
17 
26 

186 186 186 
249 
8 131 228 247 

44 44 
7 36 
171 203 203 205 233 233 
60 60 

89 89 93 93 
111 

3 173 173 203 220 220 238 238 251 
26 231 
113 177 177 204 
17 17 49 49 109 183 
228 228 
203 203 203 218 218 
26 115 253 253 
28 165 203 203 
78 78 
63 206 206 206 242 242 
5 5 5 
104 
16 65 65 78 78 111 111 176 176 241 241 241 
5 112 112 
153 
127 200 200 229 240 240 
7 130 
209 

109 127 198 
204 204 204 
5 203 234 254 
46 56 
58 58 58 92 129 152 

145 
24 24 24 119 152 

84 100 127 198 255 255 
1 153 153 
79 93 93 154 154 
94 94 
83 145 177 204 204 246 

87 
203 

44 
45 107 152 152 

55 55 181 
33 33 33 210 
182 
7 
7 7 7 42 
203 203 
96 100 109 187 189 216 229 229 
228 
2 104 
97 
71 228 228 

5 5 227 227 
33 


18 34 63 202 
208 



159 
149 149 149 165 
200 240 
18 18 18 106 113 204 204 


45 45 
143 143 143 203 203 
33 44 
42 42 153 
18 18 18 58 60 60 104 107 119 119 163 225 
2 2 21 45 45 95 110 110 151 228 
111 111 176 241 241 241 
205 205 
199 203 
163 163 163 163 
164 164 
5 142 
227 
5 5 5 
238 
14 152 157 157 157 157 
158 158 
28 28 88 143 
20 209 
173 

33 33 
174 206 206 206 
75 
33 
81 81 167 176 176 176 
170 206 206 
196 
93 93 154 173 173 173 224 224 224 
83 83 113 204 204 

21 21 21 41 
47 
56 121 
9 9 30 123 
84 

33 
18 18 69 69 69 
127 
44 
127 216 216 
236 236 
205 205 
23 206 206 
200 200 200 


5 30 30 175 239 239 

100 109 
156 
96 96 144 193 193 193 240 240 240 

63 63 137 
7 40 58 75 75 81 86 86 86 88 88 102 116 126 126 149 149 156 251 252 
22 83 101 101 101 113 113 145 145 177 177 245 245 
29 29 29 75 155 155 191 191 
18 60 90 90 90 170 170 170 174 174 192 192 250 

14 14 138 
98 166 
122 

6 6 222 222 

58 58 
228 
127 189 189 
233 233 
86 86 
44 
81 81 251 251 
248 
33 33 44 212 212 

176 176 176 
152 
17 
5 12 56 133 133 160 
3 3 21 42 42 71 85 85 128 131 131 153 215 
96 127 127 240 

82 
1 
75 75 217 217 
5 5 102 254 254 254 254 
5 
60 60 190 190 

3 55 81 81 162 
196 196 
96 96 144 200 200 200 229 
93 93 93 154 154 154 
63 90 90 
5 5 248 248 248 
5 
22 204 204 
113 
8 71 
221 243 243 243 
70 
206 
58 81 203 220 220 
203 
87 87 
102 234 234 234 234 
109 109 
