Nodes: 256, Edges: 387
60 236 
21 21 110 153 158 164 164 232 
129 129 153 153 153 
81 228 228 228 
18 18 
38 38 38 46 46 56 81 94 94 98 114 133 159 159 159 161 161 178 234 235 235 243 244 248 
212 212 
74 74 86 124 203 203 
81 81 168 168 228 247 
182 230 
14 
33 33 

37 
10 18 32 32 47 60 138 139 146 152 163 208 
231 231 
89 89 93 
66 66 84 226 226 
4 4 14 34 34 34 34 34 61 63 120 120 138 145 145 152 152 152 206 206 
62 
98 166 
1 1 45 45 153 179 179 228 228 
195 204 204 245 

107 
81 153 
33 207 

88 88 165 

175 182 196 196 230 239 
152 
14 14 138 138 
11 11 26 37 122 134 134 150 169 169 172 185 197 197 222 
18 18 18 18 18 137 137 
53 53 81 

13 33 169 
5 5 5 
134 


81 125 228 
195 195 245 245 245 
59 59 150 188 188 219 
21 21 153 
5 5 103 
14 152 152 180 180 180 
58 152 




35 35 81 81 

121 121 238 
5 103 181 181 181 
93 93 154 154 154 
48 104 152 203 203 214 245 251 
44 44 
0 14 61 61 76 190 206 236 
18 60 60 206 206 
19 108 
18 90 90 137 

81 81 93 
17 17 84 


146 186 
249 
131 228 228 247 


7 7 156 156 156 203 218 
147 171 171 203 
60 
122 
89 
111 
137 
3 5 8 8 25 35 42 53 53 65 65 153 160 160 160 162 162 162 173 203 220 220 220 228 238 238 

113 177 177 204 
17 66 127 189 
228 228 
7 203 203 218 
108 108 115 
28 28 165 203 
16 16 78 
63 63 206 
111 121 153 
203 
16 57 57 65 201 201 241 241 241 
5 5 243 
153 
229 240 
130 130 
5 20 209 

109 127 127 194 198 
145 204 
142 142 
46 56 
58 152 152 

145 
24 
62 87 87 
100 127 127 194 198 198 255 255 
1 153 153 
79 91 154 

83 204 
5 
87 
203 
136 

152 152 
18 18 206 
55 55 91 
33 77 

7 
42 
203 203 
84 100 100 109 109 216 216 229 229 
228 
2 2 
97 97 
71 228 
222 
5 227 
33 33 39 

117 
34 34 63 80 202 202 
14 18 32 32 
14 


102 102 
149 165 203 
200 200 200 240 
18 18 101 106 204 
14 69 223 
75 

143 203 203 
33 44 
153 
14 18 18 18 31 47 47 48 58 104 104 119 119 157 157 163 
1 2 2 2 21 25 45 81 91 95 110 110 151 179 228 
57 57 57 111 176 241 
205 205 206 206 
74 74 74 
152 152 163 
1 164 
5 5 5 
81 81 81 
5 5 
81 81 81 
14 152 157 
1 1 158 232 
28 88 143 
20 209 
173 
8 8 
33 33 37 
174 206 
75 75 205 205 
33 
81 167 
170 206 
30 
154 224 224 
83 83 204 204 
5 
21 21 153 
47 47 47 
56 56 56 
9 30 


33 
69 

44 44 
84 
60 236 

206 206 206 
200 237 237 
100 109 
22 43 43 204 245 
30 30 239 
33 33 
100 109 109 

144 144 144 193 
93 93 
137 137 
7 7 58 58 74 75 81 86 86 88 92 116 126 126 143 149 149 251 251 252 252 
22 22 83 101 113 145 177 177 195 240 245 
155 155 171 171 
18 18 60 61 61 90 120 155 155 170 174 192 192 192 
26 
14 
98 166 


6 6 222 222 222 

58 
228 
127 127 
233 
74 86 
44 
81 81 81 
248 
33 132 212 212 212 
146 
176 176 

17 17 
133 
3 3 3 8 21 21 42 71 71 81 85 85 128 131 153 215 
96 127 127 240 240 240 240 
9 30 
15 15 
1 164 
217 
5 254 
5 5 
0 60 190 
193 193 253 
55 81 81 
30 196 
96 144 204 229 229 229 229 
93 93 93 154 

5 94 248 
5 
22 43 43 43 58 195 204 

8 71 
5 221 243 
70 

58 203 203 
203 203 
237 
234 
109 109 
