Nodes: 512, Edges: 713

441 441 
28 91 111 111 183 189 
271 493 493 
454 454 
88 88 184 255 255 273 279 354 354 441 441 443 475 504 508 508 

271 271 
350 350 

476 476 
264 264 


184 184 
59 59 59 444 
184 



428 

115 331 
290 290 290 

408 
408 
76 
2 183 
56 
180 
184 279 279 315 486 486 489 489 
184 307 
67 192 

210 
106 
406 
358 358 
159 159 163 219 231 241 267 302 402 402 405 405 
236 236 249 
99 160 184 184 354 457 492 
321 321 323 
193 
137 
413 
64 64 339 339 339 381 395 
346 346 346 

236 
400 
484 490 
184 345 

76 501 501 
236 
29 191 236 236 446 474 487 
415 

15 15 15 444 
104 236 
81 
241 241 
383 383 463 
46 46 381 
193 416 

33 281 347 347 
169 179 371 
236 
184 184 184 258 
369 
325 358 466 
94 315 463 
448 
383 383 
27 54 96 162 186 208 208 228 228 229 229 245 245 295 295 322 328 440 440 509 509 
413 


314 418 418 
61 82 113 113 184 289 289 329 389 394 495 495 
81 142 389 
104 104 438 438 438 
85 85 312 312 348 348 348 
84 84 160 348 445 
508 
306 408 408 
5 5 
358 358 
358 
2 
182 

73 
418 418 
76 
171 171 
420 441 
41 354 

140 140 195 195 378 378 471 471 
117 136 
146 146 146 379 
60 83 83 138 138 138 237 507 
184 190 
36 190 372 



247 
2 2 
184 
81 81 
367 
22 
184 184 415 
102 135 184 236 236 
152 152 152 262 364 

486 
143 
222 
381 468 468 
387 
136 136 136 
185 
480 480 480 
413 413 448 
236 236 415 415 

454 454 
168 
381 
354 354 354 380 
117 
102 125 125 125 
44 184 
104 104 104 164 236 236 
381 381 
101 101 320 
196 
82 389 
121 217 
282 
339 
103 103 103 379 379 
344 
304 304 
417 
408 
354 
118 118 118 

374 
413 
399 450 
233 276 425 425 
408 
39 39 188 205 227 227 231 231 305 330 330 402 428 469 477 510 511 
41 85 272 312 312 498 
413 
76 322 
39 
138 
329 329 
477 

132 413 413 
68 233 296 425 425 

97 97 290 290 480 480 


222 222 
187 187 407 

415 415 415 

68 
30 222 222 
367 
92 340 413 413 444 
2 28 
5 14 14 16 31 32 41 41 52 70 70 70 81 105 112 116 116 117 137 213 221 221 236 246 258 260 267 279 279 289 289 291 292 292 307 315 324 324 324 338 345 354 354 355 366 366 396 409 409 415 456 456 484 488 490 490 
126 491 491 
76 440 440 
175 175 413 
159 
2 351 
105 106 372 
56 267 285 304 304 304 446 
33 236 236 281 
43 65 251 251 358 413 

101 101 236 236 267 471 471 
141 200 200 200 350 350 373 413 422 

508 508 

196 196 196 


271 
267 267 268 
159 
405 405 
478 
76 76 242 
328 
35 
236 
238 238 310 
184 488 
215 215 215 
214 214 214 467 

143 

39 232 402 402 
494 494 
184 184 
122 174 174 180 180 376 483 499 
329 
313 313 350 
377 393 393 393 419 
292 
159 159 257 337 337 337 343 392 477 
76 76 
76 76 295 360 360 
236 236 275 303 406 415 
39 159 159 
219 454 
157 169 238 238 296 310 

487 
40 40 49 55 56 56 60 69 117 117 129 129 138 138 184 192 192 195 195 211 230 230 237 267 275 283 344 344 351 351 415 415 415 432 432 460 487 
104 236 
212 212 233 233 

279 476 476 496 496 
39 62 62 430 430 
208 
311 413 424 494 
358 
76 76 
184 
110 401 

40 
374 417 417 
193 193 286 


283 283 415 415 415 
5 5 
273 
227 305 
70 184 409 
367 367 
184 

118 364 

11 11 334 385 
496 
493 
39 184 191 195 204 204 236 356 356 471 471 
204 
415 

3 7 7 203 282 282 297 297 339 339 354 375 375 391 401 401 401 408 412 427 453 
160 
5 256 472 475 

230 236 
157 


5 31 31 184 184 240 
308 435 449 449 
67 192 298 421 421 421 
144 271 271 427 
236 254 254 415 415 

191 
251 


81 81 184 184 
23 23 23 171 171 480 480 
184 426 426 426 
184 184 226 364 

397 408 408 
76 76 229 
169 233 
271 271 
281 347 
413 413 

339 
39 
230 415 415 
148 148 191 191 191 
159 257 343 343 343 343 392 392 392 482 
87 370 408 
32 184 354 396 396 
280 

212 233 
243 
84 84 160 160 
224 224 
80 317 413 418 481 
31 73 184 486 486 

314 413 413 
413 413 

140 
42 42 323 
76 162 
42 321 359 
184 184 184 
72 
358 

76 209 
81 165 165 223 432 
159 159 369 428 
22 
407 413 

264 385 413 413 413 
413 494 
486 
227 227 227 
184 415 
46 46 46 145 271 271 301 408 427 452 464 
182 


227 305 305 305 305 
147 236 236 447 447 
52 184 
47 47 47 
67 67 298 506 
84 84 84 85 
481 481 
8 8 196 196 224 
189 236 236 
402 402 402 

5 5 41 99 134 134 134 151 184 184 271 307 462 502 
184 
267 267 
367 367 431 431 496 
38 38 72 89 89 90 193 244 326 413 413 466 466 503 
323 
229 229 

413 

118 262 292 
415 415 
184 184 
114 181 259 259 357 357 

71 330 
306 
68 
106 190 
196 
154 250 408 408 417 417 417 442 
271 271 
222 
225 
101 101 
103 146 146 
134 
46 64 123 133 139 139 408 

63 63 75 75 432 432 

264 334 413 413 413 

124 
487 487 
81 82 142 497 497 

271 
227 305 305 305 
225 225 225 
81 495 
46 
184 307 307 
294 

156 
50 
247 271 271 271 
39 39 159 219 219 352 352 352 


39 39 206 206 
37 230 
175 332 413 413 413 413 
25 26 87 87 150 158 271 294 294 306 339 374 374 381 412 412 
184 184 258 


271 408 408 
45 77 128 128 155 161 168 168 182 182 187 193 196 243 299 299 314 317 317 318 318 332 334 334 334 335 358 358 362 385 385 385 407 407 407 407 448 455 455 494 500 500 

57 116 129 129 177 177 177 184 230 236 236 236 254 254 254 269 283 283 303 303 338 365 365 432 463 463 
65 
149 250 250 374 374 374 
80 80 95 95 314 
225 
98 441 441 
281 281 281 
196 

243 
157 157 169 169 
291 291 291 
271 282 339 
20 159 330 

241 241 
357 357 
236 236 329 383 383 415 


280 


83 83 83 487 

76 76 186 186 
1 1 5 5 98 420 420 
374 468 
5 
15 59 182 
85 450 450 
56 191 
344 344 
74 128 413 
280 280 467 
156 445 445 

339 
271 
4 4 131 131 232 
413 413 
184 184 491 491 
41 


236 
497 497 
354 
63 73 415 415 
339 

72 358 358 
215 449 
123 123 442 
159 

101 101 195 195 267 267 
273 475 

56 487 
5 273 472 
10 10 240 240 496 
159 166 227 
207 

127 127 127 171 171 290 290 
314 349 349 
305 
222 
51 184 

31 31 120 315 315 336 489 489 
56 235 236 388 388 438 474 
184 213 
31 31 486 486 
51 184 184 
185 185 456 456 
41 
3 3 266 
220 220 243 335 413 
81 81 394 
240 240 265 357 476 
389 389 461 461 
160 
222 
413 413 
54 54 
354 
358 
5 

347 
104 
5 5 86 198 198 
76 76 
159 
159 
