Nodes: 512, Edges: 713
381 
441 
28 91 183 
271 271 493 493 
454 
50 184 184 225 255 273 279 354 400 441 443 443 475 475 504 
404 404 
233 271 
196 
287 287 
476 
264 
184 202 355 355 

117 117 125 
59 59 182 
184 

441 

428 428 

331 389 414 461 461 497 
290 290 290 
76 
408 408 408 
408 408 
76 
2 178 178 183 
56 
180 180 222 483 
172 184 184 184 279 315 486 
184 
67 67 192 192 192 

210 
106 106 
57 415 415 
358 
159 159 163 219 241 302 402 485 485 
192 192 236 
85 137 156 156 160 324 445 450 450 457 492 
321 323 
193 
137 

339 
76 
508 
236 236 
5 
484 
345 345 345 

501 501 
93 195 195 
29 446 487 
37 
294 294 397 
15 15 

81 81 359 
241 241 241 
75 383 463 
381 381 395 
416 416 

33 33 192 192 281 347 347 
296 371 
344 
258 258 258 

325 358 358 466 466 
94 94 315 315 463 
413 413 448 
63 463 463 
24 27 47 96 96 107 107 196 207 229 245 322 328 346 346 413 413 413 423 423 509 
413 413 

236 

61 61 82 113 261 289 289 495 495 495 
81 121 165 
104 104 236 236 438 
85 312 348 
41 84 160 160 312 348 348 348 
508 
306 408 
504 


2 
182 413 
55 
73 73 315 

76 76 
171 
420 420 441 
354 354 
476 496 496 
195 378 471 
117 136 136 216 216 
146 425 425 
83 83 138 138 236 236 236 237 237 507 507 
184 190 
36 36 372 
76 76 
414 
199 
176 247 401 


81 
367 

184 184 
14 14 102 135 184 236 236 
152 152 364 364 364 
413 
486 486 
82 143 

381 468 
309 
14 136 136 136 136 
491 491 491 
480 


497 
454 
168 

354 380 380 
117 
102 102 125 125 125 125 
41 44 184 
104 104 164 236 236 236 
381 
320 
196 358 
389 
121 


103 379 379 
236 344 344 
191 304 304 304 

248 248 

118 118 292 
325 
374 374 

41 41 450 
233 
194 194 271 408 
39 39 188 188 205 227 227 305 428 433 433 469 477 477 510 511 
41 85 85 272 272 272 312 312 
439 
322 
39 
138 
82 
477 477 
413 413 
132 413 
233 233 296 425 
471 471 
97 290 480 480 
31 
344 
222 
187 187 187 407 407 
110 247 
300 300 415 415 
28 28 183 

30 30 
367 
15 92 340 413 
2 28 178 
5 5 12 16 31 31 31 32 105 116 116 117 137 213 213 221 236 258 258 260 267 267 284 289 289 291 324 324 338 338 345 345 354 355 366 396 396 396 409 409 409 415 415 426 426 456 465 484 
491 

175 175 175 413 413 
159 159 
351 351 
105 372 
148 236 236 267 268 304 446 446 446 
33 33 33 40 40 67 67 236 236 236 281 281 
43 251 251 251 286 286 362 479 479 479 
158 158 
55 55 101 236 267 267 471 
8 76 141 290 350 350 413 413 422 
496 496 
386 508 
109 

236 236 415 415 
12 355 
271 271 
267 267 267 268 268 
159 

76 478 478 

328 
35 

238 238 238 310 
184 184 
314 

102 102 

271 
39 232 402 454 454 

184 
30 174 341 376 376 413 499 


5 259 259 393 419 419 458 
292 292 
159 159 257 392 

76 295 360 360 
275 406 406 406 415 415 

219 390 390 
7 157 169 169 238 238 271 271 287 287 296 310 374 375 
503 503 
487 
40 49 49 79 83 83 104 104 104 117 117 138 138 138 147 184 191 191 192 192 192 195 201 201 237 252 267 275 283 351 351 415 415 432 432 460 460 487 
104 104 236 
212 212 212 233 233 
342 342 342 
279 476 
39 62 62 62 430 

413 413 494 
325 325 358 358 
76 

110 176 288 401 
150 150 

374 417 
193 193 193 286 413 413 
236 
330 
283 415 
5 
271 271 
227 337 
70 70 70 184 184 
225 225 367 367 367 
184 
81 329 329 
364 410 
315 
11 334 
496 

184 184 191 195 195 204 204 204 236 268 471 
191 204 204 267 


3 3 7 158 203 203 218 233 233 256 256 282 282 297 327 327 339 354 374 375 375 412 412 427 442 453 
160 160 160 
5 354 472 475 
402 402 
230 236 

415 415 

5 31 240 

67 192 192 421 
271 271 
236 254 415 415 
184 

193 193 251 413 
9 9 233 233 
247 
81 81 184 184 451 
23 23 23 171 196 
184 
152 226 226 364 410 

58 58 408 
229 
68 169 233 
271 408 
347 347 
413 413 
177 177 

39 485 
415 
148 148 148 191 
159 343 482 
87 
354 465 465 

124 
212 233 

84 85 160 160 

214 413 429 434 481 
31 73 73 94 263 336 336 

398 
413 

140 
42 323 
76 162 
42 321 359 
41 184 184 
72 153 244 244 358 358 358 
358 
271 271 
76 209 
261 261 
253 369 369 428 
22 
407 
413 413 
264 413 
413 494 
315 315 486 486 
257 
184 184 415 415 
46 271 427 452 
182 
222 
239 239 239 
305 
69 147 147 173 447 
52 52 52 184 184 
76 76 459 459 459 
67 67 298 298 421 506 
84 85 85 85 
481 
196 196 
189 189 236 236 432 
402 402 402 
456 
5 99 99 134 184 271 273 307 411 411 450 450 462 502 502 508 
12 12 184 202 

496 
38 72 72 141 244 244 325 325 325 326 413 503 
61 323 
229 229 

193 413 

118 118 118 262 292 
415 
184 
114 181 259 259 259 496 
401 
330 330 

68 
106 190 

154 154 233 250 271 408 417 
233 271 271 
222 222 

101 
146 146 
134 134 
0 64 64 123 139 395 408 408 
413 
63 432 
449 
413 413 
198 

487 
22 142 
232 232 

227 
225 
495 
64 381 
184 184 184 
58 
317 

5 
110 247 368 
39 219 274 274 352 352 352 
427 
6 6 

230 230 230 415 
175 175 332 413 413 
25 25 25 26 26 87 158 294 297 374 381 381 412 412 470 
184 184 184 
262 292 
354 354 
271 271 408 408 
74 74 76 76 76 77 77 92 119 167 167 168 182 187 187 196 196 222 243 243 251 251 286 299 299 314 318 333 333 334 335 358 362 382 385 385 407 407 439 439 448 455 494 500 
22 108 
37 37 177 177 184 184 201 201 230 230 236 236 254 277 277 283 283 303 338 338 365 406 432 432 460 463 
65 65 
250 374 

225 225 
98 98 
281 347 
196 
76 76 

103 103 169 
184 184 
271 339 403 
20 20 159 330 
314 
241 
496 
236 236 351 383 415 415 
159 159 
314 



83 
161 413 413 

1 5 18 98 
271 
5 5 

41 450 
56 191 191 191 
344 
74 413 
384 
41 41 156 354 354 445 462 
289 
339 
271 
4 131 219 219 
413 
184 353 491 491 
41 
225 
346 346 346 
236 236 415 
22 22 497 
354 450 
63 73 75 75 415 

184 307 307 
72 72 

123 
159 
408 
101 170 170 195 267 
273 475 
491 
487 
5 5 273 472 
10 100 240 496 
159 159 166 166 
207 207 
193 193 193 
127 171 171 
314 349 
305 
30 
51 184 
39 39 302 
31 120 120 336 336 489 
56 235 236 388 474 

486 

126 126 126 185 456 456 473 
41 
3 3 
243 335 413 
81 81 81 394 
100 100 197 197 265 357 367 431 476 
22 130 461 

222 
413 
54 54 
354 354 
234 234 358 
5 88 

347 
104 104 
48 86 198 354 
76 
159 
159 
