Nodes: 512, Edges: 713
133 381 381 

28 91 91 91 111 183 183 189 
271 271 271 493 

50 88 198 225 255 273 400 441 441 443 

233 
196 350 350 
287 287 
476 476 
264 264 
184 355 355 355 
76 76 
117 117 
59 

390 



31 31 
115 331 389 389 414 414 461 
290 

408 
158 408 
76 346 
2 178 178 183 
56 
180 483 
21 21 172 184 279 315 315 315 354 
307 
67 67 192 

413 

57 415 
358 358 
62 62 62 163 163 166 166 267 302 302 330 402 477 
192 236 236 236 
85 99 99 151 160 184 184 354 399 450 457 492 
323 323 323 323 
193 

76 
395 
76 76 76 346 

236 236 
5 
490 
184 184 
225 225 225 
76 76 501 
93 236 
29 191 236 304 
37 
294 294 294 397 
15 444 
104 104 
81 359 359 
39 39 39 241 241 241 
75 383 
381 381 
193 193 416 
141 
33 33 192 192 192 281 281 347 347 
169 169 179 179 296 296 371 
236 344 
184 184 246 258 

358 358 358 
94 94 315 
448 
63 383 463 
13 13 27 45 47 47 47 54 54 78 107 186 242 245 245 245 295 299 299 319 322 322 328 346 413 413 423 440 478 509 
196 413 
76 
236 236 
314 
61 82 82 184 495 495 
81 81 121 121 143 143 165 389 389 389 
104 104 236 236 
85 312 312 
41 84 160 312 312 312 
508 
306 306 408 
5 
358 358 
325 
2 2 2 
182 404 413 
55 
73 73 315 
418 418 

171 
420 441 
41 41 354 
476 496 
195 378 378 
136 216 216 
379 
60 60 83 83 138 237 507 
184 190 190 
190 190 
76 
414 

176 247 401 401 401 401 
2 
184 184 

367 
22 
184 
14 14 184 236 236 
152 152 364 364 
122 222 413 
486 486 
82 82 143 143 
119 
381 468 468 
232 232 387 454 
136 136 136 
185 
480 
448 
236 415 415 
497 
454 454 
168 
0 381 
354 354 354 

102 125 125 125 
184 
104 236 236 
381 381 
320 
66 196 

82 82 121 121 217 217 
282 
339 339 
379 
236 
191 191 
250 250 250 417 
248 
41 354 
118 118 292 
325 325 

413 
399 
233 276 425 425 425 
26 194 
188 205 305 330 433 477 511 
41 85 312 498 498 
413 413 439 
322 
39 39 

82 329 329 
39 39 
500 
132 413 
68 68 233 233 296 425 425 

97 290 480 
31 

222 
187 
110 
300 415 
28 28 183 
68 68 
30 222 
367 
92 340 404 413 413 
2 2 28 178 
12 31 41 41 52 52 70 70 81 105 112 112 116 117 137 213 236 258 258 260 267 279 279 289 307 307 315 345 345 366 396 396 409 484 488 488 
126 
76 
175 
159 477 
2 351 
105 105 106 106 
56 148 148 236 236 267 268 304 446 446 
33 40 67 67 67 236 281 
43 65 65 251 358 413 413 413 479 
158 
101 236 267 267 471 471 
8 77 141 200 373 413 422 

5 386 508 508 

196 


271 271 
267 268 268 
159 
405 


328 


238 238 310 310 
184 
215 
214 
102 102 
143 143 
271 
232 232 274 402 
494 

119 174 180 341 376 376 413 413 

313 350 350 
5 53 53 53 259 259 377 458 458 
292 
257 337 337 337 337 343 392 392 477 477 

360 360 360 
275 303 406 415 

124 124 219 219 390 390 454 
7 157 169 169 238 238 287 374 505 505 
503 
487 
40 40 40 49 49 55 56 69 79 79 83 83 117 117 129 138 138 147 184 191 191 192 195 267 275 278 278 283 283 283 344 344 344 351 351 415 432 487 
104 
212 212 233 233 
342 
476 476 
62 62 62 430 
76 
311 311 424 
325 358 
76 76 76 
70 
110 288 288 
150 

149 149 149 374 417 442 
193 286 413 

330 330 
415 
5 
271 271 
227 337 
70 184 184 409 
225 225 367 367 367 441 
184 
329 329 
364 410 
315 
11 11 334 334 385 385 
496 
493 
39 184 191 195 195 204 236 268 
191 204 204 267 
415 
286 
3 3 3 203 203 218 256 256 282 297 327 339 354 354 354 375 391 401 401 412 412 412 427 427 442 

5 354 354 475 
219 402 
230 236 
157 
415 
236 236 
31 184 184 
308 308 308 435 435 
67 67 192 298 347 
144 271 
236 236 236 


251 270 413 
9 9 233 
247 247 
184 451 
23 171 480 480 
426 426 
152 226 364 410 
408 408 
58 58 58 397 397 
76 
68 68 169 
271 408 
281 347 347 347 
76 76 
177 
339 
39 39 485 485 
230 415 415 
56 191 
159 392 482 482 
87 87 408 
32 184 184 354 396 
280 280 280 467 

212 212 
243 243 
84 84 85 85 85 160 
224 
80 317 384 413 418 418 418 434 434 449 455 481 481 
31 31 31 73 94 184 263 
444 
314 413 
413 
76 
140 

76 76 162 
42 42 42 42 359 

90 153 153 244 358 358 

271 
76 209 
165 165 261 261 
39 159 253 253 369 428 428 
22 

413 
264 264 385 385 413 


227 227 227 227 257 
415 
145 145 271 301 408 464 
182 
222 
239 
227 
69 236 236 236 
184 184 
27 47 76 459 459 
67 67 281 298 298 298 

481 481 
8 8 224 224 
189 236 236 356 432 
402 402 

31 41 99 134 134 134 151 271 271 271 273 273 307 411 450 450 462 508 508 
12 12 12 
351 
367 496 
38 38 72 72 72 89 89 193 244 325 325 413 413 466 
61 61 323 
229 229 229 



118 118 262 292 

184 
114 181 259 259 259 357 496 
401 401 
330 

68 

196 
233 250 408 408 417 417 417 442 
271 
222 222 
225 458 458 458 
101 101 
103 146 

0 0 64 64 123 133 139 139 395 408 
413 
63 75 432 
314 
264 264 334 334 
198 
124 
487 
22 22 82 82 82 497 
17 232 232 
271 
227 227 305 

495 
46 381 
184 184 307 
58 294 294 

41 156 
5 
110 110 110 110 271 271 368 368 
39 219 274 352 352 405 405 405 
427 
92 182 
206 402 402 402 
230 415 415 
413 413 413 413 
25 26 87 293 293 297 306 339 374 374 381 437 470 470 
184 258 
262 292 
354 
271 271 271 
35 76 76 77 92 119 155 161 161 168 182 182 193 193 193 196 222 222 251 286 314 317 318 333 334 358 358 382 407 407 407 407 455 
22 22 108 
37 129 129 177 230 236 254 269 277 303 303 338 406 406 432 460 460 460 463 463 
65 
149 250 374 374 374 
95 95 314 314 314 

98 441 

196 
76 
243 
157 157 157 169 169 
291 291 
271 271 403 
330 330 

241 
496 496 
236 351 383 415 
159 
314 314 
280 280 

408 
487 
161 
76 
5 5 98 259 420 
250 271 374 468 
5 
59 316 
450 450 
191 191 

74 128 
314 
41 354 354 445 445 462 
289 
464 

124 131 131 232 
314 413 
491 
41 
225 225 377 377 377 
346 346 
415 415 415 
22 497 497 
354 450 
75 415 415 
339 452 

358 
308 
123 123 442 
511 
408 408 
195 195 



273 
10 10 100 240 240 496 
39 159 188 227 227 
76 
193 
127 171 290 290 
314 314 349 349 
305 305 
30 
184 
302 302 
120 120 
235 236 388 438 
184 184 

51 
456 
41 
3 266 
220 
81 81 394 
100 265 357 367 431 431 476 
130 389 461 461 
160 160 

167 
54 

234 

233 233 

104 
86 198 198 354 354 
76 

159 469 
