Nodes: 512, Edges: 713
133 
441 
28 111 183 
271 271 
454 
50 50 88 88 88 225 225 255 255 354 400 400 441 441 443 475 475 
404 404 
233 233 271 271 
224 224 313 313 
287 
476 
264 
184 355 355 

117 
182 182 182 
184 184 
455 455 
441 

428 428 
31 31 
108 331 331 389 389 414 414 
290 
76 
408 
158 
346 
2 178 183 
56 
222 222 483 483 
21 21 172 172 184 279 315 486 486 

67 

222 
106 106 
57 415 

163 163 166 231 241 267 267 330 405 485 
236 236 249 
85 99 99 160 184 324 354 354 399 445 450 457 492 492 
321 321 323 323 
193 

76 76 413 
339 339 395 395 
76 78 346 

236 236 
5 5 400 
490 
184 184 184 345 345 
225 225 
76 76 
195 195 236 
29 191 191 191 236 304 304 474 474 474 487 
37 415 
294 397 397 

104 104 236 236 236 
81 359 
241 241 
75 383 383 383 463 

416 
141 
33 281 347 
169 179 179 371 
236 344 
258 258 


463 

63 463 463 
24 45 45 47 54 54 96 107 109 109 162 162 196 208 208 229 242 319 328 346 346 346 456 509 

47 
236 
418 418 
61 184 261 329 329 329 359 359 389 394 394 
121 121 142 143 143 143 165 
104 236 236 236 438 438 
312 
41 312 
198 198 198 508 
306 306 
5 5 5 

325 

182 182 404 413 

315 

76 
171 171 290 
441 
41 41 354 
476 496 496 
195 378 471 
117 216 
146 379 425 
60 60 83 138 138 236 507 
184 
36 36 190 
76 
22 
76 76 
247 247 
2 
184 

367 367 

184 
14 102 125 125 135 135 
152 152 152 364 
413 
486 
82 82 143 143 

468 
232 232 309 
117 117 136 136 
185 185 

448 
236 415 



0 
354 380 
117 117 
125 125 

104 104 164 164 236 236 
381 
320 
66 196 
82 
82 82 82 121 121 217 217 217 

339 
103 379 
236 236 236 344 344 

250 417 
248 408 408 
354 
118 118 118 
325 325 
374 

399 450 
233 425 425 425 
26 408 
188 188 205 205 205 227 231 305 330 402 402 428 433 469 477 510 
41 272 312 312 498 
413 439 439 
76 76 322 322 
39 39 
138 138 
82 
39 477 
413 500 
413 413 413 
68 233 425 425 

97 97 290 480 
31 31 
344 344 

187 407 
247 
300 300 415 415 
28 183 183 
68 68 
222 

15 15 15 92 92 363 404 413 444 
2 28 178 178 
12 16 16 31 41 52 52 52 81 105 112 116 213 213 236 246 246 258 267 267 279 279 284 307 315 324 324 345 345 354 354 366 366 409 415 426 465 484 490 
126 126 491 

175 
159 159 477 
351 351 
106 
56 56 56 236 268 285 304 
236 281 
43 251 251 251 286 358 413 479 500 

55 55 101 267 267 471 
76 141 413 422 422 

86 86 86 386 508 
314 

236 

271 
267 267 268 
159 159 159 
405 

76 76 
328 328 328 


310 
184 184 
314 314 
314 
102 
143 143 143 

232 402 454 454 
494 

30 30 35 180 341 341 413 499 
329 329 
8 8 350 350 
5 5 53 53 259 393 419 458 458 

159 337 343 

76 295 295 360 360 
236 259 275 275 303 406 406 406 406 415 
39 159 
124 124 219 454 
7 7 157 169 271 287 375 375 
503 503 
236 
40 40 49 49 55 56 60 60 60 69 79 83 83 83 104 129 138 138 147 147 147 184 191 192 201 230 235 252 252 267 283 283 344 344 351 351 432 432 487 487 


405 
279 279 279 279 476 496 
39 62 62 430 430 430 
76 
311 413 424 
325 358 358 

184 184 
110 110 176 288 401 
150 
40 
149 417 417 
193 193 193 286 286 286 413 413 
236 236 
330 330 
283 415 
5 5 
271 271 271 273 
305 
70 70 184 
225 230 367 

81 329 
364 410 
315 
11 334 334 334 
496 496 
493 
39 39 184 184 195 195 204 204 236 268 268 268 471 
191 204 267 267 267 
415 415 
286 
3 3 7 7 203 233 256 256 256 282 282 282 297 374 401 401 408 408 408 453 
160 
256 354 472 475 
402 
230 230 

415 

31 184 184 240 240 240 240 
308 435 435 449 
67 192 298 298 421 
271 271 271 
236 236 254 415 
184 
191 
193 251 251 251 270 
9 233 
247 
451 451 451 451 
23 97 171 480 
426 426 
364 364 410 
408 
58 397 397 397 408 
229 229 509 

271 408 
281 281 347 347 

177 177 
339 

230 
56 56 191 
159 257 343 392 482 
87 87 
184 354 396 465 
280 
124 
212 
243 
84 85 160 160 
8 8 
199 214 214 215 349 413 413 418 429 434 434 467 
31 94 184 263 486 486 
444 


76 
140 
42 42 323 
162 162 
42 42 321 359 359 
41 184 184 
90 153 153 244 358 


76 209 209 209 
81 81 81 223 223 261 
39 159 253 253 369 
22 22 
407 413 

264 264 264 385 413 
413 413 494 
486 486 
227 
415 
46 46 145 301 408 408 427 464 470 470 

222 222 

227 305 
69 147 147 173 173 236 236 447 
52 52 184 184 
27 47 76 76 76 459 
67 298 298 421 421 

314 481 
224 224 
189 189 236 236 356 356 
402 
456 456 
5 41 41 99 134 151 184 184 273 307 411 462 490 502 508 508 
12 12 
351 351 
367 431 431 496 
193 244 244 325 413 
61 81 81 323 323 
229 229 

413 
182 
118 262 292 292 

184 184 
114 114 259 357 496 
401 401 
330 

68 


154 271 417 442 
233 233 

458 458 
101 
103 146 
134 
139 395 408 
413 
63 63 63 415 415 432 
449 449 
334 
198 

487 
22 22 81 497 497 


305 
225 
81 81 
46 46 381 
307 
58 58 294 294 294 

41 156 
5 5 50 
247 271 271 368 368 
159 159 219 274 352 
427 
6 6 92 182 
39 206 239 
230 230 230 230 415 
175 332 
25 150 150 158 271 271 271 293 294 297 339 339 381 412 412 437 
184 
262 292 
354 
408 408 
45 92 119 161 167 168 168 168 182 193 196 222 243 251 251 314 314 332 334 335 335 358 362 382 448 448 455 455 455 494 500 
22 22 
37 57 129 177 177 184 230 254 269 269 277 283 338 383 383 406 432 463 
65 
149 250 250 374 
80 80 314 
225 
441 441 
281 347 347 
196 196 

243 
103 157 157 157 169 169 
184 291 291 
339 403 
20 20 159 
314 
241 241 241 
357 357 496 496 
236 236 383 415 
159 
314 314 
280 280 

408 
83 83 
161 161 

1 5 5 18 98 420 420 
374 468 468 468 
5 
182 316 
41 450 450 

344 
128 413 413 
280 384 384 
41 156 445 445 462 462 
289 289 289 289 
464 464 
271 
4 219 219 232 
17 17 413 413 413 
76 353 353 491 
41 
225 225 377 377 
346 

497 
354 450 450 
63 73 75 75 415 
339 452 452 
184 307 

314 
123 442 442 442 
159 511 
339 339 
101 195 267 
273 
491 
56 56 56 
5 5 273 
10 100 240 
159 166 188 

193 
171 290 
349 
305 
30 30 
184 
39 
31 31 120 315 315 336 336 489 489 489 
56 236 236 388 

486 486 486 
51 184 354 
185 456 473 
41 41 
266 
220 335 413 

100 100 240 265 265 357 367 431 431 
389 389 461 
160 
222 
167 193 413 

354 
234 234 



104 
86 198 354 354 
76 295 
159 
469 
