Nodes: 512, Edges: 713
381 381 
441 441 441 
28 91 111 183 183 
271 
454 454 
34 34 50 88 88 198 225 225 255 255 255 273 273 279 354 400 400 443 475 504 504 508 508 
404 404 404 
233 
196 224 350 350 
287 
476 
264 264 
202 202 355 355 

117 184 
59 59 59 444 


441 
104 
428 428 
31 
108 108 331 389 389 414 414 436 461 461 

76 
408 408 408 
158 408 408 
346 
2 183 
56 56 
180 180 180 483 483 483 
21 172 184 279 
184 
192 192 
5 5 
210 413 
106 
415 

62 62 159 166 166 241 241 302 330 402 405 405 485 
192 192 236 249 
85 85 151 156 324 324 354 354 445 457 
321 323 
193 
137 137 

339 395 
346 346 346 


5 



76 
93 195 236 
29 29 236 304 446 

294 
15 15 15 
104 
81 359 359 
39 39 241 241 
383 463 
381 381 395 
193 362 362 416 
141 
192 192 347 
169 179 296 371 371 371 
236 344 344 
184 184 246 258 258 
369 
325 325 358 
94 315 315 
448 
383 463 463 
24 54 162 162 208 228 229 229 245 299 346 
196 196 196 413 

236 
314 
61 82 82 113 113 184 184 261 289 289 394 394 495 
81 81 121 143 143 165 389 
104 104 236 
85 
41 41 84 160 312 312 348 445 
198 198 508 508 508 
408 
5 5 
358 
325 
2 
413 413 
55 
73 315 
418 418 

290 290 
420 441 
354 354 
476 496 
140 195 378 471 
216 216 216 
146 146 425 
19 60 83 83 236 236 236 237 237 

36 372 

22 22 
199 
176 247 247 
2 
184 184 
81 81 
367 367 367 

184 184 184 415 
14 125 135 184 236 
152 152 364 364 
222 413 
486 486 486 
82 143 143 

381 468 468 
232 387 
117 136 136 
185 491 
480 
413 448 448 
236 

454 454 
168 

354 
117 
125 125 
44 44 
164 

101 320 320 
66 

82 82 121 121 217 217 
282 282 

103 103 379 
236 236 344 
304 304 304 
250 
248 248 248 
41 
118 118 292 292 
325 
374 374 
413 
41 354 
276 
26 194 194 
39 205 205 227 227 231 305 402 428 428 433 433 469 477 510 
85 272 312 498 
413 413 
76 76 322 322 

138 
82 
39 39 
413 
132 413 
68 296 425 425 
471 
480 480 
31 
344 344 
222 
187 187 
110 
415 
183 
68 
30 30 30 222 
367 
340 363 404 404 413 444 444 
2 2 28 178 
14 31 32 70 70 81 81 112 112 116 116 116 117 213 221 236 246 246 260 279 284 289 291 292 307 315 315 315 338 345 345 354 354 355 355 366 396 426 456 465 484 484 490 490 
126 491 491 491 
245 440 440 
175 175 413 413 

351 
372 
236 236 267 285 304 446 446 
33 33 40 40 67 67 236 236 281 281 
43 65 251 286 358 362 413 479 
158 158 
55 101 471 471 
8 77 77 77 290 373 422 
496 
5 86 86 386 386 508 508 
109 207 

236 415 415 
12 12 355 
271 
267 267 268 
159 159 

199 478 478 478 
76 
328 
35 

238 
184 
215 215 
214 214 
102 102 102 
143 143 
271 
274 274 274 402 454 454 

184 
119 174 180 376 413 
329 
8 350 350 
5 5 377 377 393 393 419 
292 
159 159 257 337 337 343 392 392 477 
76 
76 76 295 360 360 
259 303 406 406 406 415 
159 
124 390 454 454 
7 238 238 238 271 271 271 287 287 310 374 375 505 505 505 
503 503 

40 55 56 69 79 83 104 104 104 117 129 147 147 184 191 191 192 192 201 237 252 275 275 283 344 415 432 460 460 
104 104 236 
212 233 233 233 

279 279 496 
39 39 62 62 

311 311 494 
358 
76 186 
70 184 184 
110 110 288 288 
150 150 150 
40 
149 374 417 442 
193 286 413 
236 
330 
283 
5 5 5 
271 273 
227 305 337 
70 70 
230 367 367 367 
184 
81 329 
410 
315 
11 11 334 


191 204 204 268 356 471 
204 267 
415 415 
286 
3 203 218 233 233 233 256 297 297 327 339 339 354 374 375 375 391 391 401 408 427 427 442 
160 
5 5 256 475 
219 219 219 
236 236 
157 
415 

5 31 184 240 240 
308 
192 192 298 347 421 421 
144 144 427 
236 254 
184 
191 
193 251 270 413 413 
9 233 233 
247 247 
81 81 184 451 
97 97 196 
184 426 
152 152 184 226 364 364 410 410 

58 
229 
68 169 
271 271 408 
281 
76 413 


39 485 
230 415 
56 148 148 148 191 
159 257 343 482 
408 408 
184 354 465 
280 

233 
243 243 
85 85 160 

80 349 349 349 418 434 449 
73 73 94 184 184 184 263 336 336 486 
444 
398 413 


140 140 
42 323 
162 162 
42 321 359 
41 41 
72 72 90 153 358 358 358 
358 358 
271 
209 
223 261 
39 253 369 428 
22 
413 413 
413 
264 413 
413 494 494 494 
315 315 
227 227 257 
184 
46 271 271 381 381 381 427 427 452 464 464 470 
182 


227 305 
69 69 147 173 173 236 447 
184 184 
27 47 47 47 76 459 
67 281 421 506 
85 
314 314 314 481 
8 8 224 224 
189 356 
402 

5 41 41 99 99 134 156 184 184 271 307 411 411 450 462 462 490 
12 12 184 184 202 
267 351 
367 496 
72 89 193 244 325 325 325 326 326 413 466 503 
61 61 323 
229 229 

65 65 193 413 
182 
118 118 292 292 
415 
184 
114 114 114 181 259 259 259 357 

71 330 

68 68 68 
106 190 
196 
154 154 233 250 271 408 417 442 
233 271 271 
222 
225 225 458 
101 
146 

0 0 64 64 123 339 339 339 395 395 408 408 

63 75 


198 198 
124 
487 487 
22 22 82 497 497 
232 
271 271 
227 227 
225 225 
81 81 495 495 
46 64 381 381 
184 

317 

5 5 
271 
39 159 219 352 405 
427 
6 6 6 182 182 
39 39 402 
230 230 230 415 415 
413 
25 25 25 26 26 87 271 297 306 306 374 381 381 412 437 437 470 470 

262 292 292 
354 354 
408 
35 77 92 92 119 128 155 161 161 167 168 182 187 187 193 222 251 286 286 299 317 332 332 333 334 335 358 362 407 439 439 448 448 448 448 455 494 
22 22 
37 116 177 201 201 230 236 269 269 277 303 365 406 406 432 
65 
250 374 
95 95 314 
225 
98 
281 281 347 
196 


103 169 169 
184 291 
271 271 282 339 339 403 
20 20 159 159 330 



236 415 
159 159 
314 

22 
408 408 
487 
413 413 
186 186 
1 1 1 18 98 
250 271 374 468 
5 
15 182 182 316 
41 85 450 450 450 
56 191 191 
344 
74 128 128 413 413 413 413 
314 
354 445 445 445 462 
289 
339 464 464 464 

4 4 131 131 219 219 232 232 
413 
184 491 
41 
377 
346 
236 236 
22 22 
354 354 450 
63 75 75 
339 339 452 452 452 
184 307 
358 

123 123 442 
159 511 511 
339 408 408 
101 170 195 195 267 


487 
5 273 
10 100 
159 227 
207 207 207 
193 
127 171 171 
349 
305 
30 30 30 
184 184 
39 302 
120 120 120 315 489 
388 388 438 474 

486 
184 184 354 
126 185 185 185 456 


243 335 335 335 413 
81 394 394 
100 197 240 357 
389 389 
160 




234 234 358 
5 5 
233 233 233 
347 

5 5 86 86 86 198 198 

159 
469 469 
