Nodes: 512, Edges: 713
133 
441 441 
28 91 183 

454 
34 34 50 88 184 184 198 255 255 273 273 354 354 400 441 443 475 504 508 508 508 

271 271 
196 224 224 313 350 
287 287 
476 476 


76 
125 184 
59 59 
184 184 
455 

104 
428 
31 
331 389 414 414 414 436 461 
290 290 


158 408 
76 76 
2 178 183 183 183 
56 
180 222 
21 172 184 279 279 315 354 486 489 
184 
67 
5 5 

106 106 

358 
62 163 166 166 219 219 219 241 302 330 485 485 
192 192 192 236 249 
137 151 151 156 160 160 160 184 354 399 450 
323 
193 
137 
413 413 413 
64 64 381 395 395 
346 346 
508 
236 
5 400 
490 490 
184 

299 501 
93 93 195 
29 191 304 304 446 474 474 474 487 487 487 

294 294 
15 15 
104 236 
81 359 359 
39 241 241 
383 463 
46 46 
193 362 362 416 416 

33 192 347 
169 179 296 371 
236 236 344 
184 184 258 258 

358 358 
463 
413 

13 27 27 96 96 109 162 245 319 328 423 423 509 
196 413 

236 

61 113 113 184 184 359 389 389 389 394 495 
142 142 165 165 165 165 389 
104 104 236 236 236 
312 348 
445 
198 
306 370 408 
5 504 
358 358 

2 
413 
55 55 

418 418 
76 76 
171 
420 441 
354 
476 476 
140 195 378 
117 216 
146 146 379 
19 60 83 83 138 
184 
36 36 190 372 


76 
247 247 401 
182 
184 184 
81 81 
367 
389 
184 415 415 
102 125 135 236 


486 486 
143 
222 222 222 
381 468 
232 387 387 
14 117 


448 448 

497 


0 
354 380 
117 

41 44 184 
104 164 164 164 236 236 
381 
101 320 320 

82 82 389 
121 
282 282 
339 
103 103 379 379 

191 191 304 
250 417 
248 408 408 
41 41 

325 
374 

41 
233 276 276 
26 194 271 271 408 408 408 
188 188 205 231 330 402 433 477 477 511 
41 41 41 312 498 
413 413 439 439 
76 322 322 
39 
138 138 138 
82 82 82 82 329 329 329 
39 39 477 
413 
413 
68 233 296 296 425 425 
471 471 
97 480 480 
31 
344 344 
222 222 
407 
247 

28 183 183 
68 
30 
367 
111 404 413 413 
2 28 28 28 178 178 
5 5 14 16 16 31 32 41 52 70 70 81 81 105 112 112 116 137 213 221 236 236 246 258 260 267 279 279 289 291 291 354 354 355 366 396 409 415 415 415 426 426 465 484 490 490 490 
491 491 
245 245 

159 159 477 
351 
106 372 372 372 
56 148 148 236 236 267 268 285 304 446 
40 40 40 67 236 236 281 281 
43 65 251 358 358 413 479 479 500 
158 
55 101 236 236 267 267 471 471 
8 77 373 373 373 413 413 422 422 
496 496 
5 86 386 508 



355 
271 
267 268 268 
159 

337 337 337 
242 
328 


238 310 310 
184 488 
314 314 314 
314 314 
102 


39 39 39 232 232 274 274 402 402 454 

184 
30 122 122 122 174 174 376 413 483 

8 8 
259 259 377 393 393 419 458 
292 
257 477 

295 295 360 360 361 
236 275 406 406 415 
159 
124 219 219 390 390 
157 169 271 271 287 296 296 310 374 374 375 505 

236 487 
40 49 60 69 69 79 83 83 83 117 138 138 184 184 191 191 192 192 195 195 230 235 237 237 252 267 275 283 283 344 344 415 
236 236 
212 
342 405 405 
279 279 476 476 496 
39 62 62 430 
208 
311 413 424 494 
325 325 
76 186 186 
184 
110 110 176 
150 408 408 408 
40 
149 374 417 442 442 
193 413 413 413 
236 
330 
283 283 415 
5 5 
271 271 271 271 273 
227 305 
70 70 184 409 
225 225 367 367 
184 
329 329 
364 364 410 

334 385 385 
496 

184 191 195 195 204 236 268 268 471 471 
191 204 204 267 267 
415 

7 7 158 158 203 233 233 256 256 256 256 327 327 327 339 354 354 375 375 391 391 391 401 408 412 427 453 453 

5 5 256 354 472 472 472 475 
219 219 402 
230 236 
157 157 


31 31 184 184 240 240 
308 308 435 435 449 
192 192 298 347 421 421 
144 144 427 427 427 
236 236 254 254 415 

191 

9 9 233 

184 451 451 
23 23 480 
184 184 426 
226 364 
408 
58 58 397 397 408 
229 229 
68 169 169 233 233 
408 
281 347 
54 


39 485 

56 56 148 191 
257 343 482 
87 370 370 408 
396 396 465 
280 280 

212 212 233 
243 
84 160 
8 
214 214 214 215 215 349 398 413 
31 336 486 
444 
413 
413 
76 
140 140 

162 162 
42 

153 244 244 
358 
271 271 271 
76 209 
165 165 165 261 261 
39 159 253 369 
22 
413 413 
413 413 
264 385 413 
413 
315 486 
207 207 207 
415 
145 271 381 427 427 427 452 452 452 464 464 470 470 


239 
305 
69 173 173 236 236 447 

47 47 459 459 459 
67 281 298 421 421 506 
84 
314 
8 
189 356 432 

456 
5 5 31 41 99 134 184 184 271 271 273 411 411 450 502 502 508 508 508 
184 202 
351 
367 431 431 496 
38 72 72 89 89 193 193 326 413 466 503 
61 61 81 
229 229 
229 
65 65 413 413 

262 262 292 

184 
114 181 259 259 357 496 496 
401 401 401 
330 
87 306 306 
68 
106 190 190 190 
196 196 196 
154 233 233 250 408 408 
233 271 271 
222 
225 
101 
103 146 146 
134 
46 123 139 339 395 
413 
63 415 415 

264 264 334 
198 
124 124 
487 
22 81 81 81 82 115 142 497 
232 232 
271 271 271 

225 225 
81 495 
46 46 381 
184 307 307 
294 294 
314 
41 
5 50 
110 271 368 368 368 
159 219 219 274 405 405 
427 
182 
239 239 402 402 
230 230 415 415 415 
175 413 413 
26 87 150 150 158 158 158 248 248 248 271 293 294 297 306 374 374 412 412 437 
184 258 
262 
354 354 
271 408 408 
45 45 45 74 77 92 161 161 167 168 182 182 193 196 196 222 243 251 251 251 314 317 318 332 332 333 333 334 335 358 362 362 382 407 407 439 439 448 448 448 494 494 
22 22 22 
116 116 184 184 184 230 236 254 269 283 338 383 383 406 406 406 432 432 460 
65 65 
149 250 
95 95 
225 
98 441 441 
281 281 347 347 
196 196 
76 76 
243 
169 169 
184 184 291 
271 282 282 282 339 339 339 403 
20 

241 
357 357 496 
351 415 415 
159 

280 280 
22 
408 

161 161 413 413 

1 1 5 98 420 420 
250 250 
5 
316 
85 
56 191 
344 
128 128 413 413 413 
280 467 
41 354 462 462 
289 289 
339 339 339 464 
271 271 
4 219 
17 
353 

225 
346 346 346 
415 
22 497 497 
450 450 
63 73 
339 339 452 
184 307 
358 
449 
123 
511 
339 339 
170 170 195 195 267 267 
273 273 273 475 

56 56 56 
5 273 472 
10 10 100 100 240 240 496 496 
159 159 166 188 227 

193 193 
171 171 290 

305 
222 
184 
39 39 302 
31 120 120 315 336 489 
56 56 56 235 388 
213 
31 486 
51 51 184 184 184 
185 185 


243 413 413 
81 394 
197 197 240 265 357 367 367 431 476 476 
130 389 461 461 
160 

193 
54 
354 354 
358 
5 88 
233 
347 

5 5 5 48 198 354 354 354 
76 

159 469 
