Nodes: 512, Edges: 713
381 
441 441 441 
28 28 91 111 183 189 
271 271 
454 
34 88 184 184 273 354 400 441 443 443 475 475 504 504 508 508 
404 404 

196 224 
287 287 287 287 

264 
184 184 
76 
117 125 
59 182 182 
184 
390 
420 
104 
428 
31 
115 331 389 389 436 461 461 497 497 
290 
76 
408 
408 
76 
2 2 178 183 
56 56 

21 184 279 279 279 315 354 354 486 489 489 
184 
192 
5 


406 415 
358 
159 163 166 166 231 241 267 267 302 402 477 485 
192 249 249 
85 85 99 151 156 160 324 324 354 354 354 399 450 450 457 
321 323 323 

137 137 
413 413 

78 346 

236 236 

490 
184 

501 
93 195 236 
29 29 191 236 304 304 446 446 474 487 487 

294 294 294 
15 
236 
81 359 

75 383 383 
381 381 395 
193 362 362 416 
141 141 
347 347 347 
169 296 296 371 
236 236 344 
184 246 

358 358 358 466 
94 315 315 
448 
63 383 463 
13 24 27 162 186 186 196 207 208 229 229 229 353 353 413 423 509 509 509 
196 196 196 413 
47 
236 
314 
61 82 113 113 184 359 359 389 389 394 394 495 
81 121 142 143 165 165 165 165 389 389 
104 104 236 438 
85 85 312 
41 41 84 84 160 160 312 348 445 
198 198 198 508 
370 408 
5 
358 

2 
182 182 182 404 404 413 413 
55 
73 
418 

171 290 290 
420 441 
41 354 354 
476 
140 378 
117 117 136 216 
425 425 
19 83 83 138 236 236 237 
184 184 190 
190 372 



176 176 247 401 
2 
184 
81 81 
367 
22 
184 
14 102 102 125 125 135 135 184 184 236 
364 364 364 
122 122 222 413 
486 
82 143 143 
119 119 
468 468 
232 387 454 
14 117 117 136 136 
185 
480 480 
413 
236 236 


168 

354 354 354 380 
117 117 
102 125 125 
44 44 184 184 
104 164 164 236 236 
381 
101 320 
66 66 
82 389 389 
82 121 121 
282 

379 379 
236 344 
191 304 304 
250 417 
408 
41 354 

325 325 
374 374 
413 413 
41 399 
276 276 425 

39 205 227 227 231 330 330 402 402 428 433 433 469 477 477 510 511 
41 85 85 272 312 
413 
76 
39 
138 138 
82 82 82 82 
39 39 477 
500 
132 413 
68 233 296 425 425 
471 471 
97 290 480 

344 344 344 

407 
110 110 
300 
28 183 

222 

15 15 92 92 92 363 363 404 444 499 
2 28 178 
5 5 12 12 16 31 32 52 70 81 105 105 112 116 117 117 137 137 213 236 246 258 258 267 279 284 289 307 307 338 338 338 354 355 355 409 415 426 465 484 484 488 490 
126 
76 76 440 


2 351 351 
105 106 372 
56 148 236 267 268 285 285 446 
33 40 281 281 
65 251 251 358 358 362 362 413 479 479 

55 236 471 471 
8 76 77 77 77 200 413 
496 
86 86 86 508 

196 
236 
355 
271 271 
267 268 268 268 
159 
405 
76 478 
76 

232 
236 
238 238 310 310 
184 
215 215 215 
214 214 214 314 314 
102 

271 
274 402 


119 180 341 376 376 376 413 483 

8 313 350 
259 377 419 458 

159 159 337 343 392 392 477 477 

76 76 76 295 295 360 361 
406 406 406 415 
39 159 
124 210 390 390 390 454 
169 287 296 296 296 310 374 375 375 375 505 505 
503 503 503 

49 49 55 56 60 69 69 79 83 104 104 117 129 129 138 138 147 184 191 195 201 211 267 275 278 283 283 351 487 487 
104 
212 212 
342 342 342 405 
279 279 
39 430 430 

311 311 311 413 424 424 424 494 494 
325 358 

70 184 
110 288 288 

40 40 
149 417 442 
193 193 286 286 413 413 413 

330 
283 283 

271 271 271 273 
305 
184 184 409 
225 367 

329 
410 
315 315 
11 385 


39 39 184 191 204 236 268 356 471 
191 204 204 204 267 
415 
286 
3 3 203 203 218 256 256 256 282 354 374 375 391 408 412 412 427 453 
160 
5 256 354 354 475 
219 
236 
157 157 
415 415 
236 
31 31 31 184 240 240 
308 435 435 467 
192 192 347 347 421 
144 271 427 
236 236 254 254 
184 
191 191 
251 251 270 
9 9 9 9 233 
247 247 
184 
23 97 97 171 480 
426 
364 410 
408 408 408 
58 58 58 397 408 
229 229 
68 68 169 233 233 233 
408 408 
347 
413 
177 
339 
39 
415 415 
56 56 148 148 
257 392 392 
370 408 
184 184 354 396 465 
280 

212 212 233 
243 243 243 
84 85 160 
224 
80 215 215 349 384 413 413 429 434 449 
31 73 73 263 263 336 486 
444 



140 
42 323 

42 42 321 359 359 
41 41 
153 153 244 358 358 



261 432 
159 159 253 428 428 
22 

413 413 413 
413 413 

315 486 486 
227 
184 184 184 415 
301 381 381 408 408 427 452 464 470 470 

222 
239 239 239 
227 
69 147 173 173 173 447 

47 
67 67 67 281 281 298 421 421 506 
85 
314 481 
224 
189 189 236 356 432 432 

76 76 
5 31 31 41 41 41 99 99 134 134 134 151 184 271 273 273 307 411 411 450 462 462 502 508 
184 184 202 
267 351 
367 431 496 
38 72 72 72 89 193 193 244 325 325 413 466 466 
61 81 81 323 323 
229 
229 
65 65 193 193 413 
182 182 
118 118 118 292 


114 259 357 496 
401 

87 306 
68 
106 190 

154 154 233 271 408 408 442 442 
233 233 233 271 
222 222 222 
225 458 458 
101 
146 146 
134 
0 64 64 139 339 339 395 
413 413 
63 63 75 415 415 415 
314 
264 

124 

22 22 81 81 82 82 142 142 497 
17 232 232 232 
271 
227 227 305 305 

81 81 495 495 
64 381 
307 
294 

41 156 
5 
110 368 
39 159 159 219 405 
427 
6 6 92 92 182 
206 239 402 
37 230 230 230 415 
175 
25 26 87 150 271 293 293 293 294 297 297 306 339 339 374 374 412 470 
184 258 
262 292 
354 354 
271 271 408 
45 45 76 77 92 92 119 128 155 155 161 168 193 196 222 243 251 251 251 299 314 314 333 333 333 334 334 358 362 382 382 439 448 448 500 

37 184 230 269 277 277 303 303 338 383 383 383 406 432 460 463 463 
65 
149 250 
95 
225 
18 98 441 
281 347 347 

76 
243 243 243 
103 103 157 169 169 
184 291 
271 282 339 403 
20 159 330 330 
314 
241 241 
357 
329 351 351 415 
159 159 
314 
280 280 
22 

83 
413 
186 
1 1 1 5 98 420 
250 374 374 
5 5 
182 316 
85 450 450 
56 56 191 
344 
74 413 413 
314 
41 41 354 445 445 462 462 

339 464 464 
271 
4 124 232 


41 
225 377 377 

415 
22 22 497 
354 354 450 450 
75 415 415 
339 452 452 
184 307 
72 358 358 
280 
123 123 
159 511 
339 339 408 
170 170 195 195 267 
475 

56 487 
5 5 273 472 
100 496 
39 159 159 166 227 227 
207 
193 193 
127 127 171 290 
349 

222 
184 184 
39 
31 120 315 336 336 
56 56 236 236 474 
184 
31 31 
51 184 



243 243 
81 394 394 
197 357 367 476 
22 22 389 461 

182 
167 413 
54 
354 
234 234 234 
5 5 
233 233 
347 

5 5 86 198 354 
76 76 76 
159 
159 469 
