Nodes: 512, Edges: 713
133 
441 
28 28 91 91 
271 
454 
50 88 255 255 273 354 400 443 504 508 
404 404 

196 224 224 313 313 350 
287 287 287 
476 
264 
184 202 
76 
117 184 184 
59 59 59 59 
184 

420 
104 104 


414 436 497 497 
290 
76 76 
408 
408 
76 76 346 
2 2 178 183 183 183 

180 483 483 
184 279 279 315 315 315 486 489 489 489 
184 
67 

222 222 222 
106 
57 406 415 
358 
163 166 231 241 267 267 302 330 330 402 405 
192 236 236 249 249 
85 99 137 151 156 184 354 354 450 457 492 
321 
193 
137 137 
413 439 439 
381 395 
76 76 346 

236 236 
5 400 400 
490 
345 345 

76 76 501 
195 236 236 
191 236 236 446 446 474 487 
37 415 
294 
15 15 15 15 444 
104 236 236 
359 359 
241 
383 383 383 463 
381 381 
193 362 362 416 
141 
33 192 281 347 
169 179 371 
344 
184 184 
369 
325 358 358 358 466 
94 94 
413 413 448 448 
463 
13 24 24 27 27 47 47 54 54 96 107 186 186 208 228 228 242 295 295 299 299 319 319 319 328 346 361 423 478 478 
196 196 413 



82 184 261 261 389 394 495 
81 121 121 142 165 389 
104 104 104 236 236 438 438 
85 85 312 348 348 
41 84 84 160 312 312 445 
198 508 
306 306 306 370 370 
5 

325 
2 2 
182 182 404 413 

73 73 

76 
290 
441 
41 
476 496 
140 140 195 195 378 
117 136 136 216 
146 379 425 425 
19 19 60 83 83 83 138 236 237 507 
190 372 
36 372 372 
76 
414 

176 247 247 401 401 401 

184 184 



184 184 
14 102 125 125 135 236 
152 152 152 364 
222 222 

82 82 143 143 
222 
468 468 
232 232 454 
117 117 136 
185 491 

413 448 448 
415 415 

454 
168 
0 
354 380 380 
117 
102 102 125 
41 44 44 
104 164 164 236 236 

101 101 320 320 
66 
82 
121 121 217 217 
282 282 
339 
103 379 379 379 

191 
250 417 
248 408 408 
41 
118 118 118 
325 
374 
413 
41 354 399 
276 276 425 425 
194 408 
188 188 227 330 402 428 469 477 477 511 511 
85 272 312 312 
413 439 439 
322 322 
39 
138 138 
82 329 329 
39 477 477 
413 
132 413 
68 296 296 425 
471 
290 480 

344 

187 187 
110 247 
300 300 415 
28 183 183 
68 
30 
367 
92 92 404 413 444 
28 28 28 178 178 
12 14 14 16 31 32 41 70 70 81 112 112 116 116 221 236 246 260 267 307 338 354 355 366 366 396 396 409 409 415 426 426 456 484 490 
126 
76 76 245 440 
175 175 413 
159 159 
351 
105 
56 148 236 267 267 267 268 285 304 446 
40 67 281 281 
43 65 251 286 358 362 413 479 479 500 
158 
55 101 101 236 236 267 267 471 
8 77 77 200 290 290 350 373 422 
496 
86 386 386 508 

196 
236 236 236 415 415 
12 355 

267 268 268 

405 405 

76 242 
328 
232 
236 
238 238 310 

215 215 215 314 
214 214 214 314 314 314 
102 
143 143 

274 274 454 

184 
35 35 35 119 119 122 376 376 413 483 
329 
8 8 313 313 313 
377 377 393 419 458 
292 
159 337 392 477 
76 76 
295 
259 275 303 415 
39 
124 124 210 390 454 
238 271 287 287 287 310 505 
503 

40 40 49 49 55 55 56 56 60 60 83 83 104 117 138 138 184 191 195 195 201 201 201 211 252 252 267 267 275 278 278 344 351 415 432 438 
104 
212 212 233 
342 
279 279 476 476 
39 62 430 
76 208 
311 424 424 494 494 
325 358 
186 
184 
110 110 176 288 401 401 
150 408 408 
40 40 
149 374 374 417 417 442 
193 
236 236 

283 415 415 
5 5 
271 271 273 273 273 
305 305 337 

230 367 367 367 441 
184 
81 81 329 
364 410 
315 
11 334 
496 

39 39 184 191 191 191 195 195 204 236 236 268 268 471 471 
191 204 204 267 267 

286 
3 233 256 256 297 327 327 339 339 354 354 354 374 374 375 375 391 391 401 401 401 408 408 412 453 453 
160 
5 256 256 256 354 475 475 
219 219 
230 236 
157 157 
415 
236 236 
31 31 240 240 
449 449 
67 192 192 298 347 421 421 
144 144 
254 415 

191 
193 270 
9 9 9 233 233 233 
247 
451 
23 97 171 196 196 480 
426 426 
226 364 410 

58 397 397 
76 76 229 
169 169 
271 408 
281 
76 76 
177 177 

39 485 
230 415 
191 
257 257 392 392 482 
87 87 87 370 408 
184 354 354 396 396 


212 233 
243 
84 85 85 160 160 
8 8 224 224 224 
214 215 215 215 349 413 418 429 434 481 
31 31 31 263 336 
444 
398 413 
413 
76 76 76 
140 140 
42 
162 162 
359 

72 90 153 244 358 

271 271 
76 209 
165 165 223 261 
39 39 159 428 

407 

264 413 

315 486 
227 257 
184 415 
145 271 271 381 381 408 464 464 


239 

69 173 236 447 
52 52 
27 47 76 459 
67 281 421 506 506 506 
84 84 
314 
8 196 
189 236 356 432 
402 
456 
5 41 41 134 156 184 271 271 271 273 307 307 411 450 490 502 502 508 
184 202 
351 
367 431 496 
38 72 72 72 193 244 325 413 413 466 466 503 
61 61 323 

76 
65 65 193 413 

118 262 292 

184 184 
181 259 259 259 357 496 

71 
87 87 306 
68 
105 106 106 
196 
154 250 250 271 271 408 442 
271 271 
222 222 
225 225 458 458 
101 
103 146 146 146 
134 134 
46 64 64 339 339 
413 
63 63 63 415 415 432 432 

413 
198 198 

487 487 487 
81 82 497 497 
232 
271 271 
227 305 305 
225 
81 
46 
184 184 307 307 
294 294 
317 
156 
5 50 50 
110 110 110 247 247 271 271 271 
39 159 352 
427 
6 6 92 182 
39 206 206 
37 415 415 415 
332 413 413 
25 26 150 150 158 248 248 271 271 297 306 339 374 412 437 437 437 
184 184 
262 292 
354 
271 408 
45 74 74 77 92 128 155 161 167 168 182 187 193 222 314 317 318 334 358 358 362 382 385 407 407 439 448 500 500 
22 108 
37 57 129 129 177 184 201 201 230 236 254 254 277 283 303 338 383 383 406 406 406 432 460 463 463 
65 
149 250 250 
314 
225 
18 
281 281 347 
196 
76 
243 243 
103 103 157 157 169 
184 184 291 291 
403 
159 330 
314 
241 
357 
236 351 383 383 415 

314 

22 
408 408 408 
83 83 236 
45 45 161 161 413 
186 
1 98 259 
250 374 468 
5 
59 182 316 
85 
56 56 191 
344 
74 74 128 128 413 
280 280 
41 354 462 
289 
464 
271 271 
4 124 131 219 232 

184 353 
41 
225 377 377 
346 
415 
497 497 
450 
63 75 415 415 
339 339 452 

72 358 358 

123 123 442 
159 

170 195 267 267 


56 487 
273 273 
10 100 240 240 496 496 
159 159 166 166 227 
76 76 
193 193 
171 290 
314 
305 
30 30 222 
184 
302 
31 336 
56 388 388 388 474 

31 31 31 
51 184 354 
126 
41 

243 243 
81 
100 197 265 357 367 476 476 
22 22 389 389 461 461 


193 413 413 
54 
354 354 
234 358 
5 
233 
347 347 347 
104 
5 86 198 354 


159 159 
