Nodes: 512, Edges: 713
133 

28 183 189 
271 271 271 493 
454 
34 48 50 50 88 88 88 88 88 184 184 198 198 225 225 255 255 273 273 279 354 441 441 443 443 475 504 508 508 
404 

196 350 350 350 
287 287 
476 
264 
184 202 
76 
184 
182 



104 

31 
108 108 331 331 414 414 497 
290 290 
76 76 
408 408 
158 
346 346 346 
2 183 
56 56 
180 
21 172 172 184 279 315 354 354 354 489 489 

192 
5 

106 
415 

62 62 159 159 163 231 267 267 302 402 405 477 477 485 
192 236 
85 85 137 137 160 184 354 354 450 492 
323 323 323 

137 137 
413 413 439 
64 381 381 395 
346 
5 
236 
5 5 400 400 
490 
184 

299 501 501 501 
93 236 
29 29 191 304 304 446 446 474 474 487 
415 415 
294 397 
444 444 
104 104 236 
81 81 81 
39 39 241 
383 
46 381 
362 362 416 
141 
281 347 347 347 
169 169 371 
344 
184 184 246 

325 325 325 
94 315 463 
413 448 
383 463 
13 24 24 109 162 162 229 295 295 295 322 328 346 346 413 423 440 
413 

236 
418 
61 61 61 82 113 184 184 261 289 289 329 359 389 389 389 394 
81 121 121 142 142 165 165 389 
104 236 236 438 438 
85 85 
41 41 84 84 160 
198 

5 5 5 5 5 

358 

182 182 413 
55 
73 315 
418 
398 
171 290 
420 420 

476 
378 471 
117 117 136 136 216 
146 146 379 425 425 
19 60 60 83 138 236 237 507 507 507 
184 190 
36 190 190 372 372 

22 22 414 
76 
176 176 401 


81 

389 
184 415 415 
102 102 125 
152 152 262 364 
222 222 413 
486 
82 82 
222 
468 
232 387 387 
117 136 136 136 
185 185 
480 480 
413 
415 
497 
454 

0 
354 354 380 380 

102 102 125 125 125 
41 41 44 44 184 184 
104 164 236 236 

320 
66 
82 82 389 
217 
282 
339 339 
103 103 379 
236 236 344 
191 191 191 304 304 
250 250 
248 248 248 408 
354 
118 118 
325 
374 374 
413 

233 233 276 
26 271 408 
39 39 205 231 305 402 402 428 428 433 469 477 477 477 510 511 511 
41 85 312 498 498 
439 439 
76 76 
39 
138 
82 82 329 

413 

68 68 233 425 425 425 
471 
97 290 480 480 
31 31 


187 
110 110 247 
300 415 


30 
367 367 
15 92 92 363 363 404 404 413 
2 28 
5 5 12 14 31 41 52 70 70 81 81 105 116 137 137 213 213 221 221 236 236 258 267 267 267 279 284 291 307 315 324 338 345 345 354 354 354 355 366 366 396 415 456 465 465 484 490 
126 126 491 491 
245 
175 
477 477 
2 351 351 
105 106 106 
56 148 148 148 268 268 285 304 446 
33 40 236 281 
251 251 251 286 358 362 413 479 500 

236 267 267 471 471 
8 290 373 413 413 

5 5 86 386 508 

269 
236 415 415 
12 


159 
405 
337 337 




238 310 
184 184 
215 215 
214 214 
102 
143 
271 271 
232 274 402 402 454 

184 184 
119 119 122 341 376 413 
329 
313 350 
5 5 377 393 419 419 458 

337 337 337 343 392 392 477 
245 
76 360 361 
236 275 406 406 406 
39 159 
124 219 390 390 390 
157 157 169 238 238 287 287 296 296 310 310 374 505 

236 487 
40 49 55 60 79 83 83 104 138 138 147 147 184 184 192 195 201 230 235 252 275 275 278 283 344 344 415 415 415 460 487 487 
104 
212 233 233 
342 342 
496 
62 430 

413 424 
325 325 
186 228 
70 
176 401 401 
150 150 150 408 

149 149 442 442 
193 193 193 413 413 
236 
330 330 
283 415 
5 5 
273 
305 
184 409 
367 367 367 

81 
118 364 
315 
11 334 
496 496 

39 39 184 184 184 195 195 268 268 471 471 
191 191 267 267 
200 

3 3 3 158 218 218 282 297 327 327 339 375 375 391 401 408 408 412 427 427 442 442 453 453 

5 5 256 
219 402 402 
230 236 236 
157 

236 
5 31 184 
308 435 435 449 449 
67 192 
144 271 
236 254 
184 
191 
193 413 413 
9 9 233 233 

81 81 451 451 451 
23 23 97 171 196 
184 
364 
408 408 
58 408 
76 76 76 509 
233 233 
271 408 
347 
54 413 413 
177 

39 485 
415 
56 56 148 148 191 
159 257 343 343 482 
370 370 408 408 
184 354 354 396 396 465 465 
280 

212 233 233 

160 
224 
349 384 384 384 418 418 429 429 455 467 
31 73 94 184 263 
444 
413 413 
413 

140 

76 
42 42 42 
184 
72 72 72 153 244 244 358 358 358 
358 
271 271 
76 
81 165 223 432 
253 253 369 369 
22 22 
413 413 

264 385 
413 413 494 494 494 494 
486 
207 207 227 227 227 
184 415 
145 145 271 381 427 452 464 470 

222 
239 239 
227 305 305 
69 147 236 236 447 
184 184 
27 27 27 47 76 76 459 
67 67 67 298 421 421 

314 481 
8 8 8 224 
189 189 356 432 
402 402 

5 31 31 31 41 41 134 134 151 184 184 184 307 307 411 411 450 462 462 502 502 502 
184 
351 
367 496 496 
90 193 325 325 325 326 413 466 503 
81 
229 
229 
65 65 193 413 
182 182 
118 262 292 
415 
184 184 
181 181 259 259 259 357 496 

330 330 
306 306 
68 
106 106 
196 
154 154 233 408 408 442 
271 271 
222 
225 
101 
103 146 
134 134 
46 46 64 339 395 
413 413 
63 75 415 415 
314 314 314 
334 
198 
124 124 

81 81 81 82 115 142 
232 232 232 
271 
227 227 
225 
81 495 495 
46 381 
184 307 307 
58 
96 

50 50 
110 247 247 271 
39 159 159 219 219 274 274 352 352 405 
427 
6 182 182 
39 206 402 
230 230 230 415 

25 25 150 158 248 271 271 293 293 294 297 306 306 374 374 412 
258 

354 354 
271 408 
45 45 74 76 77 92 119 128 155 167 182 193 196 196 222 243 251 251 286 286 299 299 317 317 318 332 332 335 335 358 362 382 382 439 439 448 455 494 500 500 
22 22 108 
37 57 57 116 116 129 177 184 201 201 236 236 236 254 303 338 365 383 383 406 432 
65 

80 95 314 314 
225 225 
98 98 441 
347 347 

76 
243 
103 103 169 169 169 

271 271 339 403 
159 159 
314 314 
241 
496 496 496 
329 351 415 
159 

280 280 


83 83 487 
45 161 161 413 413 
76 
5 5 420 
250 250 271 271 374 468 468 
5 5 
59 59 316 
450 450 450 450 
56 56 191 
344 
74 413 
280 280 
41 354 445 445 445 445 
289 289 289 
339 464 464 
271 271 
4 131 219 
314 413 
184 491 

225 
346 
236 
497 497 
354 354 
73 75 
339 452 452 
184 184 307 307 
358 
314 
123 442 442 
159 511 
339 
101 170 195 195 267 267 
475 
491 
56 56 
5 472 
10 100 
39 39 159 159 159 188 188 227 

193 
127 127 171 171 
349 
305 

184 
39 302 
120 336 489 
56 235 236 236 438 

31 31 486 
51 184 
185 185 456 473 
41 
3 
335 335 335 335 413 
394 394 
240 265 265 357 357 367 431 431 431 
22 130 461 461 
160 160 

193 413 413 
54 54 54 
354 354 354 
358 
5 
233 

104 104 104 
5 5 198 
295 
159 
159 159 469 
