Nodes: 512, Edges: 713


28 28 91 111 
271 271 493 
454 
34 48 50 88 255 273 279 279 441 443 443 504 
404 404 
233 
196 224 
287 287 
476 476 
264 264 264 
184 184 

117 117 184 184 
182 
184 184 

441 441 

428 428 
31 
331 389 414 436 461 497 497 
290 290 290 
76 76 
408 408 408 
408 408 

2 2 178 183 
56 
180 180 180 
21 172 172 172 184 184 279 279 315 315 486 489 
307 
67 67 192 192 
5 
210 413 
106 
406 
358 
62 62 62 62 159 159 163 163 166 302 330 402 405 485 
249 
85 85 99 156 160 160 184 184 354 354 399 445 450 450 450 492 
321 321 
193 


64 339 381 395 395 
76 346 346 
5 
236 236 
5 


225 225 
501 501 501 
93 236 236 
29 191 191 474 487 


444 
236 
81 81 
39 39 39 39 
75 463 
46 395 
193 416 416 
141 
33 33 192 192 192 281 281 
179 296 371 
236 344 344 344 
184 184 

358 
315 
448 
63 383 463 463 
24 24 47 96 96 96 96 228 229 242 242 245 295 299 322 346 346 361 361 413 413 423 440 509 509 


236 
314 314 
61 61 82 113 113 261 261 289 329 359 394 
81 142 143 143 165 389 
104 104 236 438 438 
85 312 312 
41 41 84 160 348 
198 508 
370 370 
5 504 


2 
182 
55 
315 315 315 

76 76 76 76 
171 290 290 290 
420 420 420 441 441 
41 354 354 
476 
140 195 
117 216 216 
146 146 379 425 
83 83 138 236 237 507 
184 
36 190 372 



176 176 401 401 401 
2 
184 
81 81 
367 367 


14 14 102 125 125 135 135 184 
152 152 262 364 364 364 
122 413 
486 486 
143 
119 
381 468 468 
232 232 232 387 387 387 
117 117 136 136 
185 185 491 

413 448 
415 
497 
454 
168 168 
381 381 
354 380 380 380 
117 117 
125 125 
184 
104 164 

101 320 320 
66 196 
82 389 
82 82 121 217 


103 103 379 
344 
191 304 
417 417 
248 
354 354 
118 118 292 
325 325 325 
374 
413 
41 354 
276 425 
194 194 271 408 
39 39 188 227 231 305 330 402 402 428 433 433 469 469 477 511 
41 41 85 498 
413 413 
322 
39 39 
138 
82 329 
39 477 477 
413 
132 132 
425 425 

97 290 480 
31 31 31 
344 344 

187 187 
110 110 247 247 
300 300 300 415 415 
28 183 183 
68 
30 30 30 
367 
15 92 340 413 413 413 444 444 
28 178 178 
12 12 14 14 16 16 31 31 41 41 70 70 105 112 117 137 221 221 246 258 279 284 284 289 289 291 291 292 307 315 324 338 345 354 355 355 396 409 488 488 490 
126 126 

175 175 
159 477 

106 372 
56 56 148 236 236 268 268 304 446 446 
33 33 67 67 67 236 236 281 
43 65 251 251 358 362 362 413 413 
158 158 
101 236 267 471 
8 141 373 413 
496 
86 386 508 508 
207 207 

236 236 

271 271 
267 267 


199 199 478 
242 

35 

238 238 238 

314 
467 467 
102 102 
143 
271 271 271 
232 232 232 274 454 
494 494 494 
184 184 
341 341 341 376 376 413 483 499 499 

8 350 350 350 
53 53 259 393 393 419 458 

159 257 337 337 343 392 
76 
76 295 360 360 360 360 
236 275 275 303 303 406 415 
159 
124 124 124 219 219 219 390 
7 271 271 287 310 374 374 374 375 
503 
487 
49 49 55 55 60 69 79 83 104 191 191 192 192 195 201 201 230 237 267 267 275 275 278 278 278 283 283 344 351 415 415 432 432 460 460 487 487 487 
104 236 
212 212 212 
405 405 
496 
430 430 430 
76 76 208 
424 
325 325 
76 
184 
176 176 288 401 401 
150 
40 
417 417 442 
193 193 

330 
283 
5 
271 271 271 
227 305 305 337 
184 
225 367 

81 81 329 
118 410 
315 
11 11 11 334 385 385 
496 496 

195 204 204 236 236 268 356 
191 191 267 
415 415 
286 
3 3 158 203 203 218 218 218 233 233 256 256 256 297 327 339 354 354 374 375 391 408 408 442 453 

5 354 354 472 475 
219 
230 230 236 236 
157 
415 
236 236 236 
5 5 31 31 184 
435 435 
67 67 192 298 347 421 421 
427 
236 236 254 
184 184 

270 413 
9 9 233 
247 
81 184 184 
23 23 23 97 97 97 171 
184 184 426 
152 184 410 410 

408 408 
76 229 
68 
271 408 408 
281 347 
76 413 413 
177 177 177 
339 
39 
230 230 
148 191 
159 257 257 343 343 392 392 392 482 482 
370 
32 184 354 396 465 


233 

84 84 

80 80 214 317 349 429 467 
31 31 73 94 94 94 184 263 486 486 

314 398 413 
413 

140 140 
42 42 323 
76 162 
321 359 
184 
153 153 153 244 244 

271 

81 165 261 
39 159 253 369 428 428 
22 
407 413 

264 385 385 413 
413 413 

227 227 257 
184 415 415 
46 271 301 427 452 452 470 470 
182 
222 222 222 

227 305 305 
69 69 69 147 173 173 236 
184 
47 47 76 76 
281 298 421 
85 
314 481 481 
224 224 224 
236 356 356 356 

456 
41 41 99 99 134 151 151 156 184 271 271 273 273 307 411 411 450 450 462 490 502 508 508 508 
184 184 
267 351 351 351 
431 496 
38 72 193 466 
81 323 
229 229 229 229 
76 76 
193 193 413 413 

118 118 118 
415 415 

114 114 181 259 
401 401 
330 
87 87 306 
68 
106 190 
196 
154 233 233 233 271 417 
233 271 
222 222 


103 146 
134 134 134 
46 123 133 133 395 395 408 408 
413 
75 415 415 432 432 

264 264 334 334 
198 
124 124 124 
487 
22 82 142 497 497 
232 
271 
227 305 305 305 
225 225 
81 495 
46 46 64 381 381 
184 307 

317 
41 

110 110 110 247 247 368 368 
39 159 159 
427 
6 6 
39 239 239 
37 230 415 
332 413 
25 25 25 26 26 158 271 271 294 294 297 297 381 381 412 412 437 
184 
262 292 292 
354 354 
408 408 
35 76 76 119 128 155 161 161 167 182 182 182 193 193 196 222 286 299 299 317 318 332 334 335 335 362 362 382 407 439 448 448 448 455 
22 
129 177 177 230 236 236 269 269 277 338 338 365 365 383 383 406 432 460 460 460 463 463 
65 65 
149 149 250 250 374 

225 
98 98 98 
281 281 347 

76 
243 
103 157 169 169 
291 
282 339 403 
20 20 159 330 330 
314 
241 241 241 
357 
236 236 383 383 415 
159 159 

280 280 
22 
408 
83 83 
413 
76 
5 18 18 98 98 
250 271 
5 5 
59 182 182 
41 450 450 
191 191 

74 128 413 413 413 

41 41 41 354 354 445 445 462 

339 339 
271 
4 131 219 
413 
353 491 

225 

236 236 415 415 415 
22 497 
354 450 
63 75 75 415 415 

307 
358 
215 215 314 
123 123 
159 159 511 511 
339 339 
195 
273 475 475 

56 
273 472 472 
10 10 100 
159 166 166 188 
207 

171 
349 349 
305 305 
222 

39 
31 120 120 315 315 
56 235 236 236 236 388 
184 184 
31 
184 354 
126 456 
41 
3 
220 220 220 
394 
197 240 265 265 357 
22 22 130 389 389 461 
160 
222 222 

54 54 54 
354 
234 
5 88 


104 
86 198 198 354 354 354 
76 76 

159 469 469 
