Nodes: 512, Edges: 713
381 381 
441 441 
28 91 91 189 
493 
454 454 
34 34 34 48 88 88 88 198 198 225 400 443 443 504 

233 233 271 271 
196 196 196 224 350 
287 287 
476 476 
264 264 264 
184 184 202 355 355 
76 
117 184 
59 

390 
420 


31 31 31 
108 115 436 461 461 497 
290 290 


408 
346 
2 183 

180 483 483 
21 21 21 184 279 315 354 486 489 489 
184 
67 67 67 
5 5 5 
413 
106 106 
57 406 
358 358 
62 62 62 159 163 163 219 219 231 231 241 302 330 402 402 405 485 
192 192 192 236 
85 99 151 156 160 160 324 354 445 450 
321 323 
193 193 
137 137 
413 413 
395 395 
76 346 346 346 
5 508 

400 400 
484 
184 184 345 345 
225 
501 501 
195 236 
236 487 
37 415 
397 
15 
104 104 236 
359 359 
39 39 39 

381 381 381 395 
193 362 362 
141 
33 33 33 192 347 
169 371 
236 
258 
369 
325 358 
94 315 
413 448 448 
383 463 
13 47 96 208 229 229 245 322 322 353 413 413 509 
413 


314 418 
113 113 184 261 289 329 359 359 389 394 495 495 
121 142 142 143 165 165 
104 104 438 438 
312 312 348 
41 160 160 312 348 348 
198 
306 306 
5 5 5 
358 
358 
2 2 
182 182 404 404 413 413 

73 315 

76 
290 290 
420 420 
41 
476 476 496 496 496 
195 378 
117 117 136 216 
146 146 379 379 425 
60 60 83 83 138 236 237 507 
184 
36 36 372 

22 
199 
401 

184 184 
81 81 

22 389 
184 415 415 
14 102 102 135 236 
152 364 
222 222 413 

82 143 

468 
232 232 309 387 454 
136 136 136 
185 185 
480 
413 413 448 448 
415 

454 454 
168 168 
381 
354 354 380 380 
117 
102 125 125 125 
44 44 184 
104 236 236 
381 
320 
66 196 
82 82 
82 121 217 
282 

103 103 379 379 
236 236 
191 191 304 
250 417 417 
248 248 248 
41 354 
118 

374 

41 450 
233 276 425 

39 227 227 231 231 330 402 428 433 433 469 469 510 511 
41 41 85 85 272 498 
413 
322 
39 39 

82 82 329 
477 477 
413 500 
132 132 413 
68 233 296 

290 290 480 480 



187 187 187 187 
247 
415 415 
183 

30 222 

92 92 404 413 413 499 
28 178 
12 12 14 31 32 52 52 81 105 112 112 116 137 213 246 258 258 260 279 284 289 289 291 292 307 315 324 338 345 354 355 396 415 426 465 488 490 490 
126 126 
440 
175 175 175 175 

2 351 
372 372 
148 148 267 267 268 268 304 446 446 
40 40 40 67 236 236 281 
43 43 65 251 251 251 413 413 479 

55 101 236 236 267 
8 8 8 141 200 350 413 422 
496 
5 5 86 386 508 
109 
196 
236 415 
12 

267 268 



76 

309 

238 238 238 310 
184 488 
215 
214 
102 
143 
271 271 271 
39 39 232 274 402 454 
494 

119 119 180 341 341 376 
329 
8 313 350 
5 53 259 377 377 393 

159 159 257 337 343 392 392 

76 76 360 
259 
39 39 159 159 
124 124 219 390 390 390 454 
7 7 157 169 238 271 271 287 287 310 374 375 505 

236 487 487 
40 55 56 60 69 104 117 138 138 147 147 192 192 195 195 201 235 252 267 267 267 275 275 344 415 415 460 460 
104 
212 212 212 233 
342 342 405 405 
279 476 476 496 
39 


325 325 
76 
184 
176 288 
150 150 150 

149 374 442 
193 193 193 286 286 413 413 
236 
330 330 
283 

271 273 
227 305 305 
70 184 184 
225 230 367 367 367 441 
184 
81 329 329 329 
364 410 410 
315 315 
11 11 11 334 385 385 
496 

191 191 195 204 236 236 236 356 
191 191 204 


7 7 218 218 218 233 233 256 282 297 339 339 339 354 354 354 374 374 375 375 375 401 427 442 453 453 453 
160 
256 354 354 472 472 472 475 
219 402 
236 236 
157 
415 415 415 

31 184 240 
308 435 435 435 467 
192 298 
144 271 
254 415 
184 

251 251 413 413 
9 9 233 233 
247 
81 184 184 451 451 
23 23 97 97 171 171 
184 426 
184 410 
408 408 
397 397 397 

169 
271 408 
281 347 347 
413 

339 339 
39 485 485 

148 191 
257 257 343 343 482 
87 87 370 408 
184 354 396 
280 
124 210 
212 233 

84 84 85 
224 
80 413 418 418 429 429 434 455 481 
31 73 94 184 263 263 336 486 
444 
398 413 
413 413 
354 354 
140 
42 323 
76 76 162 
42 321 
41 184 
72 244 244 



81 165 223 261 261 261 
39 159 253 253 369 


413 413 
264 413 

315 486 486 
227 
184 415 415 
271 271 271 301 301 381 381 408 427 427 427 452 464 464 464 470 

222 222 
239 239 
227 305 305 
236 447 
52 52 184 
27 47 47 47 459 459 
67 298 298 506 
84 85 85 

8 196 224 
189 356 356 432 
402 
76 
31 41 134 134 151 184 271 271 271 273 273 307 319 319 411 450 450 462 462 490 490 490 502 508 508 508 
12 12 184 
267 351 351 
367 496 
38 38 72 89 90 413 413 466 503 503 
61 61 81 81 
229 

65 65 413 

118 262 
415 415 

259 259 259 357 496 496 
401 
71 330 
306 
68 
106 190 190 

154 233 250 271 271 417 417 442 
233 271 271 271 
222 
225 225 
101 
103 103 146 146 
134 134 
0 0 64 64 64 133 139 339 339 408 
413 
75 
449 
264 264 413 413 
198 
124 
487 
81 115 
17 232 232 232 

227 227 
225 
81 
46 46 64 
184 307 
58 294 294 294 
317 

5 50 50 
110 271 368 
39 39 159 219 274 352 
427 427 427 
92 92 182 
39 239 239 
37 
413 
26 293 293 297 306 339 381 412 412 437 437 470 

262 262 292 
354 
408 408 
35 45 45 74 76 76 77 92 92 119 128 128 161 167 168 182 182 193 193 196 251 251 286 286 299 314 317 318 318 333 333 334 358 358 362 382 385 385 407 448 448 455 455 

57 116 116 129 177 177 184 201 236 236 277 277 277 283 338 338 365 365 432 432 460 460 460 460 460 463 

149 149 374 374 
80 314 314 

18 98 98 441 441 

196 


103 157 
184 291 
271 339 339 339 403 403 403 
159 
314 314 

496 
351 415 415 
159 159 
314 
280 280 280 
22 
408 408 
83 83 

186 
1 1 259 420 420 
250 271 374 468 
5 5 
316 
41 450 450 450 450 
191 191 
344 
74 74 128 128 413 413 
384 
41 156 354 354 445 445 445 445 462 462 
289 289 
339 464 
271 271 271 
4 4 124 131 131 219 232 
314 413 413 
491 


346 346 
236 236 415 415 415 415 415 
22 22 497 497 
354 354 450 450 
75 415 
339 339 339 452 
184 
358 
280 
123 442 
159 159 511 
339 408 

273 273 273 475 

487 487 
273 472 
10 10 100 100 240 240 496 
166 166 

193 
127 171 171 
314 
305 
30 30 
51 
39 302 302 
31 315 336 336 489 489 
56 235 235 388 474 474 
184 213 
31 31 486 486 
184 184 354 354 354 
456 

3 
220 
81 81 
100 100 100 197 240 265 357 367 367 431 476 
22 461 461 
160 
182 
167 
54 54 
354 
358 358 
5 
233 
347 
104 
48 198 354 354 354 
76 
159 
159 469 
