Nodes: 256, Edges: 380
60 236 
105 153 
153 
153 153 238 
14 14 18 18 32 208 208 208 
12 26 26 42 46 50 50 94 98 102 117 136 142 196 196 227 227 244 254 
212 
74 74 86 124 124 130 203 218 218 226 
71 71 71 81 247 
182 
14 
197 
5 

4 4 10 18 18 32 32 47 138 139 146 146 152 152 152 163 180 208 208 208 
231 231 
89 
84 
4 4 14 14 51 60 90 90 137 137 152 186 186 192 192 
62 
98 
52 65 65 140 184 184 184 228 
245 

152 225 
148 153 
5 5 62 62 67 67 84 87 87 98 98 108 117 117 122 122 196 207 207 231 231 
153 
88 88 165 
205 205 205 
175 175 182 196 196 196 196 230 230 
152 157 
4 14 14 
77 150 150 197 211 211 219 

53 81 
203 203 
169 185 
42 
134 
187 203 

5 38 
195 195 195 245 
150 150 172 188 
148 153 
5 
14 
152 152 
84 
5 5 159 159 
18 63 202 202 
21 
35 81 
127 127 
121 238 

79 93 154 154 
104 214 245 252 252 

0 18 76 76 152 152 174 174 174 174 206 206 
138 206 
19 26 26 
51 137 137 202 242 242 

21 21 81 

26 26 
114 
146 223 223 223 
122 210 249 
8 8 8 


7 7 156 203 
203 203 205 205 205 233 
60 60 191 191 191 191 223 223 223 236 236 
33 
89 95 95 
57 
137 
8 35 53 65 148 153 160 162 173 176 203 228 228 238 251 

113 
17 26 49 100 109 
228 228 228 
7 218 
26 26 115 115 115 237 237 237 
28 28 165 203 203 
16 78 
18 18 206 206 242 242 
121 238 

57 111 111 154 171 176 201 241 
5 
78 78 
229 229 229 229 240 240 240 
130 130 
5 20 26 26 122 166 166 
251 
84 194 
106 
5 234 234 

58 129 152 
1 
101 145 204 
119 
26 244 
84 183 198 
228 228 
93 93 

83 145 246 
68 227 
87 87 87 
203 
5 26 26 
188 
107 152 152 152 
170 206 
55 91 238 238 
26 26 70 98 
161 196 
7 7 
251 
203 251 251 
54 54 187 229 229 
228 
104 
7 97 97 

222 
227 
39 
175 175 
5 
18 18 63 63 80 202 
14 61 
14 
21 

5 
149 151 151 165 203 203 

106 113 204 
14 14 69 152 

25 45 81 153 
143 203 203 220 
33 33 44 44 
143 143 153 
14 14 14 18 24 31 48 48 60 60 104 119 119 119 146 157 223 223 
1 2 3 3 25 27 45 81 148 151 179 228 
57 57 93 241 

74 203 
31 152 

50 50 
81 251 
123 
81 
14 

28 88 143 203 203 
98 98 209 
173 

37 
120 174 206 206 
93 205 205 
44 
81 167 
60 60 60 60 170 
30 30 135 135 196 196 
81 93 
204 
248 248 
153 
14 
203 
9 30 
109 
21 21 21 
37 
18 18 
40 127 
44 118 


76 76 76 76 205 
18 18 
253 253 
100 
43 43 43 204 245 
5 5 26 30 30 30 30 123 175 175 239 
11 33 
109 


93 
51 51 63 137 
7 36 36 40 74 75 75 81 88 88 116 126 143 143 149 149 156 165 165 181 220 220 
106 145 177 195 
29 29 29 75 75 75 171 171 191 
60 60 61 90 90 120 170 170 250 
26 26 
4 4 4 14 14 14 
166 
70 
33 33 
6 222 

58 


233 
7 7 86 
33 
149 203 203 251 251 

132 212 
69 69 69 76 76 76 152 152 

24 
7 
5 5 114 133 
21 81 81 85 85 85 110 110 128 153 
96 96 96 96 127 127 240 
30 30 
15 15 26 26 

75 217 
102 102 

0 76 76 
87 87 87 253 
3 55 81 91 121 121 
196 
96 96 96 229 
93 154 
63 63 90 90 

5 108 
22 43 58 195 251 
113 
8 
178 178 
70 
206 
81 99 125 126 126 160 220 220 245 
58 58 
193 193 237 
5 

