Nodes: 256, Edges: 380
236 236 
21 105 164 164 
153 153 
81 153 153 
14 18 32 32 139 139 139 208 208 
12 26 26 50 102 102 133 142 221 235 235 254 254 
212 212 222 222 
41 74 86 130 
71 81 81 215 228 228 247 
182 
14 14 

5 
33 
4 10 10 47 51 146 152 163 180 180 

78 78 93 93 
66 84 
4 60 90 137 152 186 186 192 206 
62 

1 45 65 65 140 153 228 228 


152 152 
81 81 148 148 153 
5 5 44 62 62 72 87 98 108 122 122 141 141 196 207 231 231 231 
153 153 
88 88 88 
205 205 
64 64 182 230 
152 
4 4 202 
13 44 44 73 197 222 
137 137 137 
81 
203 203 
185 

134 
187 
7 
81 125 162 243 
195 195 245 245 245 
26 33 33 150 150 172 172 172 188 222 
21 148 153 153 

14 152 152 152 
58 152 152 
84 
5 159 
14 63 202 202 

81 

121 121 238 238 
227 227 
79 93 154 
48 104 203 203 245 252 

18 76 76 152 174 174 174 206 206 236 
138 206 
19 26 26 
51 90 90 202 202 242 
30 30 
21 21 224 
17 
108 
114 
146 223 223 
122 249 
8 131 131 228 228 228 247 
26 
33 
7 156 156 203 203 
171 171 203 205 217 
60 60 191 191 223 223 236 236 236 
210 
16 16 95 95 
57 

3 8 8 25 25 35 42 53 93 148 148 148 153 153 160 162 176 203 228 238 238 251 

113 204 204 
17 49 100 189 194 194 194 
228 228 
7 218 
26 237 237 
28 28 28 165 203 

18 63 63 
238 
203 
16 16 57 81 111 111 154 176 201 201 241 
112 
78 78 
229 

26 166 166 213 237 
251 
84 

5 5 234 234 

58 152 152 
1 
145 204 
152 152 
26 67 244 


93 93 
94 
83 177 177 177 204 246 246 
68 227 



188 188 188 
152 
170 206 206 
55 55 238 238 238 
26 26 70 
161 161 161 

42 251 
251 
229 
136 228 228 

7 
71 71 228 
222 222 
5 
39 
175 
128 
18 34 34 34 148 
61 
4 4 4 
21 
26 26 
5 
149 149 151 203 203 203 

106 204 
14 69 152 152 
171 
25 25 45 81 81 81 137 
143 143 203 220 
44 44 
143 228 228 
14 18 24 24 31 47 47 47 48 48 60 104 104 107 107 119 146 146 157 163 223 
2 2 3 3 21 25 27 27 45 45 81 81 228 
57 93 176 
206 206 
74 74 203 203 203 
152 
164 
50 
81 251 
123 123 123 
42 81 
14 152 
1 1 158 232 232 232 
88 203 203 
98 98 209 209 209 
173 173 


120 206 206 206 
75 75 147 205 
44 44 44 
167 167 176 176 
60 60 60 206 206 
135 196 
81 93 154 173 173 
113 113 113 
248 248 248 

14 14 
203 
9 30 196 196 


37 
18 18 
40 
44 118 118 118 
84 
236 
76 76 205 
18 

84 84 84 255 255 255 255 
43 43 204 
26 175 182 182 
33 


229 
93 93 
32 51 51 63 63 
36 36 58 58 74 74 75 81 88 92 143 143 143 149 156 156 156 165 165 181 220 251 
83 83 106 113 145 195 245 245 
29 29 75 171 191 
18 60 60 61 120 120 155 155 170 170 170 174 174 250 250 
26 
4 4 
166 166 166 
77 

6 6 
98 

8 

75 233 
86 

149 203 251 
5 
6 6 33 44 132 132 
69 69 76 76 152 
65 


56 56 114 
8 8 21 21 71 71 71 81 85 85 128 128 131 151 151 153 
96 127 200 
30 
26 26 26 
164 164 164 
217 
102 102 
5 5 
0 0 60 76 76 76 190 
87 87 98 253 253 
55 55 81 81 91 121 121 121 


93 
63 
42 
108 
43 43 43 58 204 204 251 
113 113 
8 71 
178 178 178 
70 
206 206 
81 99 125 126 160 203 220 245 
58 
237 237 
5 5 
194 194 194 194 
