Nodes: 256, Edges: 380
236 
21 105 158 
153 

14 32 139 139 208 
26 50 68 68 102 114 123 136 136 159 196 221 221 227 227 234 235 243 243 
222 222 
41 86 86 86 97 124 124 130 203 203 
71 71 71 81 81 168 215 228 247 247 

14 14 51 
197 
227 227 
33 37 
4 10 10 18 32 47 138 139 146 208 208 
26 26 231 
78 89 93 
66 84 
14 51 51 60 90 90 137 152 152 186 206 206 
62 
98 98 166 166 
1 45 52 52 65 65 140 153 184 228 
245 245 
192 192 
152 
81 153 
5 15 15 33 33 44 44 62 67 67 72 72 108 117 122 141 185 231 237 
153 
88 
205 
64 182 182 182 230 
152 152 
4 14 
13 26 26 44 77 150 150 172 172 172 197 211 211 219 222 
137 137 
53 53 81 
203 203 
13 
42 

187 
7 
38 81 81 
245 
26 26 33 150 172 172 172 172 188 
21 148 148 

14 107 
152 

5 
10 18 18 202 
21 21 
35 35 81 
216 
238 238 

154 154 
203 203 203 214 252 252 

18 174 174 206 236 
90 138 
19 26 
90 137 137 202 242 
30 
21 21 81 
17 
26 26 
5 5 114 114 
146 223 223 223 
122 122 249 
8 8 8 131 131 131 247 
26 26 

156 203 
203 203 205 
191 223 236 
33 
16 89 89 93 93 93 95 95 
111 111 

8 8 25 35 42 42 53 65 93 148 148 160 160 176 203 203 228 228 

113 113 204 
17 100 109 127 127 
228 
7 7 7 203 218 218 218 
115 237 237 237 
28 203 203 
16 78 78 
18 18 61 63 206 206 206 242 
121 238 
203 
16 78 78 78 81 111 154 201 201 224 224 241 

78 78 
144 229 229 229 240 
7 
20 20 166 213 
251 
84 109 183 198 

5 
221 
129 152 
1 
204 204 
47 119 152 
26 
84 100 198 198 
228 228 
79 79 93 

83 83 145 145 204 204 
5 68 68 
87 

26 

107 137 152 152 
170 206 
91 238 238 
26 70 70 210 
5 161 161 161 
7 7 
251 
203 251 251 
84 84 229 229 
228 
104 
7 
71 71 71 228 

227 

175 175 
5 5 
18 34 34 63 63 119 202 
14 61 
4 4 14 
21 
26 
159 
149 165 203 217 
96 240 240 
113 113 204 204 
14 69 
171 
45 45 81 81 153 153 
143 203 203 
33 33 44 
228 
18 18 24 31 31 48 104 107 119 119 163 
2 21 25 27 148 148 179 179 179 228 228 
57 57 93 176 176 241 
206 
74 199 199 199 203 

1 
5 142 
81 81 251 
123 123 123 
238 
152 

143 203 
20 20 98 209 
173 173 
8 

120 174 206 
147 205 205 
33 33 33 44 44 44 44 
167 167 176 
60 60 170 206 
135 135 196 196 
81 154 154 173 
204 
248 248 
153 153 153 

203 
30 30 30 196 196 
100 
21 228 228 
26 
18 
40 
44 

236 236 
76 205 
23 23 
253 253 
255 

5 175 175 182 182 
11 33 
100 109 109 
156 156 156 
229 229 
93 93 
51 63 137 
7 7 36 36 58 58 58 74 75 75 81 81 86 88 88 92 126 143 149 149 156 165 181 220 252 
83 106 106 113 113 145 145 177 245 
29 75 171 171 191 
18 18 60 90 90 90 120 155 170 174 250 

4 14 14 
166 
122 
33 33 
222 
98 
58 
8 
54 
143 233 233 
86 86 86 
33 
203 
5 5 103 
6 6 33 212 
69 69 69 76 
93 93 


5 5 12 12 133 
8 21 81 81 85 110 110 128 131 151 153 153 184 184 
96 96 96 127 127 200 200 
30 
15 26 

217 217 
5 
5 
0 60 76 190 190 
26 87 87 87 253 
55 55 91 121 121 162 

96 144 144 
93 154 
63 90 
5 5 

22 22 43 204 

8 8 71 
178 178 
70 
206 
99 125 126 126 160 
58 58 203 
193 193 237 

194 
