Nodes: 256, Edges: 380
60 60 
21 105 153 158 
153 
153 153 238 
14 18 32 139 139 
12 12 12 26 26 46 50 68 68 94 98 103 114 117 123 133 136 178 178 227 227 234 244 254 254 
212 222 
41 86 86 86 124 203 218 218 
71 71 81 168 247 
182 

33 197 
5 5 5 
33 
4 18 32 47 51 51 107 152 152 180 180 
231 
89 89 93 
84 
4 14 90 90 137 186 192 206 
62 
98 166 166 
1 45 228 228 
245 

152 225 
81 148 153 
5 5 44 59 59 62 62 62 67 72 72 72 82 82 87 98 169 196 207 237 237 
153 153 
88 165 
205 
64 64 182 182 196 196 196 196 196 230 
152 152 152 152 157 157 
4 14 202 
11 13 73 77 150 150 197 211 222 
137 
53 81 
203 203 


134 
187 187 187 203 
7 
125 243 
195 245 245 
26 150 172 172 172 188 188 188 222 222 
21 148 
5 
14 107 152 
152 152 
84 
5 108 159 159 159 159 
14 14 63 191 202 202 

35 81 81 

238 
227 
93 93 
203 245 
26 26 
0 0 152 152 206 206 236 
206 
19 26 26 26 
51 90 202 242 
30 30 
81 81 

26 
5 5 114 114 
146 223 223 
122 249 249 249 
8 8 131 228 228 247 
26 26 26 
33 
156 203 203 
171 205 205 217 233 233 
191 236 
33 
93 93 95 95 95 95 
111 111 
137 
8 25 35 53 53 65 65 93 148 148 148 153 160 173 173 203 228 228 251 
26 26 
204 204 
17 49 109 127 
228 
7 7 7 218 
26 237 
28 165 203 
16 16 
18 18 63 206 242 242 
238 
203 203 203 
16 57 57 78 78 81 154 154 201 224 241 
5 
78 78 78 78 
144 144 229 229 240 
130 
5 20 26 166 209 213 213 213 
251 251 
109 109 198 
106 

5 

1 
101 145 145 204 204 204 
14 47 119 
50 
84 100 100 183 198 

79 79 

177 177 204 204 
5 68 68 

203 
5 
188 
107 137 152 152 
170 
238 238 
70 210 210 
5 161 
7 
42 251 
251 
84 229 229 
228 

97 
71 228 
222 
5 227 
39 

5 
18 34 80 119 202 

4 4 



149 151 
96 96 240 
106 106 204 
69 152 152 
171 
25 45 81 81 81 153 
143 203 
33 33 44 
143 153 
14 14 24 31 31 31 31 47 48 48 60 60 119 119 146 146 157 157 157 163 
1 2 3 3 25 27 27 81 148 151 179 228 
93 93 176 241 241 

74 199 199 203 203 203 
31 31 152 152 152 
1 164 
50 50 50 50 
81 
123 
238 
152 
158 232 232 
28 88 203 
20 20 98 209 209 209 

8 
26 
120 
75 147 205 
44 44 44 
81 81 

196 196 
154 
113 113 204 
5 5 248 248 248 
153 
14 14 

9 30 30 196 196 
109 


18 
40 40 40 
44 44 44 118 
196 196 

51 76 205 
18 
237 253 

43 204 245 
26 30 30 30 30 30 175 175 182 182 189 189 239 239 
11 33 
100 109 
156 156 
229 229 
93 
32 51 51 63 137 
7 36 36 40 58 74 74 81 88 92 92 92 116 149 156 156 156 165 214 220 251 252 
83 83 106 106 106 113 113 145 177 195 245 245 245 
29 75 75 171 191 
18 60 60 61 90 
26 

98 166 166 166 
122 122 
33 
6 222 
98 98 98 
203 


75 233 233 
7 7 86 

203 251 251 

6 33 44 44 132 212 
69 69 
93 
24 

5 5 56 133 
21 21 71 71 81 81 85 128 131 153 
96 96 127 127 200 200 
30 
15 
164 164 
75 75 217 217 
5 

60 76 
26 26 87 193 253 253 
3 55 91 121 121 162 
196 196 
96 144 
93 154 154 
63 90 90 
42 
5 
22 43 43 58 195 204 204 204 

8 71 
178 178 178 
70 70 70 

81 99 99 125 126 203 220 220 
203 
193 237 237 
5 5 

