Nodes: 256, Edges: 380
236 
21 21 153 158 158 164 
153 153 153 
81 153 153 
14 32 139 208 
12 12 26 46 50 50 50 94 103 114 114 136 221 221 227 227 227 235 243 243 243 
222 222 
41 41 74 86 86 203 218 218 226 
71 81 215 215 228 247 
182 

33 
5 5 
37 37 
4 18 32 47 139 163 180 208 208 
26 26 231 
78 89 93 93 

14 60 90 90 137 152 192 206 

98 
1 1 52 52 65 140 184 184 184 228 
245 
192 
152 225 
81 153 
5 15 15 44 62 62 67 82 82 117 117 122 141 169 185 231 237 
153 
88 165 
205 
64 64 175 182 196 196 196 230 
152 
4 14 
11 37 44 73 77 150 172 197 211 

53 53 81 81 

13 13 33 185 
42 42 
134 
187 187 187 187 203 
7 7 
38 38 81 
195 195 245 245 
26 33 59 59 59 150 172 172 222 
148 
5 
14 152 
58 58 58 
84 84 
5 5 5 159 159 
63 191 202 202 202 
21 21 
35 35 81 

121 238 

79 93 154 
48 48 48 152 203 245 252 
44 44 44 
18 76 76 152 152 174 174 174 206 206 236 236 
206 
26 26 
51 90 90 90 202 242 
30 30 
21 224 

26 
114 114 114 114 
146 223 
210 249 
8 131 228 247 

33 
7 203 
171 203 
60 60 191 223 223 236 236 236 
33 
16 93 93 95 95 95 
57 
137 137 
3 8 25 35 35 42 53 93 148 148 153 153 160 173 173 203 203 228 228 228 238 251 251 
26 26 
113 204 
49 49 127 194 194 194 
228 228 
7 7 
115 237 237 237 253 
28 203 
16 
18 18 63 63 63 242 
238 238 
203 203 
16 16 57 78 78 81 111 154 176 201 201 224 241 
5 
78 78 78 
127 229 240 240 

20 166 213 213 213 237 237 
251 
109 
106 

5 221 
129 129 152 

101 145 204 
152 

100 183 183 198 
228 228 
93 

83 145 177 204 246 
5 5 68 68 68 68 
87 
203 
26 26 
188 188 
137 152 152 
170 170 206 
55 238 238 238 238 
26 
161 

251 251 

84 96 229 
228 
104 104 

71 228 228 228 
222 
227 
39 

5 
18 80 80 119 202 

4 14 
21 
26 

165 165 
240 240 
106 113 
69 
171 
45 81 81 
203 203 
33 44 
153 153 
18 24 31 47 58 60 60 104 107 119 119 157 163 
1 2 2 2 3 3 25 27 81 81 151 151 179 179 228 228 
57 93 
206 206 
199 199 203 
152 
1 1 
50 50 
81 251 
123 
238 
14 152 
1 
28 143 143 203 203 
98 209 
173 

26 
120 120 174 206 206 
75 147 205 
33 44 44 
81 81 167 176 
60 60 60 170 
30 196 196 
93 173 
113 204 

153 153 
14 
203 
9 30 196 196 
109 109 
21 21 21 
26 37 

40 40 40 40 
118 118 


51 76 205 
18 23 
237 237 253 
84 84 84 255 255 255 255 
43 43 204 204 245 
30 30 30 175 175 182 182 239 
33 
109 
156 156 
229 
93 93 
51 51 51 63 137 
7 40 58 74 75 81 81 88 92 92 116 149 149 156 165 165 181 220 251 252 
83 106 113 177 195 195 245 
29 171 191 
18 60 60 61 120 155 155 170 170 

4 14 14 
166 
70 
33 
222 
98 98 98 

8 8 

233 
7 7 

203 251 
5 5 103 
6 6 44 132 212 
69 76 76 
65 93 
24 
7 
5 5 5 133 
8 21 71 81 81 81 85 85 110 110 128 131 131 131 153 153 
96 127 200 
30 
15 26 

217 

5 
0 60 60 76 76 76 
26 87 87 87 98 98 193 193 253 253 
55 81 91 91 121 121 121 121 162 
196 
96 96 144 144 
93 
63 90 
5 5 5 

22 43 43 58 195 204 251 
113 
8 71 

70 

81 81 99 125 125 160 203 220 245 
58 203 
87 193 237 237 

194 194 194 194 
