Nodes: 256, Edges: 380
60 236 
21 21 21 153 158 164 
153 
153 153 153 
14 18 18 32 32 32 139 139 
12 26 38 50 103 123 178 178 221 227 227 235 
222 
41 74 86 86 86 97 97 124 130 203 218 
71 71 71 81 215 215 215 228 228 228 247 

14 
33 
5 
33 
4 10 32 32 47 107 138 146 163 180 208 208 
26 26 
78 78 89 89 93 
84 
4 4 51 51 60 90 152 152 186 186 206 
62 62 
98 98 166 
1 1 1 52 65 65 65 140 140 140 153 184 184 184 228 228 
245 
192 
152 152 
148 148 
5 15 15 33 67 67 72 72 98 98 108 108 122 122 141 141 169 196 231 231 237 
153 

205 
64 175 175 175 182 196 
152 152 157 
4 4 4 14 14 
11 13 26 37 44 73 73 77 77 

53 53 81 
203 
33 169 185 
5 
134 134 
203 203 
7 
243 243 
195 245 
33 59 59 150 172 172 188 222 
153 153 

14 
58 58 

5 159 159 
18 18 191 202 202 
21 
35 35 81 

121 238 238 
227 227 
79 93 154 
48 48 104 152 214 
44 44 
0 18 152 152 174 174 206 206 236 
206 
19 19 
90 137 
30 
21 21 21 81 

26 26 

146 146 223 223 
210 
8 8 8 131 131 131 247 
26 26 
33 33 
7 156 203 
171 203 203 205 205 233 
191 191 191 223 223 
33 33 
16 16 89 93 93 95 95 
57 111 
137 
8 35 53 65 93 93 148 160 160 173 173 176 228 228 238 

113 204 204 
17 189 194 
228 
7 7 7 203 203 218 
115 115 
203 
16 16 78 
18 63 154 206 242 242 

203 203 
16 57 78 78 81 81 111 111 154 154 201 241 
112 243 
78 78 
127 144 229 240 
7 7 130 130 
20 20 26 26 166 209 
251 251 



5 
58 129 152 152 

145 
14 119 152 
26 26 
127 127 183 198 198 

79 93 93 
94 
83 204 204 
227 
87 87 
203 203 

188 
107 137 152 152 
170 206 206 
55 238 238 
26 26 
5 161 161 
7 
251 
203 203 251 251 
96 109 109 229 229 
228 
104 
7 97 97 
71 71 71 
222 
227 227 227 
39 39 
175 175 175 

63 80 119 148 202 
14 
4 4 
21 21 21 
26 26 

149 149 149 151 151 151 165 203 
96 240 
106 204 204 
14 69 69 152 152 
171 
25 25 81 137 153 153 153 
143 143 143 
44 
143 143 143 
18 18 24 24 31 31 58 60 60 104 104 107 119 119 146 146 163 223 
1 2 3 3 3 21 27 45 45 148 148 148 179 228 
57 90 93 93 241 
206 206 
74 199 203 203 
31 
1 164 
50 50 
81 81 
123 123 
238 238 
14 152 
1 158 232 
143 203 
20 98 209 


26 37 
120 174 206 206 206 
75 147 205 
44 44 
81 81 176 
60 60 170 206 
30 30 30 135 135 135 196 196 196 
81 173 

5 5 248 248 
153 
14 

30 196 
109 
21 21 21 228 
37 
18 18 

44 118 
84 
236 
51 76 76 76 205 205 
23 
253 
84 255 255 
43 204 
26 30 175 175 175 182 

109 109 
156 
229 
93 
51 51 137 
7 36 40 40 74 75 75 86 86 88 92 92 116 116 126 126 143 156 156 165 252 252 
83 83 113 113 145 145 195 245 
29 75 75 171 191 191 
18 60 60 61 90 120 120 155 155 170 170 170 174 250 250 

14 14 
98 166 
70 

222 

58 
8 8 8 


7 86 


5 
6 44 132 212 
69 69 76 76 152 



5 5 56 56 114 133 133 133 
8 8 8 21 21 81 81 85 128 153 184 
96 127 127 200 240 

26 26 
164 
75 

5 
0 60 190 
26 
55 55 81 121 121 162 162 

96 144 229 
93 154 
90 90 
42 42 94 

22 43 204 251 

8 71 
178 178 

206 206 
99 99 125 126 126 245 
203 203 
193 

194 194 
