Nodes: 256, Edges: 380
60 236 236 236 
21 105 105 158 164 164 

81 153 
14 18 18 32 32 139 139 139 139 208 
12 26 26 102 103 142 181 221 221 227 254 254 
222 
41 41 74 97 124 124 203 203 218 218 218 
71 71 81 81 215 228 228 
182 182 
14 51 
33 197 
5 

4 10 18 32 47 47 47 51 51 107 138 138 139 146 152 152 163 163 180 208 
26 26 
78 78 89 93 93 
84 84 84 
4 4 14 51 152 186 206 
62 
98 166 
1 45 45 52 65 65 65 140 140 153 153 153 184 228 

192 
152 
81 81 148 
5 5 15 15 44 62 62 67 87 98 98 108 141 196 196 231 237 237 

88 165 165 

64 182 
152 157 
4 4 14 202 
11 44 73 77 134 150 150 172 211 219 222 
137 137 
53 81 81 
203 203 

42 42 

187 203 
7 7 
38 38 
195 245 
26 33 150 172 188 188 222 222 
21 21 148 

14 14 14 107 152 152 
58 152 152 152 
84 

10 14 14 18 63 191 202 
21 
35 81 
127 127 
121 121 238 238 

93 154 
48 104 203 214 214 245 252 

0 120 174 174 206 236 

19 26 26 
51 90 90 202 202 202 
30 
21 21 21 81 

26 
114 114 114 
146 223 223 
210 249 249 249 
8 8 131 228 247 

33 
7 203 203 
203 203 205 205 
191 191 223 236 236 236 
33 
16 16 89 89 93 
111 
137 
3 8 8 25 25 35 35 53 65 93 153 153 160 160 173 173 176 176 203 203 228 228 251 

113 113 204 204 
17 17 17 49 189 
228 
203 218 
26 237 253 
28 165 203 203 
16 78 78 
63 63 206 206 242 
121 238 238 

16 16 57 78 81 111 154 154 176 201 224 241 


127 144 229 229 229 240 240 
7 130 
20 26 26 166 166 213 213 
251 
194 

5 234 234 
5 221 
58 129 152 
1 1 
145 145 204 
14 47 119 
26 
198 
228 
79 93 

83 83 177 246 
68 68 68 




107 152 152 152 
60 170 206 
55 55 91 238 238 
123 123 
122 122 161 
7 7 
251 
203 251 
54 54 96 187 187 216 216 

104 
97 
71 228 
222 222 

33 
175 

34 34 80 148 202 
14 14 
4 4 4 4 14 
21 21 
26 
5 
149 151 
96 240 
106 106 204 
14 69 152 

25 45 137 153 153 153 
143 
33 33 44 
143 153 
14 14 18 24 31 47 47 48 48 48 104 119 119 119 146 157 157 163 
3 21 21 21 81 81 148 148 148 151 179 179 228 
57 93 93 176 241 241 
206 206 
199 199 199 203 203 
31 152 152 
1 164 

81 81 251 
123 
238 
14 14 152 
1 1 158 232 232 
28 28 88 203 
20 98 98 



120 206 

33 44 
81 81 
60 60 
135 
81 81 93 154 
113 204 204 204 
248 248 
153 153 
14 
5 
9 9 30 196 

21 228 

18 
40 127 127 
44 44 
84 
236 
51 76 76 205 205 
23 
253 
100 255 255 
43 204 245 
26 26 182 239 239 
11 
109 
156 156 156 

93 
32 51 63 63 63 137 
7 7 36 36 40 58 74 74 75 75 81 81 86 88 88 126 156 156 165 251 252 252 
83 83 106 145 177 177 177 195 
75 75 191 191 
18 60 90 90 120 155 155 170 250 

4 14 

70 
33 
222 
98 98 
58 58 
8 
127 127 
233 
7 7 7 86 
33 

5 5 103 
6 33 44 44 132 132 212 
69 69 76 
93 


5 
8 8 21 71 81 81 85 110 131 153 184 
96 96 96 240 240 

26 
164 164 
217 
102 102 

0 0 0 60 76 76 76 190 
26 26 87 253 253 
55 55 91 91 121 121 162 
196 196 
96 96 144 229 229 
93 154 154 
90 


43 58 195 
113 
71 
178 178 
70 70 70 
206 
81 99 125 126 160 203 
58 203 203 
87 193 237 237 
5 5 
194 194 
