Nodes: 256, Edges: 380
60 236 
21 21 105 105 153 153 158 158 

153 
18 18 139 208 
12 12 12 114 114 136 142 227 235 243 254 
222 222 
41 74 86 86 130 130 203 218 218 218 
71 71 71 168 215 228 228 247 
182 
14 
33 33 
5 5 5 
37 
10 18 18 32 47 47 51 51 51 107 138 152 152 163 180 
26 
78 78 89 
84 84 84 
4 4 14 14 51 60 137 152 152 186 206 206 
62 
166 166 166 
1 1 45 52 52 65 65 65 65 140 153 184 184 228 
245 245 
192 192 192 
152 152 225 
148 
15 33 62 67 72 72 82 87 98 122 196 207 237 
153 
88 165 
205 205 
64 182 182 182 196 230 
152 157 
14 
11 11 26 37 77 77 134 150 197 219 222 
137 
53 81 
203 203 
13 33 122 169 185 

134 134 
187 187 203 
7 

195 245 
59 172 188 
21 148 153 153 

14 14 107 152 
58 152 152 
84 
123 159 159 159 
14 14 14 18 63 191 
21 21 
35 
216 
238 

79 154 154 154 
48 104 152 152 203 203 214 252 
44 
0 18 76 120 174 206 206 236 236 
90 206 
19 26 
51 90 137 242 
30 
21 21 21 21 81 224 

26 
114 114 
146 
249 
8 8 8 
26 26 

7 156 156 203 203 
205 217 217 233 
60 191 191 223 223 223 236 
33 33 
16 16 89 89 93 93 95 95 
57 111 111 
137 137 
35 65 148 148 148 153 153 160 173 173 176 203 203 228 228 238 251 
26 
113 
17 17 17 49 127 194 194 
228 228 228 
7 7 203 203 218 
26 115 
28 203 203 
16 78 78 
61 63 206 242 
238 
203 
78 78 154 176 201 201 224 224 241 241 
243 
78 78 
127 144 240 
130 
26 166 166 209 213 
251 
109 
106 
234 234 
221 
58 129 
1 1 
101 145 145 
14 47 152 
244 
100 183 183 198 
228 228 
79 79 

83 177 204 204 246 246 
5 5 68 68 
87 


188 
137 152 152 152 
60 170 206 
238 238 
26 37 210 
50 161 


203 251 251 
84 96 229 229 
228 228 
104 
7 7 97 
228 228 
222 

33 39 39 
175 175 175 
5 
18 34 63 80 80 119 202 
14 
4 
21 

5 
149 149 151 203 203 217 
96 
106 106 204 
69 152 

25 45 81 81 81 153 153 
143 143 220 
33 
143 153 228 
14 14 18 18 24 24 31 47 48 48 58 58 107 119 119 119 146 157 157 
1 1 3 21 27 45 45 81 81 148 148 151 179 228 228 
57 57 57 93 176 241 241 
206 206 206 
74 74 199 199 203 203 
31 152 152 
1 1 
50 50 50 
81 251 
123 
238 238 
14 
232 232 
28 203 
20 20 20 98 98 209 
173 
8 
37 
120 206 206 
205 
44 
81 81 167 
60 206 
135 135 135 196 196 
81 93 154 
113 
248 
153 
14 

9 30 30 30 196 
109 109 
21 21 228 
37 
18 
40 40 
44 118 

236 236 
51 76 76 
23 23 23 
253 
84 84 
43 
26 30 175 175 182 
33 
109 
156 156 
229 
93 93 
137 
7 36 36 40 58 58 74 74 81 81 86 86 88 88 92 126 143 143 156 156 165 251 251 
113 113 145 245 245 
29 29 75 171 
18 18 60 60 61 90 120 155 155 155 170 170 174 
26 
4 
98 166 
122 


98 
58 
8 
54 
75 75 143 233 233 
7 7 7 86 
33 
149 251 251 
103 
6 6 33 132 
76 76 76 
65 93 93 
24 

5 
8 8 21 81 81 85 85 85 110 110 128 128 131 131 151 153 153 184 
127 127 200 240 
30 

164 164 
75 217 217 
102 102 
5 
0 60 60 76 190 190 
26 253 
55 81 91 121 121 162 162 

96 229 
93 93 154 154 
63 90 
5 94 
108 
22 22 43 204 204 
113 113 
8 
178 
70 

81 99 126 126 160 203 203 220 220 
58 
193 237 
5 

