Nodes: 256, Edges: 380
60 
21 21 105 105 153 158 158 164 
153 
81 153 238 238 
18 32 32 139 139 208 
26 50 114 114 114 142 142 196 227 227 234 235 
212 212 222 
41 74 74 86 86 130 203 218 218 226 
71 71 71 71 81 168 247 

14 

227 
37 
10 32 51 51 107 138 138 139 139 146 152 152 163 163 180 208 208 
26 26 
78 78 
66 
4 51 51 51 60 60 90 90 137 152 192 
62 
98 98 166 166 
1 1 45 65 65 140 140 140 153 228 
245 
192 
152 
81 148 153 
5 15 15 33 33 44 44 67 67 72 82 98 98 122 141 141 169 185 196 207 231 237 237 237 
153 
88 165 
205 205 
64 64 175 196 196 230 230 
152 152 157 
4 4 14 202 
26 26 44 46 73 77 134 134 172 211 211 219 222 222 
137 137 
53 
203 
13 169 


187 187 
7 

195 
26 26 33 172 222 222 
21 148 
33 
152 
58 58 152 

5 
14 14 18 18 18 202 202 202 

35 81 
127 127 
121 238 

93 
48 48 104 104 152 152 203 203 214 214 245 

0 18 18 
90 206 
19 
137 202 202 
30 30 
21 21 81 224 
17 
26 26 
114 114 
223 223 223 
249 
8 8 8 8 131 131 247 247 
26 
33 
7 7 156 156 203 
217 217 
191 223 223 223 236 236 236 
33 
16 16 89 93 93 95 95 95 
111 
137 
3 8 25 53 65 93 93 148 153 153 160 162 173 173 176 203 228 238 251 
26 
204 204 
100 189 

7 7 203 218 218 218 
237 237 237 253 253 
28 165 
78 
18 18 61 206 242 242 
121 121 238 

57 78 78 81 81 111 111 176 176 224 224 241 

78 78 78 
127 127 229 
130 130 
20 20 26 26 166 213 213 213 213 
251 
84 
106 
203 203 

58 58 129 152 152 
1 1 
101 145 145 204 204 
14 119 
244 244 244 
127 183 198 
228 
79 93 93 

145 145 145 177 177 204 204 246 
5 5 5 68 68 

203 

188 188 
107 152 152 152 152 
170 206 
55 91 91 
26 210 
161 161 

251 
203 251 
54 54 96 96 109 216 229 229 
228 
104 
7 97 97 
71 71 
222 222 
227 
33 33 


18 34 34 63 80 
14 14 
4 4 14 14 
21 21 21 
26 26 178 
5 5 
165 203 
240 240 
106 106 113 113 113 204 
14 152 152 

25 45 81 153 
203 203 

153 228 
14 14 18 24 31 31 47 48 58 58 104 104 119 119 119 119 146 146 163 223 223 
1 2 3 21 25 27 81 81 148 151 179 228 
241 
206 
74 74 203 
31 
1 1 164 

81 
123 123 
81 238 238 
14 14 152 
1 158 232 
28 88 143 
20 20 98 209 

8 
26 37 
120 206 
205 
33 44 
81 81 
206 
30 196 196 
81 93 93 
113 113 204 204 
141 248 
153 
14 
203 
196 196 
109 

26 

40 40 
118 118 
84 
236 236 
76 
18 23 
253 

43 204 245 245 
5 26 30 30 175 175 182 182 

109 



32 51 51 51 63 63 
7 36 58 58 74 81 86 102 102 116 126 143 149 149 156 181 220 220 251 251 252 
83 83 106 106 113 113 145 177 177 195 245 
29 29 171 
61 90 120 155 170 174 250 
26 
4 14 14 
166 
122 
33 33 
6 6 222 
98 98 98 98 
58 58 

127 
75 75 233 
7 7 86 86 86 
33 
203 203 251 

6 33 33 44 44 132 132 212 
69 69 69 76 76 76 152 152 
65 93 93 

7 
5 5 12 133 
21 81 110 128 151 153 
96 127 127 240 
30 30 
26 
164 
217 
5 
5 
76 76 76 190 190 
26 26 26 87 87 87 253 
3 3 55 81 91 162 162 

144 144 229 
93 154 
90 90 

108 108 108 
22 58 195 195 204 
113 
8 71 71 
178 
70 
206 
81 99 125 126 203 203 220 
203 
87 87 193 237 


