Nodes: 256, Edges: 380
60 236 236 
21 105 153 158 164 
153 153 
81 153 238 
32 139 139 139 139 
12 26 26 38 94 108 136 136 178 196 221 227 235 235 
212 222 
74 86 97 124 124 130 130 203 218 218 
71 71 168 168 215 228 247 
182 
14 
197 
5 
37 
10 18 32 47 51 146 163 163 180 180 208 
26 231 
78 93 93 
84 
14 51 60 60 90 137 152 186 
62 62 
166 166 
1 45 65 65 140 140 153 184 

192 
152 
81 81 
5 5 15 33 33 44 44 62 62 72 72 82 84 87 117 117 122 122 122 141 141 237 237 
153 153 
88 165 
205 205 
64 64 64 175 175 182 230 230 
152 
4 14 
26 26 37 37 44 44 46 73 77 134 150 222 
137 137 
53 81 81 
203 203 
13 33 33 
5 
134 
187 203 


195 195 245 
26 26 33 33 150 172 222 
21 148 153 
33 
14 107 152 
58 152 152 152 

159 159 
14 18 202 

35 
127 127 
121 238 

154 
48 152 152 252 

0 18 18 76 120 152 206 206 236 236 
206 206 
19 19 26 26 
90 137 137 202 242 
30 30 30 
21 21 81 


114 

249 249 
8 8 131 131 228 
26 26 
33 
7 156 156 203 
171 171 203 203 205 233 
60 191 191 191 191 191 223 223 236 236 236 
33 
16 89 89 93 95 95 95 
111 111 

3 25 25 35 35 65 93 148 148 148 153 173 173 203 203 238 251 
26 
113 
17 26 
228 228 
7 203 203 218 
26 115 237 237 253 
28 
78 78 
18 63 206 206 206 242 242 242 
238 
203 
16 16 78 81 111 154 171 176 201 201 241 
5 112 
78 78 78 
127 127 144 240 
7 130 130 
213 213 

194 194 194 
106 
203 
221 
129 
1 
101 145 204 204 204 
47 119 152 
5 244 244 244 244 
127 183 183 198 
228 228 
79 79 93 
94 
83 145 177 204 246 246 
68 227 
87 

26 26 
188 
107 152 
60 170 
55 238 
26 26 26 210 210 
161 
7 7 

203 251 251 
54 54 96 96 109 189 229 
228 228 
104 
7 7 97 97 
71 71 228 
222 222 

33 39 
175 
5 5 
18 34 34 63 63 202 

4 4 4 4 
21 21 
26 26 

151 151 165 203 203 
96 
106 113 204 
14 152 152 

45 81 81 81 153 
203 
33 44 
143 143 228 
18 24 31 47 48 48 48 58 58 60 107 119 146 146 157 157 163 223 223 
1 2 2 3 21 27 27 45 81 148 179 228 
57 93 241 
206 
74 74 199 199 203 203 
152 152 
1 164 164 
50 50 
251 
123 

14 14 152 
1 158 158 232 232 232 232 
28 143 203 
20 20 209 209 
173 173 
8 8 

120 206 206 
75 75 93 
44 
81 81 167 167 176 
206 206 
30 30 135 196 
93 173 
113 204 
5 
153 
14 14 

9 30 196 196 
109 109 
21 

18 
40 
118 
127 

76 76 76 76 76 205 205 
23 
237 253 
100 100 100 255 255 
43 43 245 
5 175 182 182 
11 
109 
156 156 
229 229 
93 93 
51 63 137 
7 36 36 40 74 75 75 81 81 86 86 92 102 126 143 143 149 156 156 165 214 220 251 252 
106 106 106 113 145 177 
29 29 75 191 191 
60 60 61 61 90 90 90 155 170 170 174 174 250 

14 
166 166 
122 122 

6 222 222 222 
98 98 
203 
8 


7 7 86 

203 
5 103 
6 33 44 132 132 212 212 212 
76 76 152 152 



5 114 
8 71 85 85 110 110 128 128 131 151 153 
127 200 200 240 
30 30 
15 
164 164 164 164 
75 

5 5 
0 0 60 60 76 76 76 
26 26 87 87 193 253 253 
3 55 81 91 121 

96 229 
93 154 
63 90 90 90 

108 108 108 108 
43 195 251 
113 113 
8 

70 70 
206 
81 126 126 160 203 245 
58 203 
87 193 237 237 

194 194 
