Nodes: 256, Edges: 380
60 236 236 
105 164 164 
153 
81 153 
14 18 32 139 
114 178 196 221 227 227 243 
212 222 222 
41 86 97 124 130 130 203 203 218 218 
71 81 81 168 168 215 228 247 247 247 

14 
197 
227 

4 10 18 18 51 107 138 208 208 
26 26 231 
78 89 
84 
4 14 14 137 152 192 192 206 
62 
166 
45 52 65 140 153 184 228 

192 

81 148 148 153 
15 15 33 44 62 67 72 87 98 98 108 117 141 141 169 207 231 237 
153 
88 
205 
175 175 175 182 196 
152 152 157 
4 202 
26 73 73 73 197 211 211 
137 
53 53 
203 

42 42 
134 
187 203 
7 
38 38 125 162 
195 195 245 245 245 
26 172 172 188 188 222 
21 148 148 


58 152 

159 159 159 
14 63 191 202 202 
21 
35 35 

238 
227 227 
93 
48 152 203 203 214 245 252 252 

0 76 76 76 120 152 152 174 174 236 236 
206 206 206 
19 26 
51 137 202 242 

21 81 

26 
114 114 114 
146 146 223 223 
249 249 
8 228 247 
26 
33 33 33 
156 203 203 203 
171 203 203 203 205 233 
60 60 60 191 191 223 223 223 236 236 236 

16 89 93 93 93 95 95 
111 

3 8 8 25 65 93 93 148 153 153 160 160 162 173 173 173 203 203 228 251 251 251 

113 204 204 204 
17 100 183 183 
228 228 
7 203 
26 237 237 
28 165 203 
16 78 
206 242 
121 121 121 238 

57 78 78 78 81 81 111 154 154 154 176 201 224 241 
112 
78 78 
127 127 144 229 229 229 240 
7 130 130 
26 26 166 209 209 213 
251 
84 194 
106 

221 
129 129 152 
1 
101 145 145 
14 119 
26 
183 
228 228 
79 93 
94 
83 145 204 
5 68 68 68 

203 
26 

107 152 152 152 152 
60 170 170 206 
91 91 91 238 238 238 238 

161 
7 
42 251 251 
251 251 251 
96 96 229 229 
228 
104 104 
7 7 97 97 
228 228 
222 222 
227 
39 
175 175 

18 34 63 202 
14 
4 
21 
26 26 
159 
151 203 217 
96 240 
106 106 113 204 
69 69 152 152 

25 25 45 45 81 153 
203 

143 153 153 
18 31 31 48 58 60 60 104 119 119 119 119 146 146 163 163 
2 3 21 25 27 81 81 148 151 151 179 179 179 228 
93 93 93 241 

74 199 203 203 
31 
164 164 
50 50 50 142 
81 81 251 251 
123 
42 81 238 238 
152 152 
1 1 158 158 232 
88 203 
20 98 209 
173 173 
8 8 
26 
120 120 206 206 206 206 206 
75 
44 44 
81 81 81 167 167 176 176 
60 60 206 
30 30 30 135 135 196 
93 173 173 

5 248 
153 153 153 


30 196 196 
84 84 109 
21 228 228 


40 
44 44 

236 
51 76 76 205 
18 18 23 
237 237 253 
100 255 255 255 
43 43 204 
5 30 175 182 182 239 
11 33 

156 
229 229 
93 
32 51 51 63 137 
7 7 36 40 58 58 74 74 74 75 75 75 81 81 86 88 116 143 149 156 156 165 220 251 252 
83 83 83 113 145 195 
29 75 191 
18 61 61 61 90 120 170 170 170 170 170 174 250 250 
26 
14 14 
98 98 166 

33 33 
6 222 222 
98 
58 
8 

143 
7 7 

203 251 
5 103 
6 6 44 132 132 212 212 
69 69 76 76 76 
93 


5 5 12 56 56 133 
8 21 71 81 85 85 110 110 128 131 131 153 184 184 
96 96 96 127 127 200 200 240 240 

15 26 
164 
75 


0 0 60 60 76 76 76 190 
26 87 87 193 193 
55 91 121 121 121 121 162 162 
196 
96 144 229 229 
93 154 
63 90 
5 

43 43 43 58 

8 8 8 71 
178 
70 70 
206 206 
81 81 81 99 125 125 126 126 126 160 160 203 220 
58 58 203 
193 

194 194 194 
