Nodes: 512, Edges: 720
46 46 395 395 395 
225 225 
111 183 189 189 189 
271 271 493 493 

48 50 88 184 184 184 225 255 255 354 354 400 475 504 508 508 
404 
233 271 
224 313 350 
271 
476 476 
264 
184 184 202 
76 76 
135 
182 444 444 
184 
390 390 455 

104 104 104 
428 428 
31 
108 108 108 115 331 331 331 414 461 461 
171 290 
76 
452 452 452 
158 408 408 408 
76 346 346 
63 63 183 183 189 

180 222 483 
21 172 172 184 315 315 486 486 486 489 
184 
67 67 192 192 192 

210 309 309 413 
106 
324 324 324 
89 
62 62 163 166 219 267 302 330 405 
236 236 249 249 
85 137 156 156 184 324 354 457 
323 


439 
0 0 64 301 301 301 
346 
5 
236 236 
5 400 

184 345 345 

76 299 501 
195 195 236 
191 191 236 446 474 474 487 

397 397 397 
444 
104 
81 
39 39 241 330 369 369 430 
28 28 383 
46 
413 416 416 416 

33 33 
371 371 
236 236 252 
184 184 246 
330 
358 466 
94 
413 
383 383 
13 13 24 27 54 78 107 109 109 162 184 186 196 196 199 207 228 292 299 328 346 353 354 361 423 440 456 501 501 509 
119 119 196 196 413 
76 

314 
61 82 261 261 261 329 389 495 
81 121 143 143 143 329 
236 236 
85 
41 84 312 
386 
306 408 408 
5 
38 128 358 466 
358 
189 
404 404 413 413 
236 236 236 
73 315 315 
418 418 

290 
441 441 

476 496 496 
140 471 
117 117 136 216 
379 
19 19 19 60 138 236 507 
106 184 184 190 
36 105 
76 
22 22 22 
76 76 199 199 
176 176 247 401 
2 
184 

181 181 360 
22 
415 415 
102 102 135 136 184 
364 
77 77 122 413 413 
486 
82 
119 222 


136 136 
185 
480 
89 
236 
389 389 
240 240 454 
168 
381 381 
380 502 
14 117 
102 117 125 125 
41 184 
104 

101 
413 466 466 466 

82 82 82 217 


379 
236 
191 
250 

354 
292 364 384 384 384 384 
325 
374 374 
413 
41 41 
233 233 276 
26 194 271 
188 205 227 257 305 330 330 402 402 428 433 469 469 477 510 511 511 

413 439 439 
76 322 
39 
300 300 300 
329 
39 

132 413 413 
233 296 296 
471 
23 290 290 
31 31 

335 376 413 
407 
110 110 247 
269 
183 183 
287 287 287 
30 222 
114 114 
15 340 363 404 404 413 413 413 444 444 499 
2 28 28 178 178 
5 5 5 12 12 16 31 32 41 52 70 70 76 105 105 112 117 137 213 213 236 246 258 279 284 284 289 291 307 307 315 315 338 354 354 366 396 426 426 456 465 465 484 484 484 
126 491 
76 245 245 440 440 
413 413 
159 477 510 
2 2 2 28 91 
105 
56 56 148 236 285 285 304 304 446 
33 33 33 
479 479 
158 
55 55 236 236 471 
76 76 77 77 200 200 290 290 350 350 373 373 413 422 422 

386 386 
76 109 109 207 
196 196 
236 
12 355 
271 

159 
405 405 
76 199 337 337 478 

328 
35 
460 
310 
184 184 
314 

102 
143 
271 271 442 442 442 
39 232 274 274 402 402 454 
413 

30 122 180 314 376 413 413 483 
329 329 
8 313 350 
1 1 5 259 259 377 377 393 441 458 458 
292 
159 305 
76 245 245 
509 509 
236 236 275 303 415 

219 454 
7 157 157 169 271 271 374 374 505 

487 
40 40 49 49 55 56 69 69 83 83 93 93 93 104 129 147 184 191 195 195 201 230 230 237 267 267 275 275 344 344 351 415 415 432 438 460 460 487 
236 
505 
342 342 405 
131 131 
62 

311 311 413 424 424 494 
325 325 358 
186 186 228 228 
70 184 
110 176 
408 
40 40 
149 417 
413 413 
69 
330 330 
277 277 283 415 415 
5 5 443 443 443 
391 
159 392 
184 409 
225 225 
426 
81 81 81 329 
364 364 410 

11 334 


39 236 236 

177 415 

3 3 7 9 158 203 218 218 233 233 282 287 287 297 297 327 339 374 401 401 401 408 408 412 412 453 453 502 

354 472 475 
219 219 
230 236 236 
157 
254 254 

184 431 431 
449 449 467 
298 347 421 
271 427 
254 303 344 344 344 415 
184 184 
191 191 

179 179 179 271 271 

184 
23 97 171 171 196 196 
184 426 426 
76 152 226 364 410 410 

408 408 

169 169 425 425 
271 271 408 
281 
54 76 
164 164 164 
46 46 46 
39 485 485 
230 283 
191 191 
159 227 
87 370 370 408 
184 184 465 465 
467 
35 35 
212 
243 243 
85 348 348 
8 224 
80 214 222 317 319 384 384 398 398 413 418 429 449 455 481 481 
31 31 94 94 184 184 336 336 486 
444 444 
314 398 413 413 

314 354 

323 
162 
42 321 
37 37 37 41 
153 244 244 503 503 

271 
76 209 
81 82 165 223 223 261 
39 62 71 159 159 253 253 369 428 
22 22 22 
407 413 
413 
264 385 413 
174 413 
315 315 
207 207 
184 
271 381 381 427 452 464 
182 

239 239 

236 236 283 283 283 
52 52 
27 27 47 76 459 
281 421 421 506 506 506 
312 312 
481 
8 196 196 224 
236 
402 
76 456 
5 5 41 76 151 184 184 273 319 450 490 
202 

367 431 431 431 496 
72 89 90 244 413 503 503 

114 
76 
413 
182 499 499 
118 152 262 262 292 

184 
357 496 

62 62 330 
306 306 
68 68 

196 196 
154 154 233 233 271 408 417 417 442 

174 222 
225 225 458 

103 146 
134 
133 133 339 339 395 
413 413 
63 75 75 415 432 463 
152 152 152 152 314 314 
334 
86 198 198 


81 130 130 497 
17 17 
256 
257 
225 

0 0 0 381 
184 
58 58 58 
314 314 317 

5 50 
110 271 271 271 
159 159 219 219 352 
427 
6 92 92 182 182 
39 206 206 239 

175 332 
26 26 26 87 87 248 271 271 294 294 297 306 374 437 
258 
262 292 292 

271 271 
35 65 74 77 92 92 119 119 141 155 161 168 168 174 182 182 182 187 187 196 220 222 222 243 251 251 314 317 317 332 333 334 335 358 362 382 382 439 439 448 455 494 
22 
116 116 230 236 236 254 254 269 283 383 432 463 
65 65 65 
250 374 374 
95 95 314 

441 
281 347 347 
196 196 
76 
243 243 
296 296 
184 184 260 291 291 
282 339 403 
20 20 159 330 
314 
62 
279 279 357 357 357 496 
236 383 415 
159 



408 
236 
45 161 161 413 413 
76 186 186 
98 98 225 420 
218 218 218 374 
255 255 255 
15 15 59 182 182 316 316 

56 191 

413 
280 280 314 467 467 467 
354 462 

25 25 25 339 464 
271 271 
131 219 232 
17 314 413 
76 184 353 491 491 
41 
225 225 377 
346 
211 236 236 
22 22 497 
450 
383 415 
339 452 
184 184 307 307 
72 89 141 141 141 
280 308 449 449 449 

159 159 

101 170 195 
273 

56 56 
5 273 
10 10 100 496 496 
159 188 
207 
193 193 
127 
314 314 349 

30 222 
184 184 184 
302 302 
31 31 31 120 315 489 
56 235 236 

31 486 
354 
185 456 456 

3 3 
243 413 
81 
100 100 357 367 431 476 476 
389 461 

182 363 363 

54 76 76 
134 271 
325 325 358 358 
5 
233 238 
347 347 347 
104 
5 5 
76 229 229 
159 188 
159 159 
