Nodes: 512, Edges: 720
46 46 46 395 395 
225 441 
111 
493 

34 48 48 50 184 198 225 225 255 354 400 400 441 441 475 504 504 508 
404 
233 271 
196 224 313 350 

476 

184 202 

117 184 

184 184 184 
390 

104 
428 
31 31 
108 108 331 331 414 497 
171 290 
76 76 
452 452 452 
408 
76 346 
63 63 63 111 178 
474 
483 
21 21 172 184 315 315 354 354 486 486 489 
184 184 
67 67 67 192 
5 
210 222 222 
106 
406 415 
89 89 89 89 
62 62 159 163 219 231 241 267 302 330 485 
192 236 249 249 
151 156 160 184 324 324 354 445 445 450 450 457 
321 323 
193 


0 0 0 64 64 301 301 339 381 395 395 
346 346 
5 5 
236 
5 400 

184 345 
393 
76 299 
195 195 
236 236 304 474 
415 
294 294 294 397 
444 
104 236 

39 39 241 241 330 369 
28 28 28 
46 46 
193 413 
141 
33 33 33 192 192 281 281 347 
169 287 296 
344 344 
184 184 246 246 258 258 
330 330 
466 466 
94 94 315 
413 413 
383 
24 24 27 54 78 107 109 162 162 184 186 196 199 228 242 292 299 299 314 322 346 346 353 354 360 361 413 413 501 501 509 509 
119 196 196 
76 

314 314 418 
82 82 261 289 329 359 389 389 394 495 
81 81 121 121 121 143 329 
236 237 
85 85 348 
84 84 160 160 
198 198 198 
306 408 408 

38 38 38 38 358 
358 

182 404 413 413 413 
236 
73 73 315 
418 418 
314 
171 290 
420 441 

476 476 496 
140 195 471 
117 117 216 216 

19 60 138 236 237 507 507 
106 
36 105 190 372 372 
76 
22 22 115 
76 199 
176 401 401 
2 28 182 182 
184 

181 367 
108 
184 415 
14 102 102 125 135 136 136 136 184 184 

77 413 
486 486 489 
82 82 82 143 
222 222 
468 468 
387 454 
117 136 

480 480 
413 448 448 


240 
168 168 
381 
502 
117 
117 117 117 125 
184 184 
104 164 236 236 236 
381 
101 320 378 378 
66 358 466 466 
389 
82 121 
282 
339 339 339 
379 
236 236 
191 304 

306 306 306 
41 354 
292 384 


413 413 413 
41 450 450 
233 276 276 
194 194 271 
39 188 188 205 231 257 305 330 402 402 428 469 477 510 
41 85 85 312 
439 
76 76 
39 
138 
317 
477 477 
413 
132 132 
68 233 296 

23 97 290 
31 
344 
222 222 413 
413 413 
110 247 
415 415 
28 183 
287 
222 
114 
92 111 111 220 220 363 404 413 432 444 499 
178 
5 12 14 16 16 16 31 32 32 41 52 70 70 76 112 116 117 117 137 137 199 236 236 246 258 258 267 279 284 284 307 315 324 338 338 345 354 354 366 366 409 415 426 426 451 451 456 465 484 488 490 
491 
76 245 440 
413 
159 159 477 510 

106 372 
148 236 236 236 304 
33 40 67 67 236 
43 65 286 362 413 479 
158 158 
55 55 101 267 471 
8 76 77 77 200 200 422 
496 
5 86 86 86 386 
76 109 184 
196 196 

12 355 355 
271 
267 267 
159 

478 

328 328 
35 
460 460 460 
310 

215 215 314 314 
214 214 314 
102 102 

442 
39 232 274 454 
182 182 

35 35 122 122 174 174 180 341 413 
329 
8 313 313 
1 5 5 393 441 
292 
305 343 477 477 477 
76 245 245 
295 
275 
39 159 
219 454 454 
7 157 169 271 271 296 310 374 375 505 505 505 
503 

40 49 56 56 60 83 93 104 138 138 138 147 147 184 184 191 191 191 192 237 237 275 275 283 344 344 344 356 356 415 438 460 
83 104 236 236 
505 505 
342 342 
131 476 496 496 
39 62 62 
76 
413 424 494 
325 
186 228 228 
70 70 184 
176 288 288 401 
408 408 
40 40 
374 417 417 442 
286 413 

330 
277 415 
5 443 443 443 
354 354 391 
159 
70 70 184 184 


81 
364 489 

334 334 334 


39 184 195 204 204 268 268 
267 267 
415 415 

7 158 203 233 233 282 287 297 327 327 339 374 401 401 401 408 412 427 442 453 453 453 502 

354 
219 
230 236 236 
157 157 
254 415 

184 431 
449 467 
67 67 298 347 347 421 421 
144 271 427 427 
236 303 303 415 415 
184 184 

193 251 413 
68 179 271 
247 247 
81 
23 97 171 
426 
76 152 226 364 364 410 
408 
58 58 58 397 397 
229 
68 169 233 
271 
281 
54 76 76 413 

46 46 
39 485 
283 283 
56 148 191 
159 227 
87 150 150 150 370 370 408 
184 354 396 396 
467 

212 233 

160 348 
8 224 224 
76 80 80 96 214 214 215 317 317 349 349 354 384 418 429 434 449 455 455 481 481 
31 31 73 94 184 336 336 486 486 
444 444 
165 314 314 398 413 
413 

140 
42 323 
76 
42 321 359 
41 41 184 
244 

271 271 
209 209 
81 82 223 
39 62 71 71 159 253 369 369 428 428 
22 22 
407 413 413 

264 264 264 385 385 385 385 413 

315 315 486 

184 184 415 
46 145 145 145 271 408 427 427 452 464 470 

222 
239 239 
227 
69 69 173 236 236 236 447 447 
52 184 
27 47 47 76 76 459 459 
67 281 281 
84 312 
314 314 481 481 481 
8 

402 402 
76 456 
5 31 31 41 76 151 184 184 256 256 273 307 314 411 411 450 462 462 490 508 
202 202 
236 236 
367 431 
89 90 141 413 
81 323 
76 
76 
193 
182 
262 292 292 410 
415 
184 184 
114 357 
401 
62 330 330 
306 306 

106 106 190 

233 250 271 408 442 
233 

458 
140 140 
146 

46 133 139 395 395 408 

75 415 415 463 463 
152 314 
334 334 334 334 
198 
124 

81 81 142 497 
17 
256 

53 225 
81 495 
0 0 46 46 381 381 
307 307 
58 294 294 
317 

5 5 50 
110 110 247 271 271 271 368 
159 159 352 352 
427 427 
6 92 182 

37 
332 413 
26 87 87 248 248 271 293 306 339 374 381 412 437 470 
184 
292 364 
354 354 
271 408 
65 74 74 76 76 92 92 92 119 128 155 155 155 167 174 175 175 182 187 193 222 243 251 286 299 317 318 332 332 334 358 407 439 448 455 
22 
37 57 116 177 177 184 236 254 269 269 277 283 283 338 365 383 383 432 463 

250 250 
80 95 95 314 

98 441 441 441 
281 281 
196 

243 

184 184 291 
271 282 282 339 339 403 403 
20 159 330 330 
314 

279 357 496 
182 415 

314 
449 

408 
236 
161 413 
186 
1 5 5 98 225 420 420 420 
218 250 271 374 468 
255 255 255 
59 182 316 316 
41 41 

344 344 
128 128 413 
280 314 435 
41 41 156 156 354 
184 184 
25 25 25 339 
271 271 271 
124 219 232 232 
314 314 413 
184 353 491 
41 
377 
346 346 
211 211 211 236 

354 354 
383 383 415 
339 
184 
72 72 141 141 
280 308 
123 123 442 
159 
339 408 
101 195 


29 56 487 
5 
10 100 100 240 496 496 
159 166 166 188 227 227 227 
207 
193 
127 127 
314 314 349 349 349 

30 
184 
39 302 
31 31 120 120 315 315 336 489 
474 
184 
31 120 262 486 
184 354 
185 456 

3 
243 
81 394 
100 197 240 240 431 476 476 
22 389 

182 

76 76 
134 271 
234 
5 5 
233 233 233 238 238 

104 104 
5 354 
76 76 
159 188 

