Nodes: 512, Edges: 720
46 46 64 395 395 395 

91 183 189 

454 
18 50 88 184 225 255 255 273 279 400 441 504 
404 404 
233 233 271 
224 313 313 350 


264 264 
184 184 184 202 202 355 

184 
182 327 444 

390 455 455 
5 277 277 277 
104 


108 115 331 331 461 
171 171 

452 452 

76 76 76 
63 63 178 183 183 189 
474 
180 222 222 222 
184 486 489 489 
184 
67 

210 222 309 413 413 

415 415 
89 
163 166 231 231 241 302 405 485 
236 236 249 
85 137 137 151 151 156 399 450 450 457 457 
321 321 


76 413 
0 0 301 339 339 
346 346 346 

236 236 
5 400 
490 490 490 
345 
225 393 
299 501 
236 236 
236 236 304 304 446 474 
415 415 
294 397 

104 104 
359 
241 330 430 
28 28 463 
0 381 
193 
141 141 
33 192 281 
169 169 371 
236 252 344 
184 184 258 

358 358 
94 315 
413 
463 
27 27 27 45 78 109 184 199 208 228 229 229 242 245 292 314 322 322 328 346 353 354 354 361 413 413 440 440 456 456 501 509 
119 196 413 
76 
236 236 
314 418 
82 184 261 261 289 329 329 359 389 389 394 394 495 
81 142 143 329 389 389 
237 237 
85 312 348 
41 84 160 312 312 
198 198 386 386 508 
408 
5 504 
38 128 128 466 466 466 

2 
182 182 404 404 
236 
73 315 315 



420 

197 496 
140 
117 136 493 
379 425 
19 60 60 138 236 237 507 
106 184 184 190 190 
105 

22 115 115 414 
76 199 
247 401 401 401 
182 


181 181 367 
22 108 108 
415 
102 125 135 136 
364 364 
77 222 222 413 
486 489 
143 143 
222 
468 468 
454 
117 136 136 170 
491 491 
480 
89 89 
415 415 
389 
240 454 454 
168 168 

380 502 502 
117 
102 117 125 125 
41 41 
104 164 236 236 236 
381 381 
101 378 378 
66 66 413 466 466 466 466 
82 389 
82 121 121 217 

339 

236 
304 
250 250 
248 306 306 408 
41 41 
292 292 364 
325 
374 
413 
41 
233 276 
271 271 408 
188 205 227 305 305 330 330 392 402 469 477 511 
85 498 
413 413 439 
322 322 
39 
138 300 
329 
39 477 
413 
132 132 413 
68 68 233 296 
125 
23 23 290 290 290 

344 344 
222 335 376 376 413 413 
413 
247 247 
269 283 300 415 415 
28 183 
287 287 
30 
114 114 
15 92 92 111 220 220 340 413 413 444 499 499 
2 28 28 178 
5 12 12 12 14 31 32 70 70 76 81 105 105 199 213 213 213 246 258 291 307 307 315 324 345 354 354 355 366 396 409 409 409 409 426 451 488 490 490 
491 
245 245 245 440 
413 
159 477 510 
2 28 
105 105 
236 236 236 
67 236 281 
65 358 362 362 413 479 

236 471 
77 290 290 290 373 413 422 
100 496 496 
86 86 386 386 
76 109 184 207 

236 
12 12 355 
271 271 

159 
405 
199 337 337 
76 

35 
460 
233 233 
184 184 184 
215 215 314 314 
214 214 314 314 467 

143 
271 442 442 
274 402 
182 182 

30 30 30 35 119 119 122 174 314 413 483 
329 
8 313 313 350 
5 53 377 393 419 419 441 458 458 

159 305 392 
76 245 361 
76 76 295 509 509 
415 415 
39 39 
454 
7 7 157 169 212 212 238 271 296 310 374 505 505 505 
503 

40 40 49 49 55 55 56 56 69 79 79 93 104 138 138 138 147 191 191 191 192 195 201 275 275 283 344 344 351 415 438 460 460 487 
83 83 104 
233 505 505 505 
342 405 
131 476 476 496 496 
39 62 
76 
311 
325 358 358 
76 186 186 186 228 
184 
110 176 176 288 288 401 401 
150 
40 
149 149 442 
286 413 
69 

277 415 415 
5 5 443 443 443 
273 
392 
70 184 409 

426 
81 81 329 
410 410 410 

11 11 
496 
271 271 
356 471 

177 415 

7 158 158 203 203 218 233 266 266 282 282 287 287 297 374 375 375 391 408 412 412 427 442 442 453 453 502 502 

5 256 472 475 
219 
236 236 
157 
18 18 18 254 415 

5 
308 449 
67 192 347 421 
271 271 427 
177 236 303 344 344 415 


251 
179 179 271 271 
247 247 
81 
171 171 171 196 196 196 480 
184 426 426 
76 152 152 364 
408 
58 397 
229 
169 233 
271 
347 
54 413 413 
164 177 
46 464 
39 485 
283 415 
56 56 148 
159 159 227 482 482 
150 150 370 370 370 408 408 
184 184 396 396 465 465 
280 467 467 
35 
233 
243 
84 85 85 348 348 348 348 
8 8 224 224 
76 80 214 214 215 215 222 317 319 349 349 384 398 398 413 418 429 429 429 434 467 481 
73 94 94 184 486 
444 
314 398 
413 
314 354 354 

42 42 323 
76 76 162 162 
321 
184 
153 244 358 503 503 
358 
15 
76 
81 81 82 165 223 261 
62 159 159 369 428 
22 22 
407 413 

413 
174 413 413 
486 486 
207 207 
415 
46 46 145 381 427 452 
182 

239 

69 173 173 236 236 283 283 
52 184 
47 47 47 76 459 459 
281 298 421 
84 312 312 312 312 
314 314 
8 224 
236 
402 
76 456 456 
76 76 184 184 319 319 411 490 
12 184 202 
267 
496 
72 72 193 244 244 325 326 413 466 503 503 
61 81 

76 228 
193 193 413 413 
499 499 
118 118 152 292 
415 
184 
114 496 
401 
330 
306 306 306 
68 

196 
154 233 271 408 417 
271 271 
174 174 
225 
140 140 
103 
134 
64 139 139 339 395 
413 
463 
314 
413 
86 86 198 198 


81 81 82 82 130 142 497 497 
17 
271 
159 227 257 
53 225 
81 81 495 
0 0 0 381 
184 307 307 
58 294 
314 314 317 
41 492 492 
5 50 
110 110 110 247 247 368 
159 219 352 
427 427 
6 6 92 92 
39 206 239 

332 
87 150 158 271 293 306 306 374 412 
184 184 184 184 258 
262 262 262 
354 
271 271 408 
35 35 45 74 76 76 77 119 141 155 161 161 167 168 174 174 175 182 182 187 193 196 222 251 299 299 314 318 332 334 335 335 358 362 362 382 385 439 494 494 500 
108 
37 37 57 57 116 129 129 177 177 230 230 236 254 254 269 277 283 303 338 365 463 

374 
80 314 
225 225 
98 441 
281 347 
196 


103 
184 260 291 291 
271 282 339 403 403 
330 
314 314 314 
62 



314 
449 449 


236 
161 413 
76 76 186 
5 225 420 
218 218 250 271 271 468 468 
255 255 255 
15 182 316 

56 


280 435 435 467 467 467 
41 41 462 462 
184 
25 25 339 464 
271 271 
4 124 131 131 232 
17 17 
76 76 353 353 491 
41 41 
225 225 
346 346 
211 236 236 
22 497 
450 450 
63 75 383 415 
301 452 
307 307 
89 89 89 141 141 141 141 358 
215 308 308 314 449 449 449 
123 123 442 442 
159 

195 267 
273 475 

29 56 
273 472 
240 240 496 
159 166 188 

193 
127 290 
314 
305 305 
222 

39 302 
31 120 315 336 336 
236 
184 
31 31 120 
51 51 51 184 184 354 
126 126 185 456 
399 399 
102 
413 413 
81 394 
100 197 197 240 240 265 357 367 476 
389 389 461 
160 
182 182 363 363 
413 
54 76 
134 134 271 271 
234 325 325 358 358 
5 88 
233 233 233 238 238 238 

104 
86 
76 229 229 
188 
159 
