Nodes: 512, Edges: 720
46 395 395 
225 225 441 441 
91 189 189 
271 493 
454 454 
48 48 50 88 88 88 184 184 255 354 354 400 441 441 504 508 

233 271 271 
196 350 
271 

264 264 
202 202 355 
76 
117 
182 444 
184 
390 390 
277 
104 

31 31 
108 115 115 414 461 497 
171 171 290 
76 
452 452 
408 
76 346 346 346 
63 178 178 183 
474 
180 222 483 
21 21 172 172 184 184 354 486 

67 

210 210 222 222 413 
106 106 
415 
89 358 
62 62 163 163 163 166 231 267 330 402 405 477 
236 236 249 
85 85 160 354 354 457 457 
321 


413 439 439 
0 64 339 339 381 395 
346 346 
5 5 
236 
5 400 
490 490 
184 345 
393 
76 76 501 
195 195 236 
104 191 304 474 474 

294 397 397 

104 
81 81 359 
39 39 241 330 330 430 430 
28 383 
46 
193 

33 192 281 
287 296 296 296 371 371 
236 236 344 
246 258 

358 358 466 
94 315 
413 
463 463 
13 24 27 54 54 78 78 107 107 109 162 184 184 186 186 196 196 199 242 242 245 245 292 314 314 322 328 346 353 353 354 354 360 361 413 413 413 423 423 440 478 501 509 509 
196 
76 76 

418 
61 61 82 82 82 113 184 261 329 329 389 389 394 495 495 495 
81 81 81 142 143 143 389 389 
236 
312 312 
41 41 160 312 
386 508 
408 
5 5 5 
38 466 466 
358 
2 
182 404 413 
236 236 
73 315 315 315 
418 418 418 
317 
171 290 

450 
197 197 197 476 496 
195 195 471 471 
117 136 136 
146 379 379 425 
19 56 60 138 236 236 237 507 
184 190 
36 36 190 
76 76 
22 414 414 
76 199 
176 247 
182 
184 184 
81 
181 181 367 367 
22 22 389 
415 
14 102 125 125 135 136 236 236 
364 
122 122 222 


119 119 
468 
454 454 454 
117 117 136 170 
185 491 491 

413 413 448 
236 

240 454 
168 168 168 
381 
502 502 
117 
102 102 117 125 
184 184 
104 164 164 236 
381 
320 320 378 378 
413 
82 389 
82 82 

339 
103 379 
236 236 
191 304 
250 
248 306 306 
354 
384 
325 



233 276 
194 194 271 271 408 
188 205 205 231 231 305 305 330 330 392 428 428 510 510 511 
41 85 312 312 
413 439 
76 322 
39 39 39 
138 138 300 
317 317 
39 477 
220 413 413 
132 132 132 413 

125 
23 23 97 
31 31 

335 335 

110 247 
269 283 300 415 
28 28 
287 287 
30 222 
114 114 
15 92 111 340 340 404 413 444 444 
28 
5 5 16 31 31 52 76 76 81 105 112 112 137 137 199 213 221 246 246 279 284 289 289 291 324 345 345 354 366 396 409 409 426 426 451 451 465 484 488 490 
126 
76 76 245 245 

159 510 
2 2 
105 106 372 
56 148 446 
67 236 281 
65 358 362 413 479 479 500 
158 158 
55 55 101 101 267 
8 76 76 77 200 200 290 350 350 350 373 413 413 422 
100 100 100 496 496 496 
386 
76 109 184 
196 196 
236 
12 12 355 
271 
268 
159 159 
405 405 
337 478 


35 35 
460 
310 310 
184 

314 314 467 


442 442 
402 402 454 
167 
184 
30 35 35 119 180 268 314 314 314 341 376 376 413 483 483 483 
329 329 
313 350 
1 1 377 393 393 419 458 458 458 
292 
305 305 305 305 343 477 477 
245 361 
295 509 
275 275 303 415 
39 159 159 
454 454 
7 157 238 271 271 310 310 375 375 375 


40 40 49 55 69 69 83 93 93 104 104 117 117 129 138 147 147 192 201 267 278 283 344 351 356 356 356 415 438 438 487 
104 
233 

131 476 496 
62 
76 76 478 
311 311 311 413 424 494 
358 358 
76 76 186 186 228 
70 184 184 
110 176 288 
150 293 408 
40 
149 374 417 442 
270 

330 
277 
5 443 443 
273 354 
392 
70 


81 
364 364 
315 
11 11 334 334 


39 195 236 471 
204 222 
177 
251 
3 7 7 9 158 158 203 233 233 282 287 297 339 374 374 408 408 408 427 442 

256 472 475 475 

230 230 
157 
18 254 
236 
184 
308 449 
67 192 347 
271 427 
177 236 303 303 344 344 415 415 
184 

413 
68 179 179 271 
247 
184 184 
23 97 196 480 480 480 
184 426 
76 226 364 410 
248 
58 399 408 408 
229 
68 68 68 
271 

413 413 
164 177 
464 

230 283 283 415 
56 148 
159 159 227 227 227 227 
150 150 408 408 408 
465 
280 

212 212 233 233 
243 243 243 
84 84 85 160 160 348 
224 
76 76 215 215 222 222 222 349 354 384 398 398 418 429 429 449 449 455 455 455 467 
73 94 94 94 263 336 486 486 
444 
96 165 165 398 413 


140 140 
42 
76 162 
359 
184 
153 358 503 
358 358 

76 
81 81 223 223 
39 62 62 159 159 253 369 369 

407 
413 413 
264 264 413 
174 174 
315 
207 
415 
46 46 145 271 381 381 452 464 470 
182 182 
222 

227 
69 236 283 283 
52 184 184 
27 27 27 47 47 76 459 
281 506 506 506 
312 
314 481 481 
8 196 196 196 224 
236 432 

76 76 456 
5 5 31 41 41 76 76 151 184 256 314 411 462 462 462 490 490 490 
12 202 
236 236 236 
496 
38 72 72 90 193 244 244 325 326 326 503 
61 323 
76 
76 228 
193 
499 499 
118 262 262 292 410 

184 
114 114 496 
401 401 
330 330 

68 68 
190 
196 
250 271 271 408 417 417 442 
233 233 233 
222 222 
225 
140 140 
103 103 146 

46 133 139 339 339 395 
413 
63 463 
152 314 449 
413 413 
86 198 

487 
81 81 82 82 115 142 
17 17 

159 257 
53 225 225 
81 495 
0 0 46 381 
184 
58 58 
314 314 317 
294 492 
5 50 
368 368 
39 219 219 405 
427 
92 182 
39 206 206 402 

332 413 413 
26 87 158 248 271 271 271 294 294 306 306 306 374 412 470 
184 184 
292 364 
354 
408 
35 45 74 76 76 76 92 128 128 141 161 167 167 168 182 193 196 196 222 243 286 299 299 317 333 333 334 382 385 385 407 407 439 448 448 494 
22 108 108 
37 116 177 230 236 283 283 303 338 

250 374 374 
80 95 95 95 314 
225 
441 441 

196 
76 76 
243 
103 
184 184 291 
271 282 403 
159 159 
314 314 
62 62 
496 
351 460 


449 449 
497 

236 236 
45 45 161 413 
76 
1 1 5 5 420 420 
218 218 250 271 374 468 
255 255 
15 182 182 316 

191 

128 413 413 
280 314 314 384 435 435 467 467 
99 
184 184 
25 25 339 464 464 

4 4 124 124 124 131 219 232 232 
314 314 314 
353 491 491 
41 41 
225 225 225 
346 
211 432 
22 497 497 
354 354 354 
75 75 383 
301 339 452 452 
184 307 
72 89 89 
215 314 449 449 
123 442 

339 408 
101 101 267 
273 

29 56 56 487 
273 273 
100 240 496 496 
39 166 227 227 
76 207 242 
193 193 
290 290 290 
349 349 

30 222 222 222 
184 

31 315 315 
236 388 474 
184 

51 51 184 354 354 354 
126 126 456 456 
399 
3 
243 413 
81 81 81 394 
100 197 197 197 240 357 367 431 476 476 
22 436 461 461 

363 363 
193 
54 76 
134 134 
325 358 
5 

347 347 347 
104 
5 86 
76 76 229 
159 159 188 
159 
