Nodes: 512, Edges: 720
46 46 46 64 395 
225 
91 91 111 189 

454 454 
18 18 48 50 88 88 88 184 184 225 255 273 273 279 354 400 441 441 441 
404 
233 271 271 
196 196 224 224 224 313 350 
271 
476 
264 
184 202 355 

117 117 
182 327 444 
184 
390 455 
5 5 277 
104 
428 428 
31 31 
108 108 115 331 414 461 
171 290 290 
76 
452 
158 158 158 408 
76 346 
63 63 183 

180 483 
21 21 172 184 184 315 486 489 
184 
67 192 

222 222 413 
106 106 
406 415 
89 89 358 
62 159 166 166 219 231 241 302 302 402 485 
192 236 236 
44 137 137 151 151 160 184 184 354 354 445 445 457 457 
321 321 
193 193 
41 
413 413 413 439 
0 0 0 301 301 381 
346 346 
5 
236 236 
5 400 

345 

76 501 
195 
236 446 487 
415 
294 397 
444 444 
104 
81 81 359 
39 241 241 430 430 
28 28 463 
0 381 
193 416 
141 
33 192 281 281 
287 296 296 371 371 
236 236 252 344 344 
246 
330 
325 358 
94 315 
413 
383 383 463 463 
24 27 54 109 109 162 162 199 207 207 208 208 242 299 322 322 346 353 413 423 440 501 
119 119 196 

236 236 236 
314 
61 61 82 82 113 184 184 261 289 329 394 394 
81 81 121 142 143 329 389 389 
236 237 237 237 
312 348 
160 160 312 312 
386 

5 5 5 504 
38 38 128 466 

2 2 
182 404 404 413 
236 
73 315 315 
418 418 418 

290 290 290 
441 

197 476 
195 471 

425 
19 60 236 237 507 507 507 
106 106 106 184 190 
36 36 105 105 105 190 

22 22 115 
76 76 199 
176 247 401 
2 182 

81 
181 360 367 367 
22 108 389 

14 14 135 136 184 
364 
77 77 222 
486 486 
82 

468 
387 387 454 454 

185 491 
480 480 
89 448 448 

389 
454 
168 
381 
380 380 502 502 502 
117 
117 
41 41 
164 236 
381 
320 378 378 
66 358 358 413 413 
82 389 389 
82 217 

339 


304 
250 
248 408 
41 41 354 
292 292 364 384 
325 325 
374 374 
413 413 
450 450 
233 276 
26 26 26 194 271 271 408 
39 188 227 231 231 305 330 330 330 392 402 433 433 477 477 477 510 511 511 
41 85 85 272 272 312 498 
413 
76 76 

138 300 300 
329 
39 39 
220 
132 
233 296 

23 290 
31 
344 344 
222 413 
407 413 
110 247 
300 415 
183 183 183 
287 
30 222 222 
114 
15 92 111 220 413 413 444 
28 178 178 178 
5 5 12 16 31 31 32 41 41 81 81 105 117 199 213 221 236 246 258 279 284 284 291 292 292 292 315 315 315 324 338 354 355 366 366 396 396 396 409 409 409 415 415 426 451 451 451 456 456 456 465 488 488 
126 
245 245 440 
413 
159 477 
2 
105 106 372 
236 236 285 304 
33 40 67 236 236 
43 43 65 362 479 500 500 
158 
55 101 236 236 471 
8 8 77 200 290 290 373 422 422 422 
100 496 496 

76 109 184 207 
196 
236 
12 355 
271 271 271 


405 405 
76 76 199 337 
76 76 
328 

460 
233 233 310 
184 
215 314 
214 467 

143 
442 442 
39 232 402 
167 182 
184 
35 35 119 174 180 180 268 268 268 314 314 376 413 
329 
8 8 8 313 313 350 350 
1 5 259 377 419 458 458 

159 392 477 
245 245 245 361 
295 
275 415 
39 159 159 
219 454 
7 157 169 212 212 271 271 296 310 375 505 505 505 505 
503 

40 40 49 49 56 69 69 79 79 79 83 93 104 138 184 191 191 192 192 195 195 201 237 267 267 267 278 283 283 344 351 356 356 415 432 432 438 438 460 
83 83 83 104 236 
505 505 

476 
39 62 62 
76 478 
311 413 494 494 

186 186 228 228 228 
70 184 
110 176 288 401 
150 

149 374 417 417 442 
270 286 413 
69 

283 
5 443 443 
273 354 354 
392 392 
184 
225 

81 
410 410 
315 315 
11 
496 
271 
236 236 236 356 
222 222 222 
415 415 
251 
7 7 9 158 158 203 203 203 233 233 266 282 339 339 354 354 374 391 401 401 408 408 408 412 427 427 502 
160 160 
5 5 256 472 475 

230 
157 
18 415 
236 
5 184 431 
308 449 
67 67 298 347 347 421 
271 
236 236 254 303 344 
184 184 
191 
251 413 
68 179 
247 
81 
23 23 97 97 97 171 196 196 
184 
152 152 184 184 184 364 364 

58 408 
229 
68 68 169 233 
408 408 
281 
76 413 413 
164 164 177 
46 46 
39 39 485 
283 
148 191 
159 482 482 
370 370 370 408 
354 465 
280 467 

212 233 
243 
84 85 85 160 348 
8 224 224 
80 214 222 222 317 317 317 319 354 398 398 418 434 467 481 
31 73 94 94 184 184 184 263 263 336 336 486 
444 
314 314 314 398 398 413 
413 
314 354 
140 
42 42 323 
76 76 
321 359 
184 
72 153 153 358 503 

15 
209 
81 82 165 223 
71 159 159 159 369 369 
22 
407 413 413 
413 413 
385 
413 
315 315 
207 
184 
145 271 271 381 381 408 452 452 464 470 




69 69 173 173 236 283 
52 
27 47 47 76 459 459 
281 281 421 421 506 
84 312 

8 224 224 
236 
402 
76 456 
5 41 41 151 184 256 256 271 271 307 314 319 490 502 502 
12 184 202 
236 236 267 
367 
38 72 141 141 325 466 466 503 503 
61 323 
114 
228 
193 
499 
118 152 292 292 410 
415 415 
184 184 
114 114 357 496 
401 
330 330 
306 306 306 
68 68 
190 
196 
154 154 250 271 
233 
222 
225 458 
140 140 

134 134 
46 64 133 139 339 339 

75 75 463 
152 
334 413 
86 
124 124 
487 
82 82 115 130 142 142 497 
17 
271 
159 227 257 257 

81 81 
0 
184 184 184 
58 
314 314 317 317 
492 
5 50 
110 247 271 271 368 
39 159 219 352 405 

6 92 92 
206 206 402 
37 
175 332 413 
26 150 158 271 271 271 294 297 297 306 339 412 412 437 470 
184 184 184 
262 262 364 

271 408 408 
35 45 45 45 74 76 92 141 141 155 155 161 174 175 182 182 187 222 243 251 286 299 299 317 318 332 332 333 333 335 385 407 439 448 494 500 
22 
37 57 177 184 184 230 236 269 269 277 365 365 432 
65 
250 250 
95 95 95 314 
225 

281 347 347 
196 196 196 
76 

103 
184 
271 271 
20 20 

62 62 
279 496 
236 236 415 460 460 
159 159 
314 
449 

408 
236 236 
45 413 
76 186 
5 5 5 98 
218 218 250 
255 255 
15 59 59 182 316 
41 41 
56 

128 128 413 
280 435 467 
156 156 462 
184 184 184 
25 339 339 464 

4 4 124 124 131 232 
17 
184 184 184 353 491 491 
41 41 
225 225 377 
346 346 
211 236 432 432 
22 497 497 
450 
63 75 75 383 
339 452 
184 307 
89 358 358 
215 308 314 449 
123 

339 408 
101 195 
273 475 


273 472 
10 100 240 
159 159 159 188 227 
242 
193 
127 127 
314 
305 305 
30 

39 302 
31 120 120 315 
56 388 
184 184 
31 
354 
126 456 456 
399 

243 243 413 

197 197 265 367 431 
389 461 461 
160 
363 
193 193 413 
54 76 
134 134 134 271 354 354 
234 325 358 358 
88 
233 233 233 233 238 238 
347 
104 104 104 


159 
159 159 
