Nodes: 512, Edges: 720
46 46 64 395 395 

91 111 183 
493 
454 454 
48 50 50 88 88 184 184 198 225 255 354 354 400 400 504 
404 
271 
313 313 
271 

264 
184 202 202 355 
76 
117 117 
182 182 327 444 

390 

104 
428 
31 
108 108 108 115 115 414 497 
171 290 
76 
452 452 
158 158 
76 346 346 
178 183 

180 222 483 
21 184 315 
184 
67 192 

210 222 413 413 


89 89 89 358 
159 166 166 241 267 302 330 405 477 485 
192 236 236 236 249 
85 85 99 137 137 151 160 184 354 354 399 450 
321 321 323 323 
193 

76 76 439 439 
0 0 64 301 301 339 
346 
5 
236 236 
5 5 400 400 
490 490 490 
184 345 
225 225 
76 299 
236 
104 191 236 446 474 487 

294 
444 444 

81 359 359 
241 241 369 430 430 430 
463 463 
0 46 381 
193 

33 192 192 281 347 
287 287 

184 184 184 246 258 

325 358 
94 94 
413 
383 463 
13 24 27 45 45 54 107 107 109 109 162 186 196 199 208 208 242 242 242 292 292 299 314 314 322 353 354 360 413 440 440 440 478 501 501 509 509 509 
119 119 119 119 196 413 

236 
314 418 
61 82 113 184 261 289 329 359 359 389 394 394 
81 121 142 389 
236 237 237 237 
85 85 348 
41 41 84 84 160 312 312 
198 198 386 
306 408 
5 5 504 
38 38 38 128 128 358 

2 
182 404 413 
236 236 
73 73 
418 
314 314 
290 
420 441 441 
41 
197 197 496 496 
140 471 
117 136 216 
146 146 379 
19 56 138 138 138 237 237 507 
184 190 

76 76 
22 22 22 115 414 
76 76 199 
401 
2 182 182 
184 184 
81 
181 181 
22 22 108 
415 
14 14 102 135 135 136 184 
364 
77 77 77 77 122 222 222 
486 
82 143 
119 222 
468 468 
454 
136 
473 491 
480 
89 89 413 
415 

240 454 454 
168 
381 381 
380 380 502 502 502 
117 117 
102 117 125 
41 41 
104 104 104 236 

101 378 378 378 
358 
82 389 389 389 
121 
282 282 
339 339 
103 103 379 379 
236 
191 304 

248 306 
41 
384 384 
325 
374 
413 

233 276 
26 26 194 271 
39 188 188 205 231 231 428 428 469 477 510 
41 85 272 498 498 
439 439 439 
76 322 

300 300 300 300 
317 329 
39 39 
220 220 413 
132 
233 296 

23 290 290 

344 
335 376 376 413 
413 

283 300 300 300 
28 183 183 183 
287 287 
30 222 
114 114 
15 15 92 111 111 220 220 340 363 404 413 413 444 444 499 
2 28 178 178 178 
5 5 12 31 32 41 52 70 70 70 81 105 112 112 117 199 213 221 258 279 291 291 292 292 307 315 345 345 345 354 366 366 396 409 426 451 456 456 456 465 465 484 488 488 490 

76 245 440 440 
413 
159 159 477 

105 372 
56 148 236 285 285 304 446 
33 40 67 67 236 281 
43 65 286 479 500 500 
158 
236 
76 77 200 373 413 413 413 422 422 
100 100 496 496 
5 86 86 386 
76 109 184 207 
196 
415 415 
12 12 355 
271 

159 

199 337 
76 76 
328 328 
35 

233 310 310 
184 
215 215 215 
214 214 214 314 467 
102 

271 442 442 
402 402 454 454 
167 167 182 182 
184 
30 35 119 119 122 180 268 268 314 314 341 376 413 413 483 
329 

5 53 53 259 259 377 441 458 458 
292 
305 343 392 477 
361 
509 
275 303 415 415 
159 159 

157 169 212 271 271 310 374 375 505 505 505 
503 

40 40 40 49 49 55 56 79 83 93 93 138 147 191 192 195 237 278 278 278 283 356 356 432 432 438 487 487 
83 83 83 104 104 236 
505 
342 
131 476 
39 62 62 
76 76 76 478 
311 413 424 494 

186 
70 

150 408 
40 
374 417 417 
286 286 286 413 

330 330 

5 443 443 
273 273 354 354 
392 392 
70 184 
225 225 
426 
81 329 
364 
315 315 
11 334 
496 
271 
39 471 
222 222 
415 415 

7 9 158 203 218 233 233 266 282 297 297 339 339 375 375 375 391 408 412 453 
160 
256 256 354 472 
402 
230 
157 
415 415 
236 236 236 
184 
308 449 449 
67 192 298 298 421 
144 144 271 427 
177 236 303 344 415 

191 191 
193 251 251 251 
68 68 179 179 

81 
23 97 171 171 480 
184 184 426 426 
76 76 184 184 226 
408 
58 408 408 

169 425 
271 271 
281 281 
54 76 413 413 
164 164 164 164 177 177 177 
46 46 464 
39 
230 283 
148 191 
227 
87 150 370 408 408 
184 354 396 465 
280 467 

212 212 233 
243 
85 85 
8 8 
76 76 80 96 96 215 222 222 317 319 349 349 354 384 398 413 434 449 481 481 
31 184 263 263 486 486 486 
444 444 
165 314 398 413 

314 354 354 354 

42 42 
76 162 
42 42 359 359 

72 153 503 
358 
15 
209 209 
81 165 223 261 
39 253 253 369 369 

407 407 
413 413 
264 385 413 
174 
486 
207 

46 145 145 271 271 381 408 427 464 464 
182 
222 
239 
227 
173 283 447 
52 184 184 184 
27 27 47 459 459 
67 
84 
314 314 481 481 

432 432 
402 
76 456 456 
5 5 41 41 76 184 256 256 273 307 314 319 319 319 450 450 450 462 490 490 502 502 508 508 
12 202 
236 236 
431 496 
38 72 89 141 326 503 503 
61 61 81 81 323 323 
76 
228 

182 
118 262 410 

184 184 
496 

62 330 330 
306 

190 
196 
154 233 250 417 
233 271 271 271 
174 174 222 
225 
140 140 140 
103 146 146 
134 134 
64 133 133 339 395 408 

75 415 463 
152 152 314 
334 
86 198 

487 
81 82 142 142 142 
17 
271 
227 257 257 

81 81 495 495 
0 0 381 
184 307 

314 317 
41 492 
5 5 50 50 
110 
219 219 274 352 405 
427 427 427 
6 92 182 
39 402 

332 332 
87 248 271 293 294 294 306 306 339 381 437 437 470 
184 
364 

271 
35 35 74 76 77 92 128 155 167 174 175 182 182 187 196 196 196 222 222 243 251 299 299 314 317 333 333 334 439 448 448 455 455 494 
22 108 
116 129 201 201 230 230 269 269 277 277 283 383 432 463 

250 250 374 
80 95 

98 441 
281 
196 196 

243 
296 
184 260 291 291 
282 339 403 403 403 
20 159 159 

62 62 62 
357 
236 236 351 351 415 460 

314 
449 449 

408 408 
236 
45 45 161 161 161 413 
76 76 76 186 186 
98 98 225 420 
218 218 
255 255 
15 59 59 182 182 316 316 

56 191 
344 
413 413 
280 280 314 435 435 467 
41 354 354 354 
184 
25 25 464 
271 
4 4 124 131 131 219 219 
413 413 
184 184 184 353 353 491 

225 225 
346 346 
432 

354 
63 63 75 383 415 
301 339 339 452 
184 184 307 

215 308 449 
123 123 
159 
408 
101 267 
273 475 
126 
56 
472 
240 496 
39 159 188 227 
76 242 
193 
127 290 
314 314 349 349 

30 222 
184 
39 
120 315 315 315 336 489 489 
56 236 236 388 
184 184 
486 486 
51 51 51 184 354 354 
126 456 
399 
3 
243 413 
394 394 
100 100 197 197 265 357 367 476 
22 
160 160 
182 
193 193 
76 76 
134 134 134 354 354 
234 325 358 358 
5 88 
233 233 233 238 

104 
354 354 
76 76 76 229 
159 

