Nodes: 512, Edges: 720
46 46 64 395 
225 225 
183 183 183 189 
271 
454 
34 48 48 50 184 225 255 255 273 354 354 400 400 441 504 504 508 
404 

196 224 313 313 313 350 

476 
264 264 264 
184 202 202 355 355 

135 
182 182 327 327 
184 
455 
277 277 

428 428 

108 108 108 331 414 


452 452 452 
158 408 
346 346 


180 222 222 222 483 483 
172 172 486 489 
184 
192 
5 
210 210 222 

324 406 
89 89 
62 163 166 166 219 231 241 302 402 477 477 485 
236 249 
44 85 85 151 156 354 354 354 399 445 450 457 
321 323 
193 
41 
76 
0 0 64 301 301 301 381 381 395 
346 346 
5 5 
236 
5 
490 
184 184 
393 
76 76 501 
195 
191 304 446 446 474 
415 
397 
444 


39 241 430 

0 46 381 
193 193 413 416 
141 
192 281 281 347 
169 169 169 287 296 
236 
184 246 246 
330 330 
325 325 358 358 466 466 
94 315 

383 463 463 
45 54 54 78 78 107 109 162 162 186 186 196 196 199 207 208 228 242 245 245 299 314 328 346 346 360 361 423 440 478 501 509 
119 119 196 413 
76 76 
236 236 
314 418 
82 261 261 329 389 394 394 
81 121 121 142 143 389 389 

85 
41 41 84 160 
198 198 508 
306 
504 
38 38 128 128 358 466 466 466 466 
358 
189 
182 
236 236 236 
73 315 
418 
314 
290 290 290 

450 
197 197 
140 471 
117 136 136 493 
425 
138 138 236 236 507 
184 184 
190 372 
76 
22 22 22 115 414 
76 199 207 
176 176 



181 
108 
184 
102 125 125 125 135 136 
364 364 
77 77 122 122 222 222 
486 489 489 489 
82 82 143 
119 119 222 222 

387 
117 117 117 136 
185 473 491 491 491 
480 
89 89 413 413 448 
236 236 415 

240 454 
168 
381 
502 
14 117 
102 102 117 125 

104 104 164 
381 381 381 
101 
66 358 466 466 
82 389 389 
82 121 217 217 

339 
379 
236 
191 
250 
248 408 
41 354 354 
292 364 


413 413 
41 450 
276 276 
26 194 271 271 271 408 
188 227 227 227 305 330 330 392 428 433 433 469 477 511 
85 272 272 498 498 

76 76 
39 
138 300 
317 
39 39 
220 413 
132 
68 68 68 233 233 296 296 296 
471 

31 31 
344 
222 376 413 
407 
110 110 247 247 
269 283 300 415 
183 
287 287 287 
30 222 
114 
15 15 92 340 404 404 413 413 
2 2 2 178 
5 12 16 32 52 52 70 105 105 116 213 258 258 284 284 284 289 291 307 315 345 345 345 354 355 366 396 409 456 465 484 488 488 
126 
76 76 

159 510 
2 91 
106 
56 148 285 304 304 446 
33 67 236 281 
43 65 65 286 358 358 358 479 
158 
55 471 
8 76 76 77 200 200 350 373 373 413 422 422 422 
100 100 496 
86 86 386 
76 109 207 
196 196 
236 236 
12 12 355 

267 

405 
76 109 199 337 337 337 478 
76 
328 328 328 
35 35 
460 
233 
184 
215 
214 314 467 

143 143 
442 442 
39 232 
167 

30 30 30 35 119 119 122 122 174 180 268 268 314 341 376 413 483 483 
329 329 329 
8 
1 1 5 377 377 393 419 441 458 

159 159 159 305 305 343 477 
76 361 
295 
236 236 275 415 415 
39 
219 454 
169 169 212 238 271 296 296 310 310 374 
503 503 
487 487 
40 49 69 79 79 93 93 93 104 104 129 129 147 192 201 201 230 230 237 237 275 275 278 283 283 344 344 344 351 356 432 432 460 460 460 487 
236 236 
233 505 505 
342 405 405 
131 476 
39 62 
76 
413 424 
358 
76 76 
70 70 
176 176 288 401 401 
150 408 
40 
149 374 417 417 442 442 
286 


277 277 415 
5 5 443 443 
273 273 354 354 
392 
184 184 


81 81 329 329 
410 
315 
11 11 11 334 334 334 
496 496 

204 356 471 
222 222 
177 
286 
3 158 158 158 233 282 287 287 297 374 375 391 401 408 408 412 427 442 453 
160 160 
5 256 256 354 354 
352 
230 236 236 
157 157 
18 18 254 254 415 415 
236 
431 431 431 
308 449 467 
67 67 192 347 421 421 
271 427 427 
177 236 236 303 415 415 
184 184 184 
191 
193 251 270 413 
68 179 179 179 271 271 
247 
184 
97 97 97 
184 426 
152 364 364 410 
408 408 
397 408 
229 
68 169 169 169 233 233 425 
271 
347 
76 
164 177 
46 46 46 
39 
283 415 415 
56 191 191 
159 227 227 392 482 
87 408 408 
184 354 396 462 465 465 
280 

233 233 

348 
8 8 8 
76 80 96 215 222 349 354 354 384 384 384 413 413 418 429 455 467 481 481 
73 94 184 263 
444 
165 398 



42 323 

42 321 
37 
72 72 503 503 
358 358 
15 15 
76 209 209 209 
81 223 223 223 261 261 
71 71 159 159 369 428 
22 
407 407 413 
413 
264 264 264 385 385 413 
413 
486 486 
207 207 207 
415 
145 381 408 427 452 464 
182 
222 
239 
227 
173 236 236 236 447 
184 184 184 
27 27 47 47 76 76 459 
67 281 298 421 421 506 
312 
314 481 
8 196 
236 432 
274 402 402 402 

5 5 41 41 41 151 151 184 256 256 273 273 307 314 314 411 450 462 462 490 490 502 
12 12 184 202 
236 267 
367 367 431 431 496 
72 72 89 90 141 193 193 193 244 326 326 413 413 503 

76 
76 228 
413 

118 118 152 292 292 410 

184 
357 357 496 
401 
330 


106 
196 196 
233 250 271 408 
271 
174 222 
225 225 458 

146 

46 46 64 133 139 139 139 339 408 
413 413 
75 415 463 463 
314 314 314 
334 334 
198 
124 
487 
81 82 82 142 142 497 

271 
159 257 305 
53 225 
81 81 495 
0 46 
184 307 
58 294 
317 
41 492 492 
5 5 
247 247 271 368 
39 352 352 352 405 405 405 

6 182 182 
206 239 239 402 402 402 
37 
175 332 332 413 
26 150 158 248 271 271 293 293 294 306 306 339 374 381 412 437 437 
184 
262 292 364 
354 
271 408 
65 77 128 128 155 155 167 174 182 182 196 222 243 286 314 314 332 333 334 335 358 358 362 382 382 407 494 500 
22 108 
57 129 177 230 230 254 277 277 283 283 303 303 338 383 463 
65 
250 250 
80 95 314 
225 

281 281 347 347 
196 196 196 
76 
243 
103 296 
291 
271 282 282 339 
20 20 159 330 
314 
62 
279 279 279 357 357 
236 236 351 460 
159 159 

449 449 

408 408 


76 
5 225 
218 218 250 250 271 
255 255 
59 316 
41 
56 56 191 
344 
128 
280 435 435 467 
41 99 156 354 462 

25 25 25 339 
271 
4 131 232 
17 314 
184 
41 
225 377 
346 
211 236 236 236 432 
497 
307 354 354 450 
75 75 383 383 415 
339 
184 307 307 
72 72 89 89 89 89 141 141 
215 280 314 449 

159 

101 170 195 267 
475 
126 
56 
472 
10 240 496 
39 39 159 227 
76 207 
193 
127 
314 314 349 
305 
30 30 222 222 
184 
39 
31 120 336 336 
235 235 236 388 
184 184 
31 120 120 120 
51 354 354 
126 126 126 
399 399 
102 
413 
394 
197 265 265 357 367 476 
389 461 
160 160 

413 
54 76 
134 354 
234 234 325 325 358 
5 5 88 
238 238 
347 
104 
5 86 
76 
188 
159 
