Nodes: 512, Edges: 720
395 395 
225 441 
111 111 
271 493 493 
454 
18 34 34 50 50 184 184 198 198 225 255 255 255 279 354 354 441 504 504 508 508 
404 
271 
196 350 
271 
476 
264 
202 355 355 

135 184 184 
327 444 
184 
390 390 455 
5 
104 
428 
31 31 
414 414 414 497 
171 290 

452 
408 
76 
63 63 178 178 183 183 189 

180 180 483 
21 21 172 184 184 184 315 315 
184 
67 
5 5 
222 309 309 309 
106 
324 406 
89 89 
159 166 219 231 267 402 477 485 
192 
85 85 151 151 156 156 156 160 324 354 354 399 445 
321 321 323 



301 301 339 339 395 
346 


5 5 400 
490 490 
345 
225 225 
76 76 299 
236 236 
191 446 446 474 
415 415 
397 
444 
104 
81 359 
241 369 430 
28 28 

193 
141 
33 192 281 
169 287 287 287 
236 344 
184 184 246 258 258 
330 330 

94 315 315 

383 383 
27 54 54 107 162 184 196 199 207 229 242 245 292 292 292 299 314 314 328 328 346 346 354 354 360 423 440 440 456 456 478 501 509 509 
119 119 196 413 

236 
418 
61 82 113 184 184 289 359 359 389 389 394 394 495 495 495 
81 121 329 389 
236 
85 312 348 348 
41 41 84 160 160 
198 386 508 
306 408 
504 
38 38 128 128 358 
358 

404 413 
236 236 
73 315 315 

314 
171 171 290 
441 441 

197 
140 471 
136 216 216 216 493 
146 425 
19 60 138 236 237 507 507 
106 106 106 184 
36 105 105 105 190 
76 
414 
199 207 
247 
2 2 182 
184 
81 
360 367 367 

184 184 
125 135 135 136 
364 364 
77 77 122 222 413 
489 
82 143 
119 222 

387 
117 136 
185 
480 480 
89 89 
415 
389 

168 
381 
502 502 502 
14 117 117 
102 117 125 
184 
104 164 

101 320 320 378 
66 358 466 
389 389 389 
121 217 
282 

103 
173 
304 304 
250 
248 
41 41 354 
292 
325 325 
374 
413 
41 41 41 
233 233 
194 271 
39 188 188 205 205 231 330 428 433 433 469 469 477 510 511 
41 85 85 312 498 
413 413 439 
76 322 

138 
317 317 329 
39 477 
220 220 413 413 
132 413 
68 233 296 296 

23 97 97 290 290 
31 
147 344 
222 222 335 335 376 376 
407 
247 
283 300 300 
28 28 183 
287 
30 30 222 

111 220 340 340 404 499 
28 28 178 
5 5 14 14 16 31 31 31 32 70 70 76 81 81 105 112 116 116 137 213 236 279 279 284 289 289 291 291 292 307 315 324 354 355 355 355 409 451 451 456 465 484 488 488 488 490 
126 491 491 491 
440 
413 
159 159 477 
28 
106 372 372 
56 236 267 285 285 304 
40 67 236 281 281 
65 358 362 413 413 479 
158 
236 471 471 
8 76 77 200 290 350 413 413 422 
100 496 496 
5 5 86 386 386 
76 109 207 
196 

12 355 
271 
267 
159 159 

76 109 199 337 478 



460 460 460 
233 310 
184 
215 314 
214 467 467 
102 102 102 
143 
442 
39 232 274 274 402 402 
167 167 182 413 

35 119 122 174 174 180 268 341 376 413 
329 
313 350 350 
1 5 53 53 259 377 377 419 441 441 458 
292 
305 477 
245 361 
76 295 509 509 
236 275 415 415 
39 159 
219 
157 157 169 212 271 296 310 310 375 505 505 505 
503 503 
487 
55 55 69 79 83 93 93 104 184 191 192 195 230 275 278 283 351 415 415 432 438 460 
104 
505 
342 405 
476 496 
62 
76 
413 424 424 424 494 
325 325 358 
76 228 
70 
110 176 288 288 401 
150 408 

149 374 417 417 
270 286 286 


277 277 415 
5 5 5 443 443 
273 354 
392 392 392 392 
70 70 409 
225 


364 410 

11 334 
496 

39 191 204 356 
222 
415 415 415 
251 
3 7 9 158 203 233 282 282 287 297 339 339 339 374 401 408 408 412 427 442 453 502 

256 354 472 
219 219 402 402 
230 236 

254 254 
236 
5 184 184 
308 467 467 
67 192 192 298 347 
144 271 271 
177 236 344 344 
184 
191 191 
251 251 
68 68 68 179 271 
247 247 
81 184 184 
23 97 171 171 196 480 
184 184 426 
76 76 76 152 184 226 364 410 
408 408 
397 399 408 
229 
169 169 233 425 
271 408 
281 347 347 
54 76 413 413 
177 177 
46 46 

415 
148 148 191 
227 482 482 
87 
184 354 396 462 465 465 
280 
35 35 35 
212 233 233 

84 160 
224 
76 76 96 214 317 319 354 384 398 413 418 429 434 449 449 455 481 
31 31 73 73 94 94 184 336 336 486 486 
444 
165 165 314 413 
413 
314 
140 140 
42 42 
162 
42 359 359 
37 41 184 
153 153 244 244 358 503 503 
358 
15 
76 76 
82 165 223 
71 71 159 369 369 

407 413 
413 
264 413 413 
174 174 413 
315 315 486 486 
207 

46 46 271 271 271 381 381 408 408 452 464 470 
182 182 
222 
239 

69 173 283 283 
52 
47 76 76 459 
281 298 298 421 
84 84 
481 481 
8 196 224 224 
236 
402 402 
456 456 456 
5 5 41 41 76 76 151 184 256 273 307 314 411 411 490 
12 12 184 184 184 202 
267 
367 431 431 496 
89 90 141 193 244 325 326 413 413 466 503 
61 81 81 323 323 
76 114 
228 
193 413 
499 499 
118 118 262 292 410 
415 

114 114 357 496 496 
401 
62 330 330 


190 190 

154 250 271 417 
233 
174 174 222 
225 225 
140 


133 339 339 395 395 395 
413 
75 75 432 463 463 
314 

86 198 198 
124 
487 
81 81 82 130 142 142 142 
17 17 

257 257 257 257 

81 81 495 
0 0 46 381 381 381 
307 
58 294 
314 
41 294 492 
50 
247 271 368 
39 219 219 274 274 352 352 
427 
6 92 182 
239 
37 
175 332 413 
26 87 248 271 271 293 293 294 297 339 339 412 
184 258 
262 292 364 
354 354 
271 408 
77 92 119 155 161 161 167 167 168 187 193 193 196 196 220 222 243 299 299 314 317 318 332 333 334 334 335 358 358 362 382 407 448 455 455 494 
22 22 22 108 
57 57 129 230 230 236 236 254 269 269 269 303 365 432 463 463 

250 250 374 
80 314 
225 

347 
196 
76 
243 243 243 
103 296 
291 
271 403 
20 159 
314 
62 
357 357 496 496 
236 383 415 460 
159 159 
314 
449 449 


236 
161 
76 76 186 
1 5 98 98 225 225 
218 271 468 468 
255 255 
15 59 316 
41 
56 56 

413 
314 314 435 435 467 467 

184 184 
25 339 464 464 
271 
4 
17 314 413 413 
76 76 184 353 353 353 

225 
346 
211 211 211 236 432 
497 497 497 
307 
383 383 415 415 
339 452 452 
184 307 307 
141 358 
215 215 280 280 449 449 
442 442 
159 159 
339 
101 195 195 
273 

56 487 

10 240 496 496 496 
39 159 166 188 227 
76 207 
193 
127 127 290 
314 349 349 
305 305 
30 
184 
39 
315 315 336 336 
235 388 474 
184 184 184 
120 
51 51 184 354 
185 185 185 
399 
3 3 102 
243 413 
81 81 81 394 
197 197 240 265 357 367 367 431 431 476 476 476 
22 461 461 461 
160 
182 363 363 

76 
134 134 134 271 
234 234 325 325 358 
5 5 88 
233 233 233 238 

104 104 
5 5 86 
76 76 229 229 
159 
159 
