Nodes: 512, Edges: 720
46 46 64 395 
225 441 
91 111 189 
493 493 
454 
34 48 48 48 50 184 184 225 225 255 279 354 354 400 400 441 504 504 508 508 
404 
233 271 
196 196 224 350 

476 476 
264 
184 184 202 202 202 355 
76 76 
117 
444 
184 
390 455 

104 
428 
31 
108 115 115 331 414 497 


452 452 
408 
76 
63 

180 222 222 483 
21 184 315 486 486 489 
184 184 
192 192 
5 
210 309 413 
106 106 
415 
358 358 
62 62 62 159 159 166 219 231 241 241 402 405 485 485 
236 249 
85 137 156 160 160 160 184 184 324 354 399 445 450 457 457 
323 
193 193 

76 413 413 
0 0 301 301 301 
346 
5 5 5 

5 400 
490 
184 345 345 
225 393 
76 299 501 
236 236 236 
191 236 236 446 

397 397 
444 444 
104 
81 81 
39 39 39 241 330 369 369 369 430 
28 
0 
193 193 413 416 416 
141 
192 192 
169 287 296 371 371 
236 236 252 344 

330 
358 358 466 466 
315 315 
413 

13 13 27 45 54 107 107 109 109 162 186 186 199 207 208 208 228 228 229 229 242 245 245 299 299 314 322 322 322 322 354 354 413 423 423 456 509 
196 


314 314 418 
61 61 82 184 184 289 289 329 329 359 389 495 495 
81 142 
236 236 237 237 
85 85 312 312 348 
41 84 84 160 312 312 312 
198 198 386 386 508 
306 

128 128 466 
358 
2 
182 182 404 404 404 
236 

418 
314 
171 290 290 
441 441 
450 
476 
140 140 195 
117 136 136 216 
379 379 
19 60 236 507 
106 106 106 184 190 
36 36 105 105 105 190 190 190 
76 76 
22 115 414 
76 76 199 199 
176 176 
2 
184 

181 181 367 
22 22 108 
415 415 
14 102 135 184 
364 364 

486 

222 222 

387 
136 
185 185 491 

89 89 413 413 

389 
454 
168 
381 
380 
117 
102 102 125 
41 
236 236 

101 101 378 
66 358 358 413 466 466 466 
82 

282 
339 
379 
236 
191 
250 
248 306 306 
354 
384 
325 325 

413 413 
41 450 
233 276 
194 194 271 
39 39 188 205 205 227 231 231 305 305 330 330 402 433 469 477 510 510 511 
41 41 41 85 272 312 312 498 498 
439 
76 322 

300 300 300 
329 
39 
220 220 
132 
68 233 296 296 

97 290 


335 376 413 
407 
110 110 247 
269 300 300 415 415 
183 183 
287 
30 222 222 
114 114 
92 92 220 340 340 413 444 499 
178 178 
5 5 12 12 16 31 32 32 41 41 52 81 81 105 112 117 199 213 213 221 236 236 258 267 267 279 284 291 292 307 315 315 324 345 354 354 355 355 366 396 409 409 415 415 415 426 426 484 488 488 
126 126 491 491 
76 76 245 245 
413 
159 
2 
105 106 106 106 372 
56 148 268 285 304 304 446 446 
33 33 67 67 236 
43 43 65 65 286 286 362 413 479 500 
158 158 
101 267 267 267 471 471 
8 8 77 200 200 290 290 350 373 373 413 

86 86 
76 109 109 184 
196 196 
415 
12 12 12 355 
271 
267 
159 159 

76 337 337 478 478 
76 76 
328 328 
35 
460 460 460 
233 310 
184 184 
215 314 
214 314 467 
102 

271 271 442 
39 274 402 402 454 
167 167 182 413 
184 
30 30 122 122 180 180 268 341 376 413 
329 
8 313 313 350 350 
1 5 5 53 259 259 259 419 458 458 
292 
159 343 392 
76 76 361 
76 76 295 
275 275 415 415 
39 159 159 

7 157 169 212 238 238 271 296 296 374 505 505 


40 55 55 55 56 56 69 69 83 83 93 104 138 138 147 184 184 192 237 237 267 278 283 283 283 344 344 351 356 415 415 438 438 460 
83 83 236 236 
233 233 
342 405 

39 39 62 
76 478 
311 413 424 424 
325 358 
76 76 186 186 

176 288 
150 293 
40 
149 417 
286 
69 

277 
5 443 

392 392 
184 
225 225 225 


410 
315 315 315 
11 334 

271 
184 184 195 195 195 204 236 268 356 356 471 471 471 
191 222 267 
177 

7 158 203 218 218 233 266 282 287 339 354 391 391 401 408 408 453 
160 
354 475 475 
219 
230 230 
157 
254 415 
236 
5 184 
308 449 467 
347 347 421 
144 271 
236 236 236 344 415 
184 
191 
193 193 251 413 
68 179 271 
247 
81 81 
97 97 171 196 196 480 
184 426 
184 226 410 
248 
408 
229 
68 169 169 233 233 425 425 
408 408 

54 76 76 
164 164 164 177 177 
46 46 46 

415 415 
191 191 
159 159 392 482 482 
87 150 150 370 370 408 408 
184 396 465 
280 467 467 
35 
212 
243 
84 84 85 85 85 160 160 348 348 
224 224 
76 80 80 96 214 215 319 349 398 413 418 429 434 449 455 467 481 481 
31 73 73 184 184 263 263 263 486 
444 444 
398 
413 
314 354 

323 
76 76 76 76 162 
42 321 
41 184 
153 153 244 


209 209 
81 81 165 223 
62 71 159 159 428 
22 
407 413 413 
413 
264 385 413 
174 413 413 413 
486 486 
207 207 
415 
145 271 381 408 408 408 427 452 464 470 
182 182 
222 
239 
227 
69 236 236 283 
52 52 184 
47 459 459 
281 281 
84 312 312 
314 
8 196 224 224 
236 

456 456 
5 5 41 76 76 151 184 184 271 273 319 411 450 450 462 490 490 508 
12 184 184 202 
236 267 267 
367 367 496 
38 38 72 72 90 141 141 244 466 
81 

228 
193 413 413 
499 
118 118 

184 
114 357 357 496 

62 62 62 
306 306 
68 68 
190 
196 196 
233 408 417 

174 222 
458 
140 
103 103 146 
134 
133 339 408 
413 413 413 
415 
152 
334 
86 86 
124 
487 
81 130 497 497 
17 
271 271 
227 257 257 305 
53 
495 495 
0 
184 307 
58 58 
314 317 
41 
5 5 50 
271 
39 159 219 219 405 405 
427 
6 92 92 92 
39 239 402 402 

175 332 413 
26 271 271 294 297 297 306 306 339 339 339 374 381 412 437 
184 184 
262 292 
354 
408 
35 45 45 65 74 76 128 128 141 155 155 174 182 187 193 196 220 222 243 286 314 318 332 332 333 334 335 335 335 362 362 382 382 382 407 448 448 455 500 500 500 
22 108 
37 116 116 177 177 184 184 184 201 230 230 236 236 277 283 303 303 338 383 
65 65 
250 374 
80 95 314 
225 
441 441 441 
281 

76 76 
243 243 
296 296 
184 184 291 
339 403 
20 330 
314 
62 

460 
159 
314 


408 
236 236 
161 

1 5 98 98 420 420 420 
218 
255 
15 59 59 182 316 316 
41 
56 191 191 

413 413 
280 314 467 
41 99 156 354 354 462 

25 25 339 
271 
4 131 219 
17 314 413 
76 353 353 491 491 
41 41 
225 225 377 
346 346 
211 211 211 236 432 
497 497 
354 450 

339 
307 
72 72 89 141 141 141 358 
215 280 308 308 314 449 

159 
339 
195 195 267 267 267 
475 


273 273 472 
10 10 100 496 
159 
207 207 242 
193 
290 
314 314 
305 305 
30 
184 
39 39 
31 31 120 315 336 336 489 
388 
184 184 
31 486 
51 354 354 
126 185 185 456 456 

3 3 

81 81 394 394 
357 367 476 
22 389 389 461 461 
160 160 
182 363 
193 413 413 413 
54 


5 5 
233 233 

104 
5 5 86 354 
76 
159 159 
159 
