Nodes: 512, Edges: 720
46 46 46 395 395 395 
225 441 
111 111 183 189 189 
271 493 
454 
48 50 88 184 184 184 225 255 354 354 400 400 441 441 504 504 
404 

196 224 224 313 350 
271 
476 476 
264 
202 202 202 
76 76 
117 117 
182 182 327 327 


277 277 
104 
428 

108 115 115 331 414 414 461 461 
171 
76 
452 452 452 
158 408 
76 346 
178 189 

180 180 483 483 483 
172 184 354 354 
184 
67 

210 309 309 309 413 413 

406 415 415 415 
89 89 
62 159 163 163 166 166 166 219 219 241 241 302 302 330 402 402 402 405 485 

44 85 137 137 156 156 160 399 399 445 457 
321 323 
193 
41 
76 413 
0 0 0 64 301 301 301 
346 
5 

5 400 
490 
184 345 

76 76 76 
195 236 236 
236 236 474 474 487 
415 
294 294 
444 

359 
39 330 369 369 369 430 
383 
46 
193 416 416 416 
141 
33 192 281 347 347 
169 287 371 371 
344 
184 246 258 258 258 
330 330 
325 358 466 
94 315 
413 413 
435 
13 13 24 27 45 54 54 54 78 78 107 162 162 199 199 207 208 228 228 229 242 299 299 299 322 328 328 346 413 423 478 
119 196 196 
76 76 
107 
314 418 418 
82 113 113 261 289 329 329 389 394 394 495 495 
81 121 121 143 329 
236 
85 348 
41 84 160 160 312 
198 198 
306 408 408 
5 504 504 
38 38 128 358 466 
358 
189 
182 182 404 413 
236 236 236 
73 
418 418 


420 441 

476 
195 471 
117 136 216 
379 379 425 
19 138 138 507 
190 
372 372 
76 79 
22 115 336 414 
199 
247 247 401 401 
2 2 182 182 
184 
81 81 
181 360 
22 22 108 389 
415 
14 14 102 125 135 136 136 
364 364 
77 122 222 413 
486 489 489 
82 82 143 143 143 
119 
468 
387 387 454 454 
117 136 
185 491 

89 448 
236 
389 389 
454 


380 380 502 
117 
102 117 117 125 
41 41 
104 104 236 
381 381 
320 378 
66 358 413 466 466 
389 
82 121 121 121 217 217 
282 

379 379 
236 
191 304 

408 408 
354 
384 384 384 
325 
374 
413 
41 41 
233 276 276 
26 271 
39 188 188 205 205 305 402 428 433 469 469 477 510 510 511 
41 85 85 272 312 312 312 498 
413 439 
76 76 
39 39 
300 300 
317 
39 39 39 477 
413 413 
413 
68 233 296 296 
471 
23 290 290 
31 
344 344 
335 376 413 413 
407 413 413 413 

283 
28 
287 287 
30 30 222 222 
114 
15 15 92 92 111 111 363 404 413 444 444 
2 
5 5 5 31 32 52 70 112 199 213 213 221 221 246 258 258 267 279 284 289 291 292 307 315 345 354 355 355 355 366 396 396 409 451 451 451 456 456 465 465 465 484 488 490 490 
126 491 
440 440 

159 159 
2 2 28 91 
105 372 372 
148 285 285 304 446 
67 236 236 281 281 
43 65 358 362 413 479 479 500 500 

55 101 236 471 
8 77 77 200 290 290 350 373 413 422 

86 86 386 
76 76 109 184 
196 
415 
12 12 12 
271 
267 
159 159 
405 
76 478 
76 
328 
35 
460 
310 310 
184 184 
215 215 314 
214 214 
102 
143 143 
442 
39 39 232 232 274 454 454 
413 
184 184 
119 180 180 314 376 376 413 483 483 

8 8 
1 5 259 259 377 377 393 393 458 458 

392 477 477 477 
76 76 
76 509 
275 303 303 415 415 

219 219 454 454 
157 169 271 296 310 374 374 374 505 505 505 
503 503 

55 55 56 56 83 93 93 93 129 138 147 192 192 195 237 237 237 278 344 487 
236 236 236 
505 505 
342 
476 496 496 
39 39 
76 
311 311 413 424 494 
358 

70 184 
110 110 288 401 401 
293 408 

374 442 
413 413 


283 
5 443 
273 354 

70 70 70 184 184 409 409 
225 225 

81 
410 

11 334 
496 

184 204 



3 9 158 203 233 282 287 287 297 297 327 327 339 374 391 401 408 408 427 442 453 
160 
256 354 472 472 475 475 
219 402 402 
230 
157 157 
18 18 
236 
184 431 
308 449 449 
67 192 192 298 421 
144 271 427 
177 254 303 344 415 
184 
191 191 

68 179 179 271 271 
247 
81 184 
171 171 196 196 480 
184 426 
184 364 410 410 
248 408 
58 58 397 408 

169 169 233 
271 271 408 
281 347 
76 76 76 413 
164 164 
46 46 46 
39 39 
230 230 283 
148 191 
159 482 
87 370 
184 
280 
35 35 35 
212 212 233 
243 243 
85 160 160 160 348 348 
8 
80 214 222 317 317 319 319 349 398 418 467 467 481 
73 184 
444 
165 314 314 398 398 

314 314 354 
140 
42 323 
76 
42 321 

72 153 358 503 
358 
15 15 271 271 
76 76 209 
81 81 82 
39 62 71 71 369 428 428 
22 
407 413 
413 
264 385 413 
174 413 413 
108 


271 408 427 427 452 452 


239 

69 173 173 236 283 447 447 
52 184 
27 47 76 459 
67 67 298 506 
84 312 312 
314 481 
8 196 
432 
402 
456 
5 5 31 31 151 184 256 273 319 411 450 490 502 
184 184 184 

431 496 
72 89 90 141 193 244 325 326 466 503 503 
61 
114 

193 413 413 
182 499 
118 118 292 410 410 
415 415 
184 
496 
401 
62 62 62 330 
306 
68 68 
106 106 190 190 
196 
154 233 233 233 250 271 408 417 442 

174 222 222 
225 225 
140 
103 103 146 146 
134 134 
139 139 408 
413 
63 432 
152 152 152 449 449 
334 413 
198 
124 124 

81 115 130 130 142 497 

271 
227 
225 225 
81 81 495 495 
0 0 0 
184 184 
294 
314 317 317 
41 41 492 
5 5 50 
110 110 247 247 271 368 
39 39 39 159 274 274 352 

6 92 182 
39 206 
37 
175 332 
26 87 87 150 150 248 271 271 293 294 297 339 374 381 437 470 470 
184 258 258 
262 292 292 364 364 
354 

35 35 45 74 74 76 92 119 141 155 161 167 167 168 174 174 175 175 175 182 193 196 220 222 243 251 251 299 332 333 334 335 335 362 362 382 385 439 439 439 455 494 500 500 
22 22 108 
37 37 37 57 116 201 230 230 283 365 365 432 463 
65 65 65 
374 
80 80 95 95 314 

98 441 
281 
196 
76 
243 
103 
291 
271 282 339 339 
20 159 330 330 

62 
279 357 496 
351 383 415 460 460 
159 

75 449 

408 

161 413 413 413 
186 186 
1 5 5 98 420 
218 250 271 374 
255 
59 182 182 316 
41 
191 
344 344 
128 
280 280 384 384 435 
354 462 462 
184 184 184 
25 25 25 339 339 464 
271 
4 124 124 131 219 219 232 232 
413 
184 184 353 491 
41 
225 225 
346 
211 432 432 
22 22 
450 450 
415 
452 
184 184 184 
72 89 141 141 358 
314 314 
123 
159 159 
408 408 
101 170 195 
273 273 475 

56 56 
273 273 472 
10 10 100 240 496 
159 166 227 227 227 
76 207 
193 193 
290 
314 349 
305 
30 30 30 222 222 
184 
39 
120 489 489 489 
56 236 
184 
120 120 486 486 486 
51 184 184 354 
126 185 456 
399 
3 
243 413 
81 81 394 394 
240 240 265 357 367 431 476 
389 
160 
363 
193 193 413 413 

134 354 
234 234 325 358 358 
5 5 88 88 
233 233 233 238 238 
347 
104 

229 
159 159 
159 
