Nodes: 512, Edges: 720
46 46 395 395 

183 
271 493 493 
454 
34 34 34 88 255 273 354 354 400 400 441 441 504 504 504 
404 404 
271 271 
196 350 

476 
264 
184 202 202 355 355 
76 
184 
444 444 
184 
455 455 

104 
428 

108 108 331 414 497 
290 

452 
408 
76 346 346 
63 63 63 63 183 183 183 

222 222 222 483 
172 315 489 489 
184 
67 192 
5 5 5 
210 413 
106 
406 415 
89 358 
62 163 166 219 231 231 241 241 302 302 330 402 402 402 405 405 477 485 485 
192 236 236 249 
85 99 137 151 151 156 160 160 354 445 450 457 457 
321 
193 

76 413 
0 0 64 301 339 381 395 
346 346 346 


400 400 

184 345 

299 501 501 
236 
236 474 487 487 

294 
444 
104 104 236 
359 359 
39 330 369 430 
28 28 28 28 
46 
193 

33 192 347 
169 169 287 287 287 296 296 
236 236 
246 258 
330 
358 358 
94 
413 413 
463 463 
13 27 45 78 107 199 228 229 229 229 299 314 322 328 328 360 413 423 440 440 478 478 

76 
236 236 
418 418 
113 113 113 184 184 289 359 394 495 
142 143 143 

312 348 
41 160 160 160 
198 198 386 386 

5 504 
38 358 466 
358 358 

182 182 413 
236 236 
73 315 
418 
314 314 317 
171 290 
441 
41 
197 197 476 496 
140 140 195 
136 136 216 493 
146 379 
19 60 60 138 236 236 507 
184 190 
36 190 190 
76 
22 22 414 

176 401 
182 182 

81 81 81 
181 181 367 

184 184 
135 135 236 236 
364 
122 222 413 
486 486 489 

119 222 
468 
387 
136 136 136 
185 185 

448 
236 415 
389 389 389 
240 454 454 
168 
381 
380 502 502 502 
117 117 
102 102 125 125 125 
41 
104 164 

101 101 320 378 
358 466 
82 389 389 
82 82 217 
282 282 
339 
103 379 
236 236 
191 304 304 
250 
248 306 306 408 
41 41 
384 384 
325 
374 374 
413 413 
41 
233 276 
194 
188 188 188 205 205 231 257 305 330 402 477 477 510 510 511 511 
41 41 85 85 85 272 272 312 
413 
322 
39 
138 300 300 
317 317 329 
39 
220 
132 413 
68 68 233 296 296 

97 
31 
344 344 
222 376 376 413 413 
407 413 
110 247 
300 300 
183 
287 287 
222 222 
114 114 
92 92 111 111 220 340 363 413 413 444 499 499 
2 28 28 28 178 
12 14 16 32 52 81 81 105 116 116 246 246 258 258 284 284 291 291 292 307 324 324 338 345 354 354 366 366 409 409 426 426 456 456 465 488 488 490 
126 126 491 


159 159 159 477 510 
404 
105 106 106 372 372 
148 236 236 236 267 285 304 304 446 
33 40 67 281 
43 65 286 286 286 358 413 479 479 
158 
101 236 
8 290 290 350 350 373 
100 100 
86 86 386 386 
76 207 

236 
12 12 355 
271 271 
268 
159 159 
405 
199 478 

328 328 
35 

310 

215 215 215 
214 214 214 314 467 467 
102 
143 
271 442 442 
39 232 274 402 
167 182 413 413 

30 30 30 119 122 174 180 180 268 314 314 341 341 341 376 
329 
313 313 350 
377 419 419 441 458 458 
292 292 292 
477 
76 245 361 
76 76 76 295 509 509 
303 303 415 
39 39 159 
219 454 
157 169 238 271 271 505 505 505 
503 503 

40 40 55 56 60 69 69 79 79 93 93 104 104 117 117 129 147 147 191 191 191 195 201 237 237 267 278 460 487 
236 236 
233 505 505 
342 405 405 405 
131 476 
39 39 

311 311 413 413 494 
325 358 
228 
70 184 184 
176 288 288 401 
150 293 
40 
149 374 417 417 417 442 
286 413 

330 
277 283 283 415 
5 443 
354 354 
159 392 392 392 
70 184 184 




315 
11 334 
496 
271 
191 236 
204 222 
415 415 
286 
3 7 7 203 203 218 233 233 266 282 297 297 327 339 374 391 391 391 401 401 408 412 427 427 453 
160 160 
5 472 475 
219 402 

157 
254 415 415 
236 
431 431 
467 
192 298 
144 144 271 
254 254 303 415 
184 184 
191 
193 193 193 251 270 413 
68 68 68 179 179 
247 247 
81 
23 97 196 196 480 
184 184 426 
184 226 226 226 364 364 
248 
58 397 397 
229 
68 68 169 169 425 
271 271 
281 347 347 
54 76 413 
164 164 177 177 
46 
39 39 
230 230 283 
148 148 191 191 
159 482 482 
150 150 370 370 370 
184 354 396 465 
467 

212 
243 243 
84 160 348 348 
224 224 
76 96 96 215 222 222 317 319 398 398 413 418 429 429 429 449 455 467 481 481 
31 94 263 336 486 

96 165 165 314 398 413 413 
413 413 
314 
140 
42 
76 162 
359 359 
184 184 
153 244 358 358 503 
358 
271 
76 76 209 209 
165 223 
39 62 71 159 253 369 369 428 428 
22 
407 407 413 
413 
264 385 385 413 413 
413 413 
315 486 

184 
46 145 271 381 381 381 408 408 452 452 464 470 470 
182 
222 222 222 
239 

173 173 
52 184 
27 27 47 47 47 459 
67 298 298 421 
84 312 312 
481 
8 196 196 224 

402 402 
456 456 
5 5 41 184 184 256 256 307 411 450 462 
12 12 202 

367 431 496 
38 72 72 89 90 90 141 193 244 325 325 326 466 503 503 
61 61 81 323 323 
76 
228 
413 413 413 
182 499 499 499 499 
118 292 292 410 
415 
184 184 
114 357 
401 
62 330 330 
306 306 306 

190 190 
196 
154 154 250 271 417 442 

174 174 222 
225 
140 
103 146 
134 
46 133 339 339 339 

415 415 463 463 463 
152 152 
334 334 413 413 
86 86 198 198 
124 
487 
130 130 130 142 142 497 

271 271 271 
257 257 257 

81 495 495 
0 0 46 
307 
294 294 
314 314 317 

5 5 50 50 
110 247 271 271 368 
39 39 39 159 219 274 352 352 
427 
6 6 189 
39 39 206 239 239 239 
37 
175 332 332 413 
26 150 271 339 339 412 412 470 470 
184 184 
364 
354 
271 408 408 
35 45 74 74 76 92 119 155 155 161 168 174 174 175 182 182 193 220 220 243 243 251 286 299 314 317 317 318 318 332 333 334 334 335 335 362 362 362 385 385 407 439 448 455 494 
22 108 
37 129 230 254 269 269 277 277 283 365 383 383 

250 250 250 374 
80 80 95 314 
225 225 
441 
347 

76 

296 
184 184 291 
271 271 403 
20 330 330 
314 314 314 
62 
279 279 357 496 



449 



413 
76 76 
5 5 98 225 420 
218 218 250 374 468 
255 
15 15 59 182 
41 
191 

128 413 
314 435 467 
41 354 

25 339 339 464 
271 
4 131 131 232 
17 17 314 413 
184 184 353 353 491 
41 41 
225 225 
346 
236 
497 497 
354 
75 75 383 383 383 
339 452 
184 307 
89 141 358 
215 215 280 308 314 449 
123 442 

339 339 408 408 

273 

56 
273 
10 100 240 496 
39 159 159 188 227 
76 76 207 
193 193 
290 
314 314 349 
305 305 
30 

39 39 
120 120 315 336 489 
56 56 236 388 
184 184 
31 31 120 486 
184 
185 456 

3 3 102 
243 413 
81 394 394 
100 265 357 431 476 
22 389 461 461 

182 182 363 363 363 363 

54 54 
134 134 134 
234 234 325 358 358 
5 5 5 88 
233 233 233 238 238 

104 

229 229 
159 159 188 
159 159 
