Nodes: 512, Edges: 720
46 46 64 
225 441 
91 111 
493 
454 
34 88 184 198 225 255 273 279 354 354 400 441 475 504 508 508 
404 404 
233 
196 224 313 350 
271 

264 
202 355 
76 
117 117 
182 
184 
390 455 455 
277 
104 

31 31 
108 108 108 115 331 331 414 461 

76 
452 
408 
76 346 346 
63 63 111 178 183 

180 222 
21 21 172 172 184 315 354 354 354 486 489 489 

67 192 
5 
222 309 413 413 
106 
324 324 406 
89 89 358 358 
62 219 241 241 267 302 330 402 405 477 477 
192 192 236 236 249 
44 85 99 137 137 151 156 156 160 184 354 354 354 399 457 457 
321 321 
193 
41 
439 
0 0 64 64 301 339 381 
346 346 346 



490 490 
184 
225 393 
299 501 
195 195 
236 236 446 446 474 487 
415 
294 397 
444 
104 104 
359 
39 241 241 369 369 430 
28 28 
0 46 46 381 381 
193 416 416 

33 192 192 347 
169 287 296 
236 
184 246 258 
330 
325 358 466 
94 315 315 
413 
383 383 463 
13 24 27 78 78 107 184 196 207 229 229 245 292 292 299 314 314 322 322 346 346 353 353 360 360 361 413 413 413 423 423 501 509 

76 76 
236 
314 314 418 
82 113 184 184 261 289 329 329 389 495 
81 121 142 142 143 329 
236 236 237 
85 312 348 
41 84 160 160 312 
198 198 198 
306 
5 
38 38 128 128 358 466 

2 189 
404 413 
236 236 
73 315 315 


171 
420 420 
41 
197 197 197 496 496 
140 140 140 
117 136 136 216 493 
146 425 
19 60 60 236 236 237 507 
106 184 
36 105 190 
76 
22 22 22 115 115 336 414 

176 176 176 247 401 
2 28 

81 
181 181 360 367 
22 108 108 

14 14 102 125 136 136 184 

122 413 413 

82 143 
119 222 
468 
454 
117 136 
185 185 185 491 491 
480 
89 89 413 
236 
389 389 
454 454 454 


380 502 502 502 502 

102 102 117 117 125 
41 41 
236 236 
381 381 381 
101 101 101 320 320 378 
358 466 466 466 466 
82 82 
82 121 217 
282 282 

103 379 
236 236 
191 

306 306 
41 
292 364 364 384 384 
325 325 
374 374 
413 
41 41 
276 276 
194 194 271 408 
188 205 205 227 305 330 330 392 469 469 510 511 511 
41 85 85 272 498 498 
413 413 
322 



477 477 
220 413 
413 
68 233 
471 
97 290 290 
31 31 
344 
222 
407 413 
110 110 110 247 247 
283 283 300 
28 
287 
30 
114 114 
15 220 340 363 413 444 499 
28 
5 16 31 41 52 70 76 81 81 105 117 213 221 221 236 236 284 289 289 291 292 315 345 345 354 354 355 396 409 409 415 415 426 426 451 456 465 465 488 490 
126 126 126 491 
245 
413 413 
159 477 
91 
106 372 
148 236 285 
33 40 40 67 67 236 236 
43 65 358 358 362 362 413 479 
158 158 
55 55 236 
8 76 200 200 290 290 290 350 350 350 373 373 373 413 422 
100 100 100 
5 86 86 86 386 386 
207 207 
196 196 
236 236 
12 355 
271 
267 268 
159 159 
405 405 
76 199 199 337 478 

328 


233 233 
184 
314 
314 314 
102 
143 
442 442 
39 232 274 274 454 454 
167 182 413 
184 184 
30 35 122 174 268 341 376 413 483 
329 
8 313 350 350 
1 5 53 259 377 377 393 419 441 
292 
159 305 305 343 392 

76 76 295 509 
303 

219 454 
7 169 212 212 238 271 296 310 310 375 505 505 505 
503 503 
487 
40 40 56 56 69 79 83 83 93 93 104 104 129 138 138 147 147 184 184 191 192 192 195 201 201 237 237 237 267 267 275 278 344 344 415 432 432 438 460 487 
83 104 236 236 236 
233 505 

476 496 
39 39 62 62 
478 
311 311 424 494 
358 
76 186 
70 
110 176 176 
408 
40 
374 442 442 
413 413 


277 
5 443 443 

392 392 
70 409 
225 

81 
364 364 364 410 
315 315 315 
11 
496 
271 
39 204 236 236 268 356 
204 222 267 


9 158 203 233 266 282 282 287 339 339 374 375 391 401 408 408 412 
160 
5 354 472 
219 219 352 402 
236 
157 157 
18 254 
236 
5 431 431 
308 
298 347 421 
144 144 271 271 427 
177 177 303 
184 
191 
413 
68 179 271 

81 184 184 
171 171 196 196 196 
184 
76 76 152 184 226 410 

58 397 
229 
68 233 

281 347 
54 76 413 
177 
46 
39 485 
230 283 

159 227 227 482 
87 150 150 370 370 408 408 408 
354 396 396 465 465 
280 467 467 
35 
233 233 
243 243 
84 85 348 348 
8 224 
76 76 80 80 214 215 215 317 319 354 384 384 413 434 434 467 481 
31 73 73 94 94 184 263 263 263 336 336 336 486 486 486 
444 
314 413 413 
413 413 
314 354 
140 140 
42 42 
76 76 162 
359 359 359 
37 37 
72 153 153 503 


209 
81 81 82 223 
39 71 159 159 369 369 428 428 
22 22 
413 
413 
385 385 
413 413 
108 315 315 315 
207 

46 271 271 381 381 381 452 470 
182 
222 

227 
173 236 236 447 447 
184 184 
27 27 47 47 47 76 76 459 
67 281 298 421 
84 312 312 
481 
8 196 196 196 224 224 
432 432 
274 
76 76 
5 5 31 31 31 41 41 41 184 184 273 307 314 319 450 450 490 502 502 508 508 
12 184 202 
267 

38 38 72 89 141 193 193 244 413 466 466 503 503 
61 323 323 323 
76 76 114 
76 
193 193 
182 499 499 499 
152 152 262 262 262 410 
415 

114 496 

62 62 330 330 
306 306 

190 
196 196 196 
154 154 250 271 
233 271 
222 
225 225 458 
140 
146 
134 
46 64 64 139 139 139 339 339 339 395 
413 
75 75 415 
152 152 314 314 
334 334 413 
198 198 


81 130 130 497 497 
17 
271 
159 227 257 257 
53 225 
495 
381 
184 307 307 
58 294 

41 492 
5 
110 271 
39 274 405 
427 
6 6 92 
39 206 206 402 
37 
175 413 
26 158 248 271 271 306 306 306 437 
184 184 258 
262 292 364 

271 
35 35 74 76 76 76 92 119 119 128 155 161 161 167 168 175 182 187 187 193 196 220 222 251 251 286 299 314 317 317 318 318 332 333 335 335 358 382 385 407 439 439 455 494 
22 108 
57 184 184 236 365 383 
65 65 

80 
225 
98 98 441 441 
281 347 
196 
76 76 
243 
103 
184 184 
282 403 
330 330 

62 
279 279 496 
236 236 351 351 460 

314 314 
449 

408 
236 
45 413 413 

1 5 225 420 420 
218 218 250 250 
255 255 
59 182 316 

56 56 
344 344 

435 
354 354 462 
184 
25 339 

4 124 131 131 131 219 219 232 
17 17 413 
184 
41 41 
377 
346 
236 432 
22 
450 
75 

184 184 307 307 
72 89 141 141 141 141 358 358 
308 308 314 
123 
159 159 
339 
170 
273 

56 487 487 
5 
240 496 
39 39 166 166 188 
207 242 
193 
127 
314 349 
305 
222 

302 
31 315 315 315 
56 235 236 474 474 
184 
31 31 
51 51 184 354 
126 126 185 
399 
3 102 
243 413 
81 394 
100 100 240 265 367 431 476 
389 389 
160 160 
182 363 363 363 

54 76 
134 134 134 134 354 354 
234 234 325 358 358 
5 
233 233 233 238 

104 
5 5 354 354 
76 229 
159 
159 159 
