Nodes: 512, Edges: 720
46 46 395 395 395 
225 225 
111 183 
493 493 
454 454 
34 34 48 50 50 50 88 88 184 184 198 225 255 354 400 400 441 475 475 504 
404 404 

196 224 313 313 
271 271 271 
476 476 

184 202 202 355 355 

184 184 184 
182 
184 
390 455 
277 277 277 

428 
31 31 31 
108 108 331 414 461 497 
171 171 290 



346 346 
63 178 178 
474 
180 180 180 483 
21 21 21 184 486 
184 
67 192 
5 5 
210 210 210 309 413 413 413 

406 415 
358 
62 62 163 163 166 166 231 241 241 267 267 302 330 405 477 477 485 
192 236 
85 85 99 137 137 151 151 151 160 184 184 324 354 354 399 399 445 445 450 457 
321 323 


413 
0 0 64 64 301 301 339 381 395 
346 346 346 346 
5 

5 5 5 
490 
184 

76 501 
236 
191 191 236 446 474 487 
415 
294 294 397 

104 
81 359 
39 39 241 241 369 430 
28 383 383 
46 46 381 
193 193 413 416 
141 
33 281 
169 371 
236 236 
184 184 258 

325 358 466 
94 

383 
54 78 78 107 109 186 196 207 208 208 229 245 245 299 328 328 346 353 354 413 413 423 440 456 456 501 509 
119 196 
76 76 

314 314 418 418 
61 184 184 289 359 389 394 495 
142 142 142 143 329 389 
236 
85 312 348 
41 41 84 160 312 
198 386 508 508 

5 5 504 
466 466 466 


182 413 
236 
73 
418 418 
314 
171 171 290 290 

41 
197 476 
140 195 471 
117 136 216 216 216 
146 379 
60 236 237 237 507 
184 184 
190 372 
76 
22 22 115 336 
76 199 
176 247 247 401 401 
2 182 
184 184 

181 181 360 
108 
184 
102 135 135 184 

77 122 122 413 
486 486 
143 
119 119 222 
468 
387 454 

491 491 

448 
236 236 
389 389 
454 454 

381 381 
380 
117 117 
102 
41 41 
164 

101 378 378 378 
66 413 466 466 466 
82 82 82 
82 121 
282 
339 
103 379 
236 

250 
248 306 306 306 
41 41 41 
292 384 384 
325 325 325 
374 
413 413 

233 233 276 276 
271 
188 205 227 305 305 330 330 392 402 469 469 477 477 510 510 
41 85 272 272 272 312 498 
413 
322 322 
39 39 
138 300 
317 317 317 
39 39 477 


68 296 
471 
23 23 97 97 290 

344 
222 335 413 
407 413 413 
110 247 
300 300 415 
28 28 183 
287 
30 30 30 222 
114 114 
15 92 111 220 340 363 404 413 444 499 
2 178 
5 5 12 14 14 14 16 31 32 41 41 52 70 70 81 81 105 105 112 112 116 117 213 221 246 258 289 289 292 292 307 307 324 338 338 338 345 354 354 355 355 355 366 396 426 465 465 484 484 490 490 490 

76 245 440 
413 
159 

106 
56 56 236 267 285 446 
33 40 236 281 
65 65 286 286 362 413 

101 236 236 471 
8 76 77 290 290 290 350 373 413 422 
100 
5 86 386 
109 207 


12 12 355 355 
271 
267 
159 
405 405 
76 199 337 337 478 478 
76 76 
328 
35 35 35 

233 
184 
314 314 
314 467 
102 102 102 

271 442 
402 402 402 454 
182 413 
184 
122 174 180 268 341 376 

8 350 
1 1 5 259 259 377 393 393 419 441 458 458 458 
292 
159 305 343 343 392 

76 295 295 295 509 
415 
39 
454 454 
157 157 212 238 271 271 310 374 375 375 505 505 505 
503 

40 55 56 69 69 83 93 104 129 129 147 191 192 195 195 267 275 275 278 344 356 356 432 460 487 
104 104 
233 505 505 
342 342 342 
476 496 496 
39 39 62 62 
478 
311 413 413 494 494 
325 358 358 
76 76 186 
184 
110 110 176 288 401 
150 293 408 

149 374 417 
270 286 

330 
277 277 
5 443 
273 
392 
70 184 409 
225 225 


364 410 
315 315 

496 

39 39 191 204 236 471 471 
222 

251 
9 9 9 158 203 218 233 233 282 287 297 297 327 327 339 412 453 502 
160 160 160 
256 354 354 475 
402 
236 236 
157 157 
18 18 18 254 254 415 
236 
431 
449 467 
67 192 298 298 347 421 
144 271 427 
303 303 344 415 415 

191 
193 193 251 413 413 
179 271 
247 
81 184 184 
23 97 97 171 196 196 196 480 480 

152 184 184 226 364 
248 
58 58 397 397 408 408 
229 229 229 
169 425 
271 271 408 
281 281 347 
76 413 413 
164 177 177 
46 46 
39 485 
283 283 

159 159 227 392 392 
150 150 150 370 370 408 
184 184 396 465 465 465 
467 467 
35 
233 
243 
84 85 160 348 
8 8 
80 80 96 214 214 215 317 317 354 384 384 413 413 418 418 429 467 481 
263 263 

165 165 165 314 314 413 413 
413 


42 
162 162 
42 
41 184 
72 153 153 153 244 358 358 503 

271 271 
76 76 209 
82 
39 159 159 253 369 428 
22 
407 
413 
385 413 
174 
108 486 
207 207 
184 184 184 
46 145 271 381 408 427 452 452 464 470 470 
182 
222 
239 239 239 
227 227 
173 236 283 447 
184 
27 27 47 47 47 47 76 
281 298 
84 312 
481 
196 224 
432 432 
402 
76 456 
5 41 41 76 184 184 273 273 314 411 411 450 490 508 
12 12 184 184 184 202 202 
236 236 
367 431 
38 72 244 244 325 325 413 466 503 
61 81 
114 

193 413 
182 499 
262 292 
415 
184 
357 496 496 
401 
62 330 
306 306 
68 
106 
196 
154 233 250 408 417 442 442 
233 233 
222 
225 458 
140 140 140 
103 146 
134 
46 64 133 133 339 395 408 
413 413 
63 63 75 415 415 415 
152 152 314 314 449 
334 413 
86 198 
124 
487 
81 82 130 130 
17 

159 227 257 305 305 
225 225 
81 
0 0 0 46 381 
184 307 
58 294 294 

41 41 492 
5 5 
110 110 247 368 
159 219 219 219 274 352 
427 427 
6 6 182 
39 206 206 
37 
175 332 413 413 
248 294 294 297 306 339 374 381 412 412 437 470 470 
258 
262 
354 354 
271 408 408 
35 35 35 45 65 76 76 92 119 141 155 155 161 174 175 175 182 187 193 196 220 243 243 286 286 299 299 314 314 317 317 318 333 334 358 362 382 382 385 407 407 448 455 500 
22 
37 57 177 230 277 283 283 365 383 383 383 
65 
250 374 
80 80 95 95 314 314 
225 
441 
281 
196 
76 

296 
184 
282 339 403 403 
20 330 
314 
62 
279 357 
236 351 351 460 


449 
497 
408 


76 186 
5 225 420 
218 374 374 
255 
182 
41 41 
56 191 
344 
128 413 
280 384 435 467 467 
41 354 462 

339 339 464 
271 
4 4 124 131 131 219 232 232 
17 413 
76 76 353 491 491 491 
41 
225 225 225 377 

236 432 
22 
450 

339 452 
184 184 307 307 307 
72 89 89 89 141 141 141 358 
215 280 308 308 314 449 449 
123 
159 159 
339 339 408 408 
101 170 195 267 267 
475 

29 56 487 
5 5 273 472 
10 10 100 240 
39 39 159 159 166 
207 207 242 

290 290 
314 349 

30 
184 184 
39 302 
31 120 120 336 
56 236 388 474 


51 184 184 184 354 
126 126 456 456 456 
399 
3 3 
243 243 
81 
240 240 265 367 367 
22 436 
160 
182 363 
413 
54 76 
271 
234 325 358 
5 88 
233 233 233 238 238 

104 
86 86 354 
76 229 
159 159 

