Nodes: 512, Edges: 720
395 395 
225 225 225 441 441 
91 91 111 111 183 189 
271 
454 454 
34 34 48 48 50 88 184 184 225 225 255 255 255 273 273 354 354 400 441 475 504 
404 
233 
313 313 350 350 
271 271 
476 

184 202 202 355 
76 76 
184 
182 327 327 327 444 

390 390 455 




108 115 115 331 414 461 497 
290 

452 

76 346 
111 178 

222 222 
172 184 354 
184 
67 67 
5 5 
210 210 222 309 

324 324 406 415 415 
89 358 
62 159 163 163 166 231 231 231 241 267 302 302 405 477 
192 192 236 
137 151 156 156 160 184 354 450 
321 321 323 
193 

76 
64 301 301 339 381 395 
346 346 
5 5 

5 400 


225 
76 299 501 

191 191 304 304 446 474 
415 
397 
444 
104 
81 81 81 359 359 
39 330 330 430 

46 381 
416 
141 
33 33 192 281 
169 169 287 287 287 296 296 371 371 
236 236 252 344 
184 246 
330 330 330 
325 325 358 466 466 
94 

383 
13 13 27 45 54 107 162 184 186 196 196 208 228 228 229 229 242 245 292 299 314 322 328 346 360 361 413 423 440 478 509 509 
119 196 413 

236 236 
314 418 
61 61 61 82 82 113 184 261 329 329 329 359 359 359 389 389 394 495 
81 81 142 142 329 389 
236 237 
85 312 312 
84 160 312 312 
198 198 198 
408 408 
5 504 
38 128 128 466 466 
358 
2 2 
404 404 413 413 413 

73 315 
418 

171 
441 441 
256 
496 496 
195 
117 136 136 216 216 
146 146 379 379 425 
60 138 236 237 507 
190 
190 372 372 
76 
22 115 336 
207 

2 2 28 182 

81 
181 181 181 360 
22 22 108 

102 136 236 
364 364 
77 413 413 

143 143 143 
222 222 
468 
454 454 
136 170 
473 

89 89 448 
236 236 415 
389 
454 454 
168 

380 502 502 502 

102 102 117 125 
41 
104 236 
381 381 
320 378 378 
66 358 413 466 466 
82 82 
121 121 121 217 217 
282 

103 103 379 
236 
191 191 

248 248 248 306 408 
41 354 354 
364 384 384 
325 325 

413 
41 41 
276 
271 
39 188 188 188 205 205 231 231 330 330 428 433 469 477 510 511 
41 85 272 272 
413 
76 322 
39 39 
300 300 

39 
220 220 220 413 
132 413 
68 68 296 
125 471 471 
97 290 
31 
344 
222 335 376 413 
407 407 

269 300 415 
28 183 
287 

114 114 114 
15 111 220 340 340 404 413 444 444 499 499 
2 178 
5 5 12 14 31 32 41 70 76 81 199 213 213 221 258 258 284 289 289 291 292 307 315 345 345 354 354 354 355 366 366 396 396 409 409 451 451 465 484 488 488 490 490 490 
491 
76 440 

159 159 159 
2 
105 106 
56 56 148 148 236 236 285 285 304 304 
40 40 67 236 236 236 281 
43 358 362 413 479 479 500 500 

101 267 471 
76 76 77 200 290 290 350 373 413 422 
496 
86 86 86 
184 
196 
236 
12 12 355 355 355 
271 
267 
159 159 

109 337 337 478 
76 
328 
35 35 

233 233 310 
184 184 
215 
214 314 314 467 
102 102 
143 143 
271 442 442 
232 274 402 402 454 
167 167 167 182 413 413 
184 
30 30 35 122 122 174 314 314 341 341 376 376 413 
329 
350 
1 1 1 5 5 53 377 393 419 441 

305 477 
76 76 245 245 245 
76 76 295 509 509 
236 415 
39 39 39 159 159 
219 
7 212 212 238 310 374 375 505 
503 
487 
40 69 69 79 79 83 104 117 129 129 138 147 191 191 192 192 192 201 230 237 344 356 415 415 438 487 
83 104 236 
233 

476 496 
39 
76 
311 311 413 413 424 
325 
76 228 228 228 
70 

150 150 150 293 408 408 408 

374 374 374 442 
286 
69 
330 
277 415 
5 5 5 443 
99 354 354 354 
392 392 392 
184 184 409 


81 
364 410 410 
315 
334 334 
496 
271 
39 195 204 356 471 

177 415 

3 9 9 158 203 218 266 297 374 401 412 427 427 442 453 
160 160 
5 5 
219 402 

157 
254 415 

431 431 431 431 
449 449 
67 192 347 421 421 
144 
303 303 344 344 344 415 
184 
191 191 
251 413 
68 68 68 179 

184 184 
23 171 196 196 
184 
76 184 364 
248 
408 408 
229 
68 68 169 425 425 
271 408 
347 
54 76 413 413 
164 164 177 
46 46 
39 39 485 
283 283 
56 56 191 191 
227 392 482 
150 370 370 370 
184 354 354 465 
467 
35 
212 233 
243 243 
84 84 85 85 348 348 
8 8 
76 80 215 215 222 222 317 317 319 349 384 384 413 418 418 467 481 
94 184 263 336 
444 
314 314 398 413 
413 413 
314 
140 
42 42 
76 162 
42 
37 37 
72 72 153 153 244 358 358 503 503 

15 15 15 
76 209 
81 81 81 82 223 
62 62 71 71 71 159 159 253 369 
22 
407 407 413 

264 264 413 413 
174 413 
108 315 486 
207 207 
415 415 415 
46 381 408 452 464 470 
182 182 
222 222 


69 173 236 283 283 283 447 447 
184 184 
27 47 47 76 459 
281 298 506 
312 312 
314 481 481 481 
8 8 196 224 
432 
402 402 
456 456 
5 5 31 41 151 151 184 184 184 256 256 256 307 307 450 462 462 508 
12 184 202 202 202 
236 267 
367 431 
38 72 90 141 193 325 325 503 
61 61 81 81 81 
76 114 
76 
193 413 413 
499 499 499 
118 118 152 262 292 410 410 
415 
184 184 
357 496 
401 401 401 
330 
306 306 306 
68 68 
106 106 
196 
233 250 250 250 271 417 417 442 
233 
174 222 222 
225 458 
140 140 
103 103 146 
134 
46 64 139 139 339 395 
413 
75 463 463 463 
152 152 314 314 449 
413 413 


487 
81 81 82 130 
17 17 

257 257 257 305 
225 
81 
0 0 46 381 
184 184 
58 
317 
492 492 
5 50 
271 368 368 368 
219 219 274 352 352 405 

6 92 92 182 
39 402 
37 
175 175 332 332 413 413 
87 87 150 248 248 248 294 294 297 339 437 437 470 
184 184 258 
262 262 364 364 

271 
76 77 92 92 92 119 119 141 155 161 167 168 174 182 193 196 220 220 222 243 243 286 299 299 314 317 318 318 332 334 334 335 362 362 382 385 385 407 407 439 500 500 
22 
37 37 57 129 177 230 236 236 254 269 277 283 338 338 338 365 463 
65 
374 374 
80 95 314 314 
225 
441 
281 281 
196 
76 
243 
103 296 296 

271 271 
159 

62 
279 279 279 279 357 
351 460 
159 



408 408 
236 
413 
76 186 
1 1 5 98 98 225 420 
218 218 250 271 374 
255 
15 59 182 182 316 

56 
344 344 
128 
280 280 384 
41 354 
184 184 
25 339 
271 
4 4 124 124 131 131 219 
17 
353 353 491 

377 
346 
432 
22 497 497 
354 354 
383 383 383 415 
339 
184 307 
72 72 89 89 141 141 
215 308 314 
123 
159 
339 408 
170 170 195 267 

126 
56 
5 
10 240 
39 159 227 
76 207 
193 193 

314 349 349 349 
305 

184 
302 
336 489 
235 236 388 
184 184 
486 
184 184 184 
185 456 
399 399 


81 
100 100 197 240 265 367 
22 461 461 

182 182 363 363 363 
193 193 413 413 
54 
134 134 134 
234 325 325 358 
5 88 
233 
347 
104 
354 
76 76 229 229 
159 
159 
