Nodes: 512, Edges: 720
395 395 395 
225 225 441 441 
111 183 
271 

34 34 48 88 198 198 225 255 273 400 400 508 508 
404 404 
233 271 
196 313 350 


264 
184 355 
76 
184 184 184 
327 444 444 
184 
455 
277 
104 104 
428 
31 31 
108 108 461 461 497 
171 290 290 

452 452 
408 
76 76 346 
63 63 183 189 
474 
180 222 222 222 
21 21 172 184 315 486 486 489 
184 184 
67 192 
5 5 
210 222 222 
106 
324 324 324 406 415 
89 89 
159 163 163 166 302 302 402 405 405 477 
192 236 249 
44 137 156 324 324 399 445 450 457 
321 323 323 

41 
413 413 
301 301 339 339 395 
346 346 
5 
236 
400 

184 184 345 
225 

195 236 236 
191 304 446 474 
415 
294 
444 
236 236 
81 359 
241 241 369 430 
28 28 463 
381 
193 

33 192 281 
169 

184 246 258 258 
330 
325 358 466 
94 
413 
383 
13 27 27 107 109 109 162 196 199 199 207 208 242 245 245 292 299 299 322 322 322 328 346 360 360 360 413 423 440 440 509 
119 

236 
314 
61 82 113 113 113 184 289 359 359 389 394 394 495 
81 142 142 143 329 329 
236 237 
85 85 312 312 348 
84 84 160 
198 386 386 
306 408 
5 
38 38 128 358 

189 
182 182 404 413 
236 
73 315 315 315 
418 
314 317 
290 
441 

476 476 
140 140 140 195 195 471 471 
117 
146 379 425 
19 19 138 236 507 507 
190 
36 
76 
22 22 115 336 414 
76 76 
176 176 247 247 
2 182 
184 184 
81 81 81 
181 367 367 
108 

102 184 184 

77 122 222 413 
486 489 489 
143 
119 
468 468 


185 491 

89 
236 415 415 
389 
240 240 454 454 

381 
380 380 380 502 502 502 


41 
104 236 
381 
101 101 101 320 320 378 
466 466 
82 82 
82 121 217 
282 282 282 

103 379 
236 236 
191 191 
250 
306 306 
354 
364 364 


413 
41 
276 
194 271 
39 205 227 231 231 305 330 392 402 428 433 469 477 477 510 511 511 
85 272 312 498 498 

76 322 
39 39 
300 
317 
39 
220 220 413 
413 
68 233 
471 
23 290 290 290 
31 

335 413 
407 413 413 
110 110 247 
300 300 415 

287 287 
30 222 
114 
92 92 111 340 363 413 444 
2 28 
12 14 14 14 16 31 32 32 52 52 70 81 112 112 117 117 213 221 246 258 258 258 279 279 284 284 291 291 307 345 354 355 366 396 409 426 451 451 488 488 490 
126 491 
245 245 
413 413 
477 510 
28 91 
105 372 
56 148 148 267 285 304 446 
33 40 67 236 
65 358 362 413 479 479 
158 
55 101 101 236 471 
8 76 200 290 373 422 
496 496 
5 5 86 386 386 
76 76 
196 
236 236 415 
355 355 355 
271 271 
267 
159 
405 405 
76 337 478 478 
76 
328 
35 
460 
310 
184 
215 314 
214 314 314 467 467 

143 

232 274 
167 167 
184 
30 30 30 35 35 119 180 341 413 413 483 483 
329 329 
313 350 
1 1 5 53 259 377 377 393 393 419 458 458 
292 292 
159 305 305 343 392 477 
245 
295 295 295 509 509 
236 303 415 415 
159 159 
219 454 454 
7 169 238 271 296 296 374 374 505 
503 

40 49 55 55 60 60 79 83 93 104 129 138 147 147 192 195 201 201 230 275 275 278 283 351 351 356 415 432 438 460 487 487 
83 
233 505 505 
405 405 
131 131 476 476 496 496 
62 62 
76 
413 413 413 424 494 494 
325 
76 76 186 186 228 
70 184 
110 110 176 288 401 401 
408 408 
40 
149 442 
270 286 413 413 


277 277 283 283 
5 443 443 
273 
392 392 392 
70 70 184 184 184 409 409 
225 


410 489 
315 
11 334 
496 496 

191 204 471 471 

415 
251 286 286 
3 7 158 203 203 233 297 327 339 374 374 375 375 391 401 401 408 408 453 
160 
5 256 472 472 475 
219 352 
236 236 
157 
18 254 254 415 
236 
184 184 
308 308 449 
67 298 
144 144 144 427 
236 254 254 303 303 303 303 344 415 415 
184 184 
191 
251 270 270 
179 179 
247 
81 
23 23 97 171 171 171 196 480 
184 184 426 426 
76 226 226 
408 
58 397 408 408 
229 229 229 
233 233 
271 
281 347 
76 76 413 
164 177 177 
46 46 464 
39 39 
230 283 283 283 283 
56 191 
159 227 227 392 392 
87 150 150 370 408 
184 396 396 465 465 465 
280 280 

212 

84 84 160 
8 224 
80 96 214 215 215 317 354 354 384 398 413 418 429 434 449 467 467 481 481 
31 94 94 94 263 336 486 486 
444 
96 165 314 398 
413 413 
354 
140 140 
42 
76 76 76 162 
42 42 
37 37 37 41 41 
72 244 503 
358 358 
15 271 
76 209 
82 82 223 223 
71 159 369 369 

407 

264 385 413 
174 413 
108 315 486 
207 
415 
46 46 271 381 381 381 408 452 452 452 464 464 470 470 
182 
222 

227 
283 447 
52 184 
27 47 47 76 459 
298 506 
84 
481 
8 224 
236 236 432 
274 402 
456 456 
151 184 314 314 319 411 411 462 
12 184 202 202 202 
236 
367 431 
72 89 193 326 326 466 503 
61 81 81 
76 76 76 

193 413 
182 499 499 
152 152 410 410 
415 415 
184 
114 114 357 
401 401 
62 330 330 
306 

190 
196 
233 233 271 271 408 408 442 442 
271 271 

225 225 
140 
103 146 
134 134 134 
64 133 139 339 339 339 395 

75 415 415 432 463 
314 
334 413 413 
86 86 198 198 


81 130 497 

271 
159 227 257 257 257 305 305 
225 225 
81 81 495 
0 0 0 46 381 
184 307 307 
294 
314 317 
41 492 
5 5 50 
247 247 271 271 368 368 
39 159 352 
427 
6 6 92 
39 39 206 206 239 239 
37 
175 332 413 
26 87 248 248 271 271 293 294 294 306 339 374 374 412 437 437 470 470 
184 258 258 
262 364 364 
354 354 
408 
45 45 74 76 92 119 155 167 168 174 175 175 182 187 187 193 222 222 243 243 243 251 251 299 314 318 318 334 335 362 385 385 407 439 448 448 455 494 500 
108 
37 57 129 129 177 201 230 230 236 269 277 283 283 338 365 365 383 383 432 463 463 


95 314 
225 


196 
76 
243 
103 
184 291 291 
282 403 
20 159 
314 
62 
357 
236 351 383 415 
159 
314 
449 449 
497 
408 408 
236 
413 
76 76 
1 1 98 
250 374 374 
255 255 
15 15 59 182 316 
41 
56 191 
344 
413 413 
280 314 435 435 
41 
184 184 
25 25 339 339 339 464 464 
271 
131 131 232 232 
17 413 
353 353 491 491 
41 
225 225 
346 
211 236 
22 22 497 
354 
63 383 415 415 
301 339 339 452 452 
307 307 307 
72 141 141 358 
215 215 314 314 
123 123 
159 
339 339 408 408 
101 101 170 195 267 267 
273 273 475 475 

29 56 
273 472 472 
100 100 240 240 496 
39 159 159 188 227 
207 207 
193 193 
290 
314 314 349 

222 222 


31 31 120 315 315 336 489 489 
236 236 
184 184 
31 120 120 262 486 486 
184 
126 185 456 456 
399 

243 243 413 
81 394 
197 197 240 240 265 265 476 
22 389 436 461 
160 160 
363 363 
413 

134 134 134 
234 325 358 

233 238 238 
347 
104 104 
5 5 
76 229 229 
159 188 
159 159 
